pdb_id,chain_id,residue_id,residue_name,hydrophobicity,volume,charge,hbond_donor,hbond_acceptor,ss_type,rel_asa,phi,psi,hse_up,hse_down,hse_ratio,residue_depth,ca_depth,neighbor_count,atom_density,pos_charged_neighbors,neg_charged_neighbors,net_charge_environment,ss_H,ss_B,ss_E,ss_G,ss_I,ss_T,ss_S,ss_ ,ss_X
1ckp,A,1,MET,1.9,162.9,0.0,0,0,X,0.0,0.0,0.0,0.0,0.0,0.0,0.0,0.0,23,0.02797645484037223,30,12,18,0,0,0,0,0,0,0,0,1
1ckp,A,2,GLU,-3.5,138.4,-1.0,1,3,X,0.0,0.0,0.0,0.0,0.0,0.0,0.0,0.0,12,0.01958351838826056,9,0,9,0,0,0,0,0,0,0,0,1
1ckp,A,3,ASN,-3.5,114.1,0.0,2,2,X,0.0,0.0,0.0,0.0,0.0,0.0,0.0,0.0,17,0.03124037457174899,16,12,4,0,0,0,0,0,0,0,0,1
1ckp,A,4,PHE,2.8,189.9,0.0,0,0,X,0.0,0.0,0.0,0.0,0.0,0.0,0.0,0.0,28,0.04196468226055834,31,21,10,0,0,0,0,0,0,0,0,1
1ckp,A,5,GLN,-3.5,143.8,0.0,2,2,X,0.0,0.0,0.0,0.0,0.0,0.0,0.0,0.0,19,0.03403802005578621,35,12,23,0,0,0,0,0,0,0,0,1
1ckp,A,6,LYS,-3.9,168.6,1.0,2,0,X,0.0,0.0,0.0,0.0,0.0,0.0,0.0,0.0,23,0.035436842797804825,30,11,19,0,0,0,0,0,0,0,0,1
1ckp,A,7,VAL,4.2,140.0,0.0,0,0,X,0.0,0.0,0.0,0.0,0.0,0.0,0.0,0.0,19,0.030774100324409453,35,11,24,0,0,0,0,0,0,0,0,1
1ckp,A,8,GLU,-3.5,138.4,-1.0,1,3,X,0.0,0.0,0.0,0.0,0.0,0.0,0.0,0.0,17,0.02984155182973038,26,0,26,0,0,0,0,0,0,0,0,1
1ckp,A,9,LYS,-3.9,168.6,1.0,2,0,X,0.0,0.0,0.0,0.0,0.0,0.0,0.0,0.0,14,0.035436842797804825,15,18,-3,0,0,0,0,0,0,0,0,1
1ckp,A,10,ILE,4.5,166.7,0.0,0,0,X,0.0,0.0,0.0,0.0,0.0,0.0,0.0,0.0,24,0.030307826077069916,28,22,6,0,0,0,0,0,0,0,0,1
1ckp,A,11,GLY,-0.4,60.1,0.0,0,0,X,0.0,0.0,0.0,0.0,0.0,0.0,0.0,0.0,18,0.027510180593032695,23,17,6,0,0,0,0,0,0,0,0,1
1ckp,A,12,GLU,-3.5,138.4,-1.0,1,3,X,0.0,0.0,0.0,0.0,0.0,0.0,0.0,0.0,13,0.025645083603674543,19,0,19,0,0,0,0,0,0,0,0,1
1ckp,A,13,GLY,-0.4,60.1,0.0,0,0,X,0.0,0.0,0.0,0.0,0.0,0.0,0.0,0.0,21,0.02984155182973038,21,15,6,0,0,0,0,0,0,0,0,1
1ckp,A,14,THR,-0.7,116.1,0.0,1,1,X,0.0,0.0,0.0,0.0,0.0,0.0,0.0,0.0,23,0.023779986614316396,16,23,-7,0,0,0,0,0,0,0,0,1
1ckp,A,15,TYR,-1.3,193.6,0.0,1,1,X,0.0,0.0,0.0,0.0,0.0,0.0,0.0,0.0,27,0.032172923066428064,18,17,1,0,0,0,0,0,0,0,0,1
1ckp,A,16,GLY,-0.4,60.1,0.0,0,0,X,0.0,0.0,0.0,0.0,0.0,0.0,0.0,0.0,21,0.03310547156110714,22,12,10,0,0,0,0,0,0,0,0,1
1ckp,A,17,VAL,4.2,140.0,0.0,0,0,X,0.0,0.0,0.0,0.0,0.0,0.0,0.0,0.0,21,0.040099585271200194,34,11,23,0,0,0,0,0,0,0,0,1
1ckp,A,18,VAL,4.2,140.0,0.0,0,0,X,0.0,0.0,0.0,0.0,0.0,0.0,0.0,0.0,28,0.04476232774459557,37,20,17,0,0,0,0,0,0,0,0,1
1ckp,A,19,TYR,-1.3,193.6,0.0,1,1,X,0.0,0.0,0.0,0.0,0.0,0.0,0.0,0.0,26,0.048492521723311866,41,17,24,0,0,0,0,0,0,0,0,1
1ckp,A,20,LYS,-3.9,168.6,1.0,2,0,X,0.0,0.0,0.0,0.0,0.0,0.0,0.0,0.0,24,0.04662742473395372,35,13,22,0,0,0,0,0,0,0,0,1
1ckp,A,21,ALA,1.8,88.6,0.0,0,0,X,0.0,0.0,0.0,0.0,0.0,0.0,0.0,0.0,29,0.05129016720734909,41,21,20,0,0,0,0,0,0,0,0,1
1ckp,A,22,ARG,-4.5,173.4,1.0,5,0,X,0.0,0.0,0.0,0.0,0.0,0.0,0.0,0.0,19,0.048026247475972325,23,10,13,0,0,0,0,0,0,0,0,1
1ckp,A,23,ASN,-3.5,114.1,0.0,2,2,X,0.0,0.0,0.0,0.0,0.0,0.0,0.0,0.0,23,0.045694876239274644,22,15,7,0,0,0,0,0,0,0,0,1
1ckp,A,24,LYS,-3.9,168.6,1.0,2,0,X,0.0,0.0,0.0,0.0,0.0,0.0,0.0,0.0,15,0.03590311704514436,17,14,3,0,0,0,0,0,0,0,0,1
1ckp,A,25,LEU,3.8,166.7,0.0,0,0,X,0.0,0.0,0.0,0.0,0.0,0.0,0.0,0.0,10,0.024246260861655933,15,11,4,0,0,0,0,0,0,0,0,1
1ckp,A,26,THR,-0.7,116.1,0.0,1,1,X,0.0,0.0,0.0,0.0,0.0,0.0,0.0,0.0,13,0.022381163872297785,17,10,7,0,0,0,0,0,0,0,0,1
1ckp,A,27,GLY,-0.4,60.1,0.0,0,0,X,0.0,0.0,0.0,0.0,0.0,0.0,0.0,0.0,13,0.027510180593032695,18,9,9,0,0,0,0,0,0,0,0,1
1ckp,A,28,GLU,-3.5,138.4,-1.0,1,3,X,0.0,0.0,0.0,0.0,0.0,0.0,0.0,0.0,22,0.02984155182973038,18,7,11,0,0,0,0,0,0,0,0,1
1ckp,A,29,VAL,4.2,140.0,0.0,0,0,X,0.0,0.0,0.0,0.0,0.0,0.0,0.0,0.0,24,0.03823448828184205,28,16,12,0,0,0,0,0,0,0,0,1
1ckp,A,30,VAL,4.2,140.0,0.0,0,0,X,0.0,0.0,0.0,0.0,0.0,0.0,0.0,0.0,32,0.04616115048661418,31,24,7,0,0,0,0,0,0,0,0,1
1ckp,A,31,ALA,1.8,88.6,0.0,0,0,X,0.0,0.0,0.0,0.0,0.0,0.0,0.0,0.0,35,0.04755997322863279,31,24,7,0,0,0,0,0,0,0,0,1
1ckp,A,32,LEU,3.8,166.7,0.0,0,0,X,0.0,0.0,0.0,0.0,0.0,0.0,0.0,0.0,37,0.04755997322863279,40,14,26,0,0,0,0,0,0,0,0,1
1ckp,A,33,LYS,-3.9,168.6,1.0,2,0,X,0.0,0.0,0.0,0.0,0.0,0.0,0.0,0.0,30,0.048958795970651406,9,15,-6,0,0,0,0,0,0,0,0,1
1ckp,A,34,LYS,-3.9,168.6,1.0,2,0,X,0.0,0.0,0.0,0.0,0.0,0.0,0.0,0.0,23,0.043829779249916496,25,4,21,0,0,0,0,0,0,0,0,1
1ckp,A,35,ILE,4.5,166.7,0.0,0,0,X,0.0,0.0,0.0,0.0,0.0,0.0,0.0,0.0,28,0.03823448828184205,32,1,31,0,0,0,0,0,0,0,0,1
1ckp,A,44,VAL,4.2,140.0,0.0,0,0,X,0.0,0.0,0.0,0.0,0.0,0.0,0.0,0.0,19,0.026577632098353617,18,5,13,0,0,0,0,0,0,0,0,1
1ckp,A,45,PRO,-1.6,112.7,0.0,0,0,X,0.0,0.0,0.0,0.0,0.0,0.0,0.0,0.0,15,0.021914889624958248,17,4,13,0,0,0,0,0,0,0,0,1
1ckp,A,46,SER,-0.8,89.0,0.0,1,1,X,0.0,0.0,0.0,0.0,0.0,0.0,0.0,0.0,13,0.02471253510899547,17,6,11,0,0,0,0,0,0,0,0,1
1ckp,A,47,THR,-0.7,116.1,0.0,1,1,X,0.0,0.0,0.0,0.0,0.0,0.0,0.0,0.0,14,0.027510180593032695,18,9,9,0,0,0,0,0,0,0,0,1
1ckp,A,48,ALA,1.8,88.6,0.0,0,0,X,0.0,0.0,0.0,0.0,0.0,0.0,0.0,0.0,22,0.040099585271200194,25,9,16,0,0,0,0,0,0,0,0,1
1ckp,A,49,ILE,4.5,166.7,0.0,0,0,X,0.0,0.0,0.0,0.0,0.0,0.0,0.0,0.0,23,0.04103213376587927,26,9,17,0,0,0,0,0,0,0,0,1
1ckp,A,50,ARG,-4.5,173.4,1.0,5,0,X,0.0,0.0,0.0,0.0,0.0,0.0,0.0,0.0,13,0.03310547156110714,1,9,-8,0,0,0,0,0,0,0,0,1
1ckp,A,51,GLU,-3.5,138.4,-1.0,1,3,X,0.0,0.0,0.0,0.0,0.0,0.0,0.0,0.0,25,0.03776821403450251,28,0,28,0,0,0,0,0,0,0,0,1
1ckp,A,52,ILE,4.5,166.7,0.0,0,0,X,0.0,0.0,0.0,0.0,0.0,0.0,0.0,0.0,32,0.045228601991935104,25,16,9,0,0,0,0,0,0,0,0,1
1ckp,A,53,SER,-0.8,89.0,0.0,1,1,X,0.0,0.0,0.0,0.0,0.0,0.0,0.0,0.0,20,0.03450429430312575,17,22,-5,0,0,0,0,0,0,0,0,1
1ckp,A,54,LEU,3.8,166.7,0.0,0,0,X,0.0,0.0,0.0,0.0,0.0,0.0,0.0,0.0,21,0.03310547156110714,28,18,10,0,0,0,0,0,0,0,0,1
1ckp,A,55,LEU,3.8,166.7,0.0,0,0,X,0.0,0.0,0.0,0.0,0.0,0.0,0.0,0.0,33,0.04149840801321881,24,24,0,0,0,0,0,0,0,0,0,1
1ckp,A,56,LYS,-3.9,168.6,1.0,2,0,X,0.0,0.0,0.0,0.0,0.0,0.0,0.0,0.0,20,0.0363693912924839,12,21,-9,0,0,0,0,0,0,0,0,1
1ckp,A,57,GLU,-3.5,138.4,-1.0,1,3,X,0.0,0.0,0.0,0.0,0.0,0.0,0.0,0.0,16,0.025645083603674543,20,2,18,0,0,0,0,0,0,0,0,1
1ckp,A,58,LEU,3.8,166.7,0.0,0,0,X,0.0,0.0,0.0,0.0,0.0,0.0,0.0,0.0,30,0.034970568550465285,39,13,26,0,0,0,0,0,0,0,0,1
1ckp,A,59,ASN,-3.5,114.1,0.0,2,2,X,0.0,0.0,0.0,0.0,0.0,0.0,0.0,0.0,20,0.03357174580844668,33,11,22,0,0,0,0,0,0,0,0,1
1ckp,A,60,HIS,-3.2,153.2,0.1,2,1,X,0.0,0.0,0.0,0.0,0.0,0.0,0.0,0.0,25,0.03450429430312575,18,3,15,0,0,0,0,0,0,0,0,1
1ckp,A,61,PRO,-1.6,112.7,0.0,0,0,X,0.0,0.0,0.0,0.0,0.0,0.0,0.0,0.0,21,0.027043906345693154,26,4,22,0,0,0,0,0,0,0,0,1
1ckp,A,62,ASN,-3.5,114.1,0.0,2,2,X,0.0,0.0,0.0,0.0,0.0,0.0,0.0,0.0,35,0.045694876239274644,23,3,20,0,0,0,0,0,0,0,0,1
1ckp,A,63,ILE,4.5,166.7,0.0,0,0,X,0.0,0.0,0.0,0.0,0.0,0.0,0.0,0.0,35,0.048958795970651406,34,12,22,0,0,0,0,0,0,0,0,1
1ckp,A,64,VAL,4.2,140.0,0.0,0,0,X,0.0,0.0,0.0,0.0,0.0,0.0,0.0,0.0,30,0.04662742473395372,27,17,10,0,0,0,0,0,0,0,0,1
1ckp,A,65,LYS,-3.9,168.6,1.0,2,0,X,0.0,0.0,0.0,0.0,0.0,0.0,0.0,0.0,24,0.04103213376587927,17,23,-6,0,0,0,0,0,0,0,0,1
1ckp,A,66,LEU,3.8,166.7,0.0,0,0,X,0.0,0.0,0.0,0.0,0.0,0.0,0.0,0.0,31,0.045694876239274644,22,30,-8,0,0,0,0,0,0,0,0,1
1ckp,A,67,LEU,3.8,166.7,0.0,0,0,X,0.0,0.0,0.0,0.0,0.0,0.0,0.0,0.0,25,0.0363693912924839,18,26,-8,0,0,0,0,0,0,0,0,1
1ckp,A,68,ASP,-3.5,111.1,-1.0,1,3,X,0.0,0.0,0.0,0.0,0.0,0.0,0.0,0.0,22,0.03170664881908853,18,6,12,0,0,0,0,0,0,0,0,1
1ckp,A,69,VAL,4.2,140.0,0.0,0,0,X,0.0,0.0,0.0,0.0,0.0,0.0,0.0,0.0,28,0.03870076252918159,25,9,16,0,0,0,0,0,0,0,0,1
1ckp,A,70,ILE,4.5,166.7,0.0,0,0,X,0.0,0.0,0.0,0.0,0.0,0.0,0.0,0.0,26,0.03590311704514436,26,12,14,0,0,0,0,0,0,0,0,1
1ckp,A,71,HIS,-3.2,153.2,0.1,2,1,X,0.0,0.0,0.0,0.0,0.0,0.0,0.0,0.0,18,0.03450429430312575,7,9,-2,0,0,0,0,0,0,0,0,1
1ckp,A,72,THR,-0.7,116.1,0.0,1,1,X,0.0,0.0,0.0,0.0,0.0,0.0,0.0,0.0,13,0.02797645484037223,21,12,9,0,0,0,0,0,0,0,0,1
1ckp,A,73,GLU,-3.5,138.4,-1.0,1,3,X,0.0,0.0,0.0,0.0,0.0,0.0,0.0,0.0,10,0.02098234113027917,20,0,20,0,0,0,0,0,0,0,0,1
1ckp,A,74,ASN,-3.5,114.1,0.0,2,2,X,0.0,0.0,0.0,0.0,0.0,0.0,0.0,0.0,12,0.02611135785101408,20,9,11,0,0,0,0,0,0,0,0,1
1ckp,A,75,LYS,-3.9,168.6,1.0,2,0,X,0.0,0.0,0.0,0.0,0.0,0.0,0.0,0.0,14,0.03916703677652112,22,9,13,0,0,0,0,0,0,0,0,1
1ckp,A,76,LEU,3.8,166.7,0.0,0,0,X,0.0,0.0,0.0,0.0,0.0,0.0,0.0,0.0,28,0.04616115048661418,35,6,29,0,0,0,0,0,0,0,0,1
1ckp,A,77,TYR,-1.3,193.6,0.0,1,1,X,0.0,0.0,0.0,0.0,0.0,0.0,0.0,0.0,27,0.04662742473395372,39,13,26,0,0,0,0,0,0,0,0,1
1ckp,A,78,LEU,3.8,166.7,0.0,0,0,X,0.0,0.0,0.0,0.0,0.0,0.0,0.0,0.0,37,0.04942507021799094,24,15,9,0,0,0,0,0,0,0,0,1
1ckp,A,79,VAL,4.2,140.0,0.0,0,0,X,0.0,0.0,0.0,0.0,0.0,0.0,0.0,0.0,30,0.05035761871267001,23,21,2,0,0,0,0,0,0,0,0,1
1ckp,A,80,PHE,2.8,189.9,0.0,0,0,X,0.0,0.0,0.0,0.0,0.0,0.0,0.0,0.0,33,0.045694876239274644,22,23,-1,0,0,0,0,0,0,0,0,1
1ckp,A,81,GLU,-3.5,138.4,-1.0,1,3,X,0.0,0.0,0.0,0.0,0.0,0.0,0.0,0.0,27,0.04149840801321881,24,7,17,0,0,0,0,0,0,0,0,1
1ckp,A,82,PHE,2.8,189.9,0.0,0,0,X,0.0,0.0,0.0,0.0,0.0,0.0,0.0,0.0,28,0.03870076252918159,23,19,4,0,0,0,0,0,0,0,0,1
1ckp,A,83,LEU,3.8,166.7,0.0,0,0,X,0.0,0.0,0.0,0.0,0.0,0.0,0.0,0.0,32,0.03590311704514436,28,18,10,0,0,0,0,0,0,0,0,1
1ckp,A,84,HIS,-3.2,153.2,0.1,2,1,X,0.0,0.0,0.0,0.0,0.0,0.0,0.0,0.0,20,0.03450429430312575,13,10,3,0,0,0,0,0,0,0,0,1
1ckp,A,85,GLN,-3.5,143.8,0.0,2,2,X,0.0,0.0,0.0,0.0,0.0,0.0,0.0,0.0,27,0.03916703677652112,33,9,24,0,0,0,0,0,0,0,0,1
1ckp,A,86,ASP,-3.5,111.1,-1.0,1,3,X,0.0,0.0,0.0,0.0,0.0,0.0,0.0,0.0,25,0.045694876239274644,30,6,24,0,0,0,0,0,0,0,0,1
1ckp,A,87,LEU,3.8,166.7,0.0,0,0,X,0.0,0.0,0.0,0.0,0.0,0.0,0.0,0.0,33,0.05129016720734909,26,23,3,0,0,0,0,0,0,0,0,1
1ckp,A,88,LYS,-3.9,168.6,1.0,2,0,X,0.0,0.0,0.0,0.0,0.0,0.0,0.0,0.0,21,0.040565859518539735,17,21,-4,0,0,0,0,0,0,0,0,1
1ckp,A,89,LYS,-3.9,168.6,1.0,2,0,X,0.0,0.0,0.0,0.0,0.0,0.0,0.0,0.0,20,0.034970568550465285,18,16,2,0,0,0,0,0,0,0,0,1
1ckp,A,90,PHE,2.8,189.9,0.0,0,0,X,0.0,0.0,0.0,0.0,0.0,0.0,0.0,0.0,32,0.043363505002576956,25,16,9,0,0,0,0,0,0,0,0,1
1ckp,A,91,MET,1.9,162.9,0.0,0,0,X,0.0,0.0,0.0,0.0,0.0,0.0,0.0,0.0,35,0.04476232774459557,29,25,4,0,0,0,0,0,0,0,0,1
1ckp,A,92,ASP,-3.5,111.1,-1.0,1,3,X,0.0,0.0,0.0,0.0,0.0,0.0,0.0,0.0,18,0.027510180593032695,25,9,16,0,0,0,0,0,0,0,0,1
1ckp,A,93,ALA,1.8,88.6,0.0,0,0,X,0.0,0.0,0.0,0.0,0.0,0.0,0.0,0.0,19,0.029375277582390842,32,11,21,0,0,0,0,0,0,0,0,1
1ckp,A,94,SER,-0.8,89.0,0.0,1,1,X,0.0,0.0,0.0,0.0,0.0,0.0,0.0,0.0,27,0.034970568550465285,25,10,15,0,0,0,0,0,0,0,0,1
1ckp,A,95,ALA,1.8,88.6,0.0,0,0,X,0.0,0.0,0.0,0.0,0.0,0.0,0.0,0.0,19,0.032639197313767604,19,10,9,0,0,0,0,0,0,0,0,1
1ckp,A,96,LEU,3.8,166.7,0.0,0,0,X,0.0,0.0,0.0,0.0,0.0,0.0,0.0,0.0,11,0.020516066882939634,10,5,5,0,0,0,0,0,0,0,0,1
1ckp,A,97,THR,-0.7,116.1,0.0,1,1,X,0.0,0.0,0.0,0.0,0.0,0.0,0.0,0.0,14,0.02098234113027917,8,3,5,0,0,0,0,0,0,0,0,1
1ckp,A,98,GLY,-0.4,60.1,0.0,0,0,X,0.0,0.0,0.0,0.0,0.0,0.0,0.0,0.0,19,0.032639197313767604,11,6,5,0,0,0,0,0,0,0,0,1
1ckp,A,99,ILE,4.5,166.7,0.0,0,0,X,0.0,0.0,0.0,0.0,0.0,0.0,0.0,0.0,31,0.04149840801321881,14,7,7,0,0,0,0,0,0,0,0,1
1ckp,A,100,PRO,-1.6,112.7,0.0,0,0,X,0.0,0.0,0.0,0.0,0.0,0.0,0.0,0.0,20,0.026577632098353617,10,0,10,0,0,0,0,0,0,0,0,1
1ckp,A,101,LEU,3.8,166.7,0.0,0,0,X,0.0,0.0,0.0,0.0,0.0,0.0,0.0,0.0,23,0.02984155182973038,9,13,-4,0,0,0,0,0,0,0,0,1
1ckp,A,102,PRO,-1.6,112.7,0.0,0,0,X,0.0,0.0,0.0,0.0,0.0,0.0,0.0,0.0,21,0.03916703677652112,15,9,6,0,0,0,0,0,0,0,0,1
1ckp,A,103,LEU,3.8,166.7,0.0,0,0,X,0.0,0.0,0.0,0.0,0.0,0.0,0.0,0.0,31,0.04709369898129325,19,2,17,0,0,0,0,0,0,0,0,1
1ckp,A,104,ILE,4.5,166.7,0.0,0,0,X,0.0,0.0,0.0,0.0,0.0,0.0,0.0,0.0,34,0.048958795970651406,9,5,4,0,0,0,0,0,0,0,0,1
1ckp,A,105,LYS,-3.9,168.6,1.0,2,0,X,0.0,0.0,0.0,0.0,0.0,0.0,0.0,0.0,31,0.05222271570202816,7,15,-8,0,0,0,0,0,0,0,0,1
1ckp,A,106,SER,-0.8,89.0,0.0,1,1,X,0.0,0.0,0.0,0.0,0.0,0.0,0.0,0.0,32,0.053155264196707235,18,5,13,0,0,0,0,0,0,0,0,1
1ckp,A,107,TYR,-1.3,193.6,0.0,1,1,X,0.0,0.0,0.0,0.0,0.0,0.0,0.0,0.0,39,0.048026247475972325,21,4,17,0,0,0,0,0,0,0,0,1
1ckp,A,108,LEU,3.8,166.7,0.0,0,0,X,0.0,0.0,0.0,0.0,0.0,0.0,0.0,0.0,43,0.048958795970651406,9,1,8,0,0,0,0,0,0,0,0,1
1ckp,A,109,PHE,2.8,189.9,0.0,0,0,X,0.0,0.0,0.0,0.0,0.0,0.0,0.0,0.0,32,0.048958795970651406,23,4,19,0,0,0,0,0,0,0,0,1
1ckp,A,110,GLN,-3.5,143.8,0.0,2,2,X,0.0,0.0,0.0,0.0,0.0,0.0,0.0,0.0,35,0.04942507021799094,30,1,29,0,0,0,0,0,0,0,0,1
1ckp,A,111,LEU,3.8,166.7,0.0,0,0,X,0.0,0.0,0.0,0.0,0.0,0.0,0.0,0.0,47,0.048958795970651406,19,4,15,0,0,0,0,0,0,0,0,1
1ckp,A,112,LEU,3.8,166.7,0.0,0,0,X,0.0,0.0,0.0,0.0,0.0,0.0,0.0,0.0,38,0.05129016720734909,21,4,17,0,0,0,0,0,0,0,0,1
1ckp,A,113,GLN,-3.5,143.8,0.0,2,2,X,0.0,0.0,0.0,0.0,0.0,0.0,0.0,0.0,28,0.043829779249916496,20,0,20,0,0,0,0,0,0,0,0,1
1ckp,A,114,GLY,-0.4,60.1,0.0,0,0,X,0.0,0.0,0.0,0.0,0.0,0.0,0.0,0.0,36,0.05175644145468863,36,3,33,0,0,0,0,0,0,0,0,1
1ckp,A,115,LEU,3.8,166.7,0.0,0,0,X,0.0,0.0,0.0,0.0,0.0,0.0,0.0,0.0,42,0.04942507021799094,32,8,24,0,0,0,0,0,0,0,0,1
1ckp,A,116,ALA,1.8,88.6,0.0,0,0,X,0.0,0.0,0.0,0.0,0.0,0.0,0.0,0.0,31,0.04243095650789788,37,3,34,0,0,0,0,0,0,0,0,1
1ckp,A,117,PHE,2.8,189.9,0.0,0,0,X,0.0,0.0,0.0,0.0,0.0,0.0,0.0,0.0,26,0.03870076252918159,34,3,31,0,0,0,0,0,0,0,0,1
1ckp,A,118,CYS,2.5,108.5,0.0,1,0,X,0.0,0.0,0.0,0.0,0.0,0.0,0.0,0.0,29,0.048026247475972325,47,6,41,0,0,0,0,0,0,0,0,1
1ckp,A,119,HIS,-3.2,153.2,0.1,2,1,X,0.0,0.0,0.0,0.0,0.0,0.0,0.0,0.0,30,0.04243095650789788,31,8,23,0,0,0,0,0,0,0,0,1
1ckp,A,120,SER,-0.8,89.0,0.0,1,1,X,0.0,0.0,0.0,0.0,0.0,0.0,0.0,0.0,19,0.030774100324409453,40,0,40,0,0,0,0,0,0,0,0,1
1ckp,A,121,HIS,-3.2,153.2,0.1,2,1,X,0.0,0.0,0.0,0.0,0.0,0.0,0.0,0.0,19,0.030774100324409453,21,5,16,0,0,0,0,0,0,0,0,1
1ckp,A,122,ARG,-4.5,173.4,1.0,5,0,X,0.0,0.0,0.0,0.0,0.0,0.0,0.0,0.0,13,0.029375277582390842,22,1,21,0,0,0,0,0,0,0,0,1
1ckp,A,123,VAL,4.2,140.0,0.0,0,0,X,0.0,0.0,0.0,0.0,0.0,0.0,0.0,0.0,28,0.04196468226055834,59,11,48,0,0,0,0,0,0,0,0,1
1ckp,A,124,LEU,3.8,166.7,0.0,0,0,X,0.0,0.0,0.0,0.0,0.0,0.0,0.0,0.0,31,0.05035761871267001,54,16,38,0,0,0,0,0,0,0,0,1
1ckp,A,125,HIS,-3.2,153.2,0.1,2,1,X,0.0,0.0,0.0,0.0,0.0,0.0,0.0,0.0,37,0.048958795970651406,31,24,7,0,0,0,0,0,0,0,0,1
1ckp,A,126,ARG,-4.5,173.4,1.0,5,0,X,0.0,0.0,0.0,0.0,0.0,0.0,0.0,0.0,29,0.04429605349725603,32,17,15,0,0,0,0,0,0,0,0,1
1ckp,A,127,ASP,-3.5,111.1,-1.0,1,3,X,0.0,0.0,0.0,0.0,0.0,0.0,0.0,0.0,33,0.03916703677652112,38,16,22,0,0,0,0,0,0,0,0,1
1ckp,A,128,LEU,3.8,166.7,0.0,0,0,X,0.0,0.0,0.0,0.0,0.0,0.0,0.0,0.0,38,0.04989134446533048,33,23,10,0,0,0,0,0,0,0,0,1
1ckp,A,129,LYS,-3.9,168.6,1.0,2,0,X,0.0,0.0,0.0,0.0,0.0,0.0,0.0,0.0,30,0.043829779249916496,22,25,-3,0,0,0,0,0,0,0,0,1
1ckp,A,130,PRO,-1.6,112.7,0.0,0,0,X,0.0,0.0,0.0,0.0,0.0,0.0,0.0,0.0,34,0.04429605349725603,26,25,1,0,0,0,0,0,0,0,0,1
1ckp,A,131,GLN,-3.5,143.8,0.0,2,2,X,0.0,0.0,0.0,0.0,0.0,0.0,0.0,0.0,28,0.03776821403450251,27,25,2,0,0,0,0,0,0,0,0,1
1ckp,A,132,ASN,-3.5,114.1,0.0,2,2,X,0.0,0.0,0.0,0.0,0.0,0.0,0.0,0.0,33,0.04709369898129325,32,24,8,0,0,0,0,0,0,0,0,1
1ckp,A,133,LEU,3.8,166.7,0.0,0,0,X,0.0,0.0,0.0,0.0,0.0,0.0,0.0,0.0,38,0.04989134446533048,28,16,12,0,0,0,0,0,0,0,0,1
1ckp,A,134,LEU,3.8,166.7,0.0,0,0,X,0.0,0.0,0.0,0.0,0.0,0.0,0.0,0.0,35,0.04755997322863279,24,23,1,0,0,0,0,0,0,0,0,1
1ckp,A,135,ILE,4.5,166.7,0.0,0,0,X,0.0,0.0,0.0,0.0,0.0,0.0,0.0,0.0,36,0.050823892960009553,32,14,18,0,0,0,0,0,0,0,0,1
1ckp,A,136,ASN,-3.5,114.1,0.0,2,2,X,0.0,0.0,0.0,0.0,0.0,0.0,0.0,0.0,28,0.04243095650789788,26,15,11,0,0,0,0,0,0,0,0,1
1ckp,A,137,THR,-0.7,116.1,0.0,1,1,X,0.0,0.0,0.0,0.0,0.0,0.0,0.0,0.0,20,0.03403802005578621,23,9,14,0,0,0,0,0,0,0,0,1
1ckp,A,138,GLU,-3.5,138.4,-1.0,1,3,X,0.0,0.0,0.0,0.0,0.0,0.0,0.0,0.0,15,0.027043906345693154,9,0,9,0,0,0,0,0,0,0,0,1
1ckp,A,139,GLY,-0.4,60.1,0.0,0,0,X,0.0,0.0,0.0,0.0,0.0,0.0,0.0,0.0,25,0.043363505002576956,18,9,9,0,0,0,0,0,0,0,0,1
1ckp,A,140,ALA,1.8,88.6,0.0,0,0,X,0.0,0.0,0.0,0.0,0.0,0.0,0.0,0.0,32,0.043363505002576956,18,12,6,0,0,0,0,0,0,0,0,1
1ckp,A,141,ILE,4.5,166.7,0.0,0,0,X,0.0,0.0,0.0,0.0,0.0,0.0,0.0,0.0,42,0.05035761871267001,17,10,7,0,0,0,0,0,0,0,0,1
1ckp,A,142,LYS,-3.9,168.6,1.0,2,0,X,0.0,0.0,0.0,0.0,0.0,0.0,0.0,0.0,31,0.05175644145468863,17,11,6,0,0,0,0,0,0,0,0,1
1ckp,A,143,LEU,3.8,166.7,0.0,0,0,X,0.0,0.0,0.0,0.0,0.0,0.0,0.0,0.0,43,0.05222271570202816,37,16,21,0,0,0,0,0,0,0,0,1
1ckp,A,144,ALA,1.8,88.6,0.0,0,0,X,0.0,0.0,0.0,0.0,0.0,0.0,0.0,0.0,37,0.04476232774459557,34,22,12,0,0,0,0,0,0,0,0,1
1ckp,A,145,ASP,-3.5,111.1,-1.0,1,3,X,0.0,0.0,0.0,0.0,0.0,0.0,0.0,0.0,35,0.04243095650789788,32,8,24,0,0,0,0,0,0,0,0,1
1ckp,A,146,PHE,2.8,189.9,0.0,0,0,X,0.0,0.0,0.0,0.0,0.0,0.0,0.0,0.0,39,0.043363505002576956,40,19,21,0,0,0,0,0,0,0,0,1
1ckp,A,147,GLY,-0.4,60.1,0.0,0,0,X,0.0,0.0,0.0,0.0,0.0,0.0,0.0,0.0,33,0.048958795970651406,37,25,12,0,0,0,0,0,0,0,0,1
1ckp,A,148,LEU,3.8,166.7,0.0,0,0,X,0.0,0.0,0.0,0.0,0.0,0.0,0.0,0.0,29,0.04476232774459557,31,24,7,0,0,0,0,0,0,0,0,1
1ckp,A,149,ALA,1.8,88.6,0.0,0,0,X,0.0,0.0,0.0,0.0,0.0,0.0,0.0,0.0,22,0.03916703677652112,32,25,7,0,0,0,0,0,0,0,0,1
1ckp,A,150,ARG,-4.5,173.4,1.0,5,0,X,0.0,0.0,0.0,0.0,0.0,0.0,0.0,0.0,23,0.03124037457174899,21,10,11,0,0,0,0,0,0,0,0,1
1ckp,A,151,ALA,1.8,88.6,0.0,0,0,X,0.0,0.0,0.0,0.0,0.0,0.0,0.0,0.0,26,0.03683566553982344,24,11,13,0,0,0,0,0,0,0,0,1
1ckp,A,152,PHE,2.8,189.9,0.0,0,0,X,0.0,0.0,0.0,0.0,0.0,0.0,0.0,0.0,24,0.025645083603674543,13,16,-3,0,0,0,0,0,0,0,0,1
1ckp,A,164,VAL,4.2,140.0,0.0,0,0,X,0.0,0.0,0.0,0.0,0.0,0.0,0.0,0.0,14,0.015387050162204726,10,9,1,0,0,0,0,0,0,0,0,1
1ckp,A,165,THR,-0.7,116.1,0.0,1,1,X,0.0,0.0,0.0,0.0,0.0,0.0,0.0,0.0,24,0.030774100324409453,24,14,10,0,0,0,0,0,0,0,0,1
1ckp,A,166,LEU,3.8,166.7,0.0,0,0,X,0.0,0.0,0.0,0.0,0.0,0.0,0.0,0.0,28,0.04289723075523742,21,28,-7,0,0,0,0,0,0,0,0,1
1ckp,A,167,TRP,-0.9,227.8,0.0,1,0,X,0.0,0.0,0.0,0.0,0.0,0.0,0.0,0.0,28,0.04755997322863279,27,18,9,0,0,0,0,0,0,0,0,1
1ckp,A,168,TYR,-1.3,193.6,0.0,1,1,X,0.0,0.0,0.0,0.0,0.0,0.0,0.0,0.0,38,0.05035761871267001,24,18,6,0,0,0,0,0,0,0,0,1
1ckp,A,169,ARG,-4.5,173.4,1.0,5,0,X,0.0,0.0,0.0,0.0,0.0,0.0,0.0,0.0,31,0.048026247475972325,8,27,-19,0,0,0,0,0,0,0,0,1
1ckp,A,170,ALA,1.8,88.6,0.0,0,0,X,0.0,0.0,0.0,0.0,0.0,0.0,0.0,0.0,41,0.04755997322863279,24,20,4,0,0,0,0,0,0,0,0,1
1ckp,A,171,PRO,-1.6,112.7,0.0,0,0,X,0.0,0.0,0.0,0.0,0.0,0.0,0.0,0.0,39,0.04942507021799094,20,16,4,0,0,0,0,0,0,0,0,1
1ckp,A,172,GLU,-3.5,138.4,-1.0,1,3,X,0.0,0.0,0.0,0.0,0.0,0.0,0.0,0.0,34,0.043829779249916496,21,9,12,0,0,0,0,0,0,0,0,1
1ckp,A,173,ILE,4.5,166.7,0.0,0,0,X,0.0,0.0,0.0,0.0,0.0,0.0,0.0,0.0,32,0.04103213376587927,27,22,5,0,0,0,0,0,0,0,0,1
1ckp,A,174,LEU,3.8,166.7,0.0,0,0,X,0.0,0.0,0.0,0.0,0.0,0.0,0.0,0.0,31,0.04243095650789788,12,30,-18,0,0,0,0,0,0,0,0,1
1ckp,A,175,LEU,3.8,166.7,0.0,0,0,X,0.0,0.0,0.0,0.0,0.0,0.0,0.0,0.0,29,0.043829779249916496,14,25,-11,0,0,0,0,0,0,0,0,1
1ckp,A,176,GLY,-0.4,60.1,0.0,0,0,X,0.0,0.0,0.0,0.0,0.0,0.0,0.0,0.0,20,0.03357174580844668,12,19,-7,0,0,0,0,0,0,0,0,1
1ckp,A,177,CYS,2.5,108.5,0.0,1,0,X,0.0,0.0,0.0,0.0,0.0,0.0,0.0,0.0,23,0.03683566553982344,12,16,-4,0,0,0,0,0,0,0,0,1
1ckp,A,178,LYS,-3.9,168.6,1.0,2,0,X,0.0,0.0,0.0,0.0,0.0,0.0,0.0,0.0,12,0.026577632098353617,1,7,-6,0,0,0,0,0,0,0,0,1
1ckp,A,179,TYR,-1.3,193.6,0.0,1,1,X,0.0,0.0,0.0,0.0,0.0,0.0,0.0,0.0,11,0.022847438119637322,13,1,12,0,0,0,0,0,0,0,0,1
1ckp,A,180,TYR,-1.3,193.6,0.0,1,1,X,0.0,0.0,0.0,0.0,0.0,0.0,0.0,0.0,24,0.035436842797804825,33,16,17,0,0,0,0,0,0,0,0,1
1ckp,A,181,SER,-0.8,89.0,0.0,1,1,X,0.0,0.0,0.0,0.0,0.0,0.0,0.0,0.0,24,0.03124037457174899,40,19,21,0,0,0,0,0,0,0,0,1
1ckp,A,182,THR,-0.7,116.1,0.0,1,1,X,0.0,0.0,0.0,0.0,0.0,0.0,0.0,0.0,32,0.03776821403450251,45,12,33,0,0,0,0,0,0,0,0,1
1ckp,A,183,ALA,1.8,88.6,0.0,0,0,X,0.0,0.0,0.0,0.0,0.0,0.0,0.0,0.0,38,0.045694876239274644,35,21,14,0,0,0,0,0,0,0,0,1
1ckp,A,184,VAL,4.2,140.0,0.0,0,0,X,0.0,0.0,0.0,0.0,0.0,0.0,0.0,0.0,37,0.05502036118606539,41,23,18,0,0,0,0,0,0,0,0,1
1ckp,A,185,ASP,-3.5,111.1,-1.0,1,3,X,0.0,0.0,0.0,0.0,0.0,0.0,0.0,0.0,41,0.050823892960009553,39,10,29,0,0,0,0,0,0,0,0,1
1ckp,A,186,ILE,4.5,166.7,0.0,0,0,X,0.0,0.0,0.0,0.0,0.0,0.0,0.0,0.0,42,0.05222271570202816,28,12,16,0,0,0,0,0,0,0,0,1
1ckp,A,187,TRP,-0.9,227.8,0.0,1,0,X,0.0,0.0,0.0,0.0,0.0,0.0,0.0,0.0,40,0.05408781269138631,24,19,5,0,0,0,0,0,0,0,0,1
1ckp,A,188,SER,-0.8,89.0,0.0,1,1,X,0.0,0.0,0.0,0.0,0.0,0.0,0.0,0.0,44,0.05175644145468863,36,21,15,0,0,0,0,0,0,0,0,1
1ckp,A,189,LEU,3.8,166.7,0.0,0,0,X,0.0,0.0,0.0,0.0,0.0,0.0,0.0,0.0,45,0.04942507021799094,10,13,-3,0,0,0,0,0,0,0,0,1
1ckp,A,190,GLY,-0.4,60.1,0.0,0,0,X,0.0,0.0,0.0,0.0,0.0,0.0,0.0,0.0,44,0.048492521723311866,7,13,-6,0,0,0,0,0,0,0,0,1
1ckp,A,191,CYS,2.5,108.5,0.0,1,0,X,0.0,0.0,0.0,0.0,0.0,0.0,0.0,0.0,41,0.05455408693872585,13,12,1,0,0,0,0,0,0,0,0,1
1ckp,A,192,ILE,4.5,166.7,0.0,0,0,X,0.0,0.0,0.0,0.0,0.0,0.0,0.0,0.0,41,0.048026247475972325,15,11,4,0,0,0,0,0,0,0,0,1
1ckp,A,193,PHE,2.8,189.9,0.0,0,0,X,0.0,0.0,0.0,0.0,0.0,0.0,0.0,0.0,43,0.04289723075523742,15,12,3,0,0,0,0,0,0,0,0,1
1ckp,A,194,ALA,1.8,88.6,0.0,0,0,X,0.0,0.0,0.0,0.0,0.0,0.0,0.0,0.0,34,0.048026247475972325,15,9,6,0,0,0,0,0,0,0,0,1
1ckp,A,195,GLU,-3.5,138.4,-1.0,1,3,X,0.0,0.0,0.0,0.0,0.0,0.0,0.0,0.0,32,0.043363505002576956,27,4,23,0,0,0,0,0,0,0,0,1
1ckp,A,196,MET,1.9,162.9,0.0,0,0,X,0.0,0.0,0.0,0.0,0.0,0.0,0.0,0.0,40,0.043363505002576956,21,10,11,0,0,0,0,0,0,0,0,1
1ckp,A,197,VAL,4.2,140.0,0.0,0,0,X,0.0,0.0,0.0,0.0,0.0,0.0,0.0,0.0,34,0.045228601991935104,22,12,10,0,0,0,0,0,0,0,0,1
1ckp,A,198,THR,-0.7,116.1,0.0,1,1,X,0.0,0.0,0.0,0.0,0.0,0.0,0.0,0.0,25,0.034970568550465285,24,9,15,0,0,0,0,0,0,0,0,1
1ckp,A,199,ARG,-4.5,173.4,1.0,5,0,X,0.0,0.0,0.0,0.0,0.0,0.0,0.0,0.0,22,0.035436842797804825,10,13,-3,0,0,0,0,0,0,0,0,1
1ckp,A,200,ARG,-4.5,173.4,1.0,5,0,X,0.0,0.0,0.0,0.0,0.0,0.0,0.0,0.0,18,0.02797645484037223,11,9,2,0,0,0,0,0,0,0,0,1
1ckp,A,201,ALA,1.8,88.6,0.0,0,0,X,0.0,0.0,0.0,0.0,0.0,0.0,0.0,0.0,24,0.04103213376587927,24,9,15,0,0,0,0,0,0,0,0,1
1ckp,A,202,LEU,3.8,166.7,0.0,0,0,X,0.0,0.0,0.0,0.0,0.0,0.0,0.0,0.0,33,0.04196468226055834,28,9,19,0,0,0,0,0,0,0,0,1
1ckp,A,203,PHE,2.8,189.9,0.0,0,0,X,0.0,0.0,0.0,0.0,0.0,0.0,0.0,0.0,36,0.045694876239274644,31,14,17,0,0,0,0,0,0,0,0,1
1ckp,A,204,PRO,-1.6,112.7,0.0,0,0,X,0.0,0.0,0.0,0.0,0.0,0.0,0.0,0.0,22,0.03916703677652112,25,21,4,0,0,0,0,0,0,0,0,1
1ckp,A,205,GLY,-0.4,60.1,0.0,0,0,X,0.0,0.0,0.0,0.0,0.0,0.0,0.0,0.0,22,0.04755997322863279,18,22,-4,0,0,0,0,0,0,0,0,1
1ckp,A,206,ASP,-3.5,111.1,-1.0,1,3,X,0.0,0.0,0.0,0.0,0.0,0.0,0.0,0.0,15,0.03124037457174899,12,14,-2,0,0,0,0,0,0,0,0,1
1ckp,A,207,SER,-0.8,89.0,0.0,1,1,X,0.0,0.0,0.0,0.0,0.0,0.0,0.0,0.0,18,0.02797645484037223,13,25,-12,0,0,0,0,0,0,0,0,1
1ckp,A,208,GLU,-3.5,138.4,-1.0,1,3,X,0.0,0.0,0.0,0.0,0.0,0.0,0.0,0.0,22,0.03590311704514436,11,20,-9,0,0,0,0,0,0,0,0,1
1ckp,A,209,ILE,4.5,166.7,0.0,0,0,X,0.0,0.0,0.0,0.0,0.0,0.0,0.0,0.0,20,0.032639197313767604,15,29,-14,0,0,0,0,0,0,0,0,1
1ckp,A,210,ASP,-3.5,111.1,-1.0,1,3,X,0.0,0.0,0.0,0.0,0.0,0.0,0.0,0.0,18,0.03916703677652112,19,14,5,0,0,0,0,0,0,0,0,1
1ckp,A,211,GLN,-3.5,143.8,0.0,2,2,X,0.0,0.0,0.0,0.0,0.0,0.0,0.0,0.0,30,0.056419183928083996,29,25,4,0,0,0,0,0,0,0,0,1
1ckp,A,212,LEU,3.8,166.7,0.0,0,0,X,0.0,0.0,0.0,0.0,0.0,0.0,0.0,0.0,37,0.05222271570202816,26,28,-2,0,0,0,0,0,0,0,0,1
1ckp,A,213,PHE,2.8,189.9,0.0,0,0,X,0.0,0.0,0.0,0.0,0.0,0.0,0.0,0.0,26,0.048026247475972325,26,14,12,0,0,0,0,0,0,0,0,1
1ckp,A,214,ARG,-4.5,173.4,1.0,5,0,X,0.0,0.0,0.0,0.0,0.0,0.0,0.0,0.0,22,0.04942507021799094,11,19,-8,0,0,0,0,0,0,0,0,1
1ckp,A,215,ILE,4.5,166.7,0.0,0,0,X,0.0,0.0,0.0,0.0,0.0,0.0,0.0,0.0,38,0.053621538444046775,29,11,18,0,0,0,0,0,0,0,0,1
1ckp,A,216,PHE,2.8,189.9,0.0,0,0,X,0.0,0.0,0.0,0.0,0.0,0.0,0.0,0.0,32,0.05502036118606539,33,7,26,0,0,0,0,0,0,0,0,1
1ckp,A,217,ARG,-4.5,173.4,1.0,5,0,X,0.0,0.0,0.0,0.0,0.0,0.0,0.0,0.0,22,0.045228601991935104,18,8,10,0,0,0,0,0,0,0,0,1
1ckp,A,218,THR,-0.7,116.1,0.0,1,1,X,0.0,0.0,0.0,0.0,0.0,0.0,0.0,0.0,27,0.04476232774459557,38,5,33,0,0,0,0,0,0,0,0,1
1ckp,A,219,LEU,3.8,166.7,0.0,0,0,X,0.0,0.0,0.0,0.0,0.0,0.0,0.0,0.0,31,0.045694876239274644,30,5,25,0,0,0,0,0,0,0,0,1
1ckp,A,220,GLY,-0.4,60.1,0.0,0,0,X,0.0,0.0,0.0,0.0,0.0,0.0,0.0,0.0,26,0.04755997322863279,30,9,21,0,0,0,0,0,0,0,0,1
1ckp,A,221,THR,-0.7,116.1,0.0,1,1,X,0.0,0.0,0.0,0.0,0.0,0.0,0.0,0.0,29,0.04709369898129325,27,9,18,0,0,0,0,0,0,0,0,1
1ckp,A,222,PRO,-1.6,112.7,0.0,0,0,X,0.0,0.0,0.0,0.0,0.0,0.0,0.0,0.0,34,0.043829779249916496,21,21,0,0,0,0,0,0,0,0,0,1
1ckp,A,223,ASP,-3.5,111.1,-1.0,1,3,X,0.0,0.0,0.0,0.0,0.0,0.0,0.0,0.0,19,0.03870076252918159,6,11,-5,0,0,0,0,0,0,0,0,1
1ckp,A,224,GLU,-3.5,138.4,-1.0,1,3,X,0.0,0.0,0.0,0.0,0.0,0.0,0.0,0.0,14,0.03124037457174899,0,11,-11,0,0,0,0,0,0,0,0,1
1ckp,A,225,VAL,4.2,140.0,0.0,0,0,X,0.0,0.0,0.0,0.0,0.0,0.0,0.0,0.0,12,0.02144861537761871,0,21,-21,0,0,0,0,0,0,0,0,1
1ckp,A,226,VAL,4.2,140.0,0.0,0,0,X,0.0,0.0,0.0,0.0,0.0,0.0,0.0,0.0,19,0.030774100324409453,22,25,-3,0,0,0,0,0,0,0,0,1
1ckp,A,227,TRP,-0.9,227.8,0.0,1,0,X,0.0,0.0,0.0,0.0,0.0,0.0,0.0,0.0,29,0.04289723075523742,18,34,-16,0,0,0,0,0,0,0,0,1
1ckp,A,228,PRO,-1.6,112.7,0.0,0,0,X,0.0,0.0,0.0,0.0,0.0,0.0,0.0,0.0,16,0.029375277582390842,6,25,-19,0,0,0,0,0,0,0,0,1
1ckp,A,229,GLY,-0.4,60.1,0.0,0,0,X,0.0,0.0,0.0,0.0,0.0,0.0,0.0,0.0,18,0.02797645484037223,0,23,-23,0,0,0,0,0,0,0,0,1
1ckp,A,230,VAL,4.2,140.0,0.0,0,0,X,0.0,0.0,0.0,0.0,0.0,0.0,0.0,0.0,29,0.04149840801321881,5,33,-28,0,0,0,0,0,0,0,0,1
1ckp,A,231,THR,-0.7,116.1,0.0,1,1,X,0.0,0.0,0.0,0.0,0.0,0.0,0.0,0.0,20,0.034970568550465285,8,20,-12,0,0,0,0,0,0,0,0,1
1ckp,A,232,SER,-0.8,89.0,0.0,1,1,X,0.0,0.0,0.0,0.0,0.0,0.0,0.0,0.0,16,0.027043906345693154,3,14,-11,0,0,0,0,0,0,0,0,1
1ckp,A,233,MET,1.9,162.9,0.0,0,0,X,0.0,0.0,0.0,0.0,0.0,0.0,0.0,0.0,24,0.03590311704514436,12,18,-6,0,0,0,0,0,0,0,0,1
1ckp,A,234,PRO,-1.6,112.7,0.0,0,0,X,0.0,0.0,0.0,0.0,0.0,0.0,0.0,0.0,17,0.027510180593032695,15,12,3,0,0,0,0,0,0,0,0,1
1ckp,A,235,ASP,-3.5,111.1,-1.0,1,3,X,0.0,0.0,0.0,0.0,0.0,0.0,0.0,0.0,22,0.030307826077069916,10,12,-2,0,0,0,0,0,0,0,0,1
1ckp,A,236,TYR,-1.3,193.6,0.0,1,1,X,0.0,0.0,0.0,0.0,0.0,0.0,0.0,0.0,26,0.04289723075523742,12,18,-6,0,0,0,0,0,0,0,0,1
1ckp,A,237,LYS,-3.9,168.6,1.0,2,0,X,0.0,0.0,0.0,0.0,0.0,0.0,0.0,0.0,19,0.028909003335051305,2,8,-6,0,0,0,0,0,0,0,0,1
1ckp,A,238,PRO,-1.6,112.7,0.0,0,0,X,0.0,0.0,0.0,0.0,0.0,0.0,0.0,0.0,17,0.024246260861655933,15,3,12,0,0,0,0,0,0,0,0,1
1ckp,A,239,SER,-0.8,89.0,0.0,1,1,X,0.0,0.0,0.0,0.0,0.0,0.0,0.0,0.0,13,0.023779986614316396,16,2,14,0,0,0,0,0,0,0,0,1
1ckp,A,240,PHE,2.8,189.9,0.0,0,0,X,0.0,0.0,0.0,0.0,0.0,0.0,0.0,0.0,21,0.03730193978716297,18,6,12,0,0,0,0,0,0,0,0,1
1ckp,A,241,PRO,-1.6,112.7,0.0,0,0,X,0.0,0.0,0.0,0.0,0.0,0.0,0.0,0.0,17,0.02984155182973038,24,0,24,0,0,0,0,0,0,0,0,1
1ckp,A,242,LYS,-3.9,168.6,1.0,2,0,X,0.0,0.0,0.0,0.0,0.0,0.0,0.0,0.0,16,0.02984155182973038,5,6,-1,0,0,0,0,0,0,0,0,1
1ckp,A,243,TRP,-0.9,227.8,0.0,1,0,X,0.0,0.0,0.0,0.0,0.0,0.0,0.0,0.0,20,0.03590311704514436,30,0,30,0,0,0,0,0,0,0,0,1
1ckp,A,244,ALA,1.8,88.6,0.0,0,0,X,0.0,0.0,0.0,0.0,0.0,0.0,0.0,0.0,19,0.02844272908771177,27,5,22,0,0,0,0,0,0,0,0,1
1ckp,A,245,ARG,-4.5,173.4,1.0,5,0,X,0.0,0.0,0.0,0.0,0.0,0.0,0.0,0.0,22,0.03170664881908853,9,8,1,0,0,0,0,0,0,0,0,1
1ckp,A,246,GLN,-3.5,143.8,0.0,2,2,X,0.0,0.0,0.0,0.0,0.0,0.0,0.0,0.0,18,0.034970568550465285,28,8,20,0,0,0,0,0,0,0,0,1
1ckp,A,247,ASP,-3.5,111.1,-1.0,1,3,X,0.0,0.0,0.0,0.0,0.0,0.0,0.0,0.0,13,0.027043906345693154,28,0,28,0,0,0,0,0,0,0,0,1
1ckp,A,248,PHE,2.8,189.9,0.0,0,0,X,0.0,0.0,0.0,0.0,0.0,0.0,0.0,0.0,27,0.03683566553982344,31,16,15,0,0,0,0,0,0,0,0,1
1ckp,A,249,SER,-0.8,89.0,0.0,1,1,X,0.0,0.0,0.0,0.0,0.0,0.0,0.0,0.0,16,0.032639197313767604,20,18,2,0,0,0,0,0,0,0,0,1
1ckp,A,250,LYS,-3.9,168.6,1.0,2,0,X,0.0,0.0,0.0,0.0,0.0,0.0,0.0,0.0,13,0.027510180593032695,6,8,-2,0,0,0,0,0,0,0,0,1
1ckp,A,251,VAL,4.2,140.0,0.0,0,0,X,0.0,0.0,0.0,0.0,0.0,0.0,0.0,0.0,27,0.03403802005578621,30,9,21,0,0,0,0,0,0,0,0,1
1ckp,A,252,VAL,4.2,140.0,0.0,0,0,X,0.0,0.0,0.0,0.0,0.0,0.0,0.0,0.0,28,0.043363505002576956,22,18,4,0,0,0,0,0,0,0,0,1
1ckp,A,253,PRO,-1.6,112.7,0.0,0,0,X,0.0,0.0,0.0,0.0,0.0,0.0,0.0,0.0,17,0.030307826077069916,19,6,13,0,0,0,0,0,0,0,0,1
1ckp,A,254,PRO,-1.6,112.7,0.0,0,0,X,0.0,0.0,0.0,0.0,0.0,0.0,0.0,0.0,18,0.023779986614316396,17,10,7,0,0,0,0,0,0,0,0,1
1ckp,A,255,LEU,3.8,166.7,0.0,0,0,X,0.0,0.0,0.0,0.0,0.0,0.0,0.0,0.0,26,0.035436842797804825,15,25,-10,0,0,0,0,0,0,0,0,1
1ckp,A,256,ASP,-3.5,111.1,-1.0,1,3,X,0.0,0.0,0.0,0.0,0.0,0.0,0.0,0.0,21,0.030774100324409453,19,20,-1,0,0,0,0,0,0,0,0,1
1ckp,A,257,GLU,-3.5,138.4,-1.0,1,3,X,0.0,0.0,0.0,0.0,0.0,0.0,0.0,0.0,16,0.027043906345693154,16,16,0,0,0,0,0,0,0,0,0,1
1ckp,A,258,ASP,-3.5,111.1,-1.0,1,3,X,0.0,0.0,0.0,0.0,0.0,0.0,0.0,0.0,21,0.04103213376587927,25,21,4,0,0,0,0,0,0,0,0,1
1ckp,A,259,GLY,-0.4,60.1,0.0,0,0,X,0.0,0.0,0.0,0.0,0.0,0.0,0.0,0.0,28,0.048492521723311866,26,25,1,0,0,0,0,0,0,0,0,1
1ckp,A,260,ARG,-4.5,173.4,1.0,5,0,X,0.0,0.0,0.0,0.0,0.0,0.0,0.0,0.0,22,0.048026247475972325,6,30,-24,0,0,0,0,0,0,0,0,1
1ckp,A,261,SER,-0.8,89.0,0.0,1,1,X,0.0,0.0,0.0,0.0,0.0,0.0,0.0,0.0,22,0.04103213376587927,27,25,2,0,0,0,0,0,0,0,0,1
1ckp,A,262,LEU,3.8,166.7,0.0,0,0,X,0.0,0.0,0.0,0.0,0.0,0.0,0.0,0.0,34,0.048958795970651406,24,17,7,0,0,0,0,0,0,0,0,1
1ckp,A,263,LEU,3.8,166.7,0.0,0,0,X,0.0,0.0,0.0,0.0,0.0,0.0,0.0,0.0,38,0.04755997322863279,27,10,17,0,0,0,0,0,0,0,0,1
1ckp,A,264,SER,-0.8,89.0,0.0,1,1,X,0.0,0.0,0.0,0.0,0.0,0.0,0.0,0.0,29,0.03916703677652112,38,7,31,0,0,0,0,0,0,0,0,1
1ckp,A,265,GLN,-3.5,143.8,0.0,2,2,X,0.0,0.0,0.0,0.0,0.0,0.0,0.0,0.0,26,0.04243095650789788,39,4,35,0,0,0,0,0,0,0,0,1
1ckp,A,266,MET,1.9,162.9,0.0,0,0,X,0.0,0.0,0.0,0.0,0.0,0.0,0.0,0.0,43,0.05455408693872585,34,7,27,0,0,0,0,0,0,0,0,1
1ckp,A,267,LEU,3.8,166.7,0.0,0,0,X,0.0,0.0,0.0,0.0,0.0,0.0,0.0,0.0,41,0.053621538444046775,34,7,27,0,0,0,0,0,0,0,0,1
1ckp,A,268,HIS,-3.2,153.2,0.1,2,1,X,0.0,0.0,0.0,0.0,0.0,0.0,0.0,0.0,26,0.04476232774459557,26,9,17,0,0,0,0,0,0,0,0,1
1ckp,A,269,TYR,-1.3,193.6,0.0,1,1,X,0.0,0.0,0.0,0.0,0.0,0.0,0.0,0.0,36,0.05222271570202816,34,24,10,0,0,0,0,0,0,0,0,1
1ckp,A,270,ASP,-3.5,111.1,-1.0,1,3,X,0.0,0.0,0.0,0.0,0.0,0.0,0.0,0.0,26,0.04429605349725603,30,11,19,0,0,0,0,0,0,0,0,1
1ckp,A,271,PRO,-1.6,112.7,0.0,0,0,X,0.0,0.0,0.0,0.0,0.0,0.0,0.0,0.0,30,0.04103213376587927,28,18,10,0,0,0,0,0,0,0,0,1
1ckp,A,272,ASN,-3.5,114.1,0.0,2,2,X,0.0,0.0,0.0,0.0,0.0,0.0,0.0,0.0,15,0.025645083603674543,26,12,14,0,0,0,0,0,0,0,0,1
1ckp,A,273,LYS,-3.9,168.6,1.0,2,0,X,0.0,0.0,0.0,0.0,0.0,0.0,0.0,0.0,17,0.030307826077069916,21,8,13,0,0,0,0,0,0,0,0,1
1ckp,A,274,ARG,-4.5,173.4,1.0,5,0,X,0.0,0.0,0.0,0.0,0.0,0.0,0.0,0.0,31,0.04616115048661418,20,20,0,0,0,0,0,0,0,0,0,1
1ckp,A,275,ILE,4.5,166.7,0.0,0,0,X,0.0,0.0,0.0,0.0,0.0,0.0,0.0,0.0,32,0.040565859518539735,45,4,41,0,0,0,0,0,0,0,0,1
1ckp,A,276,SER,-0.8,89.0,0.0,1,1,X,0.0,0.0,0.0,0.0,0.0,0.0,0.0,0.0,28,0.032639197313767604,33,3,30,0,0,0,0,0,0,0,0,1
1ckp,A,277,ALA,1.8,88.6,0.0,0,0,X,0.0,0.0,0.0,0.0,0.0,0.0,0.0,0.0,32,0.043363505002576956,27,7,20,0,0,0,0,0,0,0,0,1
1ckp,A,278,LYS,-3.9,168.6,1.0,2,0,X,0.0,0.0,0.0,0.0,0.0,0.0,0.0,0.0,18,0.03124037457174899,7,0,7,0,0,0,0,0,0,0,0,1
1ckp,A,279,ALA,1.8,88.6,0.0,0,0,X,0.0,0.0,0.0,0.0,0.0,0.0,0.0,0.0,20,0.026577632098353617,23,0,23,0,0,0,0,0,0,0,0,1
1ckp,A,280,ALA,1.8,88.6,0.0,0,0,X,0.0,0.0,0.0,0.0,0.0,0.0,0.0,0.0,29,0.043363505002576956,20,1,19,0,0,0,0,0,0,0,0,1
1ckp,A,281,LEU,3.8,166.7,0.0,0,0,X,0.0,0.0,0.0,0.0,0.0,0.0,0.0,0.0,29,0.04103213376587927,18,0,18,0,0,0,0,0,0,0,0,1
1ckp,A,282,ALA,1.8,88.6,0.0,0,0,X,0.0,0.0,0.0,0.0,0.0,0.0,0.0,0.0,17,0.02844272908771177,19,0,19,0,0,0,0,0,0,0,0,1
1ckp,A,283,HIS,-3.2,153.2,0.1,2,1,X,0.0,0.0,0.0,0.0,0.0,0.0,0.0,0.0,29,0.035436842797804825,10,12,-2,0,0,0,0,0,0,0,0,1
1ckp,A,284,PRO,-1.6,112.7,0.0,0,0,X,0.0,0.0,0.0,0.0,0.0,0.0,0.0,0.0,21,0.030307826077069916,15,23,-8,0,0,0,0,0,0,0,0,1
1ckp,A,285,PHE,2.8,189.9,0.0,0,0,X,0.0,0.0,0.0,0.0,0.0,0.0,0.0,0.0,31,0.04289723075523742,25,29,-4,0,0,0,0,0,0,0,0,1
1ckp,A,286,PHE,2.8,189.9,0.0,0,0,X,0.0,0.0,0.0,0.0,0.0,0.0,0.0,0.0,31,0.043363505002576956,20,17,3,0,0,0,0,0,0,0,0,1
1ckp,A,287,GLN,-3.5,143.8,0.0,2,2,X,0.0,0.0,0.0,0.0,0.0,0.0,0.0,0.0,12,0.027510180593032695,12,12,0,0,0,0,0,0,0,0,0,1
1ckp,A,288,ASP,-3.5,111.1,-1.0,1,3,X,0.0,0.0,0.0,0.0,0.0,0.0,0.0,0.0,17,0.022847438119637322,12,7,5,0,0,0,0,0,0,0,0,1
1ckp,A,289,VAL,4.2,140.0,0.0,0,0,X,0.0,0.0,0.0,0.0,0.0,0.0,0.0,0.0,21,0.03403802005578621,20,8,12,0,0,0,0,0,0,0,0,1
1ckp,A,290,THR,-0.7,116.1,0.0,1,1,X,0.0,0.0,0.0,0.0,0.0,0.0,0.0,0.0,19,0.028909003335051305,18,8,10,0,0,0,0,0,0,0,0,1
1ckp,A,291,LYS,-3.9,168.6,1.0,2,0,X,0.0,0.0,0.0,0.0,0.0,0.0,0.0,0.0,23,0.030774100324409453,5,9,-4,0,0,0,0,0,0,0,0,1
1ckp,A,292,PRO,-1.6,112.7,0.0,0,0,X,0.0,0.0,0.0,0.0,0.0,0.0,0.0,0.0,24,0.028909003335051305,18,6,12,0,0,0,0,0,0,0,0,1
1ckp,A,293,VAL,4.2,140.0,0.0,0,0,X,0.0,0.0,0.0,0.0,0.0,0.0,0.0,0.0,19,0.03170664881908853,19,9,10,0,0,0,0,0,0,0,0,1
1ckp,A,294,PRO,-1.6,112.7,0.0,0,0,X,0.0,0.0,0.0,0.0,0.0,0.0,0.0,0.0,26,0.03590311704514436,16,8,8,0,0,0,0,0,0,0,0,1
1ckp,A,295,HIS,-3.2,153.2,0.1,2,1,X,0.0,0.0,0.0,0.0,0.0,0.0,0.0,0.0,18,0.02331371236697686,9,1,8,0,0,0,0,0,0,0,0,1
1ckp,A,296,LEU,3.8,166.7,0.0,0,0,X,0.0,0.0,0.0,0.0,0.0,0.0,0.0,0.0,21,0.03170664881908853,36,6,30,0,0,0,0,0,0,0,0,1
1ckp,A,297,ARG,-4.5,173.4,1.0,5,0,X,0.0,0.0,0.0,0.0,0.0,0.0,0.0,0.0,8,0.01958351838826056,16,0,16,0,0,0,0,0,0,0,0,1
1ckp,A,298,LEU,3.8,166.7,0.0,0,0,X,0.0,0.0,0.0,0.0,0.0,0.0,0.0,0.0,12,0.018650969893581486,31,0,31,0,0,0,0,0,0,0,0,1
