pdb_id,chain_id,residue_id,residue_name,hydrophobicity,volume,charge,hbond_donor,hbond_acceptor,ss_type,rel_asa,phi,psi,hse_up,hse_down,hse_ratio,residue_depth,neighbor_count,pos_charged_neighbors,neg_charged_neighbors,net_charge_environment,atom_density,ss_H,ss_B,ss_E,ss_G,ss_I,ss_T,ss_S,ss_ ,ss_X,pocket_id,pocket_volume,pocket_depth,pocket_hydrophobicity,pocket_score,is_in_pocket
1dc6,A,0,THR,-0.7,116.1,0.0,1,1,-,0.6971830985915493,360.0,172.1,10.0,9.0,0.5263157894736842,1.83234528105593,15,13,23,-10,0.024246260861655933,0,0,0,0,0,0,0,0,0,29,22,12,0,3,1
1dc6,A,1,ILE,4.5,166.7,0.0,0,0,E,0.13609467455621302,-88.5,117.7,22.0,7.0,0.7586206896551724,2.4915691243644673,27,27,26,1,0.040099585271200194,0,0,1,0,0,0,0,0,0,29,22,12,0,3,1
1dc6,A,2,LYS,-3.9,168.6,1.0,2,0,E,0.3121951219512195,-81.5,117.0,13.0,20.0,0.3939393939393939,3.007780962443769,22,4,23,-19,0.045228601991935104,0,0,1,0,0,0,0,0,0,29,22,12,0,3,1
1dc6,A,3,VAL,4.2,140.0,0.0,0,0,E,0.0,-109.1,141.0,22.0,20.0,0.5238095238095238,6.104067682932077,38,13,20,-7,0.050823892960009553,0,0,1,0,0,0,0,0,0,-1,0,0,0,0,0
1dc6,A,4,GLY,-0.4,60.1,0.0,0,0,E,0.0,-118.7,135.2,28.0,22.0,0.56,8.024677004584438,43,28,22,6,0.0526889899493677,0,0,1,0,0,0,0,0,0,-1,0,0,0,0,0
1dc6,A,5,ILE,4.5,166.7,0.0,0,0,E,0.005917159763313609,-108.1,138.3,23.0,25.0,0.4791666666666667,6.3245820359114875,45,19,17,2,0.050823892960009553,0,0,1,0,0,0,0,0,0,-1,0,0,0,0,0
1dc6,A,6,ASN,-3.5,114.1,0.0,2,2,E,0.025477707006369428,-121.7,109.5,25.0,25.0,0.5,2.9247228210570135,42,15,27,-12,0.05175644145468863,0,0,1,0,0,0,0,0,0,-1,0,0,0,0,0
1dc6,A,7,GLY,-0.4,60.1,0.0,0,0,-,0.08333333333333333,102.4,83.2,17.0,19.0,0.4722222222222222,2.0324142391487063,34,19,18,1,0.04103213376587927,0,0,0,0,0,0,0,0,0,-1,0,0,0,0,0
1dc6,A,8,PHE,2.8,189.9,0.0,0,0,-,0.01015228426395939,-77.3,51.7,19.0,18.0,0.5135135135135135,3.610026183940855,38,27,10,17,0.045228601991935104,0,0,0,0,0,0,0,0,0,33,10,19,0,2,1
1dc6,A,9,GLY,-0.4,60.1,0.0,0,0,S,0.30952380952380953,-91.0,-161.0,13.0,19.0,0.40625,2.141528844737755,30,23,17,6,0.034970568550465285,0,0,0,0,0,0,1,0,0,33,10,19,0,2,1
1dc6,A,10,ARG,-4.5,173.4,1.0,5,0,H,0.23387096774193547,-51.7,-49.7,14.0,18.0,0.4375,2.130205258050331,28,28,18,10,0.03357174580844668,1,0,0,0,0,0,0,0,0,33,10,19,0,2,1
1dc6,A,11,ILE,4.5,166.7,0.0,0,0,H,0.21301775147928995,-71.8,-42.7,23.0,16.0,0.5897435897435898,2.4481797916100114,40,27,16,11,0.04429605349725603,1,0,0,0,0,0,0,0,0,-1,0,0,0,0,0
1dc6,A,12,GLY,-0.4,60.1,0.0,0,0,H,0.011904761904761904,-61.0,-35.8,19.0,22.0,0.4634146341463415,3.701145480381215,37,29,15,14,0.04709369898129325,1,0,0,0,0,0,0,0,0,-1,0,0,0,0,0
1dc6,A,13,ARG,-4.5,173.4,1.0,5,0,H,0.11693548387096774,-76.5,-46.3,16.0,23.0,0.41025641025641024,3.744115256331614,34,30,17,13,0.05035761871267001,1,0,0,0,0,0,0,0,0,33,10,19,0,2,1
1dc6,A,14,ILE,4.5,166.7,0.0,0,0,H,0.03550295857988166,-66.7,-32.2,20.0,22.0,0.47619047619047616,2.6603317869713705,35,45,19,26,0.04942507021799094,1,0,0,0,0,0,0,0,0,33,10,19,0,2,1
1dc6,A,15,VAL,4.2,140.0,0.0,0,0,H,0.007042253521126761,-68.1,-33.1,26.0,16.0,0.6190476190476191,5.382240756339895,38,33,7,26,0.04942507021799094,1,0,0,0,0,0,0,0,0,-1,0,0,0,0,0
1dc6,A,16,PHE,2.8,189.9,0.0,0,0,H,0.005076142131979695,-71.7,-44.3,22.0,18.0,0.55,3.625343368765162,39,26,7,19,0.04289723075523742,1,0,0,0,0,0,0,0,0,-1,0,0,0,0,0
1dc6,A,17,ARG,-4.5,173.4,1.0,5,0,H,0.125,-59.8,-54.0,21.0,18.0,0.5384615384615384,2.2730129617885244,35,44,18,26,0.04196468226055834,1,0,0,0,0,0,0,0,0,-1,0,0,0,0,0
1dc6,A,18,ALA,1.8,88.6,0.0,0,0,H,0.04716981132075472,-65.0,-27.1,19.0,13.0,0.59375,1.8741206913677253,33,36,7,29,0.040565859518539735,1,0,0,0,0,0,0,0,0,-1,0,0,0,0,0
1dc6,A,19,ALA,1.8,88.6,0.0,0,0,G,0.03773584905660377,-65.8,-14.6,22.0,11.0,0.6666666666666666,2.3737678082261224,31,31,16,15,0.04429605349725603,0,0,0,1,0,0,0,0,0,-1,0,0,0,0,0
1dc6,A,20,GLN,-3.5,143.8,0.0,2,2,G,0.3181818181818182,-77.0,-28.5,12.0,13.0,0.48,1.8325505730490725,26,32,16,16,0.03450429430312575,0,0,0,1,0,0,0,0,0,-1,0,0,0,0,0
1dc6,A,21,LYS,-3.9,168.6,1.0,2,0,G,0.8341463414634146,-93.8,34.1,6.0,11.0,0.35294117647058826,1.9231419917189676,18,18,10,8,0.022381163872297785,0,0,0,1,0,0,0,0,0,-1,0,0,0,0,0
1dc6,A,22,ARG,-4.5,173.4,1.0,5,0,-,0.22580645161290322,-131.2,136.8,17.0,2.0,0.8947368421052632,1.8239457797322047,26,15,21,-6,0.028909003335051305,0,0,0,0,0,0,0,0,0,28,24,12,0,3,1
1dc6,A,23,SER,-0.8,89.0,0.0,1,1,S,0.8615384615384616,-92.7,-15.1,0.0,15.0,0.0,1.7395047999905915,12,17,15,2,0.02144861537761871,0,0,0,0,0,0,1,0,0,28,24,12,0,3,1
1dc6,A,24,ASP,-3.5,111.1,-1.0,1,3,S,0.3496932515337423,-91.0,-28.8,7.0,12.0,0.3684210526315789,1.7315415906889071,20,20,16,4,0.025178809356335007,0,0,0,0,0,0,1,0,0,29,22,12,0,3,1
1dc6,A,25,ILE,4.5,166.7,0.0,0,0,E,0.03550295857988166,-111.6,158.5,23.0,8.0,0.7419354838709677,3.2717344954369425,28,25,27,-2,0.043363505002576956,0,0,1,0,0,0,0,0,0,29,22,12,0,3,1
1dc6,A,26,GLU,-3.5,138.4,-1.0,1,3,E,0.4329896907216495,-154.9,129.6,13.0,22.0,0.37142857142857144,2.1483060470058764,27,27,13,14,0.040565859518539735,0,0,1,0,0,0,0,0,0,29,22,12,0,3,1
1dc6,A,27,ILE,4.5,166.7,0.0,0,0,E,0.05325443786982249,-83.4,121.1,27.0,18.0,0.6,2.2242932418738945,42,35,12,23,0.04289723075523742,0,0,1,0,0,0,0,0,0,-1,0,0,0,0,0
1dc6,A,28,VAL,4.2,140.0,0.0,0,0,E,0.09154929577464789,-107.0,-23.4,15.0,21.0,0.4166666666666667,2.179116389682484,30,35,23,12,0.045694876239274644,0,0,1,0,0,0,0,0,0,35,40,4,0,1,1
1dc6,A,29,ALA,1.8,88.6,0.0,0,0,E,0.0,-150.8,153.1,19.0,21.0,0.475,4.619887397867555,36,33,13,20,0.048958795970651406,0,0,1,0,0,0,0,0,0,35,40,4,0,1,1
1dc6,A,30,ILE,4.5,166.7,0.0,0,0,E,0.0,-139.4,139.7,25.0,23.0,0.5208333333333334,6.0486053720525925,39,24,11,13,0.05222271570202816,0,0,1,0,0,0,0,0,0,-1,0,0,0,0,0
1dc6,A,31,ASN,-3.5,114.1,0.0,2,2,E,0.025477707006369428,-129.4,142.6,20.0,21.0,0.4878048780487805,3.031762485303976,33,23,26,-3,0.050823892960009553,0,0,1,0,0,0,0,0,0,10,330,5,0,22,1
1dc6,A,32,ASP,-3.5,111.1,-1.0,1,3,S,0.22085889570552147,-166.3,-150.4,15.0,16.0,0.4838709677419355,2.0250048708806094,31,14,13,1,0.04103213376587927,0,0,0,0,0,0,1,0,0,10,330,5,0,22,1
1dc6,A,33,LEU,3.8,166.7,0.0,0,0,S,0.4878048780487805,-132.7,59.7,4.0,17.0,0.19047619047619047,1.9074380413657959,22,11,25,-14,0.028909003335051305,0,0,0,0,0,0,1,0,0,10,330,5,0,22,1
1dc6,A,34,LEU,3.8,166.7,0.0,0,0,S,0.24390243902439024,-149.9,167.7,13.0,10.0,0.5652173913043478,1.9554903398409,22,2,28,-26,0.032639197313767604,0,0,0,0,0,0,1,0,0,-1,0,0,0,0,0
1dc6,A,36,ASP,-3.5,111.1,-1.0,1,3,-,0.7300613496932515,-82.4,148.4,6.0,18.0,0.25,1.9729192853876105,17,4,15,-11,0.030307826077069916,0,0,0,0,0,0,0,0,0,-1,0,0,0,0,0
1dc6,A,37,ALA,1.8,88.6,0.0,0,0,H,0.08490566037735849,-56.5,-17.5,17.0,14.0,0.5483870967741935,2.340011647111063,28,19,28,-9,0.040099585271200194,1,0,0,0,0,0,0,0,0,-1,0,0,0,0,0
1dc6,A,38,ASP,-3.5,111.1,-1.0,1,3,H,0.6257668711656442,-85.0,-32.2,4.0,20.0,0.16666666666666666,1.6721090007970671,20,11,13,-2,0.03310547156110714,1,0,0,0,0,0,0,0,0,-1,0,0,0,0,0
1dc6,A,39,TYR,-1.3,193.6,0.0,1,1,H,0.5180180180180181,-77.5,-42.8,6.0,18.0,0.25,2.0700984964017626,18,6,25,-19,0.03450429430312575,1,0,0,0,0,0,0,0,0,-1,0,0,0,0,0
1dc6,A,40,MET,1.9,162.9,0.0,0,0,H,0.0,-56.9,-40.7,23.0,10.0,0.696969696969697,4.761029501057357,34,19,26,-7,0.045694876239274644,1,0,0,0,0,0,0,0,0,-1,0,0,0,0,0
1dc6,A,41,ALA,1.8,88.6,0.0,0,0,H,0.02830188679245283,-66.5,-39.2,18.0,15.0,0.5454545454545454,2.7954486433868846,30,19,25,-6,0.04429605349725603,1,0,0,0,0,0,0,0,0,-1,0,0,0,0,0
1dc6,A,42,TYR,-1.3,193.6,0.0,1,1,H,0.2882882882882883,-67.8,-33.1,8.0,19.0,0.2962962962962963,1.9143882085568755,27,19,36,-17,0.04196468226055834,1,0,0,0,0,0,0,0,0,16,42,21,0,10,1
1dc6,A,43,MET,1.9,162.9,0.0,0,0,H,0.22340425531914893,-69.3,-35.7,15.0,18.0,0.45454545454545453,2.0912608170424165,27,33,20,13,0.04243095650789788,1,0,0,0,0,0,0,0,0,33,10,19,0,2,1
1dc6,A,44,LEU,3.8,166.7,0.0,0,0,H,0.0,-75.9,-39.6,21.0,16.0,0.5675675675675675,4.51898961324059,37,40,18,22,0.04989134446533048,1,0,0,0,0,0,0,0,0,-1,0,0,0,0,0
1dc6,A,45,LYS,-3.9,168.6,1.0,2,0,H,0.28292682926829266,-62.0,-50.6,15.0,18.0,0.45454545454545453,2.094857566584393,29,20,37,-17,0.04476232774459557,1,0,0,0,0,0,0,0,0,-1,0,0,0,0,0
1dc6,A,46,TYR,-1.3,193.6,0.0,1,1,-,0.14414414414414414,-111.0,131.8,12.0,18.0,0.4,2.074898713861199,29,28,33,-5,0.048026247475972325,0,0,0,0,0,0,0,0,0,-1,0,0,0,0,0
1dc6,A,47,ASP,-3.5,111.1,-1.0,1,3,-,0.024539877300613498,-133.6,121.1,14.0,12.0,0.5384615384615384,1.9783986512707066,25,52,14,38,0.043829779249916496,0,0,0,0,0,0,0,0,0,33,10,19,0,2,1
1dc6,A,48,SER,-0.8,89.0,0.0,1,1,T,0.6153846153846154,-67.3,-19.6,8.0,16.0,0.3333333333333333,1.7841955115891877,25,30,19,11,0.02984155182973038,0,0,0,0,0,1,0,0,0,22,24,24,0,5,1
1dc6,A,49,THR,-0.7,116.1,0.0,1,1,T,0.20422535211267606,-101.2,-43.8,15.0,19.0,0.4411764705882353,1.8081502596781622,23,30,23,7,0.03357174580844668,0,0,0,0,0,1,0,0,0,22,24,24,0,5,1
1dc6,A,50,HIS,-3.2,153.2,0.1,2,1,T,0.25,-112.7,22.3,19.0,16.0,0.5428571428571428,1.877642506650616,30,35,26,9,0.03124037457174899,0,0,0,0,0,1,0,0,0,-1,0,0,0,0,0
1dc6,A,51,GLY,-0.4,60.1,0.0,0,0,-,0.36904761904761907,64.9,-176.4,11.0,17.0,0.39285714285714285,2.0670307896357274,25,38,23,15,0.03730193978716297,0,0,0,0,0,0,0,0,0,-1,0,0,0,0,0
1dc6,A,52,ARG,-4.5,173.4,1.0,5,0,S,0.4435483870967742,-62.8,139.0,12.0,15.0,0.4444444444444444,1.86909400330106,26,19,33,-14,0.03730193978716297,0,0,0,0,0,0,1,0,0,17,46,18,0,9,1
1dc6,A,53,PHE,2.8,189.9,0.0,0,0,-,0.1065989847715736,-51.8,137.6,16.0,9.0,0.64,2.0702168064584976,28,38,15,23,0.03683566553982344,0,0,0,0,0,0,0,0,0,11,119,16,0,21,1
1dc6,A,54,ASP,-3.5,111.1,-1.0,1,3,S,0.950920245398773,-88.9,65.3,7.0,12.0,0.3684210526315789,1.6721552206858612,15,30,0,30,0.022847438119637322,0,0,0,0,0,0,1,0,0,11,119,16,0,21,1
1dc6,A,55,GLY,-0.4,60.1,0.0,0,0,S,0.47619047619047616,165.7,-167.0,12.0,7.0,0.631578947368421,1.7096414252428629,19,25,14,11,0.022847438119637322,0,0,0,0,0,0,1,0,0,11,119,16,0,21,1
1dc6,A,56,THR,-0.7,116.1,0.0,1,1,-,0.5704225352112676,-105.7,143.7,7.0,14.0,0.3333333333333333,1.9707270098945273,17,18,16,2,0.029375277582390842,0,0,0,0,0,0,0,0,0,11,119,16,0,21,1
1dc6,A,57,VAL,4.2,140.0,0.0,0,0,E,0.04225352112676056,-142.4,124.8,18.0,10.0,0.6428571428571429,2.0805754164550874,29,18,18,0,0.04103213376587927,0,0,1,0,0,0,0,0,0,11,119,16,0,21,1
1dc6,A,58,GLU,-3.5,138.4,-1.0,1,3,E,0.5824742268041238,-128.4,150.8,7.0,17.0,0.2916666666666667,2.004490193442659,22,27,6,21,0.032639197313767604,0,0,1,0,0,0,0,0,0,-1,0,0,0,0,0
1dc6,A,59,VAL,4.2,140.0,0.0,0,0,E,0.4788732394366197,-99.9,139.8,11.0,15.0,0.4230769230769231,1.8813409788896927,22,27,28,-1,0.034970568550465285,0,0,1,0,0,0,0,0,0,52,2,2,0,0,1
1dc6,A,60,LYS,-3.9,168.6,1.0,2,0,E,0.6731707317073171,-157.8,117.4,9.0,10.0,0.47368421052631576,2.0517737304104315,15,23,17,6,0.027043906345693154,0,0,1,0,0,0,0,0,0,52,2,2,0,0,1
1dc6,A,61,ASP,-3.5,111.1,-1.0,1,3,T,0.9079754601226994,61.8,27.9,4.0,11.0,0.26666666666666666,1.6721277440230105,12,25,2,23,0.019117244140921023,0,0,0,0,0,1,0,0,0,52,2,2,0,0,1
1dc6,A,62,GLY,-0.4,60.1,0.0,0,0,T,0.5,89.5,-1.1,2.0,19.0,0.09523809523809523,1.781931994164126,21,32,27,5,0.029375277582390842,0,0,0,0,0,1,0,0,0,38,24,3,0,1,1
1dc6,A,63,HIS,-3.2,153.2,0.1,2,1,E,0.2554347826086957,-118.8,166.7,11.0,17.0,0.39285714285714285,2.8579300385570794,23,29,16,13,0.04149840801321881,0,0,1,0,0,0,0,0,0,38,24,3,0,1,1
1dc6,A,64,LEU,3.8,166.7,0.0,0,0,E,0.0,-94.3,156.9,23.0,10.0,0.696969696969697,4.983302825672402,34,40,22,18,0.04989134446533048,0,0,1,0,0,0,0,0,0,-1,0,0,0,0,0
1dc6,A,65,ILE,4.5,166.7,0.0,0,0,E,0.1952662721893491,-135.1,97.4,6.0,22.0,0.21428571428571427,2.411889134704285,23,37,13,24,0.04476232774459557,0,0,1,0,0,0,0,0,0,52,2,2,0,0,1
1dc6,A,66,VAL,4.2,140.0,0.0,0,0,E,0.02112676056338028,-105.8,122.0,21.0,11.0,0.65625,2.3415157579911194,29,27,13,14,0.045228601991935104,0,0,1,0,0,0,0,0,0,42,3,9,0,0,1
1dc6,A,67,ASN,-3.5,114.1,0.0,2,2,T,0.31210191082802546,57.2,34.4,6.0,12.0,0.3333333333333333,1.8284012419377718,17,13,15,-2,0.02844272908771177,0,0,0,0,0,1,0,0,0,42,3,9,0,0,1
1dc6,A,68,GLY,-0.4,60.1,0.0,0,0,T,0.7261904761904762,79.1,3.1,1.0,13.0,0.07142857142857142,1.709734312160868,16,21,8,13,0.02611135785101408,0,0,0,0,0,1,0,0,0,42,3,9,0,0,1
1dc6,A,69,LYS,-3.9,168.6,1.0,2,0,E,0.6292682926829268,-110.0,130.7,8.0,12.0,0.4,2.1390858945064837,17,8,9,-1,0.025178809356335007,0,0,1,0,0,0,0,0,0,42,3,9,0,0,1
1dc6,A,70,LYS,-3.9,168.6,1.0,2,0,E,0.6439024390243903,-73.3,126.7,6.0,18.0,0.25,1.9610978949404456,21,34,11,23,0.03357174580844668,0,0,1,0,0,0,0,0,0,42,3,9,0,0,1
1dc6,A,71,ILE,4.5,166.7,0.0,0,0,E,0.047337278106508875,-112.7,116.9,22.0,12.0,0.6470588235294118,2.954809207032226,35,41,9,32,0.045694876239274644,0,0,1,0,0,0,0,0,0,-1,0,0,0,0,0
1dc6,A,72,ARG,-4.5,173.4,1.0,5,0,E,0.13306451612903225,-65.3,133.2,15.0,21.0,0.4166666666666667,2.42420294950691,30,26,19,7,0.03870076252918159,0,0,1,0,0,0,0,0,0,50,4,1,0,0,1
1dc6,A,73,VAL,4.2,140.0,0.0,0,0,E,0.11267605633802817,-115.8,141.6,19.0,18.0,0.5135135135135135,2.3502097792980057,32,33,27,6,0.04289723075523742,0,0,1,0,0,0,0,0,0,-1,0,0,0,0,0
1dc6,A,74,THR,-0.7,116.1,0.0,1,1,E,0.19014084507042253,-144.3,163.2,17.0,16.0,0.5151515151515151,2.187854387478581,30,29,25,4,0.03823448828184205,0,0,1,0,0,0,0,0,0,-1,0,0,0,0,0
1dc6,A,75,ALA,1.8,88.6,0.0,0,0,-,0.5094339622641509,-137.3,44.2,8.0,17.0,0.32,1.7675471906942992,21,16,30,-14,0.032639197313767604,0,0,0,0,0,0,0,0,0,10,330,5,0,22,1
1dc6,A,76,GLU,-3.5,138.4,-1.0,1,3,-,0.422680412371134,-83.1,127.4,13.0,7.0,0.65,1.8214560551366858,21,23,14,9,0.03403802005578621,0,0,0,0,0,0,0,0,0,10,330,5,0,22,1
1dc6,A,77,ARG,-4.5,173.4,1.0,5,0,S,0.8306451612903226,-74.0,-28.1,0.0,18.0,0.0,1.8068448424911674,15,0,23,-23,0.028909003335051305,0,0,0,0,0,0,1,0,0,10,330,5,0,22,1
1dc6,A,78,ASP,-3.5,111.1,-1.0,1,3,S,0.36809815950920244,-101.1,120.4,4.0,20.0,0.16666666666666666,1.835354472476624,22,26,12,14,0.032639197313767604,0,0,0,0,0,0,1,0,0,49,1,4,0,0,1
1dc6,A,79,PRO,-1.6,112.7,0.0,0,0,G,0.014705882352941176,-58.2,-32.4,21.0,16.0,0.5675675675675675,2.480180843074837,33,35,27,8,0.04755997322863279,0,0,0,1,0,0,0,0,0,49,1,4,0,0,1
1dc6,A,80,ALA,1.8,88.6,0.0,0,0,G,0.3490566037735849,-60.9,-18.8,4.0,19.0,0.17391304347826086,2.259532773210021,23,38,19,19,0.03730193978716297,0,0,0,1,0,0,0,0,0,49,1,4,0,0,1
1dc6,A,81,ASN,-3.5,114.1,0.0,2,2,G,0.5286624203821656,-94.2,8.0,6.0,16.0,0.2727272727272727,1.8565831414791922,19,31,18,13,0.03310547156110714,0,0,0,1,0,0,0,0,0,-1,0,0,0,0,0
1dc6,A,82,LEU,3.8,166.7,0.0,0,0,-,0.012195121951219513,-78.4,-8.7,29.0,4.0,0.8787878787878788,2.290635633346203,33,39,35,4,0.04476232774459557,0,0,0,0,0,0,0,0,0,50,4,1,0,0,1
1dc6,A,83,LYS,-3.9,168.6,1.0,2,0,-,0.5560975609756098,29.9,55.6,5.0,23.0,0.17857142857142858,2.183700202687974,22,10,23,-13,0.03870076252918159,0,0,0,0,0,0,0,0,0,50,4,1,0,0,1
1dc6,A,84,TRP,-0.9,227.8,0.0,1,0,G,0.0,-57.8,-31.8,26.0,12.0,0.6842105263157895,4.818455148916917,40,40,27,13,0.045228601991935104,0,0,0,1,0,0,0,0,0,35,40,4,0,1,1
1dc6,A,85,ASP,-3.5,111.1,-1.0,1,3,G,0.6012269938650306,-66.2,-15.3,10.0,16.0,0.38461538461538464,1.8117516090959571,21,21,14,7,0.03310547156110714,0,0,0,1,0,0,0,0,0,35,40,4,0,1,1
1dc6,A,86,GLU,-3.5,138.4,-1.0,1,3,G,0.711340206185567,-75.0,-17.2,6.0,11.0,0.35294117647058826,1.7595024522540084,15,17,8,9,0.025645083603674543,0,0,0,1,0,0,0,0,0,50,4,1,0,0,1
1dc6,A,87,VAL,4.2,140.0,0.0,0,0,G,0.2746478873239437,-115.5,11.3,21.0,6.0,0.7777777777777778,2.0918402753046985,27,32,29,3,0.032639197313767604,0,0,0,1,0,0,0,0,0,35,40,4,0,1,1
1dc6,A,88,GLY,-0.4,60.1,0.0,0,0,T,0.44047619047619047,65.9,34.6,7.0,18.0,0.28,1.7095333777250643,24,25,30,-5,0.028909003335051305,0,0,0,0,0,1,0,0,0,35,40,4,0,1,1
1dc6,A,89,VAL,4.2,140.0,0.0,0,0,-,0.035211267605633804,-69.5,136.3,27.0,9.0,0.75,2.905918328201937,32,40,25,15,0.050823892960009553,0,0,0,0,0,0,0,0,0,35,40,4,0,1,1
1dc6,A,90,ASP,-3.5,111.1,-1.0,1,3,S,0.2392638036809816,-95.6,-57.5,13.0,22.0,0.37142857142857144,2.012547973300332,29,31,11,20,0.040565859518539735,0,0,0,0,0,0,1,0,0,29,22,12,0,3,1
1dc6,A,91,VAL,4.2,140.0,0.0,0,0,E,0.02112676056338028,-125.5,142.4,21.0,25.0,0.45652173913043476,3.80695587983404,42,37,18,19,0.048026247475972325,0,0,1,0,0,0,0,0,0,-1,0,0,0,0,0
1dc6,A,92,VAL,4.2,140.0,0.0,0,0,E,0.0,-108.1,137.3,29.0,28.0,0.5087719298245614,7.09586360253994,45,36,17,19,0.05455408693872585,0,0,1,0,0,0,0,0,0,-1,0,0,0,0,0
1dc6,A,93,ALA,1.8,88.6,0.0,0,0,E,0.018867924528301886,-101.7,107.3,30.0,27.0,0.5263157894736842,6.454538859528735,46,15,11,4,0.04989134446533048,0,0,1,0,0,0,0,0,0,-1,0,0,0,0,0
1dc6,A,94,GLU,-3.5,138.4,-1.0,1,3,E,0.0,-83.0,98.4,26.0,23.0,0.5306122448979592,3.458965457741162,40,15,0,15,0.05035761871267001,0,0,1,0,0,0,0,0,0,-1,0,0,0,0,0
1dc6,A,95,ALA,1.8,88.6,0.0,0,0,-,0.1792452830188679,-112.5,10.5,21.0,17.0,0.5526315789473685,2.075240498529814,33,13,15,-2,0.043829779249916496,0,0,0,0,0,0,0,0,0,-1,0,0,0,0,0
1dc6,A,96,THR,-0.7,116.1,0.0,1,1,S,0.3380281690140845,-76.8,-32.3,16.0,16.0,0.5,2.0414344412960377,30,10,18,-8,0.03403802005578621,0,0,0,0,0,0,1,0,0,-1,0,0,0,0,0
1dc6,A,97,GLY,-0.4,60.1,0.0,0,0,S,0.47619047619047616,87.0,7.6,8.0,21.0,0.27586206896551724,1.7712387244178713,21,8,9,-1,0.028909003335051305,0,0,0,0,0,0,1,0,0,-1,0,0,0,0,0
1dc6,A,98,LEU,3.8,166.7,0.0,0,0,S,0.7804878048780488,-110.4,-9.8,6.0,16.0,0.2727272727272727,1.945363889677335,20,13,9,4,0.024246260861655933,0,0,0,0,0,0,1,0,0,-1,0,0,0,0,0
1dc6,A,99,PHE,2.8,189.9,0.0,0,0,-,0.15736040609137056,-127.0,68.0,23.0,12.0,0.6571428571428571,2.5003798006934703,30,29,30,-1,0.04289723075523742,0,0,0,0,0,0,0,0,0,-1,0,0,0,0,0
1dc6,A,100,LEU,3.8,166.7,0.0,0,0,-,0.0975609756097561,-104.2,26.5,15.0,19.0,0.4411764705882353,2.2525289372987025,31,12,28,-16,0.04662742473395372,0,0,0,0,0,0,0,0,0,-1,0,0,0,0,0
1dc6,A,101,THR,-0.7,116.1,0.0,1,1,S,0.176056338028169,-127.3,163.5,4.0,24.0,0.14285714285714285,2.6165859402176355,23,25,30,-5,0.04243095650789788,0,0,0,0,0,0,1,0,0,-1,0,0,0,0,0
1dc6,A,102,ASP,-3.5,111.1,-1.0,1,3,H,0.3496932515337423,-66.0,-40.1,8.0,21.0,0.27586206896551724,2.030189691000597,21,26,25,1,0.03870076252918159,1,0,0,0,0,0,0,0,0,31,93,2,0,2,1
1dc6,A,103,GLU,-3.5,138.4,-1.0,1,3,H,0.7268041237113402,-65.8,-35.1,1.0,20.0,0.047619047619047616,1.7085696439483788,17,23,14,9,0.027510180593032695,1,0,0,0,0,0,0,0,0,49,1,4,0,0,1
1dc6,A,104,THR,-0.7,116.1,0.0,1,1,H,0.16901408450704225,-75.4,-58.6,12.0,14.0,0.46153846153846156,2.5002840476103425,26,34,32,2,0.03730193978716297,1,0,0,0,0,0,0,0,0,49,1,4,0,0,1
1dc6,A,105,ALA,1.8,88.6,0.0,0,0,H,0.0,-62.6,-19.5,27.0,13.0,0.675,4.755870798971559,38,35,37,-2,0.05502036118606539,1,0,0,0,0,0,0,0,0,31,93,2,0,2,1
1dc6,A,106,ARG,-4.5,173.4,1.0,5,0,G,0.3225806451612903,-74.1,-17.7,6.0,27.0,0.18181818181818182,2.113891883103024,25,28,25,3,0.04289723075523742,0,0,0,1,0,0,0,0,0,49,1,4,0,0,1
1dc6,A,107,LYS,-3.9,168.6,1.0,2,0,G,0.3804878048780488,-57.4,-24.8,14.0,15.0,0.4827586206896552,2.348249468787097,27,23,29,-6,0.040099585271200194,0,0,0,1,0,0,0,0,0,49,1,4,0,0,1
1dc6,A,108,HIS,-3.2,153.2,0.1,2,1,G,0.0,-69.9,-34.7,26.0,14.0,0.65,4.774966798194699,44,34,25,9,0.05408781269138631,0,0,0,1,0,0,0,0,0,49,1,4,0,0,1
1dc6,A,109,ILE,4.5,166.7,0.0,0,0,T,0.1952662721893491,-81.3,-37.5,11.0,20.0,0.3548387096774194,2.465270458457722,25,44,24,20,0.040565859518539735,0,0,0,0,0,1,0,0,0,31,93,2,0,2,1
1dc6,A,110,THR,-0.7,116.1,0.0,1,1,T,0.7112676056338029,-72.8,-10.1,10.0,15.0,0.4,1.776704759654269,24,38,13,25,0.027043906345693154,0,0,0,0,0,1,0,0,0,49,1,4,0,0,1
1dc6,A,111,ALA,1.8,88.6,0.0,0,0,T,0.07547169811320754,-91.3,-4.5,22.0,7.0,0.7586206896551724,2.033640436688738,25,42,19,23,0.04103213376587927,0,0,0,0,0,1,0,0,0,-1,0,0,0,0,0
1dc6,A,112,GLY,-0.4,60.1,0.0,0,0,T,0.32142857142857145,119.4,-7.6,13.0,12.0,0.52,1.7463026453028516,26,41,21,20,0.03590311704514436,0,0,0,0,0,1,0,0,0,-1,0,0,0,0,0
1dc6,A,113,ALA,1.8,88.6,0.0,0,0,-,0.0660377358490566,-79.3,174.4,28.0,9.0,0.7567567567567568,2.5235948725230477,30,47,23,24,0.048492521723311866,0,0,0,0,0,0,0,0,0,-1,0,0,0,0,0
1dc6,A,114,LYS,-3.9,168.6,1.0,2,0,S,0.5707317073170731,-102.3,-51.2,12.0,22.0,0.35294117647058826,1.979446703288986,27,22,20,2,0.03357174580844668,0,0,0,0,0,0,1,0,0,31,93,2,0,2,1
1dc6,A,115,LYS,-3.9,168.6,1.0,2,0,E,0.23902439024390243,-134.5,170.3,19.0,20.0,0.48717948717948717,2.9480934987950187,30,23,16,7,0.045228601991935104,0,0,1,0,0,0,0,0,0,13,264,5,0,17,1
1dc6,A,116,VAL,4.2,140.0,0.0,0,0,E,0.0,-141.5,145.8,27.0,26.0,0.5094339622641509,6.406868574325559,42,40,29,11,0.0526889899493677,0,0,1,0,0,0,0,0,0,31,93,2,0,2,1
1dc6,A,117,VAL,4.2,140.0,0.0,0,0,E,0.0,-128.2,115.8,24.0,29.0,0.4528301886792453,6.6993214998888755,49,15,18,-3,0.05222271570202816,0,0,1,0,0,0,0,0,0,-1,0,0,0,0,0
1dc6,A,118,MET,1.9,162.9,0.0,0,0,E,0.0,-80.4,132.1,24.0,24.0,0.5,4.267355308760744,41,12,20,-8,0.0526889899493677,0,0,1,0,0,0,0,0,0,-1,0,0,0,0,0
1dc6,A,119,THR,-0.7,116.1,0.0,1,1,S,0.14788732394366197,-88.5,36.6,27.0,24.0,0.5294117647058824,2.251193444878198,39,5,10,-5,0.04755997322863279,0,0,0,0,0,0,1,0,0,-1,0,0,0,0,0
1dc6,A,120,GLY,-0.4,60.1,0.0,0,0,S,0.13095238095238096,-164.6,166.1,14.0,28.0,0.3333333333333333,2.581755832982499,35,8,10,-2,0.040099585271200194,0,0,0,0,0,0,1,0,0,-1,0,0,0,0,0
1dc6,A,121,PRO,-1.6,112.7,0.0,0,0,-,0.38235294117647056,-69.6,135.3,14.0,26.0,0.35,2.123372514795629,31,12,7,5,0.03823448828184205,0,0,0,0,0,0,0,0,0,-1,0,0,0,0,0
1dc6,A,122,SER,-0.8,89.0,0.0,1,1,S,0.7024390243902439,-104.9,-1.0,18.0,15.0,0.5454545454545454,2.1692300670298557,26,5,12,-7,0.043363505002576956,0,0,0,0,0,0,1,0,0,27,67,4,0,3,1
1dc6,A,122,LYS,-3.9,168.6,1.0,2,0,S,0.7024390243902439,-104.9,-1.0,9.0,16.0,0.36,1.9509271009397036,18,2,15,-13,0.02844272908771177,0,0,0,0,0,0,1,0,0,27,67,4,0,3,1
1dc6,A,123,ASP,-3.5,111.1,-1.0,1,3,S,0.37423312883435583,-126.3,-142.1,11.0,8.0,0.5789473684210527,1.825575924947667,19,10,16,-6,0.025645083603674543,0,0,0,0,0,0,1,0,0,27,67,4,0,3,1
1dc6,A,124,ASN,-3.5,114.1,0.0,2,2,S,1.0,-92.5,3.4,1.0,15.0,0.0625,1.7220880055026606,13,10,14,-4,0.02144861537761871,0,0,0,0,0,0,1,0,0,27,67,4,0,3,1
1dc6,A,125,THR,-0.7,116.1,0.0,1,1,-,0.1056338028169014,-51.0,129.6,22.0,7.0,0.7586206896551724,1.8604586222734631,27,10,22,-12,0.03963331102386066,0,0,0,0,0,0,0,0,0,27,67,4,0,3,1
1dc6,A,126,PRO,-1.6,112.7,0.0,0,0,-,0.2867647058823529,-65.2,142.9,13.0,19.0,0.40625,2.251842136261382,30,10,18,-8,0.032172923066428064,0,0,0,0,0,0,0,0,0,27,67,4,0,3,1
1dc6,A,127,MET,1.9,162.9,0.0,0,0,B,0.19680851063829788,-105.6,143.6,22.0,21.0,0.5116279069767442,2.055823726061892,38,15,5,10,0.043829779249916496,0,1,0,0,0,0,0,0,0,-1,0,0,0,0,0
1dc6,A,128,PHE,2.8,189.9,0.0,0,0,-,0.02030456852791878,-132.3,133.3,21.0,24.0,0.4666666666666667,3.2600705401694743,38,26,9,17,0.05035761871267001,0,0,0,0,0,0,0,0,0,13,264,5,0,17,1
1dc6,A,129,VAL,4.2,140.0,0.0,0,0,-,0.0,-126.1,129.2,29.0,23.0,0.5576923076923077,4.669462304401774,39,31,10,21,0.048958795970651406,0,0,0,0,0,0,0,0,0,-1,0,0,0,0,0
1dc6,A,130,LYS,-3.9,168.6,1.0,2,0,T,0.2975609756097561,-59.2,126.1,25.0,21.0,0.5434782608695652,2.5403933880920477,35,22,16,6,0.04429605349725603,0,0,0,0,0,1,0,0,0,51,0,14,0,0,1
1dc6,A,131,GLY,-0.4,60.1,0.0,0,0,T,0.34523809523809523,83.6,8.3,24.0,14.0,0.631578947368421,1.7095646540572802,35,31,19,12,0.04103213376587927,0,0,0,0,0,1,0,0,0,51,0,14,0,0,1
1dc6,A,132,ALA,1.8,88.6,0.0,0,0,T,0.0660377358490566,-125.7,-65.2,27.0,12.0,0.6923076923076923,2.0683849326519033,34,30,19,11,0.03916703677652112,0,0,0,0,0,1,0,0,0,-1,0,0,0,0,0
1dc6,A,133,ASN,-3.5,114.1,0.0,2,2,T,0.10828025477707007,-147.4,35.7,16.0,11.0,0.5925925925925926,2.4100201511776116,31,32,11,21,0.04149840801321881,0,0,0,0,0,1,0,0,0,-1,0,0,0,0,0
1dc6,A,134,PHE,2.8,189.9,0.0,0,0,G,0.12690355329949238,-66.2,-28.4,13.0,16.0,0.4482758620689655,2.363463447148166,26,34,16,18,0.04243095650789788,0,0,0,1,0,0,0,0,0,51,0,14,0,0,1
1dc6,A,135,ASP,-3.5,111.1,-1.0,1,3,G,0.6625766871165644,-66.3,-12.3,4.0,13.0,0.23529411764705882,1.672083934823093,16,21,0,21,0.025178809356335007,0,0,0,1,0,0,0,0,0,-1,0,0,0,0,0
1dc6,A,136,LYS,-3.9,168.6,1.0,2,0,G,0.6780487804878049,-96.0,-3.2,13.0,9.0,0.5909090909090909,1.9539748032246618,18,7,8,-1,0.02797645484037223,0,0,0,1,0,0,0,0,0,13,264,5,0,17,1
1dc6,A,137,TYR,-1.3,193.6,0.0,1,1,-,0.16216216216216217,-56.5,125.0,19.0,7.0,0.7307692307692307,2.362115280151452,26,25,13,12,0.03916703677652112,0,0,0,0,0,0,0,0,0,13,264,5,0,17,1
1dc6,A,138,ALA,1.8,88.6,0.0,0,0,-,0.7358490566037735,-114.0,42.3,2.0,15.0,0.11764705882352941,1.8633954744014567,15,17,9,8,0.02098234113027917,0,0,0,0,0,0,0,0,0,13,264,5,0,17,1
1dc6,A,140,GLY,-0.4,60.1,0.0,0,0,-,0.5357142857142857,71.5,8.2,2.0,18.0,0.1,1.7095317818470646,18,23,8,15,0.025645083603674543,0,0,0,0,0,0,0,0,0,13,264,5,0,17,1
1dc6,A,141,GLN,-3.5,143.8,0.0,2,2,-,0.3181818181818182,-57.4,141.9,15.0,8.0,0.6521739130434783,2.179193869054207,24,17,9,8,0.03170664881908853,0,0,0,0,0,0,0,0,0,13,264,5,0,17,1
1dc6,A,142,ASP,-3.5,111.1,-1.0,1,3,S,0.3374233128834356,-83.3,-11.6,10.0,18.0,0.35714285714285715,2.1596196154991816,26,30,9,21,0.035436842797804825,0,0,0,0,0,0,1,0,0,31,93,2,0,2,1
1dc6,A,143,ILE,4.5,166.7,0.0,0,0,E,0.023668639053254437,-134.4,120.9,18.0,24.0,0.42857142857142855,2.2360658664295006,35,31,26,5,0.04989134446533048,0,0,1,0,0,0,0,0,0,31,93,2,0,2,1
1dc6,A,144,VAL,4.2,140.0,0.0,0,0,E,0.0,-138.1,163.6,20.0,24.0,0.45454545454545453,4.714331252569118,43,14,19,-5,0.050823892960009553,0,0,1,0,0,0,0,0,0,13,264,5,0,17,1
1dc6,A,145,SER,-0.8,89.0,0.0,1,1,E,0.0,-120.2,156.1,22.0,26.0,0.4583333333333333,5.582601936317304,40,5,13,-8,0.0526889899493677,0,0,1,0,0,0,0,0,0,-1,0,0,0,0,0
1dc6,A,146,ASN,-3.5,114.1,0.0,2,2,-,0.0,-106.4,22.7,24.0,23.0,0.5106382978723404,5.480536430346234,41,15,8,7,0.05455408693872585,0,0,0,0,0,0,0,0,0,-1,0,0,0,0,0
1dc6,A,147,ALA,1.8,88.6,0.0,0,0,-,0.009433962264150943,61.1,-158.4,26.0,16.0,0.6190476190476191,3.581164764163398,36,8,1,7,0.04662742473395372,0,0,0,0,0,0,0,0,0,-1,0,0,0,0,0
1dc6,A,148,SER,-0.8,89.0,0.0,1,1,-,0.13846153846153847,-101.9,179.8,12.0,29.0,0.2926829268292683,2.285820458774723,40,7,0,7,0.03963331102386066,0,0,0,0,0,0,0,0,0,-1,0,0,0,0,0
1dc6,A,149,CYS,2.5,108.5,0.0,1,0,H,0.23703703703703705,-75.4,-42.6,20.0,28.0,0.4166666666666667,2.6536527382492507,42,12,13,-1,0.04755997322863279,1,0,0,0,0,0,0,0,0,-1,0,0,0,0,0
1dc6,A,150,THR,-0.7,116.1,0.0,1,1,H,0.04929577464788732,-64.1,-31.8,21.0,26.0,0.44680851063829785,2.9892028616911275,41,12,4,8,0.043363505002576956,1,0,0,0,0,0,0,0,0,-1,0,0,0,0,0
1dc6,A,151,THR,-0.7,116.1,0.0,1,1,H,0.014084507042253521,-73.5,-40.0,23.0,29.0,0.4423076923076923,3.865672518488575,41,13,0,13,0.048492521723311866,1,0,0,0,0,0,0,0,0,-1,0,0,0,0,0
1dc6,A,152,ASN,-3.5,114.1,0.0,2,2,H,0.006369426751592357,-62.6,-21.0,30.0,24.0,0.5555555555555556,6.293900581298752,50,16,4,12,0.053621538444046775,1,0,0,0,0,0,0,0,0,-1,0,0,0,0,0
1dc6,A,153,CYS,2.5,108.5,0.0,1,0,H,0.0,-92.1,-42.9,28.0,24.0,0.5384615384615384,8.106051265074084,46,7,6,1,0.05129016720734909,1,0,0,0,0,0,0,0,0,-1,0,0,0,0,0
1dc6,A,154,LEU,3.8,166.7,0.0,0,0,H,0.0,-76.3,-35.0,29.0,25.0,0.5370370370370371,8.100437792217196,50,9,4,5,0.04755997322863279,1,0,0,0,0,0,0,0,0,-1,0,0,0,0,0
1dc6,A,155,ALA,1.8,88.6,0.0,0,0,H,0.0,-61.5,-55.4,26.0,22.0,0.5416666666666666,6.870460084232694,43,16,3,13,0.048492521723311866,1,0,0,0,0,0,0,0,0,-1,0,0,0,0,0
1dc6,A,156,PRO,-1.6,112.7,0.0,0,0,H,0.0,-55.4,-33.7,29.0,17.0,0.6304347826086957,5.60993963419861,45,18,8,10,0.050823892960009553,1,0,0,0,0,0,0,0,0,-1,0,0,0,0,0
1dc6,A,157,LEU,3.8,166.7,0.0,0,0,H,0.0,-75.6,-54.8,28.0,26.0,0.5185185185185185,7.295838595583061,48,9,5,4,0.04662742473395372,1,0,0,0,0,0,0,0,0,-1,0,0,0,0,0
1dc6,A,158,ALA,1.8,88.6,0.0,0,0,H,0.0,-52.0,-40.0,31.0,23.0,0.5740740740740741,6.898363805562271,42,11,15,-4,0.043829779249916496,1,0,0,0,0,0,0,0,0,-1,0,0,0,0,0
1dc6,A,159,LYS,-3.9,168.6,1.0,2,0,H,0.18536585365853658,-58.0,-42.8,21.0,17.0,0.5526315789473685,3.1961011527419827,32,2,23,-21,0.04289723075523742,1,0,0,0,0,0,0,0,0,-1,0,0,0,0,0
1dc6,A,160,VAL,4.2,140.0,0.0,0,0,H,0.007042253521126761,-72.8,-37.2,22.0,13.0,0.6285714285714286,2.375525788273897,36,15,15,0,0.043829779249916496,1,0,0,0,0,0,0,0,0,-1,0,0,0,0,0
1dc6,A,161,ILE,4.5,166.7,0.0,0,0,H,0.005917159763313609,-72.7,-31.4,25.0,16.0,0.6097560975609756,5.4562055813532035,38,18,12,6,0.04942507021799094,1,0,0,0,0,0,0,0,0,-1,0,0,0,0,0
1dc6,A,162,ASN,-3.5,114.1,0.0,2,2,H,0.17197452229299362,-76.5,-42.4,19.0,15.0,0.5588235294117647,2.370224421554164,29,20,26,-6,0.04103213376587927,1,0,0,0,0,0,0,0,0,-1,0,0,0,0,0
1dc6,A,163,ASP,-3.5,111.1,-1.0,1,3,H,0.5460122699386503,-66.8,-13.8,11.0,13.0,0.4583333333333333,1.757695958742776,21,10,10,0,0.030307826077069916,1,0,0,0,0,0,0,0,0,-1,0,0,0,0,0
1dc6,A,164,ASN,-3.5,114.1,0.0,2,2,H,0.47770700636942676,-114.3,-36.7,15.0,8.0,0.6521739130434783,1.7704161927157045,24,16,13,3,0.03170664881908853,1,0,0,0,0,0,0,0,0,-1,0,0,0,0,0
1dc6,A,165,PHE,2.8,189.9,0.0,0,0,H,0.08121827411167512,-126.7,-3.9,22.0,6.0,0.7857142857142857,2.442405556854313,30,16,20,-4,0.04103213376587927,1,0,0,0,0,0,0,0,0,-1,0,0,0,0,0
1dc6,A,166,GLY,-0.4,60.1,0.0,0,0,-,0.17857142857142858,63.0,112.6,3.0,22.0,0.12,1.8695639993166497,27,25,28,-3,0.04149840801321881,0,0,0,0,0,0,0,0,0,-1,0,0,0,0,0
1dc6,A,167,ILE,4.5,166.7,0.0,0,0,E,0.011834319526627219,-84.7,119.6,21.0,12.0,0.6363636363636364,3.209121915068728,33,30,31,-1,0.04616115048661418,0,0,1,0,0,0,0,0,0,-1,0,0,0,0,0
1dc6,A,168,ILE,4.5,166.7,0.0,0,0,E,0.3668639053254438,-71.5,-63.5,10.0,16.0,0.38461538461538464,2.057659677132552,22,23,19,4,0.03590311704514436,0,0,1,0,0,0,0,0,0,-1,0,0,0,0,0
1dc6,A,169,GLU,-3.5,138.4,-1.0,1,3,E,0.520618556701031,-147.6,156.2,3.0,27.0,0.1,1.9125594983140033,20,20,4,16,0.03683566553982344,0,0,1,0,0,0,0,0,0,-1,0,0,0,0,0
1dc6,A,170,GLY,-0.4,60.1,0.0,0,0,E,0.07142857142857142,-145.2,145.4,28.0,8.0,0.7777777777777778,1.7327702459471017,27,20,11,9,0.043829779249916496,0,0,1,0,0,0,0,0,0,-1,0,0,0,0,0
1dc6,A,171,LEU,3.8,166.7,0.0,0,0,E,0.676829268292683,-128.4,113.1,3.0,29.0,0.09375,1.8803042216085797,24,16,17,-1,0.035436842797804825,0,0,1,0,0,0,0,0,0,-1,0,0,0,0,0
1dc6,A,172,MET,1.9,162.9,0.0,0,0,E,0.015957446808510637,-99.3,149.0,25.0,15.0,0.625,3.283206643683089,39,8,9,-1,0.04662742473395372,0,0,1,0,0,0,0,0,0,-1,0,0,0,0,0
1dc6,A,173,THR,-0.7,116.1,0.0,1,1,E,0.22535211267605634,-142.4,120.7,9.0,26.0,0.2571428571428571,2.4699469544898887,29,10,8,2,0.03963331102386066,0,0,1,0,0,0,0,0,0,24,24,20,0,5,1
1dc6,A,174,THR,-0.7,116.1,0.0,1,1,E,0.007042253521126761,-109.8,130.0,26.0,13.0,0.6666666666666666,3.59115792097215,38,20,8,12,0.04709369898129325,0,0,1,0,0,0,0,0,0,24,24,20,0,5,1
1dc6,A,175,VAL,4.2,140.0,0.0,0,0,E,0.3732394366197183,-95.4,102.8,10.0,25.0,0.2857142857142857,2.274529112593348,31,19,8,11,0.045694876239274644,0,0,1,0,0,0,0,0,0,24,24,20,0,5,1
1dc6,A,176,HIS,-3.2,153.2,0.1,2,1,E,0.043478260869565216,-96.7,147.9,20.0,17.0,0.5405405405405406,2.011042405753766,34,11,6,5,0.048958795970651406,0,0,1,0,0,0,0,0,0,24,24,20,0,5,1
1dc6,A,177,ALA,1.8,88.6,0.0,0,0,E,0.0,-80.5,165.9,17.0,20.0,0.4594594594594595,2.746104982277919,32,21,11,10,0.04755997322863279,0,0,1,0,0,0,0,0,0,-1,0,0,0,0,0
1dc6,A,178,THR,-0.7,116.1,0.0,1,1,P,0.23943661971830985,-66.6,148.9,16.0,19.0,0.45714285714285713,2.089074636182766,30,29,4,25,0.045694876239274644,0,0,0,0,0,0,0,0,0,56,0,20,0,0,1
1dc6,A,179,THR,-0.7,116.1,0.0,1,1,-,0.29577464788732394,-132.5,174.1,12.0,14.0,0.46153846153846156,1.8275718562287813,22,34,6,28,0.032172923066428064,0,0,0,0,0,0,0,0,0,-1,0,0,0,0,0
1dc6,A,180,ALA,1.8,88.6,0.0,0,0,T,0.9150943396226415,-56.1,-14.4,6.0,13.0,0.3157894736842105,1.7675766184952448,19,25,3,22,0.019117244140921023,0,0,0,0,0,1,0,0,0,-1,0,0,0,0,0
1dc6,A,181,THR,-0.7,116.1,0.0,1,1,T,0.6690140845070423,-84.5,-8.7,12.0,14.0,0.46153846153846156,1.8418309360510041,22,25,8,17,0.020516066882939634,0,0,0,0,0,1,0,0,0,-1,0,0,0,0,0
1dc6,A,182,GLN,-3.5,143.8,0.0,2,2,S,0.1111111111111111,-90.8,173.2,20.0,12.0,0.625,2.0673491983125665,30,36,8,28,0.03823448828184205,0,0,0,0,0,0,1,0,0,-1,0,0,0,0,0
1dc6,A,183,LYS,-3.9,168.6,1.0,2,0,-,0.36097560975609755,-110.4,147.7,12.0,13.0,0.48,1.9932207024032265,25,12,11,1,0.03590311704514436,0,0,0,0,0,0,0,0,0,-1,0,0,0,0,0
1dc6,A,184,THR,-0.7,116.1,0.0,1,1,S,0.8943661971830986,-67.9,-36.3,0.0,20.0,0.0,1.8318738628384985,19,14,8,6,0.02611135785101408,0,0,0,0,0,0,1,0,0,-1,0,0,0,0,0
1dc6,A,185,VAL,4.2,140.0,0.0,0,0,S,0.6690140845070423,-140.5,158.5,0.0,16.0,0.0,1.973667316954048,15,19,8,11,0.027510180593032695,0,0,0,0,0,0,1,0,0,-1,0,0,0,0,0
1dc6,A,186,ASP,-3.5,111.1,-1.0,1,3,S,0.5644171779141104,-41.8,106.9,1.0,17.0,0.05555555555555555,1.6721577891316035,18,23,0,23,0.030307826077069916,0,0,0,0,0,0,1,0,0,-1,0,0,0,0,0
1dc6,A,187,GLY,-0.4,60.1,0.0,0,0,-,0.38095238095238093,-140.3,-179.6,7.0,10.0,0.4117647058823529,1.7096108810827024,19,28,10,18,0.027510180593032695,0,0,0,0,0,0,0,0,0,3,949,6,0,59,1
1dc6,A,188,PRO,-1.6,112.7,0.0,0,0,-,0.875,-66.0,132.9,0.0,17.0,0.0,1.833892072548236,17,33,11,22,0.022381163872297785,0,0,0,0,0,0,0,0,0,3,949,6,0,59,1
1dc6,A,189,SER,-0.8,89.0,0.0,1,1,-,0.23846153846153847,-157.9,72.7,14.0,3.0,0.8235294117647058,1.7395785661128331,17,40,11,29,0.03357174580844668,0,0,0,0,0,0,0,0,0,3,949,6,0,59,1
1dc6,A,190,HIS,-3.2,153.2,0.1,2,1,T,0.8913043478260869,-66.6,-12.3,0.0,12.0,0.0,1.788235605986215,9,12,8,4,0.023779986614316396,0,0,0,0,0,1,0,0,0,3,949,6,0,59,1
1dc6,A,191,LYS,-3.9,168.6,1.0,2,0,T,0.9121951219512195,-92.5,-13.0,3.0,9.0,0.25,1.870678055181366,11,14,8,6,0.020049792635600097,0,0,0,0,0,1,0,0,0,3,949,6,0,59,1
1dc6,A,192,ASP,-3.5,111.1,-1.0,1,3,-,0.39263803680981596,-164.6,89.4,10.0,7.0,0.5882352941176471,1.9118426701793734,18,44,0,44,0.025178809356335007,0,0,0,0,0,0,0,0,0,3,949,6,0,59,1
1dc6,A,193,TRP,-0.9,227.8,0.0,1,0,G,0.933920704845815,-49.1,-44.7,0.0,19.0,0.0,1.7896105229423678,10,34,8,26,0.030774100324409453,0,0,0,1,0,0,0,0,0,3,949,6,0,59,1
1dc6,A,194,ARG,-4.5,173.4,1.0,5,0,G,0.6129032258064516,-64.1,-36.3,9.0,17.0,0.34615384615384615,1.9469268630807128,18,18,8,10,0.03357174580844668,0,0,0,1,0,0,0,0,0,45,2,9,0,0,1
1dc6,A,195,GLY,-0.4,60.1,0.0,0,0,G,0.09523809523809523,-70.5,-3.9,13.0,20.0,0.3939393939393939,1.9912128052273892,29,48,16,32,0.043829779249916496,0,0,0,1,0,0,0,0,0,3,949,6,0,59,1
1dc6,A,196,GLY,-0.4,60.1,0.0,0,0,G,0.011904761904761904,-100.5,-12.6,8.0,21.0,0.27586206896551724,2.059532627729741,27,37,16,21,0.04476232774459557,0,0,0,1,0,0,0,0,0,3,949,6,0,59,1
1dc6,A,197,ARG,-4.5,173.4,1.0,5,0,S,0.5201612903225806,-72.2,147.4,12.0,16.0,0.42857142857142855,2.1625131291907094,21,18,13,5,0.04196468226055834,0,0,0,0,0,0,1,0,0,-1,0,0,0,0,0
1dc6,A,198,GLY,-0.4,60.1,0.0,0,0,-,0.0,-36.3,109.8,5.0,19.0,0.20833333333333334,2.286567597020728,22,29,8,21,0.04289723075523742,0,0,0,0,0,0,0,0,0,-1,0,0,0,0,0
1dc6,A,199,ALA,1.8,88.6,0.0,0,0,G,0.08490566037735849,-55.9,-60.0,13.0,17.0,0.43333333333333335,2.4829810376191457,27,29,7,22,0.048492521723311866,0,0,0,1,0,0,0,0,0,56,0,20,0,0,1
1dc6,A,200,SER,-0.8,89.0,0.0,1,1,G,0.7076923076923077,-63.2,-14.9,6.0,19.0,0.24,1.806402075992473,18,12,2,10,0.029375277582390842,0,0,0,1,0,0,0,0,0,56,0,20,0,0,1
1dc6,A,201,GLN,-3.5,143.8,0.0,2,2,G,0.6717171717171717,-93.0,-19.6,8.0,13.0,0.38095238095238093,1.8184808218665904,17,15,7,8,0.022381163872297785,0,0,0,1,0,0,0,0,0,-1,0,0,0,0,0
1dc6,A,202,ASN,-3.5,114.1,0.0,2,2,-,0.3503184713375796,-132.3,171.0,16.0,8.0,0.6666666666666666,1.853658162049915,22,25,6,19,0.03310547156110714,0,0,0,0,0,0,0,0,0,56,0,20,0,0,1
1dc6,A,203,ILE,4.5,166.7,0.0,0,0,-,0.6686390532544378,-105.0,113.7,3.0,19.0,0.13636363636363635,1.9757400263338376,21,17,0,17,0.03357174580844668,0,0,0,0,0,0,0,0,0,56,0,20,0,0,1
1dc6,A,204,ILE,4.5,166.7,0.0,0,0,E,0.04142011834319527,-108.4,106.5,22.0,7.0,0.7586206896551724,2.383796898839943,28,40,7,33,0.04196468226055834,0,0,1,0,0,0,0,0,0,45,2,9,0,0,1
1dc6,A,205,PRO,-1.6,112.7,0.0,0,0,E,0.33088235294117646,-57.6,139.4,1.0,24.0,0.04,2.0723929602522833,22,25,6,19,0.03403802005578621,0,0,1,0,0,0,0,0,0,45,2,9,0,0,1
1dc6,A,206,SER,-0.8,89.0,0.0,1,1,E,0.2153846153846154,-142.3,161.3,22.0,8.0,0.7333333333333333,1.7396376308800543,27,31,7,24,0.03776821403450251,0,0,1,0,0,0,0,0,0,7,221,10,0,26,1
1dc6,A,207,SER,-0.8,89.0,0.0,1,1,E,0.8923076923076924,-96.2,153.3,6.0,19.0,0.24,1.739552254307051,21,21,8,13,0.02144861537761871,0,0,1,0,0,0,0,0,0,7,221,10,0,26,1
1dc6,A,208,THR,-0.7,116.1,0.0,1,1,-,0.2746478873239437,-159.0,141.6,25.0,4.0,0.8620689655172413,1.8851770369285796,27,16,0,16,0.025645083603674543,0,0,0,0,0,0,0,0,0,7,221,10,0,26,1
1dc6,A,209,GLY,-0.4,60.1,0.0,0,0,-,0.5357142857142857,-110.6,22.4,8.0,22.0,0.26666666666666666,1.7097210288890723,26,15,0,15,0.027043906345693154,0,0,0,0,0,0,0,0,0,7,221,10,0,26,1
1dc6,A,210,ALA,1.8,88.6,0.0,0,0,T,0.018867924528301886,-66.4,-33.5,23.0,15.0,0.6052631578947368,2.448884984364459,33,17,0,17,0.040565859518539735,0,0,0,0,0,1,0,0,0,7,221,10,0,26,1
1dc6,A,211,ALA,1.8,88.6,0.0,0,0,T,0.009433962264150943,-69.8,-48.0,20.0,23.0,0.46511627906976744,4.001697124577164,35,22,0,22,0.045228601991935104,0,0,0,0,0,1,0,0,0,-1,0,0,0,0,0
1dc6,A,212,LYS,-3.9,168.6,1.0,2,0,T,0.6390243902439025,-59.0,-38.0,5.0,27.0,0.15625,2.095833283991448,23,13,0,13,0.03730193978716297,0,0,0,0,0,1,0,0,0,-1,0,0,0,0,0
1dc6,A,213,ALA,1.8,88.6,0.0,0,0,T,0.09433962264150944,-66.9,-16.0,23.0,18.0,0.5609756097560976,2.675915939546985,36,19,0,19,0.03450429430312575,0,0,0,0,0,1,0,0,0,-1,0,0,0,0,0
1dc6,A,214,VAL,4.2,140.0,0.0,0,0,H,0.0,-69.9,-32.6,25.0,18.0,0.5813953488372093,5.087729946562833,39,27,9,18,0.048958795970651406,1,0,0,0,0,0,0,0,0,-1,0,0,0,0,0
1dc6,A,215,GLY,-0.4,60.1,0.0,0,0,H,0.023809523809523808,-70.7,-18.9,12.0,19.0,0.3870967741935484,2.2147035573090164,26,24,9,15,0.04476232774459557,1,0,0,0,0,0,0,0,0,12,161,11,0,18,1
1dc6,A,216,LYS,-3.9,168.6,1.0,2,0,H,0.7268292682926829,-89.1,-23.9,15.0,16.0,0.4838709677419355,1.9178095019351653,27,8,2,6,0.03357174580844668,1,0,0,0,0,0,0,0,0,-1,0,0,0,0,0
1dc6,A,217,VAL,4.2,140.0,0.0,0,0,H,0.04929577464788732,-95.3,-30.8,25.0,12.0,0.6756756756756757,2.308816551900906,35,29,12,17,0.040565859518539735,1,0,0,0,0,0,0,0,0,-1,0,0,0,0,0
1dc6,A,218,LEU,3.8,166.7,0.0,0,0,S,0.012195121951219513,-125.0,91.1,24.0,11.0,0.6857142857142857,3.020322307669491,35,27,15,12,0.040099585271200194,0,0,0,0,0,0,1,0,0,12,161,11,0,18,1
1dc6,A,219,PRO,-1.6,112.7,0.0,0,0,G,0.6102941176470589,-58.2,-35.3,2.0,18.0,0.1,2.036962638089687,17,23,9,14,0.02844272908771177,0,0,0,1,0,0,0,0,0,12,161,11,0,18,1
1dc6,A,220,GLU,-3.5,138.4,-1.0,1,3,G,0.4381443298969072,-49.8,-35.0,11.0,12.0,0.4782608695652174,1.7393158485339517,20,20,6,14,0.027043906345693154,0,0,0,1,0,0,0,0,0,12,161,11,0,18,1
1dc6,A,221,LEU,3.8,166.7,0.0,0,0,G,0.0,-90.4,0.1,26.0,6.0,0.8125,3.6428923705958938,32,27,18,9,0.04243095650789788,0,0,0,1,0,0,0,0,0,12,161,11,0,18,1
1dc6,A,222,ASN,-3.5,114.1,0.0,2,2,T,0.6687898089171974,-43.4,127.1,3.0,20.0,0.13043478260869565,1.8171869772494338,16,27,9,18,0.03590311704514436,0,0,0,0,0,1,0,0,0,12,161,11,0,18,1
1dc6,A,223,GLY,-0.4,60.1,0.0,0,0,T,0.8452380952380952,72.1,-4.0,3.0,20.0,0.13043478260869565,1.70963093059067,19,24,12,12,0.027043906345693154,0,0,0,0,0,1,0,0,0,12,161,11,0,18,1
1dc6,A,224,LYS,-3.9,168.6,1.0,2,0,S,0.4146341463414634,-89.7,-11.8,18.0,10.0,0.6428571428571429,1.9587415787266087,25,13,16,-3,0.032639197313767604,0,0,0,0,0,0,1,0,0,12,161,11,0,18,1
1dc6,A,225,LEU,3.8,166.7,0.0,0,0,E,0.054878048780487805,-130.1,150.5,29.0,7.0,0.8055555555555556,3.1076305256467545,35,22,10,12,0.043363505002576956,0,0,1,0,0,0,0,0,0,-1,0,0,0,0,0
1dc6,A,226,THR,-0.7,116.1,0.0,1,1,E,0.39436619718309857,-159.6,164.6,2.0,28.0,0.06666666666666667,2.154919191381818,26,15,7,8,0.03590311704514436,0,0,1,0,0,0,0,0,0,-1,0,0,0,0,0
1dc6,A,227,GLY,-0.4,60.1,0.0,0,0,E,0.23809523809523808,-173.2,-170.8,24.0,8.0,0.75,1.7665143440572675,25,11,3,8,0.03963331102386066,0,0,1,0,0,0,0,0,0,7,221,10,0,26,1
1dc6,A,228,MET,1.9,162.9,0.0,0,0,E,0.425531914893617,-142.9,-169.7,5.0,21.0,0.19230769230769232,2.4019967790036283,23,4,8,-4,0.03823448828184205,0,0,1,0,0,0,0,0,0,7,221,10,0,26,1
1dc6,A,229,ALA,1.8,88.6,0.0,0,0,E,0.04716981132075472,-147.0,166.0,19.0,12.0,0.6129032258064516,2.6232121894598324,29,26,4,22,0.045228601991935104,0,0,1,0,0,0,0,0,0,7,221,10,0,26,1
1dc6,A,230,PHE,2.8,189.9,0.0,0,0,E,0.3299492385786802,-136.2,119.2,13.0,15.0,0.4642857142857143,2.5334581397421925,22,21,4,17,0.04476232774459557,0,0,1,0,0,0,0,0,0,24,24,20,0,5,1
1dc6,A,231,ARG,-4.5,173.4,1.0,5,0,E,0.1814516129032258,-89.6,124.9,21.0,16.0,0.5675675675675675,2.864228723397324,38,16,3,13,0.05175644145468863,0,0,1,0,0,0,0,0,0,56,0,20,0,0,1
1dc6,A,232,VAL,4.2,140.0,0.0,0,0,E,0.18309859154929578,-124.3,159.5,10.0,19.0,0.3448275862068966,2.683110209300537,27,21,0,21,0.04289723075523742,0,0,1,0,0,0,0,0,0,56,0,20,0,0,1
1dc6,A,233,PRO,-1.6,112.7,0.0,0,0,S,0.4852941176470588,-68.0,70.9,9.0,17.0,0.34615384615384615,1.900898304343461,23,14,0,14,0.03357174580844668,0,0,0,0,0,0,1,0,0,56,0,20,0,0,1
1dc6,A,234,THR,-0.7,116.1,0.0,1,1,-,0.30985915492957744,-143.8,143.5,17.0,10.0,0.6296296296296297,1.8559648882357482,25,18,1,17,0.02611135785101408,0,0,0,0,0,0,0,0,0,56,0,20,0,0,1
1dc6,A,235,PRO,-1.6,112.7,0.0,0,0,S,0.6985294117647058,-74.3,-18.7,7.0,19.0,0.2692307692307692,1.9003793663505224,25,17,10,7,0.028909003335051305,0,0,0,0,0,0,1,0,0,-1,0,0,0,0,0
1dc6,A,236,ASN,-3.5,114.1,0.0,2,2,S,0.05732484076433121,-166.5,166.7,16.0,19.0,0.45714285714285713,2.117646685695509,34,25,24,1,0.04476232774459557,0,0,0,0,0,0,1,0,0,-1,0,0,0,0,0
1dc6,A,237,VAL,4.2,140.0,0.0,0,0,-,0.028169014084507043,63.5,121.9,21.0,21.0,0.5,2.376895365124262,35,14,28,-14,0.05595290968074446,0,0,0,0,0,0,0,0,0,-1,0,0,0,0,0
1dc6,A,238,SER,-0.8,89.0,0.0,1,1,E,0.007692307692307693,-117.6,-177.2,23.0,23.0,0.5,2.548888385391708,37,17,14,3,0.05175644145468863,0,0,1,0,0,0,0,0,0,-1,0,0,0,0,0
1dc6,A,239,VAL,4.2,140.0,0.0,0,0,E,0.176056338028169,-150.0,137.5,18.0,25.0,0.4186046511627907,2.5131527863272654,38,10,16,-6,0.045694876239274644,0,0,1,0,0,0,0,0,0,24,24,20,0,5,1
1dc6,A,240,VAL,4.2,140.0,0.0,0,0,E,0.0,-97.5,140.7,28.0,18.0,0.6086956521739131,3.7335061559794083,37,13,11,2,0.0526889899493677,0,0,1,0,0,0,0,0,0,24,24,20,0,5,1
1dc6,A,241,ASP,-3.5,111.1,-1.0,1,3,E,0.26993865030674846,-118.2,92.8,10.0,27.0,0.2702702702702703,1.9921082675476385,31,9,0,9,0.04243095650789788,0,0,1,0,0,0,0,0,0,-1,0,0,0,0,0
1dc6,A,242,LEU,3.8,166.7,0.0,0,0,E,0.0,-96.3,119.6,24.0,18.0,0.5714285714285714,4.487605725694168,35,14,11,3,0.04429605349725603,0,0,1,0,0,0,0,0,0,-1,0,0,0,0,0
1dc6,A,243,THR,-0.7,116.1,0.0,1,1,E,0.23943661971830985,-106.8,116.2,5.0,29.0,0.14705882352941177,2.0883235413371026,28,18,16,2,0.04196468226055834,0,0,1,0,0,0,0,0,0,-1,0,0,0,0,0
1dc6,A,244,VAL,4.2,140.0,0.0,0,0,E,0.0,-129.1,158.5,22.0,16.0,0.5789473684210527,3.049560305879729,35,24,17,7,0.04989134446533048,0,0,1,0,0,0,0,0,0,-1,0,0,0,0,0
1dc6,A,245,ARG,-4.5,173.4,1.0,5,0,E,0.3790322580645161,-109.4,130.5,6.0,24.0,0.2,2.1444187148607523,22,8,18,-10,0.04476232774459557,0,0,1,0,0,0,0,0,0,-1,0,0,0,0,0
1dc6,A,246,LEU,3.8,166.7,0.0,0,0,E,0.036585365853658534,-106.5,151.7,21.0,9.0,0.7,3.462859395577544,29,20,25,-5,0.048492521723311866,0,0,1,0,0,0,0,0,0,6,863,3,0,30,1
1dc6,A,247,GLU,-3.5,138.4,-1.0,1,3,S,0.7628865979381443,-75.7,-60.3,8.0,12.0,0.4,1.812632255384155,16,22,3,19,0.032639197313767604,0,0,0,0,0,0,1,0,0,-1,0,0,0,0,0
1dc6,A,248,LYS,-3.9,168.6,1.0,2,0,S,0.6926829268292682,-90.1,106.3,8.0,12.0,0.4,2.109486274302206,19,2,20,-18,0.028909003335051305,0,0,0,0,0,0,1,0,0,-1,0,0,0,0,0
1dc6,A,249,ALA,1.8,88.6,0.0,0,0,-,0.4528301886792453,-41.5,155.2,3.0,22.0,0.12,1.8291507391479,19,12,17,-5,0.032172923066428064,0,0,0,0,0,0,0,0,0,-1,0,0,0,0,0
1dc6,A,250,ALA,1.8,88.6,0.0,0,0,-,0.02830188679245283,-169.8,142.0,17.0,8.0,0.68,1.9164082610526354,24,12,18,-6,0.03776821403450251,0,0,0,0,0,0,0,0,0,6,863,3,0,30,1
1dc6,A,251,THR,-0.7,116.1,0.0,1,1,-,0.3873239436619718,-81.2,161.5,3.0,17.0,0.15,2.1005743199465785,18,12,17,-5,0.03170664881908853,0,0,0,0,0,0,0,0,0,-1,0,0,0,0,0
1dc6,A,252,TYR,-1.3,193.6,0.0,1,1,H,0.18468468468468469,-58.6,-42.6,11.0,16.0,0.4074074074074074,2.2425450525903745,30,20,22,-2,0.03730193978716297,1,0,0,0,0,0,0,0,0,-1,0,0,0,0,0
1dc6,A,253,GLU,-3.5,138.4,-1.0,1,3,H,0.6597938144329897,-56.5,-28.2,0.0,19.0,0.0,1.7148873786946022,15,9,6,3,0.028909003335051305,1,0,0,0,0,0,0,0,0,30,24,12,0,2,1
1dc6,A,254,GLN,-3.5,143.8,0.0,2,2,H,0.5202020202020202,-82.8,-36.3,11.0,10.0,0.5238095238095238,1.8710869376184809,16,16,16,0,0.03357174580844668,1,0,0,0,0,0,0,0,0,-1,0,0,0,0,0
1dc6,A,255,ILE,4.5,166.7,0.0,0,0,H,0.0,-66.9,-42.7,26.0,13.0,0.6666666666666666,3.9427724809248814,35,18,16,2,0.04662742473395372,1,0,0,0,0,0,0,0,0,6,863,3,0,30,1
1dc6,A,256,LYS,-3.9,168.6,1.0,2,0,H,0.17073170731707318,-54.2,-51.2,12.0,20.0,0.375,2.3193694957389908,23,14,21,-7,0.045228601991935104,1,0,0,0,0,0,0,0,0,30,24,12,0,2,1
1dc6,A,257,ALA,1.8,88.6,0.0,0,0,H,0.5754716981132075,-58.4,-33.9,6.0,16.0,0.2727272727272727,1.7675554031936116,23,18,18,0,0.03357174580844668,1,0,0,0,0,0,0,0,0,-1,0,0,0,0,0
1dc6,A,258,ALA,1.8,88.6,0.0,0,0,H,0.12264150943396226,-67.1,-52.9,15.0,16.0,0.4838709677419355,1.848194256026943,31,19,17,2,0.0363693912924839,1,0,0,0,0,0,0,0,0,-1,0,0,0,0,0
1dc6,A,259,VAL,4.2,140.0,0.0,0,0,H,0.0,-59.3,-53.2,22.0,18.0,0.55,4.329219756332971,37,20,18,2,0.048492521723311866,1,0,0,0,0,0,0,0,0,9,119,18,0,23,1
1dc6,A,260,LYS,-3.9,168.6,1.0,2,0,H,0.375609756097561,-52.9,-36.9,9.0,19.0,0.32142857142857145,2.2838800930629315,20,9,17,-8,0.03963331102386066,1,0,0,0,0,0,0,0,0,9,119,18,0,23,1
1dc6,A,261,ALA,1.8,88.6,0.0,0,0,H,0.5660377358490566,-68.1,-42.5,8.0,15.0,0.34782608695652173,1.7676552985096339,19,18,18,0,0.03124037457174899,1,0,0,0,0,0,0,0,0,9,119,18,0,23,1
1dc6,A,262,ALA,1.8,88.6,0.0,0,0,H,0.0660377358490566,-68.3,-44.7,21.0,9.0,0.7,2.242153249133436,28,23,20,3,0.03776821403450251,1,0,0,0,0,0,0,0,0,9,119,18,0,23,1
1dc6,A,263,ALA,1.8,88.6,0.0,0,0,H,0.12264150943396226,-54.7,-33.9,16.0,13.0,0.5517241379310345,2.234933064839261,25,20,18,2,0.04709369898129325,1,0,0,0,0,0,0,0,0,9,119,18,0,23,1
1dc6,A,264,GLU,-3.5,138.4,-1.0,1,3,H,0.6288659793814433,-85.6,-17.8,6.0,12.0,0.3333333333333333,1.7332085191284579,16,19,6,13,0.030774100324409453,1,0,0,0,0,0,0,0,0,9,119,18,0,23,1
1dc6,A,265,GLY,-0.4,60.1,0.0,0,0,T,0.5357142857142857,-121.5,-94.9,6.0,11.0,0.35294117647058826,1.7691561450537434,15,15,18,-3,0.02611135785101408,0,0,0,0,0,1,0,0,0,9,119,18,0,23,1
1dc6,A,266,GLU,-3.5,138.4,-1.0,1,3,T,0.6855670103092784,-63.4,-40.5,8.0,12.0,0.4,1.7349875666469283,21,19,9,10,0.02144861537761871,0,0,0,0,0,1,0,0,0,-1,0,0,0,0,0
1dc6,A,267,MET,1.9,162.9,0.0,0,0,T,0.02127659574468085,-92.7,25.0,24.0,6.0,0.8,2.4447248601453024,31,32,16,16,0.03683566553982344,0,0,0,0,0,1,0,0,0,-1,0,0,0,0,0
1dc6,A,268,LYS,-3.9,168.6,1.0,2,0,T,0.7853658536585366,-69.9,124.4,4.0,18.0,0.18181818181818182,1.915697375370331,18,6,16,-10,0.03124037457174899,0,0,0,0,0,1,0,0,0,9,119,18,0,23,1
1dc6,A,269,GLY,-0.4,60.1,0.0,0,0,T,0.44047619047619047,96.1,-4.9,7.0,17.0,0.2916666666666667,1.78026911171032,25,25,18,7,0.02844272908771177,0,0,0,0,0,1,0,0,0,51,0,14,0,0,1
1dc6,A,270,VAL,4.2,140.0,0.0,0,0,T,0.028169014084507043,-124.8,-53.9,19.0,19.0,0.5,3.0290553141736196,40,23,19,4,0.04243095650789788,0,0,0,0,0,1,0,0,0,51,0,14,0,0,1
1dc6,A,271,LEU,3.8,166.7,0.0,0,0,E,0.006097560975609756,-107.1,129.5,22.0,19.0,0.5365853658536586,3.8455782606245728,39,22,19,3,0.04709369898129325,0,0,1,0,0,0,0,0,0,-1,0,0,0,0,0
1dc6,A,272,GLY,-0.4,60.1,0.0,0,0,E,0.14285714285714285,-117.8,165.2,17.0,21.0,0.4473684210526316,2.5453816142551924,36,16,18,-2,0.043829779249916496,0,0,1,0,0,0,0,0,0,-1,0,0,0,0,0
1dc6,A,273,TYR,-1.3,193.6,0.0,1,1,E,0.20270270270270271,-135.7,134.7,13.0,22.0,0.37142857142857144,2.1420950435617145,26,22,32,-10,0.040565859518539735,0,0,1,0,0,0,0,0,0,30,24,12,0,2,1
1dc6,A,274,THR,-0.7,116.1,0.0,1,1,E,0.14084507042253522,-145.0,146.8,16.0,13.0,0.5517241379310345,2.3294601499954846,30,27,38,-11,0.03870076252918159,0,0,1,0,0,0,0,0,0,26,24,17,0,4,1
1dc6,A,275,GLU,-3.5,138.4,-1.0,1,3,-,0.4484536082474227,-118.2,15.0,5.0,16.0,0.23809523809523808,1.776626776434992,19,25,26,-1,0.035436842797804825,0,0,0,0,0,0,0,0,0,30,24,12,0,2,1
1dc6,A,276,ASP,-3.5,111.1,-1.0,1,3,S,0.3128834355828221,-88.7,165.9,13.0,7.0,0.65,1.8093714547378947,21,21,32,-11,0.03357174580844668,0,0,0,0,0,0,1,0,0,26,24,17,0,4,1
1dc6,A,277,ASP,-3.5,111.1,-1.0,1,3,-,0.5644171779141104,-85.2,49.2,7.0,15.0,0.3181818181818182,1.6720225532598305,18,13,26,-13,0.03310547156110714,0,0,0,0,0,0,0,0,0,46,0,23,0,0,1
1dc6,A,278,VAL,4.2,140.0,0.0,0,0,-,0.08450704225352113,-63.5,158.6,21.0,8.0,0.7241379310344828,2.140249975162287,26,18,38,-20,0.04149840801321881,0,0,0,0,0,0,0,0,0,46,0,23,0,0,1
1dc6,A,279,VAL,4.2,140.0,0.0,0,0,-,0.44366197183098594,-134.5,169.7,8.0,22.0,0.26666666666666666,2.370432954610436,23,4,28,-24,0.03310547156110714,0,0,0,0,0,0,0,0,0,46,0,23,0,0,1
1dc6,A,280,SER,-0.8,89.0,0.0,1,1,G,0.2692307692307692,-48.2,-45.5,15.0,19.0,0.4411764705882353,2.1445942093900094,29,3,22,-19,0.03776821403450251,0,0,0,1,0,0,0,0,0,46,0,23,0,0,1
1dc6,A,281,THR,-0.7,116.1,0.0,1,1,G,0.36619718309859156,-58.7,-25.0,10.0,18.0,0.35714285714285715,1.834393140805891,24,13,24,-11,0.034970568550465285,0,0,0,1,0,0,0,0,0,46,0,23,0,0,1
1dc6,A,282,ASP,-3.5,111.1,-1.0,1,3,G,0.049079754601226995,-67.3,0.9,13.0,18.0,0.41935483870967744,2.0763062972396864,28,21,27,-6,0.045694876239274644,0,0,0,1,0,0,0,0,0,46,0,23,0,0,1
1dc6,A,283,PHE,2.8,189.9,0.0,0,0,G,0.02030456852791878,-123.6,2.1,23.0,15.0,0.6052631578947368,2.4978269283659973,34,9,33,-24,0.05035761871267001,0,0,0,1,0,0,0,0,0,46,0,23,0,0,1
1dc6,A,284,ASN,-3.5,114.1,0.0,2,2,T,0.445859872611465,-64.6,109.7,19.0,17.0,0.5277777777777778,1.8578301094433185,27,24,37,-13,0.04243095650789788,0,0,0,0,0,1,0,0,0,15,42,26,0,12,1
1dc6,A,285,GLY,-0.4,60.1,0.0,0,0,T,0.4642857142857143,103.9,0.2,8.0,23.0,0.25806451612903225,1.824109364776523,28,20,30,-10,0.03450429430312575,0,0,0,0,0,1,0,0,0,15,42,26,0,12,1
1dc6,A,286,GLU,-3.5,138.4,-1.0,1,3,-,0.18041237113402062,-65.4,133.1,21.0,12.0,0.6363636363636364,2.070498605868238,30,11,18,-7,0.03823448828184205,0,0,0,0,0,0,0,0,0,15,42,26,0,12,1
1dc6,A,287,VAL,4.2,140.0,0.0,0,0,-,0.44366197183098594,-90.7,-27.0,8.0,26.0,0.23529411764705882,2.374240870564564,32,17,25,-8,0.035436842797804825,0,0,0,0,0,0,0,0,0,15,42,26,0,12,1
1dc6,A,288,CYS,2.5,108.5,0.0,1,0,S,0.15555555555555556,-69.8,125.2,17.0,21.0,0.4473684210526316,3.073608527336176,33,19,19,0,0.04103213376587927,0,0,0,0,0,0,1,0,0,15,42,26,0,12,1
1dc6,A,289,THR,-0.7,116.1,0.0,1,1,S,0.02112676056338028,-72.3,-11.0,23.0,26.0,0.46938775510204084,6.240366327515345,43,19,23,-4,0.0526889899493677,0,0,0,0,0,0,1,0,0,-1,0,0,0,0,0
1dc6,A,290,SER,-0.8,89.0,0.0,1,1,E,0.0,-148.2,113.2,29.0,22.0,0.5686274509803921,5.560690287716401,42,8,16,-8,0.050823892960009553,0,0,1,0,0,0,0,0,0,-1,0,0,0,0,0
1dc6,A,291,VAL,4.2,140.0,0.0,0,0,E,0.056338028169014086,-116.1,109.1,21.0,27.0,0.4375,3.476478508354735,38,3,25,-22,0.048958795970651406,0,0,1,0,0,0,0,0,0,-1,0,0,0,0,0
1dc6,A,292,PHE,2.8,189.9,0.0,0,0,E,0.0,-65.5,131.3,23.0,23.0,0.5,5.680715711147416,37,24,18,6,0.05129016720734909,0,0,1,0,0,0,0,0,0,-1,0,0,0,0,0
1dc6,A,293,ASP,-3.5,111.1,-1.0,1,3,E,0.049079754601226995,-106.7,91.7,20.0,16.0,0.5555555555555556,3.27319070365299,28,16,23,-7,0.0526889899493677,0,0,1,0,0,0,0,0,0,46,0,23,0,0,1
1dc6,A,294,ALA,1.8,88.6,0.0,0,0,T,0.03773584905660377,-52.7,-48.9,14.0,15.0,0.4827586206896552,2.303905303992388,27,24,36,-12,0.04755997322863279,0,0,0,0,0,1,0,0,0,30,24,12,0,2,1
1dc6,A,295,LYS,-3.9,168.6,1.0,2,0,T,0.6536585365853659,-67.7,-21.1,6.0,17.0,0.2608695652173913,1.8976892769005564,17,5,34,-29,0.03450429430312575,0,0,0,0,0,1,0,0,0,23,23,21,0,5,1
1dc6,A,296,ALA,1.8,88.6,0.0,0,0,T,0.49056603773584906,-89.3,-29.5,17.0,10.0,0.6296296296296297,1.7906494096255332,23,19,29,-10,0.02844272908771177,0,0,0,0,0,1,0,0,0,-1,0,0,0,0,0
1dc6,A,297,GLY,-0.4,60.1,0.0,0,0,-,0.15476190476190477,-64.1,164.4,22.0,6.0,0.7857142857142857,2.206928656173197,23,23,15,8,0.03776821403450251,0,0,0,0,0,0,0,0,0,-1,0,0,0,0,0
1dc6,A,298,ILE,4.5,166.7,0.0,0,0,E,0.6331360946745562,-156.1,148.9,2.0,22.0,0.08333333333333333,1.9911144553185958,20,13,4,9,0.030307826077069916,0,0,1,0,0,0,0,0,0,-1,0,0,0,0,0
1dc6,A,299,ALA,1.8,88.6,0.0,0,0,E,0.330188679245283,-124.4,144.1,16.0,11.0,0.5925925925925926,1.7675626701014462,21,8,9,-1,0.0363693912924839,0,0,1,0,0,0,0,0,0,6,863,3,0,30,1
1dc6,A,300,LEU,3.8,166.7,0.0,0,0,E,0.7865853658536586,-85.2,-32.5,8.0,10.0,0.4444444444444444,1.8220732215140603,11,5,8,-3,0.024246260861655933,0,0,1,0,0,0,0,0,0,6,863,3,0,30,1
1dc6,A,301,ASN,-3.5,114.1,0.0,2,2,E,0.5222929936305732,-170.2,175.2,5.0,12.0,0.29411764705882354,1.8247480643149734,16,8,8,0,0.025645083603674543,0,0,1,0,0,0,0,0,0,6,863,3,0,30,1
1dc6,A,302,ASP,-3.5,111.1,-1.0,1,3,T,0.43558282208588955,-59.8,7.9,6.0,15.0,0.2857142857142857,1.8903096272451654,20,8,7,1,0.03357174580844668,0,0,0,0,0,1,0,0,0,6,863,3,0,30,1
1dc6,A,303,ASN,-3.5,114.1,0.0,2,2,T,0.35668789808917195,-140.2,-2.5,7.0,20.0,0.25925925925925924,1.8000407247131411,23,19,16,3,0.04243095650789788,0,0,0,0,0,1,0,0,0,6,863,3,0,30,1
1dc6,A,304,PHE,2.8,189.9,0.0,0,0,E,0.38578680203045684,-129.9,111.3,2.0,27.0,0.06896551724137931,1.926623787783548,20,20,13,7,0.040565859518539735,0,0,1,0,0,0,0,0,0,6,863,3,0,30,1
1dc6,A,305,VAL,4.2,140.0,0.0,0,0,E,0.028169014084507043,-140.9,155.3,22.0,13.0,0.6285714285714286,2.6474417089462134,30,17,13,4,0.048958795970651406,0,0,1,0,0,0,0,0,0,6,863,3,0,30,1
1dc6,A,306,LYS,-3.9,168.6,1.0,2,0,E,0.34146341463414637,-120.3,112.8,9.0,23.0,0.28125,2.369754466196644,26,1,9,-8,0.043363505002576956,0,0,1,0,0,0,0,0,0,-1,0,0,0,0,0
1dc6,A,307,LEU,3.8,166.7,0.0,0,0,E,0.0,-104.2,145.8,20.0,19.0,0.5128205128205128,5.421059216504056,38,15,15,0,0.048026247475972325,0,0,1,0,0,0,0,0,0,-1,0,0,0,0,0
1dc6,A,308,VAL,4.2,140.0,0.0,0,0,E,0.14084507042253522,-127.3,136.0,16.0,23.0,0.41025641025641024,3.1026847109162765,36,14,16,-2,0.04989134446533048,0,0,1,0,0,0,0,0,0,-1,0,0,0,0,0
1dc6,A,309,SER,-0.8,89.0,0.0,1,1,E,0.0,-140.1,144.8,24.0,23.0,0.5106382978723404,5.2525100478655755,44,2,17,-15,0.05035761871267001,0,0,1,0,0,0,0,0,0,-1,0,0,0,0,0
1dc6,A,310,TRP,-0.9,227.8,0.0,1,0,E,0.14096916299559473,-101.4,153.4,22.0,30.0,0.4230769230769231,3.849557218342736,36,3,31,-28,0.0526889899493677,0,0,1,0,0,0,0,0,0,46,0,23,0,0,1
1dc6,A,311,TYR,-1.3,193.6,0.0,1,1,E,0.02252252252252252,-154.4,133.6,29.0,22.0,0.5686274509803921,5.498981022430222,41,10,22,-12,0.05921682941212122,0,0,1,0,0,0,0,0,0,-1,0,0,0,0,0
1dc6,A,312,ASP,-3.5,111.1,-1.0,1,3,-,0.006134969325153374,-89.7,92.7,18.0,25.0,0.4186046511627907,4.890212728121274,37,12,22,-10,0.05548663543340492,0,0,0,0,0,0,0,0,0,15,42,26,0,12,1
1dc6,A,313,ASN,-3.5,114.1,0.0,2,2,T,0.07643312101910828,-46.5,-18.0,20.0,26.0,0.43478260869565216,2.452160504727816,40,28,23,5,0.048492521723311866,0,0,0,0,0,1,0,0,0,-1,0,0,0,0,0
1dc6,A,314,GLU,-3.5,138.4,-1.0,1,3,T,0.07216494845360824,-95.1,-56.4,20.0,25.0,0.4444444444444444,2.606131773276559,34,31,17,14,0.04755997322863279,0,0,0,0,0,1,0,0,0,-1,0,0,0,0,0
1dc6,A,315,THR,-0.7,116.1,0.0,1,1,H,0.11267605633802817,-76.0,-45.9,16.0,21.0,0.43243243243243246,3.0112061086339,33,31,26,5,0.04755997322863279,1,0,0,0,0,0,0,0,0,15,42,26,0,12,1
1dc6,A,316,GLY,-0.4,60.1,0.0,0,0,H,0.011904761904761904,-54.6,-63.5,26.0,17.0,0.6046511627906976,5.030500267903336,39,14,30,-16,0.050823892960009553,1,0,0,0,0,0,0,0,0,-1,0,0,0,0,0
1dc6,A,317,TYR,-1.3,193.6,0.0,1,1,H,0.036036036036036036,-53.8,-45.5,24.0,21.0,0.5333333333333333,2.787138174321864,42,14,20,-6,0.05222271570202816,1,0,0,0,0,0,0,0,0,-1,0,0,0,0,0
1dc6,A,318,SER,-0.8,89.0,0.0,1,1,H,0.0,-59.4,-36.2,19.0,24.0,0.4418604651162791,4.890246665547321,40,31,25,6,0.048026247475972325,1,0,0,0,0,0,0,0,0,-1,0,0,0,0,0
1dc6,A,319,ASN,-3.5,114.1,0.0,2,2,H,0.15286624203821655,-74.3,-35.8,16.0,25.0,0.3902439024390244,2.2407032625079526,35,36,25,11,0.045694876239274644,1,0,0,0,0,0,0,0,0,-1,0,0,0,0,0
1dc6,A,320,LYS,-3.9,168.6,1.0,2,0,H,0.024390243902439025,-69.2,-41.9,31.0,16.0,0.6595744680851063,3.526066137370977,40,16,13,3,0.050823892960009553,1,0,0,0,0,0,0,0,0,51,0,14,0,0,1
1dc6,A,321,VAL,4.2,140.0,0.0,0,0,H,0.0,-50.2,-43.0,29.0,21.0,0.58,5.961679974855469,45,22,14,8,0.05175644145468863,1,0,0,0,0,0,0,0,0,-1,0,0,0,0,0
1dc6,A,322,LEU,3.8,166.7,0.0,0,0,H,0.0,-67.1,-32.6,23.0,25.0,0.4791666666666667,4.338127585933211,42,31,20,11,0.048492521723311866,1,0,0,0,0,0,0,0,0,28,24,12,0,3,1
1dc6,A,323,ASP,-3.5,111.1,-1.0,1,3,H,0.18404907975460122,-65.9,-44.3,15.0,20.0,0.42857142857142855,1.9025732384634608,32,35,4,31,0.04429605349725603,1,0,0,0,0,0,0,0,0,51,0,14,0,0,1
1dc6,A,324,LEU,3.8,166.7,0.0,0,0,H,0.0,-61.9,-34.7,28.0,11.0,0.717948717948718,4.676508522474095,41,30,10,20,0.04989134446533048,1,0,0,0,0,0,0,0,0,-1,0,0,0,0,0
1dc6,A,325,ILE,4.5,166.7,0.0,0,0,H,0.0,-67.7,-43.0,29.0,20.0,0.5918367346938775,5.463728432907843,38,35,25,10,0.04616115048661418,1,0,0,0,0,0,0,0,0,-1,0,0,0,0,0
1dc6,A,326,ALA,1.8,88.6,0.0,0,0,H,0.2358490566037736,-65.7,-37.7,13.0,18.0,0.41935483870967744,2.173599282050663,27,34,19,15,0.04149840801321881,1,0,0,0,0,0,0,0,0,28,24,12,0,3,1
1dc6,A,327,HIS,-3.2,153.2,0.1,2,1,H,0.375,-64.2,-53.1,19.0,10.0,0.6551724137931034,1.7958370187305632,30,23,16,7,0.03590311704514436,1,0,0,0,0,0,0,0,0,13,264,5,0,17,1
1dc6,A,328,ILE,4.5,166.7,0.0,0,0,T,0.0,-72.2,5.3,22.0,8.0,0.7333333333333333,2.7266095096730454,30,32,14,18,0.040565859518539735,0,0,0,0,0,1,0,0,0,13,264,5,0,17,1
1dc6,A,329,SER,-0.8,89.0,0.0,1,1,-,0.2,-109.2,123.3,19.0,10.0,0.6551724137931034,1.9296895003687504,22,39,17,22,0.030774100324409453,0,0,0,0,0,0,0,0,0,39,15,3,0,0,1
1dc6,A,330,LYS,-3.9,168.6,1.0,2,0,-,1.0,72.7,360.0,4.0,11.0,0.26666666666666666,1.8236425298158707,9,11,0,11,0.01492077591486519,0,0,0,0,0,0,0,0,0,39,15,3,0,0,1
1dc6,B,0,THR,-0.7,116.1,0.0,1,1,-,0.7887323943661971,360.0,115.3,8.0,11.0,0.42105263157894735,1.7767572574691448,15,12,23,-11,0.02471253510899547,0,0,0,0,0,0,0,0,0,37,24,7,0,1,1
1dc6,B,1,ILE,4.5,166.7,0.0,0,0,E,0.1301775147928994,-81.0,126.0,20.0,8.0,0.7142857142857143,2.444765563711512,27,30,26,4,0.03823448828184205,0,0,1,0,0,0,0,0,0,37,24,7,0,1,1
1dc6,B,2,LYS,-3.9,168.6,1.0,2,0,E,0.2975609756097561,-96.0,126.1,13.0,21.0,0.38235294117647056,2.8752829444568255,24,4,26,-22,0.04476232774459557,0,0,1,0,0,0,0,0,0,37,24,7,0,1,1
1dc6,B,3,VAL,4.2,140.0,0.0,0,0,E,0.0,-127.8,149.5,24.0,18.0,0.5714285714285714,5.900665678135391,38,14,20,-6,0.04989134446533048,0,0,1,0,0,0,0,0,0,-1,0,0,0,0,0
1dc6,B,4,GLY,-0.4,60.1,0.0,0,0,E,0.0,-115.1,149.7,29.0,21.0,0.58,7.796032101627709,43,30,20,10,0.05175644145468863,0,0,1,0,0,0,0,0,0,-1,0,0,0,0,0
1dc6,B,5,ILE,4.5,166.7,0.0,0,0,E,0.005917159763313609,-115.6,128.7,25.0,25.0,0.5,6.002047430939279,44,19,18,1,0.05129016720734909,0,0,1,0,0,0,0,0,0,-1,0,0,0,0,0
1dc6,B,6,ASN,-3.5,114.1,0.0,2,2,E,0.03184713375796178,-108.6,110.8,25.0,25.0,0.5,2.579647696679958,42,14,27,-13,0.05035761871267001,0,0,1,0,0,0,0,0,0,-1,0,0,0,0,0
1dc6,B,7,GLY,-0.4,60.1,0.0,0,0,-,0.08333333333333333,100.5,96.3,16.0,20.0,0.4444444444444444,2.0607239072542503,34,19,19,0,0.040565859518539735,0,0,0,0,0,0,0,0,0,-1,0,0,0,0,0
1dc6,B,8,PHE,2.8,189.9,0.0,0,0,-,0.01015228426395939,-90.5,65.2,21.0,16.0,0.5675675675675675,3.5348362536670166,38,29,11,18,0.045228601991935104,0,0,0,0,0,0,0,0,0,-1,0,0,0,0,0
1dc6,B,9,GLY,-0.4,60.1,0.0,0,0,S,0.2857142857142857,-104.3,-154.7,13.0,19.0,0.40625,2.173636826929025,30,25,18,7,0.032639197313767604,0,0,0,0,0,0,1,0,0,-1,0,0,0,0,0
1dc6,B,10,ARG,-4.5,173.4,1.0,5,0,H,0.25,-57.9,-46.1,14.0,19.0,0.42424242424242425,2.1492062613763996,30,26,19,7,0.03310547156110714,1,0,0,0,0,0,0,0,0,-1,0,0,0,0,0
1dc6,B,11,ILE,4.5,166.7,0.0,0,0,H,0.20118343195266272,-78.1,-42.9,23.0,16.0,0.5897435897435898,2.3895092221553416,39,28,16,12,0.043829779249916496,1,0,0,0,0,0,0,0,0,-1,0,0,0,0,0
1dc6,B,12,GLY,-0.4,60.1,0.0,0,0,H,0.011904761904761904,-55.2,-40.6,18.0,23.0,0.43902439024390244,3.3717427980743304,36,30,18,12,0.04755997322863279,1,0,0,0,0,0,0,0,0,-1,0,0,0,0,0
1dc6,B,13,ARG,-4.5,173.4,1.0,5,0,H,0.12096774193548387,-75.5,-40.4,15.0,23.0,0.39473684210526316,3.649312825909703,33,30,18,12,0.050823892960009553,1,0,0,0,0,0,0,0,0,-1,0,0,0,0,0
1dc6,B,14,ILE,4.5,166.7,0.0,0,0,H,0.047337278106508875,-70.6,-29.9,18.0,24.0,0.42857142857142855,2.701709303658696,37,46,21,25,0.04989134446533048,1,0,0,0,0,0,0,0,0,-1,0,0,0,0,0
1dc6,B,15,VAL,4.2,140.0,0.0,0,0,H,0.007042253521126761,-64.5,-49.2,26.0,15.0,0.6341463414634146,5.140345335420997,38,31,7,24,0.048492521723311866,1,0,0,0,0,0,0,0,0,-1,0,0,0,0,0
1dc6,B,16,PHE,2.8,189.9,0.0,0,0,H,0.0,-53.8,-43.5,25.0,21.0,0.5434782608695652,4.642505262549576,39,27,5,22,0.043363505002576956,1,0,0,0,0,0,0,0,0,-1,0,0,0,0,0
1dc6,B,17,ARG,-4.5,173.4,1.0,5,0,H,0.13306451612903225,-68.0,-42.0,22.0,17.0,0.5641025641025641,2.1606417358690204,35,43,18,25,0.04196468226055834,1,0,0,0,0,0,0,0,0,25,24,16,0,4,1
1dc6,B,18,ALA,1.8,88.6,0.0,0,0,H,0.09433962264150944,-66.0,-38.2,18.0,14.0,0.5625,1.8515529912791113,31,36,6,30,0.04196468226055834,1,0,0,0,0,0,0,0,0,25,24,16,0,4,1
1dc6,B,19,ALA,1.8,88.6,0.0,0,0,H,0.02830188679245283,-61.4,-21.9,23.0,10.0,0.696969696969697,2.246448703336396,31,31,18,13,0.043363505002576956,1,0,0,0,0,0,0,0,0,25,24,16,0,4,1
1dc6,B,20,GLN,-3.5,143.8,0.0,2,2,T,0.26262626262626265,-68.4,-23.5,12.0,13.0,0.48,1.8162202039796556,26,32,17,15,0.03590311704514436,0,0,0,0,0,1,0,0,0,25,24,16,0,4,1
1dc6,B,21,LYS,-3.9,168.6,1.0,2,0,T,0.9365853658536586,-88.8,-6.6,7.0,11.0,0.3888888888888889,1.9128378321411077,18,16,10,6,0.022381163872297785,0,0,0,0,0,1,0,0,0,25,24,16,0,4,1
1dc6,B,22,ARG,-4.5,173.4,1.0,5,0,-,0.22580645161290322,-100.2,138.2,16.0,3.0,0.8421052631578947,1.874810920959469,24,13,22,-9,0.028909003335051305,0,0,0,0,0,0,0,0,0,41,5,7,0,0,1
1dc6,B,23,SER,-0.8,89.0,0.0,1,1,S,0.8923076923076924,-97.8,-5.1,0.0,14.0,0.0,1.7395368062488814,13,20,17,3,0.024246260861655933,0,0,0,0,0,0,1,0,0,41,5,7,0,0,1
1dc6,B,24,ASP,-3.5,111.1,-1.0,1,3,S,0.3558282208588957,-96.7,-23.3,7.0,13.0,0.35,1.8375602923676673,21,22,15,7,0.027510180593032695,0,0,0,0,0,0,1,0,0,41,5,7,0,0,1
1dc6,B,25,ILE,4.5,166.7,0.0,0,0,E,0.03550295857988166,-103.9,151.5,22.0,10.0,0.6875,3.0370709119745283,29,27,26,1,0.04429605349725603,0,0,1,0,0,0,0,0,0,41,5,7,0,0,1
1dc6,B,26,GLU,-3.5,138.4,-1.0,1,3,E,0.3402061855670103,-150.2,116.4,13.0,22.0,0.37142857142857144,2.0976535670701892,28,31,13,18,0.04149840801321881,0,0,1,0,0,0,0,0,0,57,0,5,0,0,1
1dc6,B,27,ILE,4.5,166.7,0.0,0,0,E,0.011834319526627219,-80.3,122.2,26.0,19.0,0.5777777777777777,2.522253909239511,40,36,12,24,0.04662742473395372,0,0,1,0,0,0,0,0,0,57,0,5,0,0,1
1dc6,B,28,VAL,4.2,140.0,0.0,0,0,E,0.1619718309859155,-110.5,-19.1,16.0,20.0,0.4444444444444444,2.3809748773432107,31,39,24,15,0.048026247475972325,0,0,1,0,0,0,0,0,0,36,24,8,0,1,1
1dc6,B,29,ALA,1.8,88.6,0.0,0,0,E,0.0,-155.1,152.0,20.0,20.0,0.5,4.565618470015112,36,36,11,25,0.048026247475972325,0,0,1,0,0,0,0,0,0,32,24,8,0,2,1
1dc6,B,30,ILE,4.5,166.7,0.0,0,0,E,0.005917159763313609,-139.8,138.5,24.0,23.0,0.5106382978723404,6.297295919618636,40,24,12,12,0.0526889899493677,0,0,1,0,0,0,0,0,0,-1,0,0,0,0,0
1dc6,B,31,ASN,-3.5,114.1,0.0,2,2,E,0.01910828025477707,-131.4,138.9,21.0,21.0,0.5,2.940458617007239,33,23,27,-4,0.04942507021799094,0,0,1,0,0,0,0,0,0,0,624,10,0,87,1
1dc6,B,32,ASP,-3.5,111.1,-1.0,1,3,-,0.1901840490797546,-161.2,-158.6,13.0,17.0,0.43333333333333335,2.0630372804019244,30,12,12,0,0.04103213376587927,0,0,0,0,0,0,0,0,0,0,624,10,0,87,1
1dc6,B,33,LEU,3.8,166.7,0.0,0,0,S,0.7134146341463414,-118.2,44.6,4.0,17.0,0.19047619047619047,1.8922010060913723,21,10,26,-16,0.02471253510899547,0,0,0,0,0,0,1,0,0,0,624,10,0,87,1
1dc6,B,34,LEU,3.8,166.7,0.0,0,0,S,0.22560975609756098,-144.0,173.2,10.0,13.0,0.43478260869565216,1.9718800684574949,22,2,28,-26,0.03170664881908853,0,0,0,0,0,0,1,0,0,0,624,10,0,87,1
1dc6,B,36,ASP,-3.5,111.1,-1.0,1,3,-,0.7116564417177914,-75.6,156.2,6.0,18.0,0.25,1.9856813888613702,17,4,15,-11,0.03124037457174899,0,0,0,0,0,0,0,0,0,-1,0,0,0,0,0
1dc6,B,37,ALA,1.8,88.6,0.0,0,0,H,0.09433962264150944,-62.4,-27.4,16.0,15.0,0.5161290322580645,2.376628511894992,29,20,28,-8,0.03963331102386066,1,0,0,0,0,0,0,0,0,-1,0,0,0,0,0
1dc6,B,38,ASP,-3.5,111.1,-1.0,1,3,H,0.6073619631901841,-80.5,-29.2,5.0,19.0,0.20833333333333334,1.672087953366287,20,11,15,-4,0.03357174580844668,1,0,0,0,0,0,0,0,0,-1,0,0,0,0,0
1dc6,B,39,TYR,-1.3,193.6,0.0,1,1,H,0.4774774774774775,-79.5,-37.0,6.0,18.0,0.25,2.07079772147273,18,8,25,-17,0.035436842797804825,1,0,0,0,0,0,0,0,0,-1,0,0,0,0,0
1dc6,B,40,MET,1.9,162.9,0.0,0,0,H,0.0,-56.6,-50.7,25.0,9.0,0.7352941176470589,4.750825936126946,33,23,26,-3,0.04662742473395372,1,0,0,0,0,0,0,0,0,-1,0,0,0,0,0
1dc6,B,41,ALA,1.8,88.6,0.0,0,0,H,0.04716981132075472,-59.7,-31.5,18.0,15.0,0.5454545454545454,2.9521913802616537,29,18,22,-4,0.043363505002576956,1,0,0,0,0,0,0,0,0,-1,0,0,0,0,0
1dc6,B,42,TYR,-1.3,193.6,0.0,1,1,H,0.26576576576576577,-75.3,-44.5,8.0,18.0,0.3076923076923077,2.009483110414397,26,17,36,-19,0.04196468226055834,1,0,0,0,0,0,0,0,0,23,23,21,0,5,1
1dc6,B,43,MET,1.9,162.9,0.0,0,0,H,0.19680851063829788,-54.9,-37.6,14.0,18.0,0.4375,2.0801143724418587,28,36,21,15,0.043829779249916496,1,0,0,0,0,0,0,0,0,-1,0,0,0,0,0
1dc6,B,44,LEU,3.8,166.7,0.0,0,0,H,0.012195121951219513,-80.8,-40.2,21.0,15.0,0.5833333333333334,4.468883956803426,35,37,18,19,0.048492521723311866,1,0,0,0,0,0,0,0,0,-1,0,0,0,0,0
1dc6,B,45,LYS,-3.9,168.6,1.0,2,0,H,0.28292682926829266,-61.9,-41.9,14.0,17.0,0.45161290322580644,2.0611808857530525,29,20,35,-15,0.043829779249916496,1,0,0,0,0,0,0,0,0,26,24,17,0,4,1
1dc6,B,46,TYR,-1.3,193.6,0.0,1,1,-,0.16666666666666666,-118.6,126.6,12.0,18.0,0.4,2.2093723828813148,29,29,33,-4,0.04755997322863279,0,0,0,0,0,0,0,0,0,26,24,17,0,4,1
1dc6,B,47,ASP,-3.5,111.1,-1.0,1,3,-,0.012269938650306749,-131.2,122.7,14.0,13.0,0.5185185185185185,2.066130465029943,25,52,14,38,0.04476232774459557,0,0,0,0,0,0,0,0,0,43,1,27,0,0,1
1dc6,B,48,SER,-0.8,89.0,0.0,1,1,T,0.6230769230769231,-65.3,-30.5,7.0,17.0,0.2916666666666667,1.7765920971075966,24,31,19,12,0.028909003335051305,0,0,0,0,0,1,0,0,0,43,1,27,0,0,1
1dc6,B,49,THR,-0.7,116.1,0.0,1,1,T,0.20422535211267606,-88.9,-41.2,19.0,18.0,0.5135135135135135,1.830100094873394,24,30,22,8,0.03124037457174899,0,0,0,0,0,1,0,0,0,43,1,27,0,0,1
1dc6,B,50,HIS,-3.2,153.2,0.1,2,1,T,0.25,-114.7,17.8,19.0,16.0,0.5428571428571428,1.947560126911052,30,35,25,10,0.02984155182973038,0,0,0,0,0,1,0,0,0,48,0,24,0,0,1
1dc6,B,51,GLY,-0.4,60.1,0.0,0,0,-,0.39285714285714285,80.8,-177.9,11.0,17.0,0.39285714285714285,2.1357572635504933,24,36,24,12,0.03776821403450251,0,0,0,0,0,0,0,0,0,-1,0,0,0,0,0
1dc6,B,52,ARG,-4.5,173.4,1.0,5,0,S,0.4274193548387097,-76.2,138.4,12.0,15.0,0.4444444444444444,1.873076225588413,26,19,33,-14,0.03730193978716297,0,0,0,0,0,0,1,0,0,-1,0,0,0,0,0
1dc6,B,53,PHE,2.8,189.9,0.0,0,0,-,0.09137055837563451,-45.4,129.6,16.0,9.0,0.64,2.027577386237864,27,37,15,22,0.03776821403450251,0,0,0,0,0,0,0,0,0,21,54,11,0,6,1
1dc6,B,54,ASP,-3.5,111.1,-1.0,1,3,S,0.9263803680981595,-88.2,63.3,8.0,11.0,0.42105263157894735,1.6952491290881784,16,30,0,30,0.021914889624958248,0,0,0,0,0,0,1,0,0,21,54,11,0,6,1
1dc6,B,55,GLY,-0.4,60.1,0.0,0,0,S,0.39285714285714285,178.9,-166.5,14.0,7.0,0.6666666666666666,1.7096521082900231,18,24,10,14,0.023779986614316396,0,0,0,0,0,0,1,0,0,21,54,11,0,6,1
1dc6,B,56,THR,-0.7,116.1,0.0,1,1,-,0.6408450704225352,-108.8,142.0,6.0,15.0,0.2857142857142857,2.041975020485594,17,12,16,-4,0.02844272908771177,0,0,0,0,0,0,0,0,0,21,54,11,0,6,1
1dc6,B,57,VAL,4.2,140.0,0.0,0,0,E,0.22535211267605634,-143.1,133.2,18.0,10.0,0.6428571428571429,2.0470532562523758,28,16,17,-1,0.040099585271200194,0,0,1,0,0,0,0,0,0,-1,0,0,0,0,0
1dc6,B,58,GLU,-3.5,138.4,-1.0,1,3,E,0.4742268041237113,-141.7,157.4,8.0,16.0,0.3333333333333333,2.054189932594529,22,28,2,26,0.032172923066428064,0,0,1,0,0,0,0,0,0,-1,0,0,0,0,0
1dc6,B,59,VAL,4.2,140.0,0.0,0,0,E,0.45774647887323944,-103.6,141.6,11.0,15.0,0.4230769230769231,1.8803916166253793,22,27,29,-2,0.034970568550465285,0,0,1,0,0,0,0,0,0,19,161,4,0,8,1
1dc6,B,60,LYS,-3.9,168.6,1.0,2,0,E,0.5219512195121951,-158.1,137.4,8.0,10.0,0.4444444444444444,1.9511921213724348,14,20,17,3,0.029375277582390842,0,0,1,0,0,0,0,0,0,19,161,4,0,8,1
1dc6,B,61,ASP,-3.5,111.1,-1.0,1,3,T,0.9877300613496932,55.1,-5.6,6.0,8.0,0.42857142857142855,1.6720545080828952,11,24,2,22,0.018650969893581486,0,0,0,0,0,1,0,0,0,19,161,4,0,8,1
1dc6,B,62,GLY,-0.4,60.1,0.0,0,0,T,0.47619047619047616,117.2,7.6,2.0,18.0,0.1,1.7862628707498553,21,30,26,4,0.027510180593032695,0,0,0,0,0,1,0,0,0,19,161,4,0,8,1
1dc6,B,63,HIS,-3.2,153.2,0.1,2,1,E,0.2717391304347826,-131.6,179.1,12.0,15.0,0.4444444444444444,2.5598213836131096,24,29,17,12,0.040565859518539735,0,0,1,0,0,0,0,0,0,32,24,8,0,2,1
1dc6,B,64,LEU,3.8,166.7,0.0,0,0,E,0.018292682926829267,-113.1,159.3,22.0,10.0,0.6875,4.266339784037495,34,42,22,20,0.04989134446533048,0,0,1,0,0,0,0,0,0,-1,0,0,0,0,0
1dc6,B,65,ILE,4.5,166.7,0.0,0,0,E,0.1834319526627219,-126.5,107.0,5.0,22.0,0.18518518518518517,2.445035489435666,22,38,13,25,0.04476232774459557,0,0,1,0,0,0,0,0,0,-1,0,0,0,0,0
1dc6,B,66,VAL,4.2,140.0,0.0,0,0,E,0.007042253521126761,-111.6,125.8,21.0,10.0,0.6774193548387096,3.6419423917818996,27,23,12,11,0.04616115048661418,0,0,1,0,0,0,0,0,0,57,0,5,0,0,1
1dc6,B,67,ASN,-3.5,114.1,0.0,2,2,T,0.36942675159235666,46.1,63.3,10.0,11.0,0.47619047619047616,1.8248891454171492,20,14,16,-2,0.02984155182973038,0,0,0,0,0,1,0,0,0,57,0,5,0,0,1
1dc6,B,68,GLY,-0.4,60.1,0.0,0,0,T,0.8571428571428571,61.5,2.0,2.0,11.0,0.15384615384615385,1.7095518317660987,17,18,11,7,0.022847438119637322,0,0,0,0,0,1,0,0,0,57,0,5,0,0,1
1dc6,B,69,LYS,-3.9,168.6,1.0,2,0,E,0.35121951219512193,-121.6,144.6,8.0,12.0,0.4,2.115489534900968,20,11,13,-2,0.025178809356335007,0,0,1,0,0,0,0,0,0,57,0,5,0,0,1
1dc6,B,70,LYS,-3.9,168.6,1.0,2,0,E,0.5365853658536586,-89.8,127.0,6.0,18.0,0.25,1.9487002995277412,21,36,12,24,0.032172923066428064,0,0,1,0,0,0,0,0,0,19,161,4,0,8,1
1dc6,B,71,ILE,4.5,166.7,0.0,0,0,E,0.0,-109.9,127.0,21.0,13.0,0.6176470588235294,2.8893656743860863,36,42,11,31,0.045694876239274644,0,0,1,0,0,0,0,0,0,-1,0,0,0,0,0
1dc6,B,72,ARG,-4.5,173.4,1.0,5,0,E,0.11290322580645161,-75.1,134.1,15.0,21.0,0.4166666666666667,2.3211485438141457,29,25,15,10,0.04149840801321881,0,0,1,0,0,0,0,0,0,32,24,8,0,2,1
1dc6,B,73,VAL,4.2,140.0,0.0,0,0,E,0.09859154929577464,-115.2,132.9,18.0,19.0,0.4864864864864865,2.5195946755214433,32,33,24,9,0.04476232774459557,0,0,1,0,0,0,0,0,0,32,24,8,0,2,1
1dc6,B,74,THR,-0.7,116.1,0.0,1,1,E,0.2605633802816901,-136.3,165.6,17.0,15.0,0.53125,2.112215801435099,30,29,25,4,0.03683566553982344,0,0,1,0,0,0,0,0,0,32,24,8,0,2,1
1dc6,B,75,ALA,1.8,88.6,0.0,0,0,-,0.5754716981132075,-135.9,42.1,8.0,17.0,0.32,1.7675822235708658,22,13,30,-17,0.03357174580844668,0,0,0,0,0,0,0,0,0,-1,0,0,0,0,0
1dc6,B,76,GLU,-3.5,138.4,-1.0,1,3,-,0.3556701030927835,-83.2,118.5,15.0,7.0,0.6818181818181818,1.7759228770192468,21,21,13,8,0.03590311704514436,0,0,0,0,0,0,0,0,0,-1,0,0,0,0,0
1dc6,B,77,ARG,-4.5,173.4,1.0,5,0,S,0.8346774193548387,-75.1,-31.7,0.0,18.0,0.0,1.8294785981495878,15,1,22,-21,0.030774100324409453,0,0,0,0,0,0,1,0,0,-1,0,0,0,0,0
1dc6,B,78,ASP,-3.5,111.1,-1.0,1,3,S,0.34355828220858897,-97.7,113.6,3.0,21.0,0.125,2.0917069626958615,18,29,9,20,0.03403802005578621,0,0,0,0,0,0,1,0,0,-1,0,0,0,0,0
1dc6,B,79,PRO,-1.6,112.7,0.0,0,0,G,0.014705882352941176,-52.6,-27.5,21.0,16.0,0.5675675675675675,2.8953527413835465,32,34,25,9,0.048492521723311866,0,0,0,1,0,0,0,0,0,-1,0,0,0,0,0
1dc6,B,80,ALA,1.8,88.6,0.0,0,0,G,0.330188679245283,-71.7,-10.4,5.0,18.0,0.21739130434782608,2.330241597662486,23,38,19,19,0.03963331102386066,0,0,0,1,0,0,0,0,0,-1,0,0,0,0,0
1dc6,B,81,ASN,-3.5,114.1,0.0,2,2,G,0.5159235668789809,-99.5,12.1,6.0,15.0,0.2857142857142857,1.9001290551516352,19,32,18,14,0.03170664881908853,0,0,0,1,0,0,0,0,0,47,4,2,0,0,1
1dc6,B,82,LEU,3.8,166.7,0.0,0,0,-,0.018292682926829267,-79.0,-15.8,29.0,3.0,0.90625,2.3675996935722603,34,38,34,4,0.045694876239274644,0,0,0,0,0,0,0,0,0,47,4,2,0,0,1
1dc6,B,83,LYS,-3.9,168.6,1.0,2,0,-,0.5853658536585366,43.3,44.1,6.0,22.0,0.21428571428571427,2.1466814689475076,23,11,24,-13,0.03683566553982344,0,0,0,0,0,0,0,0,0,47,4,2,0,0,1
1dc6,B,84,TRP,-0.9,227.8,0.0,1,0,G,0.0,-49.0,-35.1,25.0,13.0,0.6578947368421053,4.964420555549651,40,42,27,15,0.04616115048661418,0,0,0,1,0,0,0,0,0,36,24,8,0,1,1
1dc6,B,85,ASP,-3.5,111.1,-1.0,1,3,G,0.5828220858895705,-66.4,-13.7,9.0,17.0,0.34615384615384615,1.8077415659913274,21,20,14,6,0.03357174580844668,0,0,0,1,0,0,0,0,0,47,4,2,0,0,1
1dc6,B,86,GLU,-3.5,138.4,-1.0,1,3,G,0.7061855670103093,-66.9,-30.2,7.0,10.0,0.4117647058823529,1.7728959339856705,15,16,8,8,0.02471253510899547,0,0,0,1,0,0,0,0,0,47,4,2,0,0,1
1dc6,B,87,VAL,4.2,140.0,0.0,0,0,T,0.2746478873239437,-106.9,2.3,19.0,7.0,0.7307692307692307,2.128539806047469,24,33,25,8,0.03124037457174899,0,0,0,0,0,1,0,0,0,36,24,8,0,1,1
1dc6,B,88,GLY,-0.4,60.1,0.0,0,0,T,0.39285714285714285,75.6,35.4,5.0,20.0,0.2,1.7095912223482626,24,24,29,-5,0.030774100324409453,0,0,0,0,0,1,0,0,0,37,24,7,0,1,1
1dc6,B,89,VAL,4.2,140.0,0.0,0,0,-,0.04225352112676056,-66.8,121.1,26.0,9.0,0.7428571428571429,2.8215528309265743,32,40,27,13,0.050823892960009553,0,0,0,0,0,0,0,0,0,37,24,7,0,1,1
1dc6,B,90,ASP,-3.5,111.1,-1.0,1,3,S,0.3496932515337423,-75.8,-62.2,14.0,22.0,0.3888888888888889,1.980583078910812,29,29,11,18,0.040565859518539735,0,0,0,0,0,0,1,0,0,37,24,7,0,1,1
1dc6,B,91,VAL,4.2,140.0,0.0,0,0,E,0.007042253521126761,-125.9,142.7,21.0,24.0,0.4666666666666667,3.923776020616951,42,35,20,15,0.048026247475972325,0,0,1,0,0,0,0,0,0,37,24,7,0,1,1
1dc6,B,92,VAL,4.2,140.0,0.0,0,0,E,0.0,-108.6,141.0,28.0,29.0,0.49122807017543857,7.344206610534864,45,33,17,16,0.0526889899493677,0,0,1,0,0,0,0,0,0,-1,0,0,0,0,0
1dc6,B,93,ALA,1.8,88.6,0.0,0,0,E,0.009433962264150943,-97.2,104.0,31.0,26.0,0.543859649122807,7.116201711923033,46,14,11,3,0.048958795970651406,0,0,1,0,0,0,0,0,0,-1,0,0,0,0,0
1dc6,B,94,GLU,-3.5,138.4,-1.0,1,3,E,0.005154639175257732,-75.7,106.3,26.0,22.0,0.5416666666666666,4.302816887610233,41,12,0,12,0.04989134446533048,0,0,1,0,0,0,0,0,0,-1,0,0,0,0,0
1dc6,B,95,ALA,1.8,88.6,0.0,0,0,-,0.1509433962264151,-124.8,27.5,21.0,16.0,0.5675675675675675,2.1674991831329793,33,14,15,-1,0.043363505002576956,0,0,0,0,0,0,0,0,0,-1,0,0,0,0,0
1dc6,B,96,THR,-0.7,116.1,0.0,1,1,S,0.3028169014084507,-98.0,-15.1,16.0,16.0,0.5,1.9683946767274085,29,9,17,-8,0.035436842797804825,0,0,0,0,0,0,1,0,0,-1,0,0,0,0,0
1dc6,B,97,GLY,-0.4,60.1,0.0,0,0,S,0.5238095238095238,72.0,11.9,8.0,21.0,0.27586206896551724,1.709646001895667,19,6,9,-3,0.02984155182973038,0,0,0,0,0,0,1,0,0,-1,0,0,0,0,0
1dc6,B,98,LEU,3.8,166.7,0.0,0,0,S,0.7682926829268293,-109.2,-22.3,6.0,16.0,0.2727272727272727,1.930995849738966,18,15,8,7,0.024246260861655933,0,0,0,0,0,0,1,0,0,-1,0,0,0,0,0
1dc6,B,99,PHE,2.8,189.9,0.0,0,0,-,0.17258883248730963,-121.5,73.2,22.0,12.0,0.6470588235294118,2.471449063527889,30,30,26,4,0.04149840801321881,0,0,0,0,0,0,0,0,0,-1,0,0,0,0,0
1dc6,B,100,LEU,3.8,166.7,0.0,0,0,-,0.09146341463414634,-107.3,29.8,15.0,18.0,0.45454545454545453,2.2254238268906605,30,11,26,-15,0.04616115048661418,0,0,0,0,0,0,0,0,0,-1,0,0,0,0,0
1dc6,B,101,THR,-0.7,116.1,0.0,1,1,S,0.2535211267605634,-132.9,153.8,4.0,24.0,0.14285714285714285,2.3980806105523302,23,22,30,-8,0.04289723075523742,0,0,0,0,0,0,1,0,0,2,1062,5,0,60,1
1dc6,B,102,ASP,-3.5,111.1,-1.0,1,3,H,0.3312883435582822,-55.5,-37.6,9.0,21.0,0.3,2.003746945327773,22,26,25,1,0.03916703677652112,1,0,0,0,0,0,0,0,0,44,24,1,0,0,1
1dc6,B,103,GLU,-3.5,138.4,-1.0,1,3,H,0.7989690721649485,-58.5,-56.6,3.0,18.0,0.14285714285714285,1.7084080591729363,16,20,12,8,0.028909003335051305,1,0,0,0,0,0,0,0,0,44,24,1,0,0,1
1dc6,B,104,THR,-0.7,116.1,0.0,1,1,H,0.2535211267605634,-68.0,-45.6,12.0,14.0,0.46153846153846156,2.3187574742800185,26,32,32,0,0.035436842797804825,1,0,0,0,0,0,0,0,0,44,24,1,0,0,1
1dc6,B,105,ALA,1.8,88.6,0.0,0,0,H,0.0,-67.3,-25.9,27.0,13.0,0.675,4.735254694611183,35,34,37,-3,0.050823892960009553,1,0,0,0,0,0,0,0,0,2,1062,5,0,60,1
1dc6,B,106,ARG,-4.5,173.4,1.0,5,0,T,0.3064516129032258,-65.8,-23.8,5.0,25.0,0.16666666666666666,2.1106918396631835,26,27,26,1,0.04103213376587927,0,0,0,0,0,1,0,0,0,2,1062,5,0,60,1
1dc6,B,107,LYS,-3.9,168.6,1.0,2,0,H,0.36097560975609755,-53.4,-25.1,14.0,16.0,0.4666666666666667,2.40435762858611,28,23,27,-4,0.040099585271200194,1,0,0,0,0,0,0,0,0,-1,0,0,0,0,0
1dc6,B,108,HIS,-3.2,153.2,0.1,2,1,H,0.0,-74.4,-24.9,24.0,16.0,0.6,4.984066111910813,43,33,27,6,0.053621538444046775,1,0,0,0,0,0,0,0,0,-1,0,0,0,0,0
1dc6,B,109,ILE,4.5,166.7,0.0,0,0,H,0.23668639053254437,-81.6,-39.9,11.0,20.0,0.3548387096774194,2.4525138361283507,25,43,25,18,0.040099585271200194,1,0,0,0,0,0,0,0,0,-1,0,0,0,0,0
1dc6,B,110,THR,-0.7,116.1,0.0,1,1,H,0.7746478873239436,-63.1,-29.6,10.0,14.0,0.4166666666666667,1.829765776876439,24,38,14,24,0.02797645484037223,1,0,0,0,0,0,0,0,0,-1,0,0,0,0,0
1dc6,B,111,ALA,1.8,88.6,0.0,0,0,T,0.0660377358490566,-83.3,1.2,21.0,8.0,0.7241379310344828,1.9911592587506455,27,42,20,22,0.04196468226055834,0,0,0,0,0,1,0,0,0,-1,0,0,0,0,0
1dc6,B,112,GLY,-0.4,60.1,0.0,0,0,T,0.30952380952380953,118.4,-20.2,14.0,12.0,0.5384615384615384,1.7096931312691523,26,40,24,16,0.03776821403450251,0,0,0,0,0,1,0,0,0,-1,0,0,0,0,0
1dc6,B,113,ALA,1.8,88.6,0.0,0,0,-,0.03773584905660377,-72.5,154.8,27.0,10.0,0.7297297297297297,2.3310236074108768,31,47,24,23,0.04942507021799094,0,0,0,0,0,0,0,0,0,-1,0,0,0,0,0
1dc6,B,114,LYS,-3.9,168.6,1.0,2,0,S,0.6341463414634146,-97.5,-29.8,10.0,23.0,0.30303030303030304,1.9508460963044552,27,19,17,2,0.032639197313767604,0,0,0,0,0,0,1,0,0,37,24,7,0,1,1
1dc6,B,115,LYS,-3.9,168.6,1.0,2,0,E,0.13658536585365855,-145.3,157.9,18.0,21.0,0.46153846153846156,3.180050016461932,31,21,16,5,0.04616115048661418,0,0,1,0,0,0,0,0,0,14,295,4,0,16,1
1dc6,B,116,VAL,4.2,140.0,0.0,0,0,E,0.0,-133.0,145.7,28.0,24.0,0.5384615384615384,6.450917661293239,42,41,28,13,0.053155264196707235,0,0,1,0,0,0,0,0,0,-1,0,0,0,0,0
1dc6,B,117,VAL,4.2,140.0,0.0,0,0,E,0.0,-128.4,103.4,23.0,30.0,0.4339622641509434,7.123273359311727,49,16,19,-3,0.05222271570202816,0,0,1,0,0,0,0,0,0,-1,0,0,0,0,0
1dc6,B,118,MET,1.9,162.9,0.0,0,0,E,0.0,-72.4,135.7,23.0,25.0,0.4791666666666667,4.5913730945733695,41,13,22,-9,0.05175644145468863,0,0,1,0,0,0,0,0,0,2,1062,5,0,60,1
1dc6,B,119,THR,-0.7,116.1,0.0,1,1,S,0.14788732394366197,-85.4,16.0,25.0,25.0,0.5,2.259829963600455,40,4,10,-6,0.045694876239274644,0,0,0,0,0,0,1,0,0,-1,0,0,0,0,0
1dc6,B,120,GLY,-0.4,60.1,0.0,0,0,S,0.14285714285714285,-144.8,160.3,13.0,28.0,0.3170731707317073,2.6020031953298735,35,8,12,-4,0.04289723075523742,0,0,0,0,0,0,1,0,0,-1,0,0,0,0,0
1dc6,B,121,PRO,-1.6,112.7,0.0,0,0,-,0.39705882352941174,-59.0,139.9,14.0,24.0,0.3684210526315789,2.1219274002289543,32,12,7,5,0.03870076252918159,0,0,0,0,0,0,0,0,0,-1,0,0,0,0,0
1dc6,B,122,SER,-0.8,89.0,0.0,1,1,S,0.7414634146341463,-97.4,1.1,19.0,14.0,0.5757575757575758,2.261827148720284,26,5,12,-7,0.04429605349725603,0,0,0,0,0,0,1,0,0,-1,0,0,0,0,0
1dc6,B,122,LYS,-3.9,168.6,1.0,2,0,S,0.7414634146341463,-97.4,1.1,9.0,16.0,0.36,1.9425400406024553,18,2,12,-10,0.02797645484037223,0,0,0,0,0,0,1,0,0,-1,0,0,0,0,0
1dc6,B,123,ASP,-3.5,111.1,-1.0,1,3,S,0.3803680981595092,-143.1,-163.9,9.0,11.0,0.45,1.7401763935351373,19,12,13,-1,0.026577632098353617,0,0,0,0,0,0,1,0,0,2,1062,5,0,60,1
1dc6,B,124,ASN,-3.5,114.1,0.0,2,2,S,1.0,-65.2,2.8,0.0,16.0,0.0,1.7220676859178683,12,10,14,-4,0.021914889624958248,0,0,0,0,0,0,1,0,0,-1,0,0,0,0,0
1dc6,B,125,THR,-0.7,116.1,0.0,1,1,-,0.09154929577464789,-53.8,127.8,22.0,6.0,0.7857142857142857,1.8530325007863004,26,11,22,-11,0.03916703677652112,0,0,0,0,0,0,0,0,0,2,1062,5,0,60,1
1dc6,B,126,PRO,-1.6,112.7,0.0,0,0,-,0.33088235294117646,-61.0,134.0,12.0,20.0,0.375,2.2607281146440936,32,11,18,-7,0.03310547156110714,0,0,0,0,0,0,0,0,0,-1,0,0,0,0,0
1dc6,B,127,MET,1.9,162.9,0.0,0,0,B,0.13829787234042554,-106.4,134.6,24.0,20.0,0.5454545454545454,1.9795837530900025,37,15,5,10,0.045228601991935104,0,1,0,0,0,0,0,0,0,-1,0,0,0,0,0
1dc6,B,128,PHE,2.8,189.9,0.0,0,0,-,0.030456852791878174,-124.5,135.1,19.0,25.0,0.4318181818181818,3.213039363489702,36,27,9,18,0.05035761871267001,0,0,0,0,0,0,0,0,0,14,295,4,0,16,1
1dc6,B,129,VAL,4.2,140.0,0.0,0,0,-,0.0,-129.3,120.7,26.0,25.0,0.5098039215686274,4.861118388577569,38,33,7,26,0.04942507021799094,0,0,0,0,0,0,0,0,0,-1,0,0,0,0,0
1dc6,B,130,LYS,-3.9,168.6,1.0,2,0,T,0.32195121951219513,-58.4,126.7,23.0,24.0,0.48936170212765956,2.6032323890825273,34,22,16,6,0.04429605349725603,0,0,0,0,0,1,0,0,0,55,0,14,0,0,1
1dc6,B,131,GLY,-0.4,60.1,0.0,0,0,T,0.19047619047619047,96.8,-7.3,25.0,13.0,0.6578947368421053,1.8252178100095424,34,29,16,13,0.040565859518539735,0,0,0,0,0,1,0,0,0,55,0,14,0,0,1
1dc6,B,132,ALA,1.8,88.6,0.0,0,0,T,0.12264150943396226,-118.9,-75.5,25.0,13.0,0.6578947368421053,2.0889061268358002,33,30,16,14,0.03916703677652112,0,0,0,0,0,1,0,0,0,-1,0,0,0,0,0
1dc6,B,133,ASN,-3.5,114.1,0.0,2,2,S,0.10191082802547771,-127.1,36.4,17.0,11.0,0.6071428571428571,2.4766328750808944,31,31,11,20,0.04243095650789788,0,0,0,0,0,0,1,0,0,-1,0,0,0,0,0
1dc6,B,134,PHE,2.8,189.9,0.0,0,0,G,0.1116751269035533,-66.1,-38.7,15.0,17.0,0.46875,2.3947405679329186,28,35,16,19,0.04196468226055834,0,0,0,1,0,0,0,0,0,55,0,14,0,0,1
1dc6,B,135,ASP,-3.5,111.1,-1.0,1,3,G,0.7668711656441718,-63.4,-4.8,3.0,15.0,0.16666666666666666,1.6720653107923775,15,23,0,23,0.024246260861655933,0,0,0,1,0,0,0,0,0,-1,0,0,0,0,0
1dc6,B,136,LYS,-3.9,168.6,1.0,2,0,G,0.7073170731707317,-98.3,6.6,13.0,9.0,0.5909090909090909,1.9582328738424937,18,7,9,-2,0.02797645484037223,0,0,0,1,0,0,0,0,0,-1,0,0,0,0,0
1dc6,B,137,TYR,-1.3,193.6,0.0,1,1,-,0.18018018018018017,-69.0,123.3,19.0,6.0,0.76,2.3524987643283084,26,30,13,17,0.03870076252918159,0,0,0,0,0,0,0,0,0,14,295,4,0,16,1
1dc6,B,138,ALA,1.8,88.6,0.0,0,0,-,0.7547169811320755,-114.6,44.3,2.0,15.0,0.11764705882352941,1.8611489701037276,16,18,9,9,0.020516066882939634,0,0,0,0,0,0,0,0,0,14,295,4,0,16,1
1dc6,B,140,GLY,-0.4,60.1,0.0,0,0,-,0.5833333333333334,76.2,4.6,1.0,18.0,0.05263157894736842,1.7096563402377134,18,29,8,21,0.02471253510899547,0,0,0,0,0,0,0,0,0,14,295,4,0,16,1
1dc6,B,141,GLN,-3.5,143.8,0.0,2,2,-,0.30303030303030304,-52.8,150.3,16.0,8.0,0.6666666666666666,2.1350718476107127,24,19,9,10,0.032172923066428064,0,0,0,0,0,0,0,0,0,14,295,4,0,16,1
1dc6,B,142,ASP,-3.5,111.1,-1.0,1,3,S,0.3006134969325153,-91.3,-21.4,11.0,18.0,0.3793103448275862,2.169134005420299,27,35,9,26,0.03683566553982344,0,0,0,0,0,0,1,0,0,14,295,4,0,16,1
1dc6,B,143,ILE,4.5,166.7,0.0,0,0,E,0.01775147928994083,-127.4,116.5,16.0,25.0,0.3902439024390244,2.2242720680697308,36,32,26,6,0.04942507021799094,0,0,1,0,0,0,0,0,0,2,1062,5,0,60,1
1dc6,B,144,VAL,4.2,140.0,0.0,0,0,E,0.0,-132.4,176.0,20.0,24.0,0.45454545454545453,4.6121310971942515,44,12,19,-7,0.050823892960009553,0,0,1,0,0,0,0,0,0,14,295,4,0,16,1
1dc6,B,145,SER,-0.8,89.0,0.0,1,1,E,0.0,-132.5,143.6,22.0,27.0,0.4489795918367347,5.440418764493088,40,4,12,-8,0.04989134446533048,0,0,1,0,0,0,0,0,0,-1,0,0,0,0,0
1dc6,B,146,ASN,-3.5,114.1,0.0,2,2,-,0.0,-95.1,18.0,25.0,24.0,0.5102040816326531,5.60696507707803,40,15,8,7,0.05408781269138631,0,0,0,0,0,0,0,0,0,-1,0,0,0,0,0
1dc6,B,147,ALA,1.8,88.6,0.0,0,0,-,0.0,61.3,-156.4,26.0,20.0,0.5652173913043478,3.1382337867413,37,9,1,8,0.04662742473395372,0,0,0,0,0,0,0,0,0,-1,0,0,0,0,0
1dc6,B,148,SER,-0.8,89.0,0.0,1,1,-,0.15384615384615385,-101.6,174.9,12.0,28.0,0.3,2.2774966695905454,40,7,0,7,0.03916703677652112,0,0,0,0,0,0,0,0,0,-1,0,0,0,0,0
1dc6,B,149,CYS,2.5,108.5,0.0,1,0,T,0.24444444444444444,-68.4,-40.4,19.0,28.0,0.40425531914893614,2.733532841142209,43,13,13,0,0.04662742473395372,0,0,0,0,0,1,0,0,0,-1,0,0,0,0,0
1dc6,B,150,THR,-0.7,116.1,0.0,1,1,T,0.056338028169014086,-67.8,-47.2,21.0,26.0,0.44680851063829785,3.0734565303988566,40,11,4,7,0.043829779249916496,0,0,0,0,0,1,0,0,0,-1,0,0,0,0,0
1dc6,B,151,THR,-0.7,116.1,0.0,1,1,H,0.014084507042253521,-63.4,-27.2,24.0,24.0,0.5,3.6957733774218378,40,15,0,15,0.048958795970651406,1,0,0,0,0,0,0,0,0,-1,0,0,0,0,0
1dc6,B,152,ASN,-3.5,114.1,0.0,2,2,H,0.0,-75.0,-12.5,29.0,25.0,0.5370370370370371,6.44094599004776,47,16,4,12,0.05408781269138631,1,0,0,0,0,0,0,0,0,-1,0,0,0,0,0
1dc6,B,153,CYS,2.5,108.5,0.0,1,0,H,0.0,-96.3,-51.4,27.0,24.0,0.5294117647058824,8.079586691844623,45,7,7,0,0.05129016720734909,1,0,0,0,0,0,0,0,0,-1,0,0,0,0,0
1dc6,B,154,LEU,3.8,166.7,0.0,0,0,H,0.0,-64.3,-41.6,28.0,26.0,0.5185185185185185,8.061534709432447,48,9,4,5,0.04709369898129325,1,0,0,0,0,0,0,0,0,-1,0,0,0,0,0
1dc6,B,155,ALA,1.8,88.6,0.0,0,0,H,0.0,-57.5,-55.1,27.0,20.0,0.574468085106383,6.984695947879052,44,18,4,14,0.04989134446533048,1,0,0,0,0,0,0,0,0,-1,0,0,0,0,0
1dc6,B,156,PRO,-1.6,112.7,0.0,0,0,H,0.0,-56.0,-35.5,29.0,16.0,0.6444444444444445,5.451580506477811,43,19,3,16,0.05129016720734909,1,0,0,0,0,0,0,0,0,-1,0,0,0,0,0
1dc6,B,157,LEU,3.8,166.7,0.0,0,0,H,0.0,-77.7,-48.4,25.0,28.0,0.4716981132075472,6.647166723583958,45,9,4,5,0.045228601991935104,1,0,0,0,0,0,0,0,0,-1,0,0,0,0,0
1dc6,B,158,ALA,1.8,88.6,0.0,0,0,H,0.0,-55.1,-22.7,30.0,25.0,0.5454545454545454,6.20815777851393,39,12,13,-1,0.04196468226055834,1,0,0,0,0,0,0,0,0,-1,0,0,0,0,0
1dc6,B,159,LYS,-3.9,168.6,1.0,2,0,H,0.21951219512195122,-81.4,-40.8,23.0,15.0,0.6052631578947368,2.489229882483137,31,2,22,-20,0.04289723075523742,1,0,0,0,0,0,0,0,0,-1,0,0,0,0,0
1dc6,B,160,VAL,4.2,140.0,0.0,0,0,H,0.04929577464788732,-66.3,-36.5,23.0,13.0,0.6388888888888888,2.2122879462249796,36,16,17,-1,0.04429605349725603,1,0,0,0,0,0,0,0,0,-1,0,0,0,0,0
1dc6,B,161,ILE,4.5,166.7,0.0,0,0,H,0.005917159763313609,-72.7,-42.1,22.0,19.0,0.5365853658536586,5.515161653398238,35,24,10,14,0.048958795970651406,1,0,0,0,0,0,0,0,0,-1,0,0,0,0,0
1dc6,B,162,ASN,-3.5,114.1,0.0,2,2,H,0.15286624203821655,-66.1,-58.6,19.0,16.0,0.5428571428571428,2.2782024959472413,29,24,26,-2,0.040565859518539735,1,0,0,0,0,0,0,0,0,-1,0,0,0,0,0
1dc6,B,163,ASP,-3.5,111.1,-1.0,1,3,H,0.5705521472392638,-51.3,-29.0,11.0,13.0,0.4583333333333333,1.7417937926021656,22,13,7,6,0.03170664881908853,1,0,0,0,0,0,0,0,0,-1,0,0,0,0,0
1dc6,B,164,ASN,-3.5,114.1,0.0,2,2,H,0.4585987261146497,-94.6,-43.4,15.0,8.0,0.6521739130434783,1.8829592300801061,24,18,12,6,0.03124037457174899,1,0,0,0,0,0,0,0,0,-1,0,0,0,0,0
1dc6,B,165,PHE,2.8,189.9,0.0,0,0,H,0.09644670050761421,-128.8,-0.4,20.0,8.0,0.7142857142857143,2.772289239085928,30,16,20,-4,0.040565859518539735,1,0,0,0,0,0,0,0,0,-1,0,0,0,0,0
1dc6,B,166,GLY,-0.4,60.1,0.0,0,0,-,0.07142857142857142,69.2,127.7,4.0,21.0,0.16,2.4548304437023236,27,24,29,-5,0.040565859518539735,0,0,0,0,0,0,0,0,0,-1,0,0,0,0,0
1dc6,B,167,ILE,4.5,166.7,0.0,0,0,E,0.0,-103.0,119.4,21.0,12.0,0.6363636363636364,3.3311416991274934,33,32,32,0,0.045228601991935104,0,0,1,0,0,0,0,0,0,-1,0,0,0,0,0
1dc6,B,168,ILE,4.5,166.7,0.0,0,0,E,0.34911242603550297,-80.4,-51.0,8.0,17.0,0.32,2.107169055168403,22,24,19,5,0.034970568550465285,0,0,1,0,0,0,0,0,0,-1,0,0,0,0,0
1dc6,B,169,GLU,-3.5,138.4,-1.0,1,3,E,0.4948453608247423,-155.7,151.7,2.0,28.0,0.06666666666666667,1.905284892231815,20,20,6,14,0.03590311704514436,0,0,1,0,0,0,0,0,0,-1,0,0,0,0,0
1dc6,B,170,GLY,-0.4,60.1,0.0,0,0,E,0.09523809523809523,-148.7,150.5,27.0,7.0,0.7941176470588235,1.7095352140867464,28,20,11,9,0.04149840801321881,0,0,1,0,0,0,0,0,0,-1,0,0,0,0,0
1dc6,B,171,LEU,3.8,166.7,0.0,0,0,E,0.676829268292683,-128.9,127.2,3.0,29.0,0.09375,1.8912866584359895,24,18,17,1,0.035436842797804825,0,0,1,0,0,0,0,0,0,-1,0,0,0,0,0
1dc6,B,172,MET,1.9,162.9,0.0,0,0,E,0.010638297872340425,-111.3,150.2,25.0,13.0,0.6578947368421053,3.1251130135793117,36,10,8,2,0.04662742473395372,0,0,1,0,0,0,0,0,0,5,208,17,0,39,1
1dc6,B,173,THR,-0.7,116.1,0.0,1,1,E,0.22535211267605634,-139.3,131.9,10.0,25.0,0.2857142857142857,2.4381208407970396,29,9,8,1,0.04103213376587927,0,0,1,0,0,0,0,0,0,-1,0,0,0,0,0
1dc6,B,174,THR,-0.7,116.1,0.0,1,1,E,0.007042253521126761,-119.1,125.8,25.0,14.0,0.6410256410256411,3.5788192226387436,38,20,8,12,0.04709369898129325,0,0,1,0,0,0,0,0,0,-1,0,0,0,0,0
1dc6,B,175,VAL,4.2,140.0,0.0,0,0,E,0.4014084507042254,-92.0,101.5,12.0,23.0,0.34285714285714286,2.3474351392178745,32,20,8,12,0.04476232774459557,0,0,1,0,0,0,0,0,0,-1,0,0,0,0,0
1dc6,B,176,HIS,-3.2,153.2,0.1,2,1,E,0.02717391304347826,-102.1,143.8,20.0,17.0,0.5405405405405406,1.9624871301324582,33,11,6,5,0.048492521723311866,0,0,1,0,0,0,0,0,0,18,36,23,0,8,1
1dc6,B,177,ALA,1.8,88.6,0.0,0,0,P,0.0,-69.3,167.4,19.0,18.0,0.5135135135135135,2.8183498143352628,31,21,11,10,0.04755997322863279,0,0,0,0,0,0,0,0,0,18,36,23,0,8,1
1dc6,B,178,THR,-0.7,116.1,0.0,1,1,P,0.23943661971830985,-74.2,149.2,18.0,18.0,0.5,2.0839048032196685,30,29,4,25,0.045228601991935104,0,0,0,0,0,0,0,0,0,18,36,23,0,8,1
1dc6,B,179,THR,-0.7,116.1,0.0,1,1,-,0.28169014084507044,-131.1,170.4,12.0,17.0,0.41379310344827586,1.8285266083520573,25,36,6,30,0.032639197313767604,0,0,0,0,0,0,0,0,0,-1,0,0,0,0,0
1dc6,B,180,ALA,1.8,88.6,0.0,0,0,T,0.8584905660377359,-53.1,-23.8,6.0,12.0,0.3333333333333333,1.7675187616006354,19,27,3,24,0.01958351838826056,0,0,0,0,0,1,0,0,0,-1,0,0,0,0,0
1dc6,B,181,THR,-0.7,116.1,0.0,1,1,T,0.7183098591549296,-73.8,-15.9,10.0,14.0,0.4166666666666667,1.813556788426643,21,23,8,15,0.02144861537761871,0,0,0,0,0,1,0,0,0,-1,0,0,0,0,0
1dc6,B,182,GLN,-3.5,143.8,0.0,2,2,S,0.08585858585858586,-87.0,177.5,21.0,12.0,0.6363636363636364,2.1084359334545937,30,37,6,31,0.03683566553982344,0,0,0,0,0,0,1,0,0,-1,0,0,0,0,0
1dc6,B,183,LYS,-3.9,168.6,1.0,2,0,-,0.33170731707317075,-128.1,149.3,12.0,13.0,0.48,2.0126568454901537,25,13,11,2,0.035436842797804825,0,0,0,0,0,0,0,0,0,4,943,5,0,49,1
1dc6,B,184,THR,-0.7,116.1,0.0,1,1,S,0.8450704225352113,-65.0,-39.4,0.0,21.0,0.0,1.833490872216666,19,14,7,7,0.027043906345693154,0,0,0,0,0,0,1,0,0,-1,0,0,0,0,0
1dc6,B,185,VAL,4.2,140.0,0.0,0,0,S,0.676056338028169,-140.0,164.2,0.0,16.0,0.0,1.9748533484367161,15,19,8,11,0.02797645484037223,0,0,0,0,0,0,1,0,0,-1,0,0,0,0,0
1dc6,B,186,ASP,-3.5,111.1,-1.0,1,3,S,0.5828220858895705,-44.0,104.9,0.0,17.0,0.0,1.672141764819474,18,24,0,24,0.030774100324409453,0,0,0,0,0,0,1,0,0,-1,0,0,0,0,0
1dc6,B,187,GLY,-0.4,60.1,0.0,0,0,-,0.34523809523809523,-135.9,179.2,7.0,11.0,0.3888888888888889,1.709629449380948,21,34,11,23,0.02797645484037223,0,0,0,0,0,0,0,0,0,4,943,5,0,49,1
1dc6,B,188,PRO,-1.6,112.7,0.0,0,0,-,0.7132352941176471,-68.7,126.0,0.0,17.0,0.0,1.8838519354459902,17,32,13,19,0.022847438119637322,0,0,0,0,0,0,0,0,0,4,943,5,0,49,1
1dc6,B,189,SER,-0.8,89.0,0.0,1,1,-,0.23076923076923078,-147.9,61.1,14.0,3.0,0.8235294117647058,1.8063758628324662,15,39,11,28,0.032172923066428064,0,0,0,0,0,0,0,0,0,4,943,5,0,49,1
1dc6,B,190,HIS,-3.2,153.2,0.1,2,1,T,0.8641304347826086,-36.0,-30.2,0.0,12.0,0.0,1.7764498023773583,10,14,7,7,0.022381163872297785,0,0,0,0,0,1,0,0,0,4,943,5,0,49,1
1dc6,B,191,LYS,-3.9,168.6,1.0,2,0,T,1.0,-103.8,20.4,2.0,11.0,0.15384615384615385,1.8706993149052633,10,12,8,4,0.020049792635600097,0,0,0,0,0,1,0,0,0,4,943,5,0,49,1
1dc6,B,192,ASP,-3.5,111.1,-1.0,1,3,-,0.3987730061349693,177.6,72.9,10.0,7.0,0.5882352941176471,1.8603935631700756,18,42,0,42,0.025178809356335007,0,0,0,0,0,0,0,0,0,4,943,5,0,49,1
1dc6,B,193,TRP,-0.9,227.8,0.0,1,0,G,0.9647577092511013,-38.2,-43.3,0.0,18.0,0.0,1.7895822536347654,10,34,8,26,0.030307826077069916,0,0,0,1,0,0,0,0,0,4,943,5,0,49,1
1dc6,B,194,ARG,-4.5,173.4,1.0,5,0,G,0.6008064516129032,-70.3,-37.4,9.0,17.0,0.34615384615384615,1.9701484292362332,19,18,8,10,0.03357174580844668,0,0,0,1,0,0,0,0,0,40,3,10,0,0,1
1dc6,B,195,GLY,-0.4,60.1,0.0,0,0,G,0.07142857142857142,-62.9,-17.1,11.0,22.0,0.3333333333333333,2.043106413591325,29,49,16,33,0.043363505002576956,0,0,0,1,0,0,0,0,0,-1,0,0,0,0,0
1dc6,B,196,GLY,-0.4,60.1,0.0,0,0,G,0.011904761904761904,-86.3,-11.0,8.0,20.0,0.2857142857142857,1.9914077684273286,28,40,16,24,0.045694876239274644,0,0,0,1,0,0,0,0,0,4,943,5,0,49,1
1dc6,B,197,ARG,-4.5,173.4,1.0,5,0,S,0.4959677419354839,-71.8,140.7,13.0,15.0,0.4642857142857143,2.2496978270625605,22,18,14,4,0.04243095650789788,0,0,0,0,0,0,1,0,0,-1,0,0,0,0,0
1dc6,B,198,GLY,-0.4,60.1,0.0,0,0,-,0.0,-34.9,106.4,5.0,20.0,0.2,3.1625548795369687,22,30,8,22,0.04149840801321881,0,0,0,0,0,0,0,0,0,-1,0,0,0,0,0
1dc6,B,199,ALA,1.8,88.6,0.0,0,0,T,0.07547169811320754,-52.0,-46.8,14.0,15.0,0.4827586206896552,2.3567712249097332,26,30,7,23,0.04942507021799094,0,0,0,0,0,1,0,0,0,18,36,23,0,8,1
1dc6,B,200,SER,-0.8,89.0,0.0,1,1,T,0.6615384615384615,-72.6,-16.7,6.0,19.0,0.24,1.7969394645623835,18,13,2,11,0.029375277582390842,0,0,0,0,0,1,0,0,0,-1,0,0,0,0,0
1dc6,B,201,GLN,-3.5,143.8,0.0,2,2,T,0.6818181818181818,-98.0,-17.1,8.0,13.0,0.38095238095238093,1.807356990028084,17,14,7,7,0.022381163872297785,0,0,0,0,0,1,0,0,0,-1,0,0,0,0,0
1dc6,B,202,ASN,-3.5,114.1,0.0,2,2,-,0.31210191082802546,-122.6,163.0,16.0,8.0,0.6666666666666666,1.8495459678032788,22,27,6,21,0.03450429430312575,0,0,0,0,0,0,0,0,0,-1,0,0,0,0,0
1dc6,B,203,ILE,4.5,166.7,0.0,0,0,-,0.6804733727810651,-105.8,113.4,2.0,19.0,0.09523809523809523,1.9786996825707752,22,19,0,19,0.032172923066428064,0,0,0,0,0,0,0,0,0,-1,0,0,0,0,0
1dc6,B,204,ILE,4.5,166.7,0.0,0,0,E,0.023668639053254437,-109.8,112.2,23.0,7.0,0.7666666666666667,2.4927667257429595,30,40,7,33,0.04429605349725603,0,0,1,0,0,0,0,0,0,40,3,10,0,0,1
1dc6,B,205,PRO,-1.6,112.7,0.0,0,0,E,0.27941176470588236,-62.8,129.0,2.0,22.0,0.08333333333333333,2.088310831472497,21,28,7,21,0.03357174580844668,0,0,1,0,0,0,0,0,0,40,3,10,0,0,1
1dc6,B,206,SER,-0.8,89.0,0.0,1,1,E,0.2,-138.7,145.2,21.0,7.0,0.75,1.8072202507969062,27,32,7,25,0.03963331102386066,0,0,1,0,0,0,0,0,0,40,3,10,0,0,1
1dc6,B,207,SER,-0.8,89.0,0.0,1,1,E,0.8538461538461538,-85.0,148.9,6.0,19.0,0.24,1.7810375011615927,21,20,8,12,0.022381163872297785,0,0,1,0,0,0,0,0,0,5,208,17,0,39,1
1dc6,B,208,THR,-0.7,116.1,0.0,1,1,-,0.2605633802816901,-134.8,156.0,25.0,4.0,0.8620689655172413,1.87213319320611,27,16,0,16,0.02844272908771177,0,0,0,0,0,0,0,0,0,5,208,17,0,39,1
1dc6,B,209,GLY,-0.4,60.1,0.0,0,0,S,0.5476190476190477,-118.8,1.8,8.0,22.0,0.26666666666666666,1.7096785878654166,27,15,0,15,0.02797645484037223,0,0,0,0,0,0,1,0,0,5,208,17,0,39,1
1dc6,B,210,ALA,1.8,88.6,0.0,0,0,T,0.02830188679245283,-60.5,-34.5,23.0,13.0,0.6388888888888888,2.4541649293089653,32,16,0,16,0.03870076252918159,0,0,0,0,0,1,0,0,0,5,208,17,0,39,1
1dc6,B,211,ALA,1.8,88.6,0.0,0,0,T,0.009433962264150943,-67.7,-56.8,19.0,22.0,0.4634146341463415,4.195209511974834,34,21,1,20,0.045228601991935104,0,0,0,0,0,1,0,0,0,-1,0,0,0,0,0
1dc6,B,212,LYS,-3.9,168.6,1.0,2,0,T,0.5853658536585366,-55.0,-54.0,5.0,28.0,0.15151515151515152,2.0601869990539496,24,13,0,13,0.03870076252918159,0,0,0,0,0,1,0,0,0,-1,0,0,0,0,0
1dc6,B,213,ALA,1.8,88.6,0.0,0,0,H,0.0660377358490566,-46.3,-20.3,22.0,20.0,0.5238095238095238,2.684548932229126,36,19,0,19,0.032639197313767604,1,0,0,0,0,0,0,0,0,-1,0,0,0,0,0
1dc6,B,214,VAL,4.2,140.0,0.0,0,0,H,0.0,-66.9,-30.8,25.0,20.0,0.5555555555555556,5.012517609052494,36,27,9,18,0.05035761871267001,1,0,0,0,0,0,0,0,0,-1,0,0,0,0,0
1dc6,B,215,GLY,-0.4,60.1,0.0,0,0,H,0.023809523809523808,-75.1,-17.2,12.0,21.0,0.36363636363636365,2.4020725871359,27,27,9,18,0.043829779249916496,1,0,0,0,0,0,0,0,0,20,146,5,0,7,1
1dc6,B,216,LYS,-3.9,168.6,1.0,2,0,H,0.697560975609756,-80.1,-31.5,15.0,15.0,0.5,1.9748164361192073,28,8,3,5,0.035436842797804825,1,0,0,0,0,0,0,0,0,-1,0,0,0,0,0
1dc6,B,217,VAL,4.2,140.0,0.0,0,0,H,0.028169014084507043,-97.4,-11.1,28.0,9.0,0.7567567567567568,2.376690838318781,34,30,10,20,0.04149840801321881,1,0,0,0,0,0,0,0,0,-1,0,0,0,0,0
1dc6,B,218,LEU,3.8,166.7,0.0,0,0,S,0.018292682926829267,-140.0,75.6,24.0,11.0,0.6857142857142857,2.970591980533343,34,30,14,16,0.03963331102386066,0,0,0,0,0,0,1,0,0,20,146,5,0,7,1
1dc6,B,219,PRO,-1.6,112.7,0.0,0,0,G,0.6544117647058824,-41.8,-39.1,2.0,18.0,0.1,1.9657318394023344,17,22,9,13,0.02844272908771177,0,0,0,1,0,0,0,0,0,20,146,5,0,7,1
1dc6,B,220,GLU,-3.5,138.4,-1.0,1,3,G,0.4484536082474227,-51.5,-40.4,11.0,13.0,0.4583333333333333,1.7437063813010312,20,20,6,14,0.02611135785101408,0,0,0,1,0,0,0,0,0,20,146,5,0,7,1
1dc6,B,221,LEU,3.8,166.7,0.0,0,0,G,0.006097560975609756,-83.3,-4.5,25.0,6.0,0.8064516129032258,3.7853177471152093,33,27,19,8,0.04196468226055834,0,0,0,1,0,0,0,0,0,20,146,5,0,7,1
1dc6,B,222,ASN,-3.5,114.1,0.0,2,2,T,0.6687898089171974,-48.6,125.2,4.0,19.0,0.17391304347826086,1.8488652410172473,17,26,9,17,0.03730193978716297,0,0,0,0,0,1,0,0,0,20,146,5,0,7,1
1dc6,B,223,GLY,-0.4,60.1,0.0,0,0,T,0.8690476190476191,82.1,-6.1,2.0,20.0,0.09090909090909091,1.7095506981035422,20,22,13,9,0.024246260861655933,0,0,0,0,0,1,0,0,0,20,146,5,0,7,1
1dc6,B,224,LYS,-3.9,168.6,1.0,2,0,S,0.33658536585365856,-94.4,-3.2,18.0,10.0,0.6428571428571429,1.9741927290576575,26,12,19,-7,0.03403802005578621,0,0,0,0,0,0,1,0,0,20,146,5,0,7,1
1dc6,B,225,LEU,3.8,166.7,0.0,0,0,E,0.06707317073170732,-139.7,153.7,27.0,8.0,0.7714285714285715,3.099481701127839,34,20,11,9,0.04289723075523742,0,0,1,0,0,0,0,0,0,20,146,5,0,7,1
1dc6,B,226,THR,-0.7,116.1,0.0,1,1,E,0.31690140845070425,-165.7,171.5,3.0,26.0,0.10344827586206896,2.2417406903422,27,14,5,9,0.035436842797804825,0,0,1,0,0,0,0,0,0,-1,0,0,0,0,0
1dc6,B,227,GLY,-0.4,60.1,0.0,0,0,E,0.20238095238095238,179.3,-170.4,25.0,7.0,0.78125,1.7386799579797554,24,11,3,8,0.03870076252918159,0,0,1,0,0,0,0,0,0,5,208,17,0,39,1
1dc6,B,228,MET,1.9,162.9,0.0,0,0,E,0.35638297872340424,-143.7,177.7,4.0,21.0,0.16,2.4241090821960136,23,5,7,-2,0.03776821403450251,0,0,1,0,0,0,0,0,0,5,208,17,0,39,1
1dc6,B,229,ALA,1.8,88.6,0.0,0,0,E,0.05660377358490566,-134.9,162.6,19.0,12.0,0.6129032258064516,2.912074459125327,29,26,5,21,0.045694876239274644,0,0,1,0,0,0,0,0,0,5,208,17,0,39,1
1dc6,B,230,PHE,2.8,189.9,0.0,0,0,E,0.34517766497461927,-129.7,115.7,11.0,17.0,0.39285714285714285,2.507513961912286,22,22,4,18,0.04476232774459557,0,0,1,0,0,0,0,0,0,-1,0,0,0,0,0
1dc6,B,231,ARG,-4.5,173.4,1.0,5,0,E,0.18951612903225806,-88.5,120.6,20.0,16.0,0.5555555555555556,2.8786495972929185,38,17,3,14,0.05222271570202816,0,0,1,0,0,0,0,0,0,-1,0,0,0,0,0
1dc6,B,232,VAL,4.2,140.0,0.0,0,0,-,0.19718309859154928,-119.8,158.8,11.0,18.0,0.3793103448275862,2.7040685538997766,27,21,0,21,0.04243095650789788,0,0,0,0,0,0,0,0,0,18,36,23,0,8,1
1dc6,B,233,PRO,-1.6,112.7,0.0,0,0,S,0.4852941176470588,-65.1,69.2,9.0,17.0,0.34615384615384615,1.9001836513574024,23,14,0,14,0.03450429430312575,0,0,0,0,0,0,1,0,0,18,36,23,0,8,1
1dc6,B,234,THR,-0.7,116.1,0.0,1,1,-,0.29577464788732394,-137.0,152.9,17.0,12.0,0.5862068965517241,1.81396638697823,24,19,0,19,0.026577632098353617,0,0,0,0,0,0,0,0,0,18,36,23,0,8,1
1dc6,B,235,PRO,-1.6,112.7,0.0,0,0,S,0.6911764705882353,-84.4,-23.0,7.0,20.0,0.25925925925925924,1.9010752102423984,25,17,10,7,0.02844272908771177,0,0,0,0,0,0,1,0,0,18,36,23,0,8,1
1dc6,B,236,ASN,-3.5,114.1,0.0,2,2,S,0.03821656050955414,-162.5,166.5,16.0,19.0,0.45714285714285713,2.103509632513065,34,25,24,1,0.04755997322863279,0,0,0,0,0,0,1,0,0,-1,0,0,0,0,0
1dc6,B,237,VAL,4.2,140.0,0.0,0,0,-,0.04225352112676056,69.7,116.2,18.0,24.0,0.42857142857142855,2.4020436686539597,33,14,27,-13,0.056419183928083996,0,0,0,0,0,0,0,0,0,-1,0,0,0,0,0
1dc6,B,238,SER,-0.8,89.0,0.0,1,1,E,0.007692307692307693,-116.6,173.6,24.0,21.0,0.5333333333333333,2.5429120150192506,38,17,14,3,0.0526889899493677,0,0,1,0,0,0,0,0,0,-1,0,0,0,0,0
1dc6,B,239,VAL,4.2,140.0,0.0,0,0,E,0.1267605633802817,-141.6,139.5,17.0,27.0,0.38636363636363635,2.4665810995904507,39,10,16,-6,0.04476232774459557,0,0,1,0,0,0,0,0,0,-1,0,0,0,0,0
1dc6,B,240,VAL,4.2,140.0,0.0,0,0,E,0.007042253521126761,-99.1,142.8,27.0,19.0,0.5869565217391305,3.483561444706138,36,12,12,0,0.05175644145468863,0,0,1,0,0,0,0,0,0,-1,0,0,0,0,0
1dc6,B,241,ASP,-3.5,111.1,-1.0,1,3,E,0.22699386503067484,-115.6,98.3,9.0,28.0,0.24324324324324326,1.8650197203401653,32,10,0,10,0.04289723075523742,0,0,1,0,0,0,0,0,0,-1,0,0,0,0,0
1dc6,B,242,LEU,3.8,166.7,0.0,0,0,E,0.0,-100.1,114.3,21.0,19.0,0.525,4.330992878517609,36,15,11,4,0.043363505002576956,0,0,1,0,0,0,0,0,0,-1,0,0,0,0,0
1dc6,B,243,THR,-0.7,116.1,0.0,1,1,E,0.24647887323943662,-104.7,118.6,7.0,26.0,0.21212121212121213,2.047669245399047,28,18,16,2,0.04103213376587927,0,0,1,0,0,0,0,0,0,-1,0,0,0,0,0
1dc6,B,244,VAL,4.2,140.0,0.0,0,0,E,0.0,-138.8,155.7,23.0,14.0,0.6216216216216216,2.9638927058748155,35,24,17,7,0.04755997322863279,0,0,1,0,0,0,0,0,0,-1,0,0,0,0,0
1dc6,B,245,ARG,-4.5,173.4,1.0,5,0,E,0.39919354838709675,-103.7,130.7,5.0,24.0,0.1724137931034483,2.423583157558398,20,9,21,-12,0.045228601991935104,0,0,1,0,0,0,0,0,0,-1,0,0,0,0,0
1dc6,B,246,LEU,3.8,166.7,0.0,0,0,E,0.024390243902439025,-105.0,141.7,20.0,10.0,0.6666666666666666,4.08709929636524,28,21,26,-5,0.04942507021799094,0,0,1,0,0,0,0,0,0,1,1404,5,0,77,1
1dc6,B,247,GLU,-3.5,138.4,-1.0,1,3,S,0.6082474226804123,-69.1,-56.9,8.0,12.0,0.4,1.823572229017067,18,23,11,12,0.03403802005578621,0,0,0,0,0,0,1,0,0,-1,0,0,0,0,0
1dc6,B,248,LYS,-3.9,168.6,1.0,2,0,S,0.551219512195122,-91.0,124.8,8.0,13.0,0.38095238095238093,2.0934082975028625,19,2,18,-16,0.02984155182973038,0,0,0,0,0,0,1,0,0,-1,0,0,0,0,0
1dc6,B,249,ALA,1.8,88.6,0.0,0,0,-,0.5754716981132075,-62.7,136.4,3.0,21.0,0.125,1.8297435738963403,19,12,14,-2,0.032639197313767604,0,0,0,0,0,0,0,0,0,-1,0,0,0,0,0
1dc6,B,250,ALA,1.8,88.6,0.0,0,0,-,0.018867924528301886,-149.7,137.3,18.0,8.0,0.6923076923076923,1.9257615927269724,26,10,18,-8,0.03683566553982344,0,0,0,0,0,0,0,0,0,1,1404,5,0,77,1
1dc6,B,251,THR,-0.7,116.1,0.0,1,1,-,0.4295774647887324,-72.6,164.7,3.0,18.0,0.14285714285714285,2.0547055043084863,19,10,17,-7,0.03170664881908853,0,0,0,0,0,0,0,0,0,1,1404,5,0,77,1
1dc6,B,252,TYR,-1.3,193.6,0.0,1,1,H,0.19369369369369369,-64.4,-34.3,12.0,15.0,0.4444444444444444,2.2385504018439817,30,20,21,-1,0.03823448828184205,1,0,0,0,0,0,0,0,0,53,0,8,0,0,1
1dc6,B,253,GLU,-3.5,138.4,-1.0,1,3,H,0.6597938144329897,-70.9,-15.3,0.0,20.0,0.0,1.757475806044318,16,11,4,7,0.029375277582390842,1,0,0,0,0,0,0,0,0,53,0,8,0,0,1
1dc6,B,254,GLN,-3.5,143.8,0.0,2,2,H,0.4898989898989899,-85.1,-45.4,10.0,11.0,0.47619047619047616,1.8669104637608354,17,12,17,-5,0.03357174580844668,1,0,0,0,0,0,0,0,0,53,0,8,0,0,1
1dc6,B,255,ILE,4.5,166.7,0.0,0,0,H,0.005917159763313609,-58.8,-51.9,25.0,13.0,0.6578947368421053,3.972594309728423,34,17,14,3,0.04662742473395372,1,0,0,0,0,0,0,0,0,1,1404,5,0,77,1
1dc6,B,256,LYS,-3.9,168.6,1.0,2,0,H,0.11219512195121951,-52.5,-49.8,12.0,21.0,0.36363636363636365,2.34914439972213,26,14,21,-7,0.04476232774459557,1,0,0,0,0,0,0,0,0,53,0,8,0,0,1
1dc6,B,257,ALA,1.8,88.6,0.0,0,0,H,0.5849056603773585,-52.5,-40.0,6.0,16.0,0.2727272727272727,1.7677055718829515,23,18,20,-2,0.03403802005578621,1,0,0,0,0,0,0,0,0,8,283,8,0,26,1
1dc6,B,258,ALA,1.8,88.6,0.0,0,0,H,0.12264150943396226,-64.7,-53.0,15.0,16.0,0.4838709677419355,1.8382377470203988,31,19,21,-2,0.03683566553982344,1,0,0,0,0,0,0,0,0,8,283,8,0,26,1
1dc6,B,259,VAL,4.2,140.0,0.0,0,0,H,0.0,-54.8,-57.9,22.0,18.0,0.55,4.444122877997784,37,22,18,4,0.048026247475972325,1,0,0,0,0,0,0,0,0,8,283,8,0,26,1
1dc6,B,260,LYS,-3.9,168.6,1.0,2,0,H,0.3853658536585366,-51.3,-30.4,9.0,18.0,0.3333333333333333,2.2691762925487287,22,10,19,-9,0.03823448828184205,1,0,0,0,0,0,0,0,0,8,283,8,0,26,1
1dc6,B,261,ALA,1.8,88.6,0.0,0,0,H,0.4716981132075472,-78.8,-43.6,8.0,15.0,0.34782608695652173,1.8478067735631973,19,19,18,1,0.03357174580844668,1,0,0,0,0,0,0,0,0,8,283,8,0,26,1
1dc6,B,262,ALA,1.8,88.6,0.0,0,0,H,0.05660377358490566,-65.2,-37.5,21.0,9.0,0.7,2.5619562699314544,28,25,20,5,0.040099585271200194,1,0,0,0,0,0,0,0,0,8,283,8,0,26,1
1dc6,B,263,ALA,1.8,88.6,0.0,0,0,H,0.0660377358490566,-65.3,-42.8,15.0,13.0,0.5357142857142857,2.2495951554066274,25,20,18,2,0.048492521723311866,1,0,0,0,0,0,0,0,0,54,0,10,0,0,1
1dc6,B,264,GLU,-3.5,138.4,-1.0,1,3,T,0.6494845360824743,-82.9,5.9,7.0,12.0,0.3684210526315789,1.7487107914510902,17,19,9,10,0.032172923066428064,0,0,0,0,0,1,0,0,0,54,0,10,0,0,1
1dc6,B,265,GLY,-0.4,60.1,0.0,0,0,T,0.42857142857142855,-148.0,-99.3,6.0,11.0,0.35294117647058826,1.7983703721888515,15,15,18,-3,0.02611135785101408,0,0,0,0,0,1,0,0,0,54,0,10,0,0,1
1dc6,B,266,GLU,-3.5,138.4,-1.0,1,3,T,0.7989690721649485,-50.1,-38.0,11.0,10.0,0.5238095238095238,1.7313825350965468,19,16,10,6,0.02144861537761871,0,0,0,0,0,1,0,0,0,-1,0,0,0,0,0
1dc6,B,267,MET,1.9,162.9,0.0,0,0,T,0.0797872340425532,-106.4,10.1,24.0,6.0,0.8,2.1810361629838337,31,33,16,17,0.03730193978716297,0,0,0,0,0,1,0,0,0,54,0,10,0,0,1
1dc6,B,268,LYS,-3.9,168.6,1.0,2,0,B,0.7463414634146341,-51.6,117.6,4.0,19.0,0.17391304347826086,1.9051007807046565,19,6,18,-12,0.03124037457174899,0,1,0,0,0,0,0,0,0,54,0,10,0,0,1
1dc6,B,269,GLY,-0.4,60.1,0.0,0,0,T,0.38095238095238093,105.0,-17.9,7.0,17.0,0.2916666666666667,1.7098808283221725,25,24,18,6,0.029375277582390842,0,0,0,0,0,1,0,0,0,54,0,10,0,0,1
1dc6,B,270,VAL,4.2,140.0,0.0,0,0,T,0.04929577464788732,-111.6,-45.3,20.0,20.0,0.5,3.1917939807821667,40,26,15,11,0.043363505002576956,0,0,0,0,0,1,0,0,0,55,0,14,0,0,1
1dc6,B,271,LEU,3.8,166.7,0.0,0,0,E,0.012195121951219513,-116.4,130.6,24.0,18.0,0.5714285714285714,3.7719596386105705,40,24,15,9,0.04755997322863279,0,0,1,0,0,0,0,0,0,-1,0,0,0,0,0
1dc6,B,272,GLY,-0.4,60.1,0.0,0,0,E,0.13095238095238096,-113.2,166.6,16.0,22.0,0.42105263157894735,2.546634800164051,36,19,18,1,0.04476232774459557,0,0,1,0,0,0,0,0,0,-1,0,0,0,0,0
1dc6,B,273,TYR,-1.3,193.6,0.0,1,1,E,0.21171171171171171,-137.7,128.5,14.0,21.0,0.4,2.153745141475227,25,22,31,-9,0.040099585271200194,0,0,1,0,0,0,0,0,0,8,283,8,0,26,1
1dc6,B,274,THR,-0.7,116.1,0.0,1,1,E,0.14788732394366197,-140.8,150.2,16.0,13.0,0.5517241379310345,2.319561731252976,29,26,35,-9,0.0363693912924839,0,0,1,0,0,0,0,0,0,-1,0,0,0,0,0
1dc6,B,275,GLU,-3.5,138.4,-1.0,1,3,-,0.4742268041237113,-119.5,11.8,5.0,16.0,0.23809523809523808,1.7739013791608043,20,25,26,-1,0.035436842797804825,0,0,0,0,0,0,0,0,0,53,0,8,0,0,1
1dc6,B,276,ASP,-3.5,111.1,-1.0,1,3,S,0.3067484662576687,-84.8,161.7,13.0,7.0,0.65,1.8002890624797474,21,21,32,-11,0.034970568550465285,0,0,0,0,0,0,1,0,0,16,42,21,0,10,1
1dc6,B,277,ASP,-3.5,111.1,-1.0,1,3,-,0.5521472392638037,-82.0,56.8,7.0,14.0,0.3333333333333333,1.6720566897938927,19,12,27,-15,0.03170664881908853,0,0,0,0,0,0,0,0,0,34,7,23,0,1,1
1dc6,B,278,VAL,4.2,140.0,0.0,0,0,-,0.07746478873239436,-74.0,159.8,20.0,9.0,0.6896551724137931,2.164893293797239,27,17,39,-22,0.04196468226055834,0,0,0,0,0,0,0,0,0,34,7,23,0,1,1
1dc6,B,279,VAL,4.2,140.0,0.0,0,0,-,0.44366197183098594,-133.2,170.1,9.0,22.0,0.2903225806451613,2.4122667407484797,23,5,28,-23,0.03357174580844668,0,0,0,0,0,0,0,0,0,34,7,23,0,1,1
1dc6,B,280,SER,-0.8,89.0,0.0,1,1,G,0.25384615384615383,-50.7,-47.5,14.0,21.0,0.4,2.2337407403616187,30,3,22,-19,0.03823448828184205,0,0,0,1,0,0,0,0,0,34,7,23,0,1,1
1dc6,B,281,THR,-0.7,116.1,0.0,1,1,G,0.352112676056338,-57.6,-26.2,9.0,19.0,0.32142857142857145,1.8881938100425033,24,12,22,-10,0.034970568550465285,0,0,0,1,0,0,0,0,0,34,7,23,0,1,1
1dc6,B,282,ASP,-3.5,111.1,-1.0,1,3,G,0.049079754601226995,-66.4,-3.5,14.0,17.0,0.45161290322580644,2.0750173805793186,28,22,27,-5,0.04616115048661418,0,0,0,1,0,0,0,0,0,34,7,23,0,1,1
1dc6,B,283,PHE,2.8,189.9,0.0,0,0,G,0.015228426395939087,-121.0,6.6,24.0,14.0,0.631578947368421,2.642620732292473,33,9,36,-27,0.048492521723311866,0,0,0,1,0,0,0,0,0,48,0,24,0,0,1
1dc6,B,284,ASN,-3.5,114.1,0.0,2,2,T,0.4585987261146497,-67.4,112.3,19.0,17.0,0.5277777777777778,1.8167977682173146,27,23,37,-14,0.04243095650789788,0,0,0,0,0,1,0,0,0,48,0,24,0,0,1
1dc6,B,285,GLY,-0.4,60.1,0.0,0,0,T,0.42857142857142855,101.4,8.3,9.0,22.0,0.2903225806451613,1.832641782974924,28,20,30,-10,0.034970568550465285,0,0,0,0,0,1,0,0,0,48,0,24,0,0,1
1dc6,B,286,GLU,-3.5,138.4,-1.0,1,3,-,0.21649484536082475,-72.7,130.6,21.0,12.0,0.6363636363636364,2.0754458463528542,30,12,17,-5,0.03776821403450251,0,0,0,0,0,0,0,0,0,48,0,24,0,0,1
1dc6,B,287,VAL,4.2,140.0,0.0,0,0,-,0.45774647887323944,-82.5,-34.3,7.0,26.0,0.21212121212121213,2.304289239766464,32,15,25,-10,0.03450429430312575,0,0,0,0,0,0,0,0,0,48,0,24,0,0,1
1dc6,B,288,CYS,2.5,108.5,0.0,1,0,S,0.18518518518518517,-65.2,135.0,17.0,21.0,0.4473684210526316,2.949968053689527,33,23,18,5,0.03870076252918159,0,0,0,0,0,0,1,0,0,17,46,18,0,9,1
1dc6,B,289,THR,-0.7,116.1,0.0,1,1,S,0.035211267605633804,-79.3,-3.5,23.0,27.0,0.46,6.152245233709069,43,18,23,-5,0.05175644145468863,0,0,0,0,0,0,1,0,0,-1,0,0,0,0,0
1dc6,B,290,SER,-0.8,89.0,0.0,1,1,E,0.0,-157.8,107.5,27.0,23.0,0.54,5.728299234635319,43,9,16,-7,0.04942507021799094,0,0,1,0,0,0,0,0,0,-1,0,0,0,0,0
1dc6,B,291,VAL,4.2,140.0,0.0,0,0,E,0.056338028169014086,-110.4,111.7,19.0,28.0,0.40425531914893614,3.514641624139241,38,4,25,-21,0.048958795970651406,0,0,1,0,0,0,0,0,0,17,46,18,0,9,1
1dc6,B,292,PHE,2.8,189.9,0.0,0,0,E,0.0,-68.6,124.1,23.0,23.0,0.5,5.746130438576743,39,24,18,6,0.05035761871267001,0,0,1,0,0,0,0,0,0,-1,0,0,0,0,0
1dc6,B,293,ASP,-3.5,111.1,-1.0,1,3,E,0.06748466257668712,-95.4,95.9,20.0,15.0,0.5714285714285714,3.270762744518157,30,15,24,-9,0.05222271570202816,0,0,1,0,0,0,0,0,0,34,7,23,0,1,1
1dc6,B,294,ALA,1.8,88.6,0.0,0,0,G,0.018867924528301886,-55.9,-55.8,14.0,15.0,0.4827586206896552,2.3123730313603494,27,24,36,-12,0.048026247475972325,0,0,0,1,0,0,0,0,0,-1,0,0,0,0,0
1dc6,B,295,LYS,-3.9,168.6,1.0,2,0,G,0.6487804878048781,-62.0,-20.6,6.0,16.0,0.2727272727272727,1.890449991623587,17,5,35,-30,0.03310547156110714,0,0,0,1,0,0,0,0,0,16,42,21,0,10,1
1dc6,B,296,ALA,1.8,88.6,0.0,0,0,G,0.4528301886792453,-85.3,-25.3,17.0,10.0,0.6296296296296297,1.7836478241589517,23,20,29,-9,0.029375277582390842,0,0,0,1,0,0,0,0,0,-1,0,0,0,0,0
1dc6,B,297,GLY,-0.4,60.1,0.0,0,0,-,0.14285714285714285,-66.2,151.4,22.0,7.0,0.7586206896551724,2.1510799127586373,22,23,14,9,0.03916703677652112,0,0,0,0,0,0,0,0,0,-1,0,0,0,0,0
1dc6,B,298,ILE,4.5,166.7,0.0,0,0,E,0.6272189349112426,-137.8,135.0,2.0,22.0,0.08333333333333333,1.9982510937109963,20,13,4,9,0.029375277582390842,0,0,1,0,0,0,0,0,0,-1,0,0,0,0,0
1dc6,B,299,ALA,1.8,88.6,0.0,0,0,E,0.33962264150943394,-112.8,137.7,14.0,13.0,0.5185185185185185,1.794851313979602,21,8,9,-1,0.03403802005578621,0,0,1,0,0,0,0,0,0,1,1404,5,0,77,1
1dc6,B,300,LEU,3.8,166.7,0.0,0,0,E,0.7926829268292683,-89.5,-31.1,8.0,10.0,0.4444444444444444,1.8221059686977132,12,7,8,-1,0.025645083603674543,0,0,1,0,0,0,0,0,0,1,1404,5,0,77,1
1dc6,B,301,ASN,-3.5,114.1,0.0,2,2,E,0.46496815286624205,-172.4,171.9,6.0,12.0,0.3333333333333333,1.830943792042896,17,11,8,3,0.026577632098353617,0,0,1,0,0,0,0,0,0,1,1404,5,0,77,1
1dc6,B,302,ASP,-3.5,111.1,-1.0,1,3,T,0.4601226993865031,-58.4,-1.2,8.0,13.0,0.38095238095238093,2.117207099604656,19,7,5,2,0.034970568550465285,0,0,0,0,0,1,0,0,0,1,1404,5,0,77,1
1dc6,B,303,ASN,-3.5,114.1,0.0,2,2,T,0.3821656050955414,-129.2,5.1,5.0,22.0,0.18518518518518517,1.950057588206821,23,18,15,3,0.04149840801321881,0,0,0,0,0,1,0,0,0,1,1404,5,0,77,1
1dc6,B,304,PHE,2.8,189.9,0.0,0,0,E,0.4365482233502538,-143.2,108.5,2.0,27.0,0.06896551724137931,1.9619329596653956,21,20,15,5,0.04149840801321881,0,0,1,0,0,0,0,0,0,1,1404,5,0,77,1
1dc6,B,305,VAL,4.2,140.0,0.0,0,0,E,0.028169014084507043,-142.6,153.5,21.0,12.0,0.6363636363636364,2.6286411183152474,31,18,13,5,0.048958795970651406,0,0,1,0,0,0,0,0,0,1,1404,5,0,77,1
1dc6,B,306,LYS,-3.9,168.6,1.0,2,0,E,0.33658536585365856,-112.3,120.9,9.0,23.0,0.28125,2.3633041087439963,26,1,9,-8,0.04289723075523742,0,0,1,0,0,0,0,0,0,-1,0,0,0,0,0
1dc6,B,307,LEU,3.8,166.7,0.0,0,0,E,0.006097560975609756,-109.9,146.8,21.0,18.0,0.5384615384615384,5.2930521316293415,38,16,16,0,0.048026247475972325,0,0,1,0,0,0,0,0,0,-1,0,0,0,0,0
1dc6,B,308,VAL,4.2,140.0,0.0,0,0,E,0.14084507042253522,-122.5,132.9,15.0,25.0,0.375,3.284760024395684,35,14,16,-2,0.04989134446533048,0,0,1,0,0,0,0,0,0,-1,0,0,0,0,0
1dc6,B,309,SER,-0.8,89.0,0.0,1,1,E,0.0,-142.6,137.1,26.0,21.0,0.5531914893617021,5.3022482455621285,44,2,17,-15,0.05129016720734909,0,0,1,0,0,0,0,0,0,-1,0,0,0,0,0
1dc6,B,310,TRP,-0.9,227.8,0.0,1,0,E,0.13656387665198239,-100.8,146.2,21.0,28.0,0.42857142857142855,3.8382286505986762,36,2,29,-27,0.0526889899493677,0,0,1,0,0,0,0,0,0,34,7,23,0,1,1
1dc6,B,311,TYR,-1.3,193.6,0.0,1,1,E,0.02252252252252252,-150.9,129.8,27.0,22.0,0.5510204081632653,5.4392096856435295,40,10,21,-11,0.05781800667010261,0,0,1,0,0,0,0,0,0,-1,0,0,0,0,0
1dc6,B,312,ASP,-3.5,111.1,-1.0,1,3,-,0.012269938650306749,-78.6,96.4,19.0,24.0,0.4418604651162791,5.097009093845683,37,11,22,-11,0.05548663543340492,0,0,0,0,0,0,0,0,0,48,0,24,0,0,1
1dc6,B,313,ASN,-3.5,114.1,0.0,2,2,T,0.07643312101910828,-53.0,-10.4,21.0,26.0,0.44680851063829785,2.5152556403750337,38,29,22,7,0.04755997322863279,0,0,0,0,0,1,0,0,0,-1,0,0,0,0,0
1dc6,B,314,GLU,-3.5,138.4,-1.0,1,3,T,0.07731958762886598,-104.2,-56.2,21.0,22.0,0.4883720930232558,2.647165673245963,33,29,17,12,0.048026247475972325,0,0,0,0,0,1,0,0,0,-1,0,0,0,0,0
1dc6,B,315,THR,-0.7,116.1,0.0,1,1,H,0.11267605633802817,-73.6,-35.9,14.0,22.0,0.3888888888888889,2.898027873710414,34,33,27,6,0.048492521723311866,1,0,0,0,0,0,0,0,0,48,0,24,0,0,1
1dc6,B,316,GLY,-0.4,60.1,0.0,0,0,H,0.011904761904761904,-73.0,-51.5,27.0,15.0,0.6428571428571429,4.908085186135041,38,15,31,-16,0.05035761871267001,1,0,0,0,0,0,0,0,0,-1,0,0,0,0,0
1dc6,B,317,TYR,-1.3,193.6,0.0,1,1,H,0.04054054054054054,-57.6,-39.3,23.0,21.0,0.5227272727272727,2.660491535591298,43,14,20,-6,0.053621538444046775,1,0,0,0,0,0,0,0,0,-1,0,0,0,0,0
1dc6,B,318,SER,-0.8,89.0,0.0,1,1,H,0.0,-68.9,-32.1,19.0,24.0,0.4418604651162791,4.593386132915003,39,30,25,5,0.048026247475972325,1,0,0,0,0,0,0,0,0,-1,0,0,0,0,0
1dc6,B,319,ASN,-3.5,114.1,0.0,2,2,H,0.17834394904458598,-74.7,-40.2,17.0,25.0,0.40476190476190477,2.173386682918632,34,36,23,13,0.04662742473395372,1,0,0,0,0,0,0,0,0,-1,0,0,0,0,0
1dc6,B,320,LYS,-3.9,168.6,1.0,2,0,H,0.024390243902439025,-70.2,-25.4,28.0,16.0,0.6363636363636364,3.393273286801478,37,16,13,3,0.05035761871267001,1,0,0,0,0,0,0,0,0,55,0,14,0,0,1
1dc6,B,321,VAL,4.2,140.0,0.0,0,0,H,0.0,-64.4,-42.3,29.0,20.0,0.5918367346938775,5.828697096365788,46,23,14,9,0.050823892960009553,1,0,0,0,0,0,0,0,0,-1,0,0,0,0,0
1dc6,B,322,LEU,3.8,166.7,0.0,0,0,H,0.0,-68.0,-23.6,23.0,25.0,0.4791666666666667,3.769056659012132,40,32,20,12,0.04616115048661418,1,0,0,0,0,0,0,0,0,-1,0,0,0,0,0
1dc6,B,323,ASP,-3.5,111.1,-1.0,1,3,H,0.17177914110429449,-72.3,-49.9,17.0,18.0,0.4857142857142857,1.924524950524602,32,36,4,32,0.04289723075523742,1,0,0,0,0,0,0,0,0,55,0,14,0,0,1
1dc6,B,324,LEU,3.8,166.7,0.0,0,0,H,0.0,-59.2,-46.4,28.0,11.0,0.717948717948718,4.642818866211602,41,35,9,26,0.048958795970651406,1,0,0,0,0,0,0,0,0,-1,0,0,0,0,0
1dc6,B,325,ILE,4.5,166.7,0.0,0,0,H,0.0,-55.0,-49.5,27.0,20.0,0.574468085106383,5.482709248589116,39,38,26,12,0.048958795970651406,1,0,0,0,0,0,0,0,0,-1,0,0,0,0,0
1dc6,B,326,ALA,1.8,88.6,0.0,0,0,H,0.22641509433962265,-62.6,-35.5,13.0,17.0,0.43333333333333335,2.1568534770632715,26,34,19,15,0.04243095650789788,1,0,0,0,0,0,0,0,0,-1,0,0,0,0,0
1dc6,B,327,HIS,-3.2,153.2,0.1,2,1,H,0.34782608695652173,-65.8,-55.6,18.0,11.0,0.6206896551724138,1.9338666847911923,28,26,16,10,0.03870076252918159,1,0,0,0,0,0,0,0,0,58,0,2,0,0,1
1dc6,B,328,ILE,4.5,166.7,0.0,0,0,H,0.01775147928994083,-71.0,-13.9,23.0,8.0,0.7419354838709677,2.944601871144531,30,38,14,24,0.04196468226055834,1,0,0,0,0,0,0,0,0,14,295,4,0,16,1
1dc6,B,329,SER,-0.8,89.0,0.0,1,1,T,0.3153846153846154,-84.2,5.9,17.0,12.0,0.5862068965517241,1.9466910238792519,25,42,17,25,0.035436842797804825,0,0,0,0,0,1,0,0,0,58,0,2,0,0,1
1dc6,B,330,LYS,-3.9,168.6,1.0,2,0,-,1.0,96.7,360.0,3.0,17.0,0.15,1.8559589928044873,12,16,1,15,0.022847438119637322,0,0,0,0,0,0,0,0,0,58,0,2,0,0,1
1e2k,A,46,MET,1.9,162.9,0.0,0,0,-,0.6223404255319149,360.0,146.9,16.0,5.0,0.7619047619047619,1.8296278015583889,18,12,0,12,0.025645083603674543,0,0,0,0,0,0,0,0,0,12,293,5,0,15,1
1e2k,A,47,PRO,-1.6,112.7,0.0,0,0,-,0.3161764705882353,-66.5,162.5,13.0,14.0,0.48148148148148145,2.1747044357470338,24,12,0,12,0.03124037457174899,0,0,0,0,0,0,0,0,0,-1,0,0,0,0,0
1e2k,A,48,THR,-0.7,116.1,0.0,1,1,E,0.19718309859154928,-103.5,155.1,11.0,21.0,0.34375,2.3854231480834245,30,13,5,8,0.04243095650789788,0,0,1,0,0,0,0,0,0,21,111,4,0,4,1
1e2k,A,49,LEU,3.8,166.7,0.0,0,0,E,0.006097560975609756,-129.6,143.2,26.0,16.0,0.6190476190476191,5.922927425054028,39,27,5,22,0.05175644145468863,0,0,1,0,0,0,0,0,0,-1,0,0,0,0,0
1e2k,A,50,LEU,3.8,166.7,0.0,0,0,E,0.012195121951219513,-119.5,113.9,18.0,23.0,0.43902439024390244,3.9793711356054926,39,13,3,10,0.048492521723311866,0,0,1,0,0,0,0,0,0,-1,0,0,0,0,0
1e2k,A,51,ARG,-4.5,173.4,1.0,5,0,E,0.012096774193548387,-102.6,130.9,22.0,22.0,0.5,6.42990527387061,39,20,5,15,0.053155264196707235,0,0,1,0,0,0,0,0,0,2,839,17,0,160,1
1e2k,A,52,VAL,4.2,140.0,0.0,0,0,E,0.028169014084507043,-132.1,115.2,21.0,20.0,0.5121951219512195,3.4862488143096115,36,24,8,16,0.05222271570202816,0,0,1,0,0,0,0,0,0,-1,0,0,0,0,0
1e2k,A,53,TYR,-1.3,193.6,0.0,1,1,E,0.018018018018018018,-99.8,115.4,17.0,24.0,0.4146341463414634,7.408324648935235,35,33,20,13,0.053155264196707235,0,0,1,0,0,0,0,0,0,-1,0,0,0,0,0
1e2k,A,54,ILE,4.5,166.7,0.0,0,0,E,0.0,-91.4,113.3,25.0,20.0,0.5555555555555556,6.170441455891905,39,29,17,12,0.05222271570202816,0,0,1,0,0,0,0,0,0,-1,0,0,0,0,0
1e2k,A,55,ASP,-3.5,111.1,-1.0,1,3,-,0.006134969325153374,-137.3,-170.5,20.0,22.0,0.47619047619047616,6.129516602934989,35,36,8,28,0.04989134446533048,0,0,0,0,0,0,0,0,0,-1,0,0,0,0,0
1e2k,A,56,GLY,-0.4,60.1,0.0,0,0,S,0.0,113.8,179.6,22.0,23.0,0.4888888888888889,3.8628995241956376,40,50,13,37,0.04709369898129325,0,0,0,0,0,0,1,0,0,-1,0,0,0,0,0
1e2k,A,57,PRO,-1.6,112.7,0.0,0,0,-,0.04411764705882353,-57.8,147.5,23.0,17.0,0.575,3.3323559949439976,36,50,8,42,0.04755997322863279,0,0,0,0,0,0,0,0,0,-1,0,0,0,0,0
1e2k,A,58,HIS,-3.2,153.2,0.1,2,1,T,0.07065217391304347,-70.2,164.9,20.0,23.0,0.46511627906976744,6.785830549747102,38,56,17,39,0.043829779249916496,0,0,0,0,0,1,0,0,0,9,104,14,0,18,1
1e2k,A,59,GLY,-0.4,60.1,0.0,0,0,T,0.047619047619047616,84.0,5.6,22.0,16.0,0.5789473684210527,5.1672284385991345,36,80,14,66,0.050823892960009553,0,0,0,0,0,1,0,0,0,-1,0,0,0,0,0
1e2k,A,60,MET,1.9,162.9,0.0,0,0,S,0.010638297872340425,-95.2,-19.6,20.0,20.0,0.5,3.509190018512749,39,74,18,56,0.04989134446533048,0,0,0,0,0,0,1,0,0,-1,0,0,0,0,0
1e2k,A,61,GLY,-0.4,60.1,0.0,0,0,S,0.047619047619047616,105.7,23.7,21.0,19.0,0.525,2.528387295777148,39,59,12,47,0.043363505002576956,0,0,0,0,0,0,1,0,0,-1,0,0,0,0,0
1e2k,A,62,LYS,-3.9,168.6,1.0,2,0,H,0.02926829268292683,-60.1,-47.1,18.0,22.0,0.45,5.266316306322295,35,38,23,15,0.048026247475972325,1,0,0,0,0,0,0,0,0,-1,0,0,0,0,0
1e2k,A,63,THR,-0.7,116.1,0.0,1,1,H,0.19014084507042253,-68.5,-40.7,12.0,24.0,0.3333333333333333,2.3400674711936262,30,35,20,15,0.040099585271200194,1,0,0,0,0,0,0,0,0,-1,0,0,0,0,0
1e2k,A,64,THR,-0.7,116.1,0.0,1,1,H,0.24647887323943662,-55.4,-51.6,14.0,15.0,0.4827586206896552,1.991227239255626,28,33,2,31,0.03403802005578621,1,0,0,0,0,0,0,0,0,-1,0,0,0,0,0
1e2k,A,65,THR,-0.7,116.1,0.0,1,1,H,0.014084507042253521,-70.1,-20.5,23.0,12.0,0.6571428571428571,3.8068313400378253,32,30,11,19,0.050823892960009553,1,0,0,0,0,0,0,0,0,-1,0,0,0,0,0
1e2k,A,66,THR,-0.7,116.1,0.0,1,1,H,0.014084507042253521,-86.2,-25.9,21.0,17.0,0.5526315789473685,4.505171914344901,34,17,12,5,0.05035761871267001,1,0,0,0,0,0,0,0,0,30,5,7,0,0,1
1e2k,A,67,GLN,-3.5,143.8,0.0,2,2,H,0.46464646464646464,-60.9,-54.6,7.0,19.0,0.2692307692307692,1.9273978329740977,21,10,8,2,0.03683566553982344,1,0,0,0,0,0,0,0,0,30,5,7,0,0,1
1e2k,A,68,LEU,3.8,166.7,0.0,0,0,H,0.34146341463414637,-57.3,-38.2,15.0,7.0,0.6818181818181818,2.143983902701132,20,13,7,6,0.03683566553982344,1,0,0,0,0,0,0,0,0,30,5,7,0,0,1
1e2k,A,69,LEU,3.8,166.7,0.0,0,0,H,0.1402439024390244,-57.8,-46.2,23.0,7.0,0.7666666666666667,2.28714873666427,28,13,8,5,0.03963331102386066,1,0,0,0,0,0,0,0,0,30,5,7,0,0,1
1e2k,A,70,VAL,4.2,140.0,0.0,0,0,T,0.4295774647887324,-103.4,22.9,14.0,10.0,0.5833333333333334,2.052434098249466,20,8,9,-1,0.029375277582390842,0,0,0,0,0,1,0,0,0,30,5,7,0,0,1
1e2k,A,71,ALA,1.8,88.6,0.0,0,0,-,1.0,-106.4,360.0,9.0,6.0,0.6,1.7675804345525132,12,8,0,8,0.017718421398902413,0,0,0,0,0,0,0,0,0,30,5,7,0,0,1
1e2k,A,76,ASP,-3.5,111.1,-1.0,1,3,-,0.950920245398773,360.0,5.9,3.0,15.0,0.16666666666666666,1.672067644724075,14,7,9,-2,0.01818469564624195,0,0,0,0,0,0,0,0,0,33,20,1,0,0,1
1e2k,A,77,ASP,-3.5,111.1,-1.0,1,3,-,0.6073619631901841,-104.1,7.5,6.0,14.0,0.3,1.7270927156411335,19,3,8,-5,0.025645083603674543,0,0,0,0,0,0,0,0,0,33,20,1,0,0,1
1e2k,A,78,ILE,4.5,166.7,0.0,0,0,E,0.26627218934911245,-147.7,120.6,11.0,18.0,0.3793103448275862,2.233941738288902,25,4,16,-12,0.03450429430312575,0,0,1,0,0,0,0,0,0,33,20,1,0,0,1
1e2k,A,79,VAL,4.2,140.0,0.0,0,0,E,0.09859154929577464,-123.0,141.5,19.0,14.0,0.5757575757575758,2.4262406651846606,30,12,21,-9,0.04243095650789788,0,0,1,0,0,0,0,0,0,33,20,1,0,0,1
1e2k,A,80,TYR,-1.3,193.6,0.0,1,1,E,0.13513513513513514,-106.8,128.1,16.0,23.0,0.41025641025641024,2.303627977418634,33,11,15,-4,0.04149840801321881,0,0,1,0,0,0,0,0,0,30,5,7,0,0,1
1e2k,A,81,VAL,4.2,140.0,0.0,0,0,E,0.028169014084507043,-101.2,103.0,21.0,19.0,0.525,4.456151354948545,36,15,15,0,0.048492521723311866,0,0,1,0,0,0,0,0,0,-1,0,0,0,0,0
1e2k,A,82,PRO,-1.6,112.7,0.0,0,0,-,0.14705882352941177,-79.9,175.7,16.0,21.0,0.43243243243243246,2.5460849733405544,34,16,28,-12,0.043363505002576956,0,0,0,0,0,0,0,0,0,-1,0,0,0,0,0
1e2k,A,83,GLU,-3.5,138.4,-1.0,1,3,-,0.10824742268041238,-64.9,125.1,13.0,26.0,0.3333333333333333,2.071691351424391,29,28,17,11,0.045694876239274644,0,0,0,0,0,0,0,0,0,-1,0,0,0,0,0
1e2k,A,84,PRO,-1.6,112.7,0.0,0,0,-,0.0,-80.9,56.4,22.0,16.0,0.5789473684210527,4.706188751766625,34,20,31,-11,0.05222271570202816,0,0,0,0,0,0,0,0,0,-1,0,0,0,0,0
1e2k,A,85,MET,1.9,162.9,0.0,0,0,H,0.02127659574468085,-57.3,-36.1,8.0,26.0,0.23529411764705882,2.4539341236405625,30,22,31,-9,0.043829779249916496,1,0,0,0,0,0,0,0,0,3,1490,7,0,135,1
1e2k,A,86,THR,-0.7,116.1,0.0,1,1,H,0.323943661971831,-68.3,-28.0,10.0,18.0,0.35714285714285715,2.2768476893755003,28,15,31,-16,0.04243095650789788,1,0,0,0,0,0,0,0,0,-1,0,0,0,0,0
1e2k,A,87,TYR,-1.3,193.6,0.0,1,1,I,0.009009009009009009,-69.4,-40.7,23.0,14.0,0.6216216216216216,4.032116087964904,37,6,14,-8,0.05129016720734909,0,0,0,0,1,0,0,0,0,-1,0,0,0,0,0
1e2k,A,88,TRP,-0.9,227.8,0.0,1,0,I,0.04405286343612335,-67.0,-38.8,17.0,18.0,0.4857142857142857,5.689078739731565,35,20,19,1,0.05455408693872585,0,0,0,0,1,0,0,0,0,9,104,14,0,18,1
1e2k,A,89,ARG,-4.5,173.4,1.0,5,0,I,0.34274193548387094,-90.3,-29.0,11.0,16.0,0.4074074074074074,2.176314068297307,24,6,18,-12,0.045228601991935104,0,0,0,0,1,0,0,0,0,-1,0,0,0,0,0
1e2k,A,90,VAL,4.2,140.0,0.0,0,0,I,0.6690140845070423,-132.7,-52.0,8.0,18.0,0.3076923076923077,2.0876200063285024,21,11,15,-4,0.034970568550465285,0,0,0,0,1,0,0,0,0,-1,0,0,0,0,0
1e2k,A,91,LEU,3.8,166.7,0.0,0,0,I,0.054878048780487805,-64.7,-47.3,19.0,15.0,0.5588235294117647,2.156148997715126,30,6,15,-9,0.04196468226055834,0,0,0,0,1,0,0,0,0,-1,0,0,0,0,0
1e2k,A,92,GLY,-0.4,60.1,0.0,0,0,S,0.03571428571428571,-79.7,-37.2,23.0,13.0,0.6388888888888888,2.365076966548652,34,6,12,-6,0.04429605349725603,0,0,0,0,0,0,1,0,0,-1,0,0,0,0,0
1e2k,A,93,ALA,1.8,88.6,0.0,0,0,S,0.32075471698113206,-171.8,170.3,21.0,12.0,0.6363636363636364,2.055245934451125,26,8,14,-6,0.03450429430312575,0,0,0,0,0,0,1,0,0,-1,0,0,0,0,0
1e2k,A,94,SER,-0.8,89.0,0.0,1,1,S,0.7769230769230769,-87.3,119.0,2.0,22.0,0.08333333333333333,1.8118532231361817,20,10,9,1,0.02797645484037223,0,0,0,0,0,0,1,0,0,-1,0,0,0,0,0
1e2k,A,95,GLU,-3.5,138.4,-1.0,1,3,-,0.29896907216494845,43.3,65.7,8.0,16.0,0.3333333333333333,1.9316052751663757,23,14,2,12,0.03730193978716297,0,0,0,0,0,0,0,0,0,-1,0,0,0,0,0
1e2k,A,96,THR,-0.7,116.1,0.0,1,1,H,0.035211267605633804,-67.4,-29.0,20.0,14.0,0.5882352941176471,2.4542069399907693,31,9,11,-2,0.04289723075523742,1,0,0,0,0,0,0,0,0,-1,0,0,0,0,0
1e2k,A,97,ILE,4.5,166.7,0.0,0,0,H,0.05325443786982249,-63.3,-47.3,13.0,18.0,0.41935483870967744,4.780784029274346,30,32,22,10,0.048026247475972325,1,0,0,0,0,0,0,0,0,9,104,14,0,18,1
1e2k,A,98,ALA,1.8,88.6,0.0,0,0,H,0.2358490566037736,-61.2,-39.9,7.0,20.0,0.25925925925925924,2.203989061698841,25,29,17,12,0.04103213376587927,1,0,0,0,0,0,0,0,0,-1,0,0,0,0,0
1e2k,A,99,ASN,-3.5,114.1,0.0,2,2,H,0.4267515923566879,-62.3,-42.4,18.0,13.0,0.5806451612903226,1.9568686531178312,31,18,11,7,0.0363693912924839,1,0,0,0,0,0,0,0,0,-1,0,0,0,0,0
1e2k,A,100,ILE,4.5,166.7,0.0,0,0,H,0.047337278106508875,-63.6,-50.3,26.0,15.0,0.6341463414634146,4.6207883527556595,36,22,13,9,0.04709369898129325,1,0,0,0,0,0,0,0,0,-1,0,0,0,0,0
1e2k,A,101,TYR,-1.3,193.6,0.0,1,1,H,0.08558558558558559,-70.1,-34.0,13.0,17.0,0.43333333333333335,2.98221903126849,34,40,21,19,0.04662742473395372,1,0,0,0,0,0,0,0,0,9,104,14,0,18,1
1e2k,A,102,THR,-0.7,116.1,0.0,1,1,H,0.323943661971831,-66.0,-38.9,9.0,18.0,0.3333333333333333,2.270876556076937,24,35,16,19,0.03823448828184205,1,0,0,0,0,0,0,0,0,-1,0,0,0,0,0
1e2k,A,103,THR,-0.7,116.1,0.0,1,1,H,0.04929577464788732,-61.2,-45.6,22.0,14.0,0.6111111111111112,2.361344057676758,35,35,23,12,0.04755997322863279,1,0,0,0,0,0,0,0,0,4,1116,6,0,82,1
1e2k,A,104,GLN,-3.5,143.8,0.0,2,2,H,0.005050505050505051,-63.9,-43.1,18.0,20.0,0.47368421052631576,2.5967146433285255,34,40,19,21,0.04662742473395372,1,0,0,0,0,0,0,0,0,4,1116,6,0,82,1
1e2k,A,105,HIS,-3.2,153.2,0.1,2,1,H,0.42391304347826086,-58.4,-48.3,10.0,17.0,0.37037037037037035,1.9506543268551855,22,22,23,-1,0.043363505002576956,1,0,0,0,0,0,0,0,0,4,1116,6,0,82,1
1e2k,A,106,ARG,-4.5,173.4,1.0,5,0,H,0.4717741935483871,-58.7,-37.3,14.0,9.0,0.6086956521739131,2.4034752214117954,21,15,25,-10,0.045228601991935104,1,0,0,0,0,0,0,0,0,4,1116,6,0,82,1
1e2k,A,107,LEU,3.8,166.7,0.0,0,0,H,0.18292682926829268,-69.4,-43.7,18.0,7.0,0.72,2.3578215835930396,26,24,25,-1,0.045228601991935104,1,0,0,0,0,0,0,0,0,4,1116,6,0,82,1
1e2k,A,108,ASP,-3.5,111.1,-1.0,1,3,H,0.5460122699386503,-60.1,-30.4,9.0,11.0,0.45,1.7696097560719322,24,20,13,7,0.03124037457174899,1,0,0,0,0,0,0,0,0,4,1116,6,0,82,1
1e2k,A,109,GLN,-3.5,143.8,0.0,2,2,H,0.6515151515151515,-90.4,-6.3,6.0,7.0,0.46153846153846156,1.845861609029495,12,20,17,3,0.027510180593032695,1,0,0,0,0,0,0,0,0,4,1116,6,0,82,1
1e2k,A,110,GLY,-0.4,60.1,0.0,0,0,T,0.7380952380952381,83.2,18.5,0.0,15.0,0.0,1.7095060629522882,14,19,20,-1,0.025178809356335007,0,0,0,0,0,1,0,0,0,4,1116,6,0,82,1
1e2k,A,111,GLU,-3.5,138.4,-1.0,1,3,S,0.6752577319587629,-80.0,-29.0,7.0,8.0,0.4666666666666667,1.7591896547424406,12,21,9,12,0.027043906345693154,0,0,0,0,0,0,1,0,0,4,1116,6,0,82,1
1e2k,A,112,ILE,4.5,166.7,0.0,0,0,S,0.1301775147928994,-131.7,161.2,16.0,4.0,0.8,2.056760429938654,21,17,24,-7,0.032172923066428064,0,0,0,0,0,0,1,0,0,4,1116,6,0,82,1
1e2k,A,113,SER,-0.8,89.0,0.0,1,1,-,0.45384615384615384,-82.1,165.3,3.0,17.0,0.15,2.1332026785035345,18,10,16,-6,0.025645083603674543,0,0,0,0,0,0,0,0,0,4,1116,6,0,82,1
1e2k,A,114,ALA,1.8,88.6,0.0,0,0,H,0.5377358490566038,-57.9,-42.9,6.0,20.0,0.23076923076923078,1.851673903666565,24,3,15,-12,0.02844272908771177,1,0,0,0,0,0,0,0,0,-1,0,0,0,0,0
1e2k,A,115,GLY,-0.4,60.1,0.0,0,0,H,0.5476190476190477,-61.5,-43.4,3.0,25.0,0.10714285714285714,1.7099490586373594,19,0,8,-8,0.02471253510899547,1,0,0,0,0,0,0,0,0,-1,0,0,0,0,0
1e2k,A,116,ASP,-3.5,111.1,-1.0,1,3,H,0.5153374233128835,-64.1,-40.5,9.0,16.0,0.36,1.7610455698713614,18,10,5,5,0.02797645484037223,1,0,0,0,0,0,0,0,0,-1,0,0,0,0,0
1e2k,A,117,ALA,1.8,88.6,0.0,0,0,H,0.0,-64.7,-44.2,22.0,14.0,0.6111111111111112,3.5606261748702943,28,21,12,9,0.045228601991935104,1,0,0,0,0,0,0,0,0,4,1116,6,0,82,1
1e2k,A,118,ALA,1.8,88.6,0.0,0,0,H,0.07547169811320754,-61.7,-36.9,15.0,23.0,0.39473684210526316,2.210022451057177,31,7,8,-1,0.04103213376587927,1,0,0,0,0,0,0,0,0,-1,0,0,0,0,0
1e2k,A,119,VAL,4.2,140.0,0.0,0,0,H,0.28169014084507044,-63.6,-45.5,17.0,26.0,0.3953488372093023,2.4504719924123575,23,0,12,-12,0.04103213376587927,1,0,0,0,0,0,0,0,0,-1,0,0,0,0,0
1e2k,A,120,VAL,4.2,140.0,0.0,0,0,H,0.1619718309859155,-62.9,-48.1,20.0,22.0,0.47619047619047616,2.5675350429874464,29,7,12,-5,0.040565859518539735,1,0,0,0,0,0,0,0,0,-1,0,0,0,0,0
1e2k,A,121,MET,1.9,162.9,0.0,0,0,H,0.0,-61.2,-39.5,24.0,19.0,0.5581395348837209,5.047413732264254,43,12,5,7,0.048026247475972325,1,0,0,0,0,0,0,0,0,-1,0,0,0,0,0
1e2k,A,122,THR,-0.7,116.1,0.0,1,1,H,0.04225352112676056,-61.0,-55.3,25.0,23.0,0.5208333333333334,3.1537577828442447,31,5,2,3,0.04989134446533048,1,0,0,0,0,0,0,0,0,-1,0,0,0,0,0
1e2k,A,123,SER,-0.8,89.0,0.0,1,1,H,0.12307692307692308,-60.5,-39.6,23.0,25.0,0.4791666666666667,2.18253882940085,27,0,2,-2,0.04616115048661418,1,0,0,0,0,0,0,0,0,-1,0,0,0,0,0
1e2k,A,124,ALA,1.8,88.6,0.0,0,0,H,0.03773584905660377,-72.0,-29.2,22.0,22.0,0.5,2.3757640153368262,35,4,2,2,0.04616115048661418,1,0,0,0,0,0,0,0,0,-1,0,0,0,0,0
1e2k,A,125,GLN,-3.5,143.8,0.0,2,2,H,0.045454545454545456,-71.3,-23.7,25.0,22.0,0.5319148936170213,6.29456188796453,40,8,0,8,0.045694876239274644,1,0,0,0,0,0,0,0,0,-1,0,0,0,0,0
1e2k,A,126,ILE,4.5,166.7,0.0,0,0,H,0.04142011834319527,-64.6,-48.2,24.0,26.0,0.48,3.024811170131275,35,0,0,0,0.045694876239274644,1,0,0,0,0,0,0,0,0,-1,0,0,0,0,0
1e2k,A,127,THR,-0.7,116.1,0.0,1,1,H,0.11971830985915492,-58.0,-46.7,26.0,21.0,0.5531914893617021,2.311518859508373,40,3,4,-1,0.048492521723311866,1,0,0,0,0,0,0,0,0,-1,0,0,0,0,0
1e2k,A,128,MET,1.9,162.9,0.0,0,0,H,0.12234042553191489,-61.3,-35.8,20.0,25.0,0.4444444444444444,5.726270554292069,38,9,7,2,0.048492521723311866,1,0,0,0,0,0,0,0,0,9,104,14,0,18,1
1e2k,A,129,GLY,-0.4,60.1,0.0,0,0,H,0.10714285714285714,-89.8,-12.9,22.0,21.0,0.5116279069767442,5.645410553663086,40,9,3,6,0.050823892960009553,1,0,0,0,0,0,0,0,0,-1,0,0,0,0,0
1e2k,A,130,MET,1.9,162.9,0.0,0,0,H,0.010638297872340425,-49.2,-49.9,23.0,22.0,0.5111111111111111,3.89506381932175,42,0,4,-4,0.04616115048661418,1,0,0,0,0,0,0,0,0,-1,0,0,0,0,0
1e2k,A,131,PRO,-1.6,112.7,0.0,0,0,H,0.0,-57.7,-38.8,26.0,26.0,0.5,6.17028655679114,43,6,14,-8,0.04616115048661418,1,0,0,0,0,0,0,0,0,-1,0,0,0,0,0
1e2k,A,132,TYR,-1.3,193.6,0.0,1,1,H,0.07657657657657657,-69.1,-41.7,18.0,25.0,0.4186046511627907,7.075312435775342,37,20,26,-6,0.043829779249916496,1,0,0,0,0,0,0,0,0,-1,0,0,0,0,0
1e2k,A,133,ALA,1.8,88.6,0.0,0,0,H,0.05660377358490566,-68.2,-43.6,25.0,16.0,0.6097560975609756,2.288379001744942,39,12,8,4,0.043363505002576956,1,0,0,0,0,0,0,0,0,-1,0,0,0,0,0
1e2k,A,134,VAL,4.2,140.0,0.0,0,0,H,0.0,-68.5,-36.8,24.0,16.0,0.6,4.655803277263032,39,2,16,-14,0.048492521723311866,1,0,0,0,0,0,0,0,0,-1,0,0,0,0,0
1e2k,A,135,THR,-0.7,116.1,0.0,1,1,H,0.035211267605633804,-60.6,-46.0,21.0,21.0,0.5,4.826320779248143,37,8,9,-1,0.04476232774459557,1,0,0,0,0,0,0,0,0,-1,0,0,0,0,0
1e2k,A,136,ASP,-3.5,111.1,-1.0,1,3,H,0.08588957055214724,-64.3,-39.4,21.0,19.0,0.525,2.704741951283408,35,25,0,25,0.03870076252918159,1,0,0,0,0,0,0,0,0,-1,0,0,0,0,0
1e2k,A,137,ALA,1.8,88.6,0.0,0,0,H,0.08490566037735849,-64.9,-41.0,25.0,14.0,0.6410256410256411,1.9125858741833774,30,22,15,7,0.03776821403450251,1,0,0,0,0,0,0,0,0,-1,0,0,0,0,0
1e2k,A,138,VAL,4.2,140.0,0.0,0,0,H,0.20422535211267606,-80.4,-27.9,21.0,14.0,0.6,1.9579147708338596,33,21,16,5,0.04289723075523742,1,0,0,0,0,0,0,0,0,-1,0,0,0,0,0
1e2k,A,139,LEU,3.8,166.7,0.0,0,0,H,0.03048780487804878,-76.5,-30.6,15.0,16.0,0.4838709677419355,2.7738834880514913,36,19,8,11,0.03963331102386066,1,0,0,0,0,0,0,0,0,-1,0,0,0,0,0
1e2k,A,140,ALA,1.8,88.6,0.0,0,0,G,0.27358490566037735,-44.2,-53.7,14.0,16.0,0.4666666666666667,2.2355072629761437,30,26,8,18,0.035436842797804825,0,0,0,1,0,0,0,0,0,-1,0,0,0,0,0
1e2k,A,141,PRO,-1.6,112.7,0.0,0,0,G,0.4485294117647059,-59.9,-19.8,7.0,16.0,0.30434782608695654,1.8549933105942942,22,23,8,15,0.02844272908771177,0,0,0,1,0,0,0,0,0,34,1,15,0,0,1
1e2k,A,142,HIS,-3.2,153.2,0.1,2,1,G,0.23369565217391305,-82.5,-12.5,18.0,13.0,0.5806451612903226,2.2502846880744047,31,11,2,9,0.03730193978716297,0,0,0,1,0,0,0,0,0,12,293,5,0,15,1
1e2k,A,143,ILE,4.5,166.7,0.0,0,0,E,0.10059171597633136,-93.5,123.7,15.0,18.0,0.45454545454545453,2.818527306005585,33,26,10,16,0.04429605349725603,0,0,1,0,0,0,0,0,0,2,839,17,0,160,1
1e2k,A,144,GLY,-0.4,60.1,0.0,0,0,E,0.19047619047619047,-97.7,-157.0,16.0,11.0,0.5925925925925926,2.0317006675617932,28,23,9,14,0.03403802005578621,0,0,1,0,0,0,0,0,0,-1,0,0,0,0,0
1e2k,A,145,GLY,-0.4,60.1,0.0,0,0,E,0.5119047619047619,-84.5,172.9,0.0,24.0,0.0,1.9256573152533543,23,15,9,6,0.02797645484037223,0,0,1,0,0,0,0,0,0,-1,0,0,0,0,0
1e2k,A,146,GLU,-3.5,138.4,-1.0,1,3,E,0.6030927835051546,-57.5,148.8,7.0,17.0,0.2916666666666667,1.7400962100824688,21,16,0,16,0.030774100324409453,0,0,1,0,0,0,0,0,0,24,24,14,0,4,1
1e2k,A,147,ALA,1.8,88.6,0.0,0,0,-,0.4339622641509434,-111.3,-14.0,19.0,4.0,0.8260869565217391,1.8545008012362616,20,10,9,1,0.02984155182973038,0,0,0,0,0,0,0,0,0,24,24,14,0,4,1
1e2k,A,148,GLY,-0.4,60.1,0.0,0,0,-,0.7738095238095238,142.2,360.0,5.0,14.0,0.2631578947368421,1.7096115260535631,21,13,9,4,0.020516066882939634,0,0,0,0,0,0,0,0,0,24,24,14,0,4,1
1e2k,A,153,PRO,-1.6,112.7,0.0,0,0,-,1.0,360.0,156.4,3.0,11.0,0.21428571428571427,1.8338065472720315,10,1,0,1,0.01165685618348843,0,0,0,0,0,0,0,0,0,21,111,4,0,4,1
1e2k,A,154,PRO,-1.6,112.7,0.0,0,0,-,0.8602941176470589,-46.6,145.6,3.0,16.0,0.15789473684210525,1.8657633235667928,12,0,5,-5,0.019117244140921023,0,0,0,0,0,0,0,0,0,21,111,4,0,4,1
1e2k,A,155,PRO,-1.6,112.7,0.0,0,0,-,0.16176470588235295,-73.5,154.9,22.0,5.0,0.8148148148148148,2.1013643872177217,26,4,9,-5,0.035436842797804825,0,0,0,0,0,0,0,0,0,21,111,4,0,4,1
1e2k,A,156,ALA,1.8,88.6,0.0,0,0,S,0.4716981132075472,-67.2,-35.9,14.0,13.0,0.5185185185185185,1.8323340358046116,25,3,15,-12,0.030774100324409453,0,0,0,0,0,0,1,0,0,21,111,4,0,4,1
1e2k,A,157,LEU,3.8,166.7,0.0,0,0,E,0.012195121951219513,-142.3,144.4,18.0,12.0,0.6,2.3935457243876046,32,9,17,-8,0.04243095650789788,0,0,1,0,0,0,0,0,0,21,111,4,0,4,1
1e2k,A,158,THR,-0.7,116.1,0.0,1,1,E,0.14084507042253522,-119.8,120.9,14.0,21.0,0.4,2.6566065065621602,31,8,12,-4,0.04616115048661418,0,0,1,0,0,0,0,0,0,-1,0,0,0,0,0
1e2k,A,159,LEU,3.8,166.7,0.0,0,0,E,0.018292682926829267,-111.8,115.2,20.0,20.0,0.5,5.815981259729799,37,13,6,7,0.048026247475972325,0,0,1,0,0,0,0,0,0,-1,0,0,0,0,0
1e2k,A,160,ILE,4.5,166.7,0.0,0,0,E,0.05325443786982249,-105.4,123.7,19.0,22.0,0.4634146341463415,4.103448740089812,32,13,11,2,0.053155264196707235,0,0,1,0,0,0,0,0,0,-1,0,0,0,0,0
1e2k,A,161,PHE,2.8,189.9,0.0,0,0,E,0.05583756345177665,-113.1,149.1,18.0,23.0,0.43902439024390244,7.326548797076342,36,28,20,8,0.05129016720734909,0,0,1,0,0,0,0,0,0,-1,0,0,0,0,0
1e2k,A,162,ASP,-3.5,111.1,-1.0,1,3,E,0.018404907975460124,-92.1,93.5,22.0,21.0,0.5116279069767442,4.597938228969824,35,30,17,13,0.05595290968074446,0,0,1,0,0,0,0,0,0,-1,0,0,0,0,0
1e2k,A,163,ARG,-4.5,173.4,1.0,5,0,-,0.056451612903225805,82.9,158.4,17.0,24.0,0.4146341463414634,8.120908880544341,40,29,25,4,0.04942507021799094,0,0,0,0,0,0,0,0,0,9,104,14,0,18,1
1e2k,A,164,HIS,-3.2,153.2,0.1,2,1,-,0.043478260869565216,-112.5,158.4,20.0,21.0,0.4878048780487805,8.162297673384996,40,20,20,0,0.048958795970651406,0,0,0,0,0,0,0,0,0,-1,0,0,0,0,0
1e2k,A,165,PRO,-1.6,112.7,0.0,0,0,H,0.03676470588235294,-49.6,-35.4,17.0,25.0,0.40476190476190477,5.984308304700732,39,22,15,7,0.04616115048661418,1,0,0,0,0,0,0,0,0,-1,0,0,0,0,0
1e2k,A,166,ILE,4.5,166.7,0.0,0,0,H,0.011834319526627219,-61.1,-17.5,16.0,25.0,0.3902439024390244,8.916404292772452,38,27,9,18,0.04243095650789788,1,0,0,0,0,0,0,0,0,-1,0,0,0,0,0
1e2k,A,167,ALA,1.8,88.6,0.0,0,0,I,0.009433962264150943,-63.3,-41.1,19.0,22.0,0.4634146341463415,10.12571479207734,38,25,11,14,0.05129016720734909,0,0,0,0,1,0,0,0,0,-1,0,0,0,0,0
1e2k,A,168,ALA,1.8,88.6,0.0,0,0,I,0.04716981132075472,-91.7,-19.9,18.0,19.0,0.4864864864864865,9.174427040787299,38,19,3,16,0.05222271570202816,0,0,0,0,1,0,0,0,0,-1,0,0,0,0,0
1e2k,A,169,LEU,3.8,166.7,0.0,0,0,I,0.06097560975609756,-99.8,-7.3,19.0,21.0,0.475,6.632827793163619,36,12,1,11,0.0526889899493677,0,0,0,0,1,0,0,0,0,-1,0,0,0,0,0
1e2k,A,170,LEU,3.8,166.7,0.0,0,0,I,0.0,-142.4,-52.3,22.0,23.0,0.4888888888888889,10.088794710907791,41,9,3,6,0.04709369898129325,0,0,0,0,1,0,0,0,0,-1,0,0,0,0,0
1e2k,A,171,CYS,2.5,108.5,0.0,1,0,I,0.0,-71.7,-50.2,21.0,21.0,0.5,8.526660590913908,43,30,6,24,0.048492521723311866,0,0,0,0,1,0,0,0,0,-1,0,0,0,0,0
1e2k,A,172,TYR,-1.3,193.6,0.0,1,1,H,0.12162162162162163,-65.5,-43.4,19.0,24.0,0.4418604651162791,9.296308577968533,36,33,5,28,0.04616115048661418,1,0,0,0,0,0,0,0,0,9,104,14,0,18,1
1e2k,A,173,PRO,-1.6,112.7,0.0,0,0,H,0.0,-57.3,-44.5,23.0,21.0,0.5227272727272727,8.296978946667192,43,11,0,11,0.0526889899493677,1,0,0,0,0,0,0,0,0,-1,0,0,0,0,0
1e2k,A,174,ALA,1.8,88.6,0.0,0,0,H,0.009433962264150943,-65.7,-37.8,20.0,24.0,0.45454545454545453,6.494481558464557,37,20,0,20,0.04942507021799094,1,0,0,0,0,0,0,0,0,-1,0,0,0,0,0
1e2k,A,175,ALA,1.8,88.6,0.0,0,0,H,0.0,-66.9,-39.9,24.0,15.0,0.6153846153846154,4.993158765172477,35,28,1,27,0.05175644145468863,1,0,0,0,0,0,0,0,0,-1,0,0,0,0,0
1e2k,A,176,ARG,-4.5,173.4,1.0,5,0,H,0.012096774193548387,-65.5,-34.0,25.0,18.0,0.5813953488372093,4.760126799026773,38,4,8,-4,0.04942507021799094,1,0,0,0,0,0,0,0,0,-1,0,0,0,0,0
1e2k,A,177,TYR,-1.3,193.6,0.0,1,1,H,0.22972972972972974,-61.4,-43.9,16.0,18.0,0.47058823529411764,2.2843387493385894,32,14,7,7,0.04243095650789788,1,0,0,0,0,0,0,0,0,28,15,15,0,2,1
1e2k,A,178,LEU,3.8,166.7,0.0,0,0,H,0.3353658536585366,-63.5,-22.8,17.0,13.0,0.5666666666666667,2.014946734438702,31,23,0,23,0.03590311704514436,1,0,0,0,0,0,0,0,0,-1,0,0,0,0,0
1e2k,A,179,MET,1.9,162.9,0.0,0,0,T,0.13829787234042554,-92.1,7.9,26.0,7.0,0.7878787878787878,2.0548346592578888,29,13,13,0,0.03823448828184205,0,0,0,0,0,1,0,0,0,-1,0,0,0,0,0
1e2k,A,180,GLY,-0.4,60.1,0.0,0,0,T,0.5238095238095238,71.9,13.7,10.0,21.0,0.3225806451612903,1.7096239289292612,29,10,11,-1,0.030774100324409453,0,0,0,0,0,1,0,0,0,-1,0,0,0,0,0
1e2k,A,181,SER,-0.8,89.0,0.0,1,1,S,0.0,-117.2,14.1,24.0,15.0,0.6153846153846154,2.9634872083734316,36,13,11,2,0.04989134446533048,0,0,0,0,0,0,1,0,0,-1,0,0,0,0,0
1e2k,A,182,MET,1.9,162.9,0.0,0,0,S,0.0425531914893617,-147.6,139.6,24.0,16.0,0.6,2.9516279307307967,39,10,4,6,0.053155264196707235,0,0,0,0,0,0,1,0,0,-1,0,0,0,0,0
1e2k,A,183,THR,-0.7,116.1,0.0,1,1,-,0.3732394366197183,-76.6,149.5,18.0,21.0,0.46153846153846156,2.2882122083202416,35,5,9,-4,0.03776821403450251,0,0,0,0,0,0,0,0,0,-1,0,0,0,0,0
1e2k,A,184,PRO,-1.6,112.7,0.0,0,0,H,0.0,-65.7,-29.4,14.0,25.0,0.358974358974359,3.5808549698585743,34,7,9,-2,0.048492521723311866,1,0,0,0,0,0,0,0,0,28,15,15,0,2,1
1e2k,A,185,GLN,-3.5,143.8,0.0,2,2,H,0.10101010101010101,-64.9,-37.9,23.0,25.0,0.4791666666666667,2.215591740394989,34,0,9,-9,0.04616115048661418,1,0,0,0,0,0,0,0,0,-1,0,0,0,0,0
1e2k,A,186,ALA,1.8,88.6,0.0,0,0,H,0.05660377358490566,-68.1,-37.2,23.0,23.0,0.5,2.4278666547622767,40,2,1,1,0.048026247475972325,1,0,0,0,0,0,0,0,0,-1,0,0,0,0,0
1e2k,A,187,VAL,4.2,140.0,0.0,0,0,H,0.007042253521126761,-63.3,-39.2,23.0,25.0,0.4791666666666667,5.826552270856619,42,6,0,6,0.04942507021799094,1,0,0,0,0,0,0,0,0,-1,0,0,0,0,0
1e2k,A,188,LEU,3.8,166.7,0.0,0,0,H,0.0,-74.3,-23.9,22.0,21.0,0.5116279069767442,5.574126355308395,41,0,1,-1,0.04662742473395372,1,0,0,0,0,0,0,0,0,-1,0,0,0,0,0
1e2k,A,189,ALA,1.8,88.6,0.0,0,0,H,0.02830188679245283,-67.5,-41.7,22.0,24.0,0.4782608695652174,3.6098902267669204,38,0,0,0,0.048958795970651406,1,0,0,0,0,0,0,0,0,-1,0,0,0,0,0
1e2k,A,190,PHE,2.8,189.9,0.0,0,0,H,0.005076142131979695,-69.4,-37.1,23.0,24.0,0.48936170212765956,5.585154310478281,35,0,0,0,0.04429605349725603,1,0,0,0,0,0,0,0,0,-1,0,0,0,0,0
1e2k,A,191,VAL,4.2,140.0,0.0,0,0,H,0.0,-61.2,-42.8,24.0,19.0,0.5581395348837209,6.119567167238475,39,11,4,7,0.048026247475972325,1,0,0,0,0,0,0,0,0,-1,0,0,0,0,0
1e2k,A,192,ALA,1.8,88.6,0.0,0,0,H,0.05660377358490566,-62.0,-23.2,24.0,18.0,0.5714285714285714,3.1360191617845476,35,9,11,-2,0.04616115048661418,1,0,0,0,0,0,0,0,0,-1,0,0,0,0,0
1e2k,A,193,LEU,3.8,166.7,0.0,0,0,T,0.10365853658536585,-92.9,2.2,24.0,23.0,0.5106382978723404,2.4509989137651518,27,6,4,2,0.04289723075523742,0,0,0,0,0,1,0,0,0,-1,0,0,0,0,0
1e2k,A,194,ILE,4.5,166.7,0.0,0,0,P,0.01775147928994083,-62.3,131.2,23.0,20.0,0.5348837209302325,3.446863685807419,31,25,6,19,0.04196468226055834,0,0,0,0,0,0,0,0,0,-1,0,0,0,0,0
1e2k,A,195,PRO,-1.6,112.7,0.0,0,0,P,0.19117647058823528,-63.3,149.7,19.0,20.0,0.48717948717948717,2.321177202581438,27,26,8,18,0.03823448828184205,0,0,0,0,0,0,0,0,0,-1,0,0,0,0,0
1e2k,A,196,PRO,-1.6,112.7,0.0,0,0,P,0.40441176470588236,-53.4,137.7,13.0,21.0,0.38235294117647056,2.0050088780616373,23,28,8,20,0.028909003335051305,0,0,0,0,0,0,0,0,0,2,839,17,0,160,1
1e2k,A,197,THR,-0.7,116.1,0.0,1,1,P,0.19718309859154928,-76.6,117.9,15.0,13.0,0.5357142857142857,2.001483465671084,27,41,4,37,0.03963331102386066,0,0,0,0,0,0,0,0,0,2,839,17,0,160,1
1e2k,A,198,LEU,3.8,166.7,0.0,0,0,P,0.23170731707317074,-89.0,166.3,17.0,14.0,0.5483870967741935,2.0464772869345027,29,29,12,17,0.03124037457174899,0,0,0,0,0,0,0,0,0,2,839,17,0,160,1
1e2k,A,199,PRO,-1.6,112.7,0.0,0,0,T,0.3382352941176471,-57.5,153.3,15.0,18.0,0.45454545454545453,2.227551384662634,28,25,10,15,0.03916703677652112,0,0,0,0,0,1,0,0,0,24,24,14,0,4,1
1e2k,A,200,GLY,-0.4,60.1,0.0,0,0,T,0.011904761904761904,68.2,29.5,19.0,14.0,0.5757575757575758,3.208358960160791,34,28,10,18,0.05129016720734909,0,0,0,0,0,1,0,0,0,24,24,14,0,4,1
1e2k,A,201,THR,-0.7,116.1,0.0,1,1,-,0.014084507042253521,-90.2,94.2,16.0,24.0,0.4,3.6083566357616736,37,36,6,30,0.050823892960009553,0,0,0,0,0,0,0,0,0,2,839,17,0,160,1
1e2k,A,202,ASN,-3.5,114.1,0.0,2,2,E,0.0,-94.6,119.7,22.0,17.0,0.5641025641025641,5.1742976418267235,35,27,1,26,0.056419183928083996,0,0,1,0,0,0,0,0,0,-1,0,0,0,0,0
1e2k,A,203,ILE,4.5,166.7,0.0,0,0,E,0.011834319526627219,-119.5,123.2,20.0,21.0,0.4878048780487805,6.363174180727999,37,32,8,24,0.05502036118606539,0,0,1,0,0,0,0,0,0,-1,0,0,0,0,0
1e2k,A,204,VAL,4.2,140.0,0.0,0,0,E,0.0,-95.4,119.5,23.0,19.0,0.5476190476190477,5.403949492042,40,27,13,14,0.05035761871267001,0,0,1,0,0,0,0,0,0,-1,0,0,0,0,0
1e2k,A,205,LEU,3.8,166.7,0.0,0,0,E,0.03048780487804878,-110.8,158.9,19.0,22.0,0.4634146341463415,2.8946608054381002,38,13,11,2,0.04942507021799094,0,0,1,0,0,0,0,0,0,-1,0,0,0,0,0
1e2k,A,206,GLY,-0.4,60.1,0.0,0,0,E,0.27380952380952384,-106.2,164.5,23.0,14.0,0.6216216216216216,1.958474367879174,34,29,18,11,0.045228601991935104,0,0,1,0,0,0,0,0,0,-1,0,0,0,0,0
1e2k,A,207,ALA,1.8,88.6,0.0,0,0,E,0.3490566037735849,-130.0,130.1,7.0,23.0,0.23333333333333334,2.007794771159209,27,26,20,6,0.034970568550465285,0,0,1,0,0,0,0,0,0,-1,0,0,0,0,0
1e2k,A,208,LEU,3.8,166.7,0.0,0,0,-,0.07926829268292683,-165.7,132.3,24.0,5.0,0.8275862068965517,2.5521898096599105,27,42,36,6,0.04149840801321881,0,0,0,0,0,0,0,0,0,-1,0,0,0,0,0
1e2k,A,209,PRO,-1.6,112.7,0.0,0,0,-,0.4632352941176471,-59.2,147.3,5.0,15.0,0.25,2.1491704497908217,19,36,36,0,0.028909003335051305,0,0,0,0,0,0,0,0,0,-1,0,0,0,0,0
1e2k,A,210,GLU,-3.5,138.4,-1.0,1,3,H,0.4484536082474227,-55.9,-45.2,8.0,16.0,0.3333333333333333,2.0970895216635057,18,30,15,15,0.03124037457174899,1,0,0,0,0,0,0,0,0,-1,0,0,0,0,0
1e2k,A,211,ASP,-3.5,111.1,-1.0,1,3,H,0.7300613496932515,-63.4,-45.4,0.0,16.0,0.0,1.6977651031972194,13,27,20,7,0.029375277582390842,1,0,0,0,0,0,0,0,0,-1,0,0,0,0,0
1e2k,A,212,ARG,-4.5,173.4,1.0,5,0,H,0.3911290322580645,-59.4,-39.4,9.0,10.0,0.47368421052631576,2.068051764333929,23,28,33,-5,0.03776821403450251,1,0,0,0,0,0,0,0,0,7,655,3,0,23,1
1e2k,A,213,HIS,-3.2,153.2,0.1,2,1,H,0.0,-64.2,-39.4,18.0,13.0,0.5806451612903226,3.958377143671251,33,53,31,22,0.05035761871267001,1,0,0,0,0,0,0,0,0,-1,0,0,0,0,0
1e2k,A,214,ILE,4.5,166.7,0.0,0,0,H,0.23668639053254437,-61.4,-45.1,7.0,19.0,0.2692307692307692,2.31314506611963,23,40,29,11,0.04149840801321881,1,0,0,0,0,0,0,0,0,-1,0,0,0,0,0
1e2k,A,215,ASP,-3.5,111.1,-1.0,1,3,H,0.6503067484662577,-56.1,-49.3,6.0,14.0,0.3,1.727738531427574,19,48,15,33,0.03357174580844668,1,0,0,0,0,0,0,0,0,-1,0,0,0,0,0
1e2k,A,216,ARG,-4.5,173.4,1.0,5,0,H,0.11693548387096774,-66.7,-34.9,19.0,9.0,0.6785714285714286,2.0587887637722018,31,49,23,26,0.045228601991935104,1,0,0,0,0,0,0,0,0,7,655,3,0,23,1
1e2k,A,217,LEU,3.8,166.7,0.0,0,0,H,0.006097560975609756,-60.5,-40.9,17.0,11.0,0.6071428571428571,4.814491167048612,29,67,27,40,0.048026247475972325,1,0,0,0,0,0,0,0,0,-1,0,0,0,0,0
1e2k,A,218,ALA,1.8,88.6,0.0,0,0,H,0.4528301886792453,-62.9,-31.3,6.0,15.0,0.2857142857142857,2.0974179452109425,20,48,17,31,0.03310547156110714,1,0,0,0,0,0,0,0,0,-1,0,0,0,0,0
1e2k,A,219,LYS,-3.9,168.6,1.0,2,0,H,0.8585365853658536,-83.4,-31.6,8.0,11.0,0.42105263157894735,1.9501338383783444,16,25,9,16,0.027510180593032695,1,0,0,0,0,0,0,0,0,-1,0,0,0,0,0
1e2k,A,220,ARG,-4.5,173.4,1.0,5,0,S,0.2862903225806452,-90.9,20.6,13.0,9.0,0.5909090909090909,2.0639845027930726,26,52,12,40,0.03357174580844668,0,0,0,0,0,0,1,0,0,3,1490,7,0,135,1
1e2k,A,221,GLN,-3.5,143.8,0.0,2,2,-,0.31313131313131315,-58.7,119.4,11.0,10.0,0.5238095238095238,2.03537631944735,20,49,15,34,0.03730193978716297,0,0,0,0,0,0,0,0,0,3,1490,7,0,135,1
1e2k,A,222,ARG,-4.5,173.4,1.0,5,0,-,0.1935483870967742,-81.9,172.1,15.0,9.0,0.625,2.040714328438241,27,38,24,14,0.03170664881908853,0,0,0,0,0,0,0,0,0,3,1490,7,0,135,1
1e2k,A,223,PRO,-1.6,112.7,0.0,0,0,T,0.2647058823529412,-64.7,115.4,9.0,14.0,0.391304347826087,1.926202553779876,21,28,27,1,0.02844272908771177,0,0,0,0,0,1,0,0,0,3,1490,7,0,135,1
1e2k,A,224,GLY,-0.4,60.1,0.0,0,0,T,0.4166666666666667,98.3,-12.2,13.0,8.0,0.6190476190476191,1.7096343925663176,21,30,18,12,0.03870076252918159,0,0,0,0,0,1,0,0,0,3,1490,7,0,135,1
1e2k,A,225,GLU,-3.5,138.4,-1.0,1,3,-,0.12886597938144329,-74.2,147.9,14.0,14.0,0.5,3.048999274113635,24,43,8,35,0.03916703677652112,0,0,0,0,0,0,0,0,0,3,1490,7,0,135,1
1e2k,A,226,ARG,-4.5,173.4,1.0,5,0,-,0.3870967741935484,-113.7,134.2,12.0,14.0,0.46153846153846156,2.0665838135845163,22,20,20,0,0.03357174580844668,0,0,0,0,0,0,0,0,0,-1,0,0,0,0,0
1e2k,A,227,LEU,3.8,166.7,0.0,0,0,-,0.5426829268292683,-68.1,112.1,9.0,18.0,0.3333333333333333,2.017619209954606,22,27,21,6,0.03310547156110714,0,0,0,0,0,0,0,0,0,-1,0,0,0,0,0
1e2k,A,228,ASP,-3.5,111.1,-1.0,1,3,-,0.1656441717791411,-128.6,109.9,14.0,9.0,0.6086956521739131,2.10927809200566,21,24,12,12,0.034970568550465285,0,0,0,0,0,0,0,0,0,-1,0,0,0,0,0
1e2k,A,229,LEU,3.8,166.7,0.0,0,0,H,0.5670731707317073,-75.7,-23.5,4.0,17.0,0.19047619047619047,1.8996983490151065,23,19,23,-4,0.02984155182973038,1,0,0,0,0,0,0,0,0,-1,0,0,0,0,0
1e2k,A,230,ALA,1.8,88.6,0.0,0,0,H,0.5283018867924528,-71.5,-40.1,9.0,13.0,0.4090909090909091,1.8388332022675609,23,20,16,4,0.025645083603674543,1,0,0,0,0,0,0,0,0,-1,0,0,0,0,0
1e2k,A,231,MET,1.9,162.9,0.0,0,0,H,0.0,-71.2,-34.6,18.0,16.0,0.5294117647058824,4.4823191857636395,35,38,16,22,0.043363505002576956,1,0,0,0,0,0,0,0,0,-1,0,0,0,0,0
1e2k,A,232,LEU,3.8,166.7,0.0,0,0,H,0.0,-60.5,-45.3,16.0,17.0,0.48484848484848486,2.855173828408944,36,40,24,16,0.04709369898129325,1,0,0,0,0,0,0,0,0,-1,0,0,0,0,0
1e2k,A,233,ALA,1.8,88.6,0.0,0,0,H,0.4056603773584906,-59.7,-48.0,5.0,21.0,0.19230769230769232,1.858626775982169,22,34,17,17,0.03403802005578621,1,0,0,0,0,0,0,0,0,-1,0,0,0,0,0
1e2k,A,234,ALA,1.8,88.6,0.0,0,0,H,0.08490566037735849,-58.4,-47.8,16.0,13.0,0.5517241379310345,2.4003431811110842,30,40,8,32,0.04103213376587927,1,0,0,0,0,0,0,0,0,-1,0,0,0,0,0
1e2k,A,235,ILE,4.5,166.7,0.0,0,0,H,0.0,-70.2,-31.8,20.0,16.0,0.5555555555555556,4.9301157417697645,39,50,5,45,0.05408781269138631,1,0,0,0,0,0,0,0,0,-1,0,0,0,0,0
1e2k,A,236,ARG,-4.5,173.4,1.0,5,0,H,0.27419354838709675,-66.9,-40.8,13.0,21.0,0.38235294117647056,1.9841093179020965,30,29,11,18,0.04149840801321881,1,0,0,0,0,0,0,0,0,29,5,17,0,0,1
1e2k,A,237,ARG,-4.5,173.4,1.0,5,0,H,0.47580645161290325,-64.0,-46.0,14.0,17.0,0.45161290322580644,1.851501118955791,26,8,7,1,0.034970568550465285,1,0,0,0,0,0,0,0,0,29,5,17,0,0,1
1e2k,A,238,VAL,4.2,140.0,0.0,0,0,H,0.0,-60.6,-47.2,20.0,16.0,0.5555555555555556,4.765179801206356,37,20,2,18,0.04755997322863279,1,0,0,0,0,0,0,0,0,29,5,17,0,0,1
1e2k,A,239,TYR,-1.3,193.6,0.0,1,1,H,0.036036036036036036,-65.7,-31.1,19.0,18.0,0.5135135135135135,3.507420616955225,44,38,8,30,0.04196468226055834,1,0,0,0,0,0,0,0,0,29,5,17,0,0,1
1e2k,A,240,GLY,-0.4,60.1,0.0,0,0,H,0.42857142857142855,-68.4,-42.8,9.0,20.0,0.3103448275862069,1.7095722735068932,29,28,7,21,0.03450429430312575,1,0,0,0,0,0,0,0,0,29,5,17,0,0,1
1e2k,A,241,LEU,3.8,166.7,0.0,0,0,H,0.06097560975609756,-61.3,-41.1,17.0,15.0,0.53125,2.6482153440667773,33,22,8,14,0.04429605349725603,1,0,0,0,0,0,0,0,0,29,5,17,0,0,1
1e2k,A,242,LEU,3.8,166.7,0.0,0,0,H,0.024390243902439025,-57.9,-49.6,26.0,21.0,0.5531914893617021,4.598544901739864,38,16,7,9,0.045228601991935104,1,0,0,0,0,0,0,0,0,29,5,17,0,0,1
1e2k,A,243,ALA,1.8,88.6,0.0,0,0,H,0.18867924528301888,-60.3,-43.4,14.0,20.0,0.4117647058823529,2.172923134021111,31,17,4,13,0.03823448828184205,1,0,0,0,0,0,0,0,0,29,5,17,0,0,1
1e2k,A,244,ASN,-3.5,114.1,0.0,2,2,H,0.28662420382165604,-64.2,-39.0,16.0,16.0,0.5,2.6861711405254742,29,25,8,17,0.04289723075523742,1,0,0,0,0,0,0,0,0,29,5,17,0,0,1
1e2k,A,245,THR,-0.7,116.1,0.0,1,1,H,0.0,-61.5,-46.4,21.0,19.0,0.525,5.623523164720861,39,31,5,26,0.05408781269138631,1,0,0,0,0,0,0,0,0,-1,0,0,0,0,0
1e2k,A,246,VAL,4.2,140.0,0.0,0,0,H,0.014084507042253521,-57.4,-43.3,13.0,22.0,0.37142857142857144,2.8319246184313704,37,36,1,35,0.048958795970651406,1,0,0,0,0,0,0,0,0,-1,0,0,0,0,0
1e2k,A,247,ARG,-4.5,173.4,1.0,5,0,H,0.4959677419354839,-63.8,-48.5,13.0,18.0,0.41935483870967744,2.0129720577005186,25,14,4,10,0.04196468226055834,1,0,0,0,0,0,0,0,0,-1,0,0,0,0,0
1e2k,A,248,TYR,-1.3,193.6,0.0,1,1,H,0.0,-48.2,-53.1,19.0,11.0,0.6333333333333333,3.535114076300092,34,40,18,22,0.05175644145468863,1,0,0,0,0,0,0,0,0,-1,0,0,0,0,0
1e2k,A,249,LEU,3.8,166.7,0.0,0,0,H,0.036585365853658534,-65.9,-40.5,19.0,16.0,0.5428571428571428,2.4379745573375144,32,36,2,34,0.045694876239274644,1,0,0,0,0,0,0,0,0,27,24,12,0,2,1
1e2k,A,250,GLN,-3.5,143.8,0.0,2,2,H,0.43434343434343436,-64.8,-30.1,10.0,14.0,0.4166666666666667,1.9143139190695275,24,37,0,37,0.03357174580844668,1,0,0,0,0,0,0,0,0,27,24,12,0,2,1
1e2k,A,251,CYS,2.5,108.5,0.0,1,0,T,0.4444444444444444,-90.2,16.8,10.0,7.0,0.5882352941176471,1.8388268351413044,16,32,1,31,0.03357174580844668,0,0,0,0,0,1,0,0,0,26,107,3,0,3,1
1e2k,A,252,GLY,-0.4,60.1,0.0,0,0,T,0.4523809523809524,83.2,19.4,3.0,20.0,0.13043478260869565,1.7096227461806075,20,25,9,16,0.030307826077069916,0,0,0,0,0,1,0,0,0,27,24,12,0,2,1
1e2k,A,253,GLY,-0.4,60.1,0.0,0,0,-,0.13095238095238096,-64.8,135.9,21.0,7.0,0.75,2.0794901667306958,27,36,17,19,0.040565859518539735,0,0,0,0,0,0,0,0,0,-1,0,0,0,0,0
1e2k,A,254,SER,-0.8,89.0,0.0,1,1,-,0.3230769230769231,-115.1,105.2,4.0,25.0,0.13793103448275862,2.214921472606848,22,20,20,0,0.03590311704514436,0,0,0,0,0,0,0,0,0,-1,0,0,0,0,0
1e2k,A,255,TRP,-0.9,227.8,0.0,1,0,H,0.06167400881057269,-54.8,-38.3,20.0,14.0,0.5882352941176471,2.4177329973698156,29,12,25,-13,0.043363505002576956,1,0,0,0,0,0,0,0,0,-1,0,0,0,0,0
1e2k,A,256,ARG,-4.5,173.4,1.0,5,0,H,0.4637096774193548,-63.9,-34.5,7.0,16.0,0.30434782608695654,1.8162467168336391,21,0,25,-25,0.03450429430312575,1,0,0,0,0,0,0,0,0,-1,0,0,0,0,0
1e2k,A,257,GLU,-3.5,138.4,-1.0,1,3,H,0.7010309278350515,-75.9,-33.7,4.0,9.0,0.3076923076923077,1.7412646415283928,12,13,8,5,0.02611135785101408,1,0,0,0,0,0,0,0,0,-1,0,0,0,0,0
1e2k,A,258,ASP,-3.5,111.1,-1.0,1,3,H,0.09202453987730061,-94.5,-5.1,15.0,9.0,0.625,1.9591273561555127,21,25,9,16,0.03823448828184205,1,0,0,0,0,0,0,0,0,8,429,4,0,20,1
1e2k,A,259,TRP,-0.9,227.8,0.0,1,0,G,0.1762114537444934,-53.0,-40.1,11.0,16.0,0.4074074074074074,2.347825251548629,31,22,20,2,0.040099585271200194,0,0,0,1,0,0,0,0,0,8,429,4,0,20,1
1e2k,A,260,GLY,-0.4,60.1,0.0,0,0,G,0.5119047619047619,-59.1,-30.3,2.0,18.0,0.1,1.8197969251605937,17,17,14,3,0.02984155182973038,0,0,0,1,0,0,0,0,0,8,429,4,0,20,1
1e2k,A,261,GLN,-3.5,143.8,0.0,2,2,G,0.37373737373737376,-59.9,-24.2,11.0,7.0,0.6111111111111112,1.8530938534287615,19,16,16,0,0.03124037457174899,0,0,0,1,0,0,0,0,0,8,429,4,0,20,1
1e2k,A,262,LEU,3.8,166.7,0.0,0,0,G,0.14634146341463414,-78.5,-15.8,17.0,6.0,0.7391304347826086,2.2143912732562088,25,21,13,8,0.03963331102386066,0,0,0,1,0,0,0,0,0,8,429,4,0,20,1
1e2k,A,263,SER,-0.8,89.0,0.0,1,1,T,0.5923076923076923,-132.2,-36.2,8.0,8.0,0.5,1.7957092884728738,14,13,2,11,0.022381163872297785,0,0,0,0,0,1,0,0,0,8,429,4,0,20,1
1e2k,A,264,GLY,-0.4,60.1,0.0,0,0,-,0.8333333333333334,-99.8,51.6,4.0,5.0,0.4444444444444444,1.7097257533039731,11,8,4,4,0.014454501667525653,0,0,0,0,0,0,0,0,0,8,429,4,0,20,1
1e2k,A,265,THR,-0.7,116.1,0.0,1,1,-,0.6338028169014085,71.2,360.0,0.0,0.0,0.0,1.7095191476015614,11,9,3,6,0.01492077591486519,0,0,0,0,0,0,0,0,0,8,429,4,0,20,1
1e2k,A,279,GLY,-0.4,60.1,0.0,0,0,-,0.9285714285714286,360.0,73.1,8.0,4.0,0.6666666666666666,1.7096437732536638,13,14,2,12,0.015387050162204726,0,0,0,0,0,0,0,0,0,26,107,3,0,3,1
1e2k,A,280,PRO,-1.6,112.7,0.0,0,0,-,0.9117647058823529,-43.0,127.3,0.0,13.0,0.0,1.833917055815791,10,22,0,22,0.015853324409544265,0,0,0,0,0,0,0,0,0,26,107,3,0,3,1
1e2k,A,281,ARG,-4.5,173.4,1.0,5,0,-,0.375,-155.9,162.0,16.0,5.0,0.7619047619047619,1.9295976105997232,21,20,8,12,0.032639197313767604,0,0,0,0,0,0,0,0,0,26,107,3,0,3,1
1e2k,A,282,PRO,-1.6,112.7,0.0,0,0,-,0.13970588235294118,-54.5,154.1,21.0,7.0,0.75,1.867308658011412,27,32,12,20,0.03870076252918159,0,0,0,0,0,0,0,0,0,26,107,3,0,3,1
1e2k,A,283,HIS,-3.2,153.2,0.1,2,1,-,0.4891304347826087,-71.5,152.4,7.0,22.0,0.2413793103448276,1.9883041485813162,19,10,16,-6,0.032639197313767604,0,0,0,0,0,0,0,0,0,8,429,4,0,20,1
1e2k,A,284,ILE,4.5,166.7,0.0,0,0,G,0.005917159763313609,-62.2,-28.8,17.0,17.0,0.5,3.116173774191176,30,26,21,5,0.05035761871267001,0,0,0,1,0,0,0,0,0,8,429,4,0,20,1
1e2k,A,285,GLY,-0.4,60.1,0.0,0,0,G,0.20238095238095238,-67.9,-14.3,6.0,21.0,0.2222222222222222,1.9253338999155905,23,24,14,10,0.03403802005578621,0,0,0,1,0,0,0,0,0,-1,0,0,0,0,0
1e2k,A,286,ASP,-3.5,111.1,-1.0,1,3,G,0.5521472392638037,-102.5,23.6,9.0,17.0,0.34615384615384615,1.9188195807128645,21,25,0,25,0.03683566553982344,0,0,0,1,0,0,0,0,0,-1,0,0,0,0,0
1e2k,A,287,THR,-0.7,116.1,0.0,1,1,S,0.0,-126.4,171.9,21.0,14.0,0.6,4.787155937241243,31,29,12,17,0.053155264196707235,0,0,0,0,0,0,1,0,0,-1,0,0,0,0,0
1e2k,A,288,LEU,3.8,166.7,0.0,0,0,G,0.0,-60.5,-22.2,19.0,21.0,0.475,6.267224049322694,38,12,5,7,0.048492521723311866,0,0,0,1,0,0,0,0,0,-1,0,0,0,0,0
1e2k,A,289,PHE,2.8,189.9,0.0,0,0,G,0.0,-60.7,-28.2,29.0,14.0,0.6744186046511628,4.777813098035764,41,11,17,-6,0.05035761871267001,0,0,0,1,0,0,0,0,0,-1,0,0,0,0,0
1e2k,A,290,THR,-0.7,116.1,0.0,1,1,G,0.24647887323943662,-62.6,-27.2,15.0,16.0,0.4838709677419355,2.314159661698842,25,26,9,17,0.043829779249916496,0,0,0,1,0,0,0,0,0,-1,0,0,0,0,0
1e2k,A,291,LEU,3.8,166.7,0.0,0,0,G,0.042682926829268296,-68.2,-22.4,22.0,13.0,0.6285714285714286,2.3609712619548775,33,18,5,13,0.03870076252918159,0,0,0,1,0,0,0,0,0,28,15,15,0,2,1
1e2k,A,292,PHE,2.8,189.9,0.0,0,0,G,0.015228426395939087,-92.0,12.8,21.0,15.0,0.5833333333333334,4.880084870003358,36,7,7,0,0.043829779249916496,0,0,0,1,0,0,0,0,0,-1,0,0,0,0,0
1e2k,A,293,ARG,-4.5,173.4,1.0,5,0,-,0.4717741935483871,-88.7,17.2,12.0,17.0,0.41379310344827586,1.8460736399579076,23,0,8,-8,0.04243095650789788,0,0,0,0,0,0,0,0,0,-1,0,0,0,0,0
1e2k,A,294,ALA,1.8,88.6,0.0,0,0,-,0.02830188679245283,-59.3,132.2,16.0,11.0,0.5925925925925926,2.408534595533312,27,11,11,0,0.03590311704514436,0,0,0,0,0,0,0,0,0,28,15,15,0,2,1
1e2k,A,295,PRO,-1.6,112.7,0.0,0,0,G,0.7426470588235294,-56.7,-30.2,1.0,19.0,0.05,1.9146264696605384,19,11,12,-1,0.024246260861655933,0,0,0,1,0,0,0,0,0,28,15,15,0,2,1
1e2k,A,296,GLU,-3.5,138.4,-1.0,1,3,G,0.4639175257731959,-61.9,-22.4,16.0,11.0,0.5925925925925926,1.7313997929829108,23,5,0,5,0.03170664881908853,0,0,0,1,0,0,0,0,0,28,15,15,0,2,1
1e2k,A,297,LEU,3.8,166.7,0.0,0,0,G,0.0,-95.1,-1.3,18.0,14.0,0.5625,4.105792349577555,36,6,17,-11,0.04989134446533048,0,0,0,1,0,0,0,0,0,-1,0,0,0,0,0
1e2k,A,298,LEU,3.8,166.7,0.0,0,0,B,0.25,-108.8,145.5,8.0,14.0,0.36363636363636365,2.1568688298082095,24,11,18,-7,0.04289723075523742,0,1,0,0,0,0,0,0,0,16,170,4,0,6,1
1e2k,A,299,ALA,1.8,88.6,0.0,0,0,-,0.1792452830188679,-76.3,174.0,10.0,9.0,0.5263157894736842,2.026125318348215,17,1,17,-16,0.030307826077069916,0,0,0,0,0,0,0,0,0,16,170,4,0,6,1
1e2k,A,300,PRO,-1.6,112.7,0.0,0,0,T,0.9705882352941176,-56.1,-27.9,0.0,11.0,0.0,1.8338965822097122,11,0,10,-10,0.018650969893581486,0,0,0,0,0,1,0,0,0,16,170,4,0,6,1
1e2k,A,301,ASN,-3.5,114.1,0.0,2,2,T,0.7197452229299363,-87.9,2.4,2.0,7.0,0.2222222222222222,1.787066284940766,8,0,8,-8,0.017252147151562876,0,0,0,0,0,1,0,0,0,16,170,4,0,6,1
1e2k,A,302,GLY,-0.4,60.1,0.0,0,0,S,0.4642857142857143,93.0,-10.0,6.0,11.0,0.35294117647058826,1.7096861784601196,15,9,11,-2,0.023779986614316396,0,0,0,0,0,0,1,0,0,16,170,4,0,6,1
1e2k,A,303,ASP,-3.5,111.1,-1.0,1,3,P,0.6012269938650306,-74.3,147.6,5.0,16.0,0.23809523809523808,1.835254264195731,18,1,3,-2,0.030774100324409453,0,0,0,0,0,0,0,0,0,16,170,4,0,6,1
1e2k,A,304,LEU,3.8,166.7,0.0,0,0,B,0.12804878048780488,-75.9,139.8,16.0,12.0,0.5714285714285714,2.2596623472832307,28,15,16,-1,0.045694876239274644,0,1,0,0,0,0,0,0,0,16,170,4,0,6,1
1e2k,A,305,TYR,-1.3,193.6,0.0,1,1,P,0.23873873873873874,-63.3,145.8,20.0,12.0,0.625,2.2011070986166854,29,2,22,-20,0.04149840801321881,0,0,0,0,0,0,0,0,0,16,170,4,0,6,1
1e2k,A,306,ASN,-3.5,114.1,0.0,2,2,H,0.36942675159235666,-61.8,-33.5,13.0,17.0,0.43333333333333335,2.3334414745594207,30,16,25,-9,0.040565859518539735,1,0,0,0,0,0,0,0,0,-1,0,0,0,0,0
1e2k,A,307,VAL,4.2,140.0,0.0,0,0,H,0.0,-57.8,-38.1,24.0,20.0,0.5454545454545454,5.936708084571473,38,3,14,-11,0.0526889899493677,1,0,0,0,0,0,0,0,0,-1,0,0,0,0,0
1e2k,A,308,PHE,2.8,189.9,0.0,0,0,H,0.0,-79.5,-32.6,20.0,23.0,0.46511627906976744,4.771351719077085,37,3,13,-10,0.04942507021799094,1,0,0,0,0,0,0,0,0,-1,0,0,0,0,0
1e2k,A,309,ALA,1.8,88.6,0.0,0,0,H,0.02830188679245283,-62.1,-41.3,12.0,22.0,0.35294117647058826,3.5389725498338023,28,10,13,-3,0.04709369898129325,1,0,0,0,0,0,0,0,0,-1,0,0,0,0,0
1e2k,A,310,TRP,-0.9,227.8,0.0,1,0,H,0.09251101321585903,-61.5,-43.6,17.0,17.0,0.5,3.018235728994678,33,6,20,-14,0.04476232774459557,1,0,0,0,0,0,0,0,0,-1,0,0,0,0,0
1e2k,A,311,ALA,1.8,88.6,0.0,0,0,H,0.0,-59.4,-36.8,24.0,15.0,0.6153846153846154,5.58733863294287,38,15,8,7,0.05175644145468863,1,0,0,0,0,0,0,0,0,-1,0,0,0,0,0
1e2k,A,312,LEU,3.8,166.7,0.0,0,0,H,0.006097560975609756,-66.6,-32.3,21.0,23.0,0.4772727272727273,4.949446197625836,43,15,8,7,0.048026247475972325,1,0,0,0,0,0,0,0,0,-1,0,0,0,0,0
1e2k,A,313,ASP,-3.5,111.1,-1.0,1,3,H,0.3067484662576687,-65.8,-37.4,11.0,18.0,0.3793103448275862,1.8394772671570818,30,27,0,27,0.040099585271200194,1,0,0,0,0,0,0,0,0,-1,0,0,0,0,0
1e2k,A,314,VAL,4.2,140.0,0.0,0,0,H,0.028169014084507043,-64.6,-44.9,23.0,13.0,0.6388888888888888,2.3540269308060715,38,23,11,12,0.04476232774459557,1,0,0,0,0,0,0,0,0,-1,0,0,0,0,0
1e2k,A,315,LEU,3.8,166.7,0.0,0,0,H,0.0,-57.6,-45.8,23.0,19.0,0.5476190476190477,5.880316887323884,37,23,8,15,0.045694876239274644,1,0,0,0,0,0,0,0,0,-1,0,0,0,0,0
1e2k,A,316,ALA,1.8,88.6,0.0,0,0,H,0.16981132075471697,-61.2,-43.4,14.0,20.0,0.4117647058823529,2.231004679762117,30,34,8,26,0.04289723075523742,1,0,0,0,0,0,0,0,0,-1,0,0,0,0,0
1e2k,A,317,LYS,-3.9,168.6,1.0,2,0,H,0.6097560975609756,-62.2,-48.3,16.0,15.0,0.5161290322580645,1.905435724437729,25,22,8,14,0.03450429430312575,1,0,0,0,0,0,0,0,0,18,24,16,0,5,1
1e2k,A,318,ARG,-4.5,173.4,1.0,5,0,H,0.10080645161290322,-66.2,-40.4,18.0,15.0,0.5454545454545454,2.4619878561575557,32,19,6,13,0.04429605349725603,1,0,0,0,0,0,0,0,0,18,24,16,0,5,1
1e2k,A,319,LEU,3.8,166.7,0.0,0,0,H,0.0,-79.1,-39.4,21.0,17.0,0.5526315789473685,5.506902039617517,37,38,2,36,0.04429605349725603,1,0,0,0,0,0,0,0,0,-1,0,0,0,0,0
1e2k,A,320,ARG,-4.5,173.4,1.0,5,0,H,0.5564516129032258,-46.0,-40.7,14.0,18.0,0.4375,2.0530114359235605,22,25,1,24,0.04149840801321881,1,0,0,0,0,0,0,0,0,27,24,12,0,2,1
1e2k,A,321,SER,-0.8,89.0,0.0,1,1,T,0.4307692307692308,-91.9,6.6,9.0,18.0,0.3333333333333333,1.898686388656562,28,42,4,38,0.03776821403450251,0,0,0,0,0,1,0,0,0,2,839,17,0,160,1
1e2k,A,322,MET,1.9,162.9,0.0,0,0,-,0.005319148936170213,-82.6,147.1,22.0,12.0,0.6470588235294118,4.291575806169245,35,38,0,38,0.04476232774459557,0,0,0,0,0,0,0,0,0,-1,0,0,0,0,0
1e2k,A,323,HIS,-3.2,153.2,0.1,2,1,E,0.266304347826087,-105.4,115.0,14.0,19.0,0.42424242424242425,2.1386264227547747,29,12,4,8,0.04149840801321881,0,0,1,0,0,0,0,0,0,24,24,14,0,4,1
1e2k,A,324,VAL,4.2,140.0,0.0,0,0,E,0.29577464788732394,-98.6,133.0,17.0,18.0,0.4857142857142857,1.9887768486351598,29,21,2,19,0.04103213376587927,0,0,1,0,0,0,0,0,0,-1,0,0,0,0,0
1e2k,A,325,PHE,2.8,189.9,0.0,0,0,E,0.17258883248730963,-126.1,135.7,19.0,14.0,0.5757575757575758,2.3232908946438875,30,12,2,10,0.03357174580844668,0,0,1,0,0,0,0,0,0,15,56,9,0,6,1
1e2k,A,326,ILE,4.5,166.7,0.0,0,0,E,0.514792899408284,-106.7,124.7,9.0,23.0,0.28125,1.9400823863467433,23,4,11,-7,0.03170664881908853,0,0,1,0,0,0,0,0,0,-1,0,0,0,0,0
1e2k,A,327,LEU,3.8,166.7,0.0,0,0,E,0.006097560975609756,-101.9,126.6,26.0,7.0,0.7878787878787878,2.7819548107086924,36,13,21,-8,0.04243095650789788,0,0,1,0,0,0,0,0,0,-1,0,0,0,0,0
1e2k,A,328,ASP,-3.5,111.1,-1.0,1,3,E,0.4662576687116564,-78.6,118.1,8.0,22.0,0.26666666666666666,2.135296527863507,24,8,9,-1,0.03870076252918159,0,0,1,0,0,0,0,0,0,7,655,3,0,23,1
1e2k,A,329,TYR,-1.3,193.6,0.0,1,1,-,0.0,-94.3,-6.2,21.0,14.0,0.6,4.421187096968164,40,42,21,21,0.04755997322863279,0,0,0,0,0,0,0,0,0,7,655,3,0,23,1
1e2k,A,330,ASP,-3.5,111.1,-1.0,1,3,S,0.3987730061349693,-72.6,62.4,8.0,18.0,0.3076923076923077,1.9679412423020053,18,21,11,10,0.03730193978716297,0,0,0,0,0,0,1,0,0,7,655,3,0,23,1
1e2k,A,331,GLN,-3.5,143.8,0.0,2,2,S,0.30303030303030304,-173.5,178.5,13.0,11.0,0.5416666666666666,1.9339160329479368,21,18,23,-5,0.03124037457174899,0,0,0,0,0,0,1,0,0,7,655,3,0,23,1
1e2k,A,332,SER,-0.8,89.0,0.0,1,1,-,0.5538461538461539,-68.3,160.4,2.0,16.0,0.1111111111111111,2.0972083811985986,21,23,20,3,0.02471253510899547,0,0,0,0,0,0,0,0,0,7,655,3,0,23,1
1e2k,A,333,PRO,-1.6,112.7,0.0,0,0,H,0.40441176470588236,-60.1,-26.8,10.0,15.0,0.4,2.226888679141334,26,28,13,15,0.03776821403450251,1,0,0,0,0,0,0,0,0,7,655,3,0,23,1
1e2k,A,334,ALA,1.8,88.6,0.0,0,0,H,0.32075471698113206,-85.9,-27.3,0.0,22.0,0.0,1.9722624301685852,20,13,9,4,0.032172923066428064,1,0,0,0,0,0,0,0,0,-1,0,0,0,0,0
1e2k,A,335,GLY,-0.4,60.1,0.0,0,0,H,0.16666666666666666,-77.1,-36.9,7.0,14.0,0.3333333333333333,1.8219915496050205,22,14,21,-7,0.03170664881908853,1,0,0,0,0,0,0,0,0,7,655,3,0,23,1
1e2k,A,336,CYS,2.5,108.5,0.0,1,0,H,0.0,-71.2,-42.1,22.0,10.0,0.6875,3.566730684733986,34,23,21,2,0.05222271570202816,1,0,0,0,0,0,0,0,0,7,655,3,0,23,1
1e2k,A,337,ARG,-4.5,173.4,1.0,5,0,H,0.29435483870967744,-61.1,-41.4,12.0,17.0,0.41379310344827586,2.8623612837392893,20,0,8,-8,0.048026247475972325,1,0,0,0,0,0,0,0,0,-1,0,0,0,0,0
1e2k,A,338,ASP,-3.5,111.1,-1.0,1,3,H,0.4662576687116564,-67.7,-43.0,4.0,19.0,0.17391304347826086,1.8810245239063217,18,11,1,10,0.03450429430312575,1,0,0,0,0,0,0,0,0,-1,0,0,0,0,0
1e2k,A,339,ALA,1.8,88.6,0.0,0,0,H,0.25471698113207547,-61.7,-41.9,16.0,11.0,0.5925925925925926,1.847686110466594,25,10,16,-6,0.03823448828184205,1,0,0,0,0,0,0,0,0,-1,0,0,0,0,0
1e2k,A,340,LEU,3.8,166.7,0.0,0,0,H,0.042682926829268296,-55.6,-46.6,24.0,13.0,0.6486486486486487,2.259517360051409,38,11,13,-2,0.04243095650789788,1,0,0,0,0,0,0,0,0,-1,0,0,0,0,0
1e2k,A,341,LEU,3.8,166.7,0.0,0,0,H,0.524390243902439,-65.1,-30.1,10.0,17.0,0.37037037037037035,1.8958719077342387,25,11,8,3,0.03357174580844668,1,0,0,0,0,0,0,0,0,-1,0,0,0,0,0
1e2k,A,342,GLN,-3.5,143.8,0.0,2,2,H,0.7424242424242424,-69.0,-37.2,8.0,10.0,0.4444444444444444,1.7954929900502472,18,5,8,-3,0.027510180593032695,1,0,0,0,0,0,0,0,0,15,56,9,0,6,1
1e2k,A,343,LEU,3.8,166.7,0.0,0,0,H,0.25,-62.9,-20.8,17.0,7.0,0.7083333333333334,2.0952323072149492,27,4,8,-4,0.03730193978716297,1,0,0,0,0,0,0,0,0,15,56,9,0,6,1
1e2k,A,344,THR,-0.7,116.1,0.0,1,1,G,0.30985915492957744,-66.9,-19.8,18.0,15.0,0.5454545454545454,2.0633551595575823,25,5,2,3,0.03590311704514436,0,0,0,1,0,0,0,0,0,15,56,9,0,6,1
1e2k,A,345,SER,-0.8,89.0,0.0,1,1,G,0.8538461538461538,-66.1,-25.6,2.0,16.0,0.1111111111111111,1.8147157754933598,18,0,0,0,0.02144861537761871,0,0,0,1,0,0,0,0,0,15,56,9,0,6,1
1e2k,A,346,GLY,-0.4,60.1,0.0,0,0,G,0.6190476190476191,-95.3,-0.1,9.0,11.0,0.45,1.709601610884588,19,11,0,11,0.022381163872297785,0,0,0,1,0,0,0,0,0,15,56,9,0,6,1
1e2k,A,347,MET,1.9,162.9,0.0,0,0,S,0.05319148936170213,-80.4,154.4,22.0,10.0,0.6875,2.443742729682774,32,16,0,16,0.040565859518539735,0,0,0,0,0,0,1,0,0,15,56,9,0,6,1
1e2k,A,348,VAL,4.2,140.0,0.0,0,0,P,0.13380281690140844,-97.4,128.9,14.0,18.0,0.4375,2.5449624396481134,31,22,9,13,0.04243095650789788,0,0,0,0,0,0,0,0,0,24,24,14,0,4,1
1e2k,A,349,GLN,-3.5,143.8,0.0,2,2,P,0.18181818181818182,-95.4,158.2,16.0,17.0,0.48484848484848486,2.3280548341738405,33,21,9,12,0.04662742473395372,0,0,0,0,0,0,0,0,0,24,24,14,0,4,1
1e2k,A,350,THR,-0.7,116.1,0.0,1,1,E,0.007042253521126761,-129.3,165.7,17.0,17.0,0.5,4.774106550239648,31,27,9,18,0.050823892960009553,0,0,1,0,0,0,0,0,0,2,839,17,0,160,1
1e2k,A,351,HIS,-3.2,153.2,0.1,2,1,E,0.3967391304347826,-86.0,164.9,8.0,22.0,0.26666666666666666,2.282002801951289,24,3,8,-5,0.04289723075523742,0,0,1,0,0,0,0,0,0,-1,0,0,0,0,0
1e2k,A,352,VAL,4.2,140.0,0.0,0,0,E,0.02112676056338028,-100.2,163.9,19.0,14.0,0.5757575757575758,3.529923617175728,28,23,4,19,0.05175644145468863,0,0,1,0,0,0,0,0,0,12,293,5,0,15,1
1e2k,A,353,THR,-0.7,116.1,0.0,1,1,S,0.47183098591549294,-93.0,-23.6,6.0,17.0,0.2608695652173913,1.950183199693189,20,18,0,18,0.03357174580844668,0,0,0,0,0,0,1,0,0,12,293,5,0,15,1
1e2k,A,354,THR,-0.7,116.1,0.0,1,1,S,0.4084507042253521,-125.6,162.0,9.0,10.0,0.47368421052631576,2.40204374185608,17,14,0,14,0.02797645484037223,0,0,0,0,0,0,1,0,0,12,293,5,0,15,1
1e2k,A,355,PRO,-1.6,112.7,0.0,0,0,T,0.7647058823529411,-65.8,-37.1,0.0,17.0,0.0,1.974601421653438,12,8,0,8,0.02471253510899547,0,0,0,0,0,1,0,0,0,12,293,5,0,15,1
1e2k,A,356,GLY,-0.4,60.1,0.0,0,0,T,0.38095238095238093,-84.2,2.2,1.0,14.0,0.06666666666666667,1.7688265475666718,16,10,2,8,0.026577632098353617,0,0,0,0,0,1,0,0,0,12,293,5,0,15,1
1e2k,A,357,SER,-0.8,89.0,0.0,1,1,H,0.0,-59.7,-48.0,18.0,9.0,0.6666666666666666,2.7413849652158504,26,14,2,12,0.040565859518539735,1,0,0,0,0,0,0,0,0,12,293,5,0,15,1
1e2k,A,358,ILE,4.5,166.7,0.0,0,0,H,0.15976331360946747,-49.6,-57.3,15.0,18.0,0.45454545454545453,2.5180451999595848,31,15,13,2,0.040565859518539735,1,0,0,0,0,0,0,0,0,12,293,5,0,15,1
1e2k,A,359,PRO,-1.6,112.7,0.0,0,0,H,0.5955882352941176,-61.4,-29.5,3.0,20.0,0.13043478260869565,1.918178422409405,20,12,12,0,0.029375277582390842,1,0,0,0,0,0,0,0,0,-1,0,0,0,0,0
1e2k,A,360,THR,-0.7,116.1,0.0,1,1,H,0.5070422535211268,-80.7,-30.2,10.0,10.0,0.5,1.8076033662759647,20,16,8,8,0.03170664881908853,1,0,0,0,0,0,0,0,0,-1,0,0,0,0,0
1e2k,A,361,ILE,4.5,166.7,0.0,0,0,H,0.01775147928994083,-70.7,-42.7,26.0,12.0,0.6842105263157895,2.699539826158552,36,24,9,15,0.04429605349725603,1,0,0,0,0,0,0,0,0,-1,0,0,0,0,0
1e2k,A,362,CYS,2.5,108.5,0.0,1,0,H,0.05185185185185185,-57.7,-45.1,11.0,16.0,0.4074074074074074,2.7689068171464117,29,14,20,-6,0.04103213376587927,1,0,0,0,0,0,0,0,0,33,20,1,0,0,1
1e2k,A,363,ASP,-3.5,111.1,-1.0,1,3,H,0.5337423312883436,-61.3,-44.8,6.0,17.0,0.2608695652173913,1.8879719272331072,22,21,0,21,0.03403802005578621,1,0,0,0,0,0,0,0,0,-1,0,0,0,0,0
1e2k,A,364,LEU,3.8,166.7,0.0,0,0,H,0.10975609756097561,-53.5,-56.6,16.0,16.0,0.5,2.3138737857637803,34,21,14,7,0.03916703677652112,1,0,0,0,0,0,0,0,0,-1,0,0,0,0,0
1e2k,A,365,ALA,1.8,88.6,0.0,0,0,H,0.009433962264150943,-55.5,-46.7,20.0,19.0,0.5128205128205128,3.3885878054913396,30,21,11,10,0.048958795970651406,1,0,0,0,0,0,0,0,0,-1,0,0,0,0,0
1e2k,A,366,ARG,-4.5,173.4,1.0,5,0,H,0.3709677419354839,-68.3,-38.6,7.0,18.0,0.28,1.9229099553864755,22,10,17,-7,0.040099585271200194,1,0,0,0,0,0,0,0,0,33,20,1,0,0,1
1e2k,A,367,THR,-0.7,116.1,0.0,1,1,H,0.1056338028169014,-64.7,-41.9,11.0,13.0,0.4583333333333333,2.0275107347752725,24,22,17,5,0.03916703677652112,1,0,0,0,0,0,0,0,0,-1,0,0,0,0,0
1e2k,A,368,PHE,2.8,189.9,0.0,0,0,H,0.01015228426395939,-58.4,-51.9,19.0,16.0,0.5428571428571428,5.589431480459348,37,14,26,-12,0.05129016720734909,1,0,0,0,0,0,0,0,0,-1,0,0,0,0,0
1e2k,A,369,ALA,1.8,88.6,0.0,0,0,H,0.2830188679245283,-55.4,-50.7,12.0,16.0,0.42857142857142855,2.2073235377053186,26,19,23,-4,0.045228601991935104,1,0,0,0,0,0,0,0,0,-1,0,0,0,0,0
1e2k,A,370,ARG,-4.5,173.4,1.0,5,0,H,0.782258064516129,-60.0,-39.6,7.0,15.0,0.3181818181818182,1.8310830807685177,17,8,17,-9,0.028909003335051305,1,0,0,0,0,0,0,0,0,-1,0,0,0,0,0
1e2k,A,371,GLU,-3.5,138.4,-1.0,1,3,H,0.16494845360824742,-85.5,-38.1,15.0,13.0,0.5357142857142857,2.0191991714901825,34,15,6,9,0.03776821403450251,1,0,0,0,0,0,0,0,0,-1,0,0,0,0,0
1e2k,A,372,MET,1.9,162.9,0.0,0,0,H,0.0,-112.4,-17.2,24.0,8.0,0.75,3.9364710895300252,34,12,21,-9,0.04662742473395372,1,0,0,0,0,0,0,0,0,-1,0,0,0,0,0
1e2k,A,373,GLY,-0.4,60.1,0.0,0,0,-,0.11904761904761904,-72.7,153.7,12.0,14.0,0.46153846153846156,1.9284072985512786,24,15,29,-14,0.03870076252918159,0,0,0,0,0,0,0,0,0,-1,0,0,0,0,0
1e2k,A,374,GLU,-3.5,138.4,-1.0,1,3,-,0.9639175257731959,-71.5,360.0,7.0,12.0,0.3684210526315789,1.7084315973890212,20,18,13,5,0.025645083603674543,0,0,0,0,0,0,0,0,0,-1,0,0,0,0,0
1e2k,B,46,MET,1.9,162.9,0.0,0,0,-,1.0,360.0,81.2,8.0,14.0,0.36363636363636365,1.829609318480299,15,10,0,10,0.01818469564624195,0,0,0,0,0,0,0,0,0,32,16,1,0,0,1
1e2k,B,47,PRO,-1.6,112.7,0.0,0,0,-,0.3602941176470588,-74.1,142.6,13.0,16.0,0.4482758620689655,2.0788120363877782,25,12,0,12,0.028909003335051305,0,0,0,0,0,0,0,0,0,32,16,1,0,0,1
1e2k,B,48,THR,-0.7,116.1,0.0,1,1,E,0.14084507042253522,-108.4,156.0,12.0,21.0,0.36363636363636365,2.3250974149289982,30,13,5,8,0.043363505002576956,0,0,1,0,0,0,0,0,0,32,16,1,0,0,1
1e2k,B,49,LEU,3.8,166.7,0.0,0,0,E,0.006097560975609756,-125.3,143.4,24.0,17.0,0.5853658536585366,5.8469049433074645,40,25,5,20,0.050823892960009553,0,0,1,0,0,0,0,0,0,-1,0,0,0,0,0
1e2k,B,50,LEU,3.8,166.7,0.0,0,0,E,0.036585365853658534,-118.6,118.1,17.0,25.0,0.40476190476190477,3.636902525361006,37,13,2,11,0.048958795970651406,0,0,1,0,0,0,0,0,0,-1,0,0,0,0,0
1e2k,B,51,ARG,-4.5,173.4,1.0,5,0,E,0.008064516129032258,-108.5,130.0,22.0,23.0,0.4888888888888889,6.556919607216593,40,18,7,11,0.0526889899493677,0,0,1,0,0,0,0,0,0,-1,0,0,0,0,0
1e2k,B,52,VAL,4.2,140.0,0.0,0,0,E,0.0,-132.3,123.8,22.0,21.0,0.5116279069767442,5.732059626408644,35,25,8,17,0.0526889899493677,0,0,1,0,0,0,0,0,0,-1,0,0,0,0,0
1e2k,B,53,TYR,-1.3,193.6,0.0,1,1,E,0.018018018018018018,-106.8,118.0,16.0,25.0,0.3902439024390244,8.298574028962296,36,33,20,13,0.05408781269138631,0,0,1,0,0,0,0,0,0,-1,0,0,0,0,0
1e2k,B,54,ILE,4.5,166.7,0.0,0,0,E,0.0,-89.3,119.1,25.0,21.0,0.5434782608695652,6.301147496941538,40,29,17,12,0.05502036118606539,0,0,1,0,0,0,0,0,0,-1,0,0,0,0,0
1e2k,B,55,ASP,-3.5,111.1,-1.0,1,3,-,0.0,-142.7,-175.7,22.0,22.0,0.5,5.240095224861459,35,34,8,26,0.050823892960009553,0,0,0,0,0,0,0,0,0,-1,0,0,0,0,0
1e2k,B,56,GLY,-0.4,60.1,0.0,0,0,S,0.0,120.7,-177.7,20.0,24.0,0.45454545454545453,4.084383032426083,39,49,16,33,0.04755997322863279,0,0,0,0,0,0,1,0,0,-1,0,0,0,0,0
1e2k,B,57,PRO,-1.6,112.7,0.0,0,0,S,0.029411764705882353,-59.8,151.3,22.0,16.0,0.5789473684210527,3.0546818903368793,37,50,10,40,0.045694876239274644,0,0,0,0,0,0,1,0,0,-1,0,0,0,0,0
1e2k,B,58,HIS,-3.2,153.2,0.1,2,1,T,0.13043478260869565,-68.8,152.0,12.0,23.0,0.34285714285714286,2.1917614942350983,35,45,19,26,0.03590311704514436,0,0,0,0,0,1,0,0,0,-1,0,0,0,0,0
1e2k,B,59,GLY,-0.4,60.1,0.0,0,0,T,0.2857142857142857,85.6,11.2,21.0,13.0,0.6176470588235294,2.1185809583629442,32,64,13,51,0.040099585271200194,0,0,0,0,0,1,0,0,0,-1,0,0,0,0,0
1e2k,B,60,MET,1.9,162.9,0.0,0,0,S,0.010638297872340425,-97.9,-18.6,22.0,14.0,0.6111111111111112,2.469969529828072,36,58,19,39,0.04476232774459557,0,0,0,0,0,0,1,0,0,-1,0,0,0,0,0
1e2k,B,61,GLY,-0.4,60.1,0.0,0,0,S,0.14285714285714285,113.5,16.3,20.0,15.0,0.5714285714285714,1.9299192572259254,36,33,11,22,0.03730193978716297,0,0,0,0,0,0,1,0,0,-1,0,0,0,0,0
1e2k,B,62,LYS,-3.9,168.6,1.0,2,0,H,0.04878048780487805,-58.0,-50.1,19.0,17.0,0.5277777777777778,2.5024878092530014,34,27,23,4,0.04476232774459557,1,0,0,0,0,0,0,0,0,-1,0,0,0,0,0
1e2k,B,63,THR,-0.7,116.1,0.0,1,1,H,0.4014084507042254,-60.4,-46.6,7.0,24.0,0.22580645161290322,2.040918767895169,28,25,20,5,0.03590311704514436,1,0,0,0,0,0,0,0,0,-1,0,0,0,0,0
1e2k,B,64,THR,-0.7,116.1,0.0,1,1,H,0.4859154929577465,-57.2,-48.4,10.0,16.0,0.38461538461538464,1.8848036207739847,27,20,3,17,0.03170664881908853,1,0,0,0,0,0,0,0,0,0,3604,6,0,259,1
1e2k,B,65,THR,-0.7,116.1,0.0,1,1,H,0.014084507042253521,-68.9,-31.1,23.0,13.0,0.6388888888888888,3.5025717220290096,34,22,12,10,0.048958795970651406,1,0,0,0,0,0,0,0,0,0,3604,6,0,259,1
1e2k,B,66,THR,-0.7,116.1,0.0,1,1,H,0.0,-65.9,-46.5,19.0,21.0,0.475,4.8312596187683585,35,16,10,6,0.050823892960009553,1,0,0,0,0,0,0,0,0,0,3604,6,0,259,1
1e2k,B,67,GLN,-3.5,143.8,0.0,2,2,H,0.5404040404040404,-58.6,-43.0,7.0,23.0,0.23333333333333334,1.9755558971785818,22,8,6,2,0.03683566553982344,1,0,0,0,0,0,0,0,0,-1,0,0,0,0,0
1e2k,B,68,LEU,3.8,166.7,0.0,0,0,H,0.3353658536585366,-61.9,-44.2,15.0,11.0,0.5769230769230769,1.98705921714619,23,14,6,8,0.040565859518539735,1,0,0,0,0,0,0,0,0,0,3604,6,0,259,1
1e2k,B,69,LEU,3.8,166.7,0.0,0,0,H,0.054878048780487805,-62.7,-44.6,24.0,10.0,0.7058823529411765,2.8048656426955283,33,12,6,6,0.04429605349725603,1,0,0,0,0,0,0,0,0,0,3604,6,0,259,1
1e2k,B,70,VAL,4.2,140.0,0.0,0,0,H,0.16901408450704225,-63.1,-35.4,19.0,12.0,0.6129032258064516,2.392052268714274,25,14,8,6,0.040565859518539735,1,0,0,0,0,0,0,0,0,-1,0,0,0,0,0
1e2k,B,71,ALA,1.8,88.6,0.0,0,0,H,0.7735849056603774,-63.3,-19.6,8.0,13.0,0.38095238095238093,1.7676015602700919,18,16,1,15,0.02844272908771177,1,0,0,0,0,0,0,0,0,-1,0,0,0,0,0
1e2k,B,72,LEU,3.8,166.7,0.0,0,0,H,0.5365853658536586,-76.7,-24.8,10.0,10.0,0.5,1.9631812975230467,16,13,6,7,0.025645083603674543,1,0,0,0,0,0,0,0,0,-1,0,0,0,0,0
1e2k,B,73,GLY,-0.4,60.1,0.0,0,0,S,0.40476190476190477,-95.1,173.7,16.0,3.0,0.8421052631578947,1.7096539064618468,18,12,15,-3,0.029375277582390842,0,0,0,0,0,0,1,0,0,-1,0,0,0,0,0
1e2k,B,74,SER,-0.8,89.0,0.0,1,1,-,0.34615384615384615,-78.5,132.2,4.0,10.0,0.2857142857142857,2.041649208615517,16,15,16,-1,0.025645083603674543,0,0,0,0,0,0,0,0,0,-1,0,0,0,0,0
1e2k,B,75,ARG,-4.5,173.4,1.0,5,0,T,0.8145161290322581,-44.5,-36.0,1.0,16.0,0.058823529411764705,1.8815768338948617,11,5,16,-11,0.028909003335051305,0,0,0,0,0,1,0,0,0,-1,0,0,0,0,0
1e2k,B,76,ASP,-3.5,111.1,-1.0,1,3,T,0.7055214723926381,-84.3,-14.8,2.0,20.0,0.09090909090909091,1.8070251405770243,15,18,9,9,0.02611135785101408,0,0,0,0,0,1,0,0,0,-1,0,0,0,0,0
1e2k,B,77,ASP,-3.5,111.1,-1.0,1,3,T,0.44785276073619634,-112.6,6.8,10.0,17.0,0.37037037037037035,1.7808072089958307,23,14,8,6,0.032639197313767604,0,0,0,0,0,1,0,0,0,-1,0,0,0,0,0
1e2k,B,78,ILE,4.5,166.7,0.0,0,0,E,0.08875739644970414,-149.6,132.8,14.0,20.0,0.4117647058823529,2.2281744857105887,30,13,16,-3,0.04243095650789788,0,0,1,0,0,0,0,0,0,-1,0,0,0,0,0
1e2k,B,79,VAL,4.2,140.0,0.0,0,0,E,0.07746478873239436,-135.4,137.4,18.0,21.0,0.46153846153846156,2.4576796094062887,35,19,19,0,0.04755997322863279,0,0,1,0,0,0,0,0,0,23,24,17,0,4,1
1e2k,B,80,TYR,-1.3,193.6,0.0,1,1,E,0.0990990990990991,-94.3,129.9,20.0,23.0,0.46511627906976744,2.2326017969939986,31,11,14,-3,0.04429605349725603,0,0,1,0,0,0,0,0,0,23,24,17,0,4,1
1e2k,B,81,VAL,4.2,140.0,0.0,0,0,E,0.028169014084507043,-106.0,101.7,21.0,19.0,0.525,4.379450270786338,36,17,14,3,0.048958795970651406,0,0,1,0,0,0,0,0,0,23,24,17,0,4,1
1e2k,B,82,PRO,-1.6,112.7,0.0,0,0,-,0.14705882352941177,-79.5,177.3,16.0,20.0,0.4444444444444444,2.525254613898138,32,16,30,-14,0.04429605349725603,0,0,0,0,0,0,0,0,0,23,24,17,0,4,1
1e2k,B,83,GLU,-3.5,138.4,-1.0,1,3,-,0.27319587628865977,-68.0,137.3,13.0,27.0,0.325,1.8644015210822593,26,19,17,2,0.04476232774459557,0,0,0,0,0,0,0,0,0,-1,0,0,0,0,0
1e2k,B,84,PRO,-1.6,112.7,0.0,0,0,-,0.0,-84.5,58.5,23.0,16.0,0.5897435897435898,4.407092791871428,34,16,33,-17,0.05222271570202816,0,0,0,0,0,0,0,0,0,-1,0,0,0,0,0
1e2k,B,85,MET,1.9,162.9,0.0,0,0,H,0.10638297872340426,-58.1,-36.1,6.0,25.0,0.1935483870967742,2.2472604933874574,26,11,31,-20,0.04243095650789788,1,0,0,0,0,0,0,0,0,31,2,15,0,0,1
1e2k,B,86,THR,-0.7,116.1,0.0,1,1,H,0.2887323943661972,-68.0,-32.5,10.0,17.0,0.37037037037037035,2.289342722706379,27,15,31,-16,0.043363505002576956,1,0,0,0,0,0,0,0,0,14,53,16,0,9,1
1e2k,B,87,TYR,-1.3,193.6,0.0,1,1,I,0.0045045045045045045,-69.6,-44.3,23.0,14.0,0.6216216216216216,4.029597479525649,37,6,12,-6,0.050823892960009553,0,0,0,0,1,0,0,0,0,-1,0,0,0,0,0
1e2k,B,88,TRP,-0.9,227.8,0.0,1,0,I,0.05726872246696035,-66.0,-38.7,15.0,18.0,0.45454545454545453,3.5602725203063,33,13,21,-8,0.05502036118606539,0,0,0,0,1,0,0,0,0,-1,0,0,0,0,0
1e2k,B,89,ARG,-4.5,173.4,1.0,5,0,I,0.4274193548387097,-91.4,-25.4,7.0,16.0,0.30434782608695654,2.1103544282504325,22,0,18,-18,0.045228601991935104,0,0,0,0,1,0,0,0,0,31,2,15,0,0,1
1e2k,B,90,VAL,4.2,140.0,0.0,0,0,I,0.676056338028169,-131.1,-53.8,11.0,15.0,0.4230769230769231,2.1032157238657674,22,11,16,-5,0.03403802005578621,0,0,0,0,1,0,0,0,0,-1,0,0,0,0,0
1e2k,B,91,LEU,3.8,166.7,0.0,0,0,I,0.06097560975609756,-67.3,-45.2,19.0,15.0,0.5588235294117647,2.1253740420576035,30,6,16,-10,0.043363505002576956,0,0,0,0,1,0,0,0,0,-1,0,0,0,0,0
1e2k,B,92,GLY,-0.4,60.1,0.0,0,0,S,0.023809523809523808,-83.0,-33.1,24.0,12.0,0.6666666666666666,2.263711904724477,34,6,12,-6,0.043829779249916496,0,0,0,0,0,0,1,0,0,-1,0,0,0,0,0
1e2k,B,93,ALA,1.8,88.6,0.0,0,0,S,0.3584905660377358,-169.9,178.7,20.0,13.0,0.6060606060606061,2.015281067032508,29,8,14,-6,0.03450429430312575,0,0,0,0,0,0,1,0,0,-1,0,0,0,0,0
1e2k,B,94,SER,-0.8,89.0,0.0,1,1,S,0.7615384615384615,-97.0,122.4,3.0,19.0,0.13636363636363635,1.8007839690358456,18,10,9,1,0.028909003335051305,0,0,0,0,0,0,1,0,0,-1,0,0,0,0,0
1e2k,B,95,GLU,-3.5,138.4,-1.0,1,3,-,0.38144329896907214,46.9,57.6,5.0,16.0,0.23809523809523808,1.9281222617888538,20,11,1,10,0.03403802005578621,0,0,0,0,0,0,0,0,0,31,2,15,0,0,1
1e2k,B,96,THR,-0.7,116.1,0.0,1,1,H,0.02112676056338028,-59.4,-38.1,19.0,11.0,0.6333333333333333,2.317800484070989,28,9,9,0,0.043829779249916496,1,0,0,0,0,0,0,0,0,-1,0,0,0,0,0
1e2k,B,97,ILE,4.5,166.7,0.0,0,0,H,0.20118343195266272,-64.1,-40.8,9.0,19.0,0.32142857142857145,2.242946138473767,27,20,22,-2,0.04103213376587927,1,0,0,0,0,0,0,0,0,-1,0,0,0,0,0
1e2k,B,98,ALA,1.8,88.6,0.0,0,0,H,0.4056603773584906,-64.2,-33.8,6.0,16.0,0.2727272727272727,1.8549318297407762,22,22,17,5,0.034970568550465285,1,0,0,0,0,0,0,0,0,-1,0,0,0,0,0
1e2k,B,99,ASN,-3.5,114.1,0.0,2,2,H,0.4267515923566879,-71.0,-40.8,17.0,11.0,0.6071428571428571,2.026264818930361,27,11,9,2,0.03450429430312575,1,0,0,0,0,0,0,0,0,-1,0,0,0,0,0
1e2k,B,100,ILE,4.5,166.7,0.0,0,0,H,0.04142011834319527,-62.7,-45.0,23.0,15.0,0.6052631578947368,3.087574409858343,33,19,13,6,0.04709369898129325,1,0,0,0,0,0,0,0,0,-1,0,0,0,0,0
1e2k,B,101,TYR,-1.3,193.6,0.0,1,1,H,0.09009009009009009,-66.6,-40.9,8.0,17.0,0.32,2.1607078036444816,29,36,21,15,0.04476232774459557,1,0,0,0,0,0,0,0,0,-1,0,0,0,0,0
1e2k,B,102,THR,-0.7,116.1,0.0,1,1,H,0.47183098591549294,-63.8,-36.1,7.0,18.0,0.28,1.957193588546763,23,33,17,16,0.0363693912924839,1,0,0,0,0,0,0,0,0,-1,0,0,0,0,0
1e2k,B,103,THR,-0.7,116.1,0.0,1,1,H,0.06338028169014084,-71.8,-46.0,22.0,13.0,0.6285714285714286,2.3043191575064483,33,31,24,7,0.04662742473395372,1,0,0,0,0,0,0,0,0,-1,0,0,0,0,0
1e2k,B,104,GLN,-3.5,143.8,0.0,2,2,H,0.005050505050505051,-62.2,-37.0,18.0,21.0,0.46153846153846156,2.5561195731352813,34,37,20,17,0.04662742473395372,1,0,0,0,0,0,0,0,0,-1,0,0,0,0,0
1e2k,B,105,HIS,-3.2,153.2,0.1,2,1,H,0.29347826086956524,-66.3,-49.0,9.0,18.0,0.3333333333333333,2.0856981850007776,20,23,23,0,0.04289723075523742,1,0,0,0,0,0,0,0,0,-1,0,0,0,0,0
1e2k,B,106,ARG,-4.5,173.4,1.0,5,0,H,0.3911290322580645,-64.4,-29.3,10.0,10.0,0.5,2.504394126143191,20,13,23,-10,0.04243095650789788,1,0,0,0,0,0,0,0,0,-1,0,0,0,0,0
1e2k,B,107,LEU,3.8,166.7,0.0,0,0,H,0.18902439024390244,-71.1,-43.8,19.0,7.0,0.7307692307692307,2.3932579616864067,25,24,26,-2,0.048026247475972325,1,0,0,0,0,0,0,0,0,10,255,8,0,18,1
1e2k,B,108,ASP,-3.5,111.1,-1.0,1,3,H,0.5644171779141104,-60.2,-34.8,9.0,11.0,0.45,1.7721898924228847,23,22,13,9,0.032172923066428064,1,0,0,0,0,0,0,0,0,-1,0,0,0,0,0
1e2k,B,109,GLN,-3.5,143.8,0.0,2,2,T,0.6313131313131313,-88.0,2.4,7.0,6.0,0.5384615384615384,1.9041538143873558,12,23,17,6,0.02797645484037223,0,0,0,0,0,1,0,0,0,-1,0,0,0,0,0
1e2k,B,110,GLY,-0.4,60.1,0.0,0,0,T,0.7857142857142857,67.2,25.4,0.0,16.0,0.0,1.7095392743017768,14,21,20,1,0.02611135785101408,0,0,0,0,0,1,0,0,0,-1,0,0,0,0,0
1e2k,B,111,GLU,-3.5,138.4,-1.0,1,3,S,0.5,-87.2,-17.3,8.0,7.0,0.5333333333333333,1.751550590678795,14,21,9,12,0.027510180593032695,0,0,0,0,0,0,1,0,0,-1,0,0,0,0,0
1e2k,B,112,ILE,4.5,166.7,0.0,0,0,S,0.1834319526627219,-140.2,160.1,16.0,4.0,0.8,2.058524336095188,21,18,24,-6,0.03357174580844668,0,0,0,0,0,0,1,0,0,10,255,8,0,18,1
1e2k,B,113,SER,-0.8,89.0,0.0,1,1,-,0.4307692307692308,-87.4,170.8,3.0,17.0,0.15,2.133814813932795,18,8,16,-8,0.025645083603674543,0,0,0,0,0,0,0,0,0,10,255,8,0,18,1
1e2k,B,114,ALA,1.8,88.6,0.0,0,0,H,0.5377358490566038,-61.2,-40.4,6.0,20.0,0.23076923076923078,1.855476136330638,23,3,14,-11,0.027510180593032695,1,0,0,0,0,0,0,0,0,10,255,8,0,18,1
1e2k,B,115,GLY,-0.4,60.1,0.0,0,0,H,0.5357142857142857,-61.3,-43.2,4.0,24.0,0.14285714285714285,1.760694168187654,19,0,8,-8,0.02331371236697686,1,0,0,0,0,0,0,0,0,10,255,8,0,18,1
1e2k,B,116,ASP,-3.5,111.1,-1.0,1,3,H,0.4723926380368098,-65.4,-40.6,9.0,17.0,0.34615384615384615,1.7693856291434593,18,9,5,4,0.02844272908771177,1,0,0,0,0,0,0,0,0,10,255,8,0,18,1
1e2k,B,117,ALA,1.8,88.6,0.0,0,0,H,0.0,-62.2,-46.5,22.0,13.0,0.6285714285714286,3.5376944069204916,28,21,12,9,0.04429605349725603,1,0,0,0,0,0,0,0,0,10,255,8,0,18,1
1e2k,B,118,ALA,1.8,88.6,0.0,0,0,H,0.09433962264150944,-59.4,-44.4,17.0,21.0,0.4473684210526316,2.395597874895683,30,6,8,-2,0.040565859518539735,1,0,0,0,0,0,0,0,0,10,255,8,0,18,1
1e2k,B,119,VAL,4.2,140.0,0.0,0,0,H,0.24647887323943662,-62.3,-45.2,18.0,23.0,0.43902439024390244,2.613315280353569,22,0,12,-12,0.04103213376587927,1,0,0,0,0,0,0,0,0,-1,0,0,0,0,0
1e2k,B,120,VAL,4.2,140.0,0.0,0,0,H,0.19014084507042253,-64.7,-43.4,19.0,23.0,0.4523809523809524,2.3017577092742214,27,4,14,-10,0.040099585271200194,1,0,0,0,0,0,0,0,0,-1,0,0,0,0,0
1e2k,B,121,MET,1.9,162.9,0.0,0,0,H,0.0,-64.2,-43.0,24.0,20.0,0.5454545454545454,4.255200745663438,43,12,5,7,0.048492521723311866,1,0,0,0,0,0,0,0,0,-1,0,0,0,0,0
1e2k,B,122,THR,-0.7,116.1,0.0,1,1,H,0.014084507042253521,-61.9,-51.3,26.0,22.0,0.5416666666666666,3.209742415434864,32,5,2,3,0.048958795970651406,1,0,0,0,0,0,0,0,0,-1,0,0,0,0,0
1e2k,B,123,SER,-0.8,89.0,0.0,1,1,H,0.08461538461538462,-61.4,-40.7,25.0,24.0,0.5102040816326531,2.133638366405377,27,0,2,-2,0.04755997322863279,1,0,0,0,0,0,0,0,0,-1,0,0,0,0,0
1e2k,B,124,ALA,1.8,88.6,0.0,0,0,H,0.03773584905660377,-59.4,-44.7,22.0,23.0,0.4888888888888889,2.367404174016443,35,4,2,2,0.04429605349725603,1,0,0,0,0,0,0,0,0,-1,0,0,0,0,0
1e2k,B,125,GLN,-3.5,143.8,0.0,2,2,H,0.045454545454545456,-64.2,-31.3,26.0,22.0,0.5416666666666666,3.367756542654584,40,9,0,9,0.045228601991935104,1,0,0,0,0,0,0,0,0,-1,0,0,0,0,0
1e2k,B,126,ILE,4.5,166.7,0.0,0,0,H,0.04142011834319527,-63.2,-49.9,23.0,27.0,0.46,3.098033523073121,35,0,0,0,0.045694876239274644,1,0,0,0,0,0,0,0,0,-1,0,0,0,0,0
1e2k,B,127,THR,-0.7,116.1,0.0,1,1,H,0.14788732394366197,-58.8,-41.1,26.0,21.0,0.5531914893617021,2.354897799979504,41,3,4,-1,0.048958795970651406,1,0,0,0,0,0,0,0,0,-1,0,0,0,0,0
1e2k,B,128,MET,1.9,162.9,0.0,0,0,H,0.11702127659574468,-62.8,-35.9,21.0,25.0,0.45652173913043476,2.699031478802521,37,9,8,1,0.048958795970651406,1,0,0,0,0,0,0,0,0,-1,0,0,0,0,0
1e2k,B,129,GLY,-0.4,60.1,0.0,0,0,H,0.07142857142857142,-87.4,-11.9,22.0,22.0,0.5,4.349887288407746,40,8,3,5,0.05222271570202816,1,0,0,0,0,0,0,0,0,-1,0,0,0,0,0
1e2k,B,130,MET,1.9,162.9,0.0,0,0,H,0.010638297872340425,-57.4,-44.8,24.0,22.0,0.5217391304347826,3.9014558193754123,42,0,3,-3,0.04616115048661418,1,0,0,0,0,0,0,0,0,-1,0,0,0,0,0
1e2k,B,131,PRO,-1.6,112.7,0.0,0,0,H,0.0,-64.3,-32.8,29.0,26.0,0.5272727272727272,6.110452960126895,45,5,14,-9,0.045694876239274644,1,0,0,0,0,0,0,0,0,-1,0,0,0,0,0
1e2k,B,132,TYR,-1.3,193.6,0.0,1,1,H,0.07207207207207207,-72.5,-39.4,18.0,24.0,0.42857142857142855,3.866694566444053,38,20,25,-5,0.04476232774459557,1,0,0,0,0,0,0,0,0,-1,0,0,0,0,0
1e2k,B,133,ALA,1.8,88.6,0.0,0,0,H,0.04716981132075472,-68.4,-42.8,25.0,17.0,0.5952380952380952,2.2562446739687094,42,11,8,3,0.04289723075523742,1,0,0,0,0,0,0,0,0,-1,0,0,0,0,0
1e2k,B,134,VAL,4.2,140.0,0.0,0,0,H,0.0,-68.9,-37.0,25.0,15.0,0.625,4.628366036987261,38,2,16,-14,0.048492521723311866,1,0,0,0,0,0,0,0,0,-1,0,0,0,0,0
1e2k,B,135,THR,-0.7,116.1,0.0,1,1,H,0.028169014084507043,-61.4,-46.5,21.0,21.0,0.5,4.775239624469461,38,8,8,0,0.045228601991935104,1,0,0,0,0,0,0,0,0,-1,0,0,0,0,0
1e2k,B,136,ASP,-3.5,111.1,-1.0,1,3,H,0.07975460122699386,-58.8,-40.7,21.0,20.0,0.5121951219512195,2.664394628480859,36,23,0,23,0.04103213376587927,1,0,0,0,0,0,0,0,0,5,222,22,0,49,1
1e2k,B,137,ALA,1.8,88.6,0.0,0,0,H,0.10377358490566038,-69.1,-37.0,23.0,13.0,0.6388888888888888,1.9661183770082062,30,20,15,5,0.03823448828184205,1,0,0,0,0,0,0,0,0,-1,0,0,0,0,0
1e2k,B,138,VAL,4.2,140.0,0.0,0,0,H,0.2112676056338028,-80.0,-26.3,22.0,15.0,0.5945945945945946,1.9328833785769006,33,19,16,3,0.04196468226055834,1,0,0,0,0,0,0,0,0,-1,0,0,0,0,0
1e2k,B,139,LEU,3.8,166.7,0.0,0,0,H,0.012195121951219513,-73.2,-39.1,17.0,17.0,0.5,2.685758119586289,38,18,8,10,0.04196468226055834,1,0,0,0,0,0,0,0,0,-1,0,0,0,0,0
1e2k,B,140,ALA,1.8,88.6,0.0,0,0,G,0.3113207547169811,-37.9,-52.3,14.0,16.0,0.4666666666666667,2.2631037426875453,29,25,8,17,0.034970568550465285,0,0,0,1,0,0,0,0,0,-1,0,0,0,0,0
1e2k,B,141,PRO,-1.6,112.7,0.0,0,0,G,0.4632352941176471,-61.9,-23.4,11.0,13.0,0.4583333333333333,1.8591158377741175,23,19,6,13,0.02797645484037223,0,0,0,1,0,0,0,0,0,18,24,16,0,5,1
1e2k,B,142,HIS,-3.2,153.2,0.1,2,1,G,0.18478260869565216,-84.6,-12.9,17.0,12.0,0.5862068965517241,2.281563667899534,30,11,2,9,0.03963331102386066,0,0,0,1,0,0,0,0,0,6,534,7,0,41,1
1e2k,B,143,ILE,4.5,166.7,0.0,0,0,E,0.08875739644970414,-87.5,118.3,15.0,18.0,0.45454545454545453,2.8763595974814864,34,26,11,15,0.04429605349725603,0,0,1,0,0,0,0,0,0,6,534,7,0,41,1
1e2k,B,144,GLY,-0.4,60.1,0.0,0,0,E,0.20238095238095238,-95.4,-151.5,13.0,13.0,0.5,2.048577567369964,25,23,9,14,0.032639197313767604,0,0,1,0,0,0,0,0,0,6,534,7,0,41,1
1e2k,B,145,GLY,-0.4,60.1,0.0,0,0,E,0.5,-82.1,169.0,0.0,22.0,0.0,1.890147912300323,22,16,9,7,0.02797645484037223,0,0,1,0,0,0,0,0,0,-1,0,0,0,0,0
1e2k,B,146,GLU,-3.5,138.4,-1.0,1,3,E,0.4948453608247423,-65.6,119.6,11.0,17.0,0.39285714285714285,1.778401177735554,22,18,0,18,0.030307826077069916,0,0,1,0,0,0,0,0,0,35,0,13,0,0,1
1e2k,B,147,ALA,1.8,88.6,0.0,0,0,-,0.46226415094339623,-91.0,360.0,16.0,7.0,0.6956521739130435,1.9774970421028812,23,17,9,8,0.029375277582390842,0,0,0,0,0,0,0,0,0,-1,0,0,0,0,0
1e2k,B,151,HIS,-3.2,153.2,0.1,2,1,-,1.0,360.0,-177.8,9.0,3.0,0.75,1.7535640992060508,10,0,0,0,0.012589404678167503,0,0,0,0,0,0,0,0,0,13,248,4,0,10,1
1e2k,B,152,ALA,1.8,88.6,0.0,0,0,-,0.44339622641509435,-105.6,164.5,13.0,5.0,0.7222222222222222,1.7675487051407608,18,13,2,11,0.02144861537761871,0,0,0,0,0,0,0,0,0,13,248,4,0,10,1
1e2k,B,153,PRO,-1.6,112.7,0.0,0,0,P,0.7205882352941176,-54.3,161.5,7.0,11.0,0.3888888888888889,1.9621539586523975,15,10,0,10,0.01818469564624195,0,0,0,0,0,0,0,0,0,13,248,4,0,10,1
1e2k,B,154,PRO,-1.6,112.7,0.0,0,0,P,0.8455882352941176,-61.0,137.9,2.0,20.0,0.09090909090909091,1.879308805413887,16,4,5,-1,0.02144861537761871,0,0,0,0,0,0,0,0,0,13,248,4,0,10,1
1e2k,B,155,PRO,-1.6,112.7,0.0,0,0,P,0.19852941176470587,-65.0,147.2,21.0,7.0,0.75,2.132089920188121,26,4,10,-6,0.03730193978716297,0,0,0,0,0,0,0,0,0,-1,0,0,0,0,0
1e2k,B,156,ALA,1.8,88.6,0.0,0,0,S,0.42452830188679247,-64.0,-35.5,14.0,15.0,0.4827586206896552,1.8472570619786062,26,3,13,-10,0.03403802005578621,0,0,0,0,0,0,1,0,0,-1,0,0,0,0,0
1e2k,B,157,LEU,3.8,166.7,0.0,0,0,E,0.006097560975609756,-144.8,143.2,18.0,17.0,0.5142857142857142,2.6096856065965417,34,11,16,-5,0.04476232774459557,0,0,1,0,0,0,0,0,0,-1,0,0,0,0,0
1e2k,B,158,THR,-0.7,116.1,0.0,1,1,E,0.13380281690140844,-123.9,128.1,19.0,21.0,0.475,2.750155664959582,34,10,12,-2,0.04429605349725603,0,0,1,0,0,0,0,0,0,-1,0,0,0,0,0
1e2k,B,159,LEU,3.8,166.7,0.0,0,0,E,0.006097560975609756,-115.9,126.0,24.0,20.0,0.5454545454545454,5.889911003999716,38,14,8,6,0.048958795970651406,0,0,1,0,0,0,0,0,0,-1,0,0,0,0,0
1e2k,B,160,ILE,4.5,166.7,0.0,0,0,E,0.011834319526627219,-111.2,120.1,19.0,23.0,0.4523809523809524,4.79937072609131,34,14,11,3,0.05455408693872585,0,0,1,0,0,0,0,0,0,-1,0,0,0,0,0
1e2k,B,161,PHE,2.8,189.9,0.0,0,0,E,0.05583756345177665,-103.2,139.6,18.0,23.0,0.43902439024390244,7.360760339106495,37,28,21,7,0.05129016720734909,0,0,1,0,0,0,0,0,0,-1,0,0,0,0,0
1e2k,B,162,ASP,-3.5,111.1,-1.0,1,3,E,0.018404907975460124,-89.2,93.5,21.0,20.0,0.5121951219512195,3.2280150016231777,34,26,17,9,0.05502036118606539,0,0,1,0,0,0,0,0,0,-1,0,0,0,0,0
1e2k,B,163,ARG,-4.5,173.4,1.0,5,0,-,0.056451612903225805,85.3,154.8,17.0,24.0,0.4146341463414634,3.3967059822167114,40,25,25,0,0.05035761871267001,0,0,0,0,0,0,0,0,0,-1,0,0,0,0,0
1e2k,B,164,HIS,-3.2,153.2,0.1,2,1,-,0.03260869565217391,-105.2,160.6,22.0,22.0,0.5,6.437371994204492,40,19,20,-1,0.048492521723311866,0,0,0,0,0,0,0,0,0,5,222,22,0,49,1
1e2k,B,165,PRO,-1.6,112.7,0.0,0,0,H,0.03676470588235294,-51.9,-30.9,20.0,25.0,0.4444444444444444,5.278635388969201,40,22,15,7,0.04662742473395372,1,0,0,0,0,0,0,0,0,-1,0,0,0,0,0
1e2k,B,166,ILE,4.5,166.7,0.0,0,0,H,0.005917159763313609,-65.8,-14.9,19.0,23.0,0.4523809523809524,6.531277284808237,40,26,9,17,0.04196468226055834,1,0,0,0,0,0,0,0,0,-1,0,0,0,0,0
1e2k,B,167,ALA,1.8,88.6,0.0,0,0,I,0.009433962264150943,-62.9,-47.3,20.0,19.0,0.5128205128205128,2.561647321517337,38,25,11,14,0.05129016720734909,0,0,0,0,1,0,0,0,0,-1,0,0,0,0,0
1e2k,B,168,ALA,1.8,88.6,0.0,0,0,I,0.03773584905660377,-87.7,-18.7,18.0,21.0,0.46153846153846156,2.5269887231593566,39,19,3,16,0.0526889899493677,0,0,0,0,1,0,0,0,0,-1,0,0,0,0,0
1e2k,B,169,LEU,3.8,166.7,0.0,0,0,I,0.054878048780487805,-101.8,-9.0,21.0,20.0,0.5121951219512195,5.714954601729842,34,11,1,10,0.05222271570202816,0,0,0,0,1,0,0,0,0,-1,0,0,0,0,0
1e2k,B,170,LEU,3.8,166.7,0.0,0,0,I,0.0,-136.2,-55.6,22.0,22.0,0.5,7.6417178022470456,39,9,3,6,0.045694876239274644,0,0,0,0,1,0,0,0,0,-1,0,0,0,0,0
1e2k,B,171,CYS,2.5,108.5,0.0,1,0,I,0.0,-70.0,-51.6,19.0,23.0,0.4523809523809524,5.5223029405118185,42,29,6,23,0.048958795970651406,0,0,0,0,1,0,0,0,0,-1,0,0,0,0,0
1e2k,B,172,TYR,-1.3,193.6,0.0,1,1,H,0.12162162162162163,-67.7,-39.4,19.0,25.0,0.4318181818181818,2.234346080438823,38,33,7,26,0.045228601991935104,1,0,0,0,0,0,0,0,0,-1,0,0,0,0,0
1e2k,B,173,PRO,-1.6,112.7,0.0,0,0,H,0.0,-62.1,-43.7,22.0,21.0,0.5116279069767442,4.780634367989472,42,11,0,11,0.053155264196707235,1,0,0,0,0,0,0,0,0,-1,0,0,0,0,0
1e2k,B,174,ALA,1.8,88.6,0.0,0,0,H,0.0,-61.4,-41.3,20.0,22.0,0.47619047619047616,6.017167090235913,37,21,0,21,0.048958795970651406,1,0,0,0,0,0,0,0,0,-1,0,0,0,0,0
1e2k,B,175,ALA,1.8,88.6,0.0,0,0,H,0.0,-65.3,-39.1,22.0,16.0,0.5789473684210527,4.532957552699543,35,28,2,26,0.05129016720734909,1,0,0,0,0,0,0,0,0,-1,0,0,0,0,0
1e2k,B,176,ARG,-4.5,173.4,1.0,5,0,H,0.016129032258064516,-66.6,-31.3,24.0,18.0,0.5714285714285714,3.0889705050421754,39,4,8,-4,0.048958795970651406,1,0,0,0,0,0,0,0,0,-1,0,0,0,0,0
1e2k,B,177,TYR,-1.3,193.6,0.0,1,1,H,0.22522522522522523,-62.4,-45.5,15.0,18.0,0.45454545454545453,2.2818442230837794,32,13,5,8,0.043363505002576956,1,0,0,0,0,0,0,0,0,22,24,14,0,4,1
1e2k,B,178,LEU,3.8,166.7,0.0,0,0,H,0.35365853658536583,-63.1,-29.1,17.0,14.0,0.5483870967741935,2.0108602247306333,30,22,0,22,0.035436842797804825,1,0,0,0,0,0,0,0,0,-1,0,0,0,0,0
1e2k,B,179,MET,1.9,162.9,0.0,0,0,T,0.14893617021276595,-82.8,0.7,26.0,7.0,0.7878787878787878,2.005929225371609,29,14,13,1,0.03870076252918159,0,0,0,0,0,1,0,0,0,-1,0,0,0,0,0
1e2k,B,180,GLY,-0.4,60.1,0.0,0,0,T,0.5119047619047619,85.7,1.0,13.0,18.0,0.41935483870967744,1.7096534197868634,29,10,10,0,0.03170664881908853,0,0,0,0,0,1,0,0,0,10,255,8,0,18,1
1e2k,B,181,SER,-0.8,89.0,0.0,1,1,S,0.0,-107.9,11.2,25.0,14.0,0.6410256410256411,2.919110222960024,37,13,12,1,0.048958795970651406,0,0,0,0,0,0,1,0,0,-1,0,0,0,0,0
1e2k,B,182,MET,1.9,162.9,0.0,0,0,S,0.03723404255319149,-141.1,146.6,23.0,16.0,0.5897435897435898,3.016205570422485,40,10,3,7,0.05129016720734909,0,0,0,0,0,0,1,0,0,22,24,14,0,4,1
1e2k,B,183,THR,-0.7,116.1,0.0,1,1,-,0.38028169014084506,-86.3,157.4,18.0,21.0,0.46153846153846156,2.3133335131323745,34,5,9,-4,0.03730193978716297,0,0,0,0,0,0,0,0,0,22,24,14,0,4,1
1e2k,B,184,PRO,-1.6,112.7,0.0,0,0,H,0.007352941176470588,-66.3,-30.8,14.0,24.0,0.3684210526315789,3.5406154464896344,35,6,9,-3,0.04755997322863279,1,0,0,0,0,0,0,0,0,22,24,14,0,4,1
1e2k,B,185,GLN,-3.5,143.8,0.0,2,2,H,0.1111111111111111,-64.1,-41.0,22.0,24.0,0.4782608695652174,2.164773729763699,33,0,9,-9,0.04616115048661418,1,0,0,0,0,0,0,0,0,22,24,14,0,4,1
1e2k,B,186,ALA,1.8,88.6,0.0,0,0,H,0.07547169811320754,-66.1,-39.8,23.0,23.0,0.5,2.438910806442734,38,2,0,2,0.045228601991935104,1,0,0,0,0,0,0,0,0,-1,0,0,0,0,0
1e2k,B,187,VAL,4.2,140.0,0.0,0,0,H,0.0,-60.2,-43.7,22.0,25.0,0.46808510638297873,5.8386945620182065,39,6,0,6,0.04942507021799094,1,0,0,0,0,0,0,0,0,-1,0,0,0,0,0
1e2k,B,188,LEU,3.8,166.7,0.0,0,0,H,0.0,-66.2,-29.0,20.0,23.0,0.46511627906976744,5.608055976241786,39,0,1,-1,0.04476232774459557,1,0,0,0,0,0,0,0,0,-1,0,0,0,0,0
1e2k,B,189,ALA,1.8,88.6,0.0,0,0,H,0.02830188679245283,-65.1,-43.2,23.0,24.0,0.48936170212765956,3.5578181507164928,39,0,0,0,0.048026247475972325,1,0,0,0,0,0,0,0,0,-1,0,0,0,0,0
1e2k,B,190,PHE,2.8,189.9,0.0,0,0,H,0.005076142131979695,-57.9,-44.1,24.0,23.0,0.5106382978723404,5.571024638835569,35,0,0,0,0.045228601991935104,1,0,0,0,0,0,0,0,0,-1,0,0,0,0,0
1e2k,B,191,VAL,4.2,140.0,0.0,0,0,H,0.0,-58.7,-43.3,25.0,19.0,0.5681818181818182,6.1839549626025265,39,11,4,7,0.048026247475972325,1,0,0,0,0,0,0,0,0,-1,0,0,0,0,0
1e2k,B,192,ALA,1.8,88.6,0.0,0,0,H,0.04716981132075472,-62.8,-23.5,23.0,19.0,0.5476190476190477,3.162569235584415,36,9,12,-3,0.04616115048661418,1,0,0,0,0,0,0,0,0,-1,0,0,0,0,0
1e2k,B,193,LEU,3.8,166.7,0.0,0,0,T,0.0975609756097561,-91.8,-1.8,25.0,23.0,0.5208333333333334,2.473203443747069,27,6,5,1,0.04476232774459557,0,0,0,0,0,1,0,0,0,-1,0,0,0,0,0
1e2k,B,194,ILE,4.5,166.7,0.0,0,0,S,0.01775147928994083,-61.4,132.0,24.0,23.0,0.5106382978723404,3.5851860421865878,31,24,6,18,0.04289723075523742,0,0,0,0,0,0,1,0,0,-1,0,0,0,0,0
1e2k,B,195,PRO,-1.6,112.7,0.0,0,0,P,0.16911764705882354,-65.3,151.7,19.0,20.0,0.48717948717948717,2.358663356169831,27,25,8,17,0.03870076252918159,0,0,0,0,0,0,0,0,0,5,222,22,0,49,1
1e2k,B,196,PRO,-1.6,112.7,0.0,0,0,P,0.4485294117647059,-49.9,138.9,13.0,21.0,0.38235294117647056,1.99900834482234,25,28,8,20,0.028909003335051305,0,0,0,0,0,0,0,0,0,5,222,22,0,49,1
1e2k,B,197,THR,-0.7,116.1,0.0,1,1,-,0.19014084507042253,-76.2,113.4,16.0,13.0,0.5517241379310345,1.91999171805293,28,44,6,38,0.03916703677652112,0,0,0,0,0,0,0,0,0,5,222,22,0,49,1
1e2k,B,198,LEU,3.8,166.7,0.0,0,0,-,0.12195121951219512,-65.8,154.2,23.0,14.0,0.6216216216216216,2.1217807534340727,31,32,12,20,0.03403802005578621,0,0,0,0,0,0,0,0,0,5,222,22,0,49,1
1e2k,B,199,PRO,-1.6,112.7,0.0,0,0,T,0.3897058823529412,-55.2,153.4,15.0,18.0,0.45454545454545453,2.2225851680301347,29,29,10,19,0.03823448828184205,0,0,0,0,0,1,0,0,0,5,222,22,0,49,1
1e2k,B,200,GLY,-0.4,60.1,0.0,0,0,T,0.011904761904761904,67.1,27.2,17.0,14.0,0.5483870967741935,3.000618034038786,32,27,10,17,0.05129016720734909,0,0,0,0,0,1,0,0,0,35,0,13,0,0,1
1e2k,B,201,THR,-0.7,116.1,0.0,1,1,-,0.007042253521126761,-84.3,101.1,16.0,24.0,0.4,3.427506637434348,38,36,7,29,0.05222271570202816,0,0,0,0,0,0,0,0,0,35,0,13,0,0,1
1e2k,B,202,ASN,-3.5,114.1,0.0,2,2,E,0.0,-103.0,122.0,22.0,19.0,0.5365853658536586,5.2393094706120475,35,27,5,22,0.05548663543340492,0,0,1,0,0,0,0,0,0,35,0,13,0,0,1
1e2k,B,203,ILE,4.5,166.7,0.0,0,0,E,0.011834319526627219,-115.2,129.1,22.0,22.0,0.5,6.477057568624019,38,33,8,25,0.05455408693872585,0,0,1,0,0,0,0,0,0,-1,0,0,0,0,0
1e2k,B,204,VAL,4.2,140.0,0.0,0,0,E,0.0,-108.5,114.3,21.0,22.0,0.4883720930232558,6.058379956120237,41,26,13,13,0.04989134446533048,0,0,1,0,0,0,0,0,0,-1,0,0,0,0,0
1e2k,B,205,LEU,3.8,166.7,0.0,0,0,E,0.024390243902439025,-96.6,167.3,19.0,23.0,0.4523809523809524,2.933836944757306,42,13,11,2,0.04942507021799094,0,0,1,0,0,0,0,0,0,-1,0,0,0,0,0
1e2k,B,206,GLY,-0.4,60.1,0.0,0,0,E,0.23809523809523808,-123.2,143.8,23.0,19.0,0.5476190476190477,2.0612718429027415,35,29,18,11,0.04429605349725603,0,0,1,0,0,0,0,0,0,-1,0,0,0,0,0
1e2k,B,207,ALA,1.8,88.6,0.0,0,0,E,0.39622641509433965,-113.8,132.5,10.0,23.0,0.30303030303030304,2.0958255208284475,28,21,20,1,0.034970568550465285,0,0,1,0,0,0,0,0,0,-1,0,0,0,0,0
1e2k,B,208,LEU,3.8,166.7,0.0,0,0,-,0.06707317073170732,-165.0,113.9,22.0,7.0,0.7586206896551724,2.2485533621867186,27,42,36,6,0.04243095650789788,0,0,0,0,0,0,0,0,0,-1,0,0,0,0,0
1e2k,B,209,PRO,-1.6,112.7,0.0,0,0,-,0.3897058823529412,-45.5,143.9,5.0,15.0,0.25,2.1865410243156336,19,32,36,-4,0.030774100324409453,0,0,0,0,0,0,0,0,0,-1,0,0,0,0,0
1e2k,B,210,GLU,-3.5,138.4,-1.0,1,3,H,0.5,-55.0,-42.5,8.0,16.0,0.3333333333333333,1.9279350380279408,18,31,14,17,0.03124037457174899,1,0,0,0,0,0,0,0,0,-1,0,0,0,0,0
1e2k,B,211,ASP,-3.5,111.1,-1.0,1,3,H,0.6073619631901841,-66.4,-40.1,0.0,17.0,0.0,1.6720755091521469,12,31,21,10,0.030307826077069916,1,0,0,0,0,0,0,0,0,-1,0,0,0,0,0
1e2k,B,212,ARG,-4.5,173.4,1.0,5,0,H,0.5766129032258065,-67.7,-36.1,8.0,9.0,0.47058823529411764,1.8627423940844643,17,20,31,-11,0.0363693912924839,1,0,0,0,0,0,0,0,0,-1,0,0,0,0,0
1e2k,B,213,HIS,-3.2,153.2,0.1,2,1,H,0.0,-62.2,-49.1,16.0,11.0,0.5925925925925926,4.003317196133378,31,44,31,13,0.048026247475972325,1,0,0,0,0,0,0,0,0,-1,0,0,0,0,0
1e2k,B,214,ILE,4.5,166.7,0.0,0,0,H,0.3254437869822485,-59.1,-39.3,8.0,15.0,0.34782608695652173,2.2807140282714005,21,36,29,7,0.040565859518539735,1,0,0,0,0,0,0,0,0,-1,0,0,0,0,0
1e2k,B,215,ASP,-3.5,111.1,-1.0,1,3,H,0.7730061349693251,-57.8,-46.5,6.0,12.0,0.3333333333333333,1.706813884477454,16,38,15,23,0.030307826077069916,1,0,0,0,0,0,0,0,0,-1,0,0,0,0,0
1e2k,B,216,ARG,-4.5,173.4,1.0,5,0,H,0.3588709677419355,-61.2,-48.6,12.0,8.0,0.6,2.0373653058956864,24,34,16,18,0.03357174580844668,1,0,0,0,0,0,0,0,0,-1,0,0,0,0,0
1e2k,B,217,LEU,3.8,166.7,0.0,0,0,H,0.09146341463414634,-54.3,-35.2,16.0,6.0,0.7272727272727273,2.432155644500132,25,61,25,36,0.03963331102386066,1,0,0,0,0,0,0,0,0,1,2239,7,0,177,1
1e2k,B,218,ALA,1.8,88.6,0.0,0,0,T,0.7830188679245284,-67.4,72.6,4.0,12.0,0.25,1.980460603865609,16,38,11,27,0.027043906345693154,0,0,0,0,0,1,0,0,0,-1,0,0,0,0,0
1e2k,B,219,LYS,-3.9,168.6,1.0,2,0,T,0.7317073170731707,-117.6,-39.1,7.0,4.0,0.6363636363636364,1.881611974085869,12,26,9,17,0.019117244140921023,0,0,0,0,0,1,0,0,0,-1,0,0,0,0,0
1e2k,B,220,ARG,-4.5,173.4,1.0,5,0,-,0.5645161290322581,-129.5,360.0,4.0,6.0,0.4,1.806817693315763,13,22,12,10,0.018650969893581486,0,0,0,0,0,0,0,0,0,1,2239,7,0,177,1
1e2k,B,225,GLU,-3.5,138.4,-1.0,1,3,-,0.4639175257731959,360.0,-178.6,11.0,12.0,0.4782608695652174,1.7084490381742397,22,39,8,31,0.02844272908771177,0,0,0,0,0,0,0,0,0,1,2239,7,0,177,1
1e2k,B,226,ARG,-4.5,173.4,1.0,5,0,-,0.5161290322580645,-135.8,150.1,12.0,8.0,0.6,2.022865513497049,19,25,20,5,0.027510180593032695,0,0,0,0,0,0,0,0,0,1,2239,7,0,177,1
1e2k,B,227,LEU,3.8,166.7,0.0,0,0,-,0.6097560975609756,-76.0,81.9,7.0,14.0,0.3333333333333333,1.9136364319555,18,33,19,14,0.03124037457174899,0,0,0,0,0,0,0,0,0,1,2239,7,0,177,1
1e2k,B,228,ASP,-3.5,111.1,-1.0,1,3,-,0.22085889570552147,-98.5,99.7,17.0,7.0,0.7083333333333334,2.0315847617786287,22,31,12,19,0.03403802005578621,0,0,0,0,0,0,0,0,0,1,2239,7,0,177,1
1e2k,B,229,LEU,3.8,166.7,0.0,0,0,H,0.5365853658536586,-66.1,-34.9,5.0,15.0,0.25,1.8583489870671424,21,19,18,1,0.02797645484037223,1,0,0,0,0,0,0,0,0,1,2239,7,0,177,1
1e2k,B,230,ALA,1.8,88.6,0.0,0,0,H,0.5283018867924528,-64.4,-41.3,7.0,14.0,0.3333333333333333,1.8444548797628897,23,19,16,3,0.02611135785101408,1,0,0,0,0,0,0,0,0,-1,0,0,0,0,0
1e2k,B,231,MET,1.9,162.9,0.0,0,0,H,0.005319148936170213,-66.9,-39.5,18.0,15.0,0.5454545454545454,3.4909285035096476,35,38,16,22,0.04243095650789788,1,0,0,0,0,0,0,0,0,-1,0,0,0,0,0
1e2k,B,232,LEU,3.8,166.7,0.0,0,0,H,0.024390243902439025,-61.5,-41.4,16.0,17.0,0.48484848484848486,2.6884138352034257,34,40,22,18,0.04616115048661418,1,0,0,0,0,0,0,0,0,-1,0,0,0,0,0
1e2k,B,233,ALA,1.8,88.6,0.0,0,0,H,0.39622641509433965,-64.4,-43.4,5.0,20.0,0.2,1.7675824446632866,22,33,17,16,0.03450429430312575,1,0,0,0,0,0,0,0,0,-1,0,0,0,0,0
1e2k,B,234,ALA,1.8,88.6,0.0,0,0,H,0.07547169811320754,-61.2,-45.4,15.0,13.0,0.5357142857142857,2.3938426303416285,29,38,8,30,0.04149840801321881,1,0,0,0,0,0,0,0,0,-1,0,0,0,0,0
1e2k,B,235,ILE,4.5,166.7,0.0,0,0,H,0.0,-72.4,-31.9,18.0,17.0,0.5142857142857142,4.548551788685955,41,49,6,43,0.053621538444046775,1,0,0,0,0,0,0,0,0,-1,0,0,0,0,0
1e2k,B,236,ARG,-4.5,173.4,1.0,5,0,H,0.2540322580645161,-67.5,-41.5,13.0,21.0,0.38235294117647056,1.9481831539928272,30,28,11,17,0.04103213376587927,1,0,0,0,0,0,0,0,0,-1,0,0,0,0,0
1e2k,B,237,ARG,-4.5,173.4,1.0,5,0,H,0.3790322580645161,-62.3,-44.9,16.0,18.0,0.47058823529411764,1.885179346592003,29,8,7,1,0.03357174580844668,1,0,0,0,0,0,0,0,0,-1,0,0,0,0,0
1e2k,B,238,VAL,4.2,140.0,0.0,0,0,H,0.0,-63.2,-40.7,21.0,16.0,0.5675675675675675,4.72903062532472,39,20,3,17,0.04755997322863279,1,0,0,0,0,0,0,0,0,-1,0,0,0,0,0
1e2k,B,239,TYR,-1.3,193.6,0.0,1,1,H,0.04054054054054054,-70.9,-27.1,19.0,21.0,0.475,3.3058815954403395,45,38,8,30,0.04476232774459557,1,0,0,0,0,0,0,0,0,-1,0,0,0,0,0
1e2k,B,240,GLY,-0.4,60.1,0.0,0,0,H,0.19047619047619047,-63.0,-53.4,11.0,22.0,0.3333333333333333,1.8947204394738595,32,22,7,15,0.03870076252918159,1,0,0,0,0,0,0,0,0,-1,0,0,0,0,0
1e2k,B,241,LEU,3.8,166.7,0.0,0,0,H,0.08536585365853659,-56.2,-48.9,18.0,17.0,0.5142857142857142,2.733960764510413,36,19,8,11,0.04662742473395372,1,0,0,0,0,0,0,0,0,-1,0,0,0,0,0
1e2k,B,242,LEU,3.8,166.7,0.0,0,0,H,0.024390243902439025,-56.5,-45.0,25.0,25.0,0.5,4.902316815003571,42,12,8,4,0.04709369898129325,1,0,0,0,0,0,0,0,0,-1,0,0,0,0,0
1e2k,B,243,ALA,1.8,88.6,0.0,0,0,H,0.018867924528301886,-61.9,-40.5,21.0,20.0,0.5121951219512195,3.2814779553901516,37,13,4,9,0.04662742473395372,1,0,0,0,0,0,0,0,0,-1,0,0,0,0,0
1e2k,B,244,ASN,-3.5,114.1,0.0,2,2,H,0.16560509554140126,-66.3,-34.1,15.0,23.0,0.39473684210526316,2.706494479868325,36,23,8,15,0.05222271570202816,1,0,0,0,0,0,0,0,0,-1,0,0,0,0,0
1e2k,B,245,THR,-0.7,116.1,0.0,1,1,H,0.0,-67.1,-42.8,20.0,23.0,0.46511627906976744,6.1697713081941945,43,24,5,19,0.05408781269138631,1,0,0,0,0,0,0,0,0,-1,0,0,0,0,0
1e2k,B,246,VAL,4.2,140.0,0.0,0,0,H,0.0,-61.1,-42.1,20.0,26.0,0.43478260869565216,4.554214351476096,43,33,1,32,0.04989134446533048,1,0,0,0,0,0,0,0,0,-1,0,0,0,0,0
1e2k,B,247,ARG,-4.5,173.4,1.0,5,0,H,0.24596774193548387,-66.8,-44.0,19.0,18.0,0.5135135135135135,2.928375888155515,27,12,0,12,0.05129016720734909,1,0,0,0,0,0,0,0,0,11,321,5,0,18,1
1e2k,B,248,TYR,-1.3,193.6,0.0,1,1,H,0.0,-52.3,-49.9,20.0,15.0,0.5714285714285714,4.056613137837934,34,32,20,12,0.04942507021799094,1,0,0,0,0,0,0,0,0,-1,0,0,0,0,0
1e2k,B,249,LEU,3.8,166.7,0.0,0,0,H,0.12195121951219512,-66.3,-36.8,20.0,16.0,0.5555555555555556,2.3986026945767205,33,37,2,35,0.04429605349725603,1,0,0,0,0,0,0,0,0,-1,0,0,0,0,0
1e2k,B,250,GLN,-3.5,143.8,0.0,2,2,H,0.37373737373737376,-74.2,-22.0,18.0,10.0,0.6428571428571429,1.8329185450132128,28,37,0,37,0.03357174580844668,1,0,0,0,0,0,0,0,0,-1,0,0,0,0,0
1e2k,B,251,CYS,2.5,108.5,0.0,1,0,T,0.3851851851851852,-88.1,4.4,16.0,6.0,0.7272727272727273,1.8414109087124721,21,26,1,25,0.030307826077069916,0,0,0,0,0,1,0,0,0,-1,0,0,0,0,0
1e2k,B,252,GLY,-0.4,60.1,0.0,0,0,T,0.7023809523809523,91.6,14.4,1.0,21.0,0.045454545454545456,1.7096747422581147,19,27,10,17,0.025645083603674543,0,0,0,0,0,1,0,0,0,-1,0,0,0,0,0
1e2k,B,253,GLY,-0.4,60.1,0.0,0,0,-,0.14285714285714285,-63.2,134.9,24.0,4.0,0.8571428571428571,1.837172600707627,24,35,16,19,0.03776821403450251,0,0,0,0,0,0,0,0,0,-1,0,0,0,0,0
1e2k,B,254,SER,-0.8,89.0,0.0,1,1,-,0.36153846153846153,-119.5,108.2,2.0,26.0,0.07142857142857142,2.065809123498758,23,17,20,-3,0.03683566553982344,0,0,0,0,0,0,0,0,0,-1,0,0,0,0,0
1e2k,B,255,TRP,-0.9,227.8,0.0,1,0,H,0.06167400881057269,-60.0,-33.0,20.0,15.0,0.5714285714285714,2.44721105365392,29,13,25,-12,0.04429605349725603,1,0,0,0,0,0,0,0,0,-1,0,0,0,0,0
1e2k,B,256,ARG,-4.5,173.4,1.0,5,0,H,0.4717741935483871,-64.5,-36.4,7.0,16.0,0.30434782608695654,1.806898999790198,22,0,29,-29,0.03450429430312575,1,0,0,0,0,0,0,0,0,-1,0,0,0,0,0
1e2k,B,257,GLU,-3.5,138.4,-1.0,1,3,H,0.7319587628865979,-72.8,-32.9,4.0,9.0,0.3076923076923077,1.7420071521800329,12,13,8,5,0.026577632098353617,1,0,0,0,0,0,0,0,0,19,108,3,0,5,1
1e2k,B,258,ASP,-3.5,111.1,-1.0,1,3,H,0.04294478527607362,-101.1,0.6,15.0,6.0,0.7142857142857143,2.1433871628233585,19,23,9,14,0.03916703677652112,1,0,0,0,0,0,0,0,0,19,108,3,0,5,1
1e2k,B,259,TRP,-0.9,227.8,0.0,1,0,G,0.13215859030837004,-49.6,-38.4,10.0,16.0,0.38461538461538464,2.223387939360404,31,22,21,1,0.03963331102386066,0,0,0,1,0,0,0,0,0,19,108,3,0,5,1
1e2k,B,260,GLY,-0.4,60.1,0.0,0,0,G,0.7976190476190477,-66.8,-16.1,2.0,17.0,0.10526315789473684,1.7096735962544387,18,16,19,-3,0.02797645484037223,0,0,0,1,0,0,0,0,0,19,108,3,0,5,1
1e2k,B,261,GLN,-3.5,143.8,0.0,2,2,G,0.5050505050505051,-80.8,-5.6,11.0,8.0,0.5789473684210527,1.7809125776409103,21,22,17,5,0.02844272908771177,0,0,0,1,0,0,0,0,0,19,108,3,0,5,1
1e2k,B,262,LEU,3.8,166.7,0.0,0,0,-,0.07317073170731707,-74.5,-52.6,18.0,7.0,0.72,2.260776643835835,23,20,16,4,0.03870076252918159,0,0,0,0,0,0,0,0,0,20,147,2,0,4,1
1e2k,B,263,SER,-0.8,89.0,0.0,1,1,-,0.7923076923076923,-16.5,99.7,3.0,15.0,0.16666666666666666,1.781612170224049,15,14,2,12,0.019117244140921023,0,0,0,0,0,0,0,0,0,-1,0,0,0,0,0
1e2k,B,264,GLY,-0.4,60.1,0.0,0,0,S,0.5119047619047619,169.1,-140.6,10.0,5.0,0.6666666666666666,1.709540084967399,14,15,0,15,0.01678587290422334,0,0,0,0,0,0,1,0,0,20,147,2,0,4,1
1e2k,B,265,THR,-0.7,116.1,0.0,1,1,-,0.9647887323943662,-143.7,-157.0,1.0,13.0,0.07142857142857142,1.7767199992663245,13,13,1,12,0.01818469564624195,0,0,0,0,0,0,0,0,0,20,147,2,0,4,1
1e2k,B,266,ALA,1.8,88.6,0.0,0,0,-,0.6320754716981132,-101.8,117.6,8.0,8.0,0.5,1.7675565249709266,14,8,7,1,0.015853324409544265,0,0,0,0,0,0,0,0,0,20,147,2,0,4,1
1e2k,B,267,VAL,4.2,140.0,0.0,0,0,-,1.0,-105.3,360.0,5.0,5.0,0.5,1.8338451245895253,9,10,7,3,0.011190581936148893,0,0,0,0,0,0,0,0,0,20,147,2,0,4,1
1e2k,B,274,PRO,-1.6,112.7,0.0,0,0,-,0.7573529411764706,360.0,154.7,25.0,8.0,0.7575757575757576,1.852883995414685,28,12,7,5,0.025645083603674543,0,0,0,0,0,0,0,0,0,-1,0,0,0,0,0
1e2k,B,275,GLN,-3.5,143.8,0.0,2,2,-,0.5303030303030303,-136.5,119.7,6.0,24.0,0.2,1.8147295676857398,22,15,0,15,0.03403802005578621,0,0,0,0,0,0,0,0,0,11,321,5,0,18,1
1e2k,B,276,SER,-0.8,89.0,0.0,1,1,S,0.0,-89.9,-13.8,20.0,16.0,0.5555555555555556,2.5493048632125803,31,17,0,17,0.04709369898129325,0,0,0,0,0,0,1,0,0,11,321,5,0,18,1
1e2k,B,277,ASN,-3.5,114.1,0.0,2,2,S,0.5159235668789809,-146.0,27.0,13.0,19.0,0.40625,1.8468902401871852,23,18,0,18,0.03683566553982344,0,0,0,0,0,0,1,0,0,11,321,5,0,18,1
1e2k,B,278,ALA,1.8,88.6,0.0,0,0,S,0.330188679245283,-156.6,170.4,4.0,15.0,0.21052631578947367,2.055543067226316,18,16,0,16,0.022381163872297785,0,0,0,0,0,0,1,0,0,11,321,5,0,18,1
1e2k,B,279,GLY,-0.4,60.1,0.0,0,0,S,0.35714285714285715,89.3,170.3,12.0,4.0,0.75,1.7095848554511708,15,18,0,18,0.021914889624958248,0,0,0,0,0,0,1,0,0,11,321,5,0,18,1
1e2k,B,280,PRO,-1.6,112.7,0.0,0,0,S,0.7941176470588235,-77.8,177.3,2.0,17.0,0.10526315789473684,1.9035532848119925,13,24,0,24,0.02098234113027917,0,0,0,0,0,0,1,0,0,11,321,5,0,18,1
1e2k,B,281,ARG,-4.5,173.4,1.0,5,0,P,0.4475806451612903,-75.0,131.4,9.0,16.0,0.36,1.8735839647922987,24,21,10,11,0.032172923066428064,0,0,0,0,0,0,0,0,0,-1,0,0,0,0,0
1e2k,B,282,PRO,-1.6,112.7,0.0,0,0,P,0.14705882352941177,-72.0,156.3,25.0,8.0,0.7575757575757576,1.944469167020753,31,32,12,20,0.040565859518539735,0,0,0,0,0,0,0,0,0,-1,0,0,0,0,0
1e2k,B,283,HIS,-3.2,153.2,0.1,2,1,P,0.483695652173913,-73.6,145.5,7.0,24.0,0.22580645161290322,2.058538729142202,21,11,16,-5,0.035436842797804825,0,0,0,0,0,0,0,0,0,19,108,3,0,5,1
1e2k,B,284,ILE,4.5,166.7,0.0,0,0,G,0.0,-56.3,-26.4,18.0,18.0,0.5,4.0243956388318445,30,27,21,6,0.05408781269138631,0,0,0,1,0,0,0,0,0,19,108,3,0,5,1
1e2k,B,285,GLY,-0.4,60.1,0.0,0,0,G,0.25,-64.3,-18.5,9.0,21.0,0.3,1.9314501761954264,27,25,14,11,0.03683566553982344,0,0,0,1,0,0,0,0,0,-1,0,0,0,0,0
1e2k,B,286,ASP,-3.5,111.1,-1.0,1,3,G,0.4601226993865031,-105.1,20.7,12.0,20.0,0.375,1.9565860756854883,27,21,0,21,0.03683566553982344,0,0,0,1,0,0,0,0,0,-1,0,0,0,0,0
1e2k,B,287,THR,-0.7,116.1,0.0,1,1,S,0.0,-120.4,176.0,23.0,17.0,0.575,4.852388305123112,32,25,11,14,0.053621538444046775,0,0,0,0,0,0,1,0,0,-1,0,0,0,0,0
1e2k,B,288,LEU,3.8,166.7,0.0,0,0,G,0.0,-65.7,-25.3,20.0,20.0,0.5,6.225199276204447,38,12,5,7,0.04989134446533048,0,0,0,1,0,0,0,0,0,-1,0,0,0,0,0
1e2k,B,289,PHE,2.8,189.9,0.0,0,0,G,0.0,-60.0,-18.9,28.0,16.0,0.6363636363636364,4.846735505977552,40,14,17,-3,0.05175644145468863,0,0,0,1,0,0,0,0,0,-1,0,0,0,0,0
1e2k,B,290,THR,-0.7,116.1,0.0,1,1,G,0.15492957746478872,-70.9,-31.2,21.0,13.0,0.6176470588235294,2.384302620411471,29,25,9,16,0.045228601991935104,0,0,0,1,0,0,0,0,0,-1,0,0,0,0,0
1e2k,B,291,LEU,3.8,166.7,0.0,0,0,G,0.04878048780487805,-71.0,-17.8,22.0,17.0,0.5641025641025641,2.348768392567885,35,19,4,15,0.03730193978716297,0,0,0,1,0,0,0,0,0,22,24,14,0,4,1
1e2k,B,292,PHE,2.8,189.9,0.0,0,0,G,0.005076142131979695,-100.5,32.3,22.0,14.0,0.6111111111111112,4.651020686147579,36,9,8,1,0.04243095650789788,0,0,0,1,0,0,0,0,0,-1,0,0,0,0,0
1e2k,B,293,ARG,-4.5,173.4,1.0,5,0,-,0.33064516129032256,-100.9,24.2,14.0,16.0,0.4666666666666667,1.8068449222939884,27,1,11,-10,0.040099585271200194,0,0,0,0,0,0,0,0,0,-1,0,0,0,0,0
1e2k,B,294,ALA,1.8,88.6,0.0,0,0,-,0.05660377358490566,-67.2,140.8,13.0,13.0,0.5,2.2536716793383493,23,11,12,-1,0.03403802005578621,0,0,0,0,0,0,0,0,0,22,24,14,0,4,1
1e2k,B,295,PRO,-1.6,112.7,0.0,0,0,G,0.7647058823529411,-54.3,-36.5,0.0,18.0,0.0,1.8754631961127246,19,11,11,0,0.022381163872297785,0,0,0,1,0,0,0,0,0,22,24,14,0,4,1
1e2k,B,296,GLU,-3.5,138.4,-1.0,1,3,G,0.4484536082474227,-53.2,-35.1,13.0,11.0,0.5416666666666666,1.7298230651306998,22,5,0,5,0.03170664881908853,0,0,0,1,0,0,0,0,0,22,24,14,0,4,1
1e2k,B,297,LEU,3.8,166.7,0.0,0,0,G,0.0,-94.1,2.0,19.0,13.0,0.59375,4.167693873388107,33,8,17,-9,0.048958795970651406,0,0,0,1,0,0,0,0,0,22,24,14,0,4,1
1e2k,B,298,LEU,3.8,166.7,0.0,0,0,B,0.3048780487804878,-105.6,132.9,8.0,13.0,0.38095238095238093,2.1319326404070966,21,10,18,-8,0.04289723075523742,0,1,0,0,0,0,0,0,0,17,162,3,0,5,1
1e2k,B,299,ALA,1.8,88.6,0.0,0,0,-,0.16981132075471697,-79.1,168.9,9.0,10.0,0.47368421052631576,1.969986073699895,16,0,17,-17,0.032172923066428064,0,0,0,0,0,0,0,0,0,17,162,3,0,5,1
1e2k,B,300,PRO,-1.6,112.7,0.0,0,0,T,0.9852941176470589,-60.9,-3.9,0.0,10.0,0.0,1.8337812282841217,12,0,9,-9,0.018650969893581486,0,0,0,0,0,1,0,0,0,17,162,3,0,5,1
1e2k,B,301,ASN,-3.5,114.1,0.0,2,2,T,0.7133757961783439,-103.8,-6.8,3.0,6.0,0.3333333333333333,1.7221258266485227,11,0,9,-9,0.017718421398902413,0,0,0,0,0,1,0,0,0,17,162,3,0,5,1
1e2k,B,302,GLY,-0.4,60.1,0.0,0,0,S,0.44047619047619047,93.8,-17.3,3.0,13.0,0.1875,1.709789546098405,16,9,9,0,0.022847438119637322,0,0,0,0,0,0,1,0,0,17,162,3,0,5,1
1e2k,B,303,ASP,-3.5,111.1,-1.0,1,3,S,0.5766871165644172,-94.8,168.6,6.0,16.0,0.2727272727272727,1.688016910433941,20,10,1,9,0.028909003335051305,0,0,0,0,0,0,1,0,0,17,162,3,0,5,1
1e2k,B,304,LEU,3.8,166.7,0.0,0,0,B,0.0975609756097561,-60.9,148.5,14.0,13.0,0.5185185185185185,2.221038342284596,29,16,18,-2,0.04709369898129325,0,1,0,0,0,0,0,0,0,-1,0,0,0,0,0
1e2k,B,305,TYR,-1.3,193.6,0.0,1,1,P,0.2072072072072072,-63.0,152.0,20.0,12.0,0.625,2.2582753164016145,29,2,21,-19,0.04289723075523742,0,0,0,0,0,0,0,0,0,-1,0,0,0,0,0
1e2k,B,306,ASN,-3.5,114.1,0.0,2,2,H,0.36942675159235666,-60.8,-36.6,13.0,18.0,0.41935483870967744,2.3374599530191627,31,18,26,-8,0.040565859518539735,1,0,0,0,0,0,0,0,0,-1,0,0,0,0,0
1e2k,B,307,VAL,4.2,140.0,0.0,0,0,H,0.0,-57.5,-37.8,24.0,21.0,0.5333333333333333,5.955482868701331,39,3,14,-11,0.05129016720734909,1,0,0,0,0,0,0,0,0,-1,0,0,0,0,0
1e2k,B,308,PHE,2.8,189.9,0.0,0,0,H,0.0,-81.7,-31.8,19.0,23.0,0.4523809523809524,4.914766365892141,37,3,14,-11,0.050823892960009553,1,0,0,0,0,0,0,0,0,-1,0,0,0,0,0
1e2k,B,309,ALA,1.8,88.6,0.0,0,0,H,0.03773584905660377,-62.3,-40.7,12.0,22.0,0.35294117647058826,3.573226758465006,30,10,15,-5,0.04709369898129325,1,0,0,0,0,0,0,0,0,-1,0,0,0,0,0
1e2k,B,310,TRP,-0.9,227.8,0.0,1,0,H,0.09251101321585903,-63.6,-39.4,19.0,15.0,0.5588235294117647,3.0807062639551015,32,6,21,-15,0.045228601991935104,1,0,0,0,0,0,0,0,0,-1,0,0,0,0,0
1e2k,B,311,ALA,1.8,88.6,0.0,0,0,H,0.0,-60.4,-39.5,22.0,17.0,0.5641025641025641,5.614244741737339,39,14,8,6,0.053621538444046775,1,0,0,0,0,0,0,0,0,-1,0,0,0,0,0
1e2k,B,312,LEU,3.8,166.7,0.0,0,0,H,0.0,-66.4,-34.4,19.0,24.0,0.4418604651162791,4.874825345488842,43,14,8,6,0.04942507021799094,1,0,0,0,0,0,0,0,0,-1,0,0,0,0,0
1e2k,B,313,ASP,-3.5,111.1,-1.0,1,3,H,0.26380368098159507,-60.4,-38.7,10.0,19.0,0.3448275862068966,1.8384809482559272,31,31,0,31,0.04149840801321881,1,0,0,0,0,0,0,0,0,-1,0,0,0,0,0
1e2k,B,314,VAL,4.2,140.0,0.0,0,0,H,0.028169014084507043,-67.1,-42.5,23.0,13.0,0.6388888888888888,2.337495166663232,39,29,11,18,0.04662742473395372,1,0,0,0,0,0,0,0,0,-1,0,0,0,0,0
1e2k,B,315,LEU,3.8,166.7,0.0,0,0,H,0.0,-57.6,-44.8,22.0,20.0,0.5238095238095238,6.019968478237114,37,26,8,18,0.045228601991935104,1,0,0,0,0,0,0,0,0,-1,0,0,0,0,0
1e2k,B,316,ALA,1.8,88.6,0.0,0,0,H,0.10377358490566038,-60.9,-48.4,15.0,20.0,0.42857142857142855,2.806846310229266,30,34,8,26,0.045228601991935104,1,0,0,0,0,0,0,0,0,-1,0,0,0,0,0
1e2k,B,317,LYS,-3.9,168.6,1.0,2,0,H,0.35609756097560974,-57.6,-48.2,14.0,17.0,0.45161290322580644,1.9555926038935003,24,22,8,14,0.035436842797804825,1,0,0,0,0,0,0,0,0,34,1,15,0,0,1
1e2k,B,318,ARG,-4.5,173.4,1.0,5,0,H,0.10080645161290322,-63.4,-43.3,18.0,15.0,0.5454545454545454,2.3945933660254277,32,23,7,16,0.045694876239274644,1,0,0,0,0,0,0,0,0,34,1,15,0,0,1
1e2k,B,319,LEU,3.8,166.7,0.0,0,0,H,0.0,-81.5,-27.3,23.0,17.0,0.575,5.838975070243886,38,40,2,38,0.045228601991935104,1,0,0,0,0,0,0,0,0,-1,0,0,0,0,0
1e2k,B,320,ARG,-4.5,173.4,1.0,5,0,H,0.4959677419354839,-60.0,-31.3,14.0,20.0,0.4117647058823529,2.083590756947035,22,22,3,19,0.03963331102386066,1,0,0,0,0,0,0,0,0,34,1,15,0,0,1
1e2k,B,321,SER,-0.8,89.0,0.0,1,1,T,0.4307692307692308,-91.9,0.7,11.0,18.0,0.3793103448275862,1.8645586236398148,26,42,4,38,0.03730193978716297,0,0,0,0,0,1,0,0,0,35,0,13,0,0,1
1e2k,B,322,MET,1.9,162.9,0.0,0,0,-,0.005319148936170213,-78.7,155.2,23.0,13.0,0.6388888888888888,3.75980108720605,36,39,2,37,0.043829779249916496,0,0,0,0,0,0,0,0,0,35,0,13,0,0,1
1e2k,B,323,HIS,-3.2,153.2,0.1,2,1,E,0.25,-105.0,98.4,16.0,21.0,0.43243243243243246,2.152204165277797,29,12,5,7,0.045228601991935104,0,0,1,0,0,0,0,0,0,35,0,13,0,0,1
1e2k,B,324,VAL,4.2,140.0,0.0,0,0,E,0.028169014084507043,-106.9,134.3,25.0,16.0,0.6097560975609756,2.6521507291857915,35,22,3,19,0.04662742473395372,0,0,1,0,0,0,0,0,0,-1,0,0,0,0,0
1e2k,B,325,PHE,2.8,189.9,0.0,0,0,E,0.1065989847715736,-126.1,147.2,19.0,19.0,0.5,2.4383836827584378,34,11,2,9,0.040565859518539735,0,0,1,0,0,0,0,0,0,-1,0,0,0,0,0
1e2k,B,326,ILE,4.5,166.7,0.0,0,0,E,0.2958579881656805,-112.7,125.8,16.0,21.0,0.43243243243243246,1.9386417719742712,29,2,11,-9,0.03823448828184205,0,0,1,0,0,0,0,0,0,-1,0,0,0,0,0
1e2k,B,327,LEU,3.8,166.7,0.0,0,0,E,0.006097560975609756,-102.7,116.2,25.0,12.0,0.6756756756756757,2.791749901684575,37,11,21,-10,0.040565859518539735,0,0,1,0,0,0,0,0,0,-1,0,0,0,0,0
1e2k,B,328,ASP,-3.5,111.1,-1.0,1,3,E,0.49079754601226994,-69.7,113.2,7.0,23.0,0.23333333333333334,2.070025670353844,22,1,9,-8,0.0363693912924839,0,0,1,0,0,0,0,0,0,-1,0,0,0,0,0
1e2k,B,329,TYR,-1.3,193.6,0.0,1,1,-,0.03153153153153153,-89.9,-0.6,23.0,14.0,0.6216216216216216,3.205912565506306,37,30,20,10,0.045694876239274644,0,0,0,0,0,0,0,0,0,-1,0,0,0,0,0
1e2k,B,330,ASP,-3.5,111.1,-1.0,1,3,S,0.3987730061349693,-77.9,62.8,8.0,19.0,0.2962962962962963,1.7976974721345274,18,19,12,7,0.03357174580844668,0,0,0,0,0,0,1,0,0,-1,0,0,0,0,0
1e2k,B,331,GLN,-3.5,143.8,0.0,2,2,S,0.41919191919191917,-164.6,169.6,13.0,9.0,0.5909090909090909,1.7767896848652311,21,10,24,-14,0.02611135785101408,0,0,0,0,0,0,1,0,0,-1,0,0,0,0,0
1e2k,B,332,SER,-0.8,89.0,0.0,1,1,-,0.5384615384615384,-65.3,163.1,3.0,13.0,0.1875,1.9327059231420567,17,14,18,-4,0.02144861537761871,0,0,0,0,0,0,0,0,0,-1,0,0,0,0,0
1e2k,B,333,PRO,-1.6,112.7,0.0,0,0,H,0.5367647058823529,-53.7,-43.5,7.0,15.0,0.3181818181818182,2.1636956778024468,23,20,13,7,0.032639197313767604,1,0,0,0,0,0,0,0,0,0,3604,6,0,259,1
1e2k,B,334,ALA,1.8,88.6,0.0,0,0,H,0.4056603773584906,-67.9,-32.1,1.0,20.0,0.047619047619047616,1.9756558518901568,21,11,9,2,0.030774100324409453,1,0,0,0,0,0,0,0,0,0,3604,6,0,259,1
1e2k,B,335,GLY,-0.4,60.1,0.0,0,0,H,0.08333333333333333,-62.1,-46.3,7.0,13.0,0.35,1.8202505836668634,22,11,21,-10,0.03170664881908853,1,0,0,0,0,0,0,0,0,0,3604,6,0,259,1
1e2k,B,336,CYS,2.5,108.5,0.0,1,0,H,0.037037037037037035,-61.2,-43.3,22.0,10.0,0.6875,3.3656980177478495,32,18,21,-3,0.050823892960009553,1,0,0,0,0,0,0,0,0,0,3604,6,0,259,1
1e2k,B,337,ARG,-4.5,173.4,1.0,5,0,H,0.2620967741935484,-54.5,-55.0,11.0,19.0,0.36666666666666664,2.811695582981604,22,0,8,-8,0.048492521723311866,1,0,0,0,0,0,0,0,0,0,3604,6,0,259,1
1e2k,B,338,ASP,-3.5,111.1,-1.0,1,3,H,0.5398773006134969,-57.0,-61.0,4.0,20.0,0.16666666666666666,1.8194457507430064,19,11,1,10,0.03450429430312575,1,0,0,0,0,0,0,0,0,0,3604,6,0,259,1
1e2k,B,339,ALA,1.8,88.6,0.0,0,0,H,0.2358490566037736,-42.8,-45.6,15.0,11.0,0.5769230769230769,2.0950718660032805,24,10,16,-6,0.03730193978716297,1,0,0,0,0,0,0,0,0,0,3604,6,0,259,1
1e2k,B,340,LEU,3.8,166.7,0.0,0,0,H,0.006097560975609756,-66.0,-40.7,25.0,13.0,0.6578947368421053,5.036510522334604,40,12,13,-1,0.04429605349725603,1,0,0,0,0,0,0,0,0,0,3604,6,0,259,1
1e2k,B,341,LEU,3.8,166.7,0.0,0,0,H,0.4817073170731707,-59.1,-38.9,13.0,15.0,0.4642857142857143,2.123951456151395,26,11,8,3,0.03683566553982344,1,0,0,0,0,0,0,0,0,-1,0,0,0,0,0
1e2k,B,342,GLN,-3.5,143.8,0.0,2,2,H,0.6868686868686869,-66.4,-42.1,8.0,9.0,0.47058823529411764,1.816474214447352,16,3,8,-5,0.028909003335051305,1,0,0,0,0,0,0,0,0,-1,0,0,0,0,0
1e2k,B,343,LEU,3.8,166.7,0.0,0,0,H,0.23170731707317074,-62.3,-34.2,18.0,7.0,0.72,2.183381198332092,28,4,6,-2,0.03730193978716297,1,0,0,0,0,0,0,0,0,-1,0,0,0,0,0
1e2k,B,344,THR,-0.7,116.1,0.0,1,1,G,0.19718309859154928,-60.6,-14.1,18.0,16.0,0.5294117647058824,2.377122162070858,29,9,3,6,0.03963331102386066,0,0,0,1,0,0,0,0,0,-1,0,0,0,0,0
1e2k,B,345,SER,-0.8,89.0,0.0,1,1,G,0.6846153846153846,-80.2,-22.2,5.0,16.0,0.23809523809523808,1.8292553155791114,20,10,1,9,0.02797645484037223,0,0,0,1,0,0,0,0,0,13,248,4,0,10,1
1e2k,B,346,GLY,-0.4,60.1,0.0,0,0,G,0.47619047619047616,-98.0,19.8,9.0,13.0,0.4090909090909091,1.7096623125825723,21,19,0,19,0.027510180593032695,0,0,0,1,0,0,0,0,0,-1,0,0,0,0,0
1e2k,B,347,MET,1.9,162.9,0.0,0,0,P,0.05851063829787234,-95.7,150.0,25.0,9.0,0.7352941176470589,2.7501433679974387,32,21,2,19,0.040099585271200194,0,0,0,0,0,0,0,0,0,-1,0,0,0,0,0
1e2k,B,348,VAL,4.2,140.0,0.0,0,0,P,0.2535211267605634,-84.6,127.9,13.0,20.0,0.3939393939393939,2.3580722582360236,32,30,9,21,0.040565859518539735,0,0,0,0,0,0,0,0,0,35,0,13,0,0,1
1e2k,B,349,GLN,-3.5,143.8,0.0,2,2,P,0.12121212121212122,-99.2,165.4,18.0,17.0,0.5142857142857142,2.307566696309006,34,29,9,20,0.045228601991935104,0,0,0,0,0,0,0,0,0,13,248,4,0,10,1
1e2k,B,350,THR,-0.7,116.1,0.0,1,1,E,0.007042253521126761,-128.8,161.9,17.0,18.0,0.4857142857142857,4.952338495215615,32,27,9,18,0.04989134446533048,0,0,1,0,0,0,0,0,0,-1,0,0,0,0,0
1e2k,B,351,HIS,-3.2,153.2,0.1,2,1,E,0.32608695652173914,-83.1,172.1,7.0,25.0,0.21875,2.3212377620818527,24,3,7,-4,0.04243095650789788,0,0,1,0,0,0,0,0,0,32,16,1,0,0,1
1e2k,B,352,VAL,4.2,140.0,0.0,0,0,E,0.11971830985915492,-110.6,159.6,18.0,15.0,0.5454545454545454,2.596794429909903,29,22,3,19,0.04942507021799094,0,0,1,0,0,0,0,0,0,6,534,7,0,41,1
1e2k,B,353,THR,-0.7,116.1,0.0,1,1,S,0.5211267605633803,-87.8,-25.8,7.0,15.0,0.3181818181818182,1.886776934104407,19,18,0,18,0.02984155182973038,0,0,0,0,0,0,1,0,0,6,534,7,0,41,1
1e2k,B,354,THR,-0.7,116.1,0.0,1,1,S,0.44366197183098594,-124.2,170.1,10.0,9.0,0.5263157894736842,1.8094516456924834,17,14,0,14,0.024246260861655933,0,0,0,0,0,0,1,0,0,6,534,7,0,41,1
1e2k,B,355,PRO,-1.6,112.7,0.0,0,0,T,0.9485294117647058,-64.9,-47.4,0.0,16.0,0.0,1.8339717186972277,11,7,0,7,0.02144861537761871,0,0,0,0,0,1,0,0,0,6,534,7,0,41,1
1e2k,B,356,GLY,-0.4,60.1,0.0,0,0,T,0.34523809523809523,-90.5,18.5,2.0,14.0,0.125,1.7096322976589913,14,10,2,8,0.02471253510899547,0,0,0,0,0,1,0,0,0,-1,0,0,0,0,0
1e2k,B,357,SER,-0.8,89.0,0.0,1,1,H,0.0,-66.0,-36.9,19.0,8.0,0.7037037037037037,2.9646332154457613,28,13,3,10,0.03916703677652112,1,0,0,0,0,0,0,0,0,6,534,7,0,41,1
1e2k,B,358,ILE,4.5,166.7,0.0,0,0,H,0.16568047337278108,-60.4,-56.4,15.0,18.0,0.45454545454545453,2.423956432062044,33,14,14,0,0.040099585271200194,1,0,0,0,0,0,0,0,0,-1,0,0,0,0,0
1e2k,B,359,PRO,-1.6,112.7,0.0,0,0,H,0.6323529411764706,-59.1,-42.1,3.0,20.0,0.13043478260869565,1.9008378478688819,21,11,14,-3,0.02797645484037223,1,0,0,0,0,0,0,0,0,-1,0,0,0,0,0
1e2k,B,360,THR,-0.7,116.1,0.0,1,1,H,0.5070422535211268,-60.3,-48.6,11.0,10.0,0.5238095238095238,1.9105050985363892,23,12,8,4,0.03124037457174899,1,0,0,0,0,0,0,0,0,-1,0,0,0,0,0
1e2k,B,361,ILE,4.5,166.7,0.0,0,0,H,0.005917159763313609,-61.4,-41.4,26.0,12.0,0.6842105263157895,2.6612738203432924,35,21,9,12,0.043829779249916496,1,0,0,0,0,0,0,0,0,-1,0,0,0,0,0
1e2k,B,362,CYS,2.5,108.5,0.0,1,0,H,0.08148148148148149,-62.4,-40.6,12.0,17.0,0.41379310344827586,2.4308933039358247,28,16,20,-4,0.04149840801321881,1,0,0,0,0,0,0,0,0,-1,0,0,0,0,0
1e2k,B,363,ASP,-3.5,111.1,-1.0,1,3,H,0.6441717791411042,-62.2,-46.6,8.0,17.0,0.32,1.7569296995443024,21,20,0,20,0.03450429430312575,1,0,0,0,0,0,0,0,0,-1,0,0,0,0,0
1e2k,B,364,LEU,3.8,166.7,0.0,0,0,H,0.09146341463414634,-56.1,-52.7,16.0,15.0,0.5161290322580645,2.3317622042323527,36,20,15,5,0.03870076252918159,1,0,0,0,0,0,0,0,0,-1,0,0,0,0,0
1e2k,B,365,ALA,1.8,88.6,0.0,0,0,H,0.0,-60.2,-43.1,20.0,19.0,0.5128205128205128,3.7979019867482213,30,22,11,11,0.048492521723311866,1,0,0,0,0,0,0,0,0,23,24,17,0,4,1
1e2k,B,366,ARG,-4.5,173.4,1.0,5,0,H,0.35080645161290325,-66.9,-38.8,7.0,19.0,0.2692307692307692,1.9476301064855832,26,16,18,-2,0.040565859518539735,1,0,0,0,0,0,0,0,0,25,24,14,0,3,1
1e2k,B,367,THR,-0.7,116.1,0.0,1,1,H,0.11971830985915492,-56.7,-51.9,12.0,13.0,0.48,1.9517693591398044,25,22,17,5,0.03916703677652112,1,0,0,0,0,0,0,0,0,25,24,14,0,3,1
1e2k,B,368,PHE,2.8,189.9,0.0,0,0,H,0.01015228426395939,-54.7,-52.6,20.0,16.0,0.5555555555555556,5.630300330013896,39,16,23,-7,0.05175644145468863,1,0,0,0,0,0,0,0,0,23,24,17,0,4,1
1e2k,B,369,ALA,1.8,88.6,0.0,0,0,H,0.29245283018867924,-57.2,-45.7,13.0,16.0,0.4482758620689655,2.1930127295653756,26,19,22,-3,0.045228601991935104,1,0,0,0,0,0,0,0,0,23,24,17,0,4,1
1e2k,B,370,ARG,-4.5,173.4,1.0,5,0,H,0.7459677419354839,-61.7,-45.3,7.0,16.0,0.30434782608695654,1.8353900827142944,18,8,18,-10,0.02984155182973038,1,0,0,0,0,0,0,0,0,25,24,14,0,3,1
1e2k,B,371,GLU,-3.5,138.4,-1.0,1,3,H,0.14948453608247422,-78.6,-39.9,14.0,13.0,0.5185185185185185,2.0433376766230724,32,15,7,8,0.03730193978716297,1,0,0,0,0,0,0,0,0,25,24,14,0,3,1
1e2k,B,372,MET,1.9,162.9,0.0,0,0,H,0.0,-112.0,-14.6,23.0,8.0,0.7419354838709677,4.039635676442336,34,13,23,-10,0.04616115048661418,1,0,0,0,0,0,0,0,0,14,53,16,0,9,1
1e2k,B,373,GLY,-0.4,60.1,0.0,0,0,-,0.11904761904761904,-84.4,154.7,13.0,13.0,0.5,2.0319366243372095,23,14,27,-13,0.03823448828184205,0,0,0,0,0,0,0,0,0,14,53,16,0,9,1
1e2k,B,374,GLU,-3.5,138.4,-1.0,1,3,-,0.9690721649484536,-53.7,360.0,1.0,15.0,0.0625,1.7084514045053085,19,13,13,0,0.022381163872297785,0,0,0,0,0,0,0,0,0,14,53,16,0,9,1
1ki4,A,46,MET,1.9,162.9,0.0,0,0,-,0.48404255319148937,360.0,163.1,17.0,3.0,0.85,1.7675716733416174,18,11,1,10,0.024246260861655933,0,0,0,0,0,0,0,0,0,22,24,5,0,1,1
1ki4,A,47,PRO,-1.6,112.7,0.0,0,0,-,0.38235294117647056,-75.3,161.9,11.0,15.0,0.4230769230769231,2.1320063274075096,24,12,0,12,0.028909003335051305,0,0,0,0,0,0,0,0,0,22,24,5,0,1,1
1ki4,A,48,THR,-0.7,116.1,0.0,1,1,E,0.176056338028169,-105.8,155.4,11.0,21.0,0.34375,2.279417974002204,28,13,5,8,0.04196468226055834,0,0,1,0,0,0,0,0,0,22,24,5,0,1,1
1ki4,A,49,LEU,3.8,166.7,0.0,0,0,E,0.0,-126.0,155.6,25.0,15.0,0.625,5.64847886502019,41,26,6,20,0.050823892960009553,0,0,1,0,0,0,0,0,0,2,6287,10,0,521,1
1ki4,A,50,LEU,3.8,166.7,0.0,0,0,E,0.024390243902439025,-126.8,117.4,16.0,25.0,0.3902439024390244,3.4007021304111,38,13,2,11,0.048958795970651406,0,0,1,0,0,0,0,0,0,2,6287,10,0,521,1
1ki4,A,51,ARG,-4.5,173.4,1.0,5,0,E,0.008064516129032258,-109.9,126.8,21.0,25.0,0.45652173913043476,6.127963058697559,40,17,8,9,0.053155264196707235,0,0,1,0,0,0,0,0,0,2,6287,10,0,521,1
1ki4,A,52,VAL,4.2,140.0,0.0,0,0,E,0.0,-128.3,116.7,20.0,20.0,0.5,4.20800398319379,35,24,7,17,0.05129016720734909,0,0,1,0,0,0,0,0,0,-1,0,0,0,0,0
1ki4,A,53,TYR,-1.3,193.6,0.0,1,1,E,0.02252252252252252,-107.5,113.5,17.0,25.0,0.40476190476190477,7.860290681157774,36,31,21,10,0.05502036118606539,0,0,1,0,0,0,0,0,0,-1,0,0,0,0,0
1ki4,A,54,ILE,4.5,166.7,0.0,0,0,E,0.0,-82.4,115.0,27.0,20.0,0.574468085106383,6.335170711975908,39,29,19,10,0.05175644145468863,0,0,1,0,0,0,0,0,0,-1,0,0,0,0,0
1ki4,A,55,ASP,-3.5,111.1,-1.0,1,3,-,0.0,-136.0,158.4,21.0,25.0,0.45652173913043476,5.714564300637572,38,35,11,24,0.05129016720734909,0,0,0,0,0,0,0,0,0,-1,0,0,0,0,0
1ki4,A,56,GLY,-0.4,60.1,0.0,0,0,-,0.0,160.1,-170.9,19.0,23.0,0.4523809523809524,3.770249914542817,40,49,17,32,0.04616115048661418,0,0,0,0,0,0,0,0,0,-1,0,0,0,0,0
1ki4,A,57,PRO,-1.6,112.7,0.0,0,0,-,0.04411764705882353,-70.7,151.1,23.0,15.0,0.6052631578947368,2.769043792523136,38,53,9,44,0.045694876239274644,0,0,0,0,0,0,0,0,0,-1,0,0,0,0,0
1ki4,A,58,HIS,-3.2,153.2,0.1,2,1,T,0.05434782608695652,-70.1,148.1,20.0,23.0,0.46511627906976744,4.013543740229044,38,54,16,38,0.040099585271200194,0,0,0,0,0,1,0,0,0,9,121,16,0,26,1
1ki4,A,59,GLY,-0.4,60.1,0.0,0,0,T,0.07142857142857142,87.3,21.4,25.0,14.0,0.6410256410256411,2.3385187777276455,35,79,12,67,0.050823892960009553,0,0,0,0,0,1,0,0,0,1,7995,9,0,786,1
1ki4,A,60,MET,1.9,162.9,0.0,0,0,S,0.015957446808510637,-105.9,1.3,21.0,19.0,0.525,2.376667342180984,40,68,21,47,0.048958795970651406,0,0,0,0,0,0,1,0,0,1,7995,9,0,786,1
1ki4,A,61,GLY,-0.4,60.1,0.0,0,0,S,0.10714285714285714,86.0,28.2,21.0,19.0,0.525,1.8244882860189642,38,57,10,47,0.04103213376587927,0,0,0,0,0,0,1,0,0,1,7995,9,0,786,1
1ki4,A,62,LYS,-3.9,168.6,1.0,2,0,H,0.03414634146341464,-69.0,-61.1,23.0,19.0,0.5476190476190477,2.339323049841874,36,36,21,15,0.04429605349725603,1,0,0,0,0,0,0,0,0,-1,0,0,0,0,0
1ki4,A,63,THR,-0.7,116.1,0.0,1,1,H,0.24647887323943662,-50.9,-46.5,10.0,25.0,0.2857142857142857,2.281302212349882,29,32,18,14,0.03870076252918159,1,0,0,0,0,0,0,0,0,-1,0,0,0,0,0
1ki4,A,64,THR,-0.7,116.1,0.0,1,1,H,0.4014084507042254,-48.7,-57.0,13.0,14.0,0.48148148148148145,2.0102689878005955,25,28,3,25,0.032639197313767604,1,0,0,0,0,0,0,0,0,-1,0,0,0,0,0
1ki4,A,65,THR,-0.7,116.1,0.0,1,1,H,0.02112676056338028,-68.5,-21.6,22.0,10.0,0.6875,3.5508029298250174,30,24,10,14,0.048492521723311866,1,0,0,0,0,0,0,0,0,-1,0,0,0,0,0
1ki4,A,66,THR,-0.7,116.1,0.0,1,1,H,0.014084507042253521,-82.5,-33.9,20.0,16.0,0.5555555555555556,3.6877861781746426,33,18,11,7,0.04755997322863279,1,0,0,0,0,0,0,0,0,-1,0,0,0,0,0
1ki4,A,67,GLN,-3.5,143.8,0.0,2,2,H,0.6414141414141414,-66.3,-23.2,6.0,18.0,0.25,1.909875946690742,20,10,6,4,0.032639197313767604,1,0,0,0,0,0,0,0,0,-1,0,0,0,0,0
1ki4,A,68,LEU,3.8,166.7,0.0,0,0,T,0.4634146341463415,-79.5,1.2,15.0,6.0,0.7142857142857143,1.9881477655765016,21,14,7,7,0.030774100324409453,0,0,0,0,0,1,0,0,0,-1,0,0,0,0,0
1ki4,A,69,LEU,3.8,166.7,0.0,0,0,-,0.39634146341463417,-92.7,360.0,23.0,5.0,0.8214285714285714,2.0173238870753654,27,12,8,4,0.03357174580844668,0,0,0,0,0,0,0,0,0,-1,0,0,0,0,0
1ki4,A,77,ASP,-3.5,111.1,-1.0,1,3,-,0.8650306748466258,360.0,30.1,6.0,15.0,0.2857142857142857,1.738295220377695,17,4,0,4,0.02331371236697686,0,0,0,0,0,0,0,0,0,-1,0,0,0,0,0
1ki4,A,78,ILE,4.5,166.7,0.0,0,0,E,0.4319526627218935,-166.9,118.4,7.0,20.0,0.25925925925925924,2.0332046501652923,24,6,8,-2,0.030307826077069916,0,0,1,0,0,0,0,0,0,-1,0,0,0,0,0
1ki4,A,79,VAL,4.2,140.0,0.0,0,0,E,0.08450704225352113,-116.5,152.3,18.0,15.0,0.5454545454545454,2.1474594553915494,29,13,12,1,0.03870076252918159,0,0,1,0,0,0,0,0,0,13,49,9,0,5,1
1ki4,A,80,TYR,-1.3,193.6,0.0,1,1,E,0.21621621621621623,-119.9,115.7,11.0,26.0,0.2972972972972973,2.1491801660189527,32,11,14,-3,0.04289723075523742,0,0,1,0,0,0,0,0,0,13,49,9,0,5,1
1ki4,A,81,VAL,4.2,140.0,0.0,0,0,E,0.028169014084507043,-95.1,110.2,23.0,17.0,0.575,4.429726897914635,36,16,16,0,0.04755997322863279,0,0,1,0,0,0,0,0,0,13,49,9,0,5,1
1ki4,A,82,PRO,-1.6,112.7,0.0,0,0,-,0.14705882352941177,-71.0,-166.9,15.0,21.0,0.4166666666666667,2.521526323355328,32,17,26,-9,0.04429605349725603,0,0,0,0,0,0,0,0,0,13,49,9,0,5,1
1ki4,A,83,GLU,-3.5,138.4,-1.0,1,3,-,0.0979381443298969,-93.8,129.1,17.0,24.0,0.4146341463414634,2.1387780815230197,33,30,17,13,0.04429605349725603,0,0,0,0,0,0,0,0,0,9,121,16,0,26,1
1ki4,A,84,PRO,-1.6,112.7,0.0,0,0,-,0.0,-69.8,54.7,20.0,18.0,0.5263157894736842,4.577347773282419,36,19,33,-14,0.05455408693872585,0,0,0,0,0,0,0,0,0,-1,0,0,0,0,0
1ki4,A,85,MET,1.9,162.9,0.0,0,0,H,0.0851063829787234,-46.8,-45.1,11.0,23.0,0.3235294117647059,2.841004187087424,32,22,31,-9,0.043829779249916496,1,0,0,0,0,0,0,0,0,21,15,14,0,2,1
1ki4,A,86,THR,-0.7,116.1,0.0,1,1,H,0.19014084507042253,-62.8,-34.5,11.0,18.0,0.3793103448275862,2.940232352766921,27,15,28,-13,0.043363505002576956,1,0,0,0,0,0,0,0,0,21,15,14,0,2,1
1ki4,A,87,TYR,-1.3,193.6,0.0,1,1,I,0.009009009009009009,-71.0,-29.1,23.0,14.0,0.6216216216216216,4.245090464013079,37,6,16,-10,0.04942507021799094,0,0,0,0,1,0,0,0,0,-1,0,0,0,0,0
1ki4,A,88,TRP,-0.9,227.8,0.0,1,0,I,0.05286343612334802,-82.2,-53.4,19.0,16.0,0.5428571428571428,5.143565994912178,36,17,24,-7,0.05688545817542354,0,0,0,0,1,0,0,0,0,9,121,16,0,26,1
1ki4,A,89,ARG,-4.5,173.4,1.0,5,0,I,0.29435483870967744,-68.4,-31.4,11.0,16.0,0.4074074074074074,2.3166933055301957,24,7,19,-12,0.04616115048661418,0,0,0,0,1,0,0,0,0,-1,0,0,0,0,0
1ki4,A,90,VAL,4.2,140.0,0.0,0,0,I,0.6408450704225352,-135.1,-51.3,8.0,18.0,0.3076923076923077,2.085675630490038,22,11,20,-9,0.035436842797804825,0,0,0,0,1,0,0,0,0,-1,0,0,0,0,0
1ki4,A,91,LEU,3.8,166.7,0.0,0,0,I,0.06097560975609756,-61.6,-50.0,21.0,15.0,0.5833333333333334,2.138533879011038,31,6,18,-12,0.043363505002576956,0,0,0,0,1,0,0,0,0,-1,0,0,0,0,0
1ki4,A,92,GLY,-0.4,60.1,0.0,0,0,S,0.07142857142857142,-82.9,-39.5,24.0,12.0,0.6666666666666666,2.112465546764349,34,6,13,-7,0.045228601991935104,0,0,0,0,0,0,1,0,0,-1,0,0,0,0,0
1ki4,A,93,ALA,1.8,88.6,0.0,0,0,S,0.39622641509433965,-169.3,178.7,21.0,11.0,0.65625,1.9822677527898107,25,7,14,-7,0.03450429430312575,0,0,0,0,0,0,1,0,0,-1,0,0,0,0,0
1ki4,A,94,SER,-0.8,89.0,0.0,1,1,S,0.8,-84.8,104.3,2.0,21.0,0.08695652173913043,1.806752759296816,18,10,9,1,0.02984155182973038,0,0,0,0,0,0,1,0,0,-1,0,0,0,0,0
1ki4,A,95,GLU,-3.5,138.4,-1.0,1,3,-,0.35051546391752575,59.0,46.7,7.0,17.0,0.2916666666666667,1.9522590721276905,24,15,5,10,0.03776821403450251,0,0,0,0,0,0,0,0,0,-1,0,0,0,0,0
1ki4,A,96,THR,-0.7,116.1,0.0,1,1,H,0.028169014084507043,-43.1,-50.6,19.0,14.0,0.5757575757575758,2.4027758386762086,32,10,11,-1,0.045694876239274644,1,0,0,0,0,0,0,0,0,-1,0,0,0,0,0
1ki4,A,97,ILE,4.5,166.7,0.0,0,0,H,0.07692307692307693,-56.4,-41.7,13.0,18.0,0.41935483870967744,4.922172053906429,31,38,20,18,0.048026247475972325,1,0,0,0,0,0,0,0,0,9,121,16,0,26,1
1ki4,A,98,ALA,1.8,88.6,0.0,0,0,H,0.18867924528301888,-58.3,-49.0,9.0,17.0,0.34615384615384615,2.3197573731373344,26,35,18,17,0.04196468226055834,1,0,0,0,0,0,0,0,0,-1,0,0,0,0,0
1ki4,A,99,ASN,-3.5,114.1,0.0,2,2,H,0.4394904458598726,-52.8,-46.7,18.0,13.0,0.5806451612903226,2.0832991804755316,31,18,11,7,0.03776821403450251,1,0,0,0,0,0,0,0,0,-1,0,0,0,0,0
1ki4,A,100,ILE,4.5,166.7,0.0,0,0,H,0.07100591715976332,-57.9,-60.8,24.0,16.0,0.6,4.546755675877599,33,26,15,11,0.04709369898129325,1,0,0,0,0,0,0,0,0,9,121,16,0,26,1
1ki4,A,101,TYR,-1.3,193.6,0.0,1,1,H,0.07657657657657657,-61.5,-38.5,15.0,17.0,0.46875,2.8727919300036557,33,38,21,17,0.04709369898129325,1,0,0,0,0,0,0,0,0,9,121,16,0,26,1
1ki4,A,102,THR,-0.7,116.1,0.0,1,1,H,0.18309859154929578,-63.6,-51.1,9.0,18.0,0.3333333333333333,2.606221138203973,24,36,19,17,0.04196468226055834,1,0,0,0,0,0,0,0,0,-1,0,0,0,0,0
1ki4,A,103,THR,-0.7,116.1,0.0,1,1,H,0.0,-50.8,-55.9,22.0,14.0,0.6111111111111112,3.280764583033025,34,34,24,10,0.045694876239274644,1,0,0,0,0,0,0,0,0,-1,0,0,0,0,0
1ki4,A,104,GLN,-3.5,143.8,0.0,2,2,H,0.005050505050505051,-54.4,-35.4,19.0,20.0,0.48717948717948717,2.4642146976100907,35,41,19,22,0.048958795970651406,1,0,0,0,0,0,0,0,0,-1,0,0,0,0,0
1ki4,A,105,HIS,-3.2,153.2,0.1,2,1,H,0.3641304347826087,-65.3,-36.7,10.0,18.0,0.35714285714285715,2.100673794171276,22,23,25,-2,0.04429605349725603,1,0,0,0,0,0,0,0,0,-1,0,0,0,0,0
1ki4,A,106,ARG,-4.5,173.4,1.0,5,0,H,0.38306451612903225,-70.1,-33.2,15.0,7.0,0.6818181818181818,2.59540502497386,20,15,23,-8,0.04429605349725603,1,0,0,0,0,0,0,0,0,-1,0,0,0,0,0
1ki4,A,107,LEU,3.8,166.7,0.0,0,0,H,0.2073170731707317,-71.7,-42.5,18.0,7.0,0.72,2.6817256544971873,25,22,25,-3,0.04476232774459557,1,0,0,0,0,0,0,0,0,8,344,7,0,27,1
1ki4,A,108,ASP,-3.5,111.1,-1.0,1,3,H,0.5276073619631901,-61.6,-36.1,9.0,11.0,0.45,1.8038931436643386,24,21,13,8,0.03124037457174899,1,0,0,0,0,0,0,0,0,-1,0,0,0,0,0
1ki4,A,109,GLN,-3.5,143.8,0.0,2,2,T,0.5404040404040404,-87.0,-2.3,6.0,7.0,0.46153846153846156,1.8572044180161507,13,20,17,3,0.028909003335051305,0,0,0,0,0,1,0,0,0,-1,0,0,0,0,0
1ki4,A,110,GLY,-0.4,60.1,0.0,0,0,T,0.6428571428571429,63.4,17.8,0.0,16.0,0.0,1.7094993534920042,14,18,19,-1,0.02844272908771177,0,0,0,0,0,1,0,0,0,-1,0,0,0,0,0
1ki4,A,111,GLU,-3.5,138.4,-1.0,1,3,S,0.6958762886597938,-68.4,-20.3,6.0,8.0,0.42857142857142855,1.7471167374079364,12,21,8,13,0.023779986614316396,0,0,0,0,0,0,1,0,0,-1,0,0,0,0,0
1ki4,A,112,ILE,4.5,166.7,0.0,0,0,S,0.2781065088757396,-141.5,169.6,14.0,5.0,0.7368421052631579,2.068823722749314,21,18,24,-6,0.032172923066428064,0,0,0,0,0,0,1,0,0,8,344,7,0,27,1
1ki4,A,113,SER,-0.8,89.0,0.0,1,1,-,0.46923076923076923,-96.9,164.3,2.0,19.0,0.09523809523809523,2.1802815611966575,18,7,16,-9,0.02611135785101408,0,0,0,0,0,0,0,0,0,8,344,7,0,27,1
1ki4,A,114,ALA,1.8,88.6,0.0,0,0,H,0.5754716981132075,-55.8,-26.8,6.0,20.0,0.23076923076923078,1.8483820075825672,24,5,14,-9,0.02797645484037223,1,0,0,0,0,0,0,0,0,8,344,7,0,27,1
1ki4,A,115,GLY,-0.4,60.1,0.0,0,0,H,0.5833333333333334,-84.1,-38.8,2.0,24.0,0.07692307692307693,1.7097904549423704,18,0,8,-8,0.025645083603674543,1,0,0,0,0,0,0,0,0,8,344,7,0,27,1
1ki4,A,116,ASP,-3.5,111.1,-1.0,1,3,H,0.5153374233128835,-68.1,-37.0,9.0,17.0,0.34615384615384615,1.8616424791086386,20,7,4,3,0.028909003335051305,1,0,0,0,0,0,0,0,0,8,344,7,0,27,1
1ki4,A,117,ALA,1.8,88.6,0.0,0,0,H,0.0,-65.0,-37.4,22.0,14.0,0.6111111111111112,3.9325651795182153,28,22,10,12,0.045694876239274644,1,0,0,0,0,0,0,0,0,8,344,7,0,27,1
1ki4,A,118,ALA,1.8,88.6,0.0,0,0,H,0.07547169811320754,-63.3,-41.4,16.0,22.0,0.42105263157894735,2.280531856894787,29,6,8,-2,0.040565859518539735,1,0,0,0,0,0,0,0,0,8,344,7,0,27,1
1ki4,A,119,VAL,4.2,140.0,0.0,0,0,H,0.15492957746478872,-71.8,-42.5,16.0,26.0,0.38095238095238093,2.3057728701044513,22,0,14,-14,0.04149840801321881,1,0,0,0,0,0,0,0,0,-1,0,0,0,0,0
1ki4,A,120,VAL,4.2,140.0,0.0,0,0,H,0.2112676056338028,-66.1,-48.5,20.0,21.0,0.4878048780487805,2.302223570743034,28,8,15,-7,0.03963331102386066,1,0,0,0,0,0,0,0,0,-1,0,0,0,0,0
1ki4,A,121,MET,1.9,162.9,0.0,0,0,H,0.005319148936170213,-57.3,-43.6,26.0,19.0,0.5777777777777777,4.671450863707862,42,13,5,8,0.048026247475972325,1,0,0,0,0,0,0,0,0,-1,0,0,0,0,0
1ki4,A,122,THR,-0.7,116.1,0.0,1,1,H,0.035211267605633804,-64.1,-49.1,25.0,24.0,0.5102040816326531,3.15307621579889,29,5,3,2,0.048026247475972325,1,0,0,0,0,0,0,0,0,-1,0,0,0,0,0
1ki4,A,123,SER,-0.8,89.0,0.0,1,1,H,0.14615384615384616,-60.1,-30.0,21.0,26.0,0.44680851063829785,2.1559828057807295,26,0,5,-5,0.04476232774459557,1,0,0,0,0,0,0,0,0,-1,0,0,0,0,0
1ki4,A,124,ALA,1.8,88.6,0.0,0,0,H,0.03773584905660377,-75.8,-45.3,21.0,22.0,0.4883720930232558,2.3741321575551675,35,4,2,2,0.04429605349725603,1,0,0,0,0,0,0,0,0,-1,0,0,0,0,0
1ki4,A,125,GLN,-3.5,143.8,0.0,2,2,H,0.050505050505050504,-50.6,-22.1,25.0,23.0,0.5208333333333334,6.3597086913758565,39,9,0,9,0.04429605349725603,1,0,0,0,0,0,0,0,0,-1,0,0,0,0,0
1ki4,A,126,ILE,4.5,166.7,0.0,0,0,H,0.05325443786982249,-71.9,-51.9,26.0,23.0,0.5306122448979592,2.9526130868205622,35,0,0,0,0.045694876239274644,1,0,0,0,0,0,0,0,0,-1,0,0,0,0,0
1ki4,A,127,THR,-0.7,116.1,0.0,1,1,H,0.15492957746478872,-58.2,-36.4,24.0,23.0,0.5106382978723404,2.3789813737915746,40,3,4,-1,0.04616115048661418,1,0,0,0,0,0,0,0,0,-1,0,0,0,0,0
1ki4,A,128,MET,1.9,162.9,0.0,0,0,H,0.13297872340425532,-72.2,-31.9,20.0,23.0,0.46511627906976744,5.620790030711506,37,8,9,-1,0.04709369898129325,1,0,0,0,0,0,0,0,0,9,121,16,0,26,1
1ki4,A,129,GLY,-0.4,60.1,0.0,0,0,H,0.09523809523809523,-95.4,-13.6,22.0,23.0,0.4888888888888889,5.519894796592281,40,8,3,5,0.050823892960009553,1,0,0,0,0,0,0,0,0,-1,0,0,0,0,0
1ki4,A,130,MET,1.9,162.9,0.0,0,0,H,0.015957446808510637,-45.9,-52.4,24.0,22.0,0.5217391304347826,3.8495273205882015,40,0,1,-1,0.04616115048661418,1,0,0,0,0,0,0,0,0,-1,0,0,0,0,0
1ki4,A,131,PRO,-1.6,112.7,0.0,0,0,H,0.0,-63.9,-33.3,25.0,27.0,0.4807692307692308,6.102777406130154,43,3,13,-10,0.045694876239274644,1,0,0,0,0,0,0,0,0,-1,0,0,0,0,0
1ki4,A,132,TYR,-1.3,193.6,0.0,1,1,H,0.07657657657657657,-76.1,-39.2,22.0,22.0,0.5,6.2768078956279725,34,19,26,-7,0.04196468226055834,1,0,0,0,0,0,0,0,0,-1,0,0,0,0,0
1ki4,A,133,ALA,1.8,88.6,0.0,0,0,H,0.10377358490566038,-56.5,-63.0,23.0,18.0,0.5609756097560976,2.1394587823826714,39,10,8,2,0.043363505002576956,1,0,0,0,0,0,0,0,0,-1,0,0,0,0,0
1ki4,A,134,VAL,4.2,140.0,0.0,0,0,H,0.0,-54.4,-39.5,22.0,17.0,0.5641025641025641,4.274796263049328,40,3,15,-12,0.04755997322863279,1,0,0,0,0,0,0,0,0,-1,0,0,0,0,0
1ki4,A,135,THR,-0.7,116.1,0.0,1,1,H,0.06338028169014084,-60.9,-51.9,20.0,22.0,0.47619047619047616,5.289532691122205,38,8,8,0,0.045694876239274644,1,0,0,0,0,0,0,0,0,-1,0,0,0,0,0
1ki4,A,136,ASP,-3.5,111.1,-1.0,1,3,H,0.06748466257668712,-58.5,-39.4,21.0,18.0,0.5384615384615384,2.447098145025299,35,24,0,24,0.04243095650789788,1,0,0,0,0,0,0,0,0,-1,0,0,0,0,0
1ki4,A,137,ALA,1.8,88.6,0.0,0,0,H,0.07547169811320754,-58.9,-57.5,26.0,14.0,0.65,1.9749156063358835,32,22,15,7,0.03963331102386066,1,0,0,0,0,0,0,0,0,14,24,17,0,5,1
1ki4,A,138,VAL,4.2,140.0,0.0,0,0,H,0.18309859154929578,-68.4,-28.2,19.0,18.0,0.5135135135135135,2.1558169677483767,33,23,16,7,0.04289723075523742,1,0,0,0,0,0,0,0,0,27,0,13,0,0,1
1ki4,A,139,LEU,3.8,166.7,0.0,0,0,H,0.006097560975609756,-74.2,-48.2,19.0,17.0,0.5277777777777778,3.217546375917214,35,20,8,12,0.04196468226055834,1,0,0,0,0,0,0,0,0,-1,0,0,0,0,0
1ki4,A,140,ALA,1.8,88.6,0.0,0,0,G,0.2641509433962264,-28.7,-59.2,16.0,15.0,0.5161290322580645,2.2782804280146056,31,25,8,17,0.03590311704514436,0,0,0,1,0,0,0,0,0,-1,0,0,0,0,0
1ki4,A,141,PRO,-1.6,112.7,0.0,0,0,G,0.47058823529411764,-55.1,-27.9,9.0,17.0,0.34615384615384615,1.851830832223047,24,21,7,14,0.02797645484037223,0,0,0,1,0,0,0,0,0,14,24,17,0,5,1
1ki4,A,142,HIS,-3.2,153.2,0.1,2,1,G,0.1956521739130435,-80.0,-24.0,19.0,11.0,0.6333333333333333,2.30912078749978,29,9,2,7,0.03776821403450251,0,0,0,1,0,0,0,0,0,-1,0,0,0,0,0
1ki4,A,143,ILE,4.5,166.7,0.0,0,0,E,0.08284023668639054,-72.0,131.2,15.0,19.0,0.4411764705882353,2.6574886870115915,35,26,11,15,0.04476232774459557,0,0,1,0,0,0,0,0,0,2,6287,10,0,521,1
1ki4,A,144,GLY,-0.4,60.1,0.0,0,0,E,0.15476190476190477,-105.9,-164.2,14.0,15.0,0.4827586206896552,2.014704816452094,28,24,9,15,0.03450429430312575,0,0,1,0,0,0,0,0,0,2,6287,10,0,521,1
1ki4,A,145,GLY,-0.4,60.1,0.0,0,0,E,0.5476190476190477,-75.3,155.7,0.0,23.0,0.0,1.7096512211271477,23,16,9,7,0.02797645484037223,0,0,1,0,0,0,0,0,0,22,24,5,0,1,1
1ki4,A,146,GLU,-3.5,138.4,-1.0,1,3,E,0.5051546391752577,-54.7,146.3,8.0,16.0,0.3333333333333333,1.7357460178839577,23,19,0,19,0.030774100324409453,0,0,1,0,0,0,0,0,0,22,24,5,0,1,1
1ki4,A,147,ALA,1.8,88.6,0.0,0,0,-,0.7830188679245284,-108.9,360.0,14.0,5.0,0.7368421052631579,1.8561844503077527,18,10,9,1,0.027043906345693154,0,0,0,0,0,0,0,0,0,22,24,5,0,1,1
1ki4,A,154,PRO,-1.6,112.7,0.0,0,0,-,1.0,360.0,139.6,4.0,13.0,0.23529411764705882,1.7675569855974345,13,0,7,-7,0.013988227420186116,0,0,0,0,0,0,0,0,0,-1,0,0,0,0,0
1ki4,A,155,PRO,-1.6,112.7,0.0,0,0,-,0.22794117647058823,-62.8,137.0,16.0,8.0,0.6666666666666666,2.112444887197049,23,4,8,-4,0.032172923066428064,0,0,0,0,0,0,0,0,0,-1,0,0,0,0,0
1ki4,A,156,ALA,1.8,88.6,0.0,0,0,S,0.42452830188679247,-68.8,-16.5,14.0,11.0,0.56,1.844725066231512,24,3,8,-5,0.032172923066428064,0,0,0,0,0,0,1,0,0,-1,0,0,0,0,0
1ki4,A,157,LEU,3.8,166.7,0.0,0,0,E,0.012195121951219513,-163.4,133.6,17.0,11.0,0.6071428571428571,2.5929489567944874,31,11,9,2,0.043363505002576956,0,0,1,0,0,0,0,0,0,-1,0,0,0,0,0
1ki4,A,158,THR,-0.7,116.1,0.0,1,1,E,0.14788732394366197,-114.2,121.9,12.0,21.0,0.36363636363636365,2.7793326675253547,31,9,8,1,0.045694876239274644,0,0,1,0,0,0,0,0,0,-1,0,0,0,0,0
1ki4,A,159,LEU,3.8,166.7,0.0,0,0,E,0.006097560975609756,-105.4,115.8,24.0,16.0,0.6,5.824161685441054,32,14,6,8,0.05035761871267001,0,0,1,0,0,0,0,0,0,-1,0,0,0,0,0
1ki4,A,160,ILE,4.5,166.7,0.0,0,0,E,0.023668639053254437,-100.5,122.7,19.0,20.0,0.48717948717948717,3.344927026121085,33,12,11,1,0.053621538444046775,0,0,1,0,0,0,0,0,0,13,49,9,0,5,1
1ki4,A,161,PHE,2.8,189.9,0.0,0,0,E,0.03553299492385787,-111.9,149.4,17.0,22.0,0.4358974358974359,7.403824954115705,37,28,21,7,0.05175644145468863,0,0,1,0,0,0,0,0,0,-1,0,0,0,0,0
1ki4,A,162,ASP,-3.5,111.1,-1.0,1,3,E,0.006134969325153374,-95.7,92.9,19.0,22.0,0.4634146341463415,4.328723356876869,34,30,17,13,0.05502036118606539,0,0,1,0,0,0,0,0,0,-1,0,0,0,0,0
1ki4,A,163,ARG,-4.5,173.4,1.0,5,0,S,0.06451612903225806,83.7,139.6,20.0,21.0,0.4878048780487805,5.460270549447334,39,28,25,3,0.05129016720734909,0,0,0,0,0,0,1,0,0,9,121,16,0,26,1
1ki4,A,164,HIS,-3.2,153.2,0.1,2,1,-,0.05434782608695652,-91.9,168.5,20.0,22.0,0.47619047619047616,7.85627924007571,39,19,20,-1,0.04662742473395372,0,0,0,0,0,0,0,0,0,-1,0,0,0,0,0
1ki4,A,165,PRO,-1.6,112.7,0.0,0,0,T,0.051470588235294115,-63.7,-27.5,20.0,23.0,0.46511627906976744,5.394584144796464,39,19,17,2,0.045694876239274644,0,0,0,0,0,1,0,0,0,-1,0,0,0,0,0
1ki4,A,166,ILE,4.5,166.7,0.0,0,0,H,0.01775147928994083,-62.2,-15.5,17.0,24.0,0.4146341463414634,8.187219080641496,39,26,10,16,0.03916703677652112,1,0,0,0,0,0,0,0,0,-1,0,0,0,0,0
1ki4,A,167,ALA,1.8,88.6,0.0,0,0,I,0.04716981132075472,-71.7,-32.3,17.0,21.0,0.4473684210526316,9.442268386876275,38,25,11,14,0.05035761871267001,0,0,0,0,1,0,0,0,0,-1,0,0,0,0,0
1ki4,A,168,ALA,1.8,88.6,0.0,0,0,I,0.09433962264150944,-89.1,-32.1,18.0,19.0,0.4864864864864865,8.001334633531616,38,18,3,15,0.048958795970651406,0,0,0,0,1,0,0,0,0,-1,0,0,0,0,0
1ki4,A,169,LEU,3.8,166.7,0.0,0,0,I,0.06707317073170732,-101.6,1.1,18.0,19.0,0.4864864864864865,6.03161900870923,34,10,0,10,0.05175644145468863,0,0,0,0,1,0,0,0,0,-1,0,0,0,0,0
1ki4,A,170,LEU,3.8,166.7,0.0,0,0,I,0.0,-146.3,-63.6,21.0,24.0,0.4666666666666667,9.96558041935501,40,8,3,5,0.048492521723311866,0,0,0,0,1,0,0,0,0,-1,0,0,0,0,0
1ki4,A,171,CYS,2.5,108.5,0.0,1,0,I,0.0,-60.2,-55.6,22.0,21.0,0.5116279069767442,8.545737497369174,42,28,6,22,0.048958795970651406,0,0,0,0,1,0,0,0,0,-1,0,0,0,0,0
1ki4,A,172,TYR,-1.3,193.6,0.0,1,1,H,0.14414414414414414,-69.2,-41.8,17.0,26.0,0.3953488372093023,7.982876527993597,39,33,5,28,0.045228601991935104,1,0,0,0,0,0,0,0,0,9,121,16,0,26,1
1ki4,A,173,PRO,-1.6,112.7,0.0,0,0,H,0.0,-52.2,-50.8,23.0,20.0,0.5348837209302325,8.249478228507227,42,11,0,11,0.053621538444046775,1,0,0,0,0,0,0,0,0,-1,0,0,0,0,0
1ki4,A,174,ALA,1.8,88.6,0.0,0,0,H,0.0,-54.5,-47.2,21.0,23.0,0.4772727272727273,6.351410196447693,38,20,0,20,0.048026247475972325,1,0,0,0,0,0,0,0,0,-1,0,0,0,0,0
1ki4,A,175,ALA,1.8,88.6,0.0,0,0,H,0.0,-56.7,-47.9,22.0,16.0,0.5789473684210527,4.972255829504848,34,29,0,29,0.053621538444046775,1,0,0,0,0,0,0,0,0,-1,0,0,0,0,0
1ki4,A,176,ARG,-4.5,173.4,1.0,5,0,H,0.008064516129032258,-63.8,-26.3,26.0,18.0,0.5909090909090909,4.208258974002681,38,4,8,-4,0.05035761871267001,1,0,0,0,0,0,0,0,0,-1,0,0,0,0,0
1ki4,A,177,TYR,-1.3,193.6,0.0,1,1,H,0.23423423423423423,-68.4,-54.8,16.0,19.0,0.45714285714285713,2.275473450786867,32,14,6,8,0.04149840801321881,1,0,0,0,0,0,0,0,0,12,57,14,0,10,1
1ki4,A,178,LEU,3.8,166.7,0.0,0,0,H,0.2926829268292683,-48.5,-21.1,17.0,13.0,0.5666666666666667,1.9138485911366898,30,23,0,23,0.03776821403450251,1,0,0,0,0,0,0,0,0,-1,0,0,0,0,0
1ki4,A,179,MET,1.9,162.9,0.0,0,0,T,0.14893617021276595,-98.7,6.2,27.0,7.0,0.7941176470588235,2.06712616610156,29,12,13,-1,0.03916703677652112,0,0,0,0,0,1,0,0,0,-1,0,0,0,0,0
1ki4,A,180,GLY,-0.4,60.1,0.0,0,0,T,0.5119047619047619,71.0,22.8,8.0,21.0,0.27586206896551724,1.7097351015082798,29,10,10,0,0.030774100324409453,0,0,0,0,0,1,0,0,0,8,344,7,0,27,1
1ki4,A,181,SER,-0.8,89.0,0.0,1,1,S,0.0,-122.6,7.6,25.0,16.0,0.6097560975609756,2.6936288464846623,36,12,10,2,0.048492521723311866,0,0,0,0,0,0,1,0,0,-1,0,0,0,0,0
1ki4,A,182,MET,1.9,162.9,0.0,0,0,S,0.031914893617021274,-149.0,122.6,22.0,17.0,0.5641025641025641,3.122136707993797,37,10,3,7,0.05175644145468863,0,0,0,0,0,0,1,0,0,-1,0,0,0,0,0
1ki4,A,183,THR,-0.7,116.1,0.0,1,1,-,0.3873239436619718,-65.2,144.3,20.0,19.0,0.5128205128205128,2.279186798105565,35,5,9,-4,0.03730193978716297,0,0,0,0,0,0,0,0,0,12,57,14,0,10,1
1ki4,A,184,PRO,-1.6,112.7,0.0,0,0,H,0.0,-68.2,-21.8,14.0,25.0,0.358974358974359,3.5024472873875636,34,6,9,-3,0.048958795970651406,1,0,0,0,0,0,0,0,0,12,57,14,0,10,1
1ki4,A,185,GLN,-3.5,143.8,0.0,2,2,H,0.11616161616161616,-63.7,-41.7,23.0,25.0,0.4791666666666667,2.1508233704698037,34,0,9,-9,0.045694876239274644,1,0,0,0,0,0,0,0,0,12,57,14,0,10,1
1ki4,A,186,ALA,1.8,88.6,0.0,0,0,H,0.07547169811320754,-68.8,-43.4,23.0,23.0,0.5,2.476313002892611,38,2,0,2,0.04662742473395372,1,0,0,0,0,0,0,0,0,-1,0,0,0,0,0
1ki4,A,187,VAL,4.2,140.0,0.0,0,0,H,0.007042253521126761,-55.3,-42.4,23.0,25.0,0.4791666666666667,5.9076347495991275,41,6,0,6,0.05035761871267001,1,0,0,0,0,0,0,0,0,-1,0,0,0,0,0
1ki4,A,188,LEU,3.8,166.7,0.0,0,0,H,0.0,-75.0,-20.5,23.0,21.0,0.5227272727272727,5.583398073276201,41,0,1,-1,0.04709369898129325,1,0,0,0,0,0,0,0,0,-1,0,0,0,0,0
1ki4,A,189,ALA,1.8,88.6,0.0,0,0,H,0.02830188679245283,-70.8,-44.4,20.0,25.0,0.4444444444444444,3.5723646502453286,37,0,0,0,0.048958795970651406,1,0,0,0,0,0,0,0,0,-1,0,0,0,0,0
1ki4,A,190,PHE,2.8,189.9,0.0,0,0,H,0.01015228426395939,-62.4,-42.5,23.0,24.0,0.48936170212765956,5.552182156060977,35,0,0,0,0.04429605349725603,1,0,0,0,0,0,0,0,0,-1,0,0,0,0,0
1ki4,A,191,VAL,4.2,140.0,0.0,0,0,H,0.0,-58.9,-44.3,24.0,19.0,0.5581395348837209,5.9881199450207925,38,13,4,9,0.048026247475972325,1,0,0,0,0,0,0,0,0,-1,0,0,0,0,0
1ki4,A,192,ALA,1.8,88.6,0.0,0,0,H,0.04716981132075472,-56.8,-26.6,23.0,19.0,0.5476190476190477,3.1027714193550517,36,12,12,0,0.04662742473395372,1,0,0,0,0,0,0,0,0,-1,0,0,0,0,0
1ki4,A,193,LEU,3.8,166.7,0.0,0,0,T,0.11585365853658537,-93.7,0.4,25.0,23.0,0.5208333333333334,2.4451044433116462,28,7,4,3,0.04429605349725603,0,0,0,0,0,1,0,0,0,-1,0,0,0,0,0
1ki4,A,194,ILE,4.5,166.7,0.0,0,0,P,0.029585798816568046,-64.2,116.6,23.0,22.0,0.5111111111111111,3.45243128326009,31,25,6,19,0.043363505002576956,0,0,0,0,0,0,0,0,0,-1,0,0,0,0,0
1ki4,A,195,PRO,-1.6,112.7,0.0,0,0,P,0.2426470588235294,-57.4,158.4,18.0,20.0,0.47368421052631576,2.2457953241381676,26,22,8,14,0.034970568550465285,0,0,0,0,0,0,0,0,0,-1,0,0,0,0,0
1ki4,A,196,PRO,-1.6,112.7,0.0,0,0,P,0.47794117647058826,-57.4,153.9,13.0,21.0,0.38235294117647056,1.9412194087839794,23,25,8,17,0.028909003335051305,0,0,0,0,0,0,0,0,0,-1,0,0,0,0,0
1ki4,A,197,THR,-0.7,116.1,0.0,1,1,-,0.21830985915492956,-87.5,102.3,16.0,15.0,0.5161290322580645,1.905370782884494,28,39,8,31,0.03870076252918159,0,0,0,0,0,0,0,0,0,-1,0,0,0,0,0
1ki4,A,198,LEU,3.8,166.7,0.0,0,0,-,0.14634146341463414,-52.5,156.8,20.0,14.0,0.5882352941176471,2.2725644118586055,31,29,14,15,0.034970568550465285,0,0,0,0,0,0,0,0,0,-1,0,0,0,0,0
1ki4,A,199,PRO,-1.6,112.7,0.0,0,0,S,0.3602941176470588,-65.2,160.3,13.0,19.0,0.40625,2.136284107852763,29,26,10,16,0.03776821403450251,0,0,0,0,0,0,1,0,0,2,6287,10,0,521,1
1ki4,A,200,GLY,-0.4,60.1,0.0,0,0,S,0.023809523809523808,54.9,47.7,18.0,13.0,0.5806451612903226,2.669152727882021,34,28,10,18,0.04989134446533048,0,0,0,0,0,0,1,0,0,2,6287,10,0,521,1
1ki4,A,201,THR,-0.7,116.1,0.0,1,1,E,0.014084507042253521,-100.2,103.4,16.0,24.0,0.4,2.6366524142673478,37,35,7,28,0.053621538444046775,0,0,1,0,0,0,0,0,0,2,6287,10,0,521,1
1ki4,A,202,ASN,-3.5,114.1,0.0,2,2,E,0.0,-98.4,120.9,22.0,17.0,0.5641025641025641,4.983522052609032,35,27,6,21,0.05455408693872585,0,0,1,0,0,0,0,0,0,-1,0,0,0,0,0
1ki4,A,203,ILE,4.5,166.7,0.0,0,0,E,0.005917159763313609,-111.6,121.8,20.0,22.0,0.47619047619047616,6.2293797287042025,37,31,8,23,0.05502036118606539,0,0,1,0,0,0,0,0,0,-1,0,0,0,0,0
1ki4,A,204,VAL,4.2,140.0,0.0,0,0,E,0.0,-101.0,125.5,23.0,17.0,0.575,5.819293620752737,40,24,12,12,0.04989134446533048,0,0,1,0,0,0,0,0,0,-1,0,0,0,0,0
1ki4,A,205,LEU,3.8,166.7,0.0,0,0,E,0.03048780487804878,-112.5,152.3,16.0,24.0,0.4,2.700685786603046,37,13,11,2,0.048492521723311866,0,0,1,0,0,0,0,0,0,-1,0,0,0,0,0
1ki4,A,206,GLY,-0.4,60.1,0.0,0,0,E,0.25,-100.7,150.3,23.0,14.0,0.6216216216216216,2.0030932317010435,34,28,18,10,0.04662742473395372,0,0,1,0,0,0,0,0,0,-1,0,0,0,0,0
1ki4,A,207,ALA,1.8,88.6,0.0,0,0,E,0.3490566037735849,-115.8,131.9,8.0,22.0,0.26666666666666666,2.00291438687392,29,29,20,9,0.03450429430312575,0,0,1,0,0,0,0,0,0,-1,0,0,0,0,0
1ki4,A,208,LEU,3.8,166.7,0.0,0,0,-,0.054878048780487805,-167.0,126.6,24.0,6.0,0.8,2.5510645357382913,27,44,37,7,0.043363505002576956,0,0,0,0,0,0,0,0,0,-1,0,0,0,0,0
1ki4,A,209,PRO,-1.6,112.7,0.0,0,0,-,0.41911764705882354,-53.1,140.4,5.0,14.0,0.2631578947368421,2.1765373222254825,19,37,37,0,0.029375277582390842,0,0,0,0,0,0,0,0,0,-1,0,0,0,0,0
1ki4,A,210,GLU,-3.5,138.4,-1.0,1,3,H,0.5154639175257731,-48.1,-61.9,7.0,17.0,0.2916666666666667,2.0135619478079683,20,30,15,15,0.03124037457174899,1,0,0,0,0,0,0,0,0,-1,0,0,0,0,0
1ki4,A,211,ASP,-3.5,111.1,-1.0,1,3,H,0.6625766871165644,-58.1,-31.1,0.0,16.0,0.0,1.7289686580474024,13,32,21,11,0.029375277582390842,1,0,0,0,0,0,0,0,0,-1,0,0,0,0,0
1ki4,A,212,ARG,-4.5,173.4,1.0,5,0,H,0.33064516129032256,-68.3,-47.2,9.0,10.0,0.47368421052631576,2.028781285848521,22,28,35,-7,0.03730193978716297,1,0,0,0,0,0,0,0,0,-1,0,0,0,0,0
1ki4,A,213,HIS,-3.2,153.2,0.1,2,1,H,0.005434782608695652,-65.8,-32.4,18.0,13.0,0.5806451612903226,3.34613216168705,32,54,31,23,0.05035761871267001,1,0,0,0,0,0,0,0,0,1,7995,9,0,786,1
1ki4,A,214,ILE,4.5,166.7,0.0,0,0,H,0.2958579881656805,-65.3,-39.9,6.0,21.0,0.2222222222222222,2.353026580761156,22,38,29,9,0.04196468226055834,1,0,0,0,0,0,0,0,0,-1,0,0,0,0,0
1ki4,A,215,ASP,-3.5,111.1,-1.0,1,3,H,0.656441717791411,-61.8,-48.3,6.0,14.0,0.3,1.7541572621089079,18,42,15,27,0.03310547156110714,1,0,0,0,0,0,0,0,0,1,7995,9,0,786,1
1ki4,A,216,ARG,-4.5,173.4,1.0,5,0,H,0.14919354838709678,-62.2,-56.1,18.0,9.0,0.6666666666666666,2.1233070906228475,29,44,24,20,0.043363505002576956,1,0,0,0,0,0,0,0,0,1,7995,9,0,786,1
1ki4,A,217,LEU,3.8,166.7,0.0,0,0,H,0.024390243902439025,-44.0,-46.9,18.0,11.0,0.6206896551724138,4.534146557717333,31,60,25,35,0.04662742473395372,1,0,0,0,0,0,0,0,0,1,7995,9,0,786,1
1ki4,A,218,ALA,1.8,88.6,0.0,0,0,H,0.46226415094339623,-56.3,-45.1,7.0,15.0,0.3181818181818182,2.1044703311643955,21,47,17,30,0.03124037457174899,1,0,0,0,0,0,0,0,0,1,7995,9,0,786,1
1ki4,A,219,LYS,-3.9,168.6,1.0,2,0,H,0.45365853658536587,-54.8,-55.5,8.0,9.0,0.47058823529411764,1.9005147869268069,20,40,10,30,0.025645083603674543,1,0,0,0,0,0,0,0,0,1,7995,9,0,786,1
1ki4,A,220,ARG,-4.5,173.4,1.0,5,0,-,0.7419354838709677,-133.8,127.9,5.0,16.0,0.23809523809523808,1.9603972991717271,13,26,7,19,0.030774100324409453,0,0,0,0,0,0,0,0,0,1,7995,9,0,786,1
1ki4,A,221,GLN,-3.5,143.8,0.0,2,2,-,0.2727272727272727,-135.1,140.0,14.0,9.0,0.6086956521739131,2.0916309402000177,21,53,13,40,0.040565859518539735,0,0,0,0,0,0,0,0,0,1,7995,9,0,786,1
1ki4,A,222,ARG,-4.5,173.4,1.0,5,0,-,0.20161290322580644,-60.4,158.5,18.0,9.0,0.6666666666666666,2.0228156708689573,27,43,21,22,0.03357174580844668,0,0,0,0,0,0,0,0,0,-1,0,0,0,0,0
1ki4,A,223,PRO,-1.6,112.7,0.0,0,0,T,0.4338235294117647,-72.3,130.7,7.0,14.0,0.3333333333333333,1.909970628455018,18,34,24,10,0.027510180593032695,0,0,0,0,0,1,0,0,0,-1,0,0,0,0,0
1ki4,A,224,GLY,-0.4,60.1,0.0,0,0,T,0.39285714285714285,109.7,-17.8,14.0,7.0,0.6666666666666666,1.7095498204048911,19,27,18,9,0.03776821403450251,0,0,0,0,0,1,0,0,0,-1,0,0,0,0,0
1ki4,A,225,GLU,-3.5,138.4,-1.0,1,3,-,0.13402061855670103,-64.0,172.9,12.0,14.0,0.46153846153846156,2.703819495667296,26,44,9,35,0.040565859518539735,0,0,0,0,0,0,0,0,0,-1,0,0,0,0,0
1ki4,A,226,ARG,-4.5,173.4,1.0,5,0,-,0.3870967741935484,-151.7,138.8,12.0,14.0,0.46153846153846156,2.0845163324779157,24,19,20,-1,0.03170664881908853,0,0,0,0,0,0,0,0,0,-1,0,0,0,0,0
1ki4,A,227,LEU,3.8,166.7,0.0,0,0,-,0.5182926829268293,-69.8,107.3,8.0,19.0,0.2962962962962963,1.994524843686125,20,27,21,6,0.03170664881908853,0,0,0,0,0,0,0,0,0,-1,0,0,0,0,0
1ki4,A,228,ASP,-3.5,111.1,-1.0,1,3,-,0.17177914110429449,-118.4,95.7,16.0,8.0,0.6666666666666666,2.0595717494010155,22,26,12,14,0.03450429430312575,0,0,0,0,0,0,0,0,0,-1,0,0,0,0,0
1ki4,A,229,LEU,3.8,166.7,0.0,0,0,H,0.5853658536585366,-60.3,-24.3,5.0,18.0,0.21739130434782608,1.8596448338892655,22,20,20,0,0.02844272908771177,1,0,0,0,0,0,0,0,0,-1,0,0,0,0,0
1ki4,A,230,ALA,1.8,88.6,0.0,0,0,H,0.5094339622641509,-75.3,-54.4,8.0,14.0,0.36363636363636365,1.8115151890759946,23,21,16,5,0.025645083603674543,1,0,0,0,0,0,0,0,0,-1,0,0,0,0,0
1ki4,A,231,MET,1.9,162.9,0.0,0,0,H,0.005319148936170213,-54.0,-30.0,16.0,18.0,0.47058823529411764,3.7883396557864524,35,39,13,26,0.04243095650789788,1,0,0,0,0,0,0,0,0,-1,0,0,0,0,0
1ki4,A,232,LEU,3.8,166.7,0.0,0,0,H,0.018292682926829267,-67.2,-48.6,14.0,19.0,0.42424242424242425,2.7480385964894887,36,41,21,20,0.04476232774459557,1,0,0,0,0,0,0,0,0,-1,0,0,0,0,0
1ki4,A,233,ALA,1.8,88.6,0.0,0,0,H,0.4056603773584906,-65.8,-37.1,5.0,22.0,0.18518518518518517,1.7778781453018824,22,32,16,16,0.032639197313767604,1,0,0,0,0,0,0,0,0,-1,0,0,0,0,0
1ki4,A,234,ALA,1.8,88.6,0.0,0,0,H,0.09433962264150944,-61.7,-52.2,15.0,12.0,0.5555555555555556,2.3286362896350314,30,40,9,31,0.04149840801321881,1,0,0,0,0,0,0,0,0,-1,0,0,0,0,0
1ki4,A,235,ILE,4.5,166.7,0.0,0,0,H,0.0,-68.7,-35.6,17.0,16.0,0.5151515151515151,4.946743492110647,39,49,6,43,0.0526889899493677,1,0,0,0,0,0,0,0,0,-1,0,0,0,0,0
1ki4,A,236,ARG,-4.5,173.4,1.0,5,0,H,0.29435483870967744,-68.5,-33.8,13.0,22.0,0.37142857142857144,1.996899715144499,28,27,11,16,0.04196468226055834,1,0,0,0,0,0,0,0,0,11,78,17,0,15,1
1ki4,A,237,ARG,-4.5,173.4,1.0,5,0,H,0.4959677419354839,-60.6,-50.8,15.0,16.0,0.4838709677419355,1.8501525739758649,27,8,8,0,0.034970568550465285,1,0,0,0,0,0,0,0,0,11,78,17,0,15,1
1ki4,A,238,VAL,4.2,140.0,0.0,0,0,H,0.0,-54.7,-52.7,19.0,17.0,0.5277777777777778,4.749463210591744,37,20,2,18,0.048026247475972325,1,0,0,0,0,0,0,0,0,11,78,17,0,15,1
1ki4,A,239,TYR,-1.3,193.6,0.0,1,1,H,0.04504504504504504,-63.8,-31.1,18.0,19.0,0.4864864864864865,3.368975028885032,43,37,8,29,0.043363505002576956,1,0,0,0,0,0,0,0,0,11,78,17,0,15,1
1ki4,A,240,GLY,-0.4,60.1,0.0,0,0,H,0.4166666666666667,-65.8,-45.6,9.0,21.0,0.3,1.7098179973617722,30,27,8,19,0.03403802005578621,1,0,0,0,0,0,0,0,0,11,78,17,0,15,1
1ki4,A,241,LEU,3.8,166.7,0.0,0,0,H,0.08536585365853659,-66.3,-47.1,18.0,14.0,0.5625,2.899677734778962,33,22,8,14,0.043363505002576956,1,0,0,0,0,0,0,0,0,11,78,17,0,15,1
1ki4,A,242,LEU,3.8,166.7,0.0,0,0,H,0.018292682926829267,-56.0,-44.4,24.0,20.0,0.5454545454545454,4.810609915971896,36,14,8,6,0.04616115048661418,1,0,0,0,0,0,0,0,0,11,78,17,0,15,1
1ki4,A,243,ALA,1.8,88.6,0.0,0,0,H,0.2169811320754717,-61.4,-31.8,13.0,21.0,0.38235294117647056,2.264622487469918,31,16,4,12,0.03683566553982344,1,0,0,0,0,0,0,0,0,11,78,17,0,15,1
1ki4,A,244,ASN,-3.5,114.1,0.0,2,2,H,0.21656050955414013,-75.0,-41.2,15.0,15.0,0.5,2.626707816339292,29,26,8,18,0.043829779249916496,1,0,0,0,0,0,0,0,0,11,78,17,0,15,1
1ki4,A,245,THR,-0.7,116.1,0.0,1,1,H,0.0,-59.6,-44.0,20.0,19.0,0.5128205128205128,5.784566460067284,40,29,5,24,0.05502036118606539,1,0,0,0,0,0,0,0,0,-1,0,0,0,0,0
1ki4,A,246,VAL,4.2,140.0,0.0,0,0,H,0.02112676056338028,-58.6,-46.5,13.0,22.0,0.37142857142857144,2.708591620620772,36,36,1,35,0.04616115048661418,1,0,0,0,0,0,0,0,0,-1,0,0,0,0,0
1ki4,A,247,ARG,-4.5,173.4,1.0,5,0,H,0.5443548387096774,-64.7,-34.8,12.0,18.0,0.4,1.9301419725995812,25,13,4,9,0.040099585271200194,1,0,0,0,0,0,0,0,0,-1,0,0,0,0,0
1ki4,A,248,TYR,-1.3,193.6,0.0,1,1,H,0.0,-61.2,-57.6,19.0,11.0,0.6333333333333333,3.494875213677051,33,39,18,21,0.050823892960009553,1,0,0,0,0,0,0,0,0,7,838,4,0,47,1
1ki4,A,249,LEU,3.8,166.7,0.0,0,0,H,0.024390243902439025,-53.8,-49.0,20.0,15.0,0.5714285714285714,2.9138105402706755,32,35,2,33,0.04616115048661418,1,0,0,0,0,0,0,0,0,-1,0,0,0,0,0
1ki4,A,250,GLN,-3.5,143.8,0.0,2,2,H,0.5202020202020202,-63.2,-27.1,11.0,12.0,0.4782608695652174,1.865210126536309,23,39,0,39,0.032639197313767604,1,0,0,0,0,0,0,0,0,-1,0,0,0,0,0
1ki4,A,251,CYS,2.5,108.5,0.0,1,0,T,0.45925925925925926,-84.2,1.1,12.0,7.0,0.631578947368421,1.8334423240432376,15,30,1,29,0.030307826077069916,0,0,0,0,0,1,0,0,0,-1,0,0,0,0,0
1ki4,A,252,GLY,-0.4,60.1,0.0,0,0,T,0.6309523809523809,97.7,3.7,2.0,19.0,0.09523809523809523,1.7097455736124691,18,24,10,14,0.027043906345693154,0,0,0,0,0,1,0,0,0,-1,0,0,0,0,0
1ki4,A,253,GLY,-0.4,60.1,0.0,0,0,-,0.03571428571428571,-64.1,138.8,20.0,5.0,0.8,1.8664317354908069,24,32,17,15,0.03776821403450251,0,0,0,0,0,0,0,0,0,-1,0,0,0,0,0
1ki4,A,254,SER,-0.8,89.0,0.0,1,1,-,0.3923076923076923,-118.2,122.6,2.0,26.0,0.07142857142857142,2.320646168189069,23,21,20,1,0.03870076252918159,0,0,0,0,0,0,0,0,0,7,838,4,0,47,1
1ki4,A,255,TRP,-0.9,227.8,0.0,1,0,H,0.05726872246696035,-65.0,-39.1,22.0,13.0,0.6285714285714286,2.509501249014895,31,13,24,-11,0.043829779249916496,1,0,0,0,0,0,0,0,0,7,838,4,0,47,1
1ki4,A,256,ARG,-4.5,173.4,1.0,5,0,H,0.4717741935483871,-59.1,-36.7,7.0,16.0,0.30434782608695654,1.8774066168596335,21,0,25,-25,0.032639197313767604,1,0,0,0,0,0,0,0,0,17,24,13,0,4,1
1ki4,A,257,GLU,-3.5,138.4,-1.0,1,3,H,0.6804123711340206,-79.7,-29.2,3.0,10.0,0.23076923076923078,1.7295133753828043,12,13,8,5,0.027043906345693154,1,0,0,0,0,0,0,0,0,7,838,4,0,47,1
1ki4,A,258,ASP,-3.5,111.1,-1.0,1,3,H,0.05521472392638037,-100.6,-12.4,15.0,7.0,0.6818181818181818,1.9400006997235568,21,24,10,14,0.03776821403450251,1,0,0,0,0,0,0,0,0,7,838,4,0,47,1
1ki4,A,259,TRP,-0.9,227.8,0.0,1,0,G,0.16299559471365638,-53.2,-23.3,13.0,13.0,0.5,2.4121538874304465,30,21,20,1,0.040565859518539735,0,0,0,1,0,0,0,0,0,7,838,4,0,47,1
1ki4,A,260,GLY,-0.4,60.1,0.0,0,0,G,0.6904761904761905,-75.3,-14.5,2.0,16.0,0.1111111111111111,1.7095455735984868,16,17,16,1,0.027043906345693154,0,0,0,1,0,0,0,0,0,7,838,4,0,47,1
1ki4,A,261,GLN,-3.5,143.8,0.0,2,2,G,0.5,-76.1,-24.0,11.0,5.0,0.6875,1.8197910911820705,19,15,18,-3,0.027043906345693154,0,0,0,1,0,0,0,0,0,7,838,4,0,47,1
1ki4,A,262,LEU,3.8,166.7,0.0,0,0,G,0.14634146341463414,-69.5,-10.6,17.0,4.0,0.8095238095238095,2.1232971435926213,23,21,12,9,0.034970568550465285,0,0,0,1,0,0,0,0,0,7,838,4,0,47,1
1ki4,A,263,SER,-0.8,89.0,0.0,1,1,-,0.8846153846153846,-106.0,360.0,6.0,5.0,0.5454545454545454,1.8135857567725788,12,12,2,10,0.017718421398902413,0,0,0,0,0,0,0,0,0,-1,0,0,0,0,0
1ki4,A,280,PRO,-1.6,112.7,0.0,0,0,-,0.9852941176470589,360.0,94.4,1.0,9.0,0.1,1.7676574736583432,9,23,0,23,0.01305567892550704,0,0,0,0,0,0,0,0,0,-1,0,0,0,0,0
1ki4,A,281,ARG,-4.5,173.4,1.0,5,0,-,0.43951612903225806,-170.4,161.9,16.0,4.0,0.8,1.8543844167973864,21,19,9,10,0.027043906345693154,0,0,0,0,0,0,0,0,0,-1,0,0,0,0,0
1ki4,A,282,PRO,-1.6,112.7,0.0,0,0,-,0.10294117647058823,-60.1,151.8,23.0,4.0,0.8518518518518519,1.8727488449332867,26,32,12,20,0.03823448828184205,0,0,0,0,0,0,0,0,0,-1,0,0,0,0,0
1ki4,A,283,HIS,-3.2,153.2,0.1,2,1,-,0.4891304347826087,-80.2,136.0,5.0,21.0,0.19230769230769232,1.9984465379468528,18,10,16,-6,0.03170664881908853,0,0,0,0,0,0,0,0,0,-1,0,0,0,0,0
1ki4,A,284,ILE,4.5,166.7,0.0,0,0,G,0.0,-50.1,-12.2,18.0,15.0,0.5454545454545454,3.148475499316158,29,25,22,3,0.05129016720734909,0,0,0,1,0,0,0,0,0,7,838,4,0,47,1
1ki4,A,285,GLY,-0.4,60.1,0.0,0,0,G,0.19047619047619047,-74.2,-18.8,5.0,19.0,0.20833333333333334,2.000457602037886,23,20,14,6,0.03450429430312575,0,0,0,1,0,0,0,0,0,-1,0,0,0,0,0
1ki4,A,286,ASP,-3.5,111.1,-1.0,1,3,G,0.50920245398773,-109.3,28.2,9.0,18.0,0.3333333333333333,2.087865181389415,21,27,0,27,0.03730193978716297,0,0,0,1,0,0,0,0,0,11,78,17,0,15,1
1ki4,A,287,THR,-0.7,116.1,0.0,1,1,S,0.0,-119.9,173.2,22.0,13.0,0.6285714285714286,4.663430846657221,33,29,13,16,0.0526889899493677,0,0,0,0,0,0,1,0,0,-1,0,0,0,0,0
1ki4,A,288,LEU,3.8,166.7,0.0,0,0,G,0.0,-67.0,-17.3,20.0,19.0,0.5128205128205128,6.307093828142912,38,12,5,7,0.050823892960009553,0,0,0,1,0,0,0,0,0,-1,0,0,0,0,0
1ki4,A,289,PHE,2.8,189.9,0.0,0,0,G,0.0,-63.9,-30.4,29.0,15.0,0.6590909090909091,4.619672708681115,40,12,18,-6,0.05222271570202816,0,0,0,1,0,0,0,0,0,-1,0,0,0,0,0
1ki4,A,290,THR,-0.7,116.1,0.0,1,1,G,0.24647887323943662,-64.0,-16.6,15.0,16.0,0.4838709677419355,2.2487313937783586,27,26,9,17,0.043829779249916496,0,0,0,1,0,0,0,0,0,-1,0,0,0,0,0
1ki4,A,291,LEU,3.8,166.7,0.0,0,0,G,0.06097560975609756,-78.5,-20.2,23.0,13.0,0.6388888888888888,2.305038461158898,36,18,5,13,0.03590311704514436,0,0,0,1,0,0,0,0,0,12,57,14,0,10,1
1ki4,A,292,PHE,2.8,189.9,0.0,0,0,G,0.005076142131979695,-96.8,26.7,21.0,13.0,0.6176470588235294,4.79790900353735,35,8,6,2,0.04476232774459557,0,0,0,1,0,0,0,0,0,-1,0,0,0,0,0
1ki4,A,293,ARG,-4.5,173.4,1.0,5,0,-,0.5161290322580645,-96.8,38.7,13.0,16.0,0.4482758620689655,1.835292877796225,22,0,8,-8,0.03916703677652112,0,0,0,0,0,0,0,0,0,-1,0,0,0,0,0
1ki4,A,294,ALA,1.8,88.6,0.0,0,0,-,0.009433962264150943,-82.7,120.7,14.0,10.0,0.5833333333333334,2.601756397107406,24,11,12,-1,0.0363693912924839,0,0,0,0,0,0,0,0,0,12,57,14,0,10,1
1ki4,A,295,PRO,-1.6,112.7,0.0,0,0,T,0.7352941176470589,-40.5,-24.2,0.0,20.0,0.0,1.9119926998114438,20,11,12,-1,0.025645083603674543,0,0,0,0,0,1,0,0,0,12,57,14,0,10,1
1ki4,A,296,GLU,-3.5,138.4,-1.0,1,3,T,0.44329896907216493,-85.9,-7.9,12.0,14.0,0.46153846153846156,1.760201030418618,23,5,1,4,0.03170664881908853,0,0,0,0,0,1,0,0,0,12,57,14,0,10,1
1ki4,A,297,LEU,3.8,166.7,0.0,0,0,S,0.0,-104.2,-3.6,18.0,14.0,0.5625,4.153690107190923,35,7,15,-8,0.048958795970651406,0,0,0,0,0,0,1,0,0,12,57,14,0,10,1
1ki4,A,298,LEU,3.8,166.7,0.0,0,0,B,0.2073170731707317,-108.4,148.8,8.0,14.0,0.36363636363636365,2.1522792041130883,22,10,18,-8,0.04429605349725603,0,1,0,0,0,0,0,0,0,19,92,3,0,3,1
1ki4,A,299,ALA,1.8,88.6,0.0,0,0,-,0.18867924528301888,-77.8,157.7,9.0,10.0,0.47368421052631576,2.095099690016102,16,0,17,-17,0.032172923066428064,0,0,0,0,0,0,0,0,0,19,92,3,0,3,1
1ki4,A,300,PRO,-1.6,112.7,0.0,0,0,T,0.9852941176470589,-43.7,-23.2,0.0,11.0,0.0,1.8713975567658294,11,0,12,-12,0.019117244140921023,0,0,0,0,0,1,0,0,0,19,92,3,0,3,1
1ki4,A,301,ASN,-3.5,114.1,0.0,2,2,T,0.7133757961783439,-97.6,9.9,2.0,8.0,0.2,1.8135709502990507,9,0,8,-8,0.017252147151562876,0,0,0,0,0,1,0,0,0,19,92,3,0,3,1
1ki4,A,302,GLY,-0.4,60.1,0.0,0,0,S,0.4880952380952381,94.9,-15.5,5.0,12.0,0.29411764705882354,1.7095874154975998,15,10,12,-2,0.024246260861655933,0,0,0,0,0,0,1,0,0,19,92,3,0,3,1
1ki4,A,303,ASP,-3.5,111.1,-1.0,1,3,P,0.5828220858895705,-67.0,151.6,7.0,14.0,0.3333333333333333,1.9399909238225166,20,2,3,-1,0.02984155182973038,0,0,0,0,0,0,0,0,0,19,92,3,0,3,1
1ki4,A,304,LEU,3.8,166.7,0.0,0,0,B,0.13414634146341464,-80.8,139.4,16.0,12.0,0.5714285714285714,2.3606267342276905,29,14,17,-3,0.04616115048661418,0,1,0,0,0,0,0,0,0,19,92,3,0,3,1
1ki4,A,305,TYR,-1.3,193.6,0.0,1,1,P,0.21621621621621623,-68.0,144.1,22.0,11.0,0.6666666666666666,2.232969192071309,29,3,22,-19,0.04289723075523742,0,0,0,0,0,0,0,0,0,19,92,3,0,3,1
1ki4,A,306,ASN,-3.5,114.1,0.0,2,2,H,0.29936305732484075,-53.2,-41.4,13.0,17.0,0.43333333333333335,2.2818454344158816,30,19,23,-4,0.04196468226055834,1,0,0,0,0,0,0,0,0,20,24,9,0,2,1
1ki4,A,307,VAL,4.2,140.0,0.0,0,0,H,0.0,-47.7,-49.8,24.0,20.0,0.5454545454545454,5.855526847509368,39,2,15,-13,0.050823892960009553,1,0,0,0,0,0,0,0,0,17,24,13,0,4,1
1ki4,A,308,PHE,2.8,189.9,0.0,0,0,H,0.0,-71.0,-31.2,20.0,23.0,0.46511627906976744,4.936926072835698,37,2,15,-13,0.05035761871267001,1,0,0,0,0,0,0,0,0,-1,0,0,0,0,0
1ki4,A,309,ALA,1.8,88.6,0.0,0,0,H,0.04716981132075472,-68.2,-35.1,12.0,21.0,0.36363636363636365,3.4388036229405317,28,10,15,-5,0.04662742473395372,1,0,0,0,0,0,0,0,0,-1,0,0,0,0,0
1ki4,A,310,TRP,-0.9,227.8,0.0,1,0,H,0.08370044052863436,-67.5,-46.7,17.0,16.0,0.5151515151515151,3.1341801984803785,34,8,18,-10,0.045694876239274644,1,0,0,0,0,0,0,0,0,17,24,13,0,4,1
1ki4,A,311,ALA,1.8,88.6,0.0,0,0,H,0.0,-54.4,-22.7,23.0,17.0,0.575,6.405813944797453,39,18,8,10,0.05222271570202816,1,0,0,0,0,0,0,0,0,-1,0,0,0,0,0
1ki4,A,312,LEU,3.8,166.7,0.0,0,0,H,0.0,-84.5,-17.6,22.0,23.0,0.4888888888888889,4.912382830955033,40,19,8,11,0.04755997322863279,1,0,0,0,0,0,0,0,0,-1,0,0,0,0,0
1ki4,A,313,ASP,-3.5,111.1,-1.0,1,3,H,0.2147239263803681,-79.3,-32.6,12.0,17.0,0.41379310344827586,1.882599309181584,29,30,0,30,0.04196468226055834,1,0,0,0,0,0,0,0,0,17,24,13,0,4,1
1ki4,A,314,VAL,4.2,140.0,0.0,0,0,H,0.0,-70.0,-51.5,23.0,14.0,0.6216216216216216,3.919426395113345,38,26,11,15,0.04709369898129325,1,0,0,0,0,0,0,0,0,-1,0,0,0,0,0
1ki4,A,315,LEU,3.8,166.7,0.0,0,0,H,0.0,-51.3,-51.1,22.0,20.0,0.5238095238095238,5.996412418051546,37,27,8,19,0.04709369898129325,1,0,0,0,0,0,0,0,0,-1,0,0,0,0,0
1ki4,A,316,ALA,1.8,88.6,0.0,0,0,H,0.07547169811320754,-58.0,-47.3,15.0,21.0,0.4166666666666667,2.7284438580479025,29,35,8,27,0.04616115048661418,1,0,0,0,0,0,0,0,0,-1,0,0,0,0,0
1ki4,A,317,LYS,-3.9,168.6,1.0,2,0,H,0.2926829268292683,-58.0,-54.9,14.0,17.0,0.45161290322580644,1.8707360288303623,28,22,8,14,0.0363693912924839,1,0,0,0,0,0,0,0,0,-1,0,0,0,0,0
1ki4,A,318,ARG,-4.5,173.4,1.0,5,0,H,0.10080645161290322,-61.2,-46.1,18.0,15.0,0.5454545454545454,2.371055713984363,30,23,6,17,0.04476232774459557,1,0,0,0,0,0,0,0,0,-1,0,0,0,0,0
1ki4,A,319,LEU,3.8,166.7,0.0,0,0,H,0.0,-72.5,-32.7,22.0,17.0,0.5641025641025641,5.544456581064125,37,40,3,37,0.045694876239274644,1,0,0,0,0,0,0,0,0,-1,0,0,0,0,0
1ki4,A,320,ARG,-4.5,173.4,1.0,5,0,H,0.4798387096774194,-59.0,-28.7,13.0,19.0,0.40625,2.0342940408879953,23,24,3,21,0.04196468226055834,1,0,0,0,0,0,0,0,0,-1,0,0,0,0,0
1ki4,A,321,SER,-0.8,89.0,0.0,1,1,T,0.4076923076923077,-89.7,-2.7,11.0,17.0,0.39285714285714285,1.8094994640793411,26,41,4,37,0.03683566553982344,0,0,0,0,0,1,0,0,0,-1,0,0,0,0,0
1ki4,A,322,MET,1.9,162.9,0.0,0,0,-,0.005319148936170213,-80.8,152.1,23.0,12.0,0.6571428571428571,3.77356955035071,36,41,1,40,0.04429605349725603,0,0,0,0,0,0,0,0,0,-1,0,0,0,0,0
1ki4,A,323,HIS,-3.2,153.2,0.1,2,1,E,0.2554347826086957,-110.6,105.7,14.0,19.0,0.42424242424242425,2.1941123833027536,27,11,5,6,0.040565859518539735,0,0,1,0,0,0,0,0,0,-1,0,0,0,0,0
1ki4,A,324,VAL,4.2,140.0,0.0,0,0,E,0.28169014084507044,-92.3,129.3,17.0,18.0,0.4857142857142857,2.0299347392756673,28,21,5,16,0.040099585271200194,0,0,1,0,0,0,0,0,0,-1,0,0,0,0,0
1ki4,A,325,PHE,2.8,189.9,0.0,0,0,E,0.17258883248730963,-125.0,133.8,19.0,12.0,0.6129032258064516,2.3798340796474666,28,12,2,10,0.03590311704514436,0,0,1,0,0,0,0,0,0,-1,0,0,0,0,0
1ki4,A,326,ILE,4.5,166.7,0.0,0,0,E,0.5207100591715976,-101.7,134.6,8.0,23.0,0.25806451612903225,1.917959600266716,24,5,11,-6,0.032172923066428064,0,0,1,0,0,0,0,0,0,-1,0,0,0,0,0
1ki4,A,327,LEU,3.8,166.7,0.0,0,0,E,0.018292682926829267,-121.4,124.7,25.0,7.0,0.78125,2.6027569318067094,36,14,21,-7,0.04196468226055834,0,0,1,0,0,0,0,0,0,-1,0,0,0,0,0
1ki4,A,328,ASP,-3.5,111.1,-1.0,1,3,E,0.4662576687116564,-79.9,112.6,7.0,22.0,0.2413793103448276,2.007837943958494,24,13,9,4,0.0363693912924839,0,0,1,0,0,0,0,0,0,-1,0,0,0,0,0
1ki4,A,329,TYR,-1.3,193.6,0.0,1,1,-,0.0,-83.6,-9.6,23.0,14.0,0.6216216216216216,3.837132077303993,38,39,21,18,0.048492521723311866,0,0,0,0,0,0,0,0,0,-1,0,0,0,0,0
1ki4,A,330,ASP,-3.5,111.1,-1.0,1,3,S,0.4049079754601227,-72.6,65.2,8.0,20.0,0.2857142857142857,1.9738794858593405,18,21,13,8,0.03730193978716297,0,0,0,0,0,0,1,0,0,-1,0,0,0,0,0
1ki4,A,331,GLN,-3.5,143.8,0.0,2,2,S,0.30808080808080807,-164.7,-175.8,13.0,11.0,0.5416666666666666,1.8622013829997508,21,17,23,-6,0.03124037457174899,0,0,0,0,0,0,1,0,0,-1,0,0,0,0,0
1ki4,A,332,SER,-0.8,89.0,0.0,1,1,-,0.5230769230769231,-81.3,152.0,3.0,17.0,0.15,2.0945836553940684,19,21,19,2,0.025645083603674543,0,0,0,0,0,0,0,0,0,-1,0,0,0,0,0
1ki4,A,333,PRO,-1.6,112.7,0.0,0,0,H,0.4338235294117647,-49.6,-42.0,9.0,15.0,0.375,2.2695709977822878,25,24,13,11,0.03590311704514436,1,0,0,0,0,0,0,0,0,-1,0,0,0,0,0
1ki4,A,334,ALA,1.8,88.6,0.0,0,0,H,0.4056603773584906,-56.5,-45.3,0.0,19.0,0.0,2.0330537961605173,19,12,9,3,0.02984155182973038,1,0,0,0,0,0,0,0,0,-1,0,0,0,0,0
1ki4,A,335,GLY,-0.4,60.1,0.0,0,0,H,0.15476190476190477,-67.5,-50.1,6.0,15.0,0.2857142857142857,1.8028289232606327,21,14,20,-6,0.03170664881908853,1,0,0,0,0,0,0,0,0,-1,0,0,0,0,0
1ki4,A,336,CYS,2.5,108.5,0.0,1,0,H,0.014814814814814815,-53.9,-52.0,21.0,11.0,0.65625,3.257998311028029,33,23,21,2,0.05129016720734909,1,0,0,0,0,0,0,0,0,-1,0,0,0,0,0
1ki4,A,337,ARG,-4.5,173.4,1.0,5,0,H,0.29435483870967744,-53.4,-52.6,10.0,17.0,0.37037037037037035,2.943800174312324,19,0,8,-8,0.04662742473395372,1,0,0,0,0,0,0,0,0,-1,0,0,0,0,0
1ki4,A,338,ASP,-3.5,111.1,-1.0,1,3,H,0.44171779141104295,-58.9,-29.1,5.0,15.0,0.25,1.856078099713577,18,11,1,10,0.035436842797804825,1,0,0,0,0,0,0,0,0,-1,0,0,0,0,0
1ki4,A,339,ALA,1.8,88.6,0.0,0,0,H,0.22641509433962265,-79.1,-49.5,16.0,11.0,0.5925925925925926,1.8340754074030539,23,11,16,-5,0.03870076252918159,1,0,0,0,0,0,0,0,0,-1,0,0,0,0,0
1ki4,A,340,LEU,3.8,166.7,0.0,0,0,H,0.0,-50.0,-46.7,25.0,14.0,0.6410256410256411,3.159664322245402,38,13,13,0,0.04429605349725603,1,0,0,0,0,0,0,0,0,-1,0,0,0,0,0
1ki4,A,341,LEU,3.8,166.7,0.0,0,0,H,0.5365853658536586,-65.4,-25.9,11.0,17.0,0.39285714285714285,1.9840808889360235,27,11,8,3,0.035436842797804825,1,0,0,0,0,0,0,0,0,-1,0,0,0,0,0
1ki4,A,342,GLN,-3.5,143.8,0.0,2,2,H,0.6666666666666666,-70.2,-42.7,8.0,10.0,0.4444444444444444,1.8053749878977565,17,6,8,-2,0.027510180593032695,1,0,0,0,0,0,0,0,0,-1,0,0,0,0,0
1ki4,A,343,LEU,3.8,166.7,0.0,0,0,H,0.2926829268292683,-63.5,-33.1,17.0,7.0,0.7083333333333334,1.988204794940748,27,4,5,-1,0.03776821403450251,1,0,0,0,0,0,0,0,0,-1,0,0,0,0,0
1ki4,A,344,THR,-0.7,116.1,0.0,1,1,G,0.3028169014084507,-44.4,-33.1,17.0,14.0,0.5483870967741935,2.121399334012583,25,5,2,3,0.0363693912924839,0,0,0,1,0,0,0,0,0,-1,0,0,0,0,0
1ki4,A,345,SER,-0.8,89.0,0.0,1,1,G,0.823076923076923,-61.3,-12.6,2.0,14.0,0.125,1.7784589580274857,16,0,1,-1,0.02144861537761871,0,0,0,1,0,0,0,0,0,-1,0,0,0,0,0
1ki4,A,346,GLY,-0.4,60.1,0.0,0,0,G,0.6190476190476191,-125.8,10.7,8.0,11.0,0.42105263157894735,1.7095529771380717,18,10,0,10,0.022381163872297785,0,0,0,1,0,0,0,0,0,-1,0,0,0,0,0
1ki4,A,347,MET,1.9,162.9,0.0,0,0,S,0.07446808510638298,-80.9,160.1,22.0,8.0,0.7333333333333333,2.6304974970531654,32,15,1,14,0.03870076252918159,0,0,0,0,0,0,1,0,0,-1,0,0,0,0,0
1ki4,A,348,VAL,4.2,140.0,0.0,0,0,P,0.23943661971830985,-96.6,123.4,15.0,17.0,0.46875,2.3991013815721547,31,22,9,13,0.040565859518539735,0,0,0,0,0,0,0,0,0,2,6287,10,0,521,1
1ki4,A,349,GLN,-3.5,143.8,0.0,2,2,P,0.2828282828282828,-94.0,169.3,15.0,16.0,0.4838709677419355,2.182570084887163,31,22,9,13,0.045228601991935104,0,0,0,0,0,0,0,0,0,2,6287,10,0,521,1
1ki4,A,350,THR,-0.7,116.1,0.0,1,1,E,0.014084507042253521,-150.1,158.8,18.0,15.0,0.5454545454545454,4.672644576142708,31,27,9,18,0.048492521723311866,0,0,1,0,0,0,0,0,0,22,24,5,0,1,1
1ki4,A,351,HIS,-3.2,153.2,0.1,2,1,E,0.41304347826086957,-80.9,166.9,7.0,24.0,0.22580645161290322,2.2951757848246936,25,3,7,-4,0.04103213376587927,0,0,1,0,0,0,0,0,0,22,24,5,0,1,1
1ki4,A,352,VAL,4.2,140.0,0.0,0,0,E,0.056338028169014086,-99.2,174.7,19.0,14.0,0.5757575757575758,3.366197936663587,29,22,4,18,0.05035761871267001,0,0,1,0,0,0,0,0,0,22,24,5,0,1,1
1ki4,A,353,THR,-0.7,116.1,0.0,1,1,S,0.5774647887323944,-91.5,-30.1,8.0,15.0,0.34782608695652173,1.9746798913504608,19,18,0,18,0.03403802005578621,0,0,0,0,0,0,1,0,0,-1,0,0,0,0,0
1ki4,A,354,THR,-0.7,116.1,0.0,1,1,S,0.4154929577464789,-132.5,170.1,7.0,11.0,0.3888888888888889,1.9848226912061657,16,14,0,14,0.025645083603674543,0,0,0,0,0,0,1,0,0,-1,0,0,0,0,0
1ki4,A,355,PRO,-1.6,112.7,0.0,0,0,T,0.8676470588235294,-63.6,-49.8,0.0,17.0,0.0,1.8338354783157091,13,7,0,7,0.02471253510899547,0,0,0,0,0,1,0,0,0,-1,0,0,0,0,0
1ki4,A,356,GLY,-0.4,60.1,0.0,0,0,T,0.36904761904761907,-75.5,11.8,0.0,18.0,0.0,1.7096703642512274,15,10,4,6,0.025178809356335007,0,0,0,0,0,1,0,0,0,-1,0,0,0,0,0
1ki4,A,357,SER,-0.8,89.0,0.0,1,1,H,0.0,-64.8,-57.6,19.0,8.0,0.7037037037037037,2.8831943049759903,28,14,3,11,0.03916703677652112,1,0,0,0,0,0,0,0,0,-1,0,0,0,0,0
1ki4,A,358,ILE,4.5,166.7,0.0,0,0,H,0.15976331360946747,-41.5,-51.3,14.0,19.0,0.42424242424242425,2.5469423707679697,32,15,12,3,0.04196468226055834,1,0,0,0,0,0,0,0,0,-1,0,0,0,0,0
1ki4,A,359,PRO,-1.6,112.7,0.0,0,0,H,0.5073529411764706,-63.0,-42.8,3.0,20.0,0.13043478260869565,1.9406945546327419,19,12,8,4,0.02797645484037223,1,0,0,0,0,0,0,0,0,-1,0,0,0,0,0
1ki4,A,360,THR,-0.7,116.1,0.0,1,1,H,0.49295774647887325,-62.2,-48.0,11.0,11.0,0.5,1.889424618768233,21,12,8,4,0.032639197313767604,1,0,0,0,0,0,0,0,0,-1,0,0,0,0,0
1ki4,A,361,ILE,4.5,166.7,0.0,0,0,H,0.011834319526627219,-60.6,-47.9,25.0,12.0,0.6756756756756757,2.8328205080331808,35,23,8,15,0.04289723075523742,1,0,0,0,0,0,0,0,0,-1,0,0,0,0,0
1ki4,A,362,CYS,2.5,108.5,0.0,1,0,H,0.11851851851851852,-57.3,-44.0,9.0,19.0,0.32142857142857145,2.75457563238862,26,11,13,-2,0.040099585271200194,1,0,0,0,0,0,0,0,0,-1,0,0,0,0,0
1ki4,A,363,ASP,-3.5,111.1,-1.0,1,3,H,0.6196319018404908,-66.4,-41.3,5.0,19.0,0.20833333333333334,1.8310371659533844,21,17,0,17,0.034970568550465285,1,0,0,0,0,0,0,0,0,-1,0,0,0,0,0
1ki4,A,364,LEU,3.8,166.7,0.0,0,0,H,0.0975609756097561,-61.4,-48.7,18.0,14.0,0.5625,2.3167076005796767,35,18,14,4,0.040565859518539735,1,0,0,0,0,0,0,0,0,27,0,13,0,0,1
1ki4,A,365,ALA,1.8,88.6,0.0,0,0,H,0.02830188679245283,-63.2,-32.4,19.0,19.0,0.5,3.711208550499202,29,19,12,7,0.048958795970651406,1,0,0,0,0,0,0,0,0,13,49,9,0,5,1
1ki4,A,366,ARG,-4.5,173.4,1.0,5,0,H,0.5564516129032258,-81.0,-33.9,8.0,17.0,0.32,1.9196285679259824,23,9,12,-3,0.03963331102386066,1,0,0,0,0,0,0,0,0,13,49,9,0,5,1
1ki4,A,367,THR,-0.7,116.1,0.0,1,1,H,0.15492957746478872,-75.5,-33.3,12.0,13.0,0.48,2.301983118971555,23,21,17,4,0.03823448828184205,1,0,0,0,0,0,0,0,0,27,0,13,0,0,1
1ki4,A,368,PHE,2.8,189.9,0.0,0,0,H,0.01015228426395939,-60.4,-56.9,22.0,16.0,0.5789473684210527,5.776779688362262,38,16,24,-8,0.05222271570202816,1,0,0,0,0,0,0,0,0,-1,0,0,0,0,0
1ki4,A,369,ALA,1.8,88.6,0.0,0,0,H,0.2358490566037736,-46.5,-65.9,13.0,17.0,0.43333333333333335,2.2088877386447923,27,19,24,-5,0.043829779249916496,1,0,0,0,0,0,0,0,0,21,15,14,0,2,1
1ki4,A,370,ARG,-4.5,173.4,1.0,5,0,H,0.7580645161290323,-43.3,-42.3,7.0,16.0,0.30434782608695654,1.8385905674974397,19,7,13,-6,0.02844272908771177,1,0,0,0,0,0,0,0,0,21,15,14,0,2,1
1ki4,A,371,GLU,-3.5,138.4,-1.0,1,3,H,0.14948453608247422,-88.9,-34.9,15.0,13.0,0.5357142857142857,1.9102116989207276,30,15,8,7,0.03683566553982344,1,0,0,0,0,0,0,0,0,21,15,14,0,2,1
1ki4,A,372,MET,1.9,162.9,0.0,0,0,H,0.0,-110.4,-18.8,21.0,9.0,0.7,3.740199437907706,33,15,24,-9,0.04616115048661418,1,0,0,0,0,0,0,0,0,21,15,14,0,2,1
1ki4,A,373,GLY,-0.4,60.1,0.0,0,0,-,0.2857142857142857,-76.2,129.4,12.0,14.0,0.46153846153846156,1.9154226760112931,21,14,26,-12,0.03683566553982344,0,0,0,0,0,0,0,0,0,21,15,14,0,2,1
1ki4,A,374,GLU,-3.5,138.4,-1.0,1,3,-,0.6597938144329897,-89.0,360.0,9.0,10.0,0.47368421052631576,1.7084403586538015,19,19,11,8,0.023779986614316396,0,0,0,0,0,0,0,0,0,21,15,14,0,2,1
1ki4,B,46,MET,1.9,162.9,0.0,0,0,-,0.5957446808510638,360.0,145.9,14.0,5.0,0.7368421052631579,1.7676007920132935,18,10,1,9,0.020049792635600097,0,0,0,0,0,0,0,0,0,26,3,1,0,0,1
1ki4,B,47,PRO,-1.6,112.7,0.0,0,0,-,0.3161764705882353,-70.2,155.1,15.0,12.0,0.5555555555555556,2.1060721385168093,24,11,0,11,0.030307826077069916,0,0,0,0,0,0,0,0,0,26,3,1,0,0,1
1ki4,B,48,THR,-0.7,116.1,0.0,1,1,E,0.1619718309859155,-112.4,172.2,11.0,20.0,0.3548387096774194,2.3281988837247725,29,14,6,8,0.04289723075523742,0,0,1,0,0,0,0,0,0,26,3,1,0,0,1
1ki4,B,49,LEU,3.8,166.7,0.0,0,0,E,0.0,-138.8,149.5,26.0,15.0,0.6341463414634146,5.986770065626217,44,26,9,17,0.05035761871267001,0,0,1,0,0,0,0,0,0,-1,0,0,0,0,0
1ki4,B,50,LEU,3.8,166.7,0.0,0,0,E,0.024390243902439025,-130.1,112.8,13.0,27.0,0.325,3.264149509064087,39,15,4,11,0.05035761871267001,0,0,1,0,0,0,0,0,0,-1,0,0,0,0,0
1ki4,B,51,ARG,-4.5,173.4,1.0,5,0,E,0.012096774193548387,-103.1,133.2,24.0,24.0,0.5,6.554436025278563,39,18,9,9,0.05129016720734909,0,0,1,0,0,0,0,0,0,3,2026,13,0,384,1
1ki4,B,52,VAL,4.2,140.0,0.0,0,0,E,0.0,-141.0,122.0,24.0,21.0,0.5333333333333333,4.788695918292532,36,25,8,17,0.0526889899493677,0,0,1,0,0,0,0,0,0,-1,0,0,0,0,0
1ki4,B,53,TYR,-1.3,193.6,0.0,1,1,E,0.018018018018018018,-108.4,122.3,17.0,24.0,0.4146341463414634,8.190226897156016,36,33,20,13,0.0526889899493677,0,0,1,0,0,0,0,0,0,-1,0,0,0,0,0
1ki4,B,54,ILE,4.5,166.7,0.0,0,0,E,0.0,-101.8,111.8,27.0,20.0,0.574468085106383,6.573353616454847,42,29,20,9,0.053155264196707235,0,0,1,0,0,0,0,0,0,-1,0,0,0,0,0
1ki4,B,55,ASP,-3.5,111.1,-1.0,1,3,E,0.0,-128.2,179.4,22.0,21.0,0.5116279069767442,5.589806492397539,35,36,11,25,0.05129016720734909,0,0,1,0,0,0,0,0,0,-1,0,0,0,0,0
1ki4,B,56,GLY,-0.4,60.1,0.0,0,0,S,0.0,136.3,-179.5,21.0,23.0,0.4772727272727273,3.553371322196859,38,49,16,33,0.04709369898129325,0,0,0,0,0,0,1,0,0,-1,0,0,0,0,0
1ki4,B,57,PRO,-1.6,112.7,0.0,0,0,S,0.058823529411764705,-58.6,151.2,24.0,17.0,0.5853658536585366,2.815949782517088,37,51,9,42,0.04755997322863279,0,0,0,0,0,0,1,0,0,-1,0,0,0,0,0
1ki4,B,58,HIS,-3.2,153.2,0.1,2,1,S,0.08152173913043478,-74.2,160.5,17.0,24.0,0.4146341463414634,3.6538109025497065,37,55,18,37,0.04196468226055834,0,0,0,0,0,0,1,0,0,10,120,14,0,24,1
1ki4,B,59,GLY,-0.4,60.1,0.0,0,0,S,0.05952380952380952,83.8,21.3,25.0,12.0,0.6756756756756757,2.3245746320715757,36,75,14,61,0.04755997322863279,0,0,0,0,0,0,1,0,0,-1,0,0,0,0,0
1ki4,B,60,MET,1.9,162.9,0.0,0,0,S,0.010638297872340425,-108.2,-13.1,21.0,19.0,0.525,2.3576752643519634,38,66,21,45,0.04755997322863279,0,0,0,0,0,0,1,0,0,-1,0,0,0,0,0
1ki4,B,61,GLY,-0.4,60.1,0.0,0,0,S,0.11904761904761904,97.4,29.7,20.0,18.0,0.5263157894736842,1.8563244483277568,38,46,14,32,0.0363693912924839,0,0,0,0,0,0,1,0,0,-1,0,0,0,0,0
1ki4,B,62,LYS,-3.9,168.6,1.0,2,0,H,0.04390243902439024,-64.4,-48.6,21.0,19.0,0.525,2.4052092688211983,37,33,22,11,0.04755997322863279,1,0,0,0,0,0,0,0,0,-1,0,0,0,0,0
1ki4,B,63,THR,-0.7,116.1,0.0,1,1,H,0.2605633802816901,-60.4,-41.9,9.0,25.0,0.2647058823529412,2.2260643295142213,29,31,19,12,0.04103213376587927,1,0,0,0,0,0,0,0,0,-1,0,0,0,0,0
1ki4,B,64,THR,-0.7,116.1,0.0,1,1,H,0.4225352112676056,-53.5,-66.4,12.0,16.0,0.42857142857142855,1.9276853536483922,28,21,5,16,0.03124037457174899,1,0,0,0,0,0,0,0,0,-1,0,0,0,0,0
1ki4,B,65,THR,-0.7,116.1,0.0,1,1,H,0.02112676056338028,-53.7,-43.3,20.0,14.0,0.5882352941176471,3.2636751670451503,33,23,10,13,0.04662742473395372,1,0,0,0,0,0,0,0,0,4,3533,6,0,289,1
1ki4,B,66,THR,-0.7,116.1,0.0,1,1,H,0.0,-56.3,-41.0,21.0,21.0,0.5,4.847811077524176,36,18,11,7,0.05222271570202816,1,0,0,0,0,0,0,0,0,4,3533,6,0,289,1
1ki4,B,67,GLN,-3.5,143.8,0.0,2,2,H,0.5555555555555556,-66.4,-50.8,8.0,21.0,0.27586206896551724,1.9305167330722557,23,9,6,3,0.03823448828184205,1,0,0,0,0,0,0,0,0,-1,0,0,0,0,0
1ki4,B,68,LEU,3.8,166.7,0.0,0,0,H,0.3170731707317073,-45.4,-58.7,15.0,10.0,0.6,2.0919193451383586,24,14,6,8,0.03823448828184205,1,0,0,0,0,0,0,0,0,4,3533,6,0,289,1
1ki4,B,69,LEU,3.8,166.7,0.0,0,0,H,0.03048780487804878,-53.1,-35.8,23.0,7.0,0.7666666666666667,2.451956198250518,33,13,8,5,0.04429605349725603,1,0,0,0,0,0,0,0,0,4,3533,6,0,289,1
1ki4,B,70,VAL,4.2,140.0,0.0,0,0,H,0.2323943661971831,-78.1,-22.0,17.0,10.0,0.6296296296296297,2.4804122971336446,23,6,7,-1,0.03730193978716297,1,0,0,0,0,0,0,0,0,-1,0,0,0,0,0
1ki4,B,71,ALA,1.8,88.6,0.0,0,0,T,0.8207547169811321,-77.0,3.6,7.0,9.0,0.4375,1.8080592457866387,16,8,1,7,0.023779986614316396,0,0,0,0,0,1,0,0,0,-1,0,0,0,0,0
1ki4,B,72,LEU,3.8,166.7,0.0,0,0,-,0.6707317073170732,-109.4,360.0,10.0,6.0,0.625,1.8874417858056003,14,11,8,3,0.02144861537761871,0,0,0,0,0,0,0,0,0,-1,0,0,0,0,0
1ki4,B,77,ASP,-3.5,111.1,-1.0,1,3,-,0.7975460122699386,360.0,4.9,7.0,18.0,0.28,1.7302141933351556,20,3,0,3,0.02471253510899547,0,0,0,0,0,0,0,0,0,-1,0,0,0,0,0
1ki4,B,78,ILE,4.5,166.7,0.0,0,0,E,0.23668639053254437,-145.2,116.1,10.0,20.0,0.3333333333333333,2.1371860699489877,27,5,8,-3,0.03403802005578621,0,0,1,0,0,0,0,0,0,-1,0,0,0,0,0
1ki4,B,79,VAL,4.2,140.0,0.0,0,0,E,0.1056338028169014,-126.3,151.4,18.0,18.0,0.5,2.466423308082157,33,13,14,-1,0.04196468226055834,0,0,1,0,0,0,0,0,0,24,8,10,0,0,1
1ki4,B,80,TYR,-1.3,193.6,0.0,1,1,E,0.15765765765765766,-106.4,154.6,17.0,23.0,0.425,2.2426647612864015,32,11,16,-5,0.045694876239274644,0,0,1,0,0,0,0,0,0,24,8,10,0,0,1
1ki4,B,81,VAL,4.2,140.0,0.0,0,0,E,0.04225352112676056,-135.1,98.9,21.0,19.0,0.525,4.437525998972591,38,17,17,0,0.048026247475972325,0,0,1,0,0,0,0,0,0,24,8,10,0,0,1
1ki4,B,82,PRO,-1.6,112.7,0.0,0,0,-,0.11764705882352941,-71.8,-176.1,16.0,21.0,0.43243243243243246,2.613931873379401,33,17,26,-9,0.04616115048661418,0,0,0,0,0,0,0,0,0,24,8,10,0,0,1
1ki4,B,83,GLU,-3.5,138.4,-1.0,1,3,-,0.11855670103092783,-82.8,137.3,17.0,24.0,0.4146341463414634,1.8978736703614558,31,27,17,10,0.04616115048661418,0,0,0,0,0,0,0,0,0,16,24,17,0,5,1
1ki4,B,84,PRO,-1.6,112.7,0.0,0,0,-,0.0,-82.5,55.7,23.0,16.0,0.5897435897435898,4.393588081308594,36,16,34,-18,0.053155264196707235,0,0,0,0,0,0,0,0,0,16,24,17,0,5,1
1ki4,B,85,MET,1.9,162.9,0.0,0,0,H,0.047872340425531915,-51.3,-38.7,8.0,26.0,0.23529411764705882,2.775016620896637,28,20,29,-9,0.043829779249916496,1,0,0,0,0,0,0,0,0,25,1,8,0,0,1
1ki4,B,86,THR,-0.7,116.1,0.0,1,1,H,0.18309859154929578,-63.7,-24.6,10.0,18.0,0.35714285714285715,2.848993122966689,27,14,27,-13,0.04243095650789788,1,0,0,0,0,0,0,0,0,25,1,8,0,0,1
1ki4,B,87,TYR,-1.3,193.6,0.0,1,1,I,0.009009009009009009,-76.3,-41.1,23.0,15.0,0.6052631578947368,4.299975977022693,39,6,16,-10,0.04989134446533048,0,0,0,0,1,0,0,0,0,25,1,8,0,0,1
1ki4,B,88,TRP,-0.9,227.8,0.0,1,0,I,0.05286343612334802,-69.3,-36.4,18.0,16.0,0.5294117647058824,5.3554834339471284,34,16,25,-9,0.05408781269138631,0,0,0,0,1,0,0,0,0,16,24,17,0,5,1
1ki4,B,89,ARG,-4.5,173.4,1.0,5,0,I,0.29838709677419356,-89.7,-25.3,10.0,16.0,0.38461538461538464,2.2386675933729125,23,6,19,-13,0.045694876239274644,0,0,0,0,1,0,0,0,0,25,1,8,0,0,1
1ki4,B,90,VAL,4.2,140.0,0.0,0,0,I,0.6619718309859155,-136.6,-64.5,9.0,17.0,0.34615384615384615,2.0697743178711314,22,11,20,-9,0.03450429430312575,0,0,0,0,1,0,0,0,0,25,1,8,0,0,1
1ki4,B,91,LEU,3.8,166.7,0.0,0,0,I,0.06707317073170732,-52.5,-62.0,19.0,15.0,0.5588235294117647,2.1511071114164357,31,6,17,-11,0.04196468226055834,0,0,0,0,1,0,0,0,0,25,1,8,0,0,1
1ki4,B,92,GLY,-0.4,60.1,0.0,0,0,S,0.05952380952380952,-74.9,-42.3,25.0,11.0,0.6944444444444444,2.3277512547611874,33,6,12,-6,0.043363505002576956,0,0,0,0,0,0,1,0,0,-1,0,0,0,0,0
1ki4,B,93,ALA,1.8,88.6,0.0,0,0,S,0.32075471698113206,-154.5,179.8,21.0,13.0,0.6176470588235294,2.046818517664037,26,7,14,-7,0.034970568550465285,0,0,0,0,0,0,1,0,0,-1,0,0,0,0,0
1ki4,B,94,SER,-0.8,89.0,0.0,1,1,S,0.7384615384615385,-102.4,112.8,3.0,21.0,0.125,1.8667490544475251,18,10,9,1,0.02984155182973038,0,0,0,0,0,0,1,0,0,-1,0,0,0,0,0
1ki4,B,95,GLU,-3.5,138.4,-1.0,1,3,-,0.3402061855670103,58.9,48.2,9.0,16.0,0.36,2.0351932773278487,24,14,5,9,0.03823448828184205,0,0,0,0,0,0,0,0,0,-1,0,0,0,0,0
1ki4,B,96,THR,-0.7,116.1,0.0,1,1,H,0.028169014084507043,-51.3,-43.7,19.0,14.0,0.5757575757575758,2.4806819631976604,32,12,10,2,0.045694876239274644,1,0,0,0,0,0,0,0,0,-1,0,0,0,0,0
1ki4,B,97,ILE,4.5,166.7,0.0,0,0,H,0.05917159763313609,-62.9,-37.6,12.0,20.0,0.375,4.990787548586748,31,38,21,17,0.048958795970651406,1,0,0,0,0,0,0,0,0,10,120,14,0,24,1
1ki4,B,98,ALA,1.8,88.6,0.0,0,0,H,0.19811320754716982,-62.5,-41.4,9.0,18.0,0.3333333333333333,2.181600176205874,26,33,17,16,0.04429605349725603,1,0,0,0,0,0,0,0,0,-1,0,0,0,0,0
1ki4,B,99,ASN,-3.5,114.1,0.0,2,2,H,0.47770700636942676,-58.8,-45.9,15.0,14.0,0.5172413793103449,1.9430159365356598,31,20,11,9,0.03590311704514436,1,0,0,0,0,0,0,0,0,-1,0,0,0,0,0
1ki4,B,100,ILE,4.5,166.7,0.0,0,0,H,0.047337278106508875,-59.6,-56.9,24.0,16.0,0.6,4.615682417586839,34,27,15,12,0.04755997322863279,1,0,0,0,0,0,0,0,0,10,120,14,0,24,1
1ki4,B,101,TYR,-1.3,193.6,0.0,1,1,H,0.08108108108108109,-65.5,-25.5,15.0,17.0,0.46875,2.94766559083792,33,40,20,20,0.048026247475972325,1,0,0,0,0,0,0,0,0,10,120,14,0,24,1
1ki4,B,102,THR,-0.7,116.1,0.0,1,1,H,0.20422535211267606,-78.4,-42.2,9.0,18.0,0.3333333333333333,2.394538930460578,24,35,19,16,0.03963331102386066,1,0,0,0,0,0,0,0,0,0,5740,11,0,823,1
1ki4,B,103,THR,-0.7,116.1,0.0,1,1,H,0.07042253521126761,-58.0,-58.3,21.0,15.0,0.5833333333333334,2.270956645073761,35,35,22,13,0.04709369898129325,1,0,0,0,0,0,0,0,0,-1,0,0,0,0,0
1ki4,B,104,GLN,-3.5,143.8,0.0,2,2,H,0.0,-48.8,-51.1,19.0,20.0,0.48717948717948717,2.674055395526134,34,38,19,19,0.048958795970651406,1,0,0,0,0,0,0,0,0,0,5740,11,0,823,1
1ki4,B,105,HIS,-3.2,153.2,0.1,2,1,H,0.3532608695652174,-56.7,-40.0,10.0,19.0,0.3448275862068966,2.0574097547169203,21,24,24,0,0.043829779249916496,1,0,0,0,0,0,0,0,0,0,5740,11,0,823,1
1ki4,B,106,ARG,-4.5,173.4,1.0,5,0,H,0.41935483870967744,-65.5,-49.6,15.0,7.0,0.6818181818181818,2.6326376020453823,19,16,19,-3,0.04616115048661418,1,0,0,0,0,0,0,0,0,-1,0,0,0,0,0
1ki4,B,107,LEU,3.8,166.7,0.0,0,0,H,0.20121951219512196,-53.3,-49.3,19.0,7.0,0.7307692307692307,2.63547033638683,25,20,26,-6,0.04616115048661418,1,0,0,0,0,0,0,0,0,-1,0,0,0,0,0
1ki4,B,108,ASP,-3.5,111.1,-1.0,1,3,H,0.5398773006134969,-61.6,-34.6,9.0,12.0,0.42857142857142855,1.7786429128397363,22,21,13,8,0.03170664881908853,1,0,0,0,0,0,0,0,0,-1,0,0,0,0,0
1ki4,B,109,GLN,-3.5,143.8,0.0,2,2,H,0.5252525252525253,-74.9,-7.9,7.0,6.0,0.5384615384615384,1.8640583381104692,12,23,17,6,0.02984155182973038,1,0,0,0,0,0,0,0,0,-1,0,0,0,0,0
1ki4,B,110,GLY,-0.4,60.1,0.0,0,0,T,0.7380952380952381,73.2,22.5,0.0,15.0,0.0,1.7787899730891732,13,19,19,0,0.027043906345693154,0,0,0,0,0,1,0,0,0,-1,0,0,0,0,0
1ki4,B,111,GLU,-3.5,138.4,-1.0,1,3,S,0.6030927835051546,-89.3,-8.1,7.0,8.0,0.4666666666666667,1.7544867275649936,12,21,9,12,0.026577632098353617,0,0,0,0,0,0,1,0,0,-1,0,0,0,0,0
1ki4,B,112,ILE,4.5,166.7,0.0,0,0,S,0.31952662721893493,-144.8,-174.8,15.0,4.0,0.7894736842105263,2.044761129315444,20,18,24,-6,0.030774100324409453,0,0,0,0,0,0,1,0,0,-1,0,0,0,0,0
1ki4,B,113,SER,-0.8,89.0,0.0,1,1,-,0.4076923076923077,-109.7,-177.1,3.0,17.0,0.15,2.098319925229923,19,6,17,-11,0.02611135785101408,0,0,0,0,0,0,0,0,0,-1,0,0,0,0,0
1ki4,B,114,ALA,1.8,88.6,0.0,0,0,H,0.5566037735849056,-76.8,-30.5,5.0,21.0,0.19230769230769232,1.852355419760651,24,3,14,-11,0.028909003335051305,1,0,0,0,0,0,0,0,0,-1,0,0,0,0,0
1ki4,B,115,GLY,-0.4,60.1,0.0,0,0,H,0.5,-80.8,-16.8,3.0,24.0,0.1111111111111111,1.7096075706625549,19,0,8,-8,0.023779986614316396,1,0,0,0,0,0,0,0,0,-1,0,0,0,0,0
1ki4,B,116,ASP,-3.5,111.1,-1.0,1,3,H,0.5337423312883436,-82.5,-42.3,10.0,17.0,0.37037037037037035,1.836486374794372,19,5,4,1,0.028909003335051305,1,0,0,0,0,0,0,0,0,-1,0,0,0,0,0
1ki4,B,117,ALA,1.8,88.6,0.0,0,0,H,0.0,-62.5,-53.9,21.0,16.0,0.5675675675675675,3.718423802451279,29,18,11,7,0.04616115048661418,1,0,0,0,0,0,0,0,0,-1,0,0,0,0,0
1ki4,B,118,ALA,1.8,88.6,0.0,0,0,H,0.10377358490566038,-52.4,-42.7,17.0,22.0,0.4358974358974359,2.317513264407341,30,7,8,-1,0.04196468226055834,1,0,0,0,0,0,0,0,0,-1,0,0,0,0,0
1ki4,B,119,VAL,4.2,140.0,0.0,0,0,H,0.2112676056338028,-65.5,-43.1,14.0,25.0,0.358974358974359,2.4948309983267536,22,0,13,-13,0.04103213376587927,1,0,0,0,0,0,0,0,0,-1,0,0,0,0,0
1ki4,B,120,VAL,4.2,140.0,0.0,0,0,H,0.2323943661971831,-72.1,-45.1,19.0,22.0,0.4634146341463415,2.372397998696709,27,6,15,-9,0.03963331102386066,1,0,0,0,0,0,0,0,0,-1,0,0,0,0,0
1ki4,B,121,MET,1.9,162.9,0.0,0,0,H,0.0,-61.4,-47.4,26.0,18.0,0.5909090909090909,5.183528519945778,41,12,5,7,0.04755997322863279,1,0,0,0,0,0,0,0,0,-1,0,0,0,0,0
1ki4,B,122,THR,-0.7,116.1,0.0,1,1,H,0.02112676056338028,-58.9,-35.6,25.0,24.0,0.5102040816326531,3.223966715794911,32,4,3,1,0.048958795970651406,1,0,0,0,0,0,0,0,0,-1,0,0,0,0,0
1ki4,B,123,SER,-0.8,89.0,0.0,1,1,H,0.15384615384615385,-72.2,-40.9,23.0,25.0,0.4791666666666667,2.124892203133538,27,0,4,-4,0.045694876239274644,1,0,0,0,0,0,0,0,0,-1,0,0,0,0,0
1ki4,B,124,ALA,1.8,88.6,0.0,0,0,H,0.02830188679245283,-65.8,-36.5,22.0,22.0,0.5,2.4849086929412527,35,5,3,2,0.04429605349725603,1,0,0,0,0,0,0,0,0,-1,0,0,0,0,0
1ki4,B,125,GLN,-3.5,143.8,0.0,2,2,H,0.03535353535353535,-68.4,-30.6,26.0,22.0,0.5416666666666666,6.180520751759565,39,8,0,8,0.045694876239274644,1,0,0,0,0,0,0,0,0,-1,0,0,0,0,0
1ki4,B,126,ILE,4.5,166.7,0.0,0,0,H,0.047337278106508875,-68.7,-31.8,24.0,27.0,0.47058823529411764,2.7894417450181406,34,0,0,0,0.04616115048661418,1,0,0,0,0,0,0,0,0,-1,0,0,0,0,0
1ki4,B,127,THR,-0.7,116.1,0.0,1,1,H,0.15492957746478872,-75.6,-52.2,26.0,21.0,0.5531914893617021,2.3758757056724984,42,3,4,-1,0.04755997322863279,1,0,0,0,0,0,0,0,0,-1,0,0,0,0,0
1ki4,B,128,MET,1.9,162.9,0.0,0,0,H,0.13829787234042554,-48.8,-41.6,20.0,25.0,0.4444444444444444,5.761796166123134,40,8,9,-1,0.04662742473395372,1,0,0,0,0,0,0,0,0,16,24,17,0,5,1
1ki4,B,129,GLY,-0.4,60.1,0.0,0,0,T,0.08333333333333333,-96.8,4.6,22.0,23.0,0.4888888888888889,5.711945032019963,40,8,3,5,0.05129016720734909,0,0,0,0,0,1,0,0,0,-1,0,0,0,0,0
1ki4,B,130,MET,1.9,162.9,0.0,0,0,H,0.010638297872340425,-58.9,-52.4,24.0,22.0,0.5217391304347826,3.9460658068591226,41,0,2,-2,0.04476232774459557,1,0,0,0,0,0,0,0,0,-1,0,0,0,0,0
1ki4,B,131,PRO,-1.6,112.7,0.0,0,0,H,0.0,-58.3,-38.6,27.0,26.0,0.5094339622641509,6.111825313275294,43,3,12,-9,0.045694876239274644,1,0,0,0,0,0,0,0,0,16,24,17,0,5,1
1ki4,B,132,TYR,-1.3,193.6,0.0,1,1,H,0.0945945945945946,-63.4,-50.1,20.0,24.0,0.45454545454545453,6.250967925811693,38,19,25,-6,0.04243095650789788,1,0,0,0,0,0,0,0,0,16,24,17,0,5,1
1ki4,B,133,ALA,1.8,88.6,0.0,0,0,H,0.05660377358490566,-57.1,-45.6,24.0,17.0,0.5853658536585366,2.173444332843911,42,9,8,1,0.043829779249916496,1,0,0,0,0,0,0,0,0,-1,0,0,0,0,0
1ki4,B,134,VAL,4.2,140.0,0.0,0,0,H,0.0,-66.0,-44.4,22.0,18.0,0.55,4.64361171943304,43,3,16,-13,0.048492521723311866,1,0,0,0,0,0,0,0,0,-1,0,0,0,0,0
1ki4,B,135,THR,-0.7,116.1,0.0,1,1,H,0.056338028169014086,-55.4,-54.4,21.0,22.0,0.4883720930232558,5.505942087247744,40,7,8,-1,0.04476232774459557,1,0,0,0,0,0,0,0,0,-1,0,0,0,0,0
1ki4,B,136,ASP,-3.5,111.1,-1.0,1,3,H,0.08588957055214724,-53.8,-42.9,22.0,19.0,0.5365853658536586,2.4483263941214224,34,23,0,23,0.04149840801321881,1,0,0,0,0,0,0,0,0,-1,0,0,0,0,0
1ki4,B,137,ALA,1.8,88.6,0.0,0,0,H,0.09433962264150944,-69.9,-30.9,24.0,13.0,0.6486486486486487,1.8768449961817653,31,22,15,7,0.040565859518539735,1,0,0,0,0,0,0,0,0,-1,0,0,0,0,0
1ki4,B,138,VAL,4.2,140.0,0.0,0,0,H,0.16901408450704225,-79.3,-35.4,20.0,17.0,0.5405405405405406,2.173245370079247,33,21,16,5,0.04289723075523742,1,0,0,0,0,0,0,0,0,17,24,13,0,4,1
1ki4,B,139,LEU,3.8,166.7,0.0,0,0,H,0.018292682926829267,-77.0,-47.4,18.0,17.0,0.5142857142857142,4.871829818576473,36,22,8,14,0.043363505002576956,1,0,0,0,0,0,0,0,0,-1,0,0,0,0,0
1ki4,B,140,ALA,1.8,88.6,0.0,0,0,T,0.25471698113207547,-30.3,-45.5,15.0,16.0,0.4838709677419355,2.263272720541492,32,25,8,17,0.03683566553982344,0,0,0,0,0,1,0,0,0,3,2026,13,0,384,1
1ki4,B,141,PRO,-1.6,112.7,0.0,0,0,T,0.47794117647058826,-65.4,-22.1,10.0,15.0,0.4,1.895334891924288,23,20,6,14,0.029375277582390842,0,0,0,0,0,1,0,0,0,-1,0,0,0,0,0
1ki4,B,142,HIS,-3.2,153.2,0.1,2,1,T,0.17391304347826086,-83.9,-33.8,19.0,10.0,0.6551724137931034,2.4184324306978433,30,10,2,8,0.03776821403450251,0,0,0,0,0,1,0,0,0,3,2026,13,0,384,1
1ki4,B,143,ILE,4.5,166.7,0.0,0,0,E,0.07692307692307693,-59.3,121.9,16.0,20.0,0.4444444444444444,3.127958869512667,34,26,12,14,0.045694876239274644,0,0,1,0,0,0,0,0,0,3,2026,13,0,384,1
1ki4,B,144,GLY,-0.4,60.1,0.0,0,0,E,0.21428571428571427,-116.6,-150.0,13.0,16.0,0.4482758620689655,2.0286985270231876,28,24,9,15,0.03403802005578621,0,0,1,0,0,0,0,0,0,3,2026,13,0,384,1
1ki4,B,145,GLY,-0.4,60.1,0.0,0,0,E,0.5357142857142857,-69.1,146.5,2.0,21.0,0.08695652173913043,2.0555936619513453,23,16,9,7,0.027043906345693154,0,0,1,0,0,0,0,0,0,-1,0,0,0,0,0
1ki4,B,146,GLU,-3.5,138.4,-1.0,1,3,E,0.4690721649484536,-62.2,152.3,8.0,16.0,0.3333333333333333,1.7395964569490148,23,19,0,19,0.03124037457174899,0,0,1,0,0,0,0,0,0,-1,0,0,0,0,0
1ki4,B,147,ALA,1.8,88.6,0.0,0,0,-,0.7735849056603774,-120.1,360.0,13.0,6.0,0.6842105263157895,1.8283541945754151,19,11,9,2,0.02797645484037223,0,0,0,0,0,0,0,0,0,-1,0,0,0,0,0
1ki4,B,154,PRO,-1.6,112.7,0.0,0,0,-,0.9852941176470589,360.0,146.2,2.0,16.0,0.1111111111111111,1.7675029586594562,14,0,7,-7,0.012589404678167503,0,0,0,0,0,0,0,0,0,-1,0,0,0,0,0
1ki4,B,155,PRO,-1.6,112.7,0.0,0,0,-,0.23529411764705882,-51.2,136.1,17.0,9.0,0.6538461538461539,2.049596907972813,23,2,8,-6,0.032639197313767604,0,0,0,0,0,0,0,0,0,-1,0,0,0,0,0
1ki4,B,156,ALA,1.8,88.6,0.0,0,0,S,0.42452830188679247,-72.3,-30.5,14.0,11.0,0.56,1.8551149337721164,24,3,8,-5,0.032172923066428064,0,0,0,0,0,0,1,0,0,-1,0,0,0,0,0
1ki4,B,157,LEU,3.8,166.7,0.0,0,0,E,0.024390243902439025,-145.5,141.3,20.0,12.0,0.625,2.9813262714219793,33,11,9,2,0.04429605349725603,0,0,1,0,0,0,0,0,0,-1,0,0,0,0,0
1ki4,B,158,THR,-0.7,116.1,0.0,1,1,E,0.1267605633802817,-126.9,118.2,15.0,24.0,0.38461538461538464,2.8765141900747873,34,8,8,0,0.045228601991935104,0,0,1,0,0,0,0,0,0,-1,0,0,0,0,0
1ki4,B,159,LEU,3.8,166.7,0.0,0,0,E,0.006097560975609756,-103.7,113.5,25.0,18.0,0.5813953488372093,6.18633606422723,35,14,8,6,0.050823892960009553,0,0,1,0,0,0,0,0,0,-1,0,0,0,0,0
1ki4,B,160,ILE,4.5,166.7,0.0,0,0,E,0.0,-101.0,93.8,18.0,25.0,0.4186046511627907,4.481311126473016,35,13,11,2,0.053155264196707235,0,0,1,0,0,0,0,0,0,-1,0,0,0,0,0
1ki4,B,161,PHE,2.8,189.9,0.0,0,0,E,0.06598984771573604,-78.8,151.5,17.0,22.0,0.4358974358974359,7.96962414252863,36,27,21,6,0.05175644145468863,0,0,1,0,0,0,0,0,0,-1,0,0,0,0,0
1ki4,B,162,ASP,-3.5,111.1,-1.0,1,3,E,0.006134969325153374,-111.2,101.7,21.0,21.0,0.5,3.840457425926822,34,30,17,13,0.05735173242276307,0,0,1,0,0,0,0,0,0,16,24,17,0,5,1
1ki4,B,163,ARG,-4.5,173.4,1.0,5,0,S,0.056451612903225805,74.9,141.8,20.0,22.0,0.47619047619047616,4.737149125000883,41,28,25,3,0.050823892960009553,0,0,0,0,0,0,1,0,0,16,24,17,0,5,1
1ki4,B,164,HIS,-3.2,153.2,0.1,2,1,-,0.043478260869565216,-101.9,155.5,21.0,21.0,0.5,8.020218864192602,39,20,21,-1,0.04709369898129325,0,0,0,0,0,0,0,0,0,16,24,17,0,5,1
1ki4,B,165,PRO,-1.6,112.7,0.0,0,0,H,0.03676470588235294,-44.3,-41.6,21.0,23.0,0.4772727272727273,5.8064349837947296,39,21,17,4,0.04662742473395372,1,0,0,0,0,0,0,0,0,16,24,17,0,5,1
1ki4,B,166,ILE,4.5,166.7,0.0,0,0,H,0.0,-55.7,-20.6,16.0,27.0,0.37209302325581395,8.492964816760423,37,26,9,17,0.04149840801321881,1,0,0,0,0,0,0,0,0,-1,0,0,0,0,0
1ki4,B,167,ALA,1.8,88.6,0.0,0,0,I,0.04716981132075472,-66.1,-34.6,18.0,20.0,0.47368421052631576,8.982700295218898,39,24,12,12,0.050823892960009553,0,0,0,0,1,0,0,0,0,-1,0,0,0,0,0
1ki4,B,168,ALA,1.8,88.6,0.0,0,0,I,0.07547169811320754,-93.9,-29.4,18.0,20.0,0.47368421052631576,8.846414916764644,37,19,3,16,0.04942507021799094,0,0,0,0,1,0,0,0,0,-1,0,0,0,0,0
1ki4,B,169,LEU,3.8,166.7,0.0,0,0,I,0.06097560975609756,-92.5,-3.0,17.0,21.0,0.4473684210526316,6.691791052201676,36,11,1,10,0.05175644145468863,0,0,0,0,1,0,0,0,0,-1,0,0,0,0,0
1ki4,B,170,LEU,3.8,166.7,0.0,0,0,I,0.0,-144.8,-66.5,23.0,23.0,0.5,10.151386550306633,40,7,3,4,0.048492521723311866,0,0,0,0,1,0,0,0,0,-1,0,0,0,0,0
1ki4,B,171,CYS,2.5,108.5,0.0,1,0,I,0.0,-60.1,-56.2,20.0,22.0,0.47619047619047616,8.235117558099324,42,27,6,21,0.04942507021799094,0,0,0,0,1,0,0,0,0,-1,0,0,0,0,0
1ki4,B,172,TYR,-1.3,193.6,0.0,1,1,H,0.14414414414414414,-61.1,-38.0,19.0,24.0,0.4418604651162791,7.459597119965029,38,33,7,26,0.04476232774459557,1,0,0,0,0,0,0,0,0,10,120,14,0,24,1
1ki4,B,173,PRO,-1.6,112.7,0.0,0,0,H,0.0,-64.7,-51.3,23.0,20.0,0.5348837209302325,8.367234827915258,43,11,0,11,0.05175644145468863,1,0,0,0,0,0,0,0,0,-1,0,0,0,0,0
1ki4,B,174,ALA,1.8,88.6,0.0,0,0,H,0.0,-53.6,-41.9,21.0,22.0,0.4883720930232558,6.341100030545517,37,20,0,20,0.05129016720734909,1,0,0,0,0,0,0,0,0,18,24,12,0,4,1
1ki4,B,175,ALA,1.8,88.6,0.0,0,0,H,0.0,-68.0,-41.1,22.0,15.0,0.5945945945945946,4.749908813106552,36,28,1,27,0.05175644145468863,1,0,0,0,0,0,0,0,0,-1,0,0,0,0,0
1ki4,B,176,ARG,-4.5,173.4,1.0,5,0,H,0.012096774193548387,-62.1,-43.0,28.0,17.0,0.6222222222222222,5.016496175318514,39,4,8,-4,0.05035761871267001,1,0,0,0,0,0,0,0,0,0,5740,11,0,823,1
1ki4,B,177,TYR,-1.3,193.6,0.0,1,1,H,0.2072072072072072,-55.8,-49.1,15.0,18.0,0.45454545454545453,2.334857465970447,32,13,5,8,0.04243095650789788,1,0,0,0,0,0,0,0,0,18,24,12,0,4,1
1ki4,B,178,LEU,3.8,166.7,0.0,0,0,H,0.3597560975609756,-61.1,-18.0,17.0,13.0,0.5666666666666667,1.923574164665994,30,23,0,23,0.034970568550465285,1,0,0,0,0,0,0,0,0,18,24,12,0,4,1
1ki4,B,179,MET,1.9,162.9,0.0,0,0,T,0.17553191489361702,-96.6,-5.4,25.0,7.0,0.78125,2.0604964298881088,29,13,13,0,0.03823448828184205,0,0,0,0,0,1,0,0,0,-1,0,0,0,0,0
1ki4,B,180,GLY,-0.4,60.1,0.0,0,0,T,0.44047619047619047,75.2,28.0,6.0,24.0,0.2,1.7096474711576892,30,12,9,3,0.03310547156110714,0,0,0,0,0,1,0,0,0,-1,0,0,0,0,0
1ki4,B,181,SER,-0.8,89.0,0.0,1,1,S,0.0,-121.0,19.1,24.0,15.0,0.6153846153846154,2.814906129701844,37,13,12,1,0.048958795970651406,0,0,0,0,0,0,1,0,0,-1,0,0,0,0,0
1ki4,B,182,MET,1.9,162.9,0.0,0,0,S,0.047872340425531915,-160.1,154.8,23.0,16.0,0.5897435897435898,3.006723132310782,38,11,4,7,0.050823892960009553,0,0,0,0,0,0,1,0,0,18,24,12,0,4,1
1ki4,B,183,THR,-0.7,116.1,0.0,1,1,-,0.36619718309859156,-107.6,147.1,20.0,18.0,0.5263157894736842,2.414592558280966,36,6,9,-3,0.03776821403450251,0,0,0,0,0,0,0,0,0,18,24,12,0,4,1
1ki4,B,184,PRO,-1.6,112.7,0.0,0,0,H,0.007352941176470588,-64.1,-20.8,16.0,23.0,0.41025641025641024,3.533728728891781,35,6,9,-3,0.048026247475972325,1,0,0,0,0,0,0,0,0,18,24,12,0,4,1
1ki4,B,185,GLN,-3.5,143.8,0.0,2,2,H,0.10101010101010101,-68.7,-42.3,22.0,24.0,0.4782608695652174,2.178867030686093,32,0,9,-9,0.04429605349725603,1,0,0,0,0,0,0,0,0,-1,0,0,0,0,0
1ki4,B,186,ALA,1.8,88.6,0.0,0,0,H,0.09433962264150944,-62.9,-45.2,23.0,24.0,0.48936170212765956,2.4383208940483616,38,2,0,2,0.04662742473395372,1,0,0,0,0,0,0,0,0,-1,0,0,0,0,0
1ki4,B,187,VAL,4.2,140.0,0.0,0,0,H,0.0,-53.9,-54.8,23.0,23.0,0.5,5.819007235481786,39,6,0,6,0.05035761871267001,1,0,0,0,0,0,0,0,0,-1,0,0,0,0,0
1ki4,B,188,LEU,3.8,166.7,0.0,0,0,H,0.0,-61.1,-21.9,23.0,23.0,0.5,5.7030015301797885,42,0,3,-3,0.04662742473395372,1,0,0,0,0,0,0,0,0,-1,0,0,0,0,0
1ki4,B,189,ALA,1.8,88.6,0.0,0,0,H,0.018867924528301886,-70.8,-48.6,21.0,25.0,0.45652173913043476,3.5708491851176687,38,0,0,0,0.048492521723311866,1,0,0,0,0,0,0,0,0,-1,0,0,0,0,0
1ki4,B,190,PHE,2.8,189.9,0.0,0,0,H,0.0,-60.6,-43.4,23.0,24.0,0.48936170212765956,5.608210399786021,34,0,0,0,0.04476232774459557,1,0,0,0,0,0,0,0,0,-1,0,0,0,0,0
1ki4,B,191,VAL,4.2,140.0,0.0,0,0,H,0.0,-58.3,-32.7,24.0,20.0,0.5454545454545454,6.29520872461211,40,12,4,8,0.05035761871267001,1,0,0,0,0,0,0,0,0,-1,0,0,0,0,0
1ki4,B,192,ALA,1.8,88.6,0.0,0,0,H,0.08490566037735849,-75.2,-21.4,24.0,20.0,0.5454545454545454,3.0408858138164794,35,10,11,-1,0.04755997322863279,1,0,0,0,0,0,0,0,0,-1,0,0,0,0,0
1ki4,B,193,LEU,3.8,166.7,0.0,0,0,T,0.10365853658536585,-93.0,-4.2,25.0,22.0,0.5319148936170213,2.502121509029852,28,6,3,3,0.043363505002576956,0,0,0,0,0,1,0,0,0,-1,0,0,0,0,0
1ki4,B,194,ILE,4.5,166.7,0.0,0,0,S,0.029585798816568046,-59.2,133.5,22.0,23.0,0.4888888888888889,3.756545832698526,31,25,4,21,0.043363505002576956,0,0,0,0,0,0,1,0,0,-1,0,0,0,0,0
1ki4,B,195,PRO,-1.6,112.7,0.0,0,0,P,0.19117647058823528,-81.8,160.6,20.0,20.0,0.5,2.337586879008954,28,25,8,17,0.03823448828184205,0,0,0,0,0,0,0,0,0,-1,0,0,0,0,0
1ki4,B,196,PRO,-1.6,112.7,0.0,0,0,P,0.4338235294117647,-48.0,129.2,14.0,21.0,0.4,1.9314530254613114,25,27,8,19,0.02984155182973038,0,0,0,0,0,0,0,0,0,-1,0,0,0,0,0
1ki4,B,197,THR,-0.7,116.1,0.0,1,1,-,0.19718309859154928,-69.5,110.5,15.0,14.0,0.5172413793103449,1.9802918830478808,28,42,7,35,0.04149840801321881,0,0,0,0,0,0,0,0,0,3,2026,13,0,384,1
1ki4,B,198,LEU,3.8,166.7,0.0,0,0,-,0.12195121951219512,-64.8,154.8,23.0,14.0,0.6216216216216216,2.1092187640149143,30,30,15,15,0.0363693912924839,0,0,0,0,0,0,0,0,0,3,2026,13,0,384,1
1ki4,B,199,PRO,-1.6,112.7,0.0,0,0,T,0.3897058823529412,-68.8,140.7,13.0,19.0,0.40625,2.3551184526606335,29,27,10,17,0.03916703677652112,0,0,0,0,0,1,0,0,0,3,2026,13,0,384,1
1ki4,B,200,GLY,-0.4,60.1,0.0,0,0,T,0.011904761904761904,85.7,24.0,18.0,14.0,0.5625,3.40325525958783,33,27,9,18,0.04989134446533048,0,0,0,0,0,1,0,0,0,3,2026,13,0,384,1
1ki4,B,201,THR,-0.7,116.1,0.0,1,1,-,0.007042253521126761,-80.6,100.4,16.0,24.0,0.4,4.20136762875803,38,37,7,30,0.05222271570202816,0,0,0,0,0,0,0,0,0,-1,0,0,0,0,0
1ki4,B,202,ASN,-3.5,114.1,0.0,2,2,E,0.0,-102.1,124.4,19.0,20.0,0.48717948717948717,5.104802179769434,35,27,5,22,0.05548663543340492,0,0,1,0,0,0,0,0,0,-1,0,0,0,0,0
1ki4,B,203,ILE,4.5,166.7,0.0,0,0,E,0.005917159763313609,-120.3,121.5,20.0,21.0,0.4878048780487805,6.2425310118894775,36,30,9,21,0.05502036118606539,0,0,1,0,0,0,0,0,0,-1,0,0,0,0,0
1ki4,B,204,VAL,4.2,140.0,0.0,0,0,E,0.0,-103.9,114.0,22.0,19.0,0.5365853658536586,5.7755270919728305,38,23,14,9,0.05035761871267001,0,0,1,0,0,0,0,0,0,-1,0,0,0,0,0
1ki4,B,205,LEU,3.8,166.7,0.0,0,0,E,0.054878048780487805,-96.7,153.7,17.0,22.0,0.4358974358974359,2.637059653217587,38,15,11,4,0.048026247475972325,0,0,1,0,0,0,0,0,0,-1,0,0,0,0,0
1ki4,B,206,GLY,-0.4,60.1,0.0,0,0,E,0.14285714285714285,-106.7,121.8,22.0,17.0,0.5641025641025641,1.7907458810221035,34,33,18,15,0.048026247475972325,0,0,1,0,0,0,0,0,0,-1,0,0,0,0,0
1ki4,B,207,ALA,1.8,88.6,0.0,0,0,E,0.41509433962264153,-92.8,153.5,5.0,25.0,0.16666666666666666,2.048035490076042,28,27,20,7,0.03590311704514436,0,0,1,0,0,0,0,0,0,-1,0,0,0,0,0
1ki4,B,208,LEU,3.8,166.7,0.0,0,0,-,0.054878048780487805,175.8,124.2,22.0,7.0,0.7586206896551724,2.4788159312542457,27,43,35,8,0.04243095650789788,0,0,0,0,0,0,0,0,0,-1,0,0,0,0,0
1ki4,B,209,PRO,-1.6,112.7,0.0,0,0,-,0.41911764705882354,-52.6,150.1,5.0,16.0,0.23809523809523808,2.221858739917939,19,33,36,-3,0.02984155182973038,0,0,0,0,0,0,0,0,0,-1,0,0,0,0,0
1ki4,B,210,GLU,-3.5,138.4,-1.0,1,3,H,0.4536082474226804,-56.5,-61.0,8.0,17.0,0.32,1.909801835077201,22,32,14,18,0.03124037457174899,1,0,0,0,0,0,0,0,0,-1,0,0,0,0,0
1ki4,B,211,ASP,-3.5,111.1,-1.0,1,3,H,0.7055214723926381,-52.0,-42.5,0.0,16.0,0.0,1.7130954329665566,13,31,21,10,0.028909003335051305,1,0,0,0,0,0,0,0,0,-1,0,0,0,0,0
1ki4,B,212,ARG,-4.5,173.4,1.0,5,0,H,0.3225806451612903,-65.2,-30.7,8.0,10.0,0.4444444444444444,2.0620035249947732,22,26,34,-8,0.03683566553982344,1,0,0,0,0,0,0,0,0,-1,0,0,0,0,0
1ki4,B,213,HIS,-3.2,153.2,0.1,2,1,H,0.005434782608695652,-74.7,-47.6,16.0,15.0,0.5161290322580645,3.341653168248866,33,52,33,19,0.05129016720734909,1,0,0,0,0,0,0,0,0,-1,0,0,0,0,0
1ki4,B,214,ILE,4.5,166.7,0.0,0,0,H,0.22485207100591717,-49.0,-59.1,6.0,19.0,0.24,2.602586533279522,23,44,29,15,0.04243095650789788,1,0,0,0,0,0,0,0,0,-1,0,0,0,0,0
1ki4,B,215,ASP,-3.5,111.1,-1.0,1,3,H,0.6993865030674846,-48.9,-48.8,6.0,14.0,0.3,1.7523562836017337,16,44,13,31,0.03403802005578621,1,0,0,0,0,0,0,0,0,-1,0,0,0,0,0
1ki4,B,216,ARG,-4.5,173.4,1.0,5,0,H,0.2620967741935484,-64.5,-46.5,15.0,9.0,0.625,2.005544958672766,29,45,18,27,0.043829779249916496,1,0,0,0,0,0,0,0,0,-1,0,0,0,0,0
1ki4,B,217,LEU,3.8,166.7,0.0,0,0,H,0.018292682926829267,-54.1,-52.8,19.0,11.0,0.6333333333333333,4.590470155751138,31,63,25,38,0.04709369898129325,1,0,0,0,0,0,0,0,0,-1,0,0,0,0,0
1ki4,B,218,ALA,1.8,88.6,0.0,0,0,H,0.4339622641509434,-45.6,-29.4,6.0,15.0,0.2857142857142857,2.13588564469472,20,44,22,22,0.03403802005578621,1,0,0,0,0,0,0,0,0,-1,0,0,0,0,0
1ki4,B,219,LYS,-3.9,168.6,1.0,2,0,H,0.8048780487804879,-88.0,-55.3,8.0,9.0,0.47058823529411764,2.01568075728726,14,20,11,9,0.027043906345693154,1,0,0,0,0,0,0,0,0,-1,0,0,0,0,0
1ki4,B,220,ARG,-4.5,173.4,1.0,5,0,S,0.125,-79.7,43.6,13.0,9.0,0.5909090909090909,1.8759967222202505,25,53,14,39,0.03450429430312575,0,0,0,0,0,0,1,0,0,-1,0,0,0,0,0
1ki4,B,221,GLN,-3.5,143.8,0.0,2,2,-,0.30808080808080807,-62.8,167.8,10.0,14.0,0.4166666666666667,1.992498415600605,20,47,16,31,0.03590311704514436,0,0,0,0,0,0,0,0,0,-1,0,0,0,0,0
1ki4,B,222,ARG,-4.5,173.4,1.0,5,0,-,0.22580645161290322,-120.9,157.5,18.0,7.0,0.72,2.0048203150629793,24,30,17,13,0.03170664881908853,0,0,0,0,0,0,0,0,0,-1,0,0,0,0,0
1ki4,B,223,PRO,-1.6,112.7,0.0,0,0,T,0.36764705882352944,-61.7,109.7,8.0,13.0,0.38095238095238093,1.9207264676287374,17,27,24,3,0.027510180593032695,0,0,0,0,0,1,0,0,0,-1,0,0,0,0,0
1ki4,B,224,GLY,-0.4,60.1,0.0,0,0,T,0.39285714285714285,102.6,-2.4,13.0,9.0,0.5909090909090909,1.7096447133186725,20,28,18,10,0.03776821403450251,0,0,0,0,0,1,0,0,0,0,5740,11,0,823,1
1ki4,B,225,GLU,-3.5,138.4,-1.0,1,3,-,0.10309278350515463,-82.3,151.9,14.0,13.0,0.5185185185185185,3.184825228709789,26,42,8,34,0.040565859518539735,0,0,0,0,0,0,0,0,0,0,5740,11,0,823,1
1ki4,B,226,ARG,-4.5,173.4,1.0,5,0,-,0.3467741935483871,-123.2,145.6,12.0,13.0,0.48,2.093563646397061,23,25,18,7,0.03403802005578621,0,0,0,0,0,0,0,0,0,0,5740,11,0,823,1
1ki4,B,227,LEU,3.8,166.7,0.0,0,0,-,0.5670731707317073,-70.9,103.2,8.0,19.0,0.2962962962962963,1.9678779923885625,21,28,21,7,0.03310547156110714,0,0,0,0,0,0,0,0,0,0,5740,11,0,823,1
1ki4,B,228,ASP,-3.5,111.1,-1.0,1,3,-,0.20245398773006135,-122.4,91.0,18.0,8.0,0.6923076923076923,2.0523157584028753,25,27,13,14,0.034970568550465285,0,0,0,0,0,0,0,0,0,0,5740,11,0,823,1
1ki4,B,229,LEU,3.8,166.7,0.0,0,0,H,0.4817073170731707,-64.3,-35.5,7.0,19.0,0.2692307692307692,1.9066435465854379,22,22,23,-1,0.032172923066428064,1,0,0,0,0,0,0,0,0,-1,0,0,0,0,0
1ki4,B,230,ALA,1.8,88.6,0.0,0,0,H,0.5094339622641509,-54.2,-45.7,10.0,13.0,0.43478260869565216,1.8409950204803998,23,20,16,4,0.025645083603674543,1,0,0,0,0,0,0,0,0,-1,0,0,0,0,0
1ki4,B,231,MET,1.9,162.9,0.0,0,0,H,0.005319148936170213,-69.5,-33.1,17.0,17.0,0.5,4.496517701469313,35,40,16,24,0.04103213376587927,1,0,0,0,0,0,0,0,0,0,5740,11,0,823,1
1ki4,B,232,LEU,3.8,166.7,0.0,0,0,H,0.006097560975609756,-61.6,-54.3,18.0,18.0,0.5,4.007914666210333,36,41,25,16,0.048026247475972325,1,0,0,0,0,0,0,0,0,-1,0,0,0,0,0
1ki4,B,233,ALA,1.8,88.6,0.0,0,0,H,0.41509433962264153,-56.1,-45.2,6.0,20.0,0.23076923076923078,1.967907980197369,21,32,17,15,0.035436842797804825,1,0,0,0,0,0,0,0,0,-1,0,0,0,0,0
1ki4,B,234,ALA,1.8,88.6,0.0,0,0,H,0.10377358490566038,-58.3,-53.9,15.0,13.0,0.5357142857142857,2.2995780405714723,30,39,9,30,0.04149840801321881,1,0,0,0,0,0,0,0,0,-1,0,0,0,0,0
1ki4,B,235,ILE,4.5,166.7,0.0,0,0,H,0.0,-61.3,-33.8,19.0,16.0,0.5428571428571428,4.7746051025593745,39,48,5,43,0.053155264196707235,1,0,0,0,0,0,0,0,0,-1,0,0,0,0,0
1ki4,B,236,ARG,-4.5,173.4,1.0,5,0,H,0.3024193548387097,-67.4,-43.7,14.0,21.0,0.4,1.961109147928935,30,27,12,15,0.04149840801321881,1,0,0,0,0,0,0,0,0,-1,0,0,0,0,0
1ki4,B,237,ARG,-4.5,173.4,1.0,5,0,H,0.5080645161290323,-63.7,-47.7,14.0,17.0,0.45161290322580644,1.8487863227583121,24,9,7,2,0.03450429430312575,1,0,0,0,0,0,0,0,0,-1,0,0,0,0,0
1ki4,B,238,VAL,4.2,140.0,0.0,0,0,H,0.0,-55.6,-46.4,21.0,15.0,0.5833333333333334,4.582572900632817,37,21,2,19,0.048492521723311866,1,0,0,0,0,0,0,0,0,-1,0,0,0,0,0
1ki4,B,239,TYR,-1.3,193.6,0.0,1,1,H,0.04054054054054054,-67.5,-30.5,18.0,18.0,0.5,3.2800071841652056,44,35,8,27,0.04243095650789788,1,0,0,0,0,0,0,0,0,-1,0,0,0,0,0
1ki4,B,240,GLY,-0.4,60.1,0.0,0,0,H,0.4523809523809524,-67.0,-35.5,10.0,20.0,0.3333333333333333,1.7095459184090125,29,26,7,19,0.03450429430312575,1,0,0,0,0,0,0,0,0,-1,0,0,0,0,0
1ki4,B,241,LEU,3.8,166.7,0.0,0,0,H,0.06707317073170732,-69.9,-32.7,17.0,15.0,0.53125,3.0608792086725387,33,22,8,14,0.04429605349725603,1,0,0,0,0,0,0,0,0,-1,0,0,0,0,0
1ki4,B,242,LEU,3.8,166.7,0.0,0,0,H,0.018292682926829267,-64.0,-48.4,26.0,21.0,0.5531914893617021,4.720875963511963,39,16,8,8,0.04476232774459557,1,0,0,0,0,0,0,0,0,-1,0,0,0,0,0
1ki4,B,243,ALA,1.8,88.6,0.0,0,0,H,0.16981132075471697,-59.9,-54.2,15.0,21.0,0.4166666666666667,2.22114010469028,33,17,4,13,0.03916703677652112,1,0,0,0,0,0,0,0,0,6,1126,5,0,78,1
1ki4,B,244,ASN,-3.5,114.1,0.0,2,2,H,0.22929936305732485,-52.5,-44.8,14.0,20.0,0.4117647058823529,2.8502748598090655,32,27,8,19,0.043363505002576956,1,0,0,0,0,0,0,0,0,6,1126,5,0,78,1
1ki4,B,245,THR,-0.7,116.1,0.0,1,1,H,0.0,-60.0,-49.9,20.0,21.0,0.4878048780487805,5.694705542550013,38,31,6,25,0.05455408693872585,1,0,0,0,0,0,0,0,0,6,1126,5,0,78,1
1ki4,B,246,VAL,4.2,140.0,0.0,0,0,H,0.014084507042253521,-61.6,-38.0,15.0,26.0,0.36585365853658536,2.673734810120569,39,36,1,35,0.04616115048661418,1,0,0,0,0,0,0,0,0,-1,0,0,0,0,0
1ki4,B,247,ARG,-4.5,173.4,1.0,5,0,H,0.2782258064516129,-67.2,-47.4,15.0,17.0,0.46875,1.987157565375682,26,12,6,6,0.045228601991935104,1,0,0,0,0,0,0,0,0,6,1126,5,0,78,1
1ki4,B,248,TYR,-1.3,193.6,0.0,1,1,H,0.0,-51.8,-53.2,19.0,12.0,0.6129032258064516,3.6842584895988204,33,40,18,22,0.053621538444046775,1,0,0,0,0,0,0,0,0,6,1126,5,0,78,1
1ki4,B,249,LEU,3.8,166.7,0.0,0,0,H,0.012195121951219513,-62.1,-34.7,20.0,18.0,0.5263157894736842,3.2435551965835168,32,37,3,34,0.04616115048661418,1,0,0,0,0,0,0,0,0,-1,0,0,0,0,0
1ki4,B,250,GLN,-3.5,143.8,0.0,2,2,H,0.5151515151515151,-76.6,-33.7,15.0,11.0,0.5769230769230769,1.8704032118922373,25,35,0,35,0.032639197313767604,1,0,0,0,0,0,0,0,0,-1,0,0,0,0,0
1ki4,B,251,CYS,2.5,108.5,0.0,1,0,T,0.43703703703703706,-80.2,23.9,12.0,7.0,0.631578947368421,1.8043384434623633,19,29,1,28,0.029375277582390842,0,0,0,0,0,1,0,0,0,6,1126,5,0,78,1
1ki4,B,252,GLY,-0.4,60.1,0.0,0,0,T,0.6190476190476191,86.4,-1.2,2.0,17.0,0.10526315789473684,1.7671237667461452,19,25,10,15,0.02797645484037223,0,0,0,0,0,1,0,0,0,-1,0,0,0,0,0
1ki4,B,253,GLY,-0.4,60.1,0.0,0,0,-,0.011904761904761904,-52.8,147.2,23.0,4.0,0.8518518518518519,2.037309791015177,24,32,17,15,0.040099585271200194,0,0,0,0,0,0,0,0,0,-1,0,0,0,0,0
1ki4,B,254,SER,-0.8,89.0,0.0,1,1,-,0.3,-141.3,111.5,3.0,25.0,0.10714285714285714,1.9514003469005763,24,21,20,1,0.03963331102386066,0,0,0,0,0,0,0,0,0,-1,0,0,0,0,0
1ki4,B,255,TRP,-0.9,227.8,0.0,1,0,H,0.06167400881057269,-58.0,-41.7,22.0,14.0,0.6111111111111112,2.6212679265439185,31,15,24,-9,0.04476232774459557,1,0,0,0,0,0,0,0,0,-1,0,0,0,0,0
1ki4,B,256,ARG,-4.5,173.4,1.0,5,0,H,0.4717741935483871,-58.6,-39.8,8.0,15.0,0.34782608695652173,1.8680272419424981,23,0,28,-28,0.035436842797804825,1,0,0,0,0,0,0,0,0,27,0,13,0,0,1
1ki4,B,257,GLU,-3.5,138.4,-1.0,1,3,H,0.788659793814433,-70.3,-47.2,5.0,9.0,0.35714285714285715,1.7169578484883012,13,15,8,7,0.02797645484037223,1,0,0,0,0,0,0,0,0,-1,0,0,0,0,0
1ki4,B,258,ASP,-3.5,111.1,-1.0,1,3,H,0.09202453987730061,-90.1,1.6,16.0,5.0,0.7619047619047619,2.017300027718153,20,23,10,13,0.03776821403450251,1,0,0,0,0,0,0,0,0,-1,0,0,0,0,0
1ki4,B,259,TRP,-0.9,227.8,0.0,1,0,G,0.14537444933920704,-52.9,-37.2,10.0,15.0,0.4,2.2476449382010038,27,22,21,1,0.03916703677652112,0,0,0,1,0,0,0,0,0,5,1837,6,0,125,1
1ki4,B,260,GLY,-0.4,60.1,0.0,0,0,G,0.8928571428571429,-62.0,-21.4,1.0,16.0,0.058823529411764705,1.7095467565108606,16,17,17,0,0.02611135785101408,0,0,0,1,0,0,0,0,0,-1,0,0,0,0,0
1ki4,B,261,GLN,-3.5,143.8,0.0,2,2,G,0.5454545454545454,-77.5,-11.2,11.0,5.0,0.6875,1.788901624719254,19,20,16,4,0.02611135785101408,0,0,0,1,0,0,0,0,0,-1,0,0,0,0,0
1ki4,B,262,LEU,3.8,166.7,0.0,0,0,-,0.3353658536585366,-72.2,360.0,16.0,3.0,0.8421052631578947,2.2121769846315797,22,22,15,7,0.03450429430312575,0,0,0,0,0,0,0,0,0,-1,0,0,0,0,0
1ki4,B,278,ALA,1.8,88.6,0.0,0,0,-,1.0,360.0,162.8,2.0,14.0,0.125,1.7676524421722917,14,16,0,16,0.01165685618348843,0,0,0,0,0,0,0,0,0,6,1126,5,0,78,1
1ki4,B,279,GLY,-0.4,60.1,0.0,0,0,-,0.7261904761904762,91.6,-169.9,7.0,4.0,0.6363636363636364,1.7096566410391907,11,18,0,18,0.014454501667525653,0,0,0,0,0,0,0,0,0,6,1126,5,0,78,1
1ki4,B,280,PRO,-1.6,112.7,0.0,0,0,S,0.7279411764705882,-86.2,164.4,2.0,13.0,0.13333333333333333,1.9439158967262493,10,26,0,26,0.01958351838826056,0,0,0,0,0,0,1,0,0,6,1126,5,0,78,1
1ki4,B,281,ARG,-4.5,173.4,1.0,5,0,P,0.4838709677419355,-66.0,130.7,9.0,13.0,0.4090909090909091,1.8910733984628636,24,20,7,13,0.03357174580844668,0,0,0,0,0,0,0,0,0,6,1126,5,0,78,1
1ki4,B,282,PRO,-1.6,112.7,0.0,0,0,P,0.10294117647058823,-73.4,163.7,19.0,9.0,0.6785714285714286,2.09207024809063,28,32,11,21,0.04243095650789788,0,0,0,0,0,0,0,0,0,6,1126,5,0,78,1
1ki4,B,283,HIS,-3.2,153.2,0.1,2,1,P,0.5108695652173914,-80.2,128.9,5.0,23.0,0.17857142857142858,1.9766775756083863,20,11,16,-5,0.034970568550465285,0,0,0,0,0,0,0,0,0,-1,0,0,0,0,0
1ki4,B,284,ILE,4.5,166.7,0.0,0,0,G,0.0,-41.9,-33.6,16.0,17.0,0.48484848484848486,3.2410109172631514,28,26,21,5,0.05455408693872585,0,0,0,1,0,0,0,0,0,-1,0,0,0,0,0
1ki4,B,285,GLY,-0.4,60.1,0.0,0,0,G,0.21428571428571427,-69.6,-3.6,3.0,22.0,0.12,1.9618176544050987,25,22,14,8,0.03683566553982344,0,0,0,1,0,0,0,0,0,-1,0,0,0,0,0
1ki4,B,286,ASP,-3.5,111.1,-1.0,1,3,G,0.5276073619631901,-111.1,17.3,11.0,18.0,0.3793103448275862,1.9111993892956647,23,27,0,27,0.03823448828184205,0,0,0,1,0,0,0,0,0,-1,0,0,0,0,0
1ki4,B,287,THR,-0.7,116.1,0.0,1,1,S,0.0,-120.7,174.5,22.0,14.0,0.6111111111111112,4.67322809087833,33,30,11,19,0.05408781269138631,0,0,0,0,0,0,1,0,0,-1,0,0,0,0,0
1ki4,B,288,LEU,3.8,166.7,0.0,0,0,G,0.0,-65.8,-28.3,22.0,18.0,0.55,6.21716184413744,38,12,5,7,0.048492521723311866,0,0,0,1,0,0,0,0,0,-1,0,0,0,0,0
1ki4,B,289,PHE,2.8,189.9,0.0,0,0,G,0.0,-50.7,-27.2,27.0,16.0,0.627906976744186,4.880770538885696,39,14,17,-3,0.04989134446533048,0,0,0,1,0,0,0,0,0,-1,0,0,0,0,0
1ki4,B,290,THR,-0.7,116.1,0.0,1,1,G,0.23943661971830985,-75.7,-9.7,13.0,15.0,0.4642857142857143,2.411896932901921,24,26,9,17,0.043829779249916496,0,0,0,1,0,0,0,0,0,-1,0,0,0,0,0
1ki4,B,291,LEU,3.8,166.7,0.0,0,0,T,0.04878048780487805,-77.9,-31.8,22.0,13.0,0.6285714285714286,2.509562811404715,33,18,4,14,0.03776821403450251,0,0,0,0,0,1,0,0,0,18,24,12,0,4,1
1ki4,B,292,PHE,2.8,189.9,0.0,0,0,T,0.0,-87.3,30.4,22.0,12.0,0.6470588235294118,4.956591787589097,34,8,7,1,0.04289723075523742,0,0,0,0,0,1,0,0,0,18,24,12,0,4,1
1ki4,B,293,ARG,-4.5,173.4,1.0,5,0,-,0.5403225806451613,-103.2,49.4,12.0,16.0,0.42857142857142855,1.89460137158396,24,0,9,-9,0.040099585271200194,0,0,0,0,0,0,0,0,0,5,1837,6,0,125,1
1ki4,B,294,ALA,1.8,88.6,0.0,0,0,-,0.02830188679245283,-100.5,144.5,12.0,10.0,0.5454545454545454,2.3552536948515868,22,11,11,0,0.03310547156110714,0,0,0,0,0,0,0,0,0,18,24,12,0,4,1
1ki4,B,295,PRO,-1.6,112.7,0.0,0,0,G,0.7573529411764706,-49.2,-40.0,0.0,18.0,0.0,1.8943891480293615,19,11,11,0,0.021914889624958248,0,0,0,1,0,0,0,0,0,-1,0,0,0,0,0
1ki4,B,296,GLU,-3.5,138.4,-1.0,1,3,G,0.4742268041237113,-56.3,-30.5,14.0,12.0,0.5384615384615384,1.741730884877513,22,5,0,5,0.03124037457174899,0,0,0,1,0,0,0,0,0,18,24,12,0,4,1
1ki4,B,297,LEU,3.8,166.7,0.0,0,0,G,0.0,-97.6,-4.5,18.0,14.0,0.5625,4.125645800149136,33,8,15,-7,0.048492521723311866,0,0,0,1,0,0,0,0,0,-1,0,0,0,0,0
1ki4,B,298,LEU,3.8,166.7,0.0,0,0,B,0.2804878048780488,-93.1,144.8,8.0,14.0,0.36363636363636365,2.1518039585825774,21,11,18,-7,0.04149840801321881,0,1,0,0,0,0,0,0,0,5,1837,6,0,125,1
1ki4,B,299,ALA,1.8,88.6,0.0,0,0,-,0.16981132075471697,-86.6,158.9,11.0,9.0,0.55,1.964617248442527,17,0,18,-18,0.03357174580844668,0,0,0,0,0,0,0,0,0,-1,0,0,0,0,0
1ki4,B,300,PRO,-1.6,112.7,0.0,0,0,T,0.9779411764705882,-55.8,-29.3,0.0,11.0,0.0,1.8339004161990275,12,0,9,-9,0.01958351838826056,0,0,0,0,0,1,0,0,0,-1,0,0,0,0,0
1ki4,B,301,ASN,-3.5,114.1,0.0,2,2,T,0.7961783439490446,-68.5,-5.3,3.0,6.0,0.3333333333333333,1.7525698122501292,11,1,9,-8,0.017718421398902413,0,0,0,0,0,1,0,0,0,-1,0,0,0,0,0
1ki4,B,302,GLY,-0.4,60.1,0.0,0,0,S,0.4880952380952381,91.1,-8.9,2.0,13.0,0.13333333333333333,1.7808136556655454,12,9,8,1,0.022847438119637322,0,0,0,0,0,0,1,0,0,5,1837,6,0,125,1
1ki4,B,303,ASP,-3.5,111.1,-1.0,1,3,S,0.6196319018404908,-94.8,146.7,6.0,14.0,0.3,1.8431072895376537,21,8,2,6,0.03124037457174899,0,0,0,0,0,0,1,0,0,5,1837,6,0,125,1
1ki4,B,304,LEU,3.8,166.7,0.0,0,0,B,0.09146341463414634,-51.7,137.9,16.0,12.0,0.5714285714285714,2.395543076382205,27,18,17,1,0.045228601991935104,0,1,0,0,0,0,0,0,0,5,1837,6,0,125,1
1ki4,B,305,TYR,-1.3,193.6,0.0,1,1,P,0.22522522522522523,-62.8,152.8,21.0,11.0,0.65625,2.260502416351709,29,5,22,-17,0.04243095650789788,0,0,0,0,0,0,0,0,0,-1,0,0,0,0,0
1ki4,B,306,ASN,-3.5,114.1,0.0,2,2,H,0.29936305732484075,-62.9,-28.3,13.0,19.0,0.40625,2.3778836816453937,31,19,23,-4,0.040565859518539735,1,0,0,0,0,0,0,0,0,27,0,13,0,0,1
1ki4,B,307,VAL,4.2,140.0,0.0,0,0,H,0.0,-60.0,-40.7,24.0,20.0,0.5454545454545454,5.862676904659367,40,1,15,-14,0.05129016720734909,1,0,0,0,0,0,0,0,0,27,0,13,0,0,1
1ki4,B,308,PHE,2.8,189.9,0.0,0,0,H,0.0,-80.7,-42.3,18.0,24.0,0.42857142857142855,4.987726571434144,38,2,14,-12,0.04942507021799094,1,0,0,0,0,0,0,0,0,-1,0,0,0,0,0
1ki4,B,309,ALA,1.8,88.6,0.0,0,0,H,0.04716981132075472,-53.6,-48.2,11.0,23.0,0.3235294117647059,3.4627463417193782,27,10,15,-5,0.04709369898129325,1,0,0,0,0,0,0,0,0,27,0,13,0,0,1
1ki4,B,310,TRP,-0.9,227.8,0.0,1,0,H,0.08370044052863436,-62.3,-27.0,18.0,15.0,0.5454545454545454,3.1923631338783514,34,7,19,-12,0.04243095650789788,1,0,0,0,0,0,0,0,0,27,0,13,0,0,1
1ki4,B,311,ALA,1.8,88.6,0.0,0,0,H,0.0,-71.1,-50.1,23.0,17.0,0.575,5.432053238420507,39,16,8,8,0.0526889899493677,1,0,0,0,0,0,0,0,0,-1,0,0,0,0,0
1ki4,B,312,LEU,3.8,166.7,0.0,0,0,H,0.0,-55.0,-25.5,21.0,22.0,0.4883720930232558,4.7715845044391125,41,17,8,9,0.048492521723311866,1,0,0,0,0,0,0,0,0,-1,0,0,0,0,0
1ki4,B,313,ASP,-3.5,111.1,-1.0,1,3,H,0.26993865030674846,-67.3,-38.4,11.0,17.0,0.39285714285714285,1.8772820967409336,30,29,0,29,0.04196468226055834,1,0,0,0,0,0,0,0,0,27,0,13,0,0,1
1ki4,B,314,VAL,4.2,140.0,0.0,0,0,H,0.007042253521126761,-76.6,-33.1,23.0,14.0,0.6216216216216216,3.068213308631838,38,25,11,14,0.045694876239274644,1,0,0,0,0,0,0,0,0,14,24,17,0,5,1
1ki4,B,315,LEU,3.8,166.7,0.0,0,0,H,0.0,-60.1,-39.3,21.0,21.0,0.5,5.960574082150707,38,27,8,19,0.04616115048661418,1,0,0,0,0,0,0,0,0,-1,0,0,0,0,0
1ki4,B,316,ALA,1.8,88.6,0.0,0,0,H,0.05660377358490566,-78.2,-32.1,17.0,20.0,0.4594594594594595,2.5183936621931315,29,33,8,25,0.045694876239274644,1,0,0,0,0,0,0,0,0,-1,0,0,0,0,0
1ki4,B,317,LYS,-3.9,168.6,1.0,2,0,H,0.3463414634146341,-68.7,-52.7,15.0,15.0,0.5,1.9011495426295812,26,22,8,14,0.035436842797804825,1,0,0,0,0,0,0,0,0,14,24,17,0,5,1
1ki4,B,318,ARG,-4.5,173.4,1.0,5,0,H,0.09274193548387097,-50.3,-51.4,18.0,16.0,0.5294117647058824,2.3662753446812816,32,20,6,14,0.04429605349725603,1,0,0,0,0,0,0,0,0,14,24,17,0,5,1
1ki4,B,319,LEU,3.8,166.7,0.0,0,0,H,0.0,-76.6,-26.1,20.0,18.0,0.5263157894736842,5.4265220303656445,36,42,2,40,0.043363505002576956,1,0,0,0,0,0,0,0,0,-1,0,0,0,0,0
1ki4,B,320,ARG,-4.5,173.4,1.0,5,0,H,0.4717741935483871,-56.7,-22.2,11.0,20.0,0.3548387096774194,2.0266797944619763,24,20,3,17,0.03916703677652112,1,0,0,0,0,0,0,0,0,-1,0,0,0,0,0
1ki4,B,321,SER,-0.8,89.0,0.0,1,1,T,0.4307692307692308,-108.2,8.0,10.0,17.0,0.37037037037037035,1.834839863414027,26,41,4,37,0.034970568550465285,0,0,0,0,0,1,0,0,0,-1,0,0,0,0,0
1ki4,B,322,MET,1.9,162.9,0.0,0,0,-,0.015957446808510637,-81.3,160.0,21.0,12.0,0.6363636363636364,4.092000350235687,35,40,2,38,0.045228601991935104,0,0,0,0,0,0,0,0,0,-1,0,0,0,0,0
1ki4,B,323,HIS,-3.2,153.2,0.1,2,1,E,0.2391304347826087,-119.7,102.8,14.0,21.0,0.4,2.194120419896543,28,12,5,7,0.04103213376587927,0,0,1,0,0,0,0,0,0,-1,0,0,0,0,0
1ki4,B,324,VAL,4.2,140.0,0.0,0,0,E,0.2746478873239437,-91.0,135.6,18.0,19.0,0.4864864864864865,1.9848069768488779,29,19,3,16,0.04103213376587927,0,0,1,0,0,0,0,0,0,-1,0,0,0,0,0
1ki4,B,325,PHE,2.8,189.9,0.0,0,0,E,0.2233502538071066,-130.4,147.6,18.0,16.0,0.5294117647058824,2.187514622950572,30,12,0,12,0.03450429430312575,0,0,1,0,0,0,0,0,0,15,56,7,0,5,1
1ki4,B,326,ILE,4.5,166.7,0.0,0,0,E,0.5266272189349113,-115.0,138.5,9.0,23.0,0.28125,1.8994680617677628,25,5,11,-6,0.03124037457174899,0,0,1,0,0,0,0,0,0,-1,0,0,0,0,0
1ki4,B,327,LEU,3.8,166.7,0.0,0,0,E,0.024390243902439025,-121.3,140.7,25.0,7.0,0.78125,2.4915181501679178,35,11,20,-9,0.040565859518539735,0,0,1,0,0,0,0,0,0,4,3533,6,0,289,1
1ki4,B,328,ASP,-3.5,111.1,-1.0,1,3,E,0.49693251533742333,-91.4,118.6,7.0,21.0,0.25,2.0658121871448913,23,7,9,-2,0.03870076252918159,0,0,1,0,0,0,0,0,0,-1,0,0,0,0,0
1ki4,B,329,TYR,-1.3,193.6,0.0,1,1,-,0.009009009009009009,-96.4,11.0,23.0,13.0,0.6388888888888888,2.9257196825309193,35,35,20,15,0.04709369898129325,0,0,0,0,0,0,0,0,0,-1,0,0,0,0,0
1ki4,B,330,ASP,-3.5,111.1,-1.0,1,3,S,0.4539877300613497,-93.0,41.3,8.0,17.0,0.32,1.8471693325825216,18,20,13,7,0.03403802005578621,0,0,0,0,0,0,1,0,0,-1,0,0,0,0,0
1ki4,B,331,GLN,-3.5,143.8,0.0,2,2,S,0.3434343434343434,-148.7,159.5,12.0,10.0,0.5454545454545454,1.867426255749147,22,14,23,-9,0.02984155182973038,0,0,0,0,0,0,1,0,0,-1,0,0,0,0,0
1ki4,B,332,SER,-0.8,89.0,0.0,1,1,-,0.5461538461538461,-53.8,160.5,3.0,15.0,0.16666666666666666,1.926649373400216,20,19,20,-1,0.023779986614316396,0,0,0,0,0,0,0,0,0,-1,0,0,0,0,0
1ki4,B,333,PRO,-1.6,112.7,0.0,0,0,H,0.5514705882352942,-54.7,-41.0,5.0,17.0,0.22727272727272727,2.2188968643362967,24,23,13,10,0.03357174580844668,1,0,0,0,0,0,0,0,0,4,3533,6,0,289,1
1ki4,B,334,ALA,1.8,88.6,0.0,0,0,H,0.37735849056603776,-74.7,-23.3,0.0,22.0,0.0,1.93228562012366,18,11,9,2,0.029375277582390842,1,0,0,0,0,0,0,0,0,4,3533,6,0,289,1
1ki4,B,335,GLY,-0.4,60.1,0.0,0,0,H,0.20238095238095238,-72.5,-47.5,6.0,15.0,0.2857142857142857,1.8052343080753563,21,11,20,-9,0.03124037457174899,1,0,0,0,0,0,0,0,0,4,3533,6,0,289,1
1ki4,B,336,CYS,2.5,108.5,0.0,1,0,H,0.02962962962962963,-64.4,-36.4,23.0,11.0,0.6764705882352942,3.3648498360372923,32,20,21,-1,0.048958795970651406,1,0,0,0,0,0,0,0,0,4,3533,6,0,289,1
1ki4,B,337,ARG,-4.5,173.4,1.0,5,0,H,0.23387096774193547,-57.5,-50.5,12.0,18.0,0.4,3.2012806717560163,22,0,8,-8,0.04755997322863279,1,0,0,0,0,0,0,0,0,4,3533,6,0,289,1
1ki4,B,338,ASP,-3.5,111.1,-1.0,1,3,H,0.5030674846625767,-69.9,-37.1,5.0,18.0,0.21739130434782608,1.881679651767667,19,11,1,10,0.03357174580844668,1,0,0,0,0,0,0,0,0,4,3533,6,0,289,1
1ki4,B,339,ALA,1.8,88.6,0.0,0,0,H,0.2358490566037736,-61.0,-51.7,16.0,10.0,0.6153846153846154,1.8258544461761836,24,10,16,-6,0.03776821403450251,1,0,0,0,0,0,0,0,0,4,3533,6,0,289,1
1ki4,B,340,LEU,3.8,166.7,0.0,0,0,H,0.0,-64.1,-38.3,23.0,13.0,0.6388888888888888,4.1407528024269205,38,11,13,-2,0.043363505002576956,1,0,0,0,0,0,0,0,0,4,3533,6,0,289,1
1ki4,B,341,LEU,3.8,166.7,0.0,0,0,H,0.4878048780487805,-64.5,-25.6,12.0,15.0,0.4444444444444444,2.193151884059033,26,11,8,3,0.034970568550465285,1,0,0,0,0,0,0,0,0,4,3533,6,0,289,1
1ki4,B,342,GLN,-3.5,143.8,0.0,2,2,H,0.6868686868686869,-76.2,-56.7,8.0,10.0,0.4444444444444444,1.8217763969279193,18,4,7,-3,0.02797645484037223,1,0,0,0,0,0,0,0,0,-1,0,0,0,0,0
1ki4,B,343,LEU,3.8,166.7,0.0,0,0,H,0.24390243902439024,-52.5,-34.7,16.0,8.0,0.6666666666666666,2.051565631939668,28,4,6,-2,0.03590311704514436,1,0,0,0,0,0,0,0,0,15,56,7,0,5,1
1ki4,B,344,THR,-0.7,116.1,0.0,1,1,G,0.2112676056338028,-49.9,-36.3,19.0,14.0,0.5757575757575758,2.2946260093179975,27,6,3,3,0.03870076252918159,0,0,0,1,0,0,0,0,0,15,56,7,0,5,1
1ki4,B,345,SER,-0.8,89.0,0.0,1,1,G,0.8461538461538461,-64.5,-29.6,4.0,15.0,0.21052631578947367,1.8624853007468,17,0,1,-1,0.024246260861655933,0,0,0,1,0,0,0,0,0,15,56,7,0,5,1
1ki4,B,346,GLY,-0.4,60.1,0.0,0,0,G,0.7380952380952381,-88.6,14.0,7.0,11.0,0.3888888888888889,1.709582332328921,18,10,0,10,0.022847438119637322,0,0,0,1,0,0,0,0,0,15,56,7,0,5,1
1ki4,B,347,MET,1.9,162.9,0.0,0,0,S,0.06914893617021277,-90.6,151.0,25.0,6.0,0.8064516129032258,2.7680890701416816,29,15,1,14,0.03730193978716297,0,0,0,0,0,0,1,0,0,15,56,7,0,5,1
1ki4,B,348,VAL,4.2,140.0,0.0,0,0,-,0.24647887323943662,-82.8,132.1,15.0,16.0,0.4838709677419355,2.357249397854473,30,22,9,13,0.04103213376587927,0,0,0,0,0,0,0,0,0,-1,0,0,0,0,0
1ki4,B,349,GLN,-3.5,143.8,0.0,2,2,E,0.25252525252525254,-105.2,-177.3,16.0,16.0,0.5,2.2798679389657828,32,23,9,14,0.04616115048661418,0,0,1,0,0,0,0,0,0,-1,0,0,0,0,0
1ki4,B,350,THR,-0.7,116.1,0.0,1,1,E,0.014084507042253521,-159.6,162.9,17.0,15.0,0.53125,4.768577845196807,32,27,9,18,0.04942507021799094,0,0,1,0,0,0,0,0,0,3,2026,13,0,384,1
1ki4,B,351,HIS,-3.2,153.2,0.1,2,1,E,0.3641304347826087,-83.5,169.1,7.0,24.0,0.22580645161290322,2.235802256706299,25,4,7,-3,0.043363505002576956,0,0,1,0,0,0,0,0,0,26,3,1,0,0,1
1ki4,B,352,VAL,4.2,140.0,0.0,0,0,E,0.09859154929577464,-106.4,155.6,21.0,14.0,0.6,2.6263303354962546,30,22,4,18,0.05129016720734909,0,0,1,0,0,0,0,0,0,-1,0,0,0,0,0
1ki4,B,353,THR,-0.7,116.1,0.0,1,1,S,0.6338028169014085,-63.9,-46.8,7.0,16.0,0.30434782608695654,1.9030641766855605,21,18,0,18,0.03310547156110714,0,0,0,0,0,0,1,0,0,-1,0,0,0,0,0
1ki4,B,354,THR,-0.7,116.1,0.0,1,1,S,0.5140845070422535,-117.6,152.7,9.0,11.0,0.45,1.898817119141157,17,14,0,14,0.026577632098353617,0,0,0,0,0,0,1,0,0,-1,0,0,0,0,0
1ki4,B,355,PRO,-1.6,112.7,0.0,0,0,T,0.7647058823529411,-62.5,-33.5,1.0,18.0,0.05263157894736842,1.8339488605369816,15,12,0,12,0.026577632098353617,0,0,0,0,0,1,0,0,0,-1,0,0,0,0,0
1ki4,B,356,GLY,-0.4,60.1,0.0,0,0,T,0.44047619047619047,-80.9,15.6,0.0,19.0,0.0,1.741703542866243,14,10,2,8,0.02611135785101408,0,0,0,0,0,1,0,0,0,-1,0,0,0,0,0
1ki4,B,357,SER,-0.8,89.0,0.0,1,1,H,0.007692307692307693,-77.9,-32.1,17.0,9.0,0.6538461538461539,2.5287447577470186,26,14,2,12,0.03870076252918159,1,0,0,0,0,0,0,0,0,-1,0,0,0,0,0
1ki4,B,358,ILE,4.5,166.7,0.0,0,0,H,0.15384615384615385,-55.6,-51.7,14.0,20.0,0.4117647058823529,2.5594820792239243,32,13,12,1,0.04289723075523742,1,0,0,0,0,0,0,0,0,-1,0,0,0,0,0
1ki4,B,359,PRO,-1.6,112.7,0.0,0,0,H,0.47058823529411764,-62.4,-42.9,3.0,23.0,0.11538461538461539,1.969716412866514,21,14,8,6,0.028909003335051305,1,0,0,0,0,0,0,0,0,23,24,4,0,1,1
1ki4,B,360,THR,-0.7,116.1,0.0,1,1,H,0.5,-59.7,-49.9,12.0,10.0,0.5454545454545454,1.8992987177740284,22,14,8,6,0.03124037457174899,1,0,0,0,0,0,0,0,0,23,24,4,0,1,1
1ki4,B,361,ILE,4.5,166.7,0.0,0,0,H,0.011834319526627219,-61.8,-38.5,26.0,12.0,0.6842105263157895,4.772546050748374,35,24,8,16,0.04429605349725603,1,0,0,0,0,0,0,0,0,23,24,4,0,1,1
1ki4,B,362,CYS,2.5,108.5,0.0,1,0,H,0.0962962962962963,-62.0,-43.5,8.0,20.0,0.2857142857142857,2.930672004578609,24,11,13,-2,0.040565859518539735,1,0,0,0,0,0,0,0,0,23,24,4,0,1,1
1ki4,B,363,ASP,-3.5,111.1,-1.0,1,3,H,0.49693251533742333,-77.4,-30.3,5.0,21.0,0.19230769230769232,1.920412819961868,20,18,0,18,0.03403802005578621,1,0,0,0,0,0,0,0,0,23,24,4,0,1,1
1ki4,B,364,LEU,3.8,166.7,0.0,0,0,H,0.10975609756097561,-63.5,-44.4,16.0,15.0,0.5161290322580645,2.470693468796394,36,18,16,2,0.040099585271200194,1,0,0,0,0,0,0,0,0,23,24,4,0,1,1
1ki4,B,365,ALA,1.8,88.6,0.0,0,0,H,0.02830188679245283,-65.6,-48.7,19.0,20.0,0.48717948717948717,3.7332503106174904,30,20,11,9,0.048492521723311866,1,0,0,0,0,0,0,0,0,24,8,10,0,0,1
1ki4,B,366,ARG,-4.5,173.4,1.0,5,0,H,0.532258064516129,-60.8,-44.5,7.0,18.0,0.28,1.935380361317341,24,10,12,-2,0.040099585271200194,1,0,0,0,0,0,0,0,0,24,8,10,0,0,1
1ki4,B,367,THR,-0.7,116.1,0.0,1,1,H,0.1267605633802817,-63.8,-46.1,13.0,13.0,0.5,2.404784170318017,23,21,17,4,0.03823448828184205,1,0,0,0,0,0,0,0,0,23,24,4,0,1,1
1ki4,B,368,PHE,2.8,189.9,0.0,0,0,H,0.01015228426395939,-54.0,-45.3,22.0,17.0,0.5641025641025641,5.648218854953617,38,16,25,-9,0.05222271570202816,1,0,0,0,0,0,0,0,0,24,8,10,0,0,1
1ki4,B,369,ALA,1.8,88.6,0.0,0,0,H,0.2830188679245283,-58.8,-58.7,14.0,17.0,0.45161290322580644,2.2210770453910436,24,19,21,-2,0.043829779249916496,1,0,0,0,0,0,0,0,0,24,8,10,0,0,1
1ki4,B,370,ARG,-4.5,173.4,1.0,5,0,H,0.7459677419354839,-54.3,-39.0,8.0,15.0,0.34782608695652173,1.8343350302547938,16,8,14,-6,0.028909003335051305,1,0,0,0,0,0,0,0,0,24,8,10,0,0,1
1ki4,B,371,GLU,-3.5,138.4,-1.0,1,3,H,0.15979381443298968,-85.5,-38.1,15.0,13.0,0.5357142857142857,2.0901626540530662,28,15,7,8,0.03730193978716297,1,0,0,0,0,0,0,0,0,25,1,8,0,0,1
1ki4,B,372,MET,1.9,162.9,0.0,0,0,H,0.0,-111.0,-3.5,23.0,8.0,0.7419354838709677,4.001701335653725,33,12,24,-12,0.04616115048661418,1,0,0,0,0,0,0,0,0,25,1,8,0,0,1
1ki4,B,373,GLY,-0.4,60.1,0.0,0,0,-,0.27380952380952384,-74.1,148.5,11.0,14.0,0.44,1.797016809674257,21,12,26,-14,0.03776821403450251,0,0,0,0,0,0,0,0,0,25,1,8,0,0,1
1ki4,B,374,GLU,-3.5,138.4,-1.0,1,3,-,0.6958762886597938,156.0,360.0,11.0,8.0,0.5789473684210527,1.7085121201346414,19,19,12,7,0.022847438119637322,0,0,0,0,0,0,0,0,0,25,1,8,0,0,1
4q21,A,1,MET,1.9,162.9,0.0,0,0,-,0.7925531914893617,360.0,126.8,6.0,7.0,0.46153846153846156,1.8613441101779493,13,2,18,-16,0.021914889624958248,0,0,0,0,0,0,0,0,0,-1,0,0,0,0,0
4q21,A,2,THR,-0.7,116.1,0.0,1,1,E,0.2887323943661972,-100.0,142.9,12.0,8.0,0.6,2.0967543710351104,21,16,22,-6,0.03124037457174899,0,0,1,0,0,0,0,0,0,7,0,6,0,0,1
4q21,A,3,GLU,-3.5,138.4,-1.0,1,3,E,0.38144329896907214,-110.5,136.6,6.0,18.0,0.25,1.7764567209783113,23,24,19,5,0.03590311704514436,0,0,1,0,0,0,0,0,0,-1,0,0,0,0,0
4q21,A,4,TYR,-1.3,193.6,0.0,1,1,E,0.013513513513513514,-130.9,122.4,24.0,13.0,0.6486486486486487,2.807967769966068,31,32,37,-5,0.045228601991935104,0,0,1,0,0,0,0,0,0,7,0,6,0,0,1
4q21,A,5,LYS,-3.9,168.6,1.0,2,0,E,0.2682926829268293,-93.3,106.4,7.0,27.0,0.20588235294117646,2.3336145108934647,30,16,27,-11,0.04709369898129325,0,0,1,0,0,0,0,0,0,6,3,8,0,0,1
4q21,A,6,LEU,3.8,166.7,0.0,0,0,E,0.006097560975609756,-101.8,150.9,26.0,18.0,0.5909090909090909,5.944810728110492,39,15,28,-13,0.053621538444046775,0,0,1,0,0,0,0,0,0,-1,0,0,0,0,0
4q21,A,7,VAL,4.2,140.0,0.0,0,0,E,0.0,-124.3,127.8,20.0,25.0,0.4444444444444444,5.698514727062355,45,28,30,-2,0.053155264196707235,0,0,1,0,0,0,0,0,0,6,3,8,0,0,1
4q21,A,8,VAL,4.2,140.0,0.0,0,0,E,0.0,-98.6,103.9,25.0,22.0,0.5319148936170213,5.27582417761177,41,14,19,-5,0.04989134446533048,0,0,1,0,0,0,0,0,0,-1,0,0,0,0,0
4q21,A,9,VAL,4.2,140.0,0.0,0,0,E,0.028169014084507043,-109.8,163.7,21.0,26.0,0.44680851063829785,2.6642181733996293,40,17,12,5,0.04476232774459557,0,0,1,0,0,0,0,0,0,8,0,10,0,0,1
4q21,A,10,GLY,-0.4,60.1,0.0,0,0,E,0.05952380952380952,147.5,162.7,23.0,18.0,0.5609756097560976,2.0206076043227474,41,16,15,1,0.04476232774459557,0,0,1,0,0,0,0,0,0,8,0,10,0,0,1
4q21,A,11,ALA,1.8,88.6,0.0,0,0,S,0.07547169811320754,-53.1,155.8,16.0,18.0,0.47058823529411764,2.328975142187399,34,18,13,5,0.03823448828184205,0,0,0,0,0,0,1,0,0,8,0,10,0,0,1
4q21,A,12,GLY,-0.4,60.1,0.0,0,0,T,0.5,-69.5,153.7,10.0,23.0,0.30303030303030304,1.7096192637195462,29,15,7,8,0.027510180593032695,0,0,0,0,0,1,0,0,0,-1,0,0,0,0,0
4q21,A,13,GLY,-0.4,60.1,0.0,0,0,T,0.7619047619047619,92.0,-17.9,9.0,23.0,0.28125,1.7095905716179094,28,16,4,12,0.022381163872297785,0,0,0,0,0,1,0,0,0,-1,0,0,0,0,0
4q21,A,14,VAL,4.2,140.0,0.0,0,0,S,0.0,-69.5,-34.6,27.0,13.0,0.675,2.630699543928082,36,20,3,17,0.040099585271200194,0,0,0,0,0,0,1,0,0,5,24,7,0,1,1
4q21,A,15,GLY,-0.4,60.1,0.0,0,0,S,0.15476190476190477,136.6,9.1,26.0,20.0,0.5652173913043478,2.064998872621624,39,20,9,11,0.04103213376587927,0,0,0,0,0,0,1,0,0,-1,0,0,0,0,0
4q21,A,16,LYS,-3.9,168.6,1.0,2,0,H,0.08292682926829269,-50.8,-57.0,24.0,25.0,0.4897959183673469,2.3843328253756813,41,2,17,-15,0.04709369898129325,1,0,0,0,0,0,0,0,0,-1,0,0,0,0,0
4q21,A,17,SER,-0.8,89.0,0.0,1,1,H,0.16153846153846155,-63.1,-46.0,14.0,28.0,0.3333333333333333,2.243013044444364,36,11,30,-19,0.04149840801321881,1,0,0,0,0,0,0,0,0,0,1647,7,0,147,1
4q21,A,18,ALA,1.8,88.6,0.0,0,0,H,0.10377358490566038,-61.6,-49.6,18.0,19.0,0.4864864864864865,2.924240669873416,35,37,16,21,0.04709369898129325,1,0,0,0,0,0,0,0,0,0,1647,7,0,147,1
4q21,A,19,LEU,3.8,166.7,0.0,0,0,H,0.0,-50.2,-55.5,28.0,21.0,0.5714285714285714,5.1253241443564725,41,32,11,21,0.05129016720734909,1,0,0,0,0,0,0,0,0,-1,0,0,0,0,0
4q21,A,20,THR,-0.7,116.1,0.0,1,1,H,0.0,-61.3,-39.7,22.0,23.0,0.4888888888888889,6.022935802206038,40,28,15,13,0.045694876239274644,1,0,0,0,0,0,0,0,0,-1,0,0,0,0,0
4q21,A,21,ILE,4.5,166.7,0.0,0,0,H,0.03550295857988166,-66.9,-32.9,11.0,21.0,0.34375,3.2815631381337784,27,27,10,17,0.053621538444046775,1,0,0,0,0,0,0,0,0,0,1647,7,0,147,1
4q21,A,22,GLN,-3.5,143.8,0.0,2,2,H,0.04040404040404041,-63.6,-49.9,21.0,8.0,0.7241379310344828,3.4350823419109644,28,32,8,24,0.05595290968074446,1,0,0,0,0,0,0,0,0,-1,0,0,0,0,0
4q21,A,23,LEU,3.8,166.7,0.0,0,0,H,0.0,-62.1,-51.5,22.0,14.0,0.6111111111111112,4.42316390586597,30,29,12,17,0.04755997322863279,1,0,0,0,0,0,0,0,0,-1,0,0,0,0,0
4q21,A,24,ILE,4.5,166.7,0.0,0,0,H,0.16568047337278108,-59.7,-56.0,14.0,15.0,0.4827586206896552,2.238187509811004,25,31,1,30,0.04243095650789788,1,0,0,0,0,0,0,0,0,-1,0,0,0,0,0
4q21,A,25,GLN,-3.5,143.8,0.0,2,2,H,0.46464646464646464,-123.6,2.8,7.0,13.0,0.35,1.893977224518797,17,24,0,24,0.030774100324409453,1,0,0,0,0,0,0,0,0,-1,0,0,0,0,0
4q21,A,26,ASN,-3.5,114.1,0.0,2,2,S,0.6242038216560509,61.7,43.8,1.0,18.0,0.05263157894736842,1.89139051666773,18,26,5,21,0.03357174580844668,0,0,0,0,0,0,1,0,0,-1,0,0,0,0,0
4q21,A,27,HIS,-3.2,153.2,0.1,2,1,-,0.4891304347826087,-149.5,135.5,4.0,17.0,0.19047619047619047,2.066614214247613,17,11,5,6,0.03310547156110714,0,0,0,0,0,0,0,0,0,-1,0,0,0,0,0
4q21,A,28,PHE,2.8,189.9,0.0,0,0,-,0.36548223350253806,-79.1,116.5,10.0,15.0,0.4,2.018076653747517,24,27,20,7,0.04103213376587927,0,0,0,0,0,0,0,0,0,-1,0,0,0,0,0
4q21,A,29,VAL,4.2,140.0,0.0,0,0,-,0.2605633802816901,-108.0,115.2,13.0,11.0,0.5416666666666666,2.0671014876900466,21,21,22,-1,0.03776821403450251,0,0,0,0,0,0,0,0,0,0,1647,7,0,147,1
4q21,A,30,ASP,-3.5,111.1,-1.0,1,3,S,0.5398773006134969,-95.3,163.7,1.0,18.0,0.05263157894736842,1.7300472815102679,13,15,11,4,0.022847438119637322,0,0,0,0,0,0,1,0,0,0,1647,7,0,147,1
4q21,A,31,GLU,-3.5,138.4,-1.0,1,3,S,1.0,83.8,2.6,2.0,11.0,0.15384615384615385,1.7084762267476694,8,0,16,-16,0.018650969893581486,0,0,0,0,0,0,1,0,0,0,1647,7,0,147,1
4q21,A,32,TYR,-1.3,193.6,0.0,1,1,-,0.26126126126126126,-77.2,127.0,18.0,4.0,0.8181818181818182,2.020202227933113,24,9,42,-33,0.032172923066428064,0,0,0,0,0,0,0,0,0,0,1647,7,0,147,1
4q21,A,33,ASP,-3.5,111.1,-1.0,1,3,-,0.44785276073619634,-47.0,118.4,5.0,14.0,0.2631578947368421,1.738939394586251,15,0,19,-19,0.024246260861655933,0,0,0,0,0,0,0,0,0,0,1647,7,0,147,1
4q21,A,34,PRO,-1.6,112.7,0.0,0,0,T,0.7867647058823529,-60.5,-17.3,5.0,17.0,0.22727272727272727,1.9235801037536555,19,7,22,-15,0.027043906345693154,0,0,0,0,0,1,0,0,0,-1,0,0,0,0,0
4q21,A,35,THR,-0.7,116.1,0.0,1,1,T,0.6830985915492958,-106.0,-3.8,2.0,15.0,0.11764705882352941,1.9821884870862836,16,3,26,-23,0.02471253510899547,0,0,0,0,0,1,0,0,0,-1,0,0,0,0,0
4q21,A,36,ILE,4.5,166.7,0.0,0,0,-,0.3668639053254438,-81.5,107.6,4.0,14.0,0.2222222222222222,2.1060857690460404,16,0,35,-35,0.03590311704514436,0,0,0,0,0,0,0,0,0,-1,0,0,0,0,0
4q21,A,37,GLU,-3.5,138.4,-1.0,1,3,-,0.23195876288659795,-92.2,117.9,16.0,13.0,0.5517241379310345,1.819748420117925,27,15,21,-6,0.03823448828184205,0,0,0,0,0,0,0,0,0,-1,0,0,0,0,0
4q21,A,38,ASP,-3.5,111.1,-1.0,1,3,E,0.4723926380368098,-150.6,155.5,10.0,16.0,0.38461538461538464,2.020652872578618,21,3,20,-17,0.03590311704514436,0,0,1,0,0,0,0,0,0,-1,0,0,0,0,0
4q21,A,39,SER,-0.8,89.0,0.0,1,1,E,0.3076923076923077,-109.7,147.3,13.0,14.0,0.48148148148148145,1.8403106864057748,24,15,34,-19,0.03730193978716297,0,0,1,0,0,0,0,0,0,-1,0,0,0,0,0
4q21,A,40,TYR,-1.3,193.6,0.0,1,1,E,0.15765765765765766,-131.7,151.5,15.0,11.0,0.5769230769230769,2.2039494929207537,26,17,30,-13,0.03730193978716297,0,0,1,0,0,0,0,0,0,-1,0,0,0,0,0
4q21,A,41,ARG,-4.5,173.4,1.0,5,0,E,0.6491935483870968,-110.3,147.6,4.0,19.0,0.17391304347826086,1.8068853993843292,21,12,17,-5,0.035436842797804825,0,0,1,0,0,0,0,0,0,-1,0,0,0,0,0
4q21,A,42,LYS,-3.9,168.6,1.0,2,0,E,0.1902439024390244,-156.0,120.3,20.0,9.0,0.6896551724137931,2.2760754971465036,30,11,12,-1,0.03730193978716297,0,0,1,0,0,0,0,0,0,-1,0,0,0,0,0
4q21,A,43,GLN,-3.5,143.8,0.0,2,2,E,0.6868686868686869,-87.4,125.4,2.0,19.0,0.09523809523809523,1.8186060401294597,17,17,9,8,0.03124037457174899,0,0,1,0,0,0,0,0,0,-1,0,0,0,0,0
4q21,A,44,VAL,4.2,140.0,0.0,0,0,E,0.1056338028169014,-152.0,149.4,13.0,10.0,0.5652173913043478,2.476596904724018,26,15,23,-8,0.0363693912924839,0,0,1,0,0,0,0,0,0,2,559,6,0,46,1
4q21,A,45,VAL,4.2,140.0,0.0,0,0,E,0.5985915492957746,-99.8,127.5,2.0,18.0,0.1,1.9139191928932302,19,12,18,-6,0.032639197313767604,0,0,1,0,0,0,0,0,0,2,559,6,0,46,1
4q21,A,46,ILE,4.5,166.7,0.0,0,0,E,0.01775147928994083,-131.0,122.3,20.0,5.0,0.8,2.550058807638823,23,21,24,-3,0.03916703677652112,0,0,1,0,0,0,0,0,0,7,0,6,0,0,1
4q21,A,47,ASP,-3.5,111.1,-1.0,1,3,T,0.6134969325153374,54.7,38.0,6.0,7.0,0.46153846153846156,1.672130183725666,13,19,9,10,0.022381163872297785,0,0,0,0,0,1,0,0,0,2,559,6,0,46,1
4q21,A,48,GLY,-0.4,60.1,0.0,0,0,T,0.9047619047619048,78.5,7.9,0.0,11.0,0.0,1.7095695950467271,13,8,17,-9,0.02098234113027917,0,0,0,0,0,1,0,0,0,-1,0,0,0,0,0
4q21,A,49,GLU,-3.5,138.4,-1.0,1,3,E,0.23711340206185566,-105.0,133.9,12.0,6.0,0.6666666666666666,2.027205091986479,19,15,12,3,0.032172923066428064,0,0,1,0,0,0,0,0,0,7,0,6,0,0,1
4q21,A,50,THR,-0.7,116.1,0.0,1,1,E,0.39436619718309857,-86.8,114.8,2.0,15.0,0.11764705882352941,1.988542674087549,17,6,20,-14,0.03730193978716297,0,0,1,0,0,0,0,0,0,7,0,6,0,0,1
4q21,A,51,CYS,2.5,108.5,0.0,1,0,E,0.0,-110.4,145.9,18.0,7.0,0.72,4.462562403731588,26,20,26,-6,0.05175644145468863,0,0,1,0,0,0,0,0,0,7,0,6,0,0,1
4q21,A,52,LEU,3.8,166.7,0.0,0,0,E,0.10975609756097561,-121.4,98.9,4.0,18.0,0.18181818181818182,2.8595274468045018,23,24,23,1,0.045228601991935104,0,0,1,0,0,0,0,0,0,-1,0,0,0,0,0
4q21,A,53,LEU,3.8,166.7,0.0,0,0,E,0.0,-77.6,115.6,23.0,13.0,0.6388888888888888,5.325933175909168,34,27,22,5,0.05222271570202816,0,0,1,0,0,0,0,0,0,-1,0,0,0,0,0
4q21,A,54,ASP,-3.5,111.1,-1.0,1,3,E,0.09202453987730061,-106.2,99.9,9.0,22.0,0.2903225806451613,2.488670461008405,31,26,20,6,0.04709369898129325,0,0,1,0,0,0,0,0,0,-1,0,0,0,0,0
4q21,A,55,ILE,4.5,166.7,0.0,0,0,E,0.0,-102.4,128.7,21.0,19.0,0.525,4.987475640903848,36,27,28,-1,0.05035761871267001,0,0,1,0,0,0,0,0,0,-1,0,0,0,0,0
4q21,A,56,LEU,3.8,166.7,0.0,0,0,E,0.018292682926829267,-91.3,112.4,19.0,19.0,0.5,4.177640742812751,37,28,38,-10,0.05408781269138631,0,0,1,0,0,0,0,0,0,-1,0,0,0,0,0
4q21,A,57,ASP,-3.5,111.1,-1.0,1,3,E,0.0,-83.1,107.7,21.0,22.0,0.4883720930232558,3.5146226600975945,34,14,21,-7,0.05175644145468863,0,0,1,0,0,0,0,0,0,-1,0,0,0,0,0
4q21,A,58,THR,-0.7,116.1,0.0,1,1,-,0.09154929577464789,-80.8,158.2,21.0,20.0,0.5121951219512195,2.184659061852483,39,20,25,-5,0.04429605349725603,0,0,0,0,0,0,0,0,0,-1,0,0,0,0,0
4q21,A,59,ALA,1.8,88.6,0.0,0,0,-,0.1509433962264151,-166.9,145.2,13.0,17.0,0.43333333333333335,1.7832437102123806,29,18,37,-19,0.03776821403450251,0,0,0,0,0,0,0,0,0,-1,0,0,0,0,0
4q21,A,60,GLY,-0.4,60.1,0.0,0,0,-,0.5,104.4,113.6,11.0,10.0,0.5238095238095238,1.7096315801108033,25,12,31,-19,0.02797645484037223,0,0,0,0,0,0,0,0,0,3,485,4,0,23,1
4q21,A,61,GLN,-3.5,143.8,0.0,2,2,S,0.7424242424242424,-98.0,124.8,7.0,11.0,0.3888888888888889,1.7529206558480965,18,7,21,-14,0.02144861537761871,0,0,0,0,0,0,1,0,0,3,485,4,0,23,1
4q21,A,62,GLU,-3.5,138.4,-1.0,1,3,S,0.7835051546391752,91.8,-80.3,0.0,8.0,0.0,1.7115733708530854,7,4,9,-5,0.02098234113027917,0,0,0,0,0,0,1,0,0,3,485,4,0,23,1
4q21,A,63,GLU,-3.5,138.4,-1.0,1,3,S,0.7268041237113402,-44.1,114.4,0.0,11.0,0.0,1.708483826636766,8,5,11,-6,0.021914889624958248,0,0,0,0,0,0,1,0,0,3,485,4,0,23,1
4q21,A,64,TYR,-1.3,193.6,0.0,1,1,-,0.7882882882882883,-71.6,156.7,4.0,10.0,0.2857142857142857,1.7796049584018157,14,11,27,-16,0.026577632098353617,0,0,0,0,0,0,0,0,0,3,485,4,0,23,1
4q21,A,65,SER,-0.8,89.0,0.0,1,1,-,0.3,-145.4,142.6,12.0,5.0,0.7058823529411765,1.8886480328512691,15,11,26,-15,0.026577632098353617,0,0,0,0,0,0,0,0,0,-1,0,0,0,0,0
4q21,A,66,ALA,1.8,88.6,0.0,0,0,H,0.7169811320754716,-60.8,-50.9,0.0,12.0,0.0,1.7677205241488103,13,16,15,1,0.023779986614316396,1,0,0,0,0,0,0,0,0,-1,0,0,0,0,0
4q21,A,67,MET,1.9,162.9,0.0,0,0,H,0.4946808510638298,-58.2,-47.9,10.0,11.0,0.47619047619047616,2.4980094204422683,21,17,30,-13,0.032639197313767604,1,0,0,0,0,0,0,0,0,-1,0,0,0,0,0
4q21,A,68,ARG,-4.5,173.4,1.0,5,0,H,0.11693548387096774,-63.5,-47.6,14.0,16.0,0.4666666666666667,2.1331205505192687,25,3,33,-30,0.04103213376587927,1,0,0,0,0,0,0,0,0,3,485,4,0,23,1
4q21,A,69,ASP,-3.5,111.1,-1.0,1,3,H,0.3803680981595092,-52.9,-55.9,4.0,15.0,0.21052631578947367,1.7421024654075,20,23,6,17,0.040099585271200194,1,0,0,0,0,0,0,0,0,-1,0,0,0,0,0
4q21,A,70,GLN,-3.5,143.8,0.0,2,2,H,0.35353535353535354,-54.7,-51.6,6.0,13.0,0.3157894736842105,2.1758960618673115,17,26,9,17,0.03776821403450251,1,0,0,0,0,0,0,0,0,6,3,8,0,0,1
4q21,A,71,TYR,-1.3,193.6,0.0,1,1,H,0.06306306306306306,-62.7,-30.7,20.0,10.0,0.6666666666666666,3.287360366987268,32,30,38,-8,0.05035761871267001,1,0,0,0,0,0,0,0,0,6,3,8,0,0,1
4q21,A,72,MET,1.9,162.9,0.0,0,0,H,0.047872340425531915,-69.4,-46.1,16.0,18.0,0.47058823529411764,2.720119201298073,33,48,16,32,0.048492521723311866,1,0,0,0,0,0,0,0,0,6,3,8,0,0,1
4q21,A,73,ARG,-4.5,173.4,1.0,5,0,H,0.6129032258064516,-80.6,-32.2,6.0,18.0,0.25,1.9559709022832288,18,19,10,9,0.034970568550465285,1,0,0,0,0,0,0,0,0,6,3,8,0,0,1
4q21,A,74,THR,-0.7,116.1,0.0,1,1,H,0.24647887323943662,-90.3,-15.9,11.0,13.0,0.4583333333333333,2.0895537270002396,21,31,19,12,0.03403802005578621,1,0,0,0,0,0,0,0,0,6,3,8,0,0,1
4q21,A,75,GLY,-0.4,60.1,0.0,0,0,-,0.0,-59.5,147.2,26.0,9.0,0.7428571428571429,2.608422951688076,31,32,21,11,0.04476232774459557,0,0,0,0,0,0,0,0,0,6,3,8,0,0,1
4q21,A,76,GLU,-3.5,138.4,-1.0,1,3,S,0.30927835051546393,-90.0,-29.6,16.0,19.0,0.45714285714285713,1.8520327326150177,31,39,21,18,0.04429605349725603,0,0,0,0,0,0,1,0,0,6,3,8,0,0,1
4q21,A,77,GLY,-0.4,60.1,0.0,0,0,E,0.0,-156.1,162.2,26.0,18.0,0.5909090909090909,4.13880519286992,36,26,22,4,0.05035761871267001,0,0,1,0,0,0,0,0,0,-1,0,0,0,0,0
4q21,A,78,PHE,2.8,189.9,0.0,0,0,E,0.0,-128.6,133.1,22.0,25.0,0.46808510638297873,5.369851862488665,38,30,11,19,0.050823892960009553,0,0,1,0,0,0,0,0,0,6,3,8,0,0,1
4q21,A,79,LEU,3.8,166.7,0.0,0,0,E,0.0,-91.9,118.6,30.0,23.0,0.5660377358490566,8.02208695916226,47,10,7,3,0.050823892960009553,0,0,1,0,0,0,0,0,0,-1,0,0,0,0,0
4q21,A,80,CYS,2.5,108.5,0.0,1,0,E,0.022222222222222223,-99.9,99.7,25.0,27.0,0.4807692307692308,7.250012927818556,44,21,5,16,0.05175644145468863,0,0,1,0,0,0,0,0,0,-1,0,0,0,0,0
4q21,A,81,VAL,4.2,140.0,0.0,0,0,E,0.0,-90.0,134.7,26.0,26.0,0.5,6.306881148645327,40,14,7,7,0.05548663543340492,0,0,1,0,0,0,0,0,0,-1,0,0,0,0,0
4q21,A,82,PHE,2.8,189.9,0.0,0,0,E,0.0,-135.1,158.7,20.0,24.0,0.45454545454545453,5.917735479679016,44,20,24,-4,0.05688545817542354,0,0,1,0,0,0,0,0,0,1,940,5,0,60,1
4q21,A,83,ALA,1.8,88.6,0.0,0,0,E,0.009433962264150943,-97.5,132.1,15.0,28.0,0.3488372093023256,3.5597131361856755,39,28,14,14,0.048492521723311866,0,0,1,0,0,0,0,0,0,5,24,7,0,1,1
4q21,A,84,ILE,4.5,166.7,0.0,0,0,T,0.005917159763313609,-57.9,-35.2,18.0,18.0,0.5,4.7265314167494745,32,22,24,-2,0.05735173242276307,0,0,0,0,0,1,0,0,0,1,940,5,0,60,1
4q21,A,85,ASN,-3.5,114.1,0.0,2,2,T,0.267515923566879,-102.0,24.4,10.0,17.0,0.37037037037037035,2.1537644798554165,22,23,8,15,0.04243095650789788,0,0,0,0,0,1,0,0,0,5,24,7,0,1,1
4q21,A,86,ASN,-3.5,114.1,0.0,2,2,-,0.3821656050955414,-146.0,100.3,15.0,14.0,0.5172413793103449,2.1291746106048044,24,21,14,7,0.03776821403450251,0,0,0,0,0,0,0,0,0,5,24,7,0,1,1
4q21,A,87,THR,-0.7,116.1,0.0,1,1,H,0.3380281690140845,-65.5,-43.7,6.0,17.0,0.2608695652173913,2.0489724039654864,19,13,17,-4,0.03823448828184205,1,0,0,0,0,0,0,0,0,5,24,7,0,1,1
4q21,A,88,LYS,-3.9,168.6,1.0,2,0,H,0.5317073170731708,-56.4,-36.5,3.0,18.0,0.14285714285714285,2.068510801617559,20,2,17,-15,0.027510180593032695,1,0,0,0,0,0,0,0,0,5,24,7,0,1,1
4q21,A,89,SER,-0.8,89.0,0.0,1,1,H,0.0,-57.1,-48.4,21.0,9.0,0.7,2.8681972968988654,32,14,17,-3,0.04616115048661418,1,0,0,0,0,0,0,0,0,5,24,7,0,1,1
4q21,A,90,PHE,2.8,189.9,0.0,0,0,H,0.116751269035533,-58.1,-47.0,17.0,20.0,0.4594594594594595,2.6417350531808057,35,16,24,-8,0.04755997322863279,1,0,0,0,0,0,0,0,0,5,24,7,0,1,1
4q21,A,91,GLU,-3.5,138.4,-1.0,1,3,H,0.5257731958762887,-63.6,-28.6,5.0,20.0,0.2,1.8364609636348943,18,17,8,9,0.0363693912924839,1,0,0,0,0,0,0,0,0,-1,0,0,0,0,0
4q21,A,92,ASP,-3.5,111.1,-1.0,1,3,T,0.22085889570552147,-73.0,-17.4,14.0,8.0,0.6363636363636364,2.1801245652018464,26,21,10,11,0.03916703677652112,0,0,0,0,0,1,0,0,0,8,0,10,0,0,1
4q21,A,93,ILE,4.5,166.7,0.0,0,0,H,0.005917159763313609,-55.4,-35.2,19.0,15.0,0.5588235294117647,3.044602066344164,34,28,20,8,0.0526889899493677,1,0,0,0,0,0,0,0,0,-1,0,0,0,0,0
4q21,A,94,HIS,-3.2,153.2,0.1,2,1,H,0.4782608695652174,-63.4,-38.5,5.0,20.0,0.2,2.101549494343516,20,21,22,-1,0.0363693912924839,1,0,0,0,0,0,0,0,0,-1,0,0,0,0,0
4q21,A,95,GLN,-3.5,143.8,0.0,2,2,H,0.4696969696969697,-63.9,-48.4,9.0,11.0,0.45,1.9042472104028516,20,32,23,9,0.03590311704514436,1,0,0,0,0,0,0,0,0,8,0,10,0,0,1
4q21,A,96,TYR,-1.3,193.6,0.0,1,1,H,0.23423423423423423,-60.8,-38.4,20.0,10.0,0.6666666666666666,2.2421252658814823,35,27,18,9,0.04196468226055834,1,0,0,0,0,0,0,0,0,8,0,10,0,0,1
4q21,A,97,ARG,-4.5,173.4,1.0,5,0,H,0.0846774193548387,-64.0,-49.1,19.0,19.0,0.5,2.8609385269731473,31,26,23,3,0.04709369898129325,1,0,0,0,0,0,0,0,0,-1,0,0,0,0,0
4q21,A,98,GLU,-3.5,138.4,-1.0,1,3,H,0.3711340206185567,-59.0,-33.3,4.0,17.0,0.19047619047619047,2.073019321305929,20,42,13,29,0.03916703677652112,1,0,0,0,0,0,0,0,0,-1,0,0,0,0,0
4q21,A,99,GLN,-3.5,143.8,0.0,2,2,H,0.2878787878787879,-71.2,-45.8,10.0,13.0,0.43478260869565216,1.9366618443841999,27,45,14,31,0.03683566553982344,1,0,0,0,0,0,0,0,0,8,0,10,0,0,1
4q21,A,100,ILE,4.5,166.7,0.0,0,0,H,0.0,-54.4,-45.2,21.0,13.0,0.6176470588235294,4.5441469012048215,31,49,24,25,0.04616115048661418,1,0,0,0,0,0,0,0,0,-1,0,0,0,0,0
4q21,A,101,LYS,-3.9,168.6,1.0,2,0,H,0.15121951219512195,-66.6,-35.3,9.0,14.0,0.391304347826087,2.267108695865225,22,38,32,6,0.04755997322863279,1,0,0,0,0,0,0,0,0,-1,0,0,0,0,0
4q21,A,102,ARG,-4.5,173.4,1.0,5,0,H,0.6854838709677419,-66.7,-47.6,5.0,11.0,0.3125,1.8409043941519037,14,22,17,5,0.032172923066428064,1,0,0,0,0,0,0,0,0,-1,0,0,0,0,0
4q21,A,103,VAL,4.2,140.0,0.0,0,0,H,0.4295774647887324,-63.1,-61.6,12.0,8.0,0.6,2.0021463366266734,23,42,20,22,0.035436842797804825,1,0,0,0,0,0,0,0,0,-1,0,0,0,0,0
4q21,A,104,LYS,-3.9,168.6,1.0,2,0,H,0.2975609756097561,-56.0,-24.8,17.0,6.0,0.7391304347826086,2.0070555609100236,27,30,30,0,0.03357174580844668,1,0,0,0,0,0,0,0,0,6,3,8,0,0,1
4q21,A,105,ASP,-3.5,111.1,-1.0,1,3,T,0.852760736196319,59.7,48.7,2.0,13.0,0.13333333333333333,1.7872383560159104,12,28,14,14,0.023779986614316396,0,0,0,0,0,1,0,0,0,-1,0,0,0,0,0
4q21,A,106,SER,-0.8,89.0,0.0,1,1,-,0.3,-165.8,145.5,5.0,9.0,0.35714285714285715,1.8640940774607702,16,37,30,7,0.028909003335051305,0,0,0,0,0,0,0,0,0,4,64,8,0,5,1
4q21,A,107,ASP,-3.5,111.1,-1.0,1,3,S,0.6932515337423313,-76.0,-51.7,2.0,16.0,0.1111111111111111,1.7143705322564333,17,31,24,7,0.025645083603674543,0,0,0,0,0,0,1,0,0,4,64,8,0,5,1
4q21,A,108,ASP,-3.5,111.1,-1.0,1,3,-,0.6319018404907976,-83.7,92.1,6.0,18.0,0.25,1.6720976593430832,19,32,17,15,0.02611135785101408,0,0,0,0,0,0,0,0,0,4,64,8,0,5,1
4q21,A,109,VAL,4.2,140.0,0.0,0,0,-,0.07042253521126761,-128.0,131.5,22.0,14.0,0.6111111111111112,1.9832476750580135,31,41,34,7,0.03776821403450251,0,0,0,0,0,0,0,0,0,4,64,8,0,5,1
4q21,A,110,PRO,-1.6,112.7,0.0,0,0,-,0.07352941176470588,-66.8,143.1,18.0,18.0,0.5,2.3446219732714377,35,38,30,8,0.04662742473395372,0,0,0,0,0,0,0,0,0,4,64,8,0,5,1
4q21,A,111,MET,1.9,162.9,0.0,0,0,E,0.005319148936170213,-163.2,161.2,18.0,25.0,0.4186046511627907,3.155036125503193,37,24,23,1,0.04709369898129325,0,0,1,0,0,0,0,0,0,-1,0,0,0,0,0
4q21,A,112,VAL,4.2,140.0,0.0,0,0,E,0.0,-133.8,150.6,21.0,23.0,0.4772727272727273,5.357749771628493,41,4,13,-9,0.050823892960009553,0,0,1,0,0,0,0,0,0,-1,0,0,0,0,0
4q21,A,113,LEU,3.8,166.7,0.0,0,0,E,0.006097560975609756,-103.8,114.5,19.0,27.0,0.41304347826086957,5.9794359318131605,39,10,12,-2,0.05408781269138631,0,0,1,0,0,0,0,0,0,-1,0,0,0,0,0
4q21,A,114,VAL,4.2,140.0,0.0,0,0,E,0.0,-100.0,119.8,28.0,19.0,0.5957446808510638,6.709511099796854,43,10,12,-2,0.053155264196707235,0,0,1,0,0,0,0,0,0,-1,0,0,0,0,0
4q21,A,115,GLY,-0.4,60.1,0.0,0,0,E,0.0,-106.9,99.5,24.0,25.0,0.4897959183673469,5.29852326805702,39,14,15,-1,0.05595290968074446,0,0,1,0,0,0,0,0,0,-1,0,0,0,0,0
4q21,A,116,ASN,-3.5,114.1,0.0,2,2,E,0.025477707006369428,-89.2,160.3,22.0,25.0,0.46808510638297873,3.4996881273703124,42,24,16,8,0.053155264196707235,0,0,1,0,0,0,0,0,0,-1,0,0,0,0,0
4q21,A,117,LYS,-3.9,168.6,1.0,2,0,-,0.2926829268292683,75.6,31.7,17.0,20.0,0.4594594594594595,2.44720835809615,32,19,15,4,0.048026247475972325,0,0,0,0,0,0,0,0,0,-1,0,0,0,0,0
4q21,A,118,CYS,2.5,108.5,0.0,1,0,T,0.13333333333333333,-66.5,2.3,14.0,18.0,0.4375,2.3025465628860764,31,27,18,9,0.043829779249916496,0,0,0,0,0,1,0,0,0,-1,0,0,0,0,0
4q21,A,119,ASP,-3.5,111.1,-1.0,1,3,T,0.3496932515337423,-80.1,-37.9,10.0,11.0,0.47619047619047616,1.8192542474762037,19,30,5,25,0.03124037457174899,0,0,0,0,0,1,0,0,0,-1,0,0,0,0,0
4q21,A,120,LEU,3.8,166.7,0.0,0,0,-,0.32926829268292684,-63.4,147.1,12.0,8.0,0.6,1.8775230228419386,20,27,9,18,0.02844272908771177,0,0,0,0,0,0,0,0,0,-1,0,0,0,0,0
4q21,A,121,ALA,1.8,88.6,0.0,0,0,S,0.9245283018867925,-92.1,-27.0,0.0,12.0,0.0,1.7675972514385314,11,15,9,6,0.020516066882939634,0,0,0,0,0,0,1,0,0,-1,0,0,0,0,0
4q21,A,122,ALA,1.8,88.6,0.0,0,0,-,0.6509433962264151,-58.8,34.2,6.0,8.0,0.42857142857142855,1.7676088061010322,15,18,9,9,0.02144861537761871,0,0,0,0,0,0,0,0,0,-1,0,0,0,0,0
4q21,A,123,ARG,-4.5,173.4,1.0,5,0,-,0.2661290322580645,-61.0,131.8,11.0,7.0,0.6111111111111112,1.8779730618968669,24,14,19,-5,0.032172923066428064,0,0,0,0,0,0,0,0,0,1,940,5,0,60,1
4q21,A,124,THR,-0.7,116.1,0.0,1,1,-,0.4859154929577465,-130.8,6.6,10.0,14.0,0.4166666666666667,1.8446214952579856,20,15,12,3,0.03170664881908853,0,0,0,0,0,0,0,0,0,1,940,5,0,60,1
4q21,A,125,VAL,4.2,140.0,0.0,0,0,S,0.014084507042253521,-132.2,127.6,20.0,8.0,0.7142857142857143,1.9738291748737977,29,26,18,8,0.04429605349725603,0,0,0,0,0,0,1,0,0,1,940,5,0,60,1
4q21,A,126,GLU,-3.5,138.4,-1.0,1,3,-,0.34536082474226804,-79.4,136.8,3.0,19.0,0.13636363636363635,2.1632681711838013,16,22,10,12,0.03683566553982344,0,0,0,0,0,0,0,0,0,1,940,5,0,60,1
4q21,A,127,SER,-0.8,89.0,0.0,1,1,H,0.16153846153846155,-50.6,-36.0,5.0,22.0,0.18518518518518517,2.1471929055583234,21,21,24,-3,0.0363693912924839,1,0,0,0,0,0,0,0,0,1,940,5,0,60,1
4q21,A,128,ARG,-4.5,173.4,1.0,5,0,H,0.6814516129032258,-61.6,-44.1,0.0,16.0,0.0,1.8615913047198835,14,11,20,-9,0.032639197313767604,1,0,0,0,0,0,0,0,0,-1,0,0,0,0,0
4q21,A,129,GLN,-3.5,143.8,0.0,2,2,H,0.5151515151515151,-66.6,-40.3,8.0,11.0,0.42105263157894735,1.8129654842292358,20,16,24,-8,0.03403802005578621,1,0,0,0,0,0,0,0,0,1,940,5,0,60,1
4q21,A,130,ALA,1.8,88.6,0.0,0,0,H,0.009433962264150943,-71.4,-46.8,23.0,12.0,0.6571428571428571,3.9062701520420426,29,24,25,-1,0.04709369898129325,1,0,0,0,0,0,0,0,0,-1,0,0,0,0,0
4q21,A,131,GLN,-3.5,143.8,0.0,2,2,H,0.3484848484848485,-55.2,-46.1,5.0,19.0,0.20833333333333334,2.4775674232541762,23,22,19,3,0.04243095650789788,1,0,0,0,0,0,0,0,0,-1,0,0,0,0,0
4q21,A,132,ASP,-3.5,111.1,-1.0,1,3,H,0.4723926380368098,-60.7,-38.6,5.0,12.0,0.29411764705882354,1.8647212301245597,16,18,4,14,0.03357174580844668,1,0,0,0,0,0,0,0,0,-1,0,0,0,0,0
4q21,A,133,LEU,3.8,166.7,0.0,0,0,H,0.18292682926829268,-64.5,-51.6,18.0,9.0,0.6666666666666666,2.2107049491857884,26,31,13,18,0.03963331102386066,1,0,0,0,0,0,0,0,0,-1,0,0,0,0,0
4q21,A,134,ALA,1.8,88.6,0.0,0,0,H,0.0,-47.6,-49.6,17.0,10.0,0.6296296296296297,3.010122908015339,25,20,9,11,0.04942507021799094,1,0,0,0,0,0,0,0,0,-1,0,0,0,0,0
4q21,A,135,ARG,-4.5,173.4,1.0,5,0,H,0.6370967741935484,-61.9,-30.2,6.0,11.0,0.35294117647058826,1.8776813350805706,15,5,8,-3,0.035436842797804825,1,0,0,0,0,0,0,0,0,-1,0,0,0,0,0
4q21,A,136,SER,-0.8,89.0,0.0,1,1,H,0.6692307692307692,-72.2,-36.2,5.0,9.0,0.35714285714285715,1.739613583729579,15,22,8,14,0.02611135785101408,1,0,0,0,0,0,0,0,0,-1,0,0,0,0,0
4q21,A,137,TYR,-1.3,193.6,0.0,1,1,H,0.16216216216216217,-72.6,-26.6,19.0,5.0,0.7916666666666666,2.343648207195902,26,31,16,15,0.029375277582390842,1,0,0,0,0,0,0,0,0,-1,0,0,0,0,0
4q21,A,138,GLY,-0.4,60.1,0.0,0,0,T,0.75,83.9,29.6,5.0,13.0,0.2777777777777778,1.788393059539375,21,14,14,0,0.025178809356335007,0,0,0,0,0,1,0,0,0,-1,0,0,0,0,0
4q21,A,139,ILE,4.5,166.7,0.0,0,0,-,0.10059171597633136,-134.2,161.6,23.0,9.0,0.71875,2.533003549381965,28,15,12,3,0.03823448828184205,0,0,0,0,0,0,0,0,0,-1,0,0,0,0,0
4q21,A,140,PRO,-1.6,112.7,0.0,0,0,-,0.25,-75.2,165.2,16.0,15.0,0.5161290322580645,2.29717507651342,33,10,12,-2,0.03823448828184205,0,0,0,0,0,0,0,0,0,-1,0,0,0,0,0
4q21,A,141,TYR,-1.3,193.6,0.0,1,1,E,0.10810810810810811,-135.2,129.3,14.0,20.0,0.4117647058823529,2.580118964135076,34,13,18,-5,0.043829779249916496,0,0,1,0,0,0,0,0,0,-1,0,0,0,0,0
4q21,A,142,ILE,4.5,166.7,0.0,0,0,E,0.17159763313609466,-128.4,140.5,18.0,19.0,0.4864864864864865,2.3729724777548347,35,2,21,-19,0.04149840801321881,0,0,1,0,0,0,0,0,0,-1,0,0,0,0,0
4q21,A,143,GLU,-3.5,138.4,-1.0,1,3,E,0.2268041237113402,-108.6,131.8,12.0,28.0,0.3,1.8253191993237516,33,14,14,0,0.043829779249916496,0,0,1,0,0,0,0,0,0,-1,0,0,0,0,0
4q21,A,144,THR,-0.7,116.1,0.0,1,1,E,0.0,-133.5,172.3,27.0,12.0,0.6923076923076923,4.052957280980995,38,23,26,-3,0.05035761871267001,0,0,1,0,0,0,0,0,0,-1,0,0,0,0,0
4q21,A,145,SER,-0.8,89.0,0.0,1,1,-,0.0,-152.8,106.0,8.0,30.0,0.21052631578947367,2.6900608580519862,29,27,17,10,0.04942507021799094,0,0,0,0,0,0,0,0,0,-1,0,0,0,0,0
4q21,A,146,ALA,1.8,88.6,0.0,0,0,T,0.02830188679245283,-69.9,-23.7,22.0,15.0,0.5945945945945946,2.3860933183955493,34,38,14,24,0.053155264196707235,0,0,0,0,0,1,0,0,0,-1,0,0,0,0,0
4q21,A,147,LYS,-3.9,168.6,1.0,2,0,T,0.5414634146341464,-66.7,-62.3,7.0,21.0,0.25,1.9548506573036386,19,21,14,7,0.03776821403450251,0,0,0,0,0,1,0,0,0,-1,0,0,0,0,0
4q21,A,148,THR,-0.7,116.1,0.0,1,1,T,0.5211267605633803,-81.5,-10.6,10.0,13.0,0.43478260869565216,1.8519211078197393,19,27,10,17,0.02984155182973038,0,0,0,0,0,1,0,0,0,-1,0,0,0,0,0
4q21,A,149,ARG,-4.5,173.4,1.0,5,0,-,0.22983870967741934,77.4,2.8,10.0,19.0,0.3448275862068966,1.9263779691466902,27,14,15,-1,0.03916703677652112,0,0,0,0,0,0,0,0,0,-1,0,0,0,0,0
4q21,A,150,GLN,-3.5,143.8,0.0,2,2,T,0.48484848484848486,-65.0,131.4,10.0,17.0,0.37037037037037035,2.0419361005057683,22,22,27,-5,0.03310547156110714,0,0,0,0,0,1,0,0,0,-1,0,0,0,0,0
4q21,A,151,GLY,-0.4,60.1,0.0,0,0,T,0.17857142857142858,73.4,-6.6,15.0,12.0,0.5555555555555556,2.0448927055454273,28,14,25,-11,0.03683566553982344,0,0,0,0,0,1,0,0,0,-1,0,0,0,0,0
4q21,A,152,VAL,4.2,140.0,0.0,0,0,H,0.007042253521126761,-61.0,-47.0,22.0,15.0,0.5945945945945946,2.8372871714364085,33,19,22,-3,0.05175644145468863,1,0,0,0,0,0,0,0,0,-1,0,0,0,0,0
4q21,A,153,GLU,-3.5,138.4,-1.0,1,3,H,0.4329896907216495,-67.5,-35.7,6.0,27.0,0.18181818181818182,1.8600765662480745,25,19,9,10,0.03823448828184205,1,0,0,0,0,0,0,0,0,2,559,6,0,46,1
4q21,A,154,ASP,-3.5,111.1,-1.0,1,3,H,0.5521472392638037,-55.9,-50.5,11.0,15.0,0.4230769230769231,1.9205617003643454,25,13,14,-1,0.034970568550465285,1,0,0,0,0,0,0,0,0,-1,0,0,0,0,0
4q21,A,155,ALA,1.8,88.6,0.0,0,0,H,0.0,-54.0,-51.1,24.0,15.0,0.6153846153846154,4.915454715418571,36,10,25,-15,0.04989134446533048,1,0,0,0,0,0,0,0,0,-1,0,0,0,0,0
4q21,A,156,PHE,2.8,189.9,0.0,0,0,H,0.0,-75.1,-37.5,22.0,25.0,0.46808510638297873,6.897358329739712,38,12,20,-8,0.04616115048661418,1,0,0,0,0,0,0,0,0,-1,0,0,0,0,0
4q21,A,157,TYR,-1.3,193.6,0.0,1,1,H,0.13963963963963963,-69.0,-33.5,13.0,22.0,0.37142857142857144,2.80174947396701,30,23,27,-4,0.045694876239274644,1,0,0,0,0,0,0,0,0,2,559,6,0,46,1
4q21,A,158,THR,-0.7,116.1,0.0,1,1,H,0.16901408450704225,-64.1,-48.0,15.0,15.0,0.5,2.3036522469782175,29,19,25,-6,0.04243095650789788,1,0,0,0,0,0,0,0,0,-1,0,0,0,0,0
4q21,A,159,LEU,3.8,166.7,0.0,0,0,H,0.0,-55.1,-43.7,23.0,15.0,0.6052631578947368,5.697525292451528,37,24,25,-1,0.05129016720734909,1,0,0,0,0,0,0,0,0,-1,0,0,0,0,0
4q21,A,160,VAL,4.2,140.0,0.0,0,0,H,0.0,-64.8,-46.4,18.0,22.0,0.45,5.268538544758463,37,35,42,-7,0.048958795970651406,1,0,0,0,0,0,0,0,0,7,0,6,0,0,1
4q21,A,161,ARG,-4.5,173.4,1.0,5,0,H,0.4112903225806452,-54.2,-39.1,12.0,18.0,0.4,1.959441474590289,23,12,31,-19,0.043363505002576956,1,0,0,0,0,0,0,0,0,-1,0,0,0,0,0
4q21,A,162,GLU,-3.5,138.4,-1.0,1,3,H,0.20103092783505155,-63.4,-47.7,21.0,10.0,0.6774193548387096,1.8338855628836663,31,37,10,27,0.04243095650789788,1,0,0,0,0,0,0,0,0,-1,0,0,0,0,0
4q21,A,163,ILE,4.5,166.7,0.0,0,0,H,0.005917159763313609,-56.0,-49.8,17.0,13.0,0.5666666666666667,3.1148346988756357,32,43,25,18,0.048958795970651406,1,0,0,0,0,0,0,0,0,-1,0,0,0,0,0
4q21,A,164,ARG,-4.5,173.4,1.0,5,0,H,0.1814516129032258,-57.8,-43.1,11.0,13.0,0.4583333333333333,2.024049194907663,24,27,31,-4,0.040565859518539735,1,0,0,0,0,0,0,0,0,7,0,6,0,0,1
4q21,A,165,GLN,-3.5,143.8,0.0,2,2,H,0.6262626262626263,-67.5,-44.2,10.0,6.0,0.625,1.8053785746587774,18,36,12,24,0.032172923066428064,1,0,0,0,0,0,0,0,0,-1,0,0,0,0,0
4q21,A,166,HIS,-3.2,153.2,0.1,2,1,H,0.45652173913043476,-60.3,-24.6,13.0,4.0,0.7647058823529411,1.903457487156981,21,20,27,-7,0.034970568550465285,1,0,0,0,0,0,0,0,0,4,64,8,0,5,1
4q21,A,167,LYS,-3.9,168.6,1.0,2,0,H,0.5073170731707317,-71.7,-35.6,7.0,7.0,0.5,1.9929228926084162,17,24,18,6,0.02471253510899547,1,0,0,0,0,0,0,0,0,-1,0,0,0,0,0
4q21,A,168,LEU,3.8,166.7,0.0,0,0,-,1.0,-80.8,360.0,4.0,3.0,0.5714285714285714,1.986696552560517,9,30,4,26,0.019117244140921023,0,0,0,0,0,0,0,0,0,-1,0,0,0,0,0
1d4d,A,4,VAL,4.2,140.0,0.0,0,0,-,0.34507042253521125,360.0,143.4,11.0,10.0,0.5238095238095238,2.1350981465902623,19,35,16,19,0.03870076252918159,0,0,0,0,0,0,0,0,0,-1,0,0,0,0,0
1d4d,A,5,LEU,3.8,166.7,0.0,0,0,H,0.18902439024390244,-26.8,-52.7,18.0,9.0,0.6666666666666666,2.215456349793775,26,47,17,30,0.043829779249916496,1,0,0,0,0,0,0,0,0,-1,0,0,0,0,0
1d4d,A,6,ALA,1.8,88.6,0.0,0,0,H,0.2358490566037736,-69.4,-20.0,13.0,15.0,0.4642857142857143,1.8613241481455975,22,34,22,12,0.03683566553982344,1,0,0,0,0,0,0,0,0,32,0,7,0,0,1
1d4d,A,7,ASP,-3.5,111.1,-1.0,1,3,H,0.6441717791411042,-77.7,-48.3,5.0,14.0,0.2631578947368421,1.7359407537741651,16,23,13,10,0.030774100324409453,1,0,0,0,0,0,0,0,0,-1,0,0,0,0,0
1d4d,A,8,PHE,2.8,189.9,0.0,0,0,H,0.5482233502538071,-52.9,-28.7,8.0,11.0,0.42105263157894735,1.9312552340437124,13,12,17,-5,0.03357174580844668,1,0,0,0,0,0,0,0,0,-1,0,0,0,0,0
1d4d,A,9,HIS,-3.2,153.2,0.1,2,1,T,0.1956521739130435,-97.0,1.4,16.0,6.0,0.7272727272727273,2.0097340661221987,23,11,19,-8,0.035436842797804825,0,0,0,0,0,1,0,0,0,-1,0,0,0,0,0
1d4d,A,10,GLY,-0.4,60.1,0.0,0,0,T,0.4642857142857143,-93.3,-32.8,7.0,12.0,0.3684210526315789,1.8227169341291962,15,12,21,-9,0.030774100324409453,0,0,0,0,0,1,0,0,0,-1,0,0,0,0,0
1d4d,A,11,GLU,-3.5,138.4,-1.0,1,3,T,0.7938144329896907,-53.6,-43.9,4.0,8.0,0.3333333333333333,1.708492199992714,12,10,8,2,0.02331371236697686,0,0,0,0,0,1,0,0,0,-1,0,0,0,0,0
1d4d,A,12,MET,1.9,162.9,0.0,0,0,T,0.6436170212765957,-69.6,-118.3,9.0,4.0,0.6923076923076923,1.8736249032689793,14,10,17,-7,0.02144861537761871,0,0,0,0,0,1,0,0,0,-1,0,0,0,0,0
1d4d,A,13,GLY,-0.4,60.1,0.0,0,0,T,0.7261904761904762,-87.8,2.9,3.0,11.0,0.21428571428571427,1.7096335041627821,14,10,19,-9,0.020516066882939634,0,0,0,0,0,1,0,0,0,-1,0,0,0,0,0
1d4d,A,14,GLY,-0.4,60.1,0.0,0,0,-,0.44047619047619047,126.0,-149.3,7.0,11.0,0.3888888888888889,1.7096640361479156,19,25,28,-3,0.024246260861655933,0,0,0,0,0,0,0,0,0,-1,0,0,0,0,0
1d4d,A,15,CYS,2.5,108.5,0.0,1,0,S,0.42962962962962964,-100.1,-30.4,8.0,16.0,0.3333333333333333,1.8152767470599667,23,28,21,7,0.035436842797804825,0,0,0,0,0,0,1,0,0,5,265,6,0,16,1
1d4d,A,16,ASP,-3.5,111.1,-1.0,1,3,T,0.5644171779141104,-51.5,-35.0,5.0,15.0,0.25,1.7696599983515235,18,21,10,11,0.03450429430312575,0,0,0,0,0,1,0,0,0,5,265,6,0,16,1
1d4d,A,17,SER,-0.8,89.0,0.0,1,1,T,0.23076923076923078,-47.5,-49.7,14.0,16.0,0.4666666666666667,1.7611988805815055,25,28,23,5,0.030307826077069916,0,0,0,0,0,1,0,0,0,5,265,6,0,16,1
1d4d,A,18,CYS,2.5,108.5,0.0,1,0,T,0.3111111111111111,-108.3,-56.8,20.0,16.0,0.5555555555555556,2.4683015454453177,32,34,21,13,0.03823448828184205,0,0,0,0,0,1,0,0,0,5,265,6,0,16,1
1d4d,A,19,HIS,-3.2,153.2,0.1,2,1,S,0.14130434782608695,-65.5,158.6,16.0,12.0,0.5714285714285714,2.4002188997695,24,20,24,-4,0.04429605349725603,0,0,0,0,0,0,1,0,0,32,0,7,0,0,1
1d4d,A,20,VAL,4.2,140.0,0.0,0,0,S,0.5845070422535211,-75.1,-29.7,9.0,12.0,0.42857142857142855,2.0602667419484972,17,24,25,-1,0.03730193978716297,0,0,0,0,0,0,1,0,0,5,265,6,0,16,1
1d4d,A,21,SER,-0.8,89.0,0.0,1,1,S,0.4230769230769231,-118.6,161.8,4.0,11.0,0.26666666666666666,2.1580528037213074,15,20,20,0,0.028909003335051305,0,0,0,0,0,0,1,0,0,5,265,6,0,16,1
1d4d,A,22,ASP,-3.5,111.1,-1.0,1,3,S,0.7423312883435583,-76.5,-19.4,2.0,12.0,0.14285714285714285,1.7274544942406596,12,13,8,5,0.024246260861655933,0,0,0,0,0,0,1,0,0,5,265,6,0,16,1
1d4d,A,23,LYS,-3.9,168.6,1.0,2,0,S,0.3463414634146341,-72.3,-29.6,0.0,0.0,0.0,1.7095180114359105,13,12,16,-4,0.01818469564624195,0,0,0,0,0,0,1,0,0,-1,0,0,0,0,0
1d4d,A,24,GLY,-0.4,60.1,0.0,0,0,-,0.21428571428571427,118.3,-153.4,5.0,14.0,0.2631578947368421,1.709525025256739,16,21,20,1,0.02844272908771177,0,0,0,0,0,0,0,0,0,5,265,6,0,16,1
1d4d,A,25,GLY,-0.4,60.1,0.0,0,0,-,0.5714285714285714,73.0,145.0,6.0,16.0,0.2727272727272727,1.7096270266263147,18,23,16,7,0.027510180593032695,0,0,0,0,0,0,0,0,0,5,265,6,0,16,1
1d4d,A,26,VAL,4.2,140.0,0.0,0,0,-,0.3028169014084507,-86.5,149.1,16.0,12.0,0.5714285714285714,1.9488353915084207,23,23,21,2,0.03683566553982344,0,0,0,0,0,0,0,0,0,6,78,16,0,14,1
1d4d,A,27,THR,-0.7,116.1,0.0,1,1,S,0.6267605633802817,-83.0,-62.1,10.0,10.0,0.5,1.8583959771721077,17,20,15,5,0.02984155182973038,0,0,0,0,0,0,1,0,0,6,78,16,0,14,1
1d4d,A,28,ASN,-3.5,114.1,0.0,2,2,S,0.3821656050955414,-127.8,171.5,6.0,19.0,0.24,2.197720927792956,25,21,22,-1,0.03590311704514436,0,0,0,0,0,0,1,0,0,6,78,16,0,14,1
1d4d,A,29,ASP,-3.5,111.1,-1.0,1,3,T,0.049079754601226995,-78.9,-18.9,21.0,13.0,0.6176470588235294,2.2646340817985804,32,24,19,5,0.048026247475972325,0,0,0,0,0,1,0,0,0,20,7,15,0,0,1
1d4d,A,30,ASN,-3.5,114.1,0.0,2,2,T,0.2802547770700637,-74.5,-15.7,10.0,24.0,0.29411764705882354,1.88804787279247,35,16,38,-22,0.03823448828184205,0,0,0,0,0,1,0,0,0,6,78,16,0,14,1
1d4d,A,31,LEU,3.8,166.7,0.0,0,0,-,0.09146341463414634,58.1,36.8,21.0,13.0,0.6176470588235294,2.364176948205885,31,24,22,2,0.040565859518539735,0,0,0,0,0,0,0,0,0,6,78,16,0,14,1
1d4d,A,32,THR,-0.7,116.1,0.0,1,1,H,0.6126760563380281,-59.8,-36.0,6.0,20.0,0.23076923076923078,1.8674386479215512,22,10,18,-8,0.03170664881908853,1,0,0,0,0,0,0,0,0,7,182,6,0,12,1
1d4d,A,33,HIS,-3.2,153.2,0.1,2,1,H,0.33695652173913043,-61.0,-60.0,11.0,13.0,0.4583333333333333,1.9998264079355317,22,10,14,-4,0.03683566553982344,1,0,0,0,0,0,0,0,0,7,182,6,0,12,1
1d4d,A,34,GLU,-3.5,138.4,-1.0,1,3,H,0.05670103092783505,-54.2,-47.4,19.0,13.0,0.59375,2.374481051142667,29,23,8,15,0.04289723075523742,1,0,0,0,0,0,0,0,0,7,182,6,0,12,1
1d4d,A,35,ASN,-3.5,114.1,0.0,2,2,H,0.10828025477707007,-67.5,-32.9,15.0,18.0,0.45454545454545453,2.0969552786641663,29,21,20,1,0.040565859518539735,1,0,0,0,0,0,0,0,0,7,182,6,0,12,1
1d4d,A,36,GLY,-0.4,60.1,0.0,0,0,H,0.42857142857142855,-62.1,-41.9,8.0,13.0,0.38095238095238093,1.7096212801913722,22,20,13,7,0.03170664881908853,1,0,0,0,0,0,0,0,0,7,182,6,0,12,1
1d4d,A,37,GLN,-3.5,143.8,0.0,2,2,H,0.3434343434343434,-67.8,-36.0,11.0,12.0,0.4782608695652174,1.9257838432062957,22,26,15,11,0.0363693912924839,1,0,0,0,0,0,0,0,0,7,182,6,0,12,1
1d4d,A,38,CYS,2.5,108.5,0.0,1,0,H,0.25925925925925924,-53.6,-53.2,15.0,12.0,0.5555555555555556,1.983356124412178,26,33,14,19,0.03916703677652112,1,0,0,0,0,0,0,0,0,7,182,6,0,12,1
1d4d,A,39,VAL,4.2,140.0,0.0,0,0,H,0.4014084507042254,-66.0,-39.3,12.0,9.0,0.5714285714285714,2.0341884714934806,19,13,20,-7,0.03403802005578621,1,0,0,0,0,0,0,0,0,7,182,6,0,12,1
1d4d,A,40,SER,-0.8,89.0,0.0,1,1,H,0.6846153846153846,-62.6,-29.9,7.0,9.0,0.4375,1.8127329903904705,14,12,12,0,0.02471253510899547,1,0,0,0,0,0,0,0,0,7,182,6,0,12,1
1d4d,A,41,CYS,2.5,108.5,0.0,1,0,H,0.7555555555555555,-106.9,-17.3,7.0,8.0,0.4666666666666667,1.876292635364714,17,15,6,9,0.02144861537761871,1,0,0,0,0,0,0,0,0,-1,0,0,0,0,0
1d4d,A,42,HIS,-3.2,153.2,0.1,2,1,H,0.657608695652174,-115.4,-11.4,11.0,5.0,0.6875,1.7992045203679488,19,16,14,2,0.025645083603674543,1,0,0,0,0,0,0,0,0,-1,0,0,0,0,0
1d4d,A,43,GLY,-0.4,60.1,0.0,0,0,-,0.10714285714285714,93.0,167.6,8.0,10.0,0.4444444444444444,1.9210270179563567,18,21,18,3,0.030307826077069916,0,0,0,0,0,0,0,0,0,7,182,6,0,12,1
1d4d,A,44,ASP,-3.5,111.1,-1.0,1,3,-,0.39263803680981596,-95.6,-174.9,4.0,18.0,0.18181818181818182,2.0239122041325817,19,20,10,10,0.029375277582390842,0,0,0,0,0,0,0,0,0,-1,0,0,0,0,0
1d4d,A,45,LEU,3.8,166.7,0.0,0,0,H,0.3475609756097561,-63.8,-42.7,12.0,13.0,0.48,1.9152724683896347,24,29,22,7,0.032172923066428064,1,0,0,0,0,0,0,0,0,23,4,12,0,0,1
1d4d,A,46,LYS,-3.9,168.6,1.0,2,0,H,0.3463414634146341,-55.9,-52.8,0.0,18.0,0.0,1.767615424715593,15,21,17,4,0.027043906345693154,1,0,0,0,0,0,0,0,0,-1,0,0,0,0,0
1d4d,A,47,GLU,-3.5,138.4,-1.0,1,3,H,0.6134020618556701,-52.6,-60.2,6.0,9.0,0.4,1.7293641847369439,15,18,8,10,0.02797645484037223,1,0,0,0,0,0,0,0,0,-1,0,0,0,0,0
1d4d,A,48,LEU,3.8,166.7,0.0,0,0,H,0.3231707317073171,-58.9,-35.0,13.0,7.0,0.65,2.007574891981997,20,35,17,18,0.034970568550465285,1,0,0,0,0,0,0,0,0,14,68,2,0,2,1
1d4d,A,49,ALA,1.8,88.6,0.0,0,0,H,0.12264150943396226,-62.2,-45.0,6.0,11.0,0.35294117647058826,2.243448888880658,17,25,16,9,0.03683566553982344,1,0,0,0,0,0,0,0,0,14,68,2,0,2,1
1d4d,A,50,ALA,1.8,88.6,0.0,0,0,H,0.8113207547169812,-59.8,-40.5,5.0,10.0,0.3333333333333333,1.7675986802086734,12,20,13,7,0.021914889624958248,1,0,0,0,0,0,0,0,0,14,68,2,0,2,1
1d4d,A,51,ALA,1.8,88.6,0.0,0,0,H,0.8301886792452831,-61.7,-21.9,8.0,7.0,0.5333333333333333,1.7675152988946827,14,22,9,13,0.020516066882939634,1,0,0,0,0,0,0,0,0,14,68,2,0,2,1
1d4d,A,52,ALA,1.8,88.6,0.0,0,0,-,0.3018867924528302,-80.0,152.2,10.0,3.0,0.7692307692307693,1.767621110805439,13,21,4,17,0.022381163872297785,0,0,0,0,0,0,0,0,0,14,68,2,0,2,1
1d4d,A,53,PRO,-1.6,112.7,0.0,0,0,-,1.0,-46.9,360.0,3.0,7.0,0.3,1.8339060597386383,9,4,0,4,0.01305567892550704,0,0,0,0,0,0,0,0,0,14,68,2,0,2,1
1d4d,A,57,VAL,4.2,140.0,0.0,0,0,-,0.9014084507042254,360.0,99.3,10.0,10.0,0.5,1.8338304547619029,19,31,0,31,0.022381163872297785,0,0,0,0,0,0,0,0,0,-1,0,0,0,0,0
1d4d,A,58,SER,-0.8,89.0,0.0,1,1,B,0.13846153846153847,-117.3,143.4,10.0,11.0,0.47619047619047616,1.7766824538645587,18,21,0,21,0.032172923066428064,0,1,0,0,0,0,0,0,0,14,68,2,0,2,1
1d4d,A,59,PRO,-1.6,112.7,0.0,0,0,T,0.4338235294117647,-69.2,-12.7,16.0,16.0,0.5,1.969401925892193,27,26,8,18,0.02984155182973038,0,0,0,0,0,1,0,0,0,-1,0,0,0,0,0
1d4d,A,60,HIS,-3.2,153.2,0.1,2,1,T,0.31521739130434784,-100.1,7.2,14.0,16.0,0.4666666666666667,2.0051383444171758,28,23,11,12,0.034970568550465285,0,0,0,0,0,1,0,0,0,-1,0,0,0,0,0
1d4d,A,61,LYS,-3.9,168.6,1.0,2,0,B,0.6,-149.4,116.5,12.0,11.0,0.5217391304347826,1.8902175460126027,20,22,5,17,0.030307826077069916,0,1,0,0,0,0,0,0,0,28,2,13,0,0,1
1d4d,A,62,SER,-0.8,89.0,0.0,1,1,S,0.5,-156.3,177.2,14.0,8.0,0.6363636363636364,1.7396087900829393,21,33,0,33,0.024246260861655933,0,0,0,0,0,0,1,0,0,28,2,13,0,0,1
1d4d,A,63,HIS,-3.2,153.2,0.1,2,1,S,0.5815217391304348,-66.1,-13.7,14.0,13.0,0.5185185185185185,1.7536683011733882,29,21,0,21,0.019117244140921023,0,0,0,0,0,0,1,0,0,28,2,13,0,0,1
1d4d,A,64,LEU,3.8,166.7,0.0,0,0,-,0.18292682926829268,-51.8,143.2,16.0,17.0,0.48484848484848486,1.9869123846756973,31,33,4,29,0.03170664881908853,0,0,0,0,0,0,0,0,0,28,2,13,0,0,1
1d4d,A,65,ILE,4.5,166.7,0.0,0,0,-,0.01775147928994083,-105.5,166.7,22.0,10.0,0.6875,2.795580887025519,31,24,15,9,0.04476232774459557,0,0,0,0,0,0,0,0,0,28,2,13,0,0,1
1d4d,A,66,GLY,-0.4,60.1,0.0,0,0,S,0.17857142857142858,67.2,-162.9,22.0,9.0,0.7096774193548387,1.709787267947259,25,9,16,-7,0.03776821403450251,0,0,0,0,0,0,1,0,0,23,4,12,0,0,1
1d4d,A,67,GLU,-3.5,138.4,-1.0,1,3,-,0.634020618556701,-73.1,124.4,14.0,18.0,0.4375,1.8969426888707364,21,0,6,-6,0.029375277582390842,0,0,0,0,0,0,0,0,0,23,4,12,0,0,1
1d4d,A,68,ILE,4.5,166.7,0.0,0,0,-,0.27218934911242604,-113.0,96.6,16.0,16.0,0.5,2.0165082319233307,30,20,12,8,0.03357174580844668,0,0,0,0,0,0,0,0,0,23,4,12,0,0,1
1d4d,A,69,ALA,1.8,88.6,0.0,0,0,-,0.2358490566037736,-53.3,148.5,21.0,13.0,0.6176470588235294,1.8691670716286322,33,14,19,-5,0.034970568550465285,0,0,0,0,0,0,0,0,0,23,4,12,0,0,1
1d4d,A,70,CYS,2.5,108.5,0.0,1,0,G,0.2518518518518518,-61.1,-39.0,19.0,17.0,0.5277777777777778,1.8434596659801352,32,31,15,16,0.034970568550465285,0,0,0,1,0,0,0,0,0,7,182,6,0,12,1
1d4d,A,71,THR,-0.7,116.1,0.0,1,1,G,0.176056338028169,-76.3,-4.3,21.0,15.0,0.5833333333333334,2.027351580600829,34,23,14,9,0.0363693912924839,0,0,0,1,0,0,0,0,0,-1,0,0,0,0,0
1d4d,A,72,SER,-0.8,89.0,0.0,1,1,G,0.1,-70.7,-18.6,19.0,15.0,0.5588235294117647,1.8894948915082528,36,25,10,15,0.03963331102386066,0,0,0,1,0,0,0,0,0,-1,0,0,0,0,0
1d4d,A,73,CYS,2.5,108.5,0.0,1,0,T,0.16296296296296298,-122.4,-48.8,15.0,19.0,0.4411764705882353,2.047182875847019,33,30,11,19,0.04103213376587927,0,0,0,0,0,1,0,0,0,1,9720,9,0,1228,1
1d4d,A,74,HIS,-3.2,153.2,0.1,2,1,S,0.2826086956521739,-83.6,91.0,12.0,17.0,0.41379310344827586,2.0259092814898945,31,29,4,25,0.040099585271200194,0,0,0,0,0,0,1,0,0,-1,0,0,0,0,0
1d4d,A,75,LYS,-3.9,168.6,1.0,2,0,-,0.18536585365853658,-81.6,136.3,13.0,18.0,0.41935483870967744,2.2133899420438894,29,27,11,16,0.043363505002576956,0,0,0,0,0,0,0,0,0,1,9720,9,0,1228,1
1d4d,A,76,GLY,-0.4,60.1,0.0,0,0,S,0.35714285714285715,-66.5,-75.5,14.0,19.0,0.42424242424242425,2.2001366103591264,27,47,19,28,0.034970568550465285,0,0,0,0,0,0,1,0,0,32,0,7,0,0,1
1d4d,A,77,HIS,-3.2,153.2,0.1,2,1,S,0.7282608695652174,-87.8,17.9,7.0,16.0,0.30434782608695654,1.774456181337981,20,23,17,6,0.02797645484037223,0,0,0,0,0,0,1,0,0,32,0,7,0,0,1
1d4d,A,78,GLU,-3.5,138.4,-1.0,1,3,S,0.5412371134020618,-154.3,171.8,4.0,16.0,0.2,2.1022715892558113,21,35,9,26,0.02984155182973038,0,0,0,0,0,0,1,0,0,32,0,7,0,0,1
1d4d,A,79,LYS,-3.9,168.6,1.0,2,0,-,0.551219512195122,-56.0,161.0,8.0,16.0,0.3333333333333333,1.9443465562252322,21,23,13,10,0.03730193978716297,0,0,0,0,0,0,0,0,0,1,9720,9,0,1228,1
1d4d,A,80,SER,-0.8,89.0,0.0,1,1,-,0.0,-114.4,149.7,17.0,11.0,0.6071428571428571,2.968119689648297,26,37,15,22,0.048958795970651406,0,0,0,0,0,0,0,0,0,1,9720,9,0,1228,1
1d4d,A,81,VAL,4.2,140.0,0.0,0,0,-,0.19718309859154928,-141.7,135.2,11.0,21.0,0.34375,1.9111874620289393,28,35,25,10,0.04243095650789788,0,0,0,0,0,0,0,0,0,1,9720,9,0,1228,1
1d4d,A,82,ALA,1.8,88.6,0.0,0,0,-,0.03773584905660377,-60.1,134.9,16.0,20.0,0.4444444444444444,2.1549022027813973,36,30,13,17,0.040099585271200194,0,0,0,0,0,0,0,0,0,1,9720,9,0,1228,1
1d4d,A,83,TYR,-1.3,193.6,0.0,1,1,G,0.06306306306306306,-67.1,-23.3,17.0,20.0,0.4594594594594595,2.1435461833795486,35,31,18,13,0.03870076252918159,0,0,0,1,0,0,0,0,0,1,9720,9,0,1228,1
1d4d,A,84,CYS,2.5,108.5,0.0,1,0,G,0.15555555555555556,-56.1,-28.7,15.0,17.0,0.46875,1.9813815025562802,31,22,8,14,0.04196468226055834,0,0,0,1,0,0,0,0,0,-1,0,0,0,0,0
1d4d,A,85,ASP,-3.5,111.1,-1.0,1,3,G,0.2883435582822086,-71.6,-6.9,17.0,11.0,0.6071428571428571,2.021632612467191,23,15,2,13,0.04103213376587927,0,0,0,1,0,0,0,0,0,-1,0,0,0,0,0
1d4d,A,86,ALA,1.8,88.6,0.0,0,0,G,0.2358490566037736,-59.5,-40.7,12.0,14.0,0.46153846153846156,1.9057869485530705,29,33,15,18,0.0363693912924839,0,0,0,1,0,0,0,0,0,-1,0,0,0,0,0
1d4d,A,87,CYS,2.5,108.5,0.0,1,0,T,0.34814814814814815,-113.6,-27.1,14.0,15.0,0.4827586206896552,1.7729507595308176,29,24,8,16,0.03357174580844668,0,0,0,0,0,1,0,0,0,-1,0,0,0,0,0
1d4d,A,88,HIS,-3.2,153.2,0.1,2,1,-,0.15760869565217392,-110.7,176.8,12.0,14.0,0.46153846153846156,1.8602860769729723,26,6,8,-2,0.03450429430312575,0,0,0,0,0,0,0,0,0,-1,0,0,0,0,0
1d4d,A,89,SER,-0.8,89.0,0.0,1,1,-,0.8538461538461538,-137.2,76.3,7.0,17.0,0.2916666666666667,1.7395279982514793,20,10,8,2,0.02844272908771177,0,0,0,0,0,0,0,0,0,-1,0,0,0,0,0
1d4d,A,90,PHE,2.8,189.9,0.0,0,0,-,0.3248730964467005,-84.4,-10.5,16.0,6.0,0.7272727272727273,1.9296597904023736,22,14,10,4,0.026577632098353617,0,0,0,0,0,0,0,0,0,-1,0,0,0,0,0
1d4d,A,91,GLY,-0.4,60.1,0.0,0,0,-,0.8690476190476191,48.5,59.2,0.0,19.0,0.0,1.7096558502320192,13,6,16,-10,0.018650969893581486,0,0,0,0,0,0,0,0,0,-1,0,0,0,0,0
1d4d,A,92,PHE,2.8,189.9,0.0,0,0,-,0.24873096446700507,-76.7,163.4,18.0,4.0,0.8181818181818182,1.9873900202535681,20,14,16,-2,0.025645083603674543,0,0,0,0,0,0,0,0,0,-1,0,0,0,0,0
1d4d,A,93,ASP,-3.5,111.1,-1.0,1,3,-,0.9815950920245399,-111.2,83.5,0.0,16.0,0.0,1.6720691423070617,13,1,1,0,0.019117244140921023,0,0,0,0,0,0,0,0,0,-1,0,0,0,0,0
1d4d,A,94,MET,1.9,162.9,0.0,0,0,-,0.15425531914893617,-72.6,122.5,21.0,4.0,0.84,1.9300790296037806,23,29,13,16,0.032172923066428064,0,0,0,0,0,0,0,0,0,-1,0,0,0,0,0
1d4d,A,95,PRO,-1.6,112.7,0.0,0,0,T,0.5147058823529411,-56.3,134.0,6.0,13.0,0.3157894736842105,2.228073416578665,20,26,9,17,0.025645083603674543,0,0,0,0,0,1,0,0,0,-1,0,0,0,0,0
1d4d,A,96,PHE,2.8,189.9,0.0,0,0,T,0.29949238578680204,64.8,30.3,14.0,9.0,0.6086956521739131,2.084805055034446,20,34,19,15,0.032172923066428064,0,0,0,0,0,1,0,0,0,-1,0,0,0,0,0
1d4d,A,97,GLY,-0.4,60.1,0.0,0,0,-,0.32142857142857145,-44.4,164.2,6.0,16.0,0.2727272727272727,1.7095860123694369,19,25,16,9,0.03124037457174899,0,0,0,0,0,0,0,0,0,-1,0,0,0,0,0
1d4d,A,98,GLY,-0.4,60.1,0.0,0,0,-,0.40476190476190477,-168.0,173.7,14.0,8.0,0.6363636363636364,1.7096118087004046,19,16,26,-10,0.025178809356335007,0,0,0,0,0,0,0,0,0,1,9720,9,0,1228,1
1d4d,A,99,LYS,-3.9,168.6,1.0,2,0,-,0.40487804878048783,-95.1,144.8,2.0,19.0,0.09523809523809523,1.8629842291683965,14,12,19,-7,0.02098234113027917,0,0,0,0,0,0,0,0,0,1,9720,9,0,1228,1
1d4d,A,100,TRP,-0.9,227.8,0.0,1,0,-,0.31718061674008813,-69.2,132.9,13.0,8.0,0.6190476190476191,1.8811503916973054,22,25,21,4,0.030307826077069916,0,0,0,0,0,0,0,0,0,1,9720,9,0,1228,1
1d4d,A,101,GLU,-3.5,138.4,-1.0,1,3,-,0.7422680412371134,-152.9,127.8,4.0,11.0,0.26666666666666666,1.7457448668829965,13,25,7,18,0.02144861537761871,0,0,0,0,0,0,0,0,0,1,9720,9,0,1228,1
1d4d,A,102,ARG,-4.5,173.4,1.0,5,0,-,0.49193548387096775,-126.0,130.3,11.0,6.0,0.6470588235294118,1.8067980368835124,22,23,23,0,0.022381163872297785,0,0,0,0,0,0,0,0,0,-1,0,0,0,0,0
1d4d,A,103,LYS,-3.9,168.6,1.0,2,0,-,0.3853658536585366,-114.8,112.8,1.0,10.0,0.09090909090909091,1.7676473333242608,11,15,9,6,0.01678587290422334,0,0,0,0,0,0,0,0,0,-1,0,0,0,0,0
1d4d,A,104,PHE,2.8,189.9,0.0,0,0,-,0.4619289340101523,-61.2,121.6,12.0,8.0,0.6,1.9418840306908898,22,35,20,15,0.02471253510899547,0,0,0,0,0,0,0,0,0,-1,0,0,0,0,0
1d4d,A,105,VAL,4.2,140.0,0.0,0,0,-,0.5985915492957746,-115.2,128.2,5.0,12.0,0.29411764705882354,2.0318317633032845,19,25,18,7,0.021914889624958248,0,0,0,0,0,0,0,0,0,-1,0,0,0,0,0
1d4d,A,106,PRO,-1.6,112.7,0.0,0,0,-,0.4852941176470588,-51.4,135.8,4.0,16.0,0.2,2.052497090893693,19,15,28,-13,0.027043906345693154,0,0,0,0,0,0,0,0,0,-1,0,0,0,0,0
1d4d,A,107,VAL,4.2,140.0,0.0,0,0,T,0.056338028169014086,-67.0,-18.5,16.0,11.0,0.5925925925925926,1.8340518705310045,29,32,26,6,0.03776821403450251,0,0,0,0,0,1,0,0,0,-1,0,0,0,0,0
1d4d,A,108,ASP,-3.5,111.1,-1.0,1,3,T,0.44171779141104295,-110.8,-13.2,6.0,20.0,0.23076923076923078,1.7877816727422413,21,19,22,-3,0.028909003335051305,0,0,0,0,0,1,0,0,0,-1,0,0,0,0,0
1d4d,A,109,ALA,1.8,88.6,0.0,0,0,S,0.39622641509433965,-68.7,156.0,4.0,11.0,0.26666666666666666,1.8262209597570618,17,16,17,-1,0.022381163872297785,0,0,0,0,0,0,1,0,0,-1,0,0,0,0,0
1d4d,A,110,ASP,-3.5,111.1,-1.0,1,3,S,0.5644171779141104,68.0,41.6,10.0,6.0,0.625,1.9477014630909626,18,23,12,11,0.02611135785101408,0,0,0,0,0,0,1,0,0,-1,0,0,0,0,0
1d4d,A,111,LYS,-3.9,168.6,1.0,2,0,H,0.2,-72.8,-44.2,3.0,14.0,0.17647058823529413,2.1543156661661014,16,16,21,-5,0.029375277582390842,1,0,0,0,0,0,0,0,0,-1,0,0,0,0,0
1d4d,A,112,ALA,1.8,88.6,0.0,0,0,H,0.5566037735849056,-50.9,-60.1,0.0,11.0,0.0,1.945741839265129,13,18,19,-1,0.02471253510899547,1,0,0,0,0,0,0,0,0,-1,0,0,0,0,0
1d4d,A,113,ALA,1.8,88.6,0.0,0,0,H,0.16037735849056603,-46.3,-51.9,8.0,10.0,0.4444444444444444,1.828294413102531,19,23,18,5,0.030774100324409453,1,0,0,0,0,0,0,0,0,-1,0,0,0,0,0
1d4d,A,114,GLN,-3.5,143.8,0.0,2,2,H,0.020202020202020204,-57.2,-40.5,14.0,12.0,0.5384615384615384,2.923883077551562,28,34,24,10,0.04149840801321881,1,0,0,0,0,0,0,0,0,-1,0,0,0,0,0
1d4d,A,115,ASP,-3.5,111.1,-1.0,1,3,H,0.5153374233128835,-69.4,-49.7,5.0,15.0,0.25,1.8472411432515865,19,21,13,8,0.03124037457174899,1,0,0,0,0,0,0,0,0,-1,0,0,0,0,0
1d4d,A,116,LYS,-3.9,168.6,1.0,2,0,H,0.7024390243902439,-48.0,-55.4,4.0,11.0,0.26666666666666666,1.8707843421917767,13,6,15,-9,0.02611135785101408,1,0,0,0,0,0,0,0,0,9,223,3,0,8,1
1d4d,A,117,ALA,1.8,88.6,0.0,0,0,H,0.19811320754716982,-65.8,-17.7,16.0,7.0,0.6956521739130435,2.2094654122854016,24,25,12,13,0.03683566553982344,1,0,0,0,0,0,0,0,0,9,223,3,0,8,1
1d4d,A,118,ILE,4.5,166.7,0.0,0,0,H,0.21893491124260356,-74.8,-37.4,14.0,15.0,0.4827586206896552,2.1874647984697297,27,24,17,7,0.03590311704514436,1,0,0,0,0,0,0,0,0,9,223,3,0,8,1
1d4d,A,119,ALA,1.8,88.6,0.0,0,0,H,0.8490566037735849,-79.1,-26.2,4.0,12.0,0.25,1.7677456969705154,16,11,8,3,0.020516066882939634,1,0,0,0,0,0,0,0,0,9,223,3,0,8,1
1d4d,A,120,ALA,1.8,88.6,0.0,0,0,S,0.6132075471698113,-59.3,37.2,10.0,4.0,0.7142857142857143,1.767683639783293,14,14,4,10,0.01958351838826056,0,0,0,0,0,0,1,0,0,9,223,3,0,8,1
1d4d,A,121,GLY,-0.4,60.1,0.0,0,0,-,0.5357142857142857,118.6,-166.7,8.0,8.0,0.5,1.70962587151347,17,14,5,9,0.01958351838826056,0,0,0,0,0,0,0,0,0,9,223,3,0,8,1
1d4d,A,122,VAL,4.2,140.0,0.0,0,0,-,0.6408450704225352,-161.9,110.4,10.0,11.0,0.47619047619047616,1.8339481437957432,19,14,9,5,0.02611135785101408,0,0,0,0,0,0,0,0,0,9,223,3,0,8,1
1d4d,A,123,LYS,-3.9,168.6,1.0,2,0,-,0.5853658536585366,-85.8,-67.6,12.0,7.0,0.631578947368421,1.9172313764042395,20,7,9,-2,0.027043906345693154,0,0,0,0,0,0,0,0,0,9,223,3,0,8,1
1d4d,A,124,GLU,-3.5,138.4,-1.0,1,3,E,0.30927835051546393,-129.7,168.8,9.0,12.0,0.42857142857142855,2.026484617985658,21,20,5,15,0.02984155182973038,0,0,1,0,0,0,0,0,0,33,1,1,0,0,1
1d4d,A,125,THR,-0.7,116.1,0.0,1,1,E,0.7605633802816901,-142.2,136.8,6.0,18.0,0.25,1.8543125557783333,20,19,20,-1,0.030307826077069916,0,0,1,0,0,0,0,0,0,33,1,1,0,0,1
1d4d,A,126,THR,-0.7,116.1,0.0,1,1,-,0.09154929577464789,-136.4,-179.8,21.0,10.0,0.6774193548387096,2.0265956940053633,28,19,30,-11,0.03683566553982344,0,0,0,0,0,0,0,0,0,33,1,1,0,0,1
1d4d,A,127,ASP,-3.5,111.1,-1.0,1,3,S,0.4233128834355828,-82.2,-66.7,16.0,20.0,0.4444444444444444,2.016779402286176,27,26,7,19,0.03823448828184205,0,0,0,0,0,0,1,0,0,33,1,1,0,0,1
1d4d,A,128,VAL,4.2,140.0,0.0,0,0,E,0.0,-119.3,116.5,26.0,22.0,0.5416666666666666,5.000718656157439,45,22,16,6,0.048492521723311866,0,0,1,0,0,0,0,0,0,-1,0,0,0,0,0
1d4d,A,129,VAL,4.2,140.0,0.0,0,0,E,0.0,-90.3,136.5,24.0,31.0,0.43636363636363634,6.804736940384622,45,12,15,-3,0.0526889899493677,0,0,1,0,0,0,0,0,0,-1,0,0,0,0,0
1d4d,A,130,ILE,4.5,166.7,0.0,0,0,E,0.0,-120.8,126.6,31.0,27.0,0.5344827586206896,6.182797836967981,46,6,11,-5,0.04942507021799094,0,0,1,0,0,0,0,0,0,-1,0,0,0,0,0
1d4d,A,131,ILE,4.5,166.7,0.0,0,0,E,0.08875739644970414,-96.5,111.3,27.0,30.0,0.47368421052631576,2.900218063295375,46,16,15,1,0.04755997322863279,0,0,1,0,0,0,0,0,0,-1,0,0,0,0,0
1d4d,A,132,GLY,-0.4,60.1,0.0,0,0,-,0.10714285714285714,102.5,140.9,27.0,26.0,0.5094339622641509,2.222846029684736,45,17,15,2,0.04196468226055834,0,0,0,0,0,0,0,0,0,-1,0,0,0,0,0
1d4d,A,133,SER,-0.8,89.0,0.0,1,1,-,0.0,-110.8,28.6,28.0,28.0,0.5,2.6925839689665914,41,21,16,5,0.045694876239274644,0,0,0,0,0,0,0,0,0,-1,0,0,0,0,0
1d4d,A,134,GLY,-0.4,60.1,0.0,0,0,S,0.11904761904761904,-74.7,-160.8,26.0,29.0,0.4727272727272727,2.106882711700166,45,13,9,4,0.045228601991935104,0,0,0,0,0,0,1,0,0,21,4,17,0,0,1
1d4d,A,135,GLY,-0.4,60.1,0.0,0,0,H,0.0,-55.8,-35.5,25.0,29.0,0.46296296296296297,2.6828474864230696,53,9,10,-1,0.04662742473395372,1,0,0,0,0,0,0,0,0,21,4,17,0,0,1
1d4d,A,136,ALA,1.8,88.6,0.0,0,0,H,0.05660377358490566,-74.5,-41.1,28.0,26.0,0.5185185185185185,2.544574346196659,47,6,12,-6,0.048958795970651406,1,0,0,0,0,0,0,0,0,21,4,17,0,0,1
1d4d,A,137,GLY,-0.4,60.1,0.0,0,0,H,0.0,-63.7,-41.4,24.0,31.0,0.43636363636363634,3.78741705104183,46,5,5,0,0.04755997322863279,1,0,0,0,0,0,0,0,0,-1,0,0,0,0,0
1d4d,A,138,LEU,3.8,166.7,0.0,0,0,H,0.0,-78.5,-37.5,23.0,35.0,0.39655172413793105,5.856167386157778,47,7,7,0,0.04662742473395372,1,0,0,0,0,0,0,0,0,-1,0,0,0,0,0
1d4d,A,139,ALA,1.8,88.6,0.0,0,0,H,0.0,-60.6,-39.4,23.0,28.0,0.45098039215686275,5.7076512756841025,48,20,7,13,0.050823892960009553,1,0,0,0,0,0,0,0,0,-1,0,0,0,0,0
1d4d,A,140,ALA,1.8,88.6,0.0,0,0,H,0.0,-65.0,-39.8,32.0,22.0,0.5925925925925926,6.242696442548789,51,20,7,13,0.048958795970651406,1,0,0,0,0,0,0,0,0,-1,0,0,0,0,0
1d4d,A,141,ALA,1.8,88.6,0.0,0,0,H,0.0,-57.4,-55.5,26.0,29.0,0.4727272727272727,6.3753370410415,50,34,14,20,0.05175644145468863,1,0,0,0,0,0,0,0,0,-1,0,0,0,0,0
1d4d,A,142,VAL,4.2,140.0,0.0,0,0,H,0.0,-50.8,-59.8,19.0,28.0,0.40425531914893614,3.6907129386807904,39,37,12,25,0.05129016720734909,1,0,0,0,0,0,0,0,0,-1,0,0,0,0,0
1d4d,A,143,SER,-0.8,89.0,0.0,1,1,H,0.07692307692307693,-57.5,-40.1,23.0,17.0,0.575,2.0195480480406878,38,28,8,20,0.048492521723311866,1,0,0,0,0,0,0,0,0,31,2,2,0,0,1
1d4d,A,144,ALA,1.8,88.6,0.0,0,0,H,0.0,-66.2,-52.1,30.0,13.0,0.6976744186046512,3.7232180642776185,42,35,15,20,0.050823892960009553,1,0,0,0,0,0,0,0,0,31,2,2,0,0,1
1d4d,A,145,ARG,-4.5,173.4,1.0,5,0,H,0.32661290322580644,-56.7,-46.5,20.0,17.0,0.5405405405405406,2.227736378947235,28,21,19,2,0.04709369898129325,1,0,0,0,0,0,0,0,0,31,2,2,0,0,1
1d4d,A,146,ASP,-3.5,111.1,-1.0,1,3,S,0.44785276073619634,-67.4,66.5,12.0,14.0,0.46153846153846156,1.7447455693122527,25,34,0,34,0.030307826077069916,0,0,0,0,0,0,1,0,0,31,2,2,0,0,1
1d4d,A,147,ALA,1.8,88.6,0.0,0,0,S,0.8867924528301887,84.7,93.1,0.0,21.0,0.0,1.7675764369419547,21,24,9,15,0.018650969893581486,0,0,0,0,0,0,1,0,0,31,2,2,0,0,1
1d4d,A,148,GLY,-0.4,60.1,0.0,0,0,S,0.7023809523809523,148.3,-140.1,25.0,2.0,0.9259259259259259,1.7096943050178228,23,27,15,12,0.030307826077069916,0,0,0,0,0,0,1,0,0,31,2,2,0,0,1
1d4d,A,149,ALA,1.8,88.6,0.0,0,0,-,0.07547169811320754,-87.4,-171.8,26.0,8.0,0.7647058823529411,1.7676256312945633,31,26,18,8,0.03590311704514436,0,0,0,0,0,0,0,0,0,31,2,2,0,0,1
1d4d,A,150,LYS,-3.9,168.6,1.0,2,0,-,0.14146341463414633,-89.9,142.0,9.0,30.0,0.23076923076923078,2.3183429660276054,34,16,21,-5,0.03450429430312575,0,0,0,0,0,0,0,0,0,18,43,3,0,1,1
1d4d,A,151,VAL,4.2,140.0,0.0,0,0,E,0.035211267605633804,-140.9,134.7,28.0,16.0,0.6363636363636364,2.690082769987383,38,27,18,9,0.050823892960009553,0,0,1,0,0,0,0,0,0,18,43,3,0,1,1
1d4d,A,152,ILE,4.5,166.7,0.0,0,0,E,0.05917159763313609,-127.2,114.7,17.0,29.0,0.3695652173913043,3.4648260303064466,36,25,26,-1,0.048492521723311866,0,0,1,0,0,0,0,0,0,13,24,10,0,2,1
1d4d,A,153,LEU,3.8,166.7,0.0,0,0,E,0.0,-108.8,125.9,26.0,25.0,0.5098039215686274,5.662810431758501,44,16,17,-1,0.04942507021799094,0,0,1,0,0,0,0,0,0,13,24,10,0,2,1
1d4d,A,154,LEU,3.8,166.7,0.0,0,0,E,0.018292682926829267,-108.5,138.0,23.0,23.0,0.5,2.8291743167533454,39,28,25,3,0.05175644145468863,0,0,1,0,0,0,0,0,0,-1,0,0,0,0,0
1d4d,A,155,GLU,-3.5,138.4,-1.0,1,3,-,0.06701030927835051,-133.1,133.7,17.0,24.0,0.4146341463414634,2.158778496831514,39,32,14,18,0.05129016720734909,0,0,0,0,0,0,0,0,0,27,2,16,0,0,1
1d4d,A,156,LYS,-3.9,168.6,1.0,2,0,S,0.23902439024390243,-83.3,-32.2,14.0,23.0,0.3783783783783784,1.8706844724946636,34,30,32,-2,0.04243095650789788,0,0,0,0,0,0,1,0,0,27,2,16,0,0,1
1d4d,A,157,GLU,-3.5,138.4,-1.0,1,3,S,0.041237113402061855,-59.5,163.9,18.0,19.0,0.4864864864864865,2.207431974290681,31,38,16,22,0.043363505002576956,0,0,0,0,0,0,1,0,0,27,2,16,0,0,1
1d4d,A,158,PRO,-1.6,112.7,0.0,0,0,S,0.14705882352941177,-82.8,-11.2,13.0,25.0,0.34210526315789475,2.0100302800565726,38,25,33,-8,0.045228601991935104,0,0,0,0,0,0,1,0,0,-1,0,0,0,0,0
1d4d,A,159,ILE,4.5,166.7,0.0,0,0,S,0.005917159763313609,-132.1,156.8,19.0,19.0,0.5,4.10388242303426,38,25,24,1,0.04989134446533048,0,0,0,0,0,0,1,0,0,-1,0,0,0,0,0
1d4d,A,160,PRO,-1.6,112.7,0.0,0,0,S,0.0,-85.8,179.8,23.0,24.0,0.48936170212765956,4.6534318493012075,38,25,27,-2,0.048492521723311866,0,0,0,0,0,0,1,0,0,-1,0,0,0,0,0
1d4d,A,161,GLY,-0.4,60.1,0.0,0,0,-,0.0,81.6,4.6,22.0,28.0,0.44,3.321237734404998,45,22,17,5,0.04755997322863279,0,0,0,0,0,0,0,0,0,21,4,17,0,0,1
1d4d,A,162,GLY,-0.4,60.1,0.0,0,0,T,0.08333333333333333,41.4,-135.8,25.0,21.0,0.5434782608695652,2.5574540565222574,42,23,16,7,0.04476232774459557,0,0,0,0,0,1,0,0,0,-1,0,0,0,0,0
1d4d,A,163,ASN,-3.5,114.1,0.0,2,2,T,0.21656050955414013,-82.5,-29.0,23.0,24.0,0.48936170212765956,1.7686466607277698,43,42,10,32,0.0363693912924839,0,0,0,0,0,1,0,0,0,25,2,20,0,0,1
1d4d,A,164,THR,-0.7,116.1,0.0,1,1,G,0.13380281690140844,-37.6,-56.4,30.0,21.0,0.5882352941176471,2.2445491117145155,36,24,5,19,0.04196468226055834,0,0,0,1,0,0,0,0,0,25,2,20,0,0,1
1d4d,A,165,LYS,-3.9,168.6,1.0,2,0,G,0.03414634146341464,-60.8,-10.9,18.0,17.0,0.5142857142857142,2.914050017411404,36,23,1,22,0.045694876239274644,0,0,0,1,0,0,0,0,0,25,2,20,0,0,1
1d4d,A,166,LEU,3.8,166.7,0.0,0,0,G,0.3719512195121951,-96.3,-10.7,12.0,25.0,0.32432432432432434,2.017684347845825,31,37,0,37,0.032172923066428064,0,0,0,1,0,0,0,0,0,25,2,20,0,0,1
1d4d,A,167,ALA,1.8,88.6,0.0,0,0,-,0.2641509433962264,-49.0,139.3,26.0,20.0,0.5652173913043478,1.8376741228999098,38,32,0,32,0.03310547156110714,0,0,0,0,0,0,0,0,0,25,2,20,0,0,1
1d4d,A,168,ALA,1.8,88.6,0.0,0,0,-,0.20754716981132076,-116.1,-55.2,14.0,27.0,0.34146341463414637,2.1349180292504712,38,30,6,24,0.032639197313767604,0,0,0,0,0,0,0,0,0,25,2,20,0,0,1
1d4d,A,169,GLY,-0.4,60.1,0.0,0,0,S,0.13095238095238096,-72.6,-7.9,18.0,30.0,0.375,1.9601374655614816,45,34,14,20,0.04243095650789788,0,0,0,0,0,0,1,0,0,25,2,20,0,0,1
1d4d,A,170,GLY,-0.4,60.1,0.0,0,0,-,0.07142857142857142,125.6,156.6,25.0,21.0,0.5434782608695652,1.9409239951378487,45,38,12,26,0.04755997322863279,0,0,0,0,0,0,0,0,0,-1,0,0,0,0,0
1d4d,A,171,MET,1.9,162.9,0.0,0,0,E,0.0,-112.5,112.9,26.0,21.0,0.5531914893617021,5.050119630268434,48,29,10,19,0.04709369898129325,0,0,1,0,0,0,0,0,0,-1,0,0,0,0,0
1d4d,A,172,ASN,-3.5,114.1,0.0,2,2,E,0.01910828025477707,-62.3,139.6,27.0,28.0,0.4909090909090909,5.845784361947726,47,34,9,25,0.04942507021799094,0,0,1,0,0,0,0,0,0,-1,0,0,0,0,0
1d4d,A,173,ALA,1.8,88.6,0.0,0,0,-,0.0,-153.2,149.4,24.0,28.0,0.46153846153846156,6.498877325930321,46,39,21,18,0.04942507021799094,0,0,0,0,0,0,0,0,0,-1,0,0,0,0,0
1d4d,A,174,ALA,1.8,88.6,0.0,0,0,-,0.0,-126.7,129.8,20.0,24.0,0.45454545454545453,4.604125476410489,39,38,27,11,0.0526889899493677,0,0,0,0,0,0,0,0,0,-1,0,0,0,0,0
1d4d,A,175,GLU,-3.5,138.4,-1.0,1,3,S,0.3402061855670103,87.8,-122.3,14.0,20.0,0.4117647058823529,1.9512306797661578,27,30,15,15,0.040099585271200194,0,0,0,0,0,0,1,0,0,-1,0,0,0,0,0
1d4d,A,176,THR,-0.7,116.1,0.0,1,1,S,0.6830985915492958,-53.6,1.7,9.0,18.0,0.3333333333333333,1.8161975009126068,22,24,31,-7,0.03124037457174899,0,0,0,0,0,0,1,0,0,-1,0,0,0,0,0
1d4d,A,177,LYS,-3.9,168.6,1.0,2,0,S,0.0,-57.4,166.3,30.0,9.0,0.7692307692307693,2.5742906073786243,31,23,32,-9,0.03870076252918159,0,0,0,0,0,0,1,0,0,-1,0,0,0,0,0
1d4d,A,178,PRO,-1.6,112.7,0.0,0,0,T,0.27205882352941174,-35.1,-14.0,14.0,14.0,0.5,1.8801775210590321,24,24,19,5,0.030307826077069916,0,0,0,0,0,1,0,0,0,-1,0,0,0,0,0
1d4d,A,179,GLN,-3.5,143.8,0.0,2,2,T,0.010101010101010102,-25.2,-55.0,19.0,11.0,0.6333333333333333,2.348816346471282,29,32,27,5,0.04103213376587927,0,0,0,0,0,1,0,0,0,-1,0,0,0,0,0
1d4d,A,180,ALA,1.8,88.6,0.0,0,0,G,0.8018867924528302,-38.2,-68.3,4.0,15.0,0.21052631578947367,1.7675641645008278,15,13,16,-3,0.027510180593032695,0,0,0,1,0,0,0,0,0,-1,0,0,0,0,0
1d4d,A,181,LYS,-3.9,168.6,1.0,2,0,G,0.44878048780487806,-47.4,-11.6,6.0,8.0,0.42857142857142855,1.7675656303557084,15,7,4,3,0.020049792635600097,0,0,0,1,0,0,0,0,0,-1,0,0,0,0,0
1d4d,A,182,LEU,3.8,166.7,0.0,0,0,G,0.6585365853658537,-115.2,0.0,15.0,3.0,0.8333333333333334,1.8576488717792512,16,11,12,-1,0.02098234113027917,0,0,0,1,0,0,0,0,0,-1,0,0,0,0,0
1d4d,A,183,GLY,-0.4,60.1,0.0,0,0,T,0.8690476190476191,74.7,33.0,0.0,15.0,0.0,1.7096686771199607,13,6,11,-5,0.01958351838826056,0,0,0,0,0,1,0,0,0,-1,0,0,0,0,0
1d4d,A,184,ILE,4.5,166.7,0.0,0,0,-,0.21893491124260356,-100.0,113.3,21.0,4.0,0.84,1.9132565579350875,25,28,19,9,0.03170664881908853,0,0,0,0,0,0,0,0,0,-1,0,0,0,0,0
1d4d,A,185,GLU,-3.5,138.4,-1.0,1,3,-,0.4587628865979381,-88.6,122.9,0.0,20.0,0.0,1.7675796343302022,22,16,16,0,0.023779986614316396,0,0,0,0,0,0,0,0,0,-1,0,0,0,0,0
1d4d,A,186,ASP,-3.5,111.1,-1.0,1,3,-,0.15337423312883436,-158.1,157.6,24.0,3.0,0.8888888888888888,2.380061580708692,25,32,17,15,0.0363693912924839,0,0,0,0,0,0,0,0,0,-1,0,0,0,0,0
1d4d,A,187,LYS,-3.9,168.6,1.0,2,0,-,0.17073170731707318,-137.5,152.7,3.0,23.0,0.11538461538461539,2.39024147563268,23,17,32,-15,0.030307826077069916,0,0,0,0,0,0,0,0,0,-1,0,0,0,0,0
1d4d,A,188,LYS,-3.9,168.6,1.0,2,0,T,0.2975609756097561,-51.7,-58.1,10.0,18.0,0.35714285714285715,2.249123489662491,24,16,22,-6,0.04103213376587927,0,0,0,0,0,1,0,0,0,-1,0,0,0,0,0
1d4d,A,189,GLN,-3.5,143.8,0.0,2,2,H,0.5808080808080808,-53.4,-27.0,0.0,25.0,0.0,1.9876046208890843,18,21,22,-1,0.02844272908771177,1,0,0,0,0,0,0,0,0,-1,0,0,0,0,0
1d4d,A,190,ILE,4.5,166.7,0.0,0,0,H,0.3609467455621302,-74.7,-5.2,13.0,14.0,0.48148148148148145,2.3082051878446723,23,19,34,-15,0.03730193978716297,1,0,0,0,0,0,0,0,0,-1,0,0,0,0,0
1d4d,A,191,MET,1.9,162.9,0.0,0,0,H,0.005319148936170213,-85.5,-67.3,21.0,17.0,0.5526315789473685,5.604137746611649,38,31,31,0,0.05129016720734909,1,0,0,0,0,0,0,0,0,-1,0,0,0,0,0
1d4d,A,192,ILE,4.5,166.7,0.0,0,0,H,0.14201183431952663,-40.5,-60.8,13.0,25.0,0.34210526315789475,2.929204852221631,29,25,23,2,0.04662742473395372,1,0,0,0,0,0,0,0,0,-1,0,0,0,0,0
1d4d,A,193,ASP,-3.5,111.1,-1.0,1,3,H,0.5398773006134969,-55.5,-34.2,6.0,20.0,0.23076923076923078,1.7643403411293832,23,20,9,11,0.03450429430312575,1,0,0,0,0,0,0,0,0,17,24,5,0,1,1
1d4d,A,194,ASP,-3.5,111.1,-1.0,1,3,H,0.13496932515337423,-84.4,-18.9,19.0,17.0,0.5277777777777778,1.7710651977073701,32,18,11,7,0.03730193978716297,1,0,0,0,0,0,0,0,0,17,24,5,0,1,1
1d4d,A,195,THR,-0.7,116.1,0.0,1,1,H,0.028169014084507043,-78.6,-31.4,25.0,19.0,0.5681818181818182,4.887541042143208,39,37,19,18,0.048492521723311866,1,0,0,0,0,0,0,0,0,17,24,5,0,1,1
1d4d,A,196,MET,1.9,162.9,0.0,0,0,H,0.11702127659574468,-73.8,-43.7,13.0,20.0,0.3939393939393939,2.32067779744474,31,21,22,-1,0.04289723075523742,1,0,0,0,0,0,0,0,0,17,24,5,0,1,1
1d4d,A,197,LYS,-3.9,168.6,1.0,2,0,H,0.3121951219512195,-59.0,-52.8,9.0,17.0,0.34615384615384615,1.7675180951932714,27,17,17,0,0.03124037457174899,1,0,0,0,0,0,0,0,0,17,24,5,0,1,1
1d4d,A,198,GLY,-0.4,60.1,0.0,0,0,H,0.2261904761904762,-53.3,-51.1,24.0,11.0,0.6857142857142857,1.8131653486342316,32,36,18,18,0.03916703677652112,1,0,0,0,0,0,0,0,0,17,24,5,0,1,1
1d4d,A,199,GLY,-0.4,60.1,0.0,0,0,T,0.0,-82.2,16.2,23.0,13.0,0.6388888888888888,3.314540026552533,30,32,19,13,0.04989134446533048,0,0,0,0,0,1,0,0,0,17,24,5,0,1,1
1d4d,A,200,ARG,-4.5,173.4,1.0,5,0,T,0.5443548387096774,61.9,39.9,6.0,18.0,0.25,1.8754867022444002,20,16,10,6,0.03403802005578621,0,0,0,0,0,1,0,0,0,17,24,5,0,1,1
1d4d,A,201,ASN,-3.5,114.1,0.0,2,2,T,0.7770700636942676,58.2,12.7,0.0,21.0,0.0,1.90069781621498,21,16,14,2,0.02797645484037223,0,0,0,0,0,1,0,0,0,17,24,5,0,1,1
1d4d,A,202,ILE,4.5,166.7,0.0,0,0,-,0.40236686390532544,-98.6,-1.8,11.0,15.0,0.4230769230769231,1.9386250632295725,23,28,16,12,0.03357174580844668,0,0,0,0,0,0,0,0,0,26,6,6,0,0,1
1d4d,A,203,ASN,-3.5,114.1,0.0,2,2,S,0.01910828025477707,-57.5,144.9,22.0,11.0,0.6666666666666666,3.6185767243933435,33,34,23,11,0.04662742473395372,0,0,0,0,0,0,1,0,0,-1,0,0,0,0,0
1d4d,A,204,ASP,-3.5,111.1,-1.0,1,3,-,0.24539877300613497,-62.1,120.5,15.0,14.0,0.5172413793103449,2.21939617888064,25,16,17,-1,0.03730193978716297,0,0,0,0,0,0,0,0,0,-1,0,0,0,0,0
1d4d,A,205,PRO,-1.6,112.7,0.0,0,0,H,0.6617647058823529,-62.1,-39.0,1.0,25.0,0.038461538461538464,1.9837854863456685,23,10,18,-8,0.03170664881908853,1,0,0,0,0,0,0,0,0,-1,0,0,0,0,0
1d4d,A,206,GLU,-3.5,138.4,-1.0,1,3,H,0.6597938144329897,-66.2,-41.5,5.0,17.0,0.22727272727272727,1.8267873673922144,20,7,15,-8,0.02984155182973038,1,0,0,0,0,0,0,0,0,-1,0,0,0,0,0
1d4d,A,207,LEU,3.8,166.7,0.0,0,0,H,0.012195121951219513,-62.4,-49.0,19.0,14.0,0.5757575757575758,2.9376109485130297,32,22,32,-10,0.04616115048661418,1,0,0,0,0,0,0,0,0,-1,0,0,0,0,0
1d4d,A,208,VAL,4.2,140.0,0.0,0,0,H,0.0,-58.4,-27.6,22.0,19.0,0.5365853658536586,3.3943395386230626,33,18,33,-15,0.05035761871267001,1,0,0,0,0,0,0,0,0,-1,0,0,0,0,0
1d4d,A,209,LYS,-3.9,168.6,1.0,2,0,H,0.09268292682926829,-65.8,-58.1,6.0,24.0,0.2,2.5569022585370504,25,8,19,-11,0.03823448828184205,1,0,0,0,0,0,0,0,0,-1,0,0,0,0,0
1d4d,A,210,VAL,4.2,140.0,0.0,0,0,H,0.20422535211267606,-63.7,-38.5,14.0,20.0,0.4117647058823529,2.810829303035955,27,12,23,-11,0.03870076252918159,1,0,0,0,0,0,0,0,0,-1,0,0,0,0,0
1d4d,A,211,LEU,3.8,166.7,0.0,0,0,H,0.0,-60.5,-8.3,27.0,22.0,0.5510204081632653,6.775256278998772,41,20,15,5,0.05129016720734909,1,0,0,0,0,0,0,0,0,-1,0,0,0,0,0
1d4d,A,212,ALA,1.8,88.6,0.0,0,0,H,0.0,-105.0,-58.8,0.0,0.0,0.0,4.5245110395315695,36,22,21,1,0.04709369898129325,1,0,0,0,0,0,0,0,0,-1,0,0,0,0,0
1d4d,A,213,ASN,-3.5,114.1,0.0,2,2,H,0.4713375796178344,-64.9,-17.8,6.0,24.0,0.2,2.1507236182099163,26,16,17,-1,0.03450429430312575,1,0,0,0,0,0,0,0,0,-1,0,0,0,0,0
1d4d,A,214,ASN,-3.5,114.1,0.0,2,2,T,0.35668789808917195,-103.7,-4.6,16.0,17.0,0.48484848484848486,2.016457294748081,31,20,15,5,0.03590311704514436,0,0,0,0,0,1,0,0,0,-1,0,0,0,0,0
1d4d,A,215,SER,-0.8,89.0,0.0,1,1,H,0.0,-39.7,-75.9,25.0,17.0,0.5952380952380952,3.618488844117542,37,30,27,3,0.04942507021799094,1,0,0,0,0,0,0,0,0,-1,0,0,0,0,0
1d4d,A,216,SER,-0.8,89.0,0.0,1,1,H,0.05384615384615385,-36.6,-54.8,11.0,23.0,0.3235294117647059,2.4687122508626786,30,21,25,-4,0.043829779249916496,1,0,0,0,0,0,0,0,0,-1,0,0,0,0,0
1d4d,A,217,ASP,-3.5,111.1,-1.0,1,3,H,0.5521472392638037,-65.4,-37.0,7.0,19.0,0.2692307692307692,1.799894482327625,24,14,10,4,0.03403802005578621,1,0,0,0,0,0,0,0,0,12,24,10,0,2,1
1d4d,A,218,SER,-0.8,89.0,0.0,1,1,H,0.015384615384615385,-60.9,-43.6,26.0,14.0,0.65,2.669083447461302,39,19,20,-1,0.04709369898129325,1,0,0,0,0,0,0,0,0,12,24,10,0,2,1
1d4d,A,219,ILE,4.5,166.7,0.0,0,0,H,0.0,-69.4,-10.8,27.0,16.0,0.627906976744186,3.412360189289582,38,23,24,-1,0.048026247475972325,1,0,0,0,0,0,0,0,0,-1,0,0,0,0,0
1d4d,A,220,ASP,-3.5,111.1,-1.0,1,3,H,0.49079754601226994,-91.3,-43.4,5.0,22.0,0.18518518518518517,1.7736051639068846,23,12,8,4,0.03730193978716297,1,0,0,0,0,0,0,0,0,-1,0,0,0,0,0
1d4d,A,221,TRP,-0.9,227.8,0.0,1,0,H,0.09691629955947137,-50.8,-53.5,18.0,10.0,0.6428571428571429,2.696265557367139,35,16,20,-4,0.03870076252918159,1,0,0,0,0,0,0,0,0,12,24,10,0,2,1
1d4d,A,222,LEU,3.8,166.7,0.0,0,0,H,0.0,-51.2,-47.0,28.0,12.0,0.7,5.165378844280394,35,20,18,2,0.048958795970651406,1,0,0,0,0,0,0,0,0,8,159,5,0,9,1
1d4d,A,223,THR,-0.7,116.1,0.0,1,1,H,0.5422535211267606,-58.8,-40.8,13.0,11.0,0.5416666666666666,2.0279887303719635,22,5,19,-14,0.03357174580844668,1,0,0,0,0,0,0,0,0,8,159,5,0,9,1
1d4d,A,224,SER,-0.8,89.0,0.0,1,1,H,0.6615384615384615,-60.0,-17.5,7.0,9.0,0.4375,1.7676097670484414,18,7,13,-6,0.025645083603674543,1,0,0,0,0,0,0,0,0,8,159,5,0,9,1
1d4d,A,225,MET,1.9,162.9,0.0,0,0,H,0.10638297872340426,-103.6,-16.4,21.0,4.0,0.84,2.1293466316315643,31,13,18,-5,0.03170664881908853,1,0,0,0,0,0,0,0,0,8,159,5,0,9,1
1d4d,A,226,GLY,-0.4,60.1,0.0,0,0,T,0.75,130.8,0.2,10.0,10.0,0.5,1.7096255134087037,18,10,17,-7,0.02471253510899547,0,0,0,0,0,1,0,0,0,8,159,5,0,9,1
1d4d,A,227,ALA,1.8,88.6,0.0,0,0,-,0.1509433962264151,-77.9,164.2,26.0,4.0,0.8666666666666667,2.2331678861731867,27,15,13,2,0.03730193978716297,0,0,0,0,0,0,0,0,0,8,159,5,0,9,1
1d4d,A,228,ASP,-3.5,111.1,-1.0,1,3,-,0.3128834355828221,-135.6,89.7,10.0,23.0,0.30303030303030304,2.107990727144261,23,23,7,16,0.03403802005578621,0,0,0,0,0,0,0,0,0,8,159,5,0,9,1
1d4d,A,229,MET,1.9,162.9,0.0,0,0,-,0.015957446808510637,-112.9,71.3,26.0,16.0,0.6190476190476191,2.7605453852385566,37,35,21,14,0.04616115048661418,0,0,0,0,0,0,0,0,0,-1,0,0,0,0,0
1d4d,A,230,THR,-0.7,116.1,0.0,1,1,-,0.4859154929577465,-126.7,-27.9,8.0,24.0,0.25,1.978644752236745,24,31,16,15,0.03870076252918159,0,0,0,0,0,0,0,0,0,-1,0,0,0,0,0
1d4d,A,231,ASP,-3.5,111.1,-1.0,1,3,E,0.26993865030674846,-79.7,117.4,13.0,19.0,0.40625,2.0716861796681494,31,28,7,21,0.03916703677652112,0,0,1,0,0,0,0,0,0,-1,0,0,0,0,0
1d4d,A,232,VAL,4.2,140.0,0.0,0,0,E,0.11971830985915492,-110.1,136.7,17.0,24.0,0.4146341463414634,2.323545603708827,36,41,10,31,0.03916703677652112,0,0,1,0,0,0,0,0,0,-1,0,0,0,0,0
1d4d,A,233,GLY,-0.4,60.1,0.0,0,0,E,0.05952380952380952,-134.4,-178.0,28.0,16.0,0.6363636363636364,2.6409047431823525,38,43,14,29,0.03916703677652112,0,0,1,0,0,0,0,0,0,-1,0,0,0,0,0
1d4d,A,234,ARG,-4.5,173.4,1.0,5,0,-,0.22983870967741934,-102.9,119.6,14.0,25.0,0.358974358974359,1.9629104840616067,30,21,16,5,0.04429605349725603,0,0,0,0,0,0,0,0,0,-1,0,0,0,0,0
1d4d,A,235,MET,1.9,162.9,0.0,0,0,-,0.0797872340425532,-106.1,148.3,21.0,19.0,0.525,2.901361583733106,37,52,12,40,0.043363505002576956,0,0,0,0,0,0,0,0,0,-1,0,0,0,0,0
1d4d,A,236,GLY,-0.4,60.1,0.0,0,0,T,0.09523809523809523,-49.9,140.4,21.0,22.0,0.4883720930232558,1.9134563779924894,37,39,22,17,0.03823448828184205,0,0,0,0,0,1,0,0,0,-1,0,0,0,0,0
1d4d,A,237,GLY,-0.4,60.1,0.0,0,0,T,0.4880952380952381,84.1,-0.9,22.0,19.0,0.5365853658536586,1.709549140421331,33,34,15,19,0.03823448828184205,0,0,0,0,0,1,0,0,0,-1,0,0,0,0,0
1d4d,A,238,ALA,1.8,88.6,0.0,0,0,-,0.19811320754716982,-113.7,-179.8,23.0,14.0,0.6216216216216216,2.0841680097630437,30,26,22,4,0.03730193978716297,0,0,0,0,0,0,0,0,0,-1,0,0,0,0,0
1d4d,A,239,SER,-0.8,89.0,0.0,1,1,S,0.3769230769230769,-108.4,-99.4,12.0,19.0,0.3870967741935484,1.9021180869753174,27,26,26,0,0.02797645484037223,0,0,0,0,0,0,1,0,0,-1,0,0,0,0,0
1d4d,A,240,VAL,4.2,140.0,0.0,0,0,S,0.16901408450704225,-44.2,135.9,17.0,11.0,0.6071428571428571,2.3106241042245435,27,30,23,7,0.03590311704514436,0,0,0,0,0,0,1,0,0,-1,0,0,0,0,0
1d4d,A,241,ASN,-3.5,114.1,0.0,2,2,-,0.3057324840764331,-59.8,134.6,14.0,23.0,0.3783783783783784,2.3698938198299726,28,34,19,15,0.040565859518539735,0,0,0,0,0,0,0,0,0,-1,0,0,0,0,0
1d4d,A,242,ARG,-4.5,173.4,1.0,5,0,-,0.020161290322580645,-157.4,15.3,26.0,21.0,0.5531914893617021,6.0530201252621225,42,33,24,9,0.04989134446533048,0,0,0,0,0,0,0,0,0,-1,0,0,0,0,0
1d4d,A,243,SER,-0.8,89.0,0.0,1,1,E,0.007692307692307693,-92.1,99.8,23.0,25.0,0.4791666666666667,4.814651862229906,44,40,10,30,0.048958795970651406,0,0,1,0,0,0,0,0,0,-1,0,0,0,0,0
1d4d,A,244,HIS,-3.2,153.2,0.1,2,1,E,0.0,-68.1,146.3,25.0,26.0,0.49019607843137253,5.561271214498844,47,28,19,9,0.05175644145468863,0,0,1,0,0,0,0,0,0,-1,0,0,0,0,0
1d4d,A,245,ARG,-4.5,173.4,1.0,5,0,E,0.028225806451612902,-162.4,178.9,23.0,21.0,0.5227272727272727,4.080355486759788,38,26,15,11,0.05595290968074446,0,0,1,0,0,0,0,0,0,-1,0,0,0,0,0
1d4d,A,246,PRO,-1.6,112.7,0.0,0,0,S,0.07352941176470588,-76.6,156.6,15.0,17.0,0.46875,2.6535173878349405,28,32,16,16,0.04289723075523742,0,0,0,0,0,0,1,0,0,-1,0,0,0,0,0
1d4d,A,247,THR,-0.7,116.1,0.0,1,1,T,0.7183098591549296,-46.5,120.1,2.0,19.0,0.09523809523809523,1.8093403967739228,18,21,16,5,0.028909003335051305,0,0,0,0,0,1,0,0,0,-1,0,0,0,0,0
1d4d,A,248,GLY,-0.4,60.1,0.0,0,0,T,0.4523809523809524,79.7,10.3,4.0,21.0,0.16,1.7097193329715963,28,23,13,10,0.028909003335051305,0,0,0,0,0,1,0,0,0,-1,0,0,0,0,0
1d4d,A,249,GLY,-0.4,60.1,0.0,0,0,T,0.011904761904761904,106.6,17.6,19.0,16.0,0.5428571428571428,2.4233217784354886,33,24,16,8,0.03730193978716297,0,0,0,0,0,1,0,0,0,3,136,18,0,24,1
1d4d,A,250,ALA,1.8,88.6,0.0,0,0,-,0.41509433962264153,-79.5,-170.3,12.0,23.0,0.34285714285714286,2.305109216847646,32,28,17,11,0.03170664881908853,0,0,0,0,0,0,0,0,0,-1,0,0,0,0,0
1d4d,A,251,GLY,-0.4,60.1,0.0,0,0,-,0.3333333333333333,-113.0,133.6,18.0,25.0,0.4186046511627907,1.7858772885292182,33,39,12,27,0.03590311704514436,0,0,0,0,0,0,0,0,0,25,2,20,0,0,1
1d4d,A,252,VAL,4.2,140.0,0.0,0,0,H,0.0,-66.4,-26.7,23.0,21.0,0.5227272727272727,3.442134957134423,38,33,12,21,0.048026247475972325,1,0,0,0,0,0,0,0,0,25,2,20,0,0,1
1d4d,A,253,GLY,-0.4,60.1,0.0,0,0,H,0.0,-63.6,-66.1,15.0,25.0,0.375,2.856763235466414,38,33,2,31,0.040565859518539735,1,0,0,0,0,0,0,0,0,25,2,20,0,0,1
1d4d,A,254,ALA,1.8,88.6,0.0,0,0,H,0.25471698113207547,-49.7,-55.5,9.0,25.0,0.2647058823529412,1.964541827914891,31,29,1,28,0.04289723075523742,1,0,0,0,0,0,0,0,0,25,2,20,0,0,1
1d4d,A,255,HIS,-3.2,153.2,0.1,2,1,H,0.2717391304347826,-51.6,-52.5,18.0,21.0,0.46153846153846156,2.115258797813803,32,14,9,5,0.03870076252918159,1,0,0,0,0,0,0,0,0,11,24,13,0,3,1
1d4d,A,256,VAL,4.2,140.0,0.0,0,0,H,0.0,-66.9,-46.8,29.0,20.0,0.5918367346938775,5.08392712602826,44,20,7,13,0.04289723075523742,1,0,0,0,0,0,0,0,0,21,4,17,0,0,1
1d4d,A,257,ALA,1.8,88.6,0.0,0,0,H,0.0,-51.5,-53.4,21.0,23.0,0.4772727272727273,4.9300271193120615,40,21,8,13,0.05175644145468863,1,0,0,0,0,0,0,0,0,11,24,13,0,3,1
1d4d,A,258,GLN,-3.5,143.8,0.0,2,2,H,0.32323232323232326,-54.9,-53.4,14.0,24.0,0.3684210526315789,2.2826975460144703,29,20,17,3,0.04196468226055834,1,0,0,0,0,0,0,0,0,11,24,13,0,3,1
1d4d,A,259,VAL,4.2,140.0,0.0,0,0,H,0.09859154929577464,-60.1,-37.2,13.0,21.0,0.38235294117647056,2.2929342410357596,32,14,13,1,0.043829779249916496,1,0,0,0,0,0,0,0,0,11,24,13,0,3,1
1d4d,A,260,LEU,3.8,166.7,0.0,0,0,H,0.0,-75.1,-34.6,26.0,18.0,0.5909090909090909,5.707347357625383,43,14,8,6,0.050823892960009553,1,0,0,0,0,0,0,0,0,-1,0,0,0,0,0
1d4d,A,261,TRP,-0.9,227.8,0.0,1,0,H,0.048458149779735685,-56.2,-53.8,18.0,26.0,0.4090909090909091,3.074521926208999,37,7,19,-12,0.04755997322863279,1,0,0,0,0,0,0,0,0,19,24,3,0,1,1
1d4d,A,262,ASP,-3.5,111.1,-1.0,1,3,H,0.49079754601226994,-60.5,-44.7,8.0,22.0,0.26666666666666666,1.8206256115198767,22,17,7,10,0.0363693912924839,1,0,0,0,0,0,0,0,0,19,24,3,0,1,1
1d4d,A,263,ASN,-3.5,114.1,0.0,2,2,H,0.15286624203821655,-67.1,-31.0,21.0,9.0,0.7,2.2102254952766627,28,20,14,6,0.03963331102386066,1,0,0,0,0,0,0,0,0,19,24,3,0,1,1
1d4d,A,264,ALA,1.8,88.6,0.0,0,0,H,0.0,-69.7,-53.6,30.0,10.0,0.75,4.408214290113211,32,26,19,7,0.053155264196707235,1,0,0,0,0,0,0,0,0,19,24,3,0,1,1
1d4d,A,265,VAL,4.2,140.0,0.0,0,0,H,0.47183098591549294,-57.8,-40.2,11.0,17.0,0.39285714285714285,2.0888713051394885,23,22,20,2,0.03590311704514436,1,0,0,0,0,0,0,0,0,19,24,3,0,1,1
1d4d,A,266,LYS,-3.9,168.6,1.0,2,0,H,0.3902439024390244,-58.3,-39.4,9.0,10.0,0.47368421052631576,1.817900657763952,18,20,13,7,0.025645083603674543,1,0,0,0,0,0,0,0,0,19,24,3,0,1,1
1d4d,A,267,ARG,-4.5,173.4,1.0,5,0,T,0.2782258064516129,-77.7,-162.2,21.0,6.0,0.7777777777777778,1.891262639200849,26,16,14,2,0.03357174580844668,0,0,0,0,0,1,0,0,0,19,24,3,0,1,1
1d4d,A,268,GLY,-0.4,60.1,0.0,0,0,T,0.5,-99.4,36.2,6.0,18.0,0.25,1.7096770760423148,22,31,13,18,0.027043906345693154,0,0,0,0,0,1,0,0,0,18,43,3,0,1,1
1d4d,A,269,THR,-0.7,116.1,0.0,1,1,-,0.1056338028169014,-55.9,142.9,27.0,9.0,0.75,2.8984551187951877,32,37,13,24,0.043829779249916496,0,0,0,0,0,0,0,0,0,18,43,3,0,1,1
1d4d,A,270,ASP,-3.5,111.1,-1.0,1,3,E,0.3803680981595092,-98.3,87.4,11.0,20.0,0.3548387096774194,2.001194913678742,28,24,6,18,0.03403802005578621,0,0,1,0,0,0,0,0,0,18,43,3,0,1,1
1d4d,A,271,ILE,4.5,166.7,0.0,0,0,E,0.08875739644970414,-89.1,132.6,23.0,17.0,0.575,1.9977618493620124,35,14,26,-12,0.04243095650789788,0,0,1,0,0,0,0,0,0,13,24,10,0,2,1
1d4d,A,272,ARG,-4.5,173.4,1.0,5,0,E,0.13709677419354838,-137.8,119.4,21.0,16.0,0.5675675675675675,2.358181396364407,33,7,29,-22,0.045228601991935104,0,0,1,0,0,0,0,0,0,13,24,10,0,2,1
1d4d,A,273,LEU,3.8,166.7,0.0,0,0,S,0.07926829268292683,-94.3,172.9,15.0,23.0,0.39473684210526316,2.8857384340171586,35,19,40,-21,0.048026247475972325,0,0,0,0,0,0,1,0,0,-1,0,0,0,0,0
1d4d,A,274,ASN,-3.5,114.1,0.0,2,2,S,0.08917197452229299,57.6,37.7,14.0,20.0,0.4117647058823529,2.0308599304310166,35,35,35,0,0.048026247475972325,0,0,0,0,0,0,1,0,0,-1,0,0,0,0,0
1d4d,A,275,SER,-0.8,89.0,0.0,1,1,E,0.0,-140.1,99.7,22.0,15.0,0.5945945945945946,2.305792120385005,36,36,37,-1,0.05175644145468863,0,0,1,0,0,0,0,0,0,-1,0,0,0,0,0
1d4d,A,276,ARG,-4.5,173.4,1.0,5,0,E,0.2056451612903226,-92.5,122.9,16.0,24.0,0.4,2.0616119947083216,34,23,36,-13,0.04289723075523742,0,0,1,0,0,0,0,0,0,27,2,16,0,0,1
1d4d,A,277,VAL,4.2,140.0,0.0,0,0,E,0.06338028169014084,-77.6,120.3,26.0,20.0,0.5652173913043478,2.2091452748288147,39,36,16,20,0.04755997322863279,0,0,1,0,0,0,0,0,0,-1,0,0,0,0,0
1d4d,A,278,VAL,4.2,140.0,0.0,0,0,E,0.06338028169014084,-111.5,0.1,21.0,26.0,0.44680851063829785,2.5486643140791148,35,38,28,10,0.04709369898129325,0,0,1,0,0,0,0,0,0,-1,0,0,0,0,0
1d4d,A,279,ARG,-4.5,173.4,1.0,5,0,E,0.16532258064516128,-168.2,135.2,15.0,25.0,0.375,2.2862854814901548,33,10,29,-19,0.043829779249916496,0,0,1,0,0,0,0,0,0,-1,0,0,0,0,0
1d4d,A,280,ILE,4.5,166.7,0.0,0,0,E,0.0650887573964497,-91.4,141.7,26.0,22.0,0.5416666666666666,2.2863305326779857,42,15,15,0,0.04662742473395372,0,0,1,0,0,0,0,0,0,-1,0,0,0,0,0
1d4d,A,281,LEU,3.8,166.7,0.0,0,0,E,0.054878048780487805,-94.7,121.8,18.0,18.0,0.5,2.171565991838172,31,21,16,5,0.03683566553982344,0,0,1,0,0,0,0,0,0,-1,0,0,0,0,0
1d4d,A,282,GLU,-3.5,138.4,-1.0,1,3,E,0.6237113402061856,-72.3,111.5,6.0,20.0,0.23076923076923078,1.7657865130298227,19,16,9,7,0.030307826077069916,0,0,1,0,0,0,0,0,0,-1,0,0,0,0,0
1d4d,A,283,ASP,-3.5,111.1,-1.0,1,3,-,0.7300613496932515,-83.3,360.0,11.0,6.0,0.6470588235294118,1.7745495252284391,11,5,9,-4,0.02098234113027917,0,0,0,0,0,0,0,0,0,-1,0,0,0,0,0
1d4d,A,286,GLY,-0.4,60.1,0.0,0,0,-,1.0,360.0,85.3,13.0,7.0,0.65,1.7095728056114141,18,5,17,-12,0.02098234113027917,0,0,0,0,0,0,0,0,0,2,2708,7,0,244,1
1d4d,A,287,LYS,-3.9,168.6,1.0,2,0,-,0.13170731707317074,-93.2,147.2,6.0,15.0,0.2857142857142857,1.8422120425718898,19,0,21,-21,0.02844272908771177,0,0,0,0,0,0,0,0,0,2,2708,7,0,244,1
1d4d,A,288,VAL,4.2,140.0,0.0,0,0,E,0.09154929577464789,-70.3,126.0,30.0,7.0,0.8108108108108109,2.1694643523312935,28,11,22,-11,0.04476232774459557,0,0,1,0,0,0,0,0,0,2,2708,7,0,244,1
1d4d,A,289,THR,-0.7,116.1,0.0,1,1,E,0.4507042253521127,-105.4,-38.4,8.0,23.0,0.25806451612903225,1.9139866920698434,29,12,24,-12,0.034970568550465285,0,0,1,0,0,0,0,0,0,-1,0,0,0,0,0
1d4d,A,290,GLY,-0.4,60.1,0.0,0,0,E,0.011904761904761904,-161.7,-140.8,12.0,27.0,0.3076923076923077,2.7538988176789183,37,17,23,-6,0.045694876239274644,0,0,1,0,0,0,0,0,0,-1,0,0,0,0,0
1d4d,A,291,VAL,4.2,140.0,0.0,0,0,E,0.0,-158.9,146.8,27.0,21.0,0.5625,4.888609906179821,38,20,11,9,0.048026247475972325,0,0,1,0,0,0,0,0,0,-1,0,0,0,0,0
1d4d,A,292,LEU,3.8,166.7,0.0,0,0,E,0.0,-106.4,106.2,19.0,24.0,0.4418604651162791,5.733623036888073,34,30,11,19,0.053155264196707235,0,0,1,0,0,0,0,0,0,-1,0,0,0,0,0
1d4d,A,293,VAL,4.2,140.0,0.0,0,0,E,0.0,-93.9,123.2,27.0,15.0,0.6428571428571429,5.335364936610207,39,42,17,25,0.048492521723311866,0,0,1,0,0,0,0,0,0,-1,0,0,0,0,0
1d4d,A,294,LYS,-3.9,168.6,1.0,2,0,E,0.3463414634146341,-93.3,86.5,12.0,22.0,0.35294117647058826,2.3144134297729586,29,19,21,-2,0.04755997322863279,0,0,1,0,0,0,0,0,0,20,7,15,0,0,1
1d4d,A,295,GLY,-0.4,60.1,0.0,0,0,E,0.0,-63.5,125.9,14.0,16.0,0.4666666666666667,2.7234236767947513,27,29,20,9,0.048026247475972325,0,0,1,0,0,0,0,0,0,20,7,15,0,0,1
1d4d,A,296,GLU,-3.5,138.4,-1.0,1,3,T,0.5412371134020618,-47.3,-42.7,12.0,14.0,0.46153846153846156,1.7567593176637533,24,29,17,12,0.03730193978716297,0,0,0,0,0,1,0,0,0,20,7,15,0,0,1
1d4d,A,297,TYR,-1.3,193.6,0.0,1,1,T,0.32432432432432434,-103.9,-25.6,14.0,11.0,0.56,1.9083102674082868,28,21,26,-5,0.03403802005578621,0,0,0,0,0,1,0,0,0,20,7,15,0,0,1
1d4d,A,298,THR,-0.7,116.1,0.0,1,1,T,0.3873239436619718,-92.9,4.3,14.0,6.0,0.7,1.893732898952645,22,16,16,0,0.032172923066428064,0,0,0,0,0,1,0,0,0,20,7,15,0,0,1
1d4d,A,299,GLY,-0.4,60.1,0.0,0,0,E,0.36904761904761907,84.4,-165.8,6.0,18.0,0.25,2.0245255940249276,24,18,16,2,0.02797645484037223,0,0,1,0,0,0,0,0,0,20,7,15,0,0,1
1d4d,A,300,TYR,-1.3,193.6,0.0,1,1,E,0.18018018018018017,-83.0,159.3,15.0,18.0,0.45454545454545453,2.162636990096244,32,36,19,17,0.03963331102386066,0,0,1,0,0,0,0,0,0,-1,0,0,0,0,0
1d4d,A,301,TYR,-1.3,193.6,0.0,1,1,E,0.07207207207207207,-177.1,147.9,12.0,24.0,0.3333333333333333,2.4644574012420493,36,30,17,13,0.04243095650789788,0,0,1,0,0,0,0,0,0,13,24,10,0,2,1
1d4d,A,302,VAL,4.2,140.0,0.0,0,0,E,0.056338028169014086,-100.5,139.2,16.0,20.0,0.4444444444444444,3.293023967041777,33,22,9,13,0.048958795970651406,0,0,1,0,0,0,0,0,0,9,223,3,0,8,1
1d4d,A,303,ILE,4.5,166.7,0.0,0,0,E,0.0,-120.2,117.6,22.0,14.0,0.6111111111111112,4.129080304708506,35,22,18,4,0.048958795970651406,0,0,1,0,0,0,0,0,0,13,24,10,0,2,1
1d4d,A,304,LYS,-3.9,168.6,1.0,2,0,E,0.14634146341463414,-85.5,140.7,7.0,24.0,0.22580645161290322,2.1744997359352243,25,7,21,-14,0.03776821403450251,0,0,1,0,0,0,0,0,0,33,1,1,0,0,1
1d4d,A,305,ALA,1.8,88.6,0.0,0,0,-,0.09433962264150944,-160.5,165.4,24.0,14.0,0.631578947368421,2.0001917927689146,33,13,20,-7,0.04149840801321881,0,0,0,0,0,0,0,0,0,33,1,1,0,0,1
1d4d,A,306,ASP,-3.5,111.1,-1.0,1,3,S,0.19631901840490798,-99.4,-21.3,11.0,25.0,0.3055555555555556,1.8567809707748917,32,21,9,12,0.04103213376587927,0,0,0,0,0,0,1,0,0,-1,0,0,0,0,0
1d4d,A,307,ALA,1.8,88.6,0.0,0,0,E,0.0,-135.9,137.6,25.0,23.0,0.5208333333333334,4.324415334028997,41,15,13,2,0.05035761871267001,0,0,1,0,0,0,0,0,0,-1,0,0,0,0,0
1d4d,A,308,VAL,4.2,140.0,0.0,0,0,E,0.0,-115.3,109.9,26.0,32.0,0.4482758620689655,6.0104917554601345,48,6,8,-2,0.050823892960009553,0,0,1,0,0,0,0,0,0,-1,0,0,0,0,0
1d4d,A,309,VAL,4.2,140.0,0.0,0,0,E,0.0,-85.7,122.4,35.0,24.0,0.5932203389830508,7.422577722319583,52,4,7,-3,0.05129016720734909,0,0,1,0,0,0,0,0,0,-1,0,0,0,0,0
1d4d,A,310,ILE,4.5,166.7,0.0,0,0,E,0.0,-96.6,117.5,31.0,29.0,0.5166666666666667,5.0744043802995975,44,0,11,-11,0.04616115048661418,0,0,1,0,0,0,0,0,0,-1,0,0,0,0,0
1d4d,A,311,ALA,1.8,88.6,0.0,0,0,-,0.07547169811320754,-137.7,37.0,32.0,22.0,0.5925925925925926,2.3042239068750914,41,0,13,-13,0.045694876239274644,0,0,0,0,0,0,0,0,0,-1,0,0,0,0,0
1d4d,A,312,ALA,1.8,88.6,0.0,0,0,-,0.32075471698113206,-74.9,-0.0,22.0,28.0,0.44,1.940629216368578,43,11,26,-15,0.040565859518539735,0,0,0,0,0,0,0,0,0,-1,0,0,0,0,0
1d4d,A,313,GLY,-0.4,60.1,0.0,0,0,-,0.2976190476190476,73.4,-172.3,22.0,28.0,0.44,1.7692797266329479,44,16,21,-5,0.03823448828184205,0,0,0,0,0,0,0,0,0,-1,0,0,0,0,0
1d4d,A,314,GLY,-0.4,60.1,0.0,0,0,-,0.047619047619047616,-85.5,-171.9,26.0,23.0,0.5306122448979592,2.1683328831118747,40,39,18,21,0.048492521723311866,0,0,0,0,0,0,0,0,0,-1,0,0,0,0,0
1d4d,A,315,PHE,2.8,189.9,0.0,0,0,-,0.02030456852791878,-117.4,8.0,21.0,23.0,0.4772727272727273,4.1597529705518586,42,35,23,12,0.04662742473395372,0,0,0,0,0,0,0,0,0,-1,0,0,0,0,0
1d4d,A,316,ALA,1.8,88.6,0.0,0,0,T,0.0,-55.6,142.2,22.0,23.0,0.4888888888888889,3.633719400105819,37,52,11,41,0.05502036118606539,0,0,0,0,0,1,0,0,0,-1,0,0,0,0,0
1d4d,A,317,LYS,-3.9,168.6,1.0,2,0,T,0.40487804878048783,110.0,-34.9,17.0,21.0,0.4473684210526316,2.063597715684991,35,30,6,24,0.048492521723311866,0,0,0,0,0,1,0,0,0,-1,0,0,0,0,0
1d4d,A,318,ASN,-3.5,114.1,0.0,2,2,-,0.10191082802547771,-91.4,93.2,16.0,20.0,0.4444444444444444,2.072036811833854,31,27,16,11,0.04196468226055834,0,0,0,0,0,0,0,0,0,29,24,1,0,0,1
1d4d,A,319,ASN,-3.5,114.1,0.0,2,2,H,0.28662420382165604,-65.3,-31.7,11.0,20.0,0.3548387096774194,1.8578144925950792,26,35,14,21,0.03823448828184205,1,0,0,0,0,0,0,0,0,4,449,4,0,18,1
1d4d,A,320,GLU,-3.5,138.4,-1.0,1,3,H,0.9072164948453608,-55.8,-48.3,5.0,20.0,0.2,1.708462368299692,14,23,0,23,0.025645083603674543,1,0,0,0,0,0,0,0,0,29,24,1,0,0,1
1d4d,A,321,ARG,-4.5,173.4,1.0,5,0,H,0.16129032258064516,-74.2,-44.3,17.0,12.0,0.5862068965517241,2.014412310325469,25,10,21,-11,0.03683566553982344,1,0,0,0,0,0,0,0,0,29,24,1,0,0,1
1d4d,A,322,VAL,4.2,140.0,0.0,0,0,H,0.0,-61.2,-42.8,25.0,11.0,0.6944444444444444,3.518672951457876,33,39,16,23,0.05222271570202816,1,0,0,0,0,0,0,0,0,4,449,4,0,18,1
1d4d,A,323,SER,-0.8,89.0,0.0,1,1,H,0.16153846153846155,-63.8,-23.5,10.0,14.0,0.4166666666666667,2.1965291470297323,20,24,17,7,0.040099585271200194,1,0,0,0,0,0,0,0,0,4,449,4,0,18,1
1d4d,A,324,LYS,-3.9,168.6,1.0,2,0,H,0.3804878048780488,-68.9,-24.6,6.0,13.0,0.3157894736842105,1.8107844817496577,16,16,17,-1,0.027043906345693154,1,0,0,0,0,0,0,0,0,4,449,4,0,18,1
1d4d,A,325,TYR,-1.3,193.6,0.0,1,1,H,0.42342342342342343,-107.4,-24.4,13.0,9.0,0.5909090909090909,1.86877224782787,21,18,15,3,0.03310547156110714,1,0,0,0,0,0,0,0,0,4,449,4,0,18,1
1d4d,A,326,ASP,-3.5,111.1,-1.0,1,3,-,0.32515337423312884,-149.4,89.0,13.0,9.0,0.5909090909090909,2.1151148388585326,23,19,2,17,0.03310547156110714,0,0,0,0,0,0,0,0,0,4,449,4,0,18,1
1d4d,A,327,PRO,-1.6,112.7,0.0,0,0,G,0.6911764705882353,-73.7,6.6,1.0,16.0,0.058823529411764705,1.9925120879335065,16,19,12,7,0.02797645484037223,0,0,0,1,0,0,0,0,0,4,449,4,0,18,1
1d4d,A,328,LYS,-3.9,168.6,1.0,2,0,G,0.32682926829268294,-66.8,-41.7,10.0,12.0,0.45454545454545453,1.8234520700432277,18,10,9,1,0.02471253510899547,0,0,0,1,0,0,0,0,0,4,449,4,0,18,1
1d4d,A,329,LEU,3.8,166.7,0.0,0,0,G,0.06097560975609756,-70.3,-5.8,24.0,7.0,0.7741935483870968,3.0152095442043683,29,27,12,15,0.03776821403450251,0,0,0,1,0,0,0,0,0,4,449,4,0,18,1
1d4d,A,330,LYS,-3.9,168.6,1.0,2,0,T,0.25853658536585367,-55.7,135.3,5.0,16.0,0.23809523809523808,1.9267982544832019,17,17,14,3,0.032639197313767604,0,0,0,0,0,1,0,0,0,4,449,4,0,18,1
1d4d,A,331,GLY,-0.4,60.1,0.0,0,0,T,0.8809523809523809,81.8,-16.9,2.0,17.0,0.10526315789473684,1.709629579164944,17,17,4,13,0.01958351838826056,0,0,0,0,0,1,0,0,0,-1,0,0,0,0,0
1d4d,A,332,PHE,2.8,189.9,0.0,0,0,-,0.2639593908629442,-59.9,165.0,26.0,4.0,0.8666666666666667,1.8814312344304611,26,21,11,10,0.02797645484037223,0,0,0,0,0,0,0,0,0,-1,0,0,0,0,0
1d4d,A,333,LYS,-3.9,168.6,1.0,2,0,-,0.2097560975609756,-96.9,164.4,18.0,18.0,0.5,1.8870475020011337,27,26,0,26,0.03124037457174899,0,0,0,0,0,0,0,0,0,-1,0,0,0,0,0
1d4d,A,334,ALA,1.8,88.6,0.0,0,0,B,0.16981132075471697,-119.4,152.9,21.0,22.0,0.4883720930232558,1.997187697304876,34,39,0,39,0.03963331102386066,0,1,0,0,0,0,0,0,0,-1,0,0,0,0,0
1d4d,A,335,THR,-0.7,116.1,0.0,1,1,S,0.14084507042253522,-91.4,3.0,23.0,21.0,0.5227272727272727,2.0779429237973446,35,51,3,48,0.04662742473395372,0,0,0,0,0,0,1,0,0,-1,0,0,0,0,0
1d4d,A,336,ASN,-3.5,114.1,0.0,2,2,S,0.044585987261146494,-89.2,169.2,21.0,16.0,0.5675675675675675,1.9715121121775134,36,44,5,39,0.04149840801321881,0,0,0,0,0,0,1,0,0,-1,0,0,0,0,0
1d4d,A,337,HIS,-3.2,153.2,0.1,2,1,-,0.08152173913043478,-76.4,176.5,16.0,23.0,0.41025641025641024,2.618035688848662,37,29,15,14,0.04149840801321881,0,0,0,0,0,0,0,0,0,-1,0,0,0,0,0
1d4d,A,338,PRO,-1.6,112.7,0.0,0,0,T,0.11764705882352941,-72.5,-12.3,15.0,21.0,0.4166666666666667,2.170112118078532,32,40,15,25,0.03823448828184205,0,0,0,0,0,1,0,0,0,-1,0,0,0,0,0
1d4d,A,339,GLY,-0.4,60.1,0.0,0,0,T,0.10714285714285714,-87.5,-11.6,18.0,20.0,0.47368421052631576,1.929717572111946,36,41,24,17,0.040099585271200194,0,0,0,0,0,1,0,0,0,27,2,16,0,0,1
1d4d,A,340,ALA,1.8,88.6,0.0,0,0,-,0.02830188679245283,-79.6,68.6,22.0,17.0,0.5641025641025641,2.32427940599917,38,40,22,18,0.04755997322863279,0,0,0,0,0,0,0,0,0,-1,0,0,0,0,0
1d4d,A,341,THR,-0.7,116.1,0.0,1,1,S,0.1056338028169014,-112.5,-2.8,14.0,24.0,0.3684210526315789,2.3617175372175225,33,44,21,23,0.04289723075523742,0,0,0,0,0,0,1,0,0,27,2,16,0,0,1
1d4d,A,342,GLY,-0.4,60.1,0.0,0,0,S,0.07142857142857142,107.3,2.4,16.0,24.0,0.4,2.109834742190821,36,26,18,8,0.04616115048661418,0,0,0,0,0,0,1,0,0,-1,0,0,0,0,0
1d4d,A,343,ASP,-3.5,111.1,-1.0,1,3,H,0.0736196319018405,-44.2,-58.6,20.0,19.0,0.5128205128205128,2.209954365331051,34,25,12,13,0.04243095650789788,1,0,0,0,0,0,0,0,0,27,2,16,0,0,1
1d4d,A,344,GLY,-0.4,60.1,0.0,0,0,H,0.047619047619047616,-43.8,-67.3,26.0,18.0,0.5909090909090909,2.3696479401265282,42,19,18,1,0.04616115048661418,1,0,0,0,0,0,0,0,0,-1,0,0,0,0,0
1d4d,A,345,LEU,3.8,166.7,0.0,0,0,H,0.042682926829268296,-42.0,-61.3,19.0,26.0,0.4222222222222222,3.224037512546524,41,9,18,-9,0.043363505002576956,1,0,0,0,0,0,0,0,0,-1,0,0,0,0,0
1d4d,A,346,ASP,-3.5,111.1,-1.0,1,3,H,0.26380368098159507,-43.2,-50.9,13.0,19.0,0.40625,1.8260608466890258,34,16,12,4,0.03310547156110714,1,0,0,0,0,0,0,0,0,-1,0,0,0,0,0
1d4d,A,347,VAL,4.2,140.0,0.0,0,0,H,0.028169014084507043,-59.1,-45.4,22.0,13.0,0.6285714285714286,2.2770526173959,33,21,19,2,0.04429605349725603,1,0,0,0,0,0,0,0,0,-1,0,0,0,0,0
1d4d,A,348,ALA,1.8,88.6,0.0,0,0,H,0.0,-64.1,-46.3,26.0,16.0,0.6190476190476191,4.122595467120371,37,11,15,-4,0.040565859518539735,1,0,0,0,0,0,0,0,0,-1,0,0,0,0,0
1d4d,A,349,LEU,3.8,166.7,0.0,0,0,H,0.43902439024390244,-54.2,-47.9,11.0,20.0,0.3548387096774194,2.099974411534232,30,6,17,-11,0.032172923066428064,1,0,0,0,0,0,0,0,0,-1,0,0,0,0,0
1d4d,A,350,GLN,-3.5,143.8,0.0,2,2,H,0.40404040404040403,-53.2,-37.6,13.0,11.0,0.5416666666666666,1.7677297794687152,23,11,22,-11,0.026577632098353617,1,0,0,0,0,0,0,0,0,-1,0,0,0,0,0
1d4d,A,351,ALA,1.8,88.6,0.0,0,0,T,0.33962264150943394,-81.0,4.6,29.0,8.0,0.7837837837837838,1.7934259111148834,32,18,18,0,0.032639197313767604,0,0,0,0,0,1,0,0,0,2,2708,7,0,244,1
1d4d,A,352,GLY,-0.4,60.1,0.0,0,0,T,0.38095238095238093,78.7,35.6,14.0,17.0,0.45161290322580644,1.7870576827006686,28,12,12,0,0.029375277582390842,0,0,0,0,0,1,0,0,0,-1,0,0,0,0,0
1d4d,A,353,ALA,1.8,88.6,0.0,0,0,B,0.03773584905660377,-84.2,150.4,26.0,12.0,0.6842105263157895,2.4566544979078837,33,17,15,2,0.04476232774459557,0,1,0,0,0,0,0,0,0,-1,0,0,0,0,0
1d4d,A,354,ALA,1.8,88.6,0.0,0,0,-,0.19811320754716982,-85.8,156.5,16.0,20.0,0.4444444444444444,2.456745553600487,34,26,13,13,0.03916703677652112,0,0,0,0,0,0,0,0,0,-1,0,0,0,0,0
1d4d,A,355,THR,-0.7,116.1,0.0,1,1,E,0.3380281690140845,-135.2,171.6,14.0,17.0,0.45161290322580644,2.0127262057009205,27,17,17,0,0.0363693912924839,0,0,1,0,0,0,0,0,0,-1,0,0,0,0,0
1d4d,A,356,ARG,-4.5,173.4,1.0,5,0,E,0.2782258064516129,-156.1,161.6,15.0,16.0,0.4838709677419355,2.0413085506311623,25,5,16,-11,0.03357174580844668,0,0,1,0,0,0,0,0,0,26,6,6,0,0,1
1d4d,A,357,ASP,-3.5,111.1,-1.0,1,3,-,0.1411042944785276,44.8,33.8,22.0,8.0,0.7333333333333333,2.276696327188021,28,18,2,16,0.040099585271200194,0,0,0,0,0,0,0,0,0,26,6,6,0,0,1
1d4d,A,358,LEU,3.8,166.7,0.0,0,0,T,0.11585365853658537,-60.1,-32.7,14.0,21.0,0.4,2.522261356372036,30,22,10,12,0.04196468226055834,0,0,0,0,0,1,0,0,0,-1,0,0,0,0,0
1d4d,A,359,GLN,-3.5,143.8,0.0,2,2,T,0.4292929292929293,-71.2,-26.2,3.0,23.0,0.11538461538461539,1.9110770824093046,25,14,16,-2,0.035436842797804825,0,0,0,0,0,1,0,0,0,-1,0,0,0,0,0
1d4d,A,360,TYR,-1.3,193.6,0.0,1,1,-,0.31981981981981983,-78.8,103.8,17.0,19.0,0.4722222222222222,2.1248214125924045,27,30,16,14,0.04149840801321881,0,0,0,0,0,0,0,0,0,26,6,6,0,0,1
1d4d,A,361,ILE,4.5,166.7,0.0,0,0,E,0.10059171597633136,-114.2,112.9,20.0,22.0,0.47619047619047616,2.473599045901508,37,33,17,16,0.04755997322863279,0,0,1,0,0,0,0,0,0,4,449,4,0,18,1
1d4d,A,362,GLN,-3.5,143.8,0.0,2,2,E,0.03535353535353535,-83.5,124.8,22.0,23.0,0.4888888888888889,2.52538006370005,37,62,15,47,0.05129016720734909,0,0,1,0,0,0,0,0,0,-1,0,0,0,0,0
1d4d,A,363,ALA,1.8,88.6,0.0,0,0,E,0.12264150943396226,-101.8,132.7,19.0,20.0,0.48717948717948717,2.217494849210475,39,53,13,40,0.048492521723311866,0,0,1,0,0,0,0,0,0,-1,0,0,0,0,0
1d4d,A,364,HIS,-3.2,153.2,0.1,2,1,E,0.016304347826086956,-82.0,124.0,19.0,23.0,0.4523809523809524,3.731923479420783,37,39,13,26,0.05035761871267001,0,0,1,0,0,0,0,0,0,-1,0,0,0,0,0
1d4d,A,365,PRO,-1.6,112.7,0.0,0,0,E,0.0,-65.3,-25.4,22.0,25.0,0.46808510638297873,5.360686623568784,41,41,22,19,0.048958795970651406,0,0,1,0,0,0,0,0,0,-1,0,0,0,0,0
1d4d,A,366,THR,-0.7,116.1,0.0,1,1,E,0.007042253521126761,-124.2,77.8,19.0,29.0,0.3958333333333333,5.966457498838183,36,35,17,18,0.05175644145468863,0,0,1,0,0,0,0,0,0,-1,0,0,0,0,0
1d4d,A,367,TYR,-1.3,193.6,0.0,1,1,E,0.13963963963963963,-105.3,151.1,18.0,19.0,0.4864864864864865,2.8120029093231316,29,21,8,13,0.05175644145468863,0,0,1,0,0,0,0,0,0,-1,0,0,0,0,0
1d4d,A,368,SER,-0.8,89.0,0.0,1,1,E,0.023076923076923078,-104.6,117.2,17.0,16.0,0.5151515151515151,2.8000154481489017,31,6,9,-3,0.045694876239274644,0,0,1,0,0,0,0,0,0,-1,0,0,0,0,0
1d4d,A,369,PRO,-1.6,112.7,0.0,0,0,T,0.4852941176470588,-56.7,-50.7,10.0,18.0,0.35714285714285715,1.954381219470202,24,5,10,-5,0.02984155182973038,0,0,0,0,0,1,0,0,0,-1,0,0,0,0,0
1d4d,A,370,ALA,1.8,88.6,0.0,0,0,T,0.7830188679245284,-60.1,-40.1,10.0,15.0,0.4,1.8180557888677182,21,9,9,0,0.02331371236697686,0,0,0,0,0,1,0,0,0,-1,0,0,0,0,0
1d4d,A,371,GLY,-0.4,60.1,0.0,0,0,T,0.15476190476190477,-93.2,-17.1,18.0,12.0,0.6,1.8768350574149424,28,12,3,9,0.03590311704514436,0,0,0,0,0,1,0,0,0,-1,0,0,0,0,0
1d4d,A,372,GLY,-0.4,60.1,0.0,0,0,T,0.2619047619047619,70.6,34.5,9.0,22.0,0.2903225806451613,1.7910102141831499,28,16,4,12,0.03450429430312575,0,0,0,0,0,1,0,0,0,-1,0,0,0,0,0
1d4d,A,373,VAL,4.2,140.0,0.0,0,0,E,0.20422535211267606,-145.9,150.3,15.0,23.0,0.39473684210526316,2.3870762683472497,33,21,1,20,0.03916703677652112,0,0,1,0,0,0,0,0,0,-1,0,0,0,0,0
1d4d,A,374,MET,1.9,162.9,0.0,0,0,E,0.20212765957446807,-68.8,153.3,19.0,23.0,0.4523809523809524,2.0185706196202267,38,26,6,20,0.045228601991935104,0,0,1,0,0,0,0,0,0,-1,0,0,0,0,0
1d4d,A,375,ILE,4.5,166.7,0.0,0,0,-,0.0,-120.5,121.4,26.0,18.0,0.5909090909090909,3.76473050251925,37,20,12,8,0.04196468226055834,0,0,0,0,0,0,0,0,0,-1,0,0,0,0,0
1d4d,A,376,THR,-0.7,116.1,0.0,1,1,-,0.028169014084507043,-47.2,146.5,23.0,18.0,0.5609756097560976,2.56345581600679,39,35,9,26,0.03963331102386066,0,0,0,0,0,0,0,0,0,-1,0,0,0,0,0
1d4d,A,377,GLU,-3.5,138.4,-1.0,1,3,H,0.020618556701030927,-65.2,-22.6,20.0,22.0,0.47619047619047616,2.4802337152268823,43,50,6,44,0.04429605349725603,1,0,0,0,0,0,0,0,0,0,14934,15,0,2313,1
1d4d,A,378,ALA,1.8,88.6,0.0,0,0,H,0.009433962264150943,-60.8,-30.0,24.0,19.0,0.5581395348837209,2.4172649128435295,41,38,12,26,0.045228601991935104,1,0,0,0,0,0,0,0,0,-1,0,0,0,0,0
1d4d,A,379,VAL,4.2,140.0,0.0,0,0,H,0.0,-60.9,-42.2,23.0,23.0,0.5,5.560567996856501,42,35,16,19,0.048958795970651406,1,0,0,0,0,0,0,0,0,0,14934,15,0,2313,1
1d4d,A,380,ARG,-4.5,173.4,1.0,5,0,H,0.016129032258064516,-70.5,-40.6,22.0,21.0,0.5116279069767442,5.323335652320672,40,24,19,5,0.04662742473395372,1,0,0,0,0,0,0,0,0,0,14934,15,0,2313,1
1d4d,A,381,GLY,-0.4,60.1,0.0,0,0,H,0.07142857142857142,-52.7,-48.2,19.0,20.0,0.48717948717948717,2.036849103502502,35,44,25,19,0.04709369898129325,1,0,0,0,0,0,0,0,0,30,1,12,0,0,1
1d4d,A,382,ASN,-3.5,114.1,0.0,2,2,T,0.12738853503184713,-77.0,10.3,20.0,18.0,0.5263157894736842,2.1849153442201725,36,44,19,25,0.045228601991935104,0,0,0,0,0,1,0,0,0,30,1,12,0,0,1
1d4d,A,383,GLY,-0.4,60.1,0.0,0,0,T,0.0,127.3,-17.2,18.0,21.0,0.46153846153846156,5.0464788232138895,37,34,34,0,0.05129016720734909,0,0,0,0,0,1,0,0,0,30,1,12,0,0,1
1d4d,A,384,ALA,1.8,88.6,0.0,0,0,-,0.0,-59.0,144.5,24.0,22.0,0.5217391304347826,7.765727090511635,42,36,27,9,0.0526889899493677,0,0,0,0,0,0,0,0,0,0,14934,15,0,2313,1
1d4d,A,385,ILE,4.5,166.7,0.0,0,0,E,0.0,-112.0,164.2,24.0,25.0,0.4897959183673469,7.697686236817377,48,30,19,11,0.04662742473395372,0,0,1,0,0,0,0,0,0,0,14934,15,0,2313,1
1d4d,A,386,VAL,4.2,140.0,0.0,0,0,E,0.014084507042253521,-119.9,146.5,26.0,19.0,0.5777777777777777,7.746215902073909,42,28,12,16,0.05222271570202816,0,0,1,0,0,0,0,0,0,-1,0,0,0,0,0
1d4d,A,387,VAL,4.2,140.0,0.0,0,0,E,0.0,-134.6,139.6,23.0,20.0,0.5348837209302325,6.259164911083277,39,23,20,3,0.05175644145468863,0,0,1,0,0,0,0,0,0,-1,0,0,0,0,0
1d4d,A,388,ASN,-3.5,114.1,0.0,2,2,-,0.025477707006369428,-80.5,-179.3,13.0,23.0,0.3611111111111111,3.677761887742028,33,27,16,11,0.048958795970651406,0,0,0,0,0,0,0,0,0,-1,0,0,0,0,0
1d4d,A,389,ARG,-4.5,173.4,1.0,5,0,T,0.35080645161290325,-57.2,-19.2,7.0,23.0,0.23333333333333334,2.158743494414642,21,9,27,-18,0.043363505002576956,0,0,0,0,0,1,0,0,0,-1,0,0,0,0,0
1d4d,A,390,GLU,-3.5,138.4,-1.0,1,3,T,0.23711340206185566,-89.1,-23.2,6.0,20.0,0.23076923076923078,1.8056651106124437,24,24,14,10,0.034970568550465285,0,0,0,0,0,1,0,0,0,-1,0,0,0,0,0
1d4d,A,391,GLY,-0.4,60.1,0.0,0,0,S,0.0,110.8,9.9,16.0,17.0,0.48484848484848486,2.3659572995577474,30,28,18,10,0.045228601991935104,0,0,0,0,0,0,1,0,0,-1,0,0,0,0,0
1d4d,A,392,ASN,-3.5,114.1,0.0,2,2,-,0.40764331210191085,-121.4,163.9,7.0,25.0,0.21875,2.2683692214662057,30,28,16,12,0.04149840801321881,0,0,0,0,0,0,0,0,0,-1,0,0,0,0,0
1d4d,A,393,ARG,-4.5,173.4,1.0,5,0,-,0.024193548387096774,-73.5,163.1,18.0,17.0,0.5142857142857142,3.510493522540892,34,10,19,-9,0.045694876239274644,0,0,0,0,0,0,0,0,0,-1,0,0,0,0,0
1d4d,A,394,PHE,2.8,189.9,0.0,0,0,-,0.10152284263959391,-159.3,16.3,20.0,16.0,0.5555555555555556,2.8217376561497884,30,23,11,12,0.04149840801321881,0,0,0,0,0,0,0,0,0,-1,0,0,0,0,0
1d4d,A,395,MET,1.9,162.9,0.0,0,0,S,0.06382978723404255,-171.6,161.9,23.0,13.0,0.6388888888888888,2.5653613257476238,36,34,17,17,0.045228601991935104,0,0,0,0,0,0,1,0,0,-1,0,0,0,0,0
1d4d,A,396,ASN,-3.5,114.1,0.0,2,2,-,0.20382165605095542,-87.8,103.5,17.0,17.0,0.5,2.3566064085561895,26,39,27,12,0.04289723075523742,0,0,0,0,0,0,0,0,0,-1,0,0,0,0,0
1d4d,A,397,GLU,-3.5,138.4,-1.0,1,3,T,0.0,-53.2,-28.7,21.0,22.0,0.4883720930232558,5.739555789648693,41,35,20,15,0.04616115048661418,0,0,0,0,0,1,0,0,0,0,14934,15,0,2313,1
1d4d,A,398,ILE,4.5,166.7,0.0,0,0,T,0.08284023668639054,-97.4,28.3,20.0,19.0,0.5128205128205128,2.518999094645794,33,41,32,9,0.043363505002576956,0,0,0,0,0,1,0,0,0,0,14934,15,0,2313,1
1d4d,A,399,THR,-0.7,116.1,0.0,1,1,S,0.19718309859154928,-74.4,-179.3,13.0,20.0,0.3939393939393939,1.9303156545283102,27,35,26,9,0.03823448828184205,0,0,0,0,0,0,1,0,0,-1,0,0,0,0,0
1d4d,A,400,THR,-0.7,116.1,0.0,1,1,-,0.30985915492957744,-61.5,148.7,13.0,20.0,0.3939393939393939,2.14384910641435,30,34,16,18,0.03683566553982344,0,0,0,0,0,0,0,0,0,-1,0,0,0,0,0
1d4d,A,401,ARG,-4.5,173.4,1.0,5,0,H,0.05241935483870968,-58.8,-40.6,23.0,17.0,0.575,2.3609885765301026,40,49,19,30,0.045694876239274644,1,0,0,0,0,0,0,0,0,-1,0,0,0,0,0
1d4d,A,402,ASP,-3.5,111.1,-1.0,1,3,H,0.3067484662576687,-64.4,-46.0,11.0,23.0,0.3235294117647059,1.7648218136467049,25,33,2,31,0.03823448828184205,1,0,0,0,0,0,0,0,0,-1,0,0,0,0,0
1d4d,A,403,LYS,-3.9,168.6,1.0,2,0,H,0.6487804878048781,-66.8,-38.8,10.0,15.0,0.4,1.8885346763188622,20,14,12,2,0.030774100324409453,1,0,0,0,0,0,0,0,0,-1,0,0,0,0,0
1d4d,A,404,ALA,1.8,88.6,0.0,0,0,H,0.0,-65.6,-45.2,22.0,13.0,0.6285714285714286,2.7907645053154013,30,32,17,15,0.04755997322863279,1,0,0,0,0,0,0,0,0,-1,0,0,0,0,0
1d4d,A,405,SER,-0.8,89.0,0.0,1,1,H,0.06153846153846154,-57.7,-50.7,16.0,21.0,0.43243243243243246,2.457455977175921,35,28,14,14,0.04289723075523742,1,0,0,0,0,0,0,0,0,-1,0,0,0,0,0
1d4d,A,406,ALA,1.8,88.6,0.0,0,0,H,0.5283018867924528,-51.9,-51.5,6.0,21.0,0.2222222222222222,1.7677582389670288,23,16,14,2,0.028909003335051305,1,0,0,0,0,0,0,0,0,-1,0,0,0,0,0
1d4d,A,407,ALA,1.8,88.6,0.0,0,0,H,0.2358490566037736,-62.5,-34.5,16.0,14.0,0.5333333333333333,2.0205430556232438,27,15,11,4,0.03403802005578621,1,0,0,0,0,0,0,0,0,-1,0,0,0,0,0
1d4d,A,408,ILE,4.5,166.7,0.0,0,0,H,0.011834319526627219,-72.4,-35.5,21.0,15.0,0.5833333333333334,4.7063932790078695,36,21,13,8,0.048026247475972325,1,0,0,0,0,0,0,0,0,-1,0,0,0,0,0
1d4d,A,409,LEU,3.8,166.7,0.0,0,0,H,0.36585365853658536,-64.0,-39.6,14.0,15.0,0.4827586206896552,2.1721323627080107,28,14,11,3,0.03683566553982344,1,0,0,0,0,0,0,0,0,-1,0,0,0,0,0
1d4d,A,410,GLN,-3.5,143.8,0.0,2,2,T,0.42424242424242425,-76.4,22.9,6.0,14.0,0.3,1.7676724595827964,18,12,9,3,0.02797645484037223,0,0,0,0,0,1,0,0,0,-1,0,0,0,0,0
1d4d,A,411,GLN,-3.5,143.8,0.0,2,2,S,0.12626262626262627,-118.1,158.9,21.0,5.0,0.8076923076923077,1.9818264225985343,25,24,12,12,0.040099585271200194,0,0,0,0,0,0,1,0,0,-1,0,0,0,0,0
1d4d,A,412,LYS,-3.9,168.6,1.0,2,0,G,0.5658536585365853,-45.9,103.6,9.0,10.0,0.47368421052631576,1.9835886331743988,19,13,14,-1,0.030307826077069916,0,0,0,1,0,0,0,0,0,-1,0,0,0,0,0
1d4d,A,413,GLY,-0.4,60.1,0.0,0,0,G,0.5595238095238095,84.3,7.3,8.0,8.0,0.5,1.7653679692527984,17,20,15,5,0.022381163872297785,0,0,0,1,0,0,0,0,0,-1,0,0,0,0,0
1d4d,A,414,GLU,-3.5,138.4,-1.0,1,3,G,0.6237113402061856,72.3,9.1,5.0,19.0,0.20833333333333334,1.8031093799326554,18,14,3,11,0.03310547156110714,0,0,0,1,0,0,0,0,0,-1,0,0,0,0,0
1d4d,A,415,SER,-0.8,89.0,0.0,1,1,-,0.05384615384615385,-137.5,176.6,10.0,22.0,0.3125,2.9612706088232774,33,18,19,-1,0.04989134446533048,0,0,0,0,0,0,0,0,0,-1,0,0,0,0,0
1d4d,A,416,ALA,1.8,88.6,0.0,0,0,E,0.0,-151.6,179.7,22.0,19.0,0.5365853658536586,5.747931579115392,40,21,17,4,0.05595290968074446,0,0,1,0,0,0,0,0,0,-1,0,0,0,0,0
1d4d,A,417,TYR,-1.3,193.6,0.0,1,1,E,0.08108108108108109,-127.3,119.6,22.0,26.0,0.4583333333333333,3.612656704472201,37,18,23,-5,0.04755997322863279,0,0,1,0,0,0,0,0,0,-1,0,0,0,0,0
1d4d,A,418,LEU,3.8,166.7,0.0,0,0,E,0.0,-72.4,130.0,27.0,22.0,0.5510204081632653,6.259882182838403,42,16,18,-2,0.05129016720734909,0,0,1,0,0,0,0,0,0,-1,0,0,0,0,0
1d4d,A,419,VAL,4.2,140.0,0.0,0,0,E,0.0,-130.6,123.7,26.0,23.0,0.5306122448979592,7.463664825464461,41,17,16,1,0.048958795970651406,0,0,1,0,0,0,0,0,0,-1,0,0,0,0,0
1d4d,A,420,PHE,2.8,189.9,0.0,0,0,E,0.005076142131979695,-142.0,-179.1,21.0,24.0,0.4666666666666667,6.864742670161704,40,27,21,6,0.05129016720734909,0,0,1,0,0,0,0,0,0,-1,0,0,0,0,0
1d4d,A,421,ASP,-3.5,111.1,-1.0,1,3,-,0.006134969325153374,-106.3,-177.8,18.0,20.0,0.47368421052631576,3.8429963511467298,34,25,14,11,0.05595290968074446,0,0,0,0,0,0,0,0,0,22,45,1,0,0,1
1d4d,A,422,ASP,-3.5,111.1,-1.0,1,3,H,0.3067484662576687,-80.5,-23.6,9.0,22.0,0.2903225806451613,2.005555317396083,22,19,14,5,0.04476232774459557,1,0,0,0,0,0,0,0,0,22,45,1,0,0,1
1d4d,A,423,SER,-0.8,89.0,0.0,1,1,H,0.36923076923076925,-71.7,-39.2,11.0,14.0,0.44,1.876935965689259,24,24,22,2,0.03776821403450251,1,0,0,0,0,0,0,0,0,30,1,12,0,0,1
1d4d,A,424,ILE,4.5,166.7,0.0,0,0,H,0.0,-72.2,-42.4,23.0,12.0,0.6571428571428571,4.2601878046441275,30,32,22,10,0.04989134446533048,1,0,0,0,0,0,0,0,0,30,1,12,0,0,1
1d4d,A,425,ARG,-4.5,173.4,1.0,5,0,H,0.1935483870967742,-51.9,-64.8,15.0,21.0,0.4166666666666667,2.379069210786349,27,14,30,-16,0.04616115048661418,1,0,0,0,0,0,0,0,0,24,4,11,0,0,1
1d4d,A,426,LYS,-3.9,168.6,1.0,2,0,T,0.25853658536585367,-60.2,133.9,8.0,17.0,0.32,1.9518452076381467,20,23,23,0,0.030307826077069916,0,0,0,0,0,1,0,0,0,30,1,12,0,0,1
1d4d,A,427,SER,-0.8,89.0,0.0,1,1,T,0.4076923076923077,108.7,-31.9,15.0,12.0,0.5555555555555556,1.8374296961534533,26,29,18,11,0.030774100324409453,0,0,0,0,0,1,0,0,0,30,1,12,0,0,1
1d4d,A,428,LEU,3.8,166.7,0.0,0,0,-,0.018292682926829267,-137.8,92.1,24.0,14.0,0.631578947368421,2.7068333874358608,36,33,19,14,0.04196468226055834,0,0,0,0,0,0,0,0,0,30,1,12,0,0,1
1d4d,A,429,LYS,-3.9,168.6,1.0,2,0,T,0.22439024390243903,-54.6,-23.8,8.0,20.0,0.2857142857142857,1.7676522020720402,26,25,13,12,0.03310547156110714,0,0,0,0,0,1,0,0,0,3,136,18,0,24,1
1d4d,A,430,ALA,1.8,88.6,0.0,0,0,H,0.2358490566037736,-55.2,-34.1,18.0,15.0,0.5454545454545454,1.942376325819973,36,32,11,21,0.035436842797804825,1,0,0,0,0,0,0,0,0,3,136,18,0,24,1
1d4d,A,431,ILE,4.5,166.7,0.0,0,0,H,0.005917159763313609,-52.4,-32.9,24.0,16.0,0.6,4.150215786503055,32,31,16,15,0.04196468226055834,1,0,0,0,0,0,0,0,0,24,4,11,0,0,1
1d4d,A,432,GLU,-3.5,138.4,-1.0,1,3,H,0.31958762886597936,-58.7,-40.0,8.0,15.0,0.34782608695652173,2.0874694258694273,22,31,2,29,0.03357174580844668,1,0,0,0,0,0,0,0,0,24,4,11,0,0,1
1d4d,A,433,GLY,-0.4,60.1,0.0,0,0,H,0.36904761904761907,-56.7,-49.6,14.0,11.0,0.56,1.9345640809122822,25,28,9,19,0.03170664881908853,1,0,0,0,0,0,0,0,0,3,136,18,0,24,1
1d4d,A,434,TYR,-1.3,193.6,0.0,1,1,H,0.09009009009009009,-60.4,-40.7,22.0,8.0,0.7333333333333333,2.6511576941520407,32,25,10,15,0.04149840801321881,1,0,0,0,0,0,0,0,0,3,136,18,0,24,1
1d4d,A,435,VAL,4.2,140.0,0.0,0,0,H,0.29577464788732394,-61.0,-46.7,9.0,12.0,0.42857142857142855,2.1512906760853863,20,24,16,8,0.04149840801321881,1,0,0,0,0,0,0,0,0,24,4,11,0,0,1
1d4d,A,436,HIS,-3.2,153.2,0.1,2,1,H,0.7608695652173914,-57.5,-30.7,6.0,9.0,0.4,1.826935954771336,14,7,9,-2,0.029375277582390842,1,0,0,0,0,0,0,0,0,-1,0,0,0,0,0
1d4d,A,437,LEU,3.8,166.7,0.0,0,0,T,0.2865853658536585,-84.1,-1.1,16.0,7.0,0.6956521739130435,1.9777261421129786,24,21,5,16,0.03403802005578621,0,0,0,0,0,1,0,0,0,-1,0,0,0,0,0
1d4d,A,438,ASN,-3.5,114.1,0.0,2,2,T,1.0,69.4,26.7,7.0,14.0,0.3333333333333333,1.7510702739549349,17,15,3,12,0.024246260861655933,0,0,0,0,0,1,0,0,0,-1,0,0,0,0,0
1d4d,A,439,ILE,4.5,166.7,0.0,0,0,-,0.1242603550295858,-107.1,0.5,21.0,10.0,0.6774193548387096,2.232080241580386,29,15,9,6,0.03683566553982344,0,0,0,0,0,0,0,0,0,-1,0,0,0,0,0
1d4d,A,440,VAL,4.2,140.0,0.0,0,0,-,0.1619718309859155,-103.2,121.7,17.0,15.0,0.53125,2.0508138850301485,29,21,19,2,0.03916703677652112,0,0,0,0,0,0,0,0,0,-1,0,0,0,0,0
1d4d,A,441,LYS,-3.9,168.6,1.0,2,0,E,0.44390243902439025,-85.9,145.3,17.0,15.0,0.53125,2.255619585079806,24,5,22,-17,0.03776821403450251,0,0,1,0,0,0,0,0,0,-1,0,0,0,0,0
1d4d,A,442,GLU,-3.5,138.4,-1.0,1,3,E,0.5257731958762887,-125.5,132.1,8.0,21.0,0.27586206896551724,1.7375869700553803,24,21,12,9,0.03870076252918159,0,0,1,0,0,0,0,0,0,-1,0,0,0,0,0
1d4d,A,443,GLY,-0.4,60.1,0.0,0,0,E,0.03571428571428571,-130.0,137.0,18.0,7.0,0.72,2.10475031712231,25,17,29,-12,0.043829779249916496,0,0,1,0,0,0,0,0,0,-1,0,0,0,0,0
1d4d,A,444,LYS,-3.9,168.6,1.0,2,0,S,0.35609756097560974,-71.5,-25.2,0.0,20.0,0.0,1.8384055949984632,19,2,24,-22,0.029375277582390842,0,0,0,0,0,0,1,0,0,-1,0,0,0,0,0
1d4d,A,445,THR,-0.7,116.1,0.0,1,1,S,0.5211267605633803,-137.4,166.4,7.0,21.0,0.25,2.289266260219271,22,8,17,-9,0.029375277582390842,0,0,0,0,0,0,1,0,0,-1,0,0,0,0,0
1d4d,A,446,ILE,4.5,166.7,0.0,0,0,H,0.11242603550295859,-63.7,-38.5,17.0,20.0,0.4594594594594595,2.3253496473759063,37,12,21,-9,0.03683566553982344,1,0,0,0,0,0,0,0,0,-1,0,0,0,0,0
1d4d,A,447,GLU,-3.5,138.4,-1.0,1,3,H,0.29381443298969073,-57.7,-41.1,1.0,26.0,0.037037037037037035,1.8243613355639403,22,11,10,1,0.029375277582390842,1,0,0,0,0,0,0,0,0,-1,0,0,0,0,0
1d4d,A,448,GLU,-3.5,138.4,-1.0,1,3,H,0.1958762886597938,-66.7,-46.8,9.0,15.0,0.375,1.827548936443975,23,15,13,2,0.03124037457174899,1,0,0,0,0,0,0,0,0,-1,0,0,0,0,0
1d4d,A,449,LEU,3.8,166.7,0.0,0,0,H,0.0,-55.4,-44.4,23.0,10.0,0.696969696969697,4.465725720023388,32,19,25,-6,0.04709369898129325,1,0,0,0,0,0,0,0,0,-1,0,0,0,0,0
1d4d,A,450,ALA,1.8,88.6,0.0,0,0,H,0.018867924528301886,-51.4,-49.0,16.0,19.0,0.45714285714285713,2.422366702910336,31,15,29,-14,0.04149840801321881,1,0,0,0,0,0,0,0,0,-1,0,0,0,0,0
1d4d,A,451,LYS,-3.9,168.6,1.0,2,0,H,0.35121951219512193,-58.8,-36.5,5.0,17.0,0.22727272727272727,1.8206698335345823,19,8,22,-14,0.03170664881908853,1,0,0,0,0,0,0,0,0,-1,0,0,0,0,0
1d4d,A,452,GLN,-3.5,143.8,0.0,2,2,H,0.5252525252525253,-68.7,-43.2,17.0,7.0,0.7083333333333334,1.9285886036988973,21,15,23,-8,0.030774100324409453,1,0,0,0,0,0,0,0,0,-1,0,0,0,0,0
1d4d,A,453,ILE,4.5,166.7,0.0,0,0,H,0.023668639053254437,-77.3,-26.2,28.0,4.0,0.875,2.409168012116684,33,25,32,-7,0.03776821403450251,1,0,0,0,0,0,0,0,0,-1,0,0,0,0,0
1d4d,A,454,ASP,-3.5,111.1,-1.0,1,3,T,0.8159509202453987,71.2,42.4,2.0,22.0,0.08333333333333333,1.7828142041873871,20,21,10,11,0.027043906345693154,0,0,0,0,0,1,0,0,0,-1,0,0,0,0,0
1d4d,A,455,VAL,4.2,140.0,0.0,0,0,-,0.06338028169014084,-119.2,150.8,22.0,7.0,0.7586206896551724,2.403379506404053,26,15,28,-13,0.03963331102386066,0,0,0,0,0,0,0,0,0,-1,0,0,0,0,0
1d4d,A,456,PRO,-1.6,112.7,0.0,0,0,-,0.4632352941176471,-72.2,127.6,9.0,14.0,0.391304347826087,2.150000488889784,23,17,26,-9,0.03124037457174899,0,0,0,0,0,0,0,0,0,-1,0,0,0,0,0
1d4d,A,457,ALA,1.8,88.6,0.0,0,0,H,0.3867924528301887,-57.3,-52.3,8.0,17.0,0.32,1.8794447318569347,25,14,26,-12,0.032639197313767604,1,0,0,0,0,0,0,0,0,-1,0,0,0,0,0
1d4d,A,458,ALA,1.8,88.6,0.0,0,0,H,0.6792452830188679,-61.4,-53.6,0.0,21.0,0.0,1.9674747205412202,16,9,16,-7,0.025645083603674543,1,0,0,0,0,0,0,0,0,-1,0,0,0,0,0
1d4d,A,459,GLU,-3.5,138.4,-1.0,1,3,H,0.4845360824742268,-55.2,-45.2,10.0,13.0,0.43478260869565216,1.834713375576087,21,13,5,8,0.03450429430312575,1,0,0,0,0,0,0,0,0,-1,0,0,0,0,0
1d4d,A,460,LEU,3.8,166.7,0.0,0,0,H,0.0,-65.8,-41.7,24.0,11.0,0.6857142857142857,4.480072820706444,36,18,26,-8,0.048026247475972325,1,0,0,0,0,0,0,0,0,-1,0,0,0,0,0
1d4d,A,461,ALA,1.8,88.6,0.0,0,0,H,0.330188679245283,-61.3,-48.9,9.0,19.0,0.32142857142857145,2.1279172106225066,27,9,16,-7,0.03450429430312575,1,0,0,0,0,0,0,0,0,-1,0,0,0,0,0
1d4d,A,462,LYS,-3.9,168.6,1.0,2,0,H,0.6585365853658537,-57.2,-49.2,6.0,15.0,0.2857142857142857,1.8707189908213222,17,1,10,-9,0.03170664881908853,1,0,0,0,0,0,0,0,0,-1,0,0,0,0,0
1d4d,A,463,THR,-0.7,116.1,0.0,1,1,H,0.04225352112676056,-49.3,-60.0,18.0,13.0,0.5806451612903226,2.0863150681739535,30,20,12,8,0.043363505002576956,1,0,0,0,0,0,0,0,0,-1,0,0,0,0,0
1d4d,A,464,VAL,4.2,140.0,0.0,0,0,H,0.035211267605633804,-58.5,-44.9,20.0,16.0,0.5555555555555556,2.546152649000367,38,16,19,-3,0.04243095650789788,1,0,0,0,0,0,0,0,0,-1,0,0,0,0,0
1d4d,A,465,THR,-0.7,116.1,0.0,1,1,H,0.7112676056338029,-65.3,-39.4,6.0,15.0,0.2857142857142857,1.8129428223519997,22,9,11,-2,0.029375277582390842,1,0,0,0,0,0,0,0,0,-1,0,0,0,0,0
1d4d,A,466,ALA,1.8,88.6,0.0,0,0,H,0.4056603773584906,-62.1,-47.9,10.0,14.0,0.4166666666666667,1.9524106138669404,25,19,14,5,0.03357174580844668,1,0,0,0,0,0,0,0,0,10,137,4,0,7,1
1d4d,A,467,TYR,-1.3,193.6,0.0,1,1,H,0.0,-53.1,-39.9,27.0,13.0,0.675,5.060845280615892,40,32,27,5,0.04755997322863279,1,0,0,0,0,0,0,0,0,10,137,4,0,7,1
1d4d,A,468,ASN,-3.5,114.1,0.0,2,2,H,0.08917197452229299,-53.2,-45.0,11.0,16.0,0.4074074074074074,2.0791705201944306,28,15,12,3,0.04196468226055834,1,0,0,0,0,0,0,0,0,10,137,4,0,7,1
1d4d,A,469,GLY,-0.4,60.1,0.0,0,0,H,0.4880952380952381,-55.2,-59.0,7.0,13.0,0.35,1.7463788399861624,20,12,16,-4,0.03170664881908853,1,0,0,0,0,0,0,0,0,10,137,4,0,7,1
1d4d,A,470,PHE,2.8,189.9,0.0,0,0,H,0.20812182741116753,-46.8,-43.8,17.0,9.0,0.6538461538461539,2.359450446503693,25,27,19,8,0.04149840801321881,1,0,0,0,0,0,0,0,0,10,137,4,0,7,1
1d4d,A,471,VAL,4.2,140.0,0.0,0,0,-,0.13380281690140844,-54.2,360.0,13.0,13.0,0.5,2.628222819009806,25,24,22,2,0.04196468226055834,0,0,0,0,0,0,0,0,0,10,137,4,0,7,1
1d4d,A,473,SER,-0.8,89.0,0.0,1,1,-,0.8615384615384616,360.0,1.6,10.0,6.0,0.625,1.7395697064130076,14,8,11,-3,0.01958351838826056,0,0,0,0,0,0,0,0,0,10,137,4,0,7,1
1d4d,A,474,GLY,-0.4,60.1,0.0,0,0,-,0.7619047619047619,16.8,32.7,1.0,16.0,0.058823529411764705,1.7096109288726553,16,17,18,-1,0.02331371236697686,0,0,0,0,0,0,0,0,0,10,137,4,0,7,1
1d4d,A,475,LYS,-3.9,168.6,1.0,2,0,-,0.6536585365853659,-149.6,119.5,2.0,17.0,0.10526315789473684,1.9800159869409772,18,9,16,-7,0.03124037457174899,0,0,0,0,0,0,0,0,0,10,137,4,0,7,1
1d4d,A,476,ASP,-3.5,111.1,-1.0,1,3,-,0.03067484662576687,-93.5,79.7,15.0,10.0,0.6,2.5538872252698868,23,26,15,11,0.04196468226055834,0,0,0,0,0,0,0,0,0,10,137,4,0,7,1
1d4d,A,477,ALA,1.8,88.6,0.0,0,0,T,0.6509433962264151,-71.9,44.2,5.0,14.0,0.2631578947368421,1.9038623668897752,15,20,13,7,0.025178809356335007,0,0,0,0,0,1,0,0,0,10,137,4,0,7,1
1d4d,A,478,GLN,-3.5,143.8,0.0,2,2,T,0.32323232323232326,-139.0,-50.5,14.0,5.0,0.7368421052631579,1.7990885421355236,20,25,17,8,0.02797645484037223,0,0,0,0,0,1,0,0,0,-1,0,0,0,0,0
1d4d,A,479,PHE,2.8,189.9,0.0,0,0,T,0.38071065989847713,-142.5,6.0,16.0,7.0,0.6956521739130435,1.96632499636144,22,23,21,2,0.035436842797804825,0,0,0,0,0,1,0,0,0,-1,0,0,0,0,0
1d4d,A,480,GLU,-3.5,138.4,-1.0,1,3,-,0.3711340206185567,69.7,10.0,1.0,19.0,0.05,1.7675069567683146,19,24,20,4,0.032172923066428064,0,0,0,0,0,0,0,0,0,-1,0,0,0,0,0
1d4d,A,481,ARG,-4.5,173.4,1.0,5,0,-,0.020161290322580645,-47.1,121.4,22.0,8.0,0.7333333333333333,4.222945842420766,29,26,30,-4,0.04196468226055834,0,0,0,0,0,0,0,0,0,0,14934,15,0,2313,1
1d4d,A,482,PRO,-1.6,112.7,0.0,0,0,S,0.7132352941176471,-71.5,-27.2,7.0,19.0,0.2692307692307692,1.924319298539587,23,26,27,-1,0.027043906345693154,0,0,0,0,0,0,1,0,0,-1,0,0,0,0,0
1d4d,A,483,ASP,-3.5,111.1,-1.0,1,3,-,0.3067484662576687,-116.8,129.3,17.0,15.0,0.53125,2.0492836521703217,28,36,14,22,0.028909003335051305,0,0,0,0,0,0,0,0,0,-1,0,0,0,0,0
1d4d,A,484,LEU,3.8,166.7,0.0,0,0,-,0.16463414634146342,-129.0,84.2,17.0,12.0,0.5862068965517241,2.256847454113114,31,32,33,-1,0.03963331102386066,0,0,0,0,0,0,0,0,0,10,137,4,0,7,1
1d4d,A,485,PRO,-1.6,112.7,0.0,0,0,-,0.36764705882352944,-65.2,-44.9,15.0,15.0,0.5,2.064536233811191,25,31,16,15,0.030774100324409453,0,0,0,0,0,0,0,0,0,30,1,12,0,0,1
1d4d,A,486,ARG,-4.5,173.4,1.0,5,0,-,0.3467741935483871,-139.7,149.4,18.0,12.0,0.6,2.060349955292324,28,16,27,-11,0.03683566553982344,0,0,0,0,0,0,0,0,0,30,1,12,0,0,1
1d4d,A,487,GLU,-3.5,138.4,-1.0,1,3,-,0.4845360824742268,-75.0,-28.4,7.0,22.0,0.2413793103448276,1.9825665417001308,23,8,6,2,0.03916703677652112,0,0,0,0,0,0,0,0,0,-1,0,0,0,0,0
1d4d,A,488,LEU,3.8,166.7,0.0,0,0,-,0.024390243902439025,76.7,55.7,21.0,13.0,0.6176470588235294,3.3115417269195806,33,12,22,-10,0.048492521723311866,0,0,0,0,0,0,0,0,0,-1,0,0,0,0,0
1d4d,A,489,VAL,4.2,140.0,0.0,0,0,-,0.647887323943662,-143.6,1.4,8.0,19.0,0.2962962962962963,1.9489623970016794,20,7,22,-15,0.03124037457174899,0,0,0,0,0,0,0,0,0,22,45,1,0,0,1
1d4d,A,490,VAL,4.2,140.0,0.0,0,0,S,0.5070422535211268,-104.2,106.9,8.0,13.0,0.38095238095238093,2.347035622196953,21,15,23,-8,0.030307826077069916,0,0,0,0,0,0,1,0,0,22,45,1,0,0,1
1d4d,A,491,ALA,1.8,88.6,0.0,0,0,S,0.4716981132075472,-66.7,158.4,7.0,16.0,0.30434782608695654,1.8283268343272119,17,7,21,-14,0.03683566553982344,0,0,0,0,0,0,1,0,0,22,45,1,0,0,1
1d4d,A,492,PRO,-1.6,112.7,0.0,0,0,S,0.29411764705882354,-65.8,159.7,9.0,16.0,0.36,2.5148235387004143,23,19,27,-8,0.03916703677652112,0,0,0,0,0,0,1,0,0,22,45,1,0,0,1
1d4d,A,493,PHE,2.8,189.9,0.0,0,0,E,0.09644670050761421,-108.0,139.3,18.0,17.0,0.5142857142857142,3.5056046708825916,30,9,36,-27,0.05455408693872585,0,0,1,0,0,0,0,0,0,22,45,1,0,0,1
1d4d,A,494,TYR,-1.3,193.6,0.0,1,1,E,0.018018018018018018,-123.3,158.5,17.0,24.0,0.4146341463414634,3.882862218199142,32,25,28,-3,0.05035761871267001,0,0,1,0,0,0,0,0,0,24,4,11,0,0,1
1d4d,A,495,ALA,1.8,88.6,0.0,0,0,E,0.0,-151.1,154.5,21.0,25.0,0.45652173913043476,3.4490403415194444,39,9,24,-15,0.04755997322863279,0,0,1,0,0,0,0,0,0,-1,0,0,0,0,0
1d4d,A,496,LEU,3.8,166.7,0.0,0,0,E,0.012195121951219513,-152.4,130.4,21.0,25.0,0.45652173913043476,2.806194353977338,36,9,11,-2,0.04662742473395372,0,0,1,0,0,0,0,0,0,-1,0,0,0,0,0
1d4d,A,497,GLU,-3.5,138.4,-1.0,1,3,E,0.35051546391752575,-77.7,135.8,12.0,26.0,0.3157894736842105,1.8058688587117189,34,17,7,10,0.04149840801321881,0,0,1,0,0,0,0,0,0,-1,0,0,0,0,0
1d4d,A,498,ILE,4.5,166.7,0.0,0,0,E,0.0,-134.2,162.5,23.0,18.0,0.5609756097560976,4.550377944024754,40,16,13,3,0.05175644145468863,0,0,1,0,0,0,0,0,0,-1,0,0,0,0,0
1d4d,A,499,ALA,1.8,88.6,0.0,0,0,E,0.1509433962264151,-157.4,160.2,14.0,29.0,0.32558139534883723,2.3913751741984464,39,18,16,2,0.04662742473395372,0,0,1,0,0,0,0,0,0,-1,0,0,0,0,0
1d4d,A,500,PRO,-1.6,112.7,0.0,0,0,E,0.08823529411764706,-71.4,140.1,18.0,22.0,0.45,2.2352154180642043,39,28,14,14,0.048492521723311866,0,0,1,0,0,0,0,0,0,-1,0,0,0,0,0
1d4d,A,501,ALA,1.8,88.6,0.0,0,0,E,0.0,-139.4,141.8,15.0,26.0,0.36585365853658536,3.251213335370957,34,39,0,39,0.048958795970651406,0,0,1,0,0,0,0,0,0,-1,0,0,0,0,0
1d4d,A,502,VAL,4.2,140.0,0.0,0,0,E,0.014084507042253521,-52.0,127.8,25.0,18.0,0.5813953488372093,2.9670267211816745,35,44,6,38,0.050823892960009553,0,0,1,0,0,0,0,0,0,-1,0,0,0,0,0
1d4d,A,503,HIS,-3.2,153.2,0.1,2,1,E,0.14673913043478262,-124.7,-54.4,22.0,24.0,0.4782608695652174,2.3982312858375296,38,45,6,39,0.05035761871267001,0,0,1,0,0,0,0,0,0,-1,0,0,0,0,0
1d4d,A,504,HIS,-3.2,153.2,0.1,2,1,E,0.059782608695652176,-137.3,149.3,24.0,26.0,0.48,2.7325125615448504,42,44,13,31,0.04709369898129325,0,0,1,0,0,0,0,0,0,-1,0,0,0,0,0
1d4d,A,505,THR,-0.7,116.1,0.0,1,1,E,0.014084507042253521,-114.4,98.5,27.0,20.0,0.574468085106383,5.5615623487474455,43,46,15,31,0.04989134446533048,0,0,1,0,0,0,0,0,0,-1,0,0,0,0,0
1d4d,A,506,MET,1.9,162.9,0.0,0,0,-,0.02127659574468085,-57.0,-29.6,20.0,22.0,0.47619047619047616,4.8860266789406674,37,48,19,29,0.06061565215413983,0,0,0,0,0,0,0,0,0,-1,0,0,0,0,0
1d4d,A,507,GLY,-0.4,60.1,0.0,0,0,-,0.011904761904761904,-83.2,-177.6,16.0,24.0,0.4,5.9118501299502215,36,37,19,18,0.05688545817542354,0,0,0,0,0,0,0,0,0,-1,0,0,0,0,0
1d4d,A,508,GLY,-0.4,60.1,0.0,0,0,E,0.011904761904761904,145.4,-166.8,28.0,16.0,0.6363636363636364,4.655247599078001,39,16,15,1,0.04755997322863279,0,0,1,0,0,0,0,0,0,-1,0,0,0,0,0
1d4d,A,509,LEU,3.8,166.7,0.0,0,0,E,0.0,-51.7,150.6,33.0,14.0,0.7021276595744681,5.190537111332556,45,15,16,-1,0.048958795970651406,0,0,1,0,0,0,0,0,0,-1,0,0,0,0,0
1d4d,A,510,VAL,4.2,140.0,0.0,0,0,E,0.2746478873239437,-90.5,131.2,15.0,29.0,0.3409090909090909,2.5387945805969694,39,24,29,-5,0.043829779249916496,0,0,1,0,0,0,0,0,0,-1,0,0,0,0,0
1d4d,A,511,ILE,4.5,166.7,0.0,0,0,B,0.023668639053254437,-139.4,162.2,24.0,16.0,0.6,2.9815445719299456,35,23,29,-6,0.04662742473395372,0,1,0,0,0,0,0,0,0,-1,0,0,0,0,0
1d4d,A,512,ASP,-3.5,111.1,-1.0,1,3,-,0.1901840490797546,-95.6,-163.7,10.0,26.0,0.2777777777777778,2.1375758210995097,28,21,21,0,0.03730193978716297,0,0,0,0,0,0,0,0,0,-1,0,0,0,0,0
1d4d,A,513,THR,-0.7,116.1,0.0,1,1,T,0.3732394366197183,-70.1,-17.0,8.0,27.0,0.22857142857142856,1.8812853487318237,25,18,32,-14,0.03730193978716297,0,0,0,0,0,1,0,0,0,-1,0,0,0,0,0
1d4d,A,514,LYS,-3.9,168.6,1.0,2,0,T,0.43902439024390244,-96.0,-1.2,13.0,19.0,0.40625,2.3226961857125397,23,7,17,-10,0.03683566553982344,0,0,0,0,0,1,0,0,0,-1,0,0,0,0,0
1d4d,A,515,ALA,1.8,88.6,0.0,0,0,-,0.0,76.4,10.4,27.0,19.0,0.5869565217391305,5.368316314583897,38,20,19,1,0.05175644145468863,0,0,0,0,0,0,0,0,0,-1,0,0,0,0,0
1d4d,A,516,GLU,-3.5,138.4,-1.0,1,3,E,0.18556701030927836,-67.9,142.2,12.0,25.0,0.32432432432432434,2.9389232556849043,28,23,8,15,0.048958795970651406,0,0,1,0,0,0,0,0,0,-1,0,0,0,0,0
1d4d,A,517,VAL,4.2,140.0,0.0,0,0,E,0.0,-99.5,127.7,31.0,14.0,0.6888888888888889,4.952953011751484,39,20,19,1,0.05455408693872585,0,0,1,0,0,0,0,0,0,2,2708,7,0,244,1
1d4d,A,518,LYS,-3.9,168.6,1.0,2,0,E,0.2682926829268293,-88.9,137.6,11.0,22.0,0.3333333333333333,2.6144488613913492,29,11,24,-13,0.04755997322863279,0,0,1,0,0,0,0,0,0,-1,0,0,0,0,0
1d4d,A,519,SER,-0.8,89.0,0.0,1,1,B,0.12307692307692308,-70.1,145.9,12.0,17.0,0.41379310344827586,2.2525691306935967,23,19,12,7,0.03916703677652112,0,1,0,0,0,0,0,0,0,-1,0,0,0,0,0
1d4d,A,520,GLU,-3.5,138.4,-1.0,1,3,S,0.7371134020618557,-61.9,-53.7,9.0,12.0,0.42857142857142855,1.777089205988028,15,15,0,15,0.027510180593032695,0,0,0,0,0,0,1,0,0,-1,0,0,0,0,0
1d4d,A,521,LYS,-3.9,168.6,1.0,2,0,S,0.3853658536585366,-63.4,-90.6,5.0,10.0,0.3333333333333333,1.767644915915725,13,10,9,1,0.01818469564624195,0,0,0,0,0,0,1,0,0,-1,0,0,0,0,0
1d4d,A,522,THR,-0.7,116.1,0.0,1,1,S,0.4788732394366197,-63.4,111.4,6.0,8.0,0.42857142857142855,1.9931192245247356,15,19,9,10,0.02098234113027917,0,0,0,0,0,0,1,0,0,-1,0,0,0,0,0
1d4d,A,523,ALA,1.8,88.6,0.0,0,0,S,0.8207547169811321,-69.8,29.4,0.0,18.0,0.0,1.7675856232581524,13,19,9,10,0.024246260861655933,0,0,0,0,0,0,1,0,0,-1,0,0,0,0,0
1d4d,A,524,LYS,-3.9,168.6,1.0,2,0,S,0.22926829268292684,-116.6,170.5,2.0,17.0,0.10526315789473684,1.950562275849638,18,14,18,-4,0.024246260861655933,0,0,0,0,0,0,1,0,0,-1,0,0,0,0,0
1d4d,A,525,PRO,-1.6,112.7,0.0,0,0,E,0.3235294117647059,-62.2,136.3,11.0,18.0,0.3793103448275862,2.0654309824339427,25,20,18,2,0.03590311704514436,0,0,1,0,0,0,0,0,0,2,2708,7,0,244,1
1d4d,A,526,ILE,4.5,166.7,0.0,0,0,E,0.11834319526627218,-80.2,136.0,23.0,12.0,0.6571428571428571,2.064595308170521,36,21,16,5,0.04149840801321881,0,0,1,0,0,0,0,0,0,2,2708,7,0,244,1
1d4d,A,527,THR,-0.7,116.1,0.0,1,1,E,0.5211267605633803,-72.1,135.8,7.0,26.0,0.21212121212121213,1.8066488650063488,25,13,18,-5,0.03310547156110714,0,0,1,0,0,0,0,0,0,2,2708,7,0,244,1
1d4d,A,528,GLY,-0.4,60.1,0.0,0,0,E,0.047619047619047616,66.0,28.6,21.0,22.0,0.4883720930232558,2.3514777998365073,35,9,16,-7,0.045228601991935104,0,0,1,0,0,0,0,0,0,2,2708,7,0,244,1
1d4d,A,529,LEU,3.8,166.7,0.0,0,0,E,0.0,-110.7,111.5,25.0,28.0,0.4716981132075472,3.563241219810875,45,16,13,3,0.04989134446533048,0,0,1,0,0,0,0,0,0,2,2708,7,0,244,1
1d4d,A,530,TYR,-1.3,193.6,0.0,1,1,E,0.036036036036036036,-114.2,162.7,29.0,25.0,0.5370370370370371,3.998006415004219,43,17,20,-3,0.04989134446533048,0,0,1,0,0,0,0,0,0,-1,0,0,0,0,0
1d4d,A,531,ALA,1.8,88.6,0.0,0,0,E,0.0,-160.1,148.6,26.0,30.0,0.4642857142857143,6.296886503639456,50,11,23,-12,0.05035761871267001,0,0,1,0,0,0,0,0,0,-1,0,0,0,0,0
1d4d,A,532,ALA,1.8,88.6,0.0,0,0,-,0.0,-158.5,146.7,34.0,25.0,0.576271186440678,3.397169995729157,49,8,20,-12,0.05222271570202816,0,0,0,0,0,0,0,0,0,-1,0,0,0,0,0
1d4d,A,533,GLY,-0.4,60.1,0.0,0,0,S,0.011904761904761904,100.7,-149.9,30.0,24.0,0.5555555555555556,2.65969364179799,46,15,17,-2,0.04476232774459557,0,0,0,0,0,0,1,0,0,-1,0,0,0,0,0
1d4d,A,534,GLU,-3.5,138.4,-1.0,1,3,T,0.12886597938144329,-65.1,-18.1,24.0,29.0,0.4528301886792453,2.4699950192245335,39,34,7,27,0.04429605349725603,0,0,0,0,0,1,0,0,0,-1,0,0,0,0,0
1d4d,A,535,VAL,4.2,140.0,0.0,0,0,T,0.02112676056338028,-73.2,-15.7,30.0,25.0,0.5454545454545454,3.6860754642323452,45,8,17,-9,0.04476232774459557,0,0,0,0,0,1,0,0,0,-1,0,0,0,0,0
1d4d,A,536,THR,-0.7,116.1,0.0,1,1,E,0.02112676056338028,-92.5,158.5,28.0,23.0,0.5490196078431373,5.230473369261977,42,24,29,-5,0.04709369898129325,0,0,1,0,0,0,0,0,0,-1,0,0,0,0,0
1d4d,A,537,GLY,-0.4,60.1,0.0,0,0,E,0.011904761904761904,-117.2,162.6,19.0,27.0,0.41304347826086957,2.779207996833665,36,24,31,-7,0.053155264196707235,0,0,1,0,0,0,0,0,0,26,6,6,0,0,1
1d4d,A,538,GLY,-0.4,60.1,0.0,0,0,S,0.0,106.4,-56.6,21.0,23.0,0.4772727272727273,3.3065600450282835,40,29,32,-3,0.05129016720734909,0,0,0,0,0,0,1,0,0,26,6,6,0,0,1
1d4d,A,539,VAL,4.2,140.0,0.0,0,0,T,0.007042253521126761,-48.5,-53.2,25.0,26.0,0.49019607843137253,5.838853421679917,45,30,30,0,0.048958795970651406,0,0,0,0,0,1,0,0,0,-1,0,0,0,0,0
1d4d,A,540,HIS,-3.2,153.2,0.1,2,1,T,0.021739130434782608,-96.7,17.3,25.0,24.0,0.5102040816326531,5.949105313764594,43,27,30,-3,0.053621538444046775,0,0,0,0,0,1,0,0,0,-1,0,0,0,0,0
1d4d,A,541,GLY,-0.4,60.1,0.0,0,0,T,0.0,49.8,-136.3,18.0,20.0,0.47368421052631576,4.831432442475794,36,46,15,31,0.053621538444046775,0,0,0,0,0,1,0,0,0,26,6,6,0,0,1
1d4d,A,542,ALA,1.8,88.6,0.0,0,0,T,0.03773584905660377,-98.4,-2.9,0.0,0.0,0.0,2.3343682395442062,30,44,15,29,0.04476232774459557,0,0,0,0,0,1,0,0,0,-1,0,0,0,0,0
1d4d,A,543,ASN,-3.5,114.1,0.0,2,2,S,0.06369426751592357,-149.4,115.8,17.0,23.0,0.425,2.4145538526618897,34,61,10,51,0.04755997322863279,0,0,0,0,0,0,1,0,0,-1,0,0,0,0,0
1d4d,A,544,ARG,-4.5,173.4,1.0,5,0,P,0.06854838709677419,-83.9,134.3,24.0,22.0,0.5217391304347826,2.715778897842882,38,46,19,27,0.04942507021799094,0,0,0,0,0,0,0,0,0,-1,0,0,0,0,0
1d4d,A,545,LEU,3.8,166.7,0.0,0,0,P,0.04878048780487805,-70.2,145.5,30.0,17.0,0.6382978723404256,2.733995290894012,44,46,15,31,0.04942507021799094,0,0,0,0,0,0,0,0,0,17,24,5,0,1,1
1d4d,A,546,GLY,-0.4,60.1,0.0,0,0,T,0.03571428571428571,-57.7,123.7,24.0,22.0,0.5217391304347826,2.428484183336458,42,57,12,45,0.04196468226055834,0,0,0,0,0,1,0,0,0,-1,0,0,0,0,0
1d4d,A,547,GLY,-0.4,60.1,0.0,0,0,T,0.10714285714285714,91.1,9.1,27.0,17.0,0.6136363636363636,2.2020081182322566,39,54,11,43,0.045228601991935104,0,0,0,0,0,1,0,0,0,-1,0,0,0,0,0
1d4d,A,548,ASN,-3.5,114.1,0.0,2,2,H,0.0,-95.5,-23.1,23.0,22.0,0.5111111111111111,4.323643482105387,44,38,11,27,0.04476232774459557,1,0,0,0,0,0,0,0,0,-1,0,0,0,0,0
1d4d,A,549,ALA,1.8,88.6,0.0,0,0,H,0.08490566037735849,-55.5,-58.3,0.0,0.0,0.0,1.9570536297457752,38,29,17,12,0.04476232774459557,1,0,0,0,0,0,0,0,0,-1,0,0,0,0,0
1d4d,A,550,ILE,4.5,166.7,0.0,0,0,H,0.10059171597633136,-60.6,-37.6,26.0,26.0,0.5,2.881521652931228,45,22,12,10,0.04289723075523742,1,0,0,0,0,0,0,0,0,21,4,17,0,0,1
1d4d,A,551,SER,-0.8,89.0,0.0,1,1,H,0.0,-70.1,-41.1,30.0,23.0,0.5660377358490566,5.28351698146958,49,21,11,10,0.04989134446533048,1,0,0,0,0,0,0,0,0,-1,0,0,0,0,0
1d4d,A,552,ASP,-3.5,111.1,-1.0,1,3,H,0.0,-59.0,-54.6,23.0,27.0,0.46,4.7468660226169135,42,21,8,13,0.04942507021799094,1,0,0,0,0,0,0,0,0,-1,0,0,0,0,0
1d4d,A,553,ILE,4.5,166.7,0.0,0,0,H,0.09467455621301775,-59.8,-42.9,26.0,25.0,0.5098039215686274,3.284809089674825,48,16,16,0,0.045228601991935104,1,0,0,0,0,0,0,0,0,21,4,17,0,0,1
1d4d,A,554,VAL,4.2,140.0,0.0,0,0,H,0.0,-72.4,-51.9,22.0,26.0,0.4583333333333333,4.814510261804193,45,11,15,-4,0.04942507021799094,1,0,0,0,0,0,0,0,0,-1,0,0,0,0,0
1d4d,A,555,THR,-0.7,116.1,0.0,1,1,H,0.014084507042253521,-52.8,-55.3,23.0,25.0,0.4791666666666667,2.3548089742006257,45,14,15,-1,0.05129016720734909,1,0,0,0,0,0,0,0,0,-1,0,0,0,0,0
1d4d,A,556,TYR,-1.3,193.6,0.0,1,1,H,0.0,-69.4,-21.6,29.0,22.0,0.5686274509803921,4.764443191094036,45,19,21,-2,0.04755997322863279,1,0,0,0,0,0,0,0,0,-1,0,0,0,0,0
1d4d,A,557,GLY,-0.4,60.1,0.0,0,0,H,0.0,-72.6,-47.7,27.0,24.0,0.5294117647058824,4.771690176098775,45,14,8,6,0.05408781269138631,1,0,0,0,0,0,0,0,0,16,24,8,0,1,1
1d4d,A,558,ARG,-4.5,173.4,1.0,5,0,H,0.3629032258064516,-51.3,-59.7,16.0,31.0,0.3404255319148936,2.0827656432495,38,1,17,-16,0.048026247475972325,1,0,0,0,0,0,0,0,0,16,24,8,0,1,1
1d4d,A,559,ILE,4.5,166.7,0.0,0,0,H,0.1893491124260355,-56.2,-46.7,18.0,20.0,0.47368421052631576,2.121140744367377,36,20,15,5,0.040565859518539735,1,0,0,0,0,0,0,0,0,16,24,8,0,1,1
1d4d,A,560,ALA,1.8,88.6,0.0,0,0,H,0.0,-62.9,-32.1,32.0,16.0,0.6666666666666666,4.925388449156267,49,20,12,8,0.053155264196707235,1,0,0,0,0,0,0,0,0,16,24,8,0,1,1
1d4d,A,561,GLY,-0.4,60.1,0.0,0,0,H,0.0,-70.7,-51.7,26.0,27.0,0.49056603773584906,4.086866829814077,45,26,6,20,0.04942507021799094,1,0,0,0,0,0,0,0,0,16,24,8,0,1,1
1d4d,A,562,ALA,1.8,88.6,0.0,0,0,H,0.4528301886792453,-56.3,-51.2,7.0,31.0,0.18421052631578946,2.0099105483716144,34,32,5,27,0.03823448828184205,1,0,0,0,0,0,0,0,0,16,24,8,0,1,1
1d4d,A,563,SER,-0.8,89.0,0.0,1,1,H,0.14615384615384616,-52.8,-46.4,20.0,18.0,0.5263157894736842,1.8511316035103593,32,21,13,8,0.03916703677652112,1,0,0,0,0,0,0,0,0,16,24,8,0,1,1
1d4d,A,564,ALA,1.8,88.6,0.0,0,0,H,0.0,-63.6,-36.1,31.0,13.0,0.7045454545454546,4.126367441531085,40,22,18,4,0.05035761871267001,1,0,0,0,0,0,0,0,0,16,24,8,0,1,1
1d4d,A,565,ALA,1.8,88.6,0.0,0,0,H,0.08490566037735849,-69.6,-41.3,17.0,20.0,0.4594594594594595,2.171545377058267,33,21,17,4,0.043363505002576956,1,0,0,0,0,0,0,0,0,16,24,8,0,1,1
1d4d,A,566,LYS,-3.9,168.6,1.0,2,0,H,0.36585365853658536,-60.8,-40.0,6.0,19.0,0.24,1.767539697935972,22,7,9,-2,0.025645083603674543,1,0,0,0,0,0,0,0,0,16,24,8,0,1,1
1d4d,A,567,PHE,2.8,189.9,0.0,0,0,T,0.40609137055837563,-67.8,144.9,21.0,7.0,0.75,1.979980156818246,26,13,14,-1,0.030307826077069916,0,0,0,0,0,1,0,0,0,-1,0,0,0,0,0
1d4d,A,568,ALA,1.8,88.6,0.0,0,0,T,0.44339622641509435,85.1,-63.7,23.0,4.0,0.8518518518518519,1.767673063768844,21,14,13,1,0.02797645484037223,0,0,0,0,0,1,0,0,0,-1,0,0,0,0,0
1d4d,A,569,LYS,-3.9,168.6,1.0,2,0,-,0.5804878048780487,-50.9,360.0,9.0,9.0,0.5,1.767689779995259,15,6,12,-6,0.01818469564624195,0,0,0,0,0,0,0,0,0,-1,0,0,0,0,0
1jqx,A,1,MET,1.9,162.9,0.0,0,0,-,0.3617021276595745,360.0,-34.0,12.0,10.0,0.5454545454545454,2.0654335984398275,22,4,17,-13,0.02797645484037223,0,0,0,0,0,0,0,0,0,14,40,8,0,4,1
1jqx,A,2,LEU,3.8,166.7,0.0,0,0,-,0.018292682926829267,-93.5,7.5,24.0,14.0,0.631578947368421,2.3971353715041612,32,4,12,-8,0.040565859518539735,0,0,0,0,0,0,0,0,0,14,40,8,0,4,1
1jqx,A,3,ASN,-3.5,114.1,0.0,2,2,-,0.6496815286624203,-48.8,130.8,4.0,21.0,0.16,1.7699948048386382,21,9,8,1,0.03357174580844668,0,0,0,0,0,0,0,0,0,14,40,8,0,4,1
1jqx,A,4,THR,-0.7,116.1,0.0,1,1,E,0.09859154929577464,-131.0,142.6,19.0,9.0,0.6785714285714286,1.8108383912695634,29,13,5,8,0.04243095650789788,0,0,1,0,0,0,0,0,0,42,0,1,0,0,1
1jqx,A,5,THR,-0.7,116.1,0.0,1,1,E,0.5,-112.7,125.4,3.0,22.0,0.12,1.888634727069297,22,12,1,11,0.03590311704514436,0,0,1,0,0,0,0,0,0,42,0,1,0,0,1
1jqx,A,6,PHE,2.8,189.9,0.0,0,0,E,0.0,-149.4,136.1,24.0,10.0,0.7058823529411765,3.571358170300863,36,7,2,5,0.03963331102386066,0,0,1,0,0,0,0,0,0,-1,0,0,0,0,0
1jqx,A,7,ALA,1.8,88.6,0.0,0,0,T,0.1792452830188679,53.1,37.1,20.0,12.0,0.625,1.7676242873379941,29,8,3,5,0.034970568550465285,0,0,0,0,0,1,0,0,0,-1,0,0,0,0,0
1jqx,A,8,ASN,-3.5,114.1,0.0,2,2,T,1.0,59.4,23.4,5.0,13.0,0.2777777777777778,1.7221044448017448,14,9,2,7,0.02144861537761871,0,0,0,0,0,1,0,0,0,-1,0,0,0,0,0
1jqx,A,9,ALA,1.8,88.6,0.0,0,0,E,0.18867924528301888,-122.0,155.9,19.0,5.0,0.7916666666666666,2.0768235821649403,25,9,7,2,0.028909003335051305,0,0,1,0,0,0,0,0,0,42,0,1,0,0,1
1jqx,A,10,LYS,-3.9,168.6,1.0,2,0,E,0.697560975609756,-109.1,136.3,3.0,18.0,0.14285714285714285,1.9590400373739894,17,0,9,-9,0.035436842797804825,0,0,1,0,0,0,0,0,0,42,0,1,0,0,1
1jqx,A,11,PHE,2.8,189.9,0.0,0,0,E,0.01015228426395939,-128.4,146.7,20.0,8.0,0.7142857142857143,3.1762793218306986,31,9,9,0,0.04289723075523742,0,0,1,0,0,0,0,0,0,42,0,1,0,0,1
1jqx,A,12,ALA,1.8,88.6,0.0,0,0,S,0.5,-65.2,-32.8,10.0,17.0,0.37037037037037035,1.8506286540426422,25,7,11,-4,0.03450429430312575,0,0,0,0,0,0,1,0,0,14,40,8,0,4,1
1jqx,A,13,ASN,-3.5,114.1,0.0,2,2,S,0.06369426751592357,-156.9,164.9,17.0,19.0,0.4722222222222222,2.94458174427753,34,4,14,-10,0.04289723075523742,0,0,0,0,0,0,1,0,0,-1,0,0,0,0,0
1jqx,A,14,PRO,-1.6,112.7,0.0,0,0,S,0.0,-79.8,-8.7,23.0,19.0,0.5476190476190477,4.162738945276584,41,6,0,6,0.05175644145468863,0,0,0,0,0,0,1,0,0,-1,0,0,0,0,0
1jqx,A,15,PHE,2.8,189.9,0.0,0,0,E,0.0,-74.9,138.1,25.0,25.0,0.5,5.998100908353255,45,6,12,-6,0.05222271570202816,0,0,1,0,0,0,0,0,0,-1,0,0,0,0,0
1jqx,A,16,MET,1.9,162.9,0.0,0,0,E,0.0,-146.1,170.3,21.0,25.0,0.45652173913043476,6.122499554886871,39,0,3,-3,0.05222271570202816,0,0,1,0,0,0,0,0,0,-1,0,0,0,0,0
1jqx,A,17,ASN,-3.5,114.1,0.0,2,2,E,0.0,-84.3,161.0,25.0,23.0,0.5208333333333334,5.952975415813725,43,19,8,11,0.05222271570202816,0,0,1,0,0,0,0,0,0,-1,0,0,0,0,0
1jqx,A,18,ALA,1.8,88.6,0.0,0,0,P,0.04716981132075472,-91.9,143.4,22.0,24.0,0.4782608695652174,2.9500714427286066,39,27,5,22,0.045694876239274644,0,0,0,0,0,0,0,0,0,-1,0,0,0,0,0
1jqx,A,19,SER,-0.8,89.0,0.0,1,1,T,0.13846153846153847,-55.5,142.1,27.0,22.0,0.5510204081632653,2.016000477490921,41,21,9,12,0.043363505002576956,0,0,0,0,0,1,0,0,0,-1,0,0,0,0,0
1jqx,A,20,GLY,-0.4,60.1,0.0,0,0,T,0.35714285714285715,98.6,-21.1,20.0,23.0,0.46511627906976744,1.7721994539238546,37,27,5,22,0.035436842797804825,0,0,0,0,0,1,0,0,0,1,6034,11,0,763,1
1jqx,A,21,VAL,4.2,140.0,0.0,0,0,S,0.14084507042253522,-112.5,122.4,17.0,19.0,0.4722222222222222,2.4167421638823163,36,31,8,23,0.04289723075523742,0,0,0,0,0,0,1,0,0,1,6034,11,0,763,1
1jqx,A,22,HIS,-3.2,153.2,0.1,2,1,S,0.2391304347826087,56.1,41.1,22.0,15.0,0.5945945945945946,2.1010495130042326,35,17,34,-17,0.04289723075523742,0,0,0,0,0,0,1,0,0,1,6034,11,0,763,1
1jqx,A,23,CYS,2.5,108.5,0.0,1,0,-,0.014814814814814815,-151.0,31.8,24.0,15.0,0.6153846153846154,2.477763551534124,34,21,22,-1,0.05408781269138631,0,0,0,0,0,0,0,0,0,1,6034,11,0,763,1
1jqx,A,24,MET,1.9,162.9,0.0,0,0,S,0.2712765957446808,-81.0,-44.2,9.0,27.0,0.25,2.3331860130633335,28,23,13,10,0.043363505002576956,0,0,0,0,0,0,1,0,0,1,6034,11,0,763,1
1jqx,A,25,THR,-0.7,116.1,0.0,1,1,S,0.3028169014084507,-116.7,170.0,3.0,23.0,0.11538461538461539,2.5546234611588816,20,17,32,-15,0.03776821403450251,0,0,0,0,0,0,1,0,0,32,24,1,0,0,1
1jqx,A,26,ILE,4.5,166.7,0.0,0,0,H,0.33136094674556216,-58.4,-40.7,7.0,17.0,0.2916666666666667,2.2595042286012674,21,9,41,-32,0.03683566553982344,1,0,0,0,0,0,0,0,0,-1,0,0,0,0,0
1jqx,A,27,GLU,-3.5,138.4,-1.0,1,3,H,0.6804123711340206,-60.3,-43.7,0.0,15.0,0.0,1.7795046000495087,14,10,26,-16,0.032639197313767604,1,0,0,0,0,0,0,0,0,32,24,1,0,0,1
1jqx,A,28,ASP,-3.5,111.1,-1.0,1,3,H,0.2331288343558282,-61.4,-48.0,15.0,11.0,0.5769230769230769,2.612211439090777,25,17,27,-10,0.04243095650789788,1,0,0,0,0,0,0,0,0,32,24,1,0,0,1
1jqx,A,29,LEU,3.8,166.7,0.0,0,0,H,0.0,-61.1,-38.8,16.0,16.0,0.5,5.360215015854963,30,24,33,-9,0.053155264196707235,1,0,0,0,0,0,0,0,0,-1,0,0,0,0,0
1jqx,A,30,GLU,-3.5,138.4,-1.0,1,3,H,0.5721649484536082,-68.9,-28.6,5.0,21.0,0.19230769230769232,1.6097957207824012,20,12,29,-17,0.04149840801321881,1,0,0,0,0,0,0,0,0,-1,0,0,0,0,0
1jqx,A,31,GLU,-3.5,138.4,-1.0,1,3,H,0.42783505154639173,-71.1,-35.1,12.0,11.0,0.5217391304347826,1.7761773234627316,22,17,26,-9,0.03683566553982344,1,0,0,0,0,0,0,0,0,32,24,1,0,0,1
1jqx,A,32,LEU,3.8,166.7,0.0,0,0,H,0.0,-70.6,-36.1,23.0,13.0,0.6388888888888888,3.7086069798341077,36,18,28,-10,0.05175644145468863,1,0,0,0,0,0,0,0,0,23,20,6,0,1,1
1jqx,A,33,LYS,-3.9,168.6,1.0,2,0,H,0.2097560975609756,-63.4,-40.8,14.0,19.0,0.42424242424242425,1.9980081663355032,24,0,28,-28,0.03776821403450251,1,0,0,0,0,0,0,0,0,23,20,6,0,1,1
1jqx,A,34,ALA,1.8,88.6,0.0,0,0,H,0.7924528301886793,-74.2,-19.9,7.0,13.0,0.35,1.7846357254165865,20,11,22,-11,0.02331371236697686,1,0,0,0,0,0,0,0,0,23,20,6,0,1,1
1jqx,A,35,SER,-0.8,89.0,0.0,1,1,S,0.16153846153846155,-75.2,-178.9,23.0,5.0,0.8214285714285714,2.0669384808374804,27,14,22,-8,0.03357174580844668,0,0,0,0,0,0,1,0,0,23,20,6,0,1,1
1jqx,A,36,GLN,-3.5,143.8,0.0,2,2,S,0.5454545454545454,-86.5,5.1,10.0,20.0,0.3333333333333333,1.757025945386963,24,13,11,2,0.03683566553982344,0,0,0,0,0,0,1,0,0,23,20,6,0,1,1
1jqx,A,37,ALA,1.8,88.6,0.0,0,0,-,0.16037735849056603,-56.5,136.1,23.0,17.0,0.575,2.1891414379688734,36,7,16,-9,0.04942507021799094,0,0,0,0,0,0,0,0,0,23,20,6,0,1,1
1jqx,A,38,GLY,-0.4,60.1,0.0,0,0,S,0.08333333333333333,-66.1,-31.4,20.0,19.0,0.5128205128205128,1.8527668655611746,33,10,9,1,0.04662742473395372,0,0,0,0,0,0,1,0,0,-1,0,0,0,0,0
1jqx,A,39,ALA,1.8,88.6,0.0,0,0,-,0.02830188679245283,-159.7,168.6,23.0,21.0,0.5227272727272727,2.4570782926993964,37,8,6,2,0.05408781269138631,0,0,0,0,0,0,0,0,0,-1,0,0,0,0,0
1jqx,A,40,TYR,-1.3,193.6,0.0,1,1,-,0.02702702702702703,-144.7,161.1,22.0,26.0,0.4583333333333333,3.385324937709106,43,14,18,-4,0.0526889899493677,0,0,0,0,0,0,0,0,0,-1,0,0,0,0,0
1jqx,A,41,ILE,4.5,166.7,0.0,0,0,B,0.0,-131.8,148.8,25.0,23.0,0.5208333333333334,6.352516647614679,43,17,9,8,0.05408781269138631,0,1,0,0,0,0,0,0,0,-1,0,0,0,0,0
1jqx,A,42,THR,-0.7,116.1,0.0,1,1,P,0.0,-80.9,161.9,27.0,20.0,0.574468085106383,5.945489249922915,44,13,13,0,0.05455408693872585,0,0,0,0,0,0,0,0,0,-1,0,0,0,0,0
1jqx,A,43,LYS,-3.9,168.6,1.0,2,0,P,0.07804878048780488,-63.5,142.4,23.0,20.0,0.5348837209302325,3.109280292697501,37,10,5,5,0.04989134446533048,0,0,0,0,0,0,0,0,0,-1,0,0,0,0,0
1jqx,A,44,SER,-0.8,89.0,0.0,1,1,P,0.03076923076923077,-57.3,128.9,21.0,26.0,0.44680851063829785,2.6449986254797806,42,18,11,7,0.050823892960009553,0,0,0,0,0,0,0,0,0,-1,0,0,0,0,0
1jqx,A,45,SER,-0.8,89.0,0.0,1,1,B,0.0,-111.7,161.3,20.0,22.0,0.47619047619047616,5.708083552215027,38,22,22,0,0.056419183928083996,0,1,0,0,0,0,0,0,0,-1,0,0,0,0,0
1jqx,A,46,THR,-0.7,116.1,0.0,1,1,-,0.028169014084507043,-117.6,166.5,12.0,26.0,0.3157894736842105,2.7247217231984324,30,27,25,2,0.053155264196707235,0,0,0,0,0,0,0,0,0,-1,0,0,0,0,0
1jqx,A,47,LEU,3.8,166.7,0.0,0,0,S,0.2926829268292683,-51.2,-47.8,13.0,20.0,0.3939393939393939,2.0711757621819977,27,17,25,-8,0.03963331102386066,0,0,0,0,0,0,1,0,0,-1,0,0,0,0,0
1jqx,A,48,GLU,-3.5,138.4,-1.0,1,3,S,0.7010309278350515,-113.0,164.4,1.0,23.0,0.041666666666666664,1.7359458154376406,18,20,15,5,0.032172923066428064,0,0,0,0,0,0,1,0,0,-1,0,0,0,0,0
1jqx,A,49,LYS,-3.9,168.6,1.0,2,0,-,0.7560975609756098,-61.3,143.2,4.0,16.0,0.2,1.9304072848952138,17,10,20,-10,0.03357174580844668,0,0,0,0,0,0,0,0,0,-1,0,0,0,0,0
1jqx,A,50,ARG,-4.5,173.4,1.0,5,0,B,0.2903225806451613,-131.5,130.3,19.0,5.0,0.7916666666666666,1.9433912669975668,28,13,18,-5,0.034970568550465285,0,1,0,0,0,0,0,0,0,-1,0,0,0,0,0
1jqx,A,51,GLU,-3.5,138.4,-1.0,1,3,-,0.9536082474226805,-62.5,-54.5,3.0,15.0,0.16666666666666666,1.7332070632617511,14,20,2,18,0.027043906345693154,0,0,0,0,0,0,0,0,0,-1,0,0,0,0,0
1jqx,A,52,GLY,-0.4,60.1,0.0,0,0,-,0.2261904761904762,115.4,-178.3,18.0,7.0,0.72,1.709700046104801,21,18,9,9,0.03450429430312575,0,0,0,0,0,0,0,0,0,-1,0,0,0,0,0
1jqx,A,53,ASN,-3.5,114.1,0.0,2,2,P,0.17197452229299362,-76.5,163.9,19.0,6.0,0.76,1.8428671478720697,25,27,9,18,0.03870076252918159,0,0,0,0,0,0,0,0,0,-1,0,0,0,0,0
1jqx,A,54,PRO,-1.6,112.7,0.0,0,0,P,0.5808823529411765,-63.4,148.9,8.0,14.0,0.36363636363636365,2.2025334738212954,20,16,9,7,0.02844272908771177,0,0,0,0,0,0,0,0,0,-1,0,0,0,0,0
1jqx,A,55,LEU,3.8,166.7,0.0,0,0,S,0.75,-91.8,155.7,2.0,18.0,0.1,1.8581055312660468,17,9,5,4,0.02797645484037223,0,0,0,0,0,0,1,0,0,-1,0,0,0,0,0
1jqx,A,56,PRO,-1.6,112.7,0.0,0,0,P,0.40441176470588236,-71.9,138.8,10.0,14.0,0.4166666666666667,2.27265662538128,20,10,1,9,0.03124037457174899,0,0,0,0,0,0,0,0,0,5,800,9,0,93,1
1jqx,A,57,ALA,1.8,88.6,0.0,0,0,-,0.009433962264150943,-120.5,-8.9,12.0,17.0,0.41379310344827586,2.3652099750203925,28,14,1,13,0.043829779249916496,0,0,0,0,0,0,0,0,0,33,1,15,0,0,1
1jqx,A,58,TYR,-1.3,193.6,0.0,1,1,E,0.19369369369369369,-138.2,135.1,11.0,23.0,0.3235294117647059,2.0642904963531645,25,17,8,9,0.03963331102386066,0,0,1,0,0,0,0,0,0,33,1,15,0,0,1
1jqx,A,59,VAL,4.2,140.0,0.0,0,0,E,0.2535211267605634,-138.5,132.2,17.0,15.0,0.53125,2.4188279046022636,28,11,10,1,0.03823448828184205,0,0,1,0,0,0,0,0,0,5,800,9,0,93,1
1jqx,A,60,ASP,-3.5,111.1,-1.0,1,3,E,0.5276073619631901,-77.9,133.5,6.0,19.0,0.24,1.806817151518399,21,19,7,12,0.03310547156110714,0,0,1,0,0,0,0,0,0,5,800,9,0,93,1
1jqx,A,61,LEU,3.8,166.7,0.0,0,0,E,0.06097560975609756,-120.9,157.2,19.0,6.0,0.76,2.157403225697897,23,5,17,-12,0.034970568550465285,0,0,1,0,0,0,0,0,0,16,14,19,0,2,1
1jqx,A,62,GLU,-3.5,138.4,-1.0,1,3,T,0.9639175257731959,-55.0,-42.0,4.0,15.0,0.21052631578947367,1.7540434748290512,12,3,7,-4,0.021914889624958248,0,0,0,0,0,1,0,0,0,16,14,19,0,2,1
1jqx,A,63,LEU,3.8,166.7,0.0,0,0,T,0.1951219512195122,-101.0,13.7,14.0,14.0,0.5,1.9155415094436978,20,8,22,-14,0.032172923066428064,0,0,0,0,0,1,0,0,0,16,14,19,0,2,1
1jqx,A,64,GLY,-0.4,60.1,0.0,0,0,E,0.03571428571428571,155.3,-127.1,24.0,12.0,0.6666666666666666,2.3518630253767205,26,11,22,-11,0.043829779249916496,0,0,1,0,0,0,0,0,0,16,14,19,0,2,1
1jqx,A,65,SER,-0.8,89.0,0.0,1,1,E,0.03076923076923077,-158.3,162.4,18.0,20.0,0.47368421052631576,3.0157885903281376,36,16,13,3,0.048958795970651406,0,0,1,0,0,0,0,0,0,-1,0,0,0,0,0
1jqx,A,66,ILE,4.5,166.7,0.0,0,0,E,0.0,-136.0,138.3,21.0,23.0,0.4772727272727273,4.644657123952912,40,3,8,-5,0.0526889899493677,0,0,1,0,0,0,0,0,0,33,1,15,0,0,1
1jqx,A,67,ASN,-3.5,114.1,0.0,2,2,E,0.16560509554140126,-155.7,152.1,18.0,31.0,0.3673469387755102,2.7238322385654983,44,12,2,10,0.043829779249916496,0,0,1,0,0,0,0,0,0,33,1,15,0,0,1
1jqx,A,68,SER,-0.8,89.0,0.0,1,1,-,0.0,-144.3,61.8,21.0,18.0,0.5384615384615384,3.8342212523924655,36,17,3,14,0.05129016720734909,0,0,0,0,0,0,0,0,0,33,1,15,0,0,1
1jqx,A,69,MET,1.9,162.9,0.0,0,0,-,0.30319148936170215,-57.4,-40.7,13.0,25.0,0.34210526315789475,2.0362946736539533,36,15,3,12,0.040565859518539735,0,0,0,0,0,0,0,0,0,33,1,15,0,0,1
1jqx,A,70,GLY,-0.4,60.1,0.0,0,0,-,0.011904761904761904,85.2,29.3,17.0,19.0,0.4722222222222222,2.3875057847809034,28,21,6,15,0.04429605349725603,0,0,0,0,0,0,0,0,0,-1,0,0,0,0,0
1jqx,A,71,LEU,3.8,166.7,0.0,0,0,-,0.042682926829268296,55.3,49.0,21.0,17.0,0.5526315789473685,2.720783081824301,38,28,10,18,0.04709369898129325,0,0,0,0,0,0,0,0,0,-1,0,0,0,0,0
1jqx,A,72,PRO,-1.6,112.7,0.0,0,0,-,0.16176470588235295,-72.3,133.8,13.0,19.0,0.40625,2.431916695972245,32,28,11,17,0.03776821403450251,0,0,0,0,0,0,0,0,0,-1,0,0,0,0,0
1jqx,A,73,ASN,-3.5,114.1,0.0,2,2,B,0.01910828025477707,-162.9,158.8,22.0,12.0,0.6470588235294118,2.920986886493842,32,29,14,15,0.05035761871267001,0,1,0,0,0,0,0,0,0,-1,0,0,0,0,0
1jqx,A,74,LEU,3.8,166.7,0.0,0,0,-,0.3231707317073171,-85.4,8.5,12.0,16.0,0.42857142857142855,2.0464489685197207,26,23,15,8,0.043363505002576956,0,0,0,0,0,0,0,0,0,-1,0,0,0,0,0
1jqx,A,75,GLY,-0.4,60.1,0.0,0,0,-,0.047619047619047616,92.3,150.4,7.0,23.0,0.23333333333333334,2.216139508335514,30,24,23,1,0.048958795970651406,0,0,0,0,0,0,0,0,0,-1,0,0,0,0,0
1jqx,A,76,PHE,2.8,189.9,0.0,0,0,H,0.005076142131979695,-50.4,-51.9,14.0,20.0,0.4117647058823529,2.744752243047166,36,17,26,-9,0.050823892960009553,1,0,0,0,0,0,0,0,0,-1,0,0,0,0,0
1jqx,A,77,ASP,-3.5,111.1,-1.0,1,3,H,0.6319018404907976,-55.6,-39.1,2.0,21.0,0.08695652173913043,1.672046177345912,20,11,17,-6,0.03403802005578621,1,0,0,0,0,0,0,0,0,-1,0,0,0,0,0
1jqx,A,78,TYR,-1.3,193.6,0.0,1,1,H,0.3063063063063063,-61.2,-51.3,15.0,10.0,0.6,2.088868717769825,25,14,18,-4,0.03683566553982344,1,0,0,0,0,0,0,0,0,-1,0,0,0,0,0
1jqx,A,79,TYR,-1.3,193.6,0.0,1,1,H,0.0,-68.8,-38.8,26.0,12.0,0.6842105263157895,4.794511523976891,35,12,17,-5,0.05035761871267001,1,0,0,0,0,0,0,0,0,39,0,7,0,0,1
1jqx,A,80,LEU,3.8,166.7,0.0,0,0,H,0.13414634146341464,-61.8,-41.7,15.0,24.0,0.38461538461538464,2.4844764922823916,30,18,22,-4,0.045228601991935104,1,0,0,0,0,0,0,0,0,39,0,7,0,0,1
1jqx,A,81,ASP,-3.5,111.1,-1.0,1,3,H,0.4171779141104294,-63.2,-41.4,7.0,16.0,0.30434782608695654,1.8177774582472082,17,9,8,1,0.034970568550465285,1,0,0,0,0,0,0,0,0,39,0,7,0,0,1
1jqx,A,82,TYR,-1.3,193.6,0.0,1,1,H,0.04054054054054054,-61.8,-49.2,18.0,12.0,0.6,2.479156999126578,32,18,35,-17,0.043829779249916496,1,0,0,0,0,0,0,0,0,39,0,7,0,0,1
1jqx,A,83,VAL,4.2,140.0,0.0,0,0,H,0.007042253521126761,-64.1,-36.3,20.0,17.0,0.5405405405405406,2.546321103900292,33,14,18,-4,0.04942507021799094,1,0,0,0,0,0,0,0,0,39,0,7,0,0,1
1jqx,A,84,LEU,3.8,166.7,0.0,0,0,H,0.32926829268292684,-66.6,-47.2,9.0,15.0,0.375,2.0973544411536436,23,20,22,-2,0.04243095650789788,1,0,0,0,0,0,0,0,0,39,0,7,0,0,1
1jqx,A,85,LYS,-3.9,168.6,1.0,2,0,H,0.5951219512195122,-65.1,-38.1,6.0,14.0,0.3,1.929384526557848,17,10,19,-9,0.03730193978716297,1,0,0,0,0,0,0,0,0,39,0,7,0,0,1
1jqx,A,86,ASN,-3.5,114.1,0.0,2,2,H,0.05732484076433121,-79.8,-5.7,16.0,10.0,0.6153846153846154,1.7896512867693755,24,25,25,0,0.04196468226055834,1,0,0,0,0,0,0,0,0,-1,0,0,0,0,0
1jqx,A,87,GLN,-3.5,143.8,0.0,2,2,H,0.30303030303030304,-81.7,-46.0,15.0,8.0,0.6521739130434783,1.8815264761086357,25,17,20,-3,0.03963331102386066,1,0,0,0,0,0,0,0,0,-1,0,0,0,0,0
1jqx,A,88,LYS,-3.9,168.6,1.0,2,0,H,0.926829268292683,-63.0,-27.8,5.0,12.0,0.29411764705882354,1.8909135525302152,13,9,14,-5,0.025645083603674543,1,0,0,0,0,0,0,0,0,-1,0,0,0,0,0
1jqx,A,89,GLU,-3.5,138.4,-1.0,1,3,T,0.6185567010309279,-74.7,-19.1,8.0,4.0,0.6666666666666666,1.7885332686644633,15,20,2,18,0.025645083603674543,0,0,0,0,0,1,0,0,0,-1,0,0,0,0,0
1jqx,A,90,ASN,-3.5,114.1,0.0,2,2,T,0.9554140127388535,48.4,50.0,0.0,14.0,0.0,1.7709226723362614,13,12,15,-3,0.023779986614316396,0,0,0,0,0,1,0,0,0,8,297,5,0,18,1
1jqx,A,91,ALA,1.8,88.6,0.0,0,0,-,0.5188679245283019,-112.1,20.0,8.0,7.0,0.5333333333333333,1.8422191652153868,15,16,15,1,0.02331371236697686,0,0,0,0,0,0,0,0,0,8,297,5,0,18,1
1jqx,A,92,GLN,-3.5,143.8,0.0,2,2,S,0.26262626262626265,-154.9,155.0,19.0,6.0,0.76,1.8797290279245193,26,15,17,-2,0.027043906345693154,0,0,0,0,0,0,1,0,0,8,297,5,0,18,1
1jqx,A,93,GLU,-3.5,138.4,-1.0,1,3,S,0.6288659793814433,-90.0,112.4,11.0,14.0,0.44,1.7662090661133636,21,11,0,11,0.02471253510899547,0,0,0,0,0,0,1,0,0,8,297,5,0,18,1
1jqx,A,94,GLY,-0.4,60.1,0.0,0,0,S,0.21428571428571427,100.1,142.6,19.0,13.0,0.59375,1.7096214998229429,28,11,9,2,0.032639197313767604,0,0,0,0,0,0,1,0,0,8,297,5,0,18,1
1jqx,A,95,PRO,-1.6,112.7,0.0,0,0,-,0.23529411764705882,-70.8,156.8,14.0,21.0,0.4,2.1457229600253585,30,5,8,-3,0.04149840801321881,0,0,0,0,0,0,0,0,0,-1,0,0,0,0,0
1jqx,A,96,ILE,4.5,166.7,0.0,0,0,-,0.05325443786982249,-84.0,152.2,23.0,21.0,0.5227272727272727,2.303529423311842,34,11,5,6,0.04942507021799094,0,0,0,0,0,0,0,0,0,-1,0,0,0,0,0
1jqx,A,97,PHE,2.8,189.9,0.0,0,0,E,0.0,-105.0,141.2,24.0,21.0,0.5333333333333333,5.52973782927099,41,1,9,-8,0.05035761871267001,0,0,1,0,0,0,0,0,0,-1,0,0,0,0,0
1jqx,A,98,PHE,2.8,189.9,0.0,0,0,E,0.0,-121.5,113.5,23.0,24.0,0.48936170212765956,6.563460577749368,46,7,16,-9,0.05175644145468863,0,0,1,0,0,0,0,0,0,-1,0,0,0,0,0
1jqx,A,99,SER,-0.8,89.0,0.0,1,1,E,0.0,-96.2,138.4,22.0,24.0,0.4782608695652174,5.220239062520054,44,16,9,7,0.04989134446533048,0,0,1,0,0,0,0,0,0,-1,0,0,0,0,0
1jqx,A,100,ILE,4.5,166.7,0.0,0,0,E,0.0,-130.2,141.9,24.0,23.0,0.5106382978723404,5.332190995702701,46,13,17,-4,0.05175644145468863,0,0,1,0,0,0,0,0,0,2,4529,8,0,363,1
1jqx,A,101,ALA,1.8,88.6,0.0,0,0,-,0.02830188679245283,-140.7,71.1,24.0,22.0,0.5217391304347826,2.342154583175122,40,22,18,4,0.048492521723311866,0,0,0,0,0,0,0,0,0,2,4529,8,0,363,1
1jqx,A,102,GLY,-0.4,60.1,0.0,0,0,-,0.023809523809523808,-54.7,154.9,12.0,23.0,0.34285714285714286,2.2452502282055713,33,12,12,0,0.04289723075523742,0,0,0,0,0,0,0,0,0,2,4529,8,0,363,1
1jqx,A,103,MET,1.9,162.9,0.0,0,0,S,0.26063829787234044,-100.0,14.5,11.0,21.0,0.34375,2.04090170333621,26,16,11,5,0.030774100324409453,0,0,0,0,0,0,1,0,0,-1,0,0,0,0,0
1jqx,A,104,SER,-0.8,89.0,0.0,1,1,S,0.45384615384615384,-164.0,161.2,4.0,20.0,0.16666666666666666,1.8976200797093943,20,6,10,-4,0.025178809356335007,0,0,0,0,0,0,1,0,0,2,4529,8,0,363,1
1jqx,A,105,ALA,1.8,88.6,0.0,0,0,H,0.5283018867924528,-60.2,-45.5,10.0,18.0,0.35714285714285715,2.0194041320090603,25,11,17,-6,0.030307826077069916,1,0,0,0,0,0,0,0,0,2,4529,8,0,363,1
1jqx,A,106,ALA,1.8,88.6,0.0,0,0,H,0.6886792452830188,-58.6,-36.0,0.0,17.0,0.0,1.7675778799620812,19,5,14,-9,0.025178809356335007,1,0,0,0,0,0,0,0,0,2,4529,8,0,363,1
1jqx,A,107,GLU,-3.5,138.4,-1.0,1,3,H,0.14432989690721648,-68.0,-41.6,12.0,11.0,0.5217391304347826,2.0710202067339347,24,8,8,0,0.035436842797804825,1,0,0,0,0,0,0,0,0,2,4529,8,0,363,1
1jqx,A,108,ASN,-3.5,114.1,0.0,2,2,H,0.050955414012738856,-66.5,-40.6,18.0,14.0,0.5625,3.6022386417860544,34,8,17,-9,0.043829779249916496,1,0,0,0,0,0,0,0,0,2,4529,8,0,363,1
1jqx,A,109,ILE,4.5,166.7,0.0,0,0,H,0.0650887573964497,-64.1,-41.7,12.0,17.0,0.41379310344827586,2.516935375350622,28,19,17,2,0.04149840801321881,1,0,0,0,0,0,0,0,0,2,4529,8,0,363,1
1jqx,A,110,ALA,1.8,88.6,0.0,0,0,H,0.32075471698113206,-61.8,-44.3,12.0,14.0,0.46153846153846156,1.850216131108284,27,18,20,-2,0.0363693912924839,1,0,0,0,0,0,0,0,0,2,4529,8,0,363,1
1jqx,A,111,MET,1.9,162.9,0.0,0,0,H,0.0,-68.5,-40.2,23.0,12.0,0.6571428571428571,4.488099992752996,36,16,20,-4,0.04709369898129325,1,0,0,0,0,0,0,0,0,2,4529,8,0,363,1
1jqx,A,112,LEU,3.8,166.7,0.0,0,0,H,0.0,-63.2,-37.6,23.0,18.0,0.5609756097560976,5.803099933483229,38,26,20,6,0.048492521723311866,1,0,0,0,0,0,0,0,0,2,4529,8,0,363,1
1jqx,A,113,LYS,-3.9,168.6,1.0,2,0,H,0.5219512195121951,-64.0,-40.3,7.0,19.0,0.2692307692307692,2.0494608243323658,22,12,16,-4,0.043363505002576956,1,0,0,0,0,0,0,0,0,30,24,1,0,0,1
1jqx,A,114,LYS,-3.9,168.6,1.0,2,0,H,0.44878048780487806,-65.8,-41.1,11.0,12.0,0.4782608695652174,1.9790297104048282,24,10,20,-10,0.03730193978716297,1,0,0,0,0,0,0,0,0,30,24,1,0,0,1
1jqx,A,115,ILE,4.5,166.7,0.0,0,0,H,0.0,-65.9,-43.2,27.0,10.0,0.7297297297297297,4.769126160258549,34,25,16,9,0.048958795970651406,1,0,0,0,0,0,0,0,0,-1,0,0,0,0,0
1jqx,A,116,GLN,-3.5,143.8,0.0,2,2,H,0.2474747474747475,-59.7,-42.8,12.0,13.0,0.48,2.465443241124876,23,24,15,9,0.045228601991935104,1,0,0,0,0,0,0,0,0,30,24,1,0,0,1
1jqx,A,117,GLU,-3.5,138.4,-1.0,1,3,H,0.788659793814433,-75.2,-28.7,5.0,11.0,0.3125,1.776599562144026,16,22,8,14,0.027510180593032695,1,0,0,0,0,0,0,0,0,30,24,1,0,0,1
1jqx,A,118,SER,-0.8,89.0,0.0,1,1,S,0.16923076923076924,-71.0,175.6,16.0,4.0,0.8,2.0449569967982506,21,18,18,0,0.030774100324409453,0,0,0,0,0,0,1,0,0,39,0,7,0,0,1
1jqx,A,119,ASP,-3.5,111.1,-1.0,1,3,-,0.8404907975460123,-86.3,4.3,7.0,12.0,0.3684210526315789,1.672104454630401,15,11,6,5,0.027043906345693154,0,0,0,0,0,0,0,0,0,39,0,7,0,0,1
1jqx,A,120,PHE,2.8,189.9,0.0,0,0,-,0.02030456852791878,-51.0,123.1,21.0,8.0,0.7241379310344828,2.874380308752364,32,14,17,-3,0.040565859518539735,0,0,0,0,0,0,0,0,0,39,0,7,0,0,1
1jqx,A,121,SER,-0.8,89.0,0.0,1,1,-,0.6384615384615384,-111.8,5.0,8.0,20.0,0.2857142857142857,1.8795713738716409,24,11,8,3,0.027043906345693154,0,0,0,0,0,0,0,0,0,-1,0,0,0,0,0
1jqx,A,122,GLY,-0.4,60.1,0.0,0,0,S,0.03571428571428571,-85.3,-159.1,25.0,14.0,0.6410256410256411,1.9330687993426867,33,9,7,2,0.04149840801321881,0,0,0,0,0,0,1,0,0,-1,0,0,0,0,0
1jqx,A,123,ILE,4.5,166.7,0.0,0,0,E,0.01775147928994083,-108.4,139.7,17.0,22.0,0.4358974358974359,3.4064424401528277,37,7,9,-2,0.048026247475972325,0,0,1,0,0,0,0,0,0,-1,0,0,0,0,0
1jqx,A,124,THR,-0.7,116.1,0.0,1,1,E,0.0,-109.7,139.7,21.0,24.0,0.4666666666666667,6.2733719846775315,42,10,9,1,0.053621538444046775,0,0,1,0,0,0,0,0,0,-1,0,0,0,0,0
1jqx,A,125,GLU,-3.5,138.4,-1.0,1,3,E,0.0,-121.5,117.1,21.0,19.0,0.525,6.04012997856208,46,13,0,13,0.05222271570202816,0,0,1,0,0,0,0,0,0,-1,0,0,0,0,0
1jqx,A,126,LEU,3.8,166.7,0.0,0,0,E,0.0,-91.0,113.9,23.0,24.0,0.48936170212765956,4.659354588870922,43,7,11,-4,0.04662742473395372,0,0,1,0,0,0,0,0,0,2,4529,8,0,363,1
1jqx,A,127,ASN,-3.5,114.1,0.0,2,2,E,0.11464968152866242,-81.8,107.5,21.0,22.0,0.4883720930232558,2.4215981889523706,42,17,9,8,0.043829779249916496,0,0,1,0,0,0,0,0,0,-1,0,0,0,0,0
1jqx,A,128,LEU,3.8,166.7,0.0,0,0,-,0.024390243902439025,-106.4,25.6,20.0,22.0,0.47619047619047616,2.5739032466216885,39,12,13,-1,0.04616115048661418,0,0,0,0,0,0,0,0,0,-1,0,0,0,0,0
1jqx,A,129,SER,-0.8,89.0,0.0,1,1,-,0.007692307692307693,-146.4,21.9,21.0,21.0,0.5,2.7965884945297788,39,15,7,8,0.05035761871267001,0,0,0,0,0,0,0,0,0,-1,0,0,0,0,0
1jqx,A,130,CYS,2.5,108.5,0.0,1,0,-,0.17037037037037037,-63.7,117.9,22.0,25.0,0.46808510638297873,1.859980598190077,43,24,2,22,0.040565859518539735,0,0,0,0,0,0,0,0,0,-1,0,0,0,0,0
1jqx,A,131,PRO,-1.6,112.7,0.0,0,0,-,0.03676470588235294,-95.0,13.5,22.0,21.0,0.5116279069767442,2.211233962094464,36,13,7,6,0.04476232774459557,0,0,0,0,0,0,0,0,0,-1,0,0,0,0,0
1jqx,A,132,ASN,-3.5,114.1,0.0,2,2,-,0.050955414012738856,-119.7,23.9,26.0,19.0,0.5777777777777777,2.5860855683754504,39,21,0,21,0.045228601991935104,0,0,0,0,0,0,0,0,0,33,1,15,0,0,1
1jqx,A,133,VAL,4.2,140.0,0.0,0,0,S,0.09154929577464789,-105.2,108.4,15.0,19.0,0.4411764705882353,1.9782928565815836,30,22,1,21,0.03963331102386066,0,0,0,0,0,0,1,0,0,-1,0,0,0,0,0
1jqx,A,134,PRO,-1.6,112.7,0.0,0,0,T,0.5735294117647058,-51.2,123.7,9.0,16.0,0.36,1.912339521758021,23,23,1,22,0.024246260861655933,0,0,0,0,0,1,0,0,0,-1,0,0,0,0,0
1jqx,A,135,GLY,-0.4,60.1,0.0,0,0,T,1.0,81.6,2.7,2.0,15.0,0.11764705882352941,1.7095358281225852,16,16,6,10,0.01818469564624195,0,0,0,0,0,1,0,0,0,-1,0,0,0,0,0
1jqx,A,136,LYS,-3.9,168.6,1.0,2,0,-,0.32682926829268294,-129.0,89.7,14.0,10.0,0.5833333333333334,1.8707368465693943,27,7,4,3,0.02611135785101408,0,0,0,0,0,0,0,0,0,-1,0,0,0,0,0
1jqx,A,137,PRO,-1.6,112.7,0.0,0,0,-,0.41911764705882354,-58.9,168.7,11.0,16.0,0.4074074074074074,1.8976842848245874,26,19,17,2,0.04196468226055834,0,0,0,0,0,0,0,0,0,-1,0,0,0,0,0
1jqx,A,138,GLN,-3.5,143.8,0.0,2,2,-,0.04040404040404041,-68.5,112.3,22.0,16.0,0.5789473684210527,2.931801743277345,31,21,15,6,0.043829779249916496,0,0,0,0,0,0,0,0,0,21,16,10,0,1,1
1jqx,A,139,LEU,3.8,166.7,0.0,0,0,G,0.34146341463414637,-52.8,-39.1,19.0,14.0,0.5757575757575758,2.1566742820138702,32,15,19,-4,0.04149840801321881,0,0,0,1,0,0,0,0,0,21,16,10,0,1,1
1jqx,A,140,ALA,1.8,88.6,0.0,0,0,G,0.0,-70.5,5.3,23.0,15.0,0.6052631578947368,4.086267421914451,31,15,19,-4,0.04989134446533048,0,0,0,1,0,0,0,0,0,21,16,10,0,1,1
1jqx,A,141,TYR,-1.3,193.6,0.0,1,1,G,0.15765765765765766,-101.1,-2.0,19.0,14.0,0.5757575757575758,1.9487307228569213,29,19,18,1,0.04289723075523742,0,0,0,1,0,0,0,0,0,21,16,10,0,1,1
1jqx,A,142,ASP,-3.5,111.1,-1.0,1,3,-,0.50920245398773,-113.0,91.7,14.0,11.0,0.56,1.9974246077106974,21,11,18,-7,0.032639197313767604,0,0,0,0,0,0,0,0,0,44,0,9,0,0,1
1jqx,A,143,PHE,2.8,189.9,0.0,0,0,H,0.20812182741116753,-57.2,-39.7,11.0,14.0,0.44,2.0896822203361136,26,13,33,-20,0.03870076252918159,1,0,0,0,0,0,0,0,0,44,0,9,0,0,1
1jqx,A,144,GLU,-3.5,138.4,-1.0,1,3,H,0.8505154639175257,-65.5,-46.6,0.0,15.0,0.0,1.7085021125066189,14,12,17,-5,0.02844272908771177,1,0,0,0,0,0,0,0,0,44,0,9,0,0,1
1jqx,A,145,ALA,1.8,88.6,0.0,0,0,H,0.27358490566037735,-63.5,-36.8,9.0,11.0,0.45,1.850660116665986,18,14,27,-13,0.03124037457174899,1,0,0,0,0,0,0,0,0,44,0,9,0,0,1
1jqx,A,146,THR,-0.7,116.1,0.0,1,1,H,0.0,-66.3,-47.3,19.0,11.0,0.6333333333333333,4.362556280333945,34,16,26,-10,0.04289723075523742,1,0,0,0,0,0,0,0,0,21,16,10,0,1,1
1jqx,A,147,GLU,-3.5,138.4,-1.0,1,3,H,0.29381443298969073,-65.3,-40.2,10.0,16.0,0.38461538461538464,2.1569822386637894,23,17,26,-9,0.04103213376587927,1,0,0,0,0,0,0,0,0,-1,0,0,0,0,0
1jqx,A,148,LYS,-3.9,168.6,1.0,2,0,H,0.7951219512195122,-60.6,-46.0,6.0,14.0,0.3,1.9053261454351815,17,9,32,-23,0.035436842797804825,1,0,0,0,0,0,0,0,0,27,24,1,0,0,1
1jqx,A,149,LEU,3.8,166.7,0.0,0,0,H,0.054878048780487805,-62.6,-48.4,18.0,13.0,0.5806451612903226,2.2472888258576984,32,17,23,-6,0.03870076252918159,1,0,0,0,0,0,0,0,0,27,24,1,0,0,1
1jqx,A,150,LEU,3.8,166.7,0.0,0,0,H,0.0,-63.2,-33.5,21.0,13.0,0.6176470588235294,5.203417469330295,33,16,20,-4,0.04289723075523742,1,0,0,0,0,0,0,0,0,-1,0,0,0,0,0
1jqx,A,151,LYS,-3.9,168.6,1.0,2,0,H,0.4975609756097561,-63.7,-40.9,6.0,16.0,0.2727272727272727,2.03350754773802,19,8,21,-13,0.03870076252918159,1,0,0,0,0,0,0,0,0,-1,0,0,0,0,0
1jqx,A,152,GLU,-3.5,138.4,-1.0,1,3,H,0.4896907216494845,-68.4,-42.7,11.0,10.0,0.5238095238095238,1.9399507288949327,21,22,3,19,0.034970568550465285,1,0,0,0,0,0,0,0,0,-1,0,0,0,0,0
1jqx,A,153,VAL,4.2,140.0,0.0,0,0,H,0.0,-56.4,-45.8,21.0,11.0,0.65625,4.578284535174882,31,20,12,8,0.04662742473395372,1,0,0,0,0,0,0,0,0,-1,0,0,0,0,0
1jqx,A,154,PHE,2.8,189.9,0.0,0,0,T,0.19289340101522842,-77.2,0.6,13.0,12.0,0.52,2.4084245410613767,29,15,8,7,0.03963331102386066,0,0,0,0,0,1,0,0,0,-1,0,0,0,0,0
1jqx,A,155,THR,-0.7,116.1,0.0,1,1,T,0.7746478873239436,-82.5,-7.0,5.0,12.0,0.29411764705882354,1.8166328944486245,16,12,9,3,0.02471253510899547,0,0,0,0,0,1,0,0,0,-1,0,0,0,0,0
1jqx,A,156,PHE,2.8,189.9,0.0,0,0,T,0.15228426395939088,-146.3,-25.9,11.0,10.0,0.5238095238095238,2.1454415451583424,21,23,15,8,0.029375277582390842,0,0,0,0,0,1,0,0,0,-1,0,0,0,0,0
1jqx,A,157,PHE,2.8,189.9,0.0,0,0,-,0.030456852791878174,-84.3,114.4,25.0,6.0,0.8064516129032258,3.226682730023788,33,23,7,16,0.04289723075523742,0,0,0,0,0,0,0,0,0,-1,0,0,0,0,0
1jqx,A,158,THR,-0.7,116.1,0.0,1,1,-,0.8098591549295775,-106.0,-8.7,1.0,23.0,0.041666666666666664,1.8680512737567974,18,9,1,8,0.02984155182973038,0,0,0,0,0,0,0,0,0,-1,0,0,0,0,0
1jqx,A,159,LYS,-3.9,168.6,1.0,2,0,S,0.2048780487804878,-81.6,162.7,16.0,14.0,0.5333333333333333,1.9963068193741422,26,7,10,-3,0.0363693912924839,0,0,0,0,0,0,1,0,0,-1,0,0,0,0,0
1jqx,A,160,PRO,-1.6,112.7,0.0,0,0,-,0.3161764705882353,-53.5,124.1,16.0,20.0,0.4444444444444444,2.2343865336997846,29,9,4,5,0.03870076252918159,0,0,0,0,0,0,0,0,0,-1,0,0,0,0,0
1jqx,A,161,LEU,3.8,166.7,0.0,0,0,E,0.006097560975609756,-135.8,134.0,18.0,19.0,0.4864864864864865,2.862892343807772,36,9,9,0,0.048026247475972325,0,0,1,0,0,0,0,0,0,-1,0,0,0,0,0
1jqx,A,162,GLY,-0.4,60.1,0.0,0,0,E,0.0,-124.3,165.3,20.0,19.0,0.5128205128205128,5.441206112191254,39,10,9,1,0.04989134446533048,0,0,1,0,0,0,0,0,0,-1,0,0,0,0,0
1jqx,A,163,VAL,4.2,140.0,0.0,0,0,E,0.0,-124.5,134.6,16.0,28.0,0.36363636363636365,7.568181782971135,42,9,9,0,0.04989134446533048,0,0,1,0,0,0,0,0,0,-1,0,0,0,0,0
1jqx,A,164,LYS,-3.9,168.6,1.0,2,0,E,0.04390243902439024,-91.3,117.1,23.0,21.0,0.5227272727272727,4.23650796706506,36,0,9,-9,0.053621538444046775,0,0,1,0,0,0,0,0,0,-1,0,0,0,0,0
1jqx,A,165,LEU,3.8,166.7,0.0,0,0,E,0.0,-107.2,151.2,24.0,19.0,0.5581395348837209,7.34678646261588,37,9,4,5,0.05548663543340492,0,0,1,0,0,0,0,0,0,-1,0,0,0,0,0
1jqx,A,166,PRO,-1.6,112.7,0.0,0,0,-,0.0,-81.1,164.7,20.0,23.0,0.46511627906976744,5.519711660873171,37,12,4,8,0.05595290968074446,0,0,0,0,0,0,0,0,0,-1,0,0,0,0,0
1jqx,A,167,PRO,-1.6,112.7,0.0,0,0,-,0.0,-75.5,144.8,28.0,23.0,0.5490196078431373,4.042683536936843,34,9,5,4,0.05222271570202816,0,0,0,0,0,0,0,0,0,-1,0,0,0,0,0
1jqx,A,168,TYR,-1.3,193.6,0.0,1,1,-,0.0045045045045045045,-112.1,153.8,20.0,25.0,0.4444444444444444,3.10581379846403,38,13,12,1,0.048026247475972325,0,0,0,0,0,0,0,0,0,-1,0,0,0,0,0
1jqx,A,169,PHE,2.8,189.9,0.0,0,0,-,0.03553299492385787,-131.6,7.6,19.0,24.0,0.4418604651162791,2.659765175832854,30,10,8,2,0.04942507021799094,0,0,0,0,0,0,0,0,0,-1,0,0,0,0,0
1jqx,A,170,ASP,-3.5,111.1,-1.0,1,3,S,0.024539877300613498,-129.2,127.9,17.0,23.0,0.425,2.1735228050663107,34,20,10,10,0.04616115048661418,0,0,0,0,0,0,1,0,0,-1,0,0,0,0,0
1jqx,A,171,LEU,3.8,166.7,0.0,0,0,H,0.2804878048780488,-58.1,-33.9,16.0,17.0,0.48484848484848486,2.0469125663723275,31,30,16,14,0.04103213376587927,1,0,0,0,0,0,0,0,0,37,1,9,0,0,1
1jqx,A,172,VAL,4.2,140.0,0.0,0,0,H,0.4014084507042254,-64.0,-32.6,10.0,16.0,0.38461538461538464,2.2883611866239475,20,20,21,-1,0.03310547156110714,1,0,0,0,0,0,0,0,0,37,1,9,0,0,1
1jqx,A,173,HIS,-3.2,153.2,0.1,2,1,H,0.22826086956521738,-65.3,-36.8,16.0,12.0,0.5714285714285714,2.9381260589600964,24,4,22,-18,0.043363505002576956,1,0,0,0,0,0,0,0,0,37,1,9,0,0,1
1jqx,A,174,PHE,2.8,189.9,0.0,0,0,H,0.0,-66.0,-37.9,18.0,15.0,0.5454545454545454,4.520593898418071,36,26,17,9,0.05129016720734909,1,0,0,0,0,0,0,0,0,37,1,9,0,0,1
1jqx,A,175,ASP,-3.5,111.1,-1.0,1,3,H,0.49693251533742333,-64.5,-47.7,5.0,19.0,0.20833333333333334,1.8422031749675496,19,20,16,4,0.03683566553982344,1,0,0,0,0,0,0,0,0,37,1,9,0,0,1
1jqx,A,176,ILE,4.5,166.7,0.0,0,0,H,0.33136094674556216,-59.8,-49.1,12.0,13.0,0.48,2.0928133333379497,23,15,33,-18,0.0363693912924839,1,0,0,0,0,0,0,0,0,37,1,9,0,0,1
1jqx,A,177,MET,1.9,162.9,0.0,0,0,H,0.0,-64.5,-40.3,18.0,16.0,0.5294117647058824,5.331728302667735,37,17,32,-15,0.04476232774459557,1,0,0,0,0,0,0,0,0,-1,0,0,0,0,0
1jqx,A,178,ALA,1.8,88.6,0.0,0,0,H,0.03773584905660377,-62.8,-42.1,16.0,17.0,0.48484848484848486,2.524690264615489,30,25,18,7,0.04662742473395372,1,0,0,0,0,0,0,0,0,37,1,9,0,0,1
1jqx,A,179,GLU,-3.5,138.4,-1.0,1,3,H,0.7731958762886598,-65.8,-39.8,6.0,13.0,0.3157894736842105,1.7409336583225872,17,9,14,-5,0.03310547156110714,1,0,0,0,0,0,0,0,0,7,466,9,0,44,1
1jqx,A,180,ILE,4.5,166.7,0.0,0,0,H,0.03550295857988166,-64.4,-49.8,15.0,12.0,0.5555555555555556,2.5855098525433853,33,12,31,-19,0.04289723075523742,1,0,0,0,0,0,0,0,0,7,466,9,0,44,1
1jqx,A,181,LEU,3.8,166.7,0.0,0,0,H,0.0,-67.6,-33.3,22.0,14.0,0.6111111111111112,5.636997532028903,35,15,20,-5,0.04755997322863279,1,0,0,0,0,0,0,0,0,7,466,9,0,44,1
1jqx,A,182,ASN,-3.5,114.1,0.0,2,2,T,0.2929936305732484,-64.7,-13.8,12.0,15.0,0.4444444444444444,2.138142437037546,22,16,22,-6,0.04103213376587927,0,0,0,0,0,1,0,0,0,7,466,9,0,44,1
1jqx,A,183,GLN,-3.5,143.8,0.0,2,2,T,0.46464646464646464,-84.4,-7.3,8.0,11.0,0.42105263157894735,1.7529757997863769,18,15,18,-3,0.02797645484037223,0,0,0,0,0,1,0,0,0,7,466,9,0,44,1
1jqx,A,184,PHE,2.8,189.9,0.0,0,0,S,0.06598984771573604,-112.0,155.9,25.0,7.0,0.78125,2.517766842958569,27,16,17,-1,0.035436842797804825,0,0,0,0,0,0,1,0,0,7,466,9,0,44,1
1jqx,A,185,PRO,-1.6,112.7,0.0,0,0,-,0.7573529411764706,-85.8,57.6,7.0,22.0,0.2413793103448276,1.8338494950338604,21,9,9,0,0.02984155182973038,0,0,0,0,0,0,0,0,0,7,466,9,0,44,1
1jqx,A,186,LEU,3.8,166.7,0.0,0,0,-,0.024390243902439025,-68.8,139.5,22.0,13.0,0.6285714285714286,3.196442115849976,36,12,8,4,0.045228601991935104,0,0,0,0,0,0,0,0,0,-1,0,0,0,0,0
1jqx,A,187,THR,-0.7,116.1,0.0,1,1,-,0.176056338028169,-82.8,-42.2,19.0,17.0,0.5277777777777778,1.95244701328852,32,10,11,-1,0.04289723075523742,0,0,0,0,0,0,0,0,0,-1,0,0,0,0,0
1jqx,A,188,TYR,-1.3,193.6,0.0,1,1,E,0.0,-161.4,169.7,18.0,20.0,0.47368421052631576,5.855625985598223,37,10,11,-1,0.04709369898129325,0,0,1,0,0,0,0,0,0,-1,0,0,0,0,0
1jqx,A,189,VAL,4.2,140.0,0.0,0,0,E,0.0,-124.2,136.2,27.0,25.0,0.5192307692307693,6.071624045939487,42,10,8,2,0.05548663543340492,0,0,1,0,0,0,0,0,0,-1,0,0,0,0,0
1jqx,A,190,ASN,-3.5,114.1,0.0,2,2,E,0.0,-116.9,110.4,20.0,26.0,0.43478260869565216,6.297080353003303,47,11,9,2,0.05222271570202816,0,0,1,0,0,0,0,0,0,-1,0,0,0,0,0
1jqx,A,191,SER,-0.8,89.0,0.0,1,1,E,0.0,-119.5,129.9,23.0,27.0,0.46,6.346768456543771,44,21,4,17,0.056419183928083996,0,0,1,0,0,0,0,0,0,-1,0,0,0,0,0
1jqx,A,192,VAL,4.2,140.0,0.0,0,0,-,0.014084507042253521,-132.6,163.1,27.0,24.0,0.5294117647058824,3.3282079829358,44,19,1,18,0.053621538444046775,0,0,0,0,0,0,0,0,0,-1,0,0,0,0,0
1jqx,A,193,ASN,-3.5,114.1,0.0,2,2,-,0.12738853503184713,-79.8,178.7,24.0,25.0,0.4897959183673469,2.0699644573453853,42,9,4,5,0.04429605349725603,0,0,0,0,0,0,0,0,0,-1,0,0,0,0,0
1jqx,A,194,SER,-0.8,89.0,0.0,1,1,-,0.16923076923076924,-62.0,153.9,23.0,26.0,0.46938775510204084,2.204875818488256,41,7,0,7,0.04149840801321881,0,0,0,0,0,0,0,0,0,33,1,15,0,0,1
1jqx,A,195,ILE,4.5,166.7,0.0,0,0,E,0.023668639053254437,-73.6,114.2,28.0,23.0,0.5490196078431373,5.4969274075056385,38,3,1,2,0.04709369898129325,0,0,1,0,0,0,0,0,0,-1,0,0,0,0,0
1jqx,A,196,GLY,-0.4,60.1,0.0,0,0,E,0.011904761904761904,-65.5,149.2,20.0,22.0,0.47619047619047616,5.556412686189288,37,4,8,-4,0.04942507021799094,0,0,1,0,0,0,0,0,0,-1,0,0,0,0,0
1jqx,A,197,ASN,-3.5,114.1,0.0,2,2,E,0.012738853503184714,44.7,53.9,21.0,27.0,0.4375,3.8894874244677937,42,15,11,4,0.05408781269138631,0,0,1,0,0,0,0,0,0,-1,0,0,0,0,0
1jqx,A,198,GLY,-0.4,60.1,0.0,0,0,E,0.0,-92.7,172.3,20.0,24.0,0.45454545454545453,6.6365091429181255,45,17,5,12,0.050823892960009553,0,0,1,0,0,0,0,0,0,-1,0,0,0,0,0
1jqx,A,199,LEU,3.8,166.7,0.0,0,0,E,0.0,-134.9,138.4,20.0,24.0,0.45454545454545453,4.904452258034689,41,27,15,12,0.04942507021799094,0,0,1,0,0,0,0,0,0,-1,0,0,0,0,0
1jqx,A,200,PHE,2.8,189.9,0.0,0,0,-,0.25888324873096447,-126.9,136.0,20.0,29.0,0.40816326530612246,3.505623464944439,34,9,22,-13,0.04616115048661418,0,0,0,0,0,0,0,0,0,-1,0,0,0,0,0
1jqx,A,201,ILE,4.5,166.7,0.0,0,0,E,0.0,-122.9,139.8,25.0,16.0,0.6097560975609756,3.841841670858293,35,25,37,-12,0.04429605349725603,0,0,1,0,0,0,0,0,0,10,129,5,0,8,1
1jqx,A,202,ASP,-3.5,111.1,-1.0,1,3,E,0.39263803680981596,-93.0,104.6,12.0,14.0,0.46153846153846156,2.2236832734083265,21,11,25,-14,0.03590311704514436,0,0,1,0,0,0,0,0,0,10,129,5,0,8,1
1jqx,A,203,PRO,-1.6,112.7,0.0,0,0,T,0.15441176470588236,-60.9,-32.8,12.0,16.0,0.42857142857142855,2.1364953373168802,25,8,41,-33,0.04103213376587927,0,0,0,0,0,1,0,0,0,10,129,5,0,8,1
1jqx,A,204,GLU,-3.5,138.4,-1.0,1,3,T,0.7680412371134021,-68.6,-46.9,0.0,20.0,0.0,1.7620344243174824,15,11,19,-8,0.026577632098353617,0,0,0,0,0,1,0,0,0,10,129,5,0,8,1
1jqx,A,205,ALA,1.8,88.6,0.0,0,0,T,0.39622641509433965,-82.2,-10.1,9.0,10.0,0.47368421052631576,1.8219926654948246,19,16,28,-12,0.026577632098353617,0,0,0,0,0,1,0,0,0,10,129,5,0,8,1
1jqx,A,206,GLU,-3.5,138.4,-1.0,1,3,T,0.08247422680412371,55.1,41.2,13.0,15.0,0.4642857142857143,2.3197526873098684,23,27,27,0,0.043363505002576956,0,0,0,0,0,1,0,0,0,10,129,5,0,8,1
1jqx,A,207,SER,-0.8,89.0,0.0,1,1,E,0.11538461538461539,-143.0,170.3,8.0,18.0,0.3076923076923077,2.1321017651644407,25,19,33,-14,0.043829779249916496,0,0,1,0,0,0,0,0,0,-1,0,0,0,0,0
1jqx,A,208,VAL,4.2,140.0,0.0,0,0,E,0.02112676056338028,-80.3,172.0,25.0,12.0,0.6756756756756757,2.7340128875807452,30,28,21,7,0.04755997322863279,0,0,1,0,0,0,0,0,0,-1,0,0,0,0,0
1jqx,A,209,VAL,4.2,140.0,0.0,0,0,S,0.176056338028169,-111.5,-5.4,15.0,20.0,0.42857142857142855,2.163154455564615,32,9,18,-9,0.04196468226055834,0,0,0,0,0,0,1,0,0,5,800,9,0,93,1
1jqx,A,210,ILE,4.5,166.7,0.0,0,0,-,0.0,-124.6,148.3,24.0,12.0,0.6666666666666666,4.637783326817827,35,19,9,10,0.048958795970651406,0,0,0,0,0,0,0,0,0,5,800,9,0,93,1
1jqx,A,211,LYS,-3.9,168.6,1.0,2,0,S,0.4097560975609756,-74.9,-42.9,8.0,22.0,0.26666666666666666,2.4800890123567094,20,8,8,0,0.043363505002576956,0,0,0,0,0,0,1,0,0,5,800,9,0,93,1
1jqx,A,212,PRO,-1.6,112.7,0.0,0,0,G,0.058823529411764705,-64.4,154.1,19.0,11.0,0.6333333333333333,2.532420121036973,32,18,8,10,0.04476232774459557,0,0,0,1,0,0,0,0,0,-1,0,0,0,0,0
1jqx,A,213,LYS,-3.9,168.6,1.0,2,0,G,0.2,42.5,45.2,20.0,12.0,0.625,1.9458318787142501,31,10,8,2,0.03310547156110714,0,0,0,1,0,0,0,0,0,-1,0,0,0,0,0
1jqx,A,214,ASP,-3.5,111.1,-1.0,1,3,G,0.6196319018404908,54.1,29.5,8.0,24.0,0.25,1.756782332465582,24,34,0,34,0.03683566553982344,0,0,0,1,0,0,0,0,0,-1,0,0,0,0,0
1jqx,A,215,GLY,-0.4,60.1,0.0,0,0,G,0.0,93.3,-6.0,19.0,22.0,0.4634146341463415,4.220253875029378,38,24,9,15,0.050823892960009553,0,0,0,1,0,0,0,0,0,-1,0,0,0,0,0
1jqx,A,216,PHE,2.8,189.9,0.0,0,0,E,0.07614213197969544,-79.6,131.2,20.0,26.0,0.43478260869565216,2.572902959507339,42,27,12,15,0.04989134446533048,0,0,1,0,0,0,0,0,0,-1,0,0,0,0,0
1jqx,A,217,GLY,-0.4,60.1,0.0,0,0,E,0.0,-156.2,170.8,22.0,22.0,0.5,5.546334339867961,42,11,5,6,0.05222271570202816,0,0,1,0,0,0,0,0,0,33,1,15,0,0,1
1jqx,A,218,GLY,-0.4,60.1,0.0,0,0,E,0.0,-71.1,136.3,21.0,25.0,0.45652173913043476,3.079608599580773,42,4,0,4,0.04616115048661418,0,0,1,0,0,0,0,0,0,33,1,15,0,0,1
1jqx,A,219,ILE,4.5,166.7,0.0,0,0,E,0.01775147928994083,-100.2,133.3,23.0,26.0,0.46938775510204084,3.8020691387728927,39,4,0,4,0.048492521723311866,0,0,1,0,0,0,0,0,0,-1,0,0,0,0,0
1jqx,A,220,GLY,-0.4,60.1,0.0,0,0,E,0.05952380952380952,-133.9,173.8,26.0,26.0,0.5,2.476435581752254,38,9,7,2,0.04616115048661418,0,0,1,0,0,0,0,0,0,-1,0,0,0,0,0
1jqx,A,221,GLY,-0.4,60.1,0.0,0,0,S,0.10714285714285714,94.7,-156.9,18.0,22.0,0.45,2.1218159350908397,35,16,16,0,0.04289723075523742,0,0,0,0,0,0,1,0,0,-1,0,0,0,0,0
1jqx,A,222,ALA,1.8,88.6,0.0,0,0,G,0.33962264150943394,-55.3,-32.5,12.0,25.0,0.32432432432432434,1.8603415974010322,28,12,24,-12,0.04289723075523742,0,0,0,1,0,0,0,0,0,-1,0,0,0,0,0
1jqx,A,223,TYR,-1.3,193.6,0.0,1,1,G,0.08108108108108109,-52.4,-37.8,21.0,20.0,0.5121951219512195,3.4811612231614344,24,14,9,5,0.04616115048661418,0,0,0,1,0,0,0,0,0,-1,0,0,0,0,0
1jqx,A,224,ILE,4.5,166.7,0.0,0,0,G,0.029585798816568046,-102.2,2.7,28.0,22.0,0.56,3.970181362923926,32,13,0,13,0.045228601991935104,0,0,0,1,0,0,0,0,0,-1,0,0,0,0,0
1jqx,A,225,LYS,-3.9,168.6,1.0,2,0,H,0.12195121951219512,-58.5,-42.0,18.0,27.0,0.4,2.8036547408051047,34,9,21,-12,0.043363505002576956,1,0,0,0,0,0,0,0,0,11,24,20,0,7,1
1jqx,A,226,PRO,-1.6,112.7,0.0,0,0,H,0.014705882352941176,-57.5,-40.7,21.0,28.0,0.42857142857142855,4.297153412667007,39,14,6,8,0.045694876239274644,1,0,0,0,0,0,0,0,0,11,24,20,0,7,1
1jqx,A,227,THR,-0.7,116.1,0.0,1,1,H,0.028169014084507043,-68.8,-43.9,26.0,21.0,0.5531914893617021,7.293451468782394,40,14,1,13,0.04989134446533048,1,0,0,0,0,0,0,0,0,-1,0,0,0,0,0
1jqx,A,228,ALA,1.8,88.6,0.0,0,0,H,0.0,-61.3,-48.8,27.0,26.0,0.5094339622641509,6.269966044994213,48,24,6,18,0.04989134446533048,1,0,0,0,0,0,0,0,0,-1,0,0,0,0,0
1jqx,A,229,LEU,3.8,166.7,0.0,0,0,H,0.006097560975609756,-61.3,-41.7,24.0,25.0,0.4897959183673469,6.5587326995337465,46,29,16,13,0.05548663543340492,1,0,0,0,0,0,0,0,0,-1,0,0,0,0,0
1jqx,A,230,ALA,1.8,88.6,0.0,0,0,H,0.0,-60.6,-41.5,24.0,24.0,0.5,5.374692638935394,46,28,7,21,0.048026247475972325,1,0,0,0,0,0,0,0,0,-1,0,0,0,0,0
1jqx,A,231,ASN,-3.5,114.1,0.0,2,2,H,0.0,-67.1,-42.8,24.0,25.0,0.4897959183673469,6.31379246209123,44,22,4,18,0.050823892960009553,1,0,0,0,0,0,0,0,0,-1,0,0,0,0,0
1jqx,A,232,VAL,4.2,140.0,0.0,0,0,H,0.0,-61.3,-48.5,26.0,24.0,0.52,5.954024340694283,44,28,4,24,0.05735173242276307,1,0,0,0,0,0,0,0,0,-1,0,0,0,0,0
1jqx,A,233,ARG,-4.5,173.4,1.0,5,0,H,0.15725806451612903,-64.7,-43.1,24.0,26.0,0.48,2.4227744367304798,33,30,10,20,0.048958795970651406,1,0,0,0,0,0,0,0,0,-1,0,0,0,0,0
1jqx,A,234,ALA,1.8,88.6,0.0,0,0,H,0.0,-62.5,-37.8,25.0,17.0,0.5952380952380952,2.5638742260615244,34,27,14,13,0.045694876239274644,1,0,0,0,0,0,0,0,0,37,1,9,0,0,1
1jqx,A,235,PHE,2.8,189.9,0.0,0,0,H,0.0,-77.3,-33.7,22.0,19.0,0.5365853658536586,5.192421159301528,42,27,10,17,0.04662742473395372,1,0,0,0,0,0,0,0,0,-1,0,0,0,0,0
1jqx,A,236,TYR,-1.3,193.6,0.0,1,1,H,0.4009009009009009,-59.1,-37.4,20.0,17.0,0.5405405405405406,2.051798461364551,30,38,1,37,0.04429605349725603,1,0,0,0,0,0,0,0,0,-1,0,0,0,0,0
1jqx,A,237,THR,-0.7,116.1,0.0,1,1,T,0.5915492957746479,-88.0,0.5,10.0,15.0,0.4,1.8923991122517527,26,26,8,18,0.030307826077069916,0,0,0,0,0,1,0,0,0,-1,0,0,0,0,0
1jqx,A,238,ARG,-4.5,173.4,1.0,5,0,T,0.27419354838709675,-119.8,-28.4,18.0,10.0,0.6428571428571429,1.8656003725863892,25,16,14,2,0.03403802005578621,0,0,0,0,0,1,0,0,0,37,1,9,0,0,1
1jqx,A,239,LEU,3.8,166.7,0.0,0,0,S,0.0975609756097561,-77.2,147.7,21.0,11.0,0.65625,2.4379001493924566,31,23,18,5,0.04429605349725603,0,0,0,0,0,0,1,0,0,-1,0,0,0,0,0
1jqx,A,240,LYS,-3.9,168.6,1.0,2,0,-,0.28292682926829266,-66.0,145.7,10.0,12.0,0.45454545454545453,2.0426354064266437,23,5,13,-8,0.029375277582390842,0,0,0,0,0,0,0,0,0,7,466,9,0,44,1
1jqx,A,241,PRO,-1.6,112.7,0.0,0,0,T,0.8382352941176471,-51.9,-25.2,1.0,23.0,0.041666666666666664,1.8791213375659823,15,14,9,5,0.024246260861655933,0,0,0,0,0,1,0,0,0,-1,0,0,0,0,0
1jqx,A,242,GLU,-3.5,138.4,-1.0,1,3,T,0.6649484536082474,-64.3,-22.5,8.0,14.0,0.36363636363636365,1.7567595326477383,16,10,0,10,0.027510180593032695,0,0,0,0,0,1,0,0,0,-1,0,0,0,0,0
1jqx,A,243,ILE,4.5,166.7,0.0,0,0,S,0.03550295857988166,-101.8,110.8,19.0,13.0,0.59375,3.0479708254395197,30,14,9,5,0.04429605349725603,0,0,0,0,0,0,1,0,0,7,466,9,0,44,1
1jqx,A,244,GLN,-3.5,143.8,0.0,2,2,E,0.2828282828282828,-84.9,177.7,13.0,26.0,0.3333333333333333,2.0889316915676397,31,11,8,3,0.045228601991935104,0,0,1,0,0,0,0,0,0,-1,0,0,0,0,0
1jqx,A,245,ILE,4.5,166.7,0.0,0,0,E,0.023668639053254437,-130.0,143.6,26.0,21.0,0.5531914893617021,2.619787837223408,42,19,2,17,0.053155264196707235,0,0,1,0,0,0,0,0,0,-1,0,0,0,0,0
1jqx,A,246,ILE,4.5,166.7,0.0,0,0,E,0.0,-112.9,126.6,24.0,22.0,0.5217391304347826,6.596054932031729,45,18,6,12,0.05408781269138631,0,0,1,0,0,0,0,0,0,-1,0,0,0,0,0
1jqx,A,247,GLY,-0.4,60.1,0.0,0,0,E,0.0,-97.3,130.3,29.0,22.0,0.5686274509803921,5.510119851015452,45,18,7,11,0.05548663543340492,0,0,1,0,0,0,0,0,0,-1,0,0,0,0,0
1jqx,A,248,THR,-0.7,116.1,0.0,1,1,E,0.06338028169014084,-139.5,135.3,22.0,31.0,0.41509433962264153,3.04860718464828,45,24,5,19,0.048492521723311866,0,0,1,0,0,0,0,0,0,-1,0,0,0,0,0
1jqx,A,249,GLY,-0.4,60.1,0.0,0,0,S,0.09523809523809523,131.1,112.7,27.0,22.0,0.5510204081632653,2.194117568479214,44,20,15,5,0.048026247475972325,0,0,0,0,0,0,1,0,0,-1,0,0,0,0,0
1jqx,A,250,GLY,-0.4,60.1,0.0,0,0,S,0.15476190476190477,69.6,18.4,21.0,21.0,0.5,1.7095428017617507,38,17,23,-6,0.04616115048661418,0,0,0,0,0,0,1,0,0,-1,0,0,0,0,0
1jqx,A,251,ILE,4.5,166.7,0.0,0,0,-,0.04142011834319527,-86.3,114.4,27.0,17.0,0.6136363636363636,2.2626851129640064,42,21,25,-4,0.048958795970651406,0,0,0,0,0,0,0,0,0,-1,0,0,0,0,0
1jqx,A,252,GLU,-3.5,138.4,-1.0,1,3,-,0.5463917525773195,-131.7,-35.2,14.0,26.0,0.35,2.0972758699539167,28,24,21,3,0.03870076252918159,0,0,0,0,0,0,0,0,0,-1,0,0,0,0,0
1jqx,A,253,THR,-0.7,116.1,0.0,1,1,S,0.29577464788732394,-117.6,169.0,8.0,25.0,0.24242424242424243,2.5221770887096104,26,20,36,-16,0.04149840801321881,0,0,0,0,0,0,1,0,0,-1,0,0,0,0,0
1jqx,A,254,GLY,-0.4,60.1,0.0,0,0,H,0.011904761904761904,-61.0,-32.9,12.0,18.0,0.4,2.348385484257787,31,24,46,-22,0.04709369898129325,1,0,0,0,0,0,0,0,0,-1,0,0,0,0,0
1jqx,A,255,GLN,-3.5,143.8,0.0,2,2,H,0.42424242424242425,-66.5,-38.5,6.0,22.0,0.21428571428571427,2.291613863439717,25,14,43,-29,0.04243095650789788,1,0,0,0,0,0,0,0,0,-1,0,0,0,0,0
1jqx,A,256,ASP,-3.5,111.1,-1.0,1,3,H,0.10429447852760736,-64.5,-40.9,20.0,19.0,0.5128205128205128,3.062127990704314,35,22,25,-3,0.04429605349725603,1,0,0,0,0,0,0,0,0,-1,0,0,0,0,0
1jqx,A,257,ALA,1.8,88.6,0.0,0,0,H,0.0,-64.2,-46.9,24.0,23.0,0.5106382978723404,6.4738935066902625,39,15,31,-16,0.0526889899493677,1,0,0,0,0,0,0,0,0,-1,0,0,0,0,0
1jqx,A,258,PHE,2.8,189.9,0.0,0,0,H,0.0,-54.9,-42.3,21.0,29.0,0.42,4.088834643581763,42,25,46,-21,0.045694876239274644,1,0,0,0,0,0,0,0,0,-1,0,0,0,0,0
1jqx,A,259,GLU,-3.5,138.4,-1.0,1,3,H,0.0,-63.4,-44.3,22.0,25.0,0.46808510638297873,4.9975297635464635,38,20,25,-5,0.05222271570202816,1,0,0,0,0,0,0,0,0,-1,0,0,0,0,0
1jqx,A,260,HIS,-3.2,153.2,0.1,2,1,H,0.0,-62.5,-41.7,28.0,26.0,0.5185185185185185,6.331035566157342,49,17,18,-1,0.04989134446533048,1,0,0,0,0,0,0,0,0,-1,0,0,0,0,0
1jqx,A,261,LEU,3.8,166.7,0.0,0,0,H,0.0,-65.6,-39.7,21.0,24.0,0.4666666666666667,4.502326353887235,41,26,17,9,0.05455408693872585,1,0,0,0,0,0,0,0,0,-1,0,0,0,0,0
1jqx,A,262,LEU,3.8,166.7,0.0,0,0,H,0.0,-57.8,-39.9,20.0,20.0,0.5,4.978914141498417,40,47,30,17,0.05548663543340492,1,0,0,0,0,0,0,0,0,-1,0,0,0,0,0
1jqx,A,263,CYS,2.5,108.5,0.0,1,0,H,0.0,-66.8,-26.9,29.0,18.0,0.6170212765957447,5.397282437239769,40,42,14,28,0.05408781269138631,1,0,0,0,0,0,0,0,0,-1,0,0,0,0,0
1jqx,A,264,GLY,-0.4,60.1,0.0,0,0,T,0.011904761904761904,129.7,-1.2,22.0,20.0,0.5238095238095238,3.0011087018849176,39,37,4,33,0.04709369898129325,0,0,0,0,0,1,0,0,0,-1,0,0,0,0,0
1jqx,A,265,ALA,1.8,88.6,0.0,0,0,-,0.0,-66.8,146.0,25.0,24.0,0.5102040816326531,3.5955932421265375,40,30,6,24,0.0526889899493677,0,0,0,0,0,0,0,0,0,-1,0,0,0,0,0
1jqx,A,266,THR,-0.7,116.1,0.0,1,1,S,0.13380281690140844,-105.2,-46.7,16.0,29.0,0.35555555555555557,2.0631883858767517,39,16,0,16,0.048026247475972325,0,0,0,0,0,0,1,0,0,-1,0,0,0,0,0
1jqx,A,267,MET,1.9,162.9,0.0,0,0,E,0.0,-107.8,159.5,25.0,22.0,0.5319148936170213,4.862009182024248,43,10,1,9,0.048958795970651406,0,0,1,0,0,0,0,0,0,-1,0,0,0,0,0
1jqx,A,268,LEU,3.8,166.7,0.0,0,0,E,0.0,-132.3,133.8,26.0,26.0,0.5,5.694794752526878,46,12,9,3,0.053621538444046775,0,0,1,0,0,0,0,0,0,-1,0,0,0,0,0
1jqx,A,269,GLN,-3.5,143.8,0.0,2,2,E,0.005050505050505051,-116.4,143.7,21.0,27.0,0.4375,4.202582082530376,40,12,5,7,0.048026247475972325,0,0,1,0,0,0,0,0,0,-1,0,0,0,0,0
1jqx,A,270,ILE,4.5,166.7,0.0,0,0,E,0.0,-116.9,122.9,26.0,28.0,0.48148148148148145,2.965051458626508,40,14,13,1,0.050823892960009553,0,0,1,0,0,0,0,0,0,-1,0,0,0,0,0
1jqx,A,271,GLY,-0.4,60.1,0.0,0,0,-,0.19047619047619047,-106.8,-89.1,22.0,23.0,0.4888888888888889,2.1212160759960352,42,27,12,15,0.045694876239274644,0,0,0,0,0,0,0,0,0,-1,0,0,0,0,0
1jqx,A,272,THR,-0.7,116.1,0.0,1,1,H,0.15492957746478872,-45.7,-51.2,25.0,17.0,0.5952380952380952,2.080167676696644,39,21,24,-3,0.040565859518539735,1,0,0,0,0,0,0,0,0,-1,0,0,0,0,0
1jqx,A,273,ALA,1.8,88.6,0.0,0,0,H,0.12264150943396226,-59.6,-37.0,18.0,18.0,0.5,1.860952377704179,34,26,23,3,0.04243095650789788,1,0,0,0,0,0,0,0,0,-1,0,0,0,0,0
1jqx,A,274,LEU,3.8,166.7,0.0,0,0,H,0.0,-70.4,-35.5,20.0,18.0,0.5263157894736842,3.164868253312534,31,31,17,14,0.048492521723311866,1,0,0,0,0,0,0,0,0,-1,0,0,0,0,0
1jqx,A,275,HIS,-3.2,153.2,0.1,2,1,H,0.47282608695652173,-61.7,-40.7,18.0,14.0,0.5625,1.905118499214786,26,19,13,6,0.03823448828184205,1,0,0,0,0,0,0,0,0,1,6034,11,0,763,1
1jqx,A,276,LYS,-3.9,168.6,1.0,2,0,H,0.4682926829268293,-79.1,-39.8,13.0,10.0,0.5652173913043478,1.9527433705777766,24,11,27,-16,0.028909003335051305,1,0,0,0,0,0,0,0,0,-1,0,0,0,0,0
1jqx,A,277,GLU,-3.5,138.4,-1.0,1,3,H,0.4072164948453608,-96.0,-26.0,15.0,6.0,0.7142857142857143,1.742035612433618,20,28,12,16,0.02844272908771177,1,0,0,0,0,0,0,0,0,-1,0,0,0,0,0
1jqx,A,278,GLY,-0.4,60.1,0.0,0,0,-,0.20238095238095238,88.5,173.6,2.0,23.0,0.08,2.1612668082444833,22,32,21,11,0.030774100324409453,0,0,0,0,0,0,0,0,0,-1,0,0,0,0,0
1jqx,A,279,PRO,-1.6,112.7,0.0,0,0,T,0.21323529411764705,-54.3,-17.7,14.0,21.0,0.4,1.9646240555052592,29,25,31,-6,0.040099585271200194,0,0,0,0,0,1,0,0,0,-1,0,0,0,0,0
1jqx,A,280,ALA,1.8,88.6,0.0,0,0,H,0.660377358490566,-63.9,-18.0,3.0,20.0,0.13043478260869565,1.8208729794394067,22,22,19,3,0.03124037457174899,1,0,0,0,0,0,0,0,0,-1,0,0,0,0,0
1jqx,A,281,ILE,4.5,166.7,0.0,0,0,H,0.0,-58.5,-35.1,20.0,11.0,0.6451612903225806,3.427126385848303,32,22,31,-9,0.04149840801321881,1,0,0,0,0,0,0,0,0,-1,0,0,0,0,0
1jqx,A,282,PHE,2.8,189.9,0.0,0,0,H,0.0,-60.8,-44.4,22.0,17.0,0.5641025641025641,3.7572146780038107,37,20,20,0,0.05035761871267001,1,0,0,0,0,0,0,0,0,-1,0,0,0,0,0
1jqx,A,283,ASP,-3.5,111.1,-1.0,1,3,H,0.3803680981595092,-64.8,-38.4,6.0,19.0,0.24,1.9187116880928787,20,20,17,3,0.03730193978716297,1,0,0,0,0,0,0,0,0,41,2,1,0,0,1
1jqx,A,284,ARG,-4.5,173.4,1.0,5,0,H,0.24596774193548387,-64.7,-52.0,10.0,15.0,0.4,1.8488609192183318,25,9,37,-28,0.03730193978716297,1,0,0,0,0,0,0,0,0,41,2,1,0,0,1
1jqx,A,285,ILE,4.5,166.7,0.0,0,0,H,0.0,-67.0,-32.1,25.0,10.0,0.7142857142857143,4.961342721228415,34,19,46,-27,0.048492521723311866,1,0,0,0,0,0,0,0,0,-1,0,0,0,0,0
1jqx,A,286,ILE,4.5,166.7,0.0,0,0,H,0.08875739644970414,-62.9,-46.1,17.0,18.0,0.4857142857142857,3.0278260459101483,34,20,30,-10,0.04616115048661418,1,0,0,0,0,0,0,0,0,41,2,1,0,0,1
1jqx,A,287,LYS,-3.9,168.6,1.0,2,0,H,0.5853658536585366,-64.2,-37.6,6.0,18.0,0.25,2.0122335224650865,18,10,34,-24,0.03590311704514436,1,0,0,0,0,0,0,0,0,41,2,1,0,0,1
1jqx,A,288,GLU,-3.5,138.4,-1.0,1,3,H,0.33505154639175255,-66.2,-42.1,12.0,10.0,0.5454545454545454,1.7770840283893072,24,20,39,-19,0.04149840801321881,1,0,0,0,0,0,0,0,0,-1,0,0,0,0,0
1jqx,A,289,LEU,3.8,166.7,0.0,0,0,H,0.0,-68.1,-40.5,23.0,12.0,0.6571428571428571,4.938856673525625,34,15,36,-21,0.04989134446533048,1,0,0,0,0,0,0,0,0,-1,0,0,0,0,0
1jqx,A,290,GLU,-3.5,138.4,-1.0,1,3,H,0.30412371134020616,-63.1,-35.5,9.0,18.0,0.3333333333333333,2.1944948425769186,28,13,20,-7,0.040099585271200194,1,0,0,0,0,0,0,0,0,26,16,2,0,0,1
1jqx,A,291,GLU,-3.5,138.4,-1.0,1,3,H,0.5051546391752577,-66.2,-40.4,8.0,13.0,0.38095238095238093,1.8563099023367964,17,15,18,-3,0.03357174580844668,1,0,0,0,0,0,0,0,0,26,16,2,0,0,1
1jqx,A,292,ILE,4.5,166.7,0.0,0,0,H,0.23668639053254437,-62.7,-41.2,19.0,10.0,0.6551724137931034,2.072252576273863,28,13,40,-27,0.04289723075523742,1,0,0,0,0,0,0,0,0,26,16,2,0,0,1
1jqx,A,293,MET,1.9,162.9,0.0,0,0,H,0.0,-67.6,-42.5,20.0,10.0,0.6666666666666666,4.1141519804056665,26,13,33,-20,0.05035761871267001,1,0,0,0,0,0,0,0,0,14,40,8,0,4,1
1jqx,A,294,ASN,-3.5,114.1,0.0,2,2,H,0.5796178343949044,-60.0,-43.7,5.0,12.0,0.29411764705882354,1.852976079462856,18,11,23,-12,0.034970568550465285,1,0,0,0,0,0,0,0,0,26,16,2,0,0,1
1jqx,A,295,GLN,-3.5,143.8,0.0,2,2,H,0.7373737373737373,-61.7,-32.4,6.0,6.0,0.5,1.7912604317728282,12,9,18,-9,0.028909003335051305,1,0,0,0,0,0,0,0,0,26,16,2,0,0,1
1jqx,A,296,LYS,-3.9,168.6,1.0,2,0,H,0.23414634146341465,-91.6,-5.3,16.0,3.0,0.8421052631578947,1.9717333673875952,20,0,33,-33,0.02984155182973038,1,0,0,0,0,0,0,0,0,12,93,4,0,5,1
1jqx,A,297,GLY,-0.4,60.1,0.0,0,0,T,0.6904761904761905,78.5,21.3,0.0,14.0,0.0,1.7095962021434312,16,9,16,-7,0.025645083603674543,0,0,0,0,0,1,0,0,0,12,93,4,0,5,1
1jqx,A,298,TYR,-1.3,193.6,0.0,1,1,-,0.1981981981981982,-92.3,136.0,16.0,3.0,0.8421052631578947,2.232430229174106,23,15,21,-6,0.040099585271200194,0,0,0,0,0,0,0,0,0,12,93,4,0,5,1
1jqx,A,299,GLN,-3.5,143.8,0.0,2,2,-,0.8080808080808081,-114.2,-1.7,0.0,19.0,0.0,1.8442284392470991,15,4,13,-9,0.028909003335051305,0,0,0,0,0,0,0,0,0,14,40,8,0,4,1
1jqx,A,300,SER,-0.8,89.0,0.0,1,1,S,0.3153846153846154,-151.2,150.9,5.0,19.0,0.20833333333333334,2.1939489301845665,20,8,11,-3,0.03683566553982344,0,0,0,0,0,0,1,0,0,12,93,4,0,5,1
1jqx,A,301,ILE,4.5,166.7,0.0,0,0,G,0.07692307692307693,-63.3,-26.6,21.0,14.0,0.6,2.2054266099744,32,17,11,6,0.04616115048661418,0,0,0,1,0,0,0,0,0,12,93,4,0,5,1
1jqx,A,302,ALA,1.8,88.6,0.0,0,0,G,0.6037735849056604,-60.7,-20.8,4.0,17.0,0.19047619047619047,1.7675104080746222,20,17,8,9,0.027510180593032695,0,0,0,1,0,0,0,0,0,12,93,4,0,5,1
1jqx,A,303,ASP,-3.5,111.1,-1.0,1,3,G,0.36809815950920244,-67.6,-18.1,10.0,11.0,0.47619047619047616,1.768998245624809,16,21,3,18,0.03170664881908853,0,0,0,1,0,0,0,0,0,12,93,4,0,5,1
1jqx,A,304,PHE,2.8,189.9,0.0,0,0,T,0.0,-141.9,-4.1,22.0,9.0,0.7096774193548387,3.865224812576215,29,31,22,9,0.04196468226055834,0,0,0,0,0,1,0,0,0,12,93,4,0,5,1
1jqx,A,305,HIS,-3.2,153.2,0.1,2,1,T,0.24456521739130435,-53.9,122.8,12.0,18.0,0.4,1.9566743033520697,29,19,10,9,0.04429605349725603,0,0,0,0,0,1,0,0,0,-1,0,0,0,0,0
1jqx,A,306,GLY,-0.4,60.1,0.0,0,0,T,0.11904761904761904,67.0,7.9,12.0,19.0,0.3870967741935484,1.9808316831876944,25,40,15,25,0.040565859518539735,0,0,0,0,0,1,0,0,0,-1,0,0,0,0,0
1jqx,A,307,LYS,-3.9,168.6,1.0,2,0,-,0.7902439024390244,-86.0,20.3,9.0,17.0,0.34615384615384615,1.8501139870489989,22,24,17,7,0.03590311704514436,0,0,0,0,0,0,0,0,0,-1,0,0,0,0,0
1jqx,A,308,LEU,3.8,166.7,0.0,0,0,P,0.06707317073170732,-53.1,128.9,25.0,11.0,0.6944444444444444,2.1852757535835448,34,37,27,10,0.043829779249916496,0,0,0,0,0,0,0,0,0,-1,0,0,0,0,0
1jqx,A,309,LYS,-3.9,168.6,1.0,2,0,B,0.5414634146341464,-94.6,139.1,9.0,17.0,0.34615384615384615,2.093058733358101,23,13,25,-12,0.03310547156110714,0,1,0,0,0,0,0,0,0,-1,0,0,0,0,0
1jqx,A,310,SER,-0.8,89.0,0.0,1,1,P,0.36153846153846153,-92.0,165.6,7.0,18.0,0.28,1.7904966014765666,21,30,13,17,0.03403802005578621,0,0,0,0,0,0,0,0,0,-1,0,0,0,0,0
1jqx,A,311,LEU,3.8,166.7,0.0,0,0,-,0.676829268292683,-92.1,360.0,15.0,6.0,0.7142857142857143,1.9127244372785523,20,22,10,12,0.028909003335051305,0,0,0,0,0,0,0,0,0,-1,0,0,0,0,0
1jqx,B,1,MET,1.9,162.9,0.0,0,0,-,0.34574468085106386,360.0,-35.7,11.0,11.0,0.5,2.103347641750777,23,4,18,-14,0.02844272908771177,0,0,0,0,0,0,0,0,0,20,21,8,0,1,1
1jqx,B,2,LEU,3.8,166.7,0.0,0,0,-,0.024390243902439025,-102.2,6.5,24.0,14.0,0.631578947368421,2.4052785464982405,32,4,12,-8,0.040099585271200194,0,0,0,0,0,0,0,0,0,20,21,8,0,1,1
1jqx,B,3,ASN,-3.5,114.1,0.0,2,2,-,0.6496815286624203,-48.4,130.9,4.0,21.0,0.16,1.749351517712188,20,9,7,2,0.03357174580844668,0,0,0,0,0,0,0,0,0,20,21,8,0,1,1
1jqx,B,4,THR,-0.7,116.1,0.0,1,1,E,0.07746478873239436,-131.6,143.3,19.0,9.0,0.6785714285714286,1.8107478433537487,29,13,5,8,0.04103213376587927,0,0,1,0,0,0,0,0,0,22,24,7,0,1,1
1jqx,B,5,THR,-0.7,116.1,0.0,1,1,E,0.5985915492957746,-112.8,123.2,3.0,22.0,0.12,1.9005772342600433,22,12,1,11,0.034970568550465285,0,0,1,0,0,0,0,0,0,25,24,1,0,0,1
1jqx,B,6,PHE,2.8,189.9,0.0,0,0,E,0.0,-147.5,135.4,24.0,9.0,0.7272727272727273,3.596048543224126,36,7,2,5,0.040099585271200194,0,0,1,0,0,0,0,0,0,43,0,10,0,0,1
1jqx,B,7,ALA,1.8,88.6,0.0,0,0,T,0.1320754716981132,55.5,37.4,20.0,12.0,0.625,1.8429021154657703,29,8,3,5,0.034970568550465285,0,0,0,0,0,1,0,0,0,43,0,10,0,0,1
1jqx,B,8,ASN,-3.5,114.1,0.0,2,2,T,1.0,63.1,19.3,6.0,12.0,0.3333333333333333,1.7221252236760747,14,8,2,6,0.02098234113027917,0,0,0,0,0,1,0,0,0,43,0,10,0,0,1
1jqx,B,9,ALA,1.8,88.6,0.0,0,0,E,0.19811320754716982,-122.7,156.9,18.0,7.0,0.72,2.166306788874997,25,9,7,2,0.028909003335051305,0,0,1,0,0,0,0,0,0,43,0,10,0,0,1
1jqx,B,10,LYS,-3.9,168.6,1.0,2,0,E,0.7463414634146341,-104.8,133.3,3.0,18.0,0.14285714285714285,1.9585947904654395,17,0,9,-9,0.034970568550465285,0,0,1,0,0,0,0,0,0,25,24,1,0,0,1
1jqx,B,11,PHE,2.8,189.9,0.0,0,0,E,0.01015228426395939,-125.8,146.6,20.0,8.0,0.7142857142857143,2.9234965595555384,30,8,9,-1,0.043363505002576956,0,0,1,0,0,0,0,0,0,-1,0,0,0,0,0
1jqx,B,12,ALA,1.8,88.6,0.0,0,0,S,0.49056603773584906,-65.5,-33.3,10.0,17.0,0.37037037037037035,1.926804803080873,26,7,11,-4,0.03403802005578621,0,0,0,0,0,0,1,0,0,20,21,8,0,1,1
1jqx,B,13,ASN,-3.5,114.1,0.0,2,2,S,0.05732484076433121,-157.6,163.9,17.0,19.0,0.4722222222222222,2.9413108091529905,33,4,14,-10,0.04289723075523742,0,0,0,0,0,0,1,0,0,-1,0,0,0,0,0
1jqx,B,14,PRO,-1.6,112.7,0.0,0,0,S,0.0,-78.4,-10.0,23.0,19.0,0.5476190476190477,4.382966818339157,41,4,0,4,0.05175644145468863,0,0,0,0,0,0,1,0,0,-1,0,0,0,0,0
1jqx,B,15,PHE,2.8,189.9,0.0,0,0,E,0.0,-72.6,136.3,25.0,24.0,0.5102040816326531,6.000282169268729,45,6,12,-6,0.05222271570202816,0,0,1,0,0,0,0,0,0,-1,0,0,0,0,0
1jqx,B,16,MET,1.9,162.9,0.0,0,0,E,0.0,-145.1,169.6,21.0,25.0,0.45652173913043476,5.959620314969409,39,0,3,-3,0.053155264196707235,0,0,1,0,0,0,0,0,0,-1,0,0,0,0,0
1jqx,B,17,ASN,-3.5,114.1,0.0,2,2,E,0.0,-84.1,160.3,25.0,23.0,0.5208333333333334,5.9475913680572265,43,19,8,11,0.05222271570202816,0,0,1,0,0,0,0,0,0,-1,0,0,0,0,0
1jqx,B,18,ALA,1.8,88.6,0.0,0,0,P,0.05660377358490566,-92.0,142.9,21.0,25.0,0.45652173913043476,2.881668014006916,39,25,5,20,0.045694876239274644,0,0,0,0,0,0,0,0,0,-1,0,0,0,0,0
1jqx,B,19,SER,-0.8,89.0,0.0,1,1,T,0.14615384615384616,-54.5,142.1,27.0,22.0,0.5510204081632653,2.0354327955447817,41,21,9,12,0.043829779249916496,0,0,0,0,0,1,0,0,0,-1,0,0,0,0,0
1jqx,B,20,GLY,-0.4,60.1,0.0,0,0,T,0.36904761904761907,99.1,-23.9,19.0,23.0,0.4523809523809524,1.7848511822555861,36,27,5,22,0.03590311704514436,0,0,0,0,0,1,0,0,0,-1,0,0,0,0,0
1jqx,B,21,VAL,4.2,140.0,0.0,0,0,S,0.14084507042253522,-109.9,124.6,17.0,20.0,0.4594594594594595,2.424276973700277,36,31,8,23,0.04289723075523742,0,0,0,0,0,0,1,0,0,-1,0,0,0,0,0
1jqx,B,22,HIS,-3.2,153.2,0.1,2,1,S,0.25,53.6,41.3,22.0,15.0,0.5945945945945946,2.132528978210971,35,17,34,-17,0.04289723075523742,0,0,0,0,0,0,1,0,0,-1,0,0,0,0,0
1jqx,B,23,CYS,2.5,108.5,0.0,1,0,-,0.007407407407407408,-150.5,30.4,23.0,15.0,0.6052631578947368,2.75094089171107,34,21,22,-1,0.05408781269138631,0,0,0,0,0,0,0,0,0,-1,0,0,0,0,0
1jqx,B,24,MET,1.9,162.9,0.0,0,0,S,0.2712765957446808,-79.6,-42.6,10.0,27.0,0.2702702702702703,2.3579312248694473,29,23,14,9,0.043363505002576956,0,0,0,0,0,0,1,0,0,-1,0,0,0,0,0
1jqx,B,25,THR,-0.7,116.1,0.0,1,1,S,0.29577464788732394,-117.1,169.5,3.0,22.0,0.12,2.5484323452445135,20,17,32,-15,0.03730193978716297,0,0,0,0,0,0,1,0,0,-1,0,0,0,0,0
1jqx,B,26,ILE,4.5,166.7,0.0,0,0,H,0.3254437869822485,-60.6,-38.1,8.0,16.0,0.3333333333333333,2.2393415076768237,22,5,38,-33,0.0363693912924839,1,0,0,0,0,0,0,0,0,-1,0,0,0,0,0
1jqx,B,27,GLU,-3.5,138.4,-1.0,1,3,H,0.6649484536082474,-61.3,-43.8,0.0,15.0,0.0,1.8241143899646615,14,10,26,-16,0.032639197313767604,1,0,0,0,0,0,0,0,0,-1,0,0,0,0,0
1jqx,B,28,ASP,-3.5,111.1,-1.0,1,3,H,0.22699386503067484,-61.6,-46.5,15.0,10.0,0.6,2.6223718418771647,25,16,27,-11,0.04196468226055834,1,0,0,0,0,0,0,0,0,-1,0,0,0,0,0
1jqx,B,29,LEU,3.8,166.7,0.0,0,0,H,0.0,-61.0,-39.9,15.0,17.0,0.46875,5.408392103679179,29,24,33,-9,0.05222271570202816,1,0,0,0,0,0,0,0,0,-1,0,0,0,0,0
1jqx,B,30,GLU,-3.5,138.4,-1.0,1,3,H,0.5927835051546392,-66.4,-29.2,5.0,21.0,0.19230769230769232,1.648342126112589,19,12,29,-17,0.040565859518539735,1,0,0,0,0,0,0,0,0,-1,0,0,0,0,0
1jqx,B,31,GLU,-3.5,138.4,-1.0,1,3,H,0.4175257731958763,-73.4,-34.4,12.0,12.0,0.5,1.784939455978184,22,17,26,-9,0.0363693912924839,1,0,0,0,0,0,0,0,0,-1,0,0,0,0,0
1jqx,B,32,LEU,3.8,166.7,0.0,0,0,H,0.0,-71.1,-36.5,22.0,14.0,0.6111111111111112,3.728368692933767,35,18,29,-11,0.05175644145468863,1,0,0,0,0,0,0,0,0,-1,0,0,0,0,0
1jqx,B,33,LYS,-3.9,168.6,1.0,2,0,H,0.23414634146341465,-63.4,-38.8,14.0,18.0,0.4375,1.9986347271971188,24,0,30,-30,0.03776821403450251,1,0,0,0,0,0,0,0,0,-1,0,0,0,0,0
1jqx,B,34,ALA,1.8,88.6,0.0,0,0,H,0.7735849056603774,-75.6,-20.7,7.0,13.0,0.35,1.7879414227351973,19,11,21,-10,0.024246260861655933,1,0,0,0,0,0,0,0,0,-1,0,0,0,0,0
1jqx,B,35,SER,-0.8,89.0,0.0,1,1,S,0.16153846153846155,-74.3,179.8,23.0,5.0,0.8214285714285714,2.052085224994199,27,14,22,-8,0.03357174580844668,0,0,0,0,0,0,1,0,0,9,136,6,0,10,1
1jqx,B,36,GLN,-3.5,143.8,0.0,2,2,S,0.6464646464646465,-86.8,7.5,11.0,19.0,0.36666666666666664,1.580871992319176,23,13,11,2,0.0363693912924839,0,0,0,0,0,0,1,0,0,9,136,6,0,10,1
1jqx,B,37,ALA,1.8,88.6,0.0,0,0,-,0.16981132075471697,-60.6,137.8,23.0,17.0,0.575,2.206451299989884,36,7,15,-8,0.048958795970651406,0,0,0,0,0,0,0,0,0,9,136,6,0,10,1
1jqx,B,38,GLY,-0.4,60.1,0.0,0,0,S,0.09523809523809523,-67.8,-29.6,20.0,19.0,0.5128205128205128,1.8580889919142791,33,10,9,1,0.04662742473395372,0,0,0,0,0,0,1,0,0,-1,0,0,0,0,0
1jqx,B,39,ALA,1.8,88.6,0.0,0,0,-,0.02830188679245283,-159.7,168.6,23.0,21.0,0.5227272727272727,2.3375163985864837,37,8,6,2,0.05408781269138631,0,0,0,0,0,0,0,0,0,-1,0,0,0,0,0
1jqx,B,40,TYR,-1.3,193.6,0.0,1,1,-,0.02702702702702703,-145.9,160.6,22.0,26.0,0.4583333333333333,3.402697464445989,43,14,18,-4,0.0526889899493677,0,0,0,0,0,0,0,0,0,-1,0,0,0,0,0
1jqx,B,41,ILE,4.5,166.7,0.0,0,0,B,0.0,-132.5,147.9,25.0,22.0,0.5319148936170213,6.37403776271869,44,17,9,8,0.05408781269138631,0,1,0,0,0,0,0,0,0,-1,0,0,0,0,0
1jqx,B,42,THR,-0.7,116.1,0.0,1,1,P,0.0,-80.2,162.0,26.0,21.0,0.5531914893617021,6.109986655038649,43,13,13,0,0.05455408693872585,0,0,0,0,0,0,0,0,0,-1,0,0,0,0,0
1jqx,B,43,LYS,-3.9,168.6,1.0,2,0,P,0.08780487804878048,-64.1,139.6,23.0,20.0,0.5348837209302325,3.2457640221918593,37,11,5,6,0.048958795970651406,0,0,0,0,0,0,0,0,0,-1,0,0,0,0,0
1jqx,B,44,SER,-0.8,89.0,0.0,1,1,P,0.015384615384615385,-54.5,127.6,22.0,26.0,0.4583333333333333,2.6543308012847193,43,18,11,7,0.050823892960009553,0,0,0,0,0,0,0,0,0,-1,0,0,0,0,0
1jqx,B,45,SER,-0.8,89.0,0.0,1,1,B,0.0,-109.8,161.3,20.0,22.0,0.47619047619047616,5.587897658403489,38,22,21,1,0.05781800667010261,0,1,0,0,0,0,0,0,0,-1,0,0,0,0,0
1jqx,B,46,THR,-0.7,116.1,0.0,1,1,-,0.014084507042253521,-121.3,166.9,14.0,25.0,0.358974358974359,2.8770009205413016,29,26,26,0,0.05455408693872585,0,0,0,0,0,0,0,0,0,-1,0,0,0,0,0
1jqx,B,47,LEU,3.8,166.7,0.0,0,0,S,0.3353658536585366,-57.6,-43.8,12.0,19.0,0.3870967741935484,2.0147728068784145,27,15,25,-10,0.04149840801321881,0,0,0,0,0,0,1,0,0,45,0,1,0,0,1
1jqx,B,48,GLU,-3.5,138.4,-1.0,1,3,S,0.7371134020618557,-102.9,152.5,4.0,21.0,0.16,1.8353263842876484,18,20,13,7,0.030307826077069916,0,0,0,0,0,0,1,0,0,45,0,1,0,0,1
1jqx,B,49,LYS,-3.9,168.6,1.0,2,0,-,0.7463414634146341,-63.0,142.1,5.0,17.0,0.22727272727272727,1.9355182659820558,17,10,20,-10,0.03450429430312575,0,0,0,0,0,0,0,0,0,45,0,1,0,0,1
1jqx,B,50,ARG,-4.5,173.4,1.0,5,0,B,0.2540322580645161,-126.6,140.3,19.0,6.0,0.76,1.933314845153295,28,13,21,-8,0.03590311704514436,0,1,0,0,0,0,0,0,0,-1,0,0,0,0,0
1jqx,B,51,GLU,-3.5,138.4,-1.0,1,3,-,1.0,-77.8,-34.1,3.0,15.0,0.16666666666666666,1.7327260769047992,14,20,2,18,0.025645083603674543,0,0,0,0,0,0,0,0,0,-1,0,0,0,0,0
1jqx,B,52,GLY,-0.4,60.1,0.0,0,0,-,0.27380952380952384,94.9,177.9,18.0,11.0,0.6206896551724138,1.709634155390957,22,18,10,8,0.03450429430312575,0,0,0,0,0,0,0,0,0,-1,0,0,0,0,0
1jqx,B,53,ASN,-3.5,114.1,0.0,2,2,S,0.1464968152866242,-74.0,160.9,18.0,7.0,0.72,1.8598461026852033,25,28,9,19,0.03776821403450251,0,0,0,0,0,0,1,0,0,-1,0,0,0,0,0
1jqx,B,54,PRO,-1.6,112.7,0.0,0,0,P,0.5220588235294118,-61.0,149.8,8.0,16.0,0.3333333333333333,2.19810410701036,20,16,10,6,0.027510180593032695,0,0,0,0,0,0,0,0,0,-1,0,0,0,0,0
1jqx,B,55,LEU,3.8,166.7,0.0,0,0,S,0.774390243902439,-94.9,156.4,2.0,19.0,0.09523809523809523,1.857958890386564,17,9,4,5,0.02844272908771177,0,0,0,0,0,0,1,0,0,-1,0,0,0,0,0
1jqx,B,56,PRO,-1.6,112.7,0.0,0,0,P,0.47058823529411764,-70.9,138.4,10.0,14.0,0.4166666666666667,2.2640974574674613,19,10,1,9,0.030774100324409453,0,0,0,0,0,0,0,0,0,-1,0,0,0,0,0
1jqx,B,57,ALA,1.8,88.6,0.0,0,0,-,0.018867924528301886,-120.2,-10.4,12.0,18.0,0.4,2.3511080133646467,29,11,2,9,0.043829779249916496,0,0,0,0,0,0,0,0,0,0,7923,16,0,1705,1
1jqx,B,58,TYR,-1.3,193.6,0.0,1,1,E,0.20270270270270271,-137.1,135.7,11.0,23.0,0.3235294117647059,2.0597405433517753,25,17,8,9,0.03963331102386066,0,0,1,0,0,0,0,0,0,0,7923,16,0,1705,1
1jqx,B,59,VAL,4.2,140.0,0.0,0,0,E,0.2605633802816901,-139.2,131.2,19.0,13.0,0.59375,2.4177868076276923,29,11,10,1,0.03823448828184205,0,0,1,0,0,0,0,0,0,0,7923,16,0,1705,1
1jqx,B,60,ASP,-3.5,111.1,-1.0,1,3,E,0.5214723926380368,-78.6,132.7,6.0,19.0,0.24,1.8400542665073136,21,19,7,12,0.032172923066428064,0,0,1,0,0,0,0,0,0,0,7923,16,0,1705,1
1jqx,B,61,LEU,3.8,166.7,0.0,0,0,E,0.054878048780487805,-119.4,156.1,19.0,6.0,0.76,2.1580384945738147,23,5,17,-12,0.034970568550465285,0,0,1,0,0,0,0,0,0,24,4,22,0,1,1
1jqx,B,62,GLU,-3.5,138.4,-1.0,1,3,T,0.9587628865979382,-54.9,-41.3,4.0,15.0,0.21052631578947367,1.7541790727486704,12,3,8,-5,0.021914889624958248,0,0,0,0,0,1,0,0,0,24,4,22,0,1,1
1jqx,B,63,LEU,3.8,166.7,0.0,0,0,T,0.18292682926829268,-101.3,14.8,13.0,14.0,0.48148148148148145,1.9101072064199949,20,8,22,-14,0.032172923066428064,0,0,0,0,0,1,0,0,0,24,4,22,0,1,1
1jqx,B,64,GLY,-0.4,60.1,0.0,0,0,E,0.03571428571428571,153.6,-127.0,24.0,13.0,0.6486486486486487,2.3600149306231124,26,11,22,-11,0.043829779249916496,0,0,1,0,0,0,0,0,0,24,4,22,0,1,1
1jqx,B,65,SER,-0.8,89.0,0.0,1,1,E,0.023076923076923078,-159.2,162.4,17.0,20.0,0.4594594594594595,2.9646114513793527,35,16,13,3,0.048958795970651406,0,0,1,0,0,0,0,0,0,-1,0,0,0,0,0
1jqx,B,66,ILE,4.5,166.7,0.0,0,0,E,0.0,-134.9,138.4,21.0,23.0,0.4772727272727273,4.757165341391303,40,3,9,-6,0.05222271570202816,0,0,1,0,0,0,0,0,0,-1,0,0,0,0,0
1jqx,B,67,ASN,-3.5,114.1,0.0,2,2,E,0.1592356687898089,-154.6,151.7,18.0,30.0,0.375,2.700820701573207,44,12,2,10,0.043363505002576956,0,0,1,0,0,0,0,0,0,18,16,17,0,2,1
1jqx,B,68,SER,-0.8,89.0,0.0,1,1,-,0.0,-143.7,59.9,21.0,18.0,0.5384615384615384,3.8565480583674963,36,17,3,14,0.05175644145468863,0,0,0,0,0,0,0,0,0,18,16,17,0,2,1
1jqx,B,69,MET,1.9,162.9,0.0,0,0,-,0.30319148936170215,-55.5,-42.2,12.0,25.0,0.32432432432432434,2.030377227532673,35,15,4,11,0.040565859518539735,0,0,0,0,0,0,0,0,0,18,16,17,0,2,1
1jqx,B,70,GLY,-0.4,60.1,0.0,0,0,-,0.011904761904761904,84.1,31.9,17.0,20.0,0.4594594594594595,2.3747848782726924,29,22,6,16,0.04196468226055834,0,0,0,0,0,0,0,0,0,18,16,17,0,2,1
1jqx,B,71,LEU,3.8,166.7,0.0,0,0,-,0.06097560975609756,55.2,47.5,22.0,18.0,0.55,2.6892609834114336,38,25,8,17,0.048026247475972325,0,0,0,0,0,0,0,0,0,-1,0,0,0,0,0
1jqx,B,72,PRO,-1.6,112.7,0.0,0,0,-,0.1323529411764706,-70.6,133.9,13.0,19.0,0.40625,2.4394870534682807,32,28,9,19,0.03870076252918159,0,0,0,0,0,0,0,0,0,-1,0,0,0,0,0
1jqx,B,73,ASN,-3.5,114.1,0.0,2,2,B,0.01910828025477707,-164.1,159.1,22.0,12.0,0.6470588235294118,3.0158572569381294,33,29,15,14,0.050823892960009553,0,1,0,0,0,0,0,0,0,-1,0,0,0,0,0
1jqx,B,74,LEU,3.8,166.7,0.0,0,0,S,0.32926829268292684,-83.0,6.3,12.0,16.0,0.42857142857142855,2.0537576978914576,26,24,15,9,0.043363505002576956,0,0,0,0,0,0,1,0,0,-1,0,0,0,0,0
1jqx,B,75,GLY,-0.4,60.1,0.0,0,0,-,0.05952380952380952,96.1,146.0,8.0,22.0,0.26666666666666666,2.226602498627278,31,26,24,2,0.048026247475972325,0,0,0,0,0,0,0,0,0,-1,0,0,0,0,0
1jqx,B,76,PHE,2.8,189.9,0.0,0,0,H,0.0,-48.9,-51.2,13.0,21.0,0.38235294117647056,2.902992337655025,35,15,28,-13,0.04942507021799094,1,0,0,0,0,0,0,0,0,-1,0,0,0,0,0
1jqx,B,77,ASP,-3.5,111.1,-1.0,1,3,H,0.5521472392638037,-56.8,-36.4,3.0,20.0,0.13043478260869565,1.7250767849065616,21,13,13,0,0.03310547156110714,1,0,0,0,0,0,0,0,0,-1,0,0,0,0,0
1jqx,B,78,TYR,-1.3,193.6,0.0,1,1,H,0.3153153153153153,-62.4,-50.2,15.0,10.0,0.6,2.1360068741186597,25,13,17,-4,0.03730193978716297,1,0,0,0,0,0,0,0,0,-1,0,0,0,0,0
1jqx,B,79,TYR,-1.3,193.6,0.0,1,1,H,0.0,-69.7,-37.8,26.0,12.0,0.6842105263157895,4.867361182906276,34,12,19,-7,0.05129016720734909,1,0,0,0,0,0,0,0,0,-1,0,0,0,0,0
1jqx,B,80,LEU,3.8,166.7,0.0,0,0,H,0.09146341463414634,-65.0,-47.6,16.0,22.0,0.42105263157894735,3.196118405074902,28,18,22,-4,0.04616115048661418,1,0,0,0,0,0,0,0,0,-1,0,0,0,0,0
1jqx,B,81,ASP,-3.5,111.1,-1.0,1,3,H,0.5214723926380368,-55.5,-41.6,6.0,15.0,0.2857142857142857,1.937043349177103,17,11,8,3,0.03403802005578621,1,0,0,0,0,0,0,0,0,35,3,3,0,0,1
1jqx,B,82,TYR,-1.3,193.6,0.0,1,1,H,0.08558558558558559,-63.1,-56.7,16.0,10.0,0.6153846153846154,2.3613059397448954,30,15,30,-15,0.04289723075523742,1,0,0,0,0,0,0,0,0,35,3,3,0,0,1
1jqx,B,83,VAL,4.2,140.0,0.0,0,0,H,0.007042253521126761,-60.4,-33.1,20.0,15.0,0.5714285714285714,2.51982356313849,32,16,17,-1,0.045694876239274644,1,0,0,0,0,0,0,0,0,-1,0,0,0,0,0
1jqx,B,84,LEU,3.8,166.7,0.0,0,0,H,0.17682926829268292,-67.0,-34.1,9.0,14.0,0.391304347826087,2.1860287627743333,24,20,22,-2,0.043363505002576956,1,0,0,0,0,0,0,0,0,35,3,3,0,0,1
1jqx,B,85,LYS,-3.9,168.6,1.0,2,0,H,0.4878048780487805,-82.9,-32.2,6.0,14.0,0.3,2.0248612177793834,17,9,21,-12,0.03403802005578621,1,0,0,0,0,0,0,0,0,35,3,3,0,0,1
1jqx,B,86,ASN,-3.5,114.1,0.0,2,2,H,0.050955414012738856,-68.0,-46.9,15.0,9.0,0.625,1.820876555000725,23,23,18,5,0.03916703677652112,1,0,0,0,0,0,0,0,0,35,3,3,0,0,1
1jqx,B,87,GLN,-3.5,143.8,0.0,2,2,H,0.26262626262626265,-42.7,-42.5,14.0,9.0,0.6086956521739131,1.9278699124733478,25,20,19,1,0.040099585271200194,1,0,0,0,0,0,0,0,0,35,3,3,0,0,1
1jqx,B,88,LYS,-3.9,168.6,1.0,2,0,T,0.7707317073170732,-68.1,-27.1,5.0,12.0,0.29411764705882354,1.9233652444305298,14,9,17,-8,0.02611135785101408,0,0,0,0,0,1,0,0,0,35,3,3,0,0,1
1jqx,B,89,GLU,-3.5,138.4,-1.0,1,3,T,0.6391752577319587,-75.1,-24.0,9.0,3.0,0.75,1.7409342593120662,14,20,1,19,0.023779986614316396,0,0,0,0,0,1,0,0,0,-1,0,0,0,0,0
1jqx,B,90,ASN,-3.5,114.1,0.0,2,2,T,1.0,53.5,44.3,0.0,15.0,0.0,1.5093214791475438,12,11,15,-4,0.023779986614316396,0,0,0,0,0,1,0,0,0,-1,0,0,0,0,0
1jqx,B,91,ALA,1.8,88.6,0.0,0,0,-,0.5094339622641509,-101.3,15.0,8.0,7.0,0.5333333333333333,1.7677565487615254,15,15,15,0,0.023779986614316396,0,0,0,0,0,0,0,0,0,-1,0,0,0,0,0
1jqx,B,92,GLN,-3.5,143.8,0.0,2,2,S,0.2676767676767677,-152.1,155.0,18.0,6.0,0.75,1.8748977445983317,25,14,17,-3,0.025645083603674543,0,0,0,0,0,0,1,0,0,3,1864,8,0,172,1
1jqx,B,93,GLU,-3.5,138.4,-1.0,1,3,S,0.6288659793814433,-88.8,105.3,11.0,13.0,0.4583333333333333,1.761116001730211,20,11,0,11,0.025178809356335007,0,0,0,0,0,0,1,0,0,-1,0,0,0,0,0
1jqx,B,94,GLY,-0.4,60.1,0.0,0,0,S,0.2261904761904762,99.9,139.2,21.0,10.0,0.6774193548387096,1.709565515800621,28,10,9,1,0.032172923066428064,0,0,0,0,0,0,1,0,0,3,1864,8,0,172,1
1jqx,B,95,PRO,-1.6,112.7,0.0,0,0,P,0.25,-61.9,160.2,14.0,21.0,0.4,2.027782919023979,29,5,7,-2,0.03963331102386066,0,0,0,0,0,0,0,0,0,3,1864,8,0,172,1
1jqx,B,96,ILE,4.5,166.7,0.0,0,0,P,0.047337278106508875,-87.1,151.9,23.0,21.0,0.5227272727272727,2.32946171842226,33,10,5,5,0.04755997322863279,0,0,0,0,0,0,0,0,0,3,1864,8,0,172,1
1jqx,B,97,PHE,2.8,189.9,0.0,0,0,E,0.0,-103.6,143.2,27.0,20.0,0.574468085106383,5.431503761618769,41,1,9,-8,0.05175644145468863,0,0,1,0,0,0,0,0,0,-1,0,0,0,0,0
1jqx,B,98,PHE,2.8,189.9,0.0,0,0,E,0.0,-118.7,113.9,22.0,24.0,0.4782608695652174,6.717250406039967,46,7,16,-9,0.05129016720734909,0,0,1,0,0,0,0,0,0,-1,0,0,0,0,0
1jqx,B,99,SER,-0.8,89.0,0.0,1,1,E,0.0,-96.3,137.2,23.0,24.0,0.48936170212765956,5.205961247559854,46,16,9,7,0.04989134446533048,0,0,1,0,0,0,0,0,0,-1,0,0,0,0,0
1jqx,B,100,ILE,4.5,166.7,0.0,0,0,E,0.0,-128.6,140.4,24.0,23.0,0.5106382978723404,5.410901176850505,45,12,17,-5,0.05222271570202816,0,0,1,0,0,0,0,0,0,-1,0,0,0,0,0
1jqx,B,101,ALA,1.8,88.6,0.0,0,0,-,0.03773584905660377,-141.1,69.6,24.0,22.0,0.5217391304347826,2.1107325477206205,41,21,18,3,0.045694876239274644,0,0,0,0,0,0,0,0,0,-1,0,0,0,0,0
1jqx,B,102,GLY,-0.4,60.1,0.0,0,0,-,0.19047619047619047,-56.4,150.5,13.0,22.0,0.37142857142857144,2.1214429502325283,33,13,12,1,0.043363505002576956,0,0,0,0,0,0,0,0,0,4,954,10,0,124,1
1jqx,B,103,MET,1.9,162.9,0.0,0,0,S,0.2765957446808511,-70.0,-17.9,10.0,23.0,0.30303030303030304,1.922500225586056,24,16,18,-2,0.03170664881908853,0,0,0,0,0,0,1,0,0,4,954,10,0,124,1
1jqx,B,104,SER,-0.8,89.0,0.0,1,1,S,0.4076923076923077,-153.2,165.4,4.0,20.0,0.16666666666666666,1.9049544674175924,24,6,10,-4,0.02611135785101408,0,0,0,0,0,0,1,0,0,4,954,10,0,124,1
1jqx,B,105,ALA,1.8,88.6,0.0,0,0,H,0.5377358490566038,-58.9,-42.0,10.0,18.0,0.35714285714285715,1.8987140525449555,26,11,16,-5,0.028909003335051305,1,0,0,0,0,0,0,0,0,-1,0,0,0,0,0
1jqx,B,106,ALA,1.8,88.6,0.0,0,0,H,0.6886792452830188,-60.1,-37.9,0.0,17.0,0.0,1.7675628151078744,18,6,14,-8,0.02611135785101408,1,0,0,0,0,0,0,0,0,-1,0,0,0,0,0
1jqx,B,107,GLU,-3.5,138.4,-1.0,1,3,H,0.12371134020618557,-70.4,-39.9,12.0,11.0,0.5217391304347826,2.153352241760151,24,8,9,-1,0.035436842797804825,1,0,0,0,0,0,0,0,0,45,0,1,0,0,1
1jqx,B,108,ASN,-3.5,114.1,0.0,2,2,H,0.050955414012738856,-64.7,-43.3,19.0,14.0,0.5757575757575758,3.594647106927318,34,6,16,-10,0.04476232774459557,1,0,0,0,0,0,0,0,0,-1,0,0,0,0,0
1jqx,B,109,ILE,4.5,166.7,0.0,0,0,H,0.05917159763313609,-62.6,-41.2,12.0,17.0,0.41379310344827586,2.5352441164803436,28,20,17,3,0.04196468226055834,1,0,0,0,0,0,0,0,0,-1,0,0,0,0,0
1jqx,B,110,ALA,1.8,88.6,0.0,0,0,H,0.3018867924528302,-62.7,-44.0,12.0,14.0,0.46153846153846156,1.859038498640252,26,18,20,-2,0.03683566553982344,1,0,0,0,0,0,0,0,0,-1,0,0,0,0,0
1jqx,B,111,MET,1.9,162.9,0.0,0,0,H,0.0,-67.4,-40.9,23.0,12.0,0.6571428571428571,4.578877354226255,35,17,20,-3,0.04755997322863279,1,0,0,0,0,0,0,0,0,-1,0,0,0,0,0
1jqx,B,112,LEU,3.8,166.7,0.0,0,0,H,0.0,-63.7,-36.4,23.0,18.0,0.5609756097560976,5.520597477543036,40,26,21,5,0.048026247475972325,1,0,0,0,0,0,0,0,0,-1,0,0,0,0,0
1jqx,B,113,LYS,-3.9,168.6,1.0,2,0,H,0.44878048780487806,-67.4,-38.4,7.0,17.0,0.2916666666666667,2.170553787615039,23,9,20,-11,0.04289723075523742,1,0,0,0,0,0,0,0,0,31,24,1,0,0,1
1jqx,B,114,LYS,-3.9,168.6,1.0,2,0,H,0.4195121951219512,-66.9,-37.3,11.0,12.0,0.4782608695652174,1.9928044970126007,25,10,23,-13,0.03683566553982344,1,0,0,0,0,0,0,0,0,31,24,1,0,0,1
1jqx,B,115,ILE,4.5,166.7,0.0,0,0,H,0.0,-68.0,-43.0,26.0,10.0,0.7222222222222222,4.79811714033155,36,25,18,7,0.050823892960009553,1,0,0,0,0,0,0,0,0,-1,0,0,0,0,0
1jqx,B,116,GLN,-3.5,143.8,0.0,2,2,H,0.24242424242424243,-61.0,-43.4,12.0,13.0,0.48,2.364867617428893,23,23,16,7,0.04476232774459557,1,0,0,0,0,0,0,0,0,-1,0,0,0,0,0
1jqx,B,117,GLU,-3.5,138.4,-1.0,1,3,H,0.8092783505154639,-71.8,-27.0,5.0,11.0,0.3125,1.7756706269103713,17,21,7,14,0.026577632098353617,1,0,0,0,0,0,0,0,0,31,24,1,0,0,1
1jqx,B,118,SER,-0.8,89.0,0.0,1,1,S,0.16153846153846155,-74.5,174.9,15.0,5.0,0.75,2.0477874900403568,22,19,19,0,0.03124037457174899,0,0,0,0,0,0,1,0,0,-1,0,0,0,0,0
1jqx,B,119,ASP,-3.5,111.1,-1.0,1,3,-,0.7914110429447853,-88.8,7.9,7.0,12.0,0.3684210526315789,1.6720841211544164,15,17,6,11,0.02797645484037223,0,0,0,0,0,0,0,0,0,-1,0,0,0,0,0
1jqx,B,120,PHE,2.8,189.9,0.0,0,0,-,0.025380710659898477,-51.7,125.1,21.0,8.0,0.7241379310344828,2.85660145946084,32,14,17,-3,0.03823448828184205,0,0,0,0,0,0,0,0,0,-1,0,0,0,0,0
1jqx,B,121,SER,-0.8,89.0,0.0,1,1,-,0.6538461538461539,-112.3,6.7,8.0,20.0,0.2857142857142857,1.880044903663341,24,11,8,3,0.027043906345693154,0,0,0,0,0,0,0,0,0,3,1864,8,0,172,1
1jqx,B,122,GLY,-0.4,60.1,0.0,0,0,S,0.03571428571428571,-87.2,-160.1,25.0,14.0,0.6410256410256411,1.913061226940491,33,9,7,2,0.04103213376587927,0,0,0,0,0,0,1,0,0,3,1864,8,0,172,1
1jqx,B,123,ILE,4.5,166.7,0.0,0,0,E,0.023668639053254437,-108.1,138.3,17.0,21.0,0.4473684210526316,3.3712091831800985,37,7,9,-2,0.04755997322863279,0,0,1,0,0,0,0,0,0,-1,0,0,0,0,0
1jqx,B,124,THR,-0.7,116.1,0.0,1,1,E,0.0,-108.8,140.3,21.0,24.0,0.4666666666666667,6.291769883100828,42,10,9,1,0.0526889899493677,0,0,1,0,0,0,0,0,0,-1,0,0,0,0,0
1jqx,B,125,GLU,-3.5,138.4,-1.0,1,3,E,0.0,-121.5,117.1,21.0,19.0,0.525,6.074407466850544,46,13,0,13,0.05222271570202816,0,0,1,0,0,0,0,0,0,-1,0,0,0,0,0
1jqx,B,126,LEU,3.8,166.7,0.0,0,0,E,0.0,-91.8,114.6,23.0,25.0,0.4791666666666667,4.8065686381555635,43,7,11,-4,0.04709369898129325,0,0,1,0,0,0,0,0,0,-1,0,0,0,0,0
1jqx,B,127,ASN,-3.5,114.1,0.0,2,2,E,0.10828025477707007,-85.0,105.5,20.0,23.0,0.46511627906976744,2.623041255870539,41,14,9,5,0.04429605349725603,0,0,1,0,0,0,0,0,0,-1,0,0,0,0,0
1jqx,B,128,LEU,3.8,166.7,0.0,0,0,-,0.03048780487804878,-106.2,25.4,21.0,21.0,0.5,2.545885318685636,38,10,13,-3,0.04662742473395372,0,0,0,0,0,0,0,0,0,-1,0,0,0,0,0
1jqx,B,129,SER,-0.8,89.0,0.0,1,1,-,0.007692307692307693,-142.3,20.3,21.0,21.0,0.5,2.8480222049328745,38,11,6,5,0.04989134446533048,0,0,0,0,0,0,0,0,0,-1,0,0,0,0,0
1jqx,B,130,CYS,2.5,108.5,0.0,1,0,-,0.17037037037037037,-63.6,122.2,22.0,25.0,0.46808510638297873,1.8619105636430566,44,22,2,20,0.03963331102386066,0,0,0,0,0,0,0,0,0,18,16,17,0,2,1
1jqx,B,131,PRO,-1.6,112.7,0.0,0,0,-,0.03676470588235294,-99.5,12.5,22.0,21.0,0.5116279069767442,2.1973072936497258,36,11,7,4,0.04616115048661418,0,0,0,0,0,0,0,0,0,18,16,17,0,2,1
1jqx,B,132,ASN,-3.5,114.1,0.0,2,2,-,0.050955414012738856,-117.8,10.3,24.0,19.0,0.5581395348837209,2.5423760483256124,38,20,0,20,0.04662742473395372,0,0,0,0,0,0,0,0,0,18,16,17,0,2,1
1jqx,B,133,VAL,4.2,140.0,0.0,0,0,S,0.09154929577464789,-94.1,116.4,16.0,19.0,0.45714285714285713,1.9759768139897678,31,22,1,21,0.03870076252918159,0,0,0,0,0,0,1,0,0,4,954,10,0,124,1
1jqx,B,134,PRO,-1.6,112.7,0.0,0,0,T,0.5441176470588235,-51.9,123.5,8.0,17.0,0.32,1.917646898763682,22,22,1,21,0.02471253510899547,0,0,0,0,0,1,0,0,0,-1,0,0,0,0,0
1jqx,B,135,GLY,-0.4,60.1,0.0,0,0,T,0.9047619047619048,78.9,6.3,1.0,16.0,0.058823529411764705,1.745978394535598,17,15,6,9,0.020049792635600097,0,0,0,0,0,1,0,0,0,4,954,10,0,124,1
1jqx,B,136,LYS,-3.9,168.6,1.0,2,0,-,0.5317073170731708,-124.7,86.7,14.0,10.0,0.5833333333333334,1.8706937730931985,21,6,3,3,0.027043906345693154,0,0,0,0,0,0,0,0,0,4,954,10,0,124,1
1jqx,B,137,PRO,-1.6,112.7,0.0,0,0,-,0.49264705882352944,-61.8,163.6,11.0,16.0,0.4074074074074074,1.8864525314452343,26,20,17,3,0.04149840801321881,0,0,0,0,0,0,0,0,0,4,954,10,0,124,1
1jqx,B,138,GLN,-3.5,143.8,0.0,2,2,-,0.045454545454545456,-62.1,118.2,21.0,17.0,0.5526315789473685,2.413394840974218,32,19,15,4,0.04243095650789788,0,0,0,0,0,0,0,0,0,17,24,11,0,2,1
1jqx,B,139,LEU,3.8,166.7,0.0,0,0,G,0.3353658536585366,-58.9,-36.2,17.0,17.0,0.5,2.1559480363240087,31,12,19,-7,0.03870076252918159,0,0,0,1,0,0,0,0,0,17,24,11,0,2,1
1jqx,B,140,ALA,1.8,88.6,0.0,0,0,G,0.0,-70.7,5.3,23.0,15.0,0.6052631578947368,4.094558122415956,31,14,19,-5,0.05035761871267001,0,0,0,1,0,0,0,0,0,17,24,11,0,2,1
1jqx,B,141,TYR,-1.3,193.6,0.0,1,1,G,0.16666666666666666,-100.6,-3.6,19.0,14.0,0.5757575757575758,1.9390891290655423,29,19,17,2,0.04289723075523742,0,0,0,1,0,0,0,0,0,17,24,11,0,2,1
1jqx,B,142,ASP,-3.5,111.1,-1.0,1,3,-,0.5030674846625767,-112.8,91.3,14.0,11.0,0.56,1.9902925825530715,21,11,19,-8,0.032639197313767604,0,0,0,0,0,0,0,0,0,19,24,8,0,1,1
1jqx,B,143,PHE,2.8,189.9,0.0,0,0,H,0.2131979695431472,-56.5,-41.7,11.0,14.0,0.44,2.099661389984981,26,13,33,-20,0.03823448828184205,1,0,0,0,0,0,0,0,0,17,24,11,0,2,1
1jqx,B,144,GLU,-3.5,138.4,-1.0,1,3,H,0.845360824742268,-63.0,-48.8,0.0,16.0,0.0,1.7607911944958146,13,13,17,-4,0.02797645484037223,1,0,0,0,0,0,0,0,0,19,24,8,0,1,1
1jqx,B,145,ALA,1.8,88.6,0.0,0,0,H,0.2641509433962264,-63.2,-37.0,9.0,11.0,0.45,1.8512105193302681,19,15,27,-12,0.03124037457174899,1,0,0,0,0,0,0,0,0,19,24,8,0,1,1
1jqx,B,146,THR,-0.7,116.1,0.0,1,1,H,0.0,-65.0,-49.0,19.0,11.0,0.6333333333333333,4.401021602327401,33,16,27,-11,0.04289723075523742,1,0,0,0,0,0,0,0,0,17,24,11,0,2,1
1jqx,B,147,GLU,-3.5,138.4,-1.0,1,3,H,0.28865979381443296,-61.1,-40.9,10.0,16.0,0.38461538461538464,2.162414412763837,22,17,26,-9,0.04103213376587927,1,0,0,0,0,0,0,0,0,-1,0,0,0,0,0
1jqx,B,148,LYS,-3.9,168.6,1.0,2,0,H,0.775609756097561,-61.0,-44.8,6.0,14.0,0.3,1.904921055881899,18,9,33,-24,0.0363693912924839,1,0,0,0,0,0,0,0,0,28,24,1,0,0,1
1jqx,B,149,LEU,3.8,166.7,0.0,0,0,H,0.04878048780487805,-64.4,-48.3,18.0,12.0,0.6,2.3343230145858245,32,17,23,-6,0.040099585271200194,1,0,0,0,0,0,0,0,0,28,24,1,0,0,1
1jqx,B,150,LEU,3.8,166.7,0.0,0,0,H,0.0,-62.1,-35.5,21.0,13.0,0.6176470588235294,5.201576717597984,34,16,20,-4,0.04289723075523742,1,0,0,0,0,0,0,0,0,-1,0,0,0,0,0
1jqx,B,151,LYS,-3.9,168.6,1.0,2,0,H,0.5414634146341464,-62.3,-40.5,6.0,16.0,0.2727272727272727,2.0309061542187234,19,8,21,-13,0.03823448828184205,1,0,0,0,0,0,0,0,0,-1,0,0,0,0,0
1jqx,B,152,GLU,-3.5,138.4,-1.0,1,3,H,0.4587628865979381,-70.5,-40.0,11.0,10.0,0.5238095238095238,1.948939853497455,21,23,3,20,0.03450429430312575,1,0,0,0,0,0,0,0,0,-1,0,0,0,0,0
1jqx,B,153,VAL,4.2,140.0,0.0,0,0,H,0.0,-56.2,-47.2,20.0,12.0,0.625,4.630204053873493,31,20,12,8,0.04709369898129325,1,0,0,0,0,0,0,0,0,-1,0,0,0,0,0
1jqx,B,154,PHE,2.8,189.9,0.0,0,0,T,0.19796954314720813,-78.0,5.0,13.0,12.0,0.52,2.38151703129666,29,15,8,7,0.040099585271200194,0,0,0,0,0,1,0,0,0,-1,0,0,0,0,0
1jqx,B,155,THR,-0.7,116.1,0.0,1,1,T,0.7887323943661971,-82.1,-12.3,5.0,12.0,0.29411764705882354,1.8178644391974674,15,12,9,3,0.02471253510899547,0,0,0,0,0,1,0,0,0,-1,0,0,0,0,0
1jqx,B,156,PHE,2.8,189.9,0.0,0,0,T,0.2233502538071066,-142.4,-27.4,10.0,9.0,0.5263157894736842,2.1438376790860336,21,24,15,9,0.02984155182973038,0,0,0,0,0,1,0,0,0,-1,0,0,0,0,0
1jqx,B,157,PHE,2.8,189.9,0.0,0,0,-,0.025380710659898477,-80.3,113.3,25.0,6.0,0.8064516129032258,3.3025158728775366,33,22,7,15,0.04149840801321881,0,0,0,0,0,0,0,0,0,-1,0,0,0,0,0
1jqx,B,158,THR,-0.7,116.1,0.0,1,1,-,0.8098591549295775,-109.6,-4.2,2.0,22.0,0.08333333333333333,1.8935372250420077,18,9,1,8,0.029375277582390842,0,0,0,0,0,0,0,0,0,-1,0,0,0,0,0
1jqx,B,159,LYS,-3.9,168.6,1.0,2,0,S,0.2,-85.9,165.7,16.0,14.0,0.5333333333333333,1.9518926580553715,26,7,10,-3,0.03590311704514436,0,0,0,0,0,0,1,0,0,-1,0,0,0,0,0
1jqx,B,160,PRO,-1.6,112.7,0.0,0,0,-,0.3088235294117647,-55.8,125.7,16.0,20.0,0.4444444444444444,2.2346133731843594,29,9,4,5,0.03870076252918159,0,0,0,0,0,0,0,0,0,-1,0,0,0,0,0
1jqx,B,161,LEU,3.8,166.7,0.0,0,0,E,0.006097560975609756,-136.1,132.8,18.0,19.0,0.4864864864864865,2.8859899668743503,37,9,9,0,0.048026247475972325,0,0,1,0,0,0,0,0,0,-1,0,0,0,0,0
1jqx,B,162,GLY,-0.4,60.1,0.0,0,0,E,0.0,-123.5,165.4,20.0,19.0,0.5128205128205128,5.469228672774551,39,10,9,1,0.048958795970651406,0,0,1,0,0,0,0,0,0,-1,0,0,0,0,0
1jqx,B,163,VAL,4.2,140.0,0.0,0,0,E,0.0,-125.6,135.0,16.0,28.0,0.36363636363636365,7.594048798075164,42,9,9,0,0.04942507021799094,0,0,1,0,0,0,0,0,0,-1,0,0,0,0,0
1jqx,B,164,LYS,-3.9,168.6,1.0,2,0,E,0.04390243902439024,-91.1,117.1,24.0,21.0,0.5333333333333333,4.247375633618962,36,0,9,-9,0.05408781269138631,0,0,1,0,0,0,0,0,0,-1,0,0,0,0,0
1jqx,B,165,LEU,3.8,166.7,0.0,0,0,E,0.0,-105.6,151.6,23.0,20.0,0.5348837209302325,7.365330292277442,37,9,4,5,0.05502036118606539,0,0,1,0,0,0,0,0,0,-1,0,0,0,0,0
1jqx,B,166,PRO,-1.6,112.7,0.0,0,0,-,0.007352941176470588,-81.4,166.4,20.0,23.0,0.46511627906976744,5.526277404788251,37,12,3,9,0.05595290968074446,0,0,0,0,0,0,0,0,0,-1,0,0,0,0,0
1jqx,B,167,PRO,-1.6,112.7,0.0,0,0,-,0.0,-76.1,144.0,28.0,23.0,0.5490196078431373,4.177708450802515,34,9,4,5,0.05222271570202816,0,0,0,0,0,0,0,0,0,-1,0,0,0,0,0
1jqx,B,168,TYR,-1.3,193.6,0.0,1,1,-,0.009009009009009009,-111.9,153.0,20.0,25.0,0.4444444444444444,3.0105422253165646,38,13,12,1,0.048958795970651406,0,0,0,0,0,0,0,0,0,-1,0,0,0,0,0
1jqx,B,169,PHE,2.8,189.9,0.0,0,0,-,0.03553299492385787,-131.1,11.2,19.0,24.0,0.4418604651162791,2.719110048975193,30,10,8,2,0.04989134446533048,0,0,0,0,0,0,0,0,0,-1,0,0,0,0,0
1jqx,B,170,ASP,-3.5,111.1,-1.0,1,3,S,0.012269938650306749,-135.2,129.6,17.0,23.0,0.425,2.2439356665313195,34,20,10,10,0.04662742473395372,0,0,0,0,0,0,1,0,0,-1,0,0,0,0,0
1jqx,B,171,LEU,3.8,166.7,0.0,0,0,H,0.2865853658536585,-58.0,-33.4,15.0,18.0,0.45454545454545453,2.099664213538171,31,30,16,14,0.040099585271200194,1,0,0,0,0,0,0,0,0,36,1,9,0,0,1
1jqx,B,172,VAL,4.2,140.0,0.0,0,0,H,0.4084507042253521,-65.3,-32.2,10.0,16.0,0.38461538461538464,2.2635075465937105,20,20,21,-1,0.03357174580844668,1,0,0,0,0,0,0,0,0,36,1,9,0,0,1
1jqx,B,173,HIS,-3.2,153.2,0.1,2,1,H,0.22282608695652173,-67.2,-38.3,16.0,12.0,0.5714285714285714,2.925954495060272,24,4,22,-18,0.043829779249916496,1,0,0,0,0,0,0,0,0,36,1,9,0,0,1
1jqx,B,174,PHE,2.8,189.9,0.0,0,0,H,0.0,-64.8,-38.3,18.0,15.0,0.5454545454545454,4.426252969955879,36,26,17,9,0.05175644145468863,1,0,0,0,0,0,0,0,0,36,1,9,0,0,1
1jqx,B,175,ASP,-3.5,111.1,-1.0,1,3,H,0.49079754601226994,-63.9,-46.5,5.0,19.0,0.20833333333333334,1.8415167322414125,20,20,16,4,0.03683566553982344,1,0,0,0,0,0,0,0,0,36,1,9,0,0,1
1jqx,B,176,ILE,4.5,166.7,0.0,0,0,H,0.33136094674556216,-62.2,-51.6,12.0,13.0,0.48,2.2167307083763212,23,16,32,-16,0.03590311704514436,1,0,0,0,0,0,0,0,0,36,1,9,0,0,1
1jqx,B,177,MET,1.9,162.9,0.0,0,0,H,0.0,-59.8,-42.3,17.0,17.0,0.5,5.32366968143956,37,17,32,-15,0.04476232774459557,1,0,0,0,0,0,0,0,0,15,24,10,1,3,1
1jqx,B,178,ALA,1.8,88.6,0.0,0,0,H,0.04716981132075472,-62.1,-41.2,16.0,17.0,0.48484848484848486,2.537441522937869,29,25,18,7,0.04662742473395372,1,0,0,0,0,0,0,0,0,36,1,9,0,0,1
1jqx,B,179,GLU,-3.5,138.4,-1.0,1,3,H,0.7319587628865979,-62.7,-40.9,6.0,13.0,0.3157894736842105,1.7616240087454178,17,9,14,-5,0.03310547156110714,1,0,0,0,0,0,0,0,0,6,495,9,0,50,1
1jqx,B,180,ILE,4.5,166.7,0.0,0,0,H,0.03550295857988166,-65.9,-51.4,16.0,12.0,0.5714285714285714,2.7503072450081616,33,12,30,-18,0.043829779249916496,1,0,0,0,0,0,0,0,0,15,24,10,1,3,1
1jqx,B,181,LEU,3.8,166.7,0.0,0,0,H,0.0,-64.6,-39.5,22.0,15.0,0.5945945945945946,5.736221341637264,36,15,20,-5,0.04755997322863279,1,0,0,0,0,0,0,0,0,6,495,9,0,50,1
1jqx,B,182,ASN,-3.5,114.1,0.0,2,2,T,0.2929936305732484,-61.6,-14.1,12.0,15.0,0.4444444444444444,2.155681972011384,23,16,21,-5,0.040565859518539735,0,0,0,0,0,1,0,0,0,6,495,9,0,50,1
1jqx,B,183,GLN,-3.5,143.8,0.0,2,2,T,0.4292929292929293,-85.2,-4.4,8.0,11.0,0.42105263157894735,1.833436036543826,19,15,18,-3,0.028909003335051305,0,0,0,0,0,1,0,0,0,6,495,9,0,50,1
1jqx,B,184,PHE,2.8,189.9,0.0,0,0,S,0.07106598984771574,-115.8,154.1,23.0,8.0,0.7419354838709677,2.5082120309837483,28,17,17,0,0.03590311704514436,0,0,0,0,0,0,1,0,0,6,495,9,0,50,1
1jqx,B,185,PRO,-1.6,112.7,0.0,0,0,-,0.7132352941176471,-83.7,52.9,8.0,21.0,0.27586206896551724,1.875729099696463,22,10,9,1,0.02984155182973038,0,0,0,0,0,0,0,0,0,6,495,9,0,50,1
1jqx,B,186,LEU,3.8,166.7,0.0,0,0,-,0.03048780487804878,-71.9,149.6,22.0,13.0,0.6285714285714286,3.138452441495683,35,12,8,4,0.043829779249916496,0,0,0,0,0,0,0,0,0,-1,0,0,0,0,0
1jqx,B,187,THR,-0.7,116.1,0.0,1,1,-,0.19014084507042253,-85.2,-38.7,19.0,17.0,0.5277777777777778,1.9443219245350325,32,10,13,-3,0.043363505002576956,0,0,0,0,0,0,0,0,0,-1,0,0,0,0,0
1jqx,B,188,TYR,-1.3,193.6,0.0,1,1,E,0.0,-164.8,171.1,19.0,20.0,0.48717948717948717,5.846639793482805,37,9,11,-2,0.04709369898129325,0,0,1,0,0,0,0,0,0,-1,0,0,0,0,0
1jqx,B,189,VAL,4.2,140.0,0.0,0,0,E,0.0,-126.8,135.6,27.0,25.0,0.5192307692307693,6.055933534679945,42,10,8,2,0.05502036118606539,0,0,1,0,0,0,0,0,0,-1,0,0,0,0,0
1jqx,B,190,ASN,-3.5,114.1,0.0,2,2,E,0.0,-115.1,110.9,20.0,25.0,0.4444444444444444,6.276107915566749,47,11,9,2,0.0526889899493677,0,0,1,0,0,0,0,0,0,-1,0,0,0,0,0
1jqx,B,191,SER,-0.8,89.0,0.0,1,1,E,0.0,-119.1,129.2,22.0,27.0,0.4489795918367347,6.355394199583884,44,21,4,17,0.05595290968074446,0,0,1,0,0,0,0,0,0,-1,0,0,0,0,0
1jqx,B,192,VAL,4.2,140.0,0.0,0,0,-,0.014084507042253521,-133.6,163.4,27.0,24.0,0.5294117647058824,3.3602460290508867,43,19,1,18,0.053155264196707235,0,0,0,0,0,0,0,0,0,-1,0,0,0,0,0
1jqx,B,193,ASN,-3.5,114.1,0.0,2,2,-,0.12101910828025478,-79.1,176.5,23.0,25.0,0.4791666666666667,2.077317107878514,43,9,4,5,0.04429605349725603,0,0,0,0,0,0,0,0,0,18,16,17,0,2,1
1jqx,B,194,SER,-0.8,89.0,0.0,1,1,-,0.2076923076923077,-60.7,152.1,23.0,26.0,0.46938775510204084,2.226452342686304,41,7,0,7,0.04243095650789788,0,0,0,0,0,0,0,0,0,18,16,17,0,2,1
1jqx,B,195,ILE,4.5,166.7,0.0,0,0,E,0.023668639053254437,-72.3,113.5,28.0,23.0,0.5490196078431373,5.600324873619562,38,2,1,1,0.048026247475972325,0,0,1,0,0,0,0,0,0,-1,0,0,0,0,0
1jqx,B,196,GLY,-0.4,60.1,0.0,0,0,E,0.011904761904761904,-64.6,148.4,20.0,23.0,0.46511627906976744,5.389330654710333,37,4,8,-4,0.048958795970651406,0,0,1,0,0,0,0,0,0,-1,0,0,0,0,0
1jqx,B,197,ASN,-3.5,114.1,0.0,2,2,E,0.01910828025477707,46.1,53.0,21.0,27.0,0.4375,3.872555281930012,43,15,11,4,0.05455408693872585,0,0,1,0,0,0,0,0,0,-1,0,0,0,0,0
1jqx,B,198,GLY,-0.4,60.1,0.0,0,0,E,0.0,-92.3,173.5,20.0,24.0,0.45454545454545453,6.58997443388581,45,17,5,12,0.050823892960009553,0,0,1,0,0,0,0,0,0,-1,0,0,0,0,0
1jqx,B,199,LEU,3.8,166.7,0.0,0,0,E,0.0,-138.0,136.6,21.0,23.0,0.4772727272727273,4.8825478390059835,41,27,15,12,0.04942507021799094,0,0,1,0,0,0,0,0,0,-1,0,0,0,0,0
1jqx,B,200,PHE,2.8,189.9,0.0,0,0,-,0.25380710659898476,-125.5,136.5,19.0,29.0,0.3958333333333333,3.5994093217046523,34,9,22,-13,0.04709369898129325,0,0,0,0,0,0,0,0,0,11,24,20,0,7,1
1jqx,B,201,ILE,4.5,166.7,0.0,0,0,E,0.0,-122.6,142.0,25.0,16.0,0.6097560975609756,4.404345562461794,35,25,37,-12,0.04429605349725603,0,0,1,0,0,0,0,0,0,11,24,20,0,7,1
1jqx,B,202,ASP,-3.5,111.1,-1.0,1,3,E,0.4110429447852761,-95.4,104.4,12.0,14.0,0.46153846153846156,2.230294656629611,21,12,25,-13,0.03590311704514436,0,0,1,0,0,0,0,0,0,-1,0,0,0,0,0
1jqx,B,203,PRO,-1.6,112.7,0.0,0,0,T,0.19852941176470587,-61.8,-29.8,12.0,16.0,0.42857142857142855,2.1262820314409905,26,10,40,-30,0.04149840801321881,0,0,0,0,0,1,0,0,0,-1,0,0,0,0,0
1jqx,B,204,GLU,-3.5,138.4,-1.0,1,3,T,0.7525773195876289,-73.7,-44.6,0.0,20.0,0.0,1.7469350120924978,15,11,19,-8,0.027510180593032695,0,0,0,0,0,1,0,0,0,-1,0,0,0,0,0
1jqx,B,205,ALA,1.8,88.6,0.0,0,0,T,0.37735849056603776,-81.3,-9.1,8.0,10.0,0.4444444444444444,1.8307595962676129,19,16,28,-12,0.026577632098353617,0,0,0,0,0,1,0,0,0,-1,0,0,0,0,0
1jqx,B,206,GLU,-3.5,138.4,-1.0,1,3,T,0.08247422680412371,54.8,40.8,13.0,15.0,0.4642857142857143,2.274935434438141,23,27,27,0,0.04289723075523742,0,0,0,0,0,1,0,0,0,-1,0,0,0,0,0
1jqx,B,207,SER,-0.8,89.0,0.0,1,1,E,0.15384615384615385,-140.5,161.9,8.0,18.0,0.3076923076923077,2.131424132777462,25,18,32,-14,0.043829779249916496,0,0,1,0,0,0,0,0,0,-1,0,0,0,0,0
1jqx,B,208,VAL,4.2,140.0,0.0,0,0,E,0.007042253521126761,-75.6,172.6,24.0,13.0,0.6486486486486487,2.739865948675514,30,27,21,6,0.04709369898129325,0,0,1,0,0,0,0,0,0,-1,0,0,0,0,0
1jqx,B,209,VAL,4.2,140.0,0.0,0,0,S,0.19718309859154928,-112.4,-5.4,14.0,20.0,0.4117647058823529,2.157847786643536,32,8,18,-10,0.04196468226055834,0,0,0,0,0,0,1,0,0,-1,0,0,0,0,0
1jqx,B,210,ILE,4.5,166.7,0.0,0,0,-,0.0,-124.3,149.2,24.0,12.0,0.6666666666666666,4.667279704742732,35,18,9,9,0.048026247475972325,0,0,0,0,0,0,0,0,0,-1,0,0,0,0,0
1jqx,B,211,LYS,-3.9,168.6,1.0,2,0,S,0.47317073170731705,-76.3,-41.4,8.0,22.0,0.26666666666666666,2.3154305491357317,19,8,8,0,0.04429605349725603,0,0,0,0,0,0,1,0,0,-1,0,0,0,0,0
1jqx,B,212,PRO,-1.6,112.7,0.0,0,0,G,0.058823529411764705,-66.1,155.1,19.0,11.0,0.6333333333333333,2.5619666219017785,32,18,8,10,0.04476232774459557,0,0,0,1,0,0,0,0,0,-1,0,0,0,0,0
1jqx,B,213,LYS,-3.9,168.6,1.0,2,0,G,0.2097560975609756,42.0,46.0,20.0,12.0,0.625,1.8769302015578186,31,10,8,2,0.03310547156110714,0,0,0,1,0,0,0,0,0,-1,0,0,0,0,0
1jqx,B,214,ASP,-3.5,111.1,-1.0,1,3,G,0.6319018404907976,52.7,30.3,8.0,25.0,0.24242424242424243,1.756676299117912,24,35,0,35,0.03683566553982344,0,0,0,1,0,0,0,0,0,-1,0,0,0,0,0
1jqx,B,215,GLY,-0.4,60.1,0.0,0,0,G,0.0,93.1,-3.1,19.0,23.0,0.4523809523809524,4.2404389761920855,39,24,9,15,0.05129016720734909,0,0,0,1,0,0,0,0,0,-1,0,0,0,0,0
1jqx,B,216,PHE,2.8,189.9,0.0,0,0,E,0.07614213197969544,-80.7,129.0,20.0,26.0,0.43478260869565216,2.551735179712365,42,26,11,15,0.04989134446533048,0,0,1,0,0,0,0,0,0,-1,0,0,0,0,0
1jqx,B,217,GLY,-0.4,60.1,0.0,0,0,E,0.0,-153.0,169.4,21.0,22.0,0.4883720930232558,5.695159359719271,41,11,5,6,0.053155264196707235,0,0,1,0,0,0,0,0,0,-1,0,0,0,0,0
1jqx,B,218,GLY,-0.4,60.1,0.0,0,0,E,0.0,-72.4,137.5,21.0,25.0,0.45652173913043476,3.2909651931913846,42,4,0,4,0.04709369898129325,0,0,1,0,0,0,0,0,0,18,16,17,0,2,1
1jqx,B,219,ILE,4.5,166.7,0.0,0,0,E,0.01775147928994083,-100.3,133.5,23.0,26.0,0.46938775510204084,3.873688129921722,39,4,0,4,0.048492521723311866,0,0,1,0,0,0,0,0,0,-1,0,0,0,0,0
1jqx,B,220,GLY,-0.4,60.1,0.0,0,0,E,0.05952380952380952,-132.4,174.7,26.0,26.0,0.5,2.483517019071902,38,9,7,2,0.04616115048661418,0,0,1,0,0,0,0,0,0,-1,0,0,0,0,0
1jqx,B,221,GLY,-0.4,60.1,0.0,0,0,S,0.10714285714285714,94.3,-158.7,18.0,22.0,0.45,2.1294854118337665,36,16,17,-1,0.04289723075523742,0,0,0,0,0,0,1,0,0,-1,0,0,0,0,0
1jqx,B,222,ALA,1.8,88.6,0.0,0,0,G,0.33962264150943394,-52.7,-34.3,11.0,26.0,0.2972972972972973,1.8585953553329326,27,12,23,-11,0.04289723075523742,0,0,0,1,0,0,0,0,0,-1,0,0,0,0,0
1jqx,B,223,TYR,-1.3,193.6,0.0,1,1,G,0.08108108108108109,-52.7,-37.5,22.0,19.0,0.5365853658536586,3.4675581084611444,24,14,9,5,0.04616115048661418,0,0,0,1,0,0,0,0,0,11,24,20,0,7,1
1jqx,B,224,ILE,4.5,166.7,0.0,0,0,G,0.023668639053254437,-101.8,2.1,28.0,22.0,0.56,3.974157044171034,32,13,0,13,0.045228601991935104,0,0,0,1,0,0,0,0,0,-1,0,0,0,0,0
1jqx,B,225,LYS,-3.9,168.6,1.0,2,0,H,0.12682926829268293,-57.8,-42.1,18.0,26.0,0.4090909090909091,2.8046863785120895,34,9,21,-12,0.04289723075523742,1,0,0,0,0,0,0,0,0,-1,0,0,0,0,0
1jqx,B,226,PRO,-1.6,112.7,0.0,0,0,H,0.022058823529411766,-58.3,-40.3,23.0,27.0,0.46,4.291608776835942,39,14,6,8,0.045228601991935104,1,0,0,0,0,0,0,0,0,-1,0,0,0,0,0
1jqx,B,227,THR,-0.7,116.1,0.0,1,1,H,0.035211267605633804,-68.8,-44.0,26.0,21.0,0.5531914893617021,7.3064494789866625,40,14,1,13,0.05035761871267001,1,0,0,0,0,0,0,0,0,-1,0,0,0,0,0
1jqx,B,228,ALA,1.8,88.6,0.0,0,0,H,0.0,-61.0,-49.7,27.0,26.0,0.5094339622641509,6.296620005030051,48,24,6,18,0.04989134446533048,1,0,0,0,0,0,0,0,0,-1,0,0,0,0,0
1jqx,B,229,LEU,3.8,166.7,0.0,0,0,H,0.006097560975609756,-59.9,-42.8,24.0,25.0,0.4897959183673469,6.490179760658884,46,29,16,13,0.05502036118606539,1,0,0,0,0,0,0,0,0,-1,0,0,0,0,0
1jqx,B,230,ALA,1.8,88.6,0.0,0,0,H,0.0,-60.5,-41.6,24.0,24.0,0.5,5.302011379613003,46,28,7,21,0.04709369898129325,1,0,0,0,0,0,0,0,0,-1,0,0,0,0,0
1jqx,B,231,ASN,-3.5,114.1,0.0,2,2,H,0.0,-66.4,-41.5,24.0,25.0,0.4897959183673469,6.332389806501549,44,22,4,18,0.050823892960009553,1,0,0,0,0,0,0,0,0,-1,0,0,0,0,0
1jqx,B,232,VAL,4.2,140.0,0.0,0,0,H,0.0,-62.3,-48.3,26.0,24.0,0.52,5.960559837481022,44,28,4,24,0.05781800667010261,1,0,0,0,0,0,0,0,0,-1,0,0,0,0,0
1jqx,B,233,ARG,-4.5,173.4,1.0,5,0,H,0.15725806451612903,-65.2,-43.5,23.0,26.0,0.46938775510204084,2.4321789459798633,34,31,10,21,0.048492521723311866,1,0,0,0,0,0,0,0,0,34,2,7,0,0,1
1jqx,B,234,ALA,1.8,88.6,0.0,0,0,H,0.0,-61.8,-38.0,25.0,17.0,0.5952380952380952,2.523703253937081,34,26,14,12,0.045228601991935104,1,0,0,0,0,0,0,0,0,36,1,9,0,0,1
1jqx,B,235,PHE,2.8,189.9,0.0,0,0,H,0.0,-78.5,-32.5,23.0,19.0,0.5476190476190477,5.127603301228844,41,26,10,16,0.04662742473395372,1,0,0,0,0,0,0,0,0,-1,0,0,0,0,0
1jqx,B,236,TYR,-1.3,193.6,0.0,1,1,H,0.40540540540540543,-59.2,-39.3,20.0,17.0,0.5405405405405406,2.0493104689333923,30,39,1,38,0.043829779249916496,1,0,0,0,0,0,0,0,0,34,2,7,0,0,1
1jqx,B,237,THR,-0.7,116.1,0.0,1,1,T,0.5985915492957746,-85.9,0.1,11.0,14.0,0.44,1.8934526889991847,24,26,8,18,0.030307826077069916,0,0,0,0,0,1,0,0,0,-1,0,0,0,0,0
1jqx,B,238,ARG,-4.5,173.4,1.0,5,0,T,0.2620967741935484,-119.4,-29.1,18.0,10.0,0.6428571428571429,1.8430914605349704,25,16,15,1,0.03403802005578621,0,0,0,0,0,1,0,0,0,36,1,9,0,0,1
1jqx,B,239,LEU,3.8,166.7,0.0,0,0,S,0.10365853658536585,-77.9,148.9,20.0,11.0,0.6451612903225806,2.41765116173459,31,23,18,5,0.04429605349725603,0,0,0,0,0,0,1,0,0,-1,0,0,0,0,0
1jqx,B,240,LYS,-3.9,168.6,1.0,2,0,-,0.24878048780487805,-66.0,147.2,11.0,11.0,0.5,2.0563138483490686,23,5,13,-8,0.029375277582390842,0,0,0,0,0,0,0,0,0,6,495,9,0,50,1
1jqx,B,241,PRO,-1.6,112.7,0.0,0,0,T,0.8235294117647058,-54.8,-21.4,1.0,21.0,0.045454545454545456,1.8808749818775041,15,14,9,5,0.023779986614316396,0,0,0,0,0,1,0,0,0,-1,0,0,0,0,0
1jqx,B,242,GLU,-3.5,138.4,-1.0,1,3,T,0.8865979381443299,-67.6,-20.1,8.0,14.0,0.36363636363636365,1.7016424863884243,16,11,0,11,0.027510180593032695,0,0,0,0,0,1,0,0,0,-1,0,0,0,0,0
1jqx,B,243,ILE,4.5,166.7,0.0,0,0,S,0.04142011834319527,-103.0,108.4,19.0,13.0,0.59375,3.1513386469392994,32,14,9,5,0.04476232774459557,0,0,0,0,0,0,1,0,0,6,495,9,0,50,1
1jqx,B,244,GLN,-3.5,143.8,0.0,2,2,E,0.2777777777777778,-83.5,175.4,13.0,26.0,0.3333333333333333,2.0778979332743264,31,11,8,3,0.04476232774459557,0,0,1,0,0,0,0,0,0,22,24,7,0,1,1
1jqx,B,245,ILE,4.5,166.7,0.0,0,0,E,0.01775147928994083,-127.4,141.2,26.0,21.0,0.5531914893617021,2.5935813314744807,42,19,2,17,0.05408781269138631,0,0,1,0,0,0,0,0,0,-1,0,0,0,0,0
1jqx,B,246,ILE,4.5,166.7,0.0,0,0,E,0.0,-110.6,128.2,25.0,22.0,0.5319148936170213,6.576712561029396,45,18,6,12,0.05408781269138631,0,0,1,0,0,0,0,0,0,-1,0,0,0,0,0
1jqx,B,247,GLY,-0.4,60.1,0.0,0,0,E,0.0,-98.0,128.1,29.0,22.0,0.5686274509803921,5.538261395311894,46,18,7,11,0.05548663543340492,0,0,1,0,0,0,0,0,0,-1,0,0,0,0,0
1jqx,B,248,THR,-0.7,116.1,0.0,1,1,E,0.06338028169014084,-138.1,138.1,21.0,32.0,0.39622641509433965,3.0698964013864476,45,24,5,19,0.048026247475972325,0,0,1,0,0,0,0,0,0,-1,0,0,0,0,0
1jqx,B,249,GLY,-0.4,60.1,0.0,0,0,S,0.09523809523809523,128.1,112.2,27.0,22.0,0.5510204081632653,2.1940375304974977,43,20,15,5,0.048026247475972325,0,0,0,0,0,0,1,0,0,-1,0,0,0,0,0
1jqx,B,250,GLY,-0.4,60.1,0.0,0,0,S,0.14285714285714285,69.1,20.7,20.0,22.0,0.47619047619047616,1.7096076905384874,38,17,23,-6,0.04662742473395372,0,0,0,0,0,0,1,0,0,-1,0,0,0,0,0
1jqx,B,251,ILE,4.5,166.7,0.0,0,0,-,0.029585798816568046,-88.1,115.1,27.0,17.0,0.6136363636363636,2.3029664398423604,42,21,25,-4,0.048492521723311866,0,0,0,0,0,0,0,0,0,-1,0,0,0,0,0
1jqx,B,252,GLU,-3.5,138.4,-1.0,1,3,-,0.5515463917525774,-132.6,-33.2,14.0,26.0,0.35,2.062547876643876,28,24,21,3,0.03916703677652112,0,0,0,0,0,0,0,0,0,-1,0,0,0,0,0
1jqx,B,253,THR,-0.7,116.1,0.0,1,1,S,0.28169014084507044,-119.7,168.6,8.0,26.0,0.23529411764705882,2.5218511148303895,26,20,36,-16,0.04149840801321881,0,0,0,0,0,0,1,0,0,-1,0,0,0,0,0
1jqx,B,254,GLY,-0.4,60.1,0.0,0,0,H,0.0,-60.1,-33.5,12.0,18.0,0.4,2.3822989161693107,31,24,46,-22,0.04755997322863279,1,0,0,0,0,0,0,0,0,-1,0,0,0,0,0
1jqx,B,255,GLN,-3.5,143.8,0.0,2,2,H,0.47474747474747475,-65.6,-40.8,5.0,23.0,0.17857142857142858,2.213513281471522,27,12,45,-33,0.04243095650789788,1,0,0,0,0,0,0,0,0,10,129,5,0,8,1
1jqx,B,256,ASP,-3.5,111.1,-1.0,1,3,H,0.09815950920245399,-63.4,-40.6,20.0,19.0,0.5128205128205128,3.0352023915274287,35,22,25,-3,0.04429605349725603,1,0,0,0,0,0,0,0,0,-1,0,0,0,0,0
1jqx,B,257,ALA,1.8,88.6,0.0,0,0,H,0.0,-63.3,-46.4,23.0,24.0,0.48936170212765956,6.399597286200034,39,15,31,-16,0.05222271570202816,1,0,0,0,0,0,0,0,0,-1,0,0,0,0,0
1jqx,B,258,PHE,2.8,189.9,0.0,0,0,H,0.005076142131979695,-56.4,-41.9,21.0,29.0,0.42,4.008613422938372,42,25,44,-19,0.045694876239274644,1,0,0,0,0,0,0,0,0,10,129,5,0,8,1
1jqx,B,259,GLU,-3.5,138.4,-1.0,1,3,H,0.020618556701030927,-63.3,-44.6,22.0,25.0,0.46808510638297873,4.398458999037688,38,20,25,-5,0.05129016720734909,1,0,0,0,0,0,0,0,0,-1,0,0,0,0,0
1jqx,B,260,HIS,-3.2,153.2,0.1,2,1,H,0.0,-61.5,-43.4,28.0,26.0,0.5185185185185185,6.363643866464547,49,17,18,-1,0.04989134446533048,1,0,0,0,0,0,0,0,0,-1,0,0,0,0,0
1jqx,B,261,LEU,3.8,166.7,0.0,0,0,H,0.0,-64.4,-40.1,21.0,24.0,0.4666666666666667,4.656697631005902,41,26,17,9,0.05455408693872585,1,0,0,0,0,0,0,0,0,34,2,7,0,0,1
1jqx,B,262,LEU,3.8,166.7,0.0,0,0,H,0.0,-59.8,-33.6,20.0,20.0,0.5,5.396676664580693,40,48,30,18,0.05548663543340492,1,0,0,0,0,0,0,0,0,-1,0,0,0,0,0
1jqx,B,263,CYS,2.5,108.5,0.0,1,0,H,0.0,-72.6,-28.2,30.0,17.0,0.6382978723404256,5.426324067832684,41,42,13,29,0.05455408693872585,1,0,0,0,0,0,0,0,0,34,2,7,0,0,1
1jqx,B,264,GLY,-0.4,60.1,0.0,0,0,T,0.011904761904761904,133.1,-0.3,22.0,19.0,0.5365853658536586,2.994697898840248,39,37,4,33,0.04709369898129325,0,0,0,0,0,1,0,0,0,34,2,7,0,0,1
1jqx,B,265,ALA,1.8,88.6,0.0,0,0,-,0.0,-68.2,145.1,25.0,22.0,0.5319148936170213,3.626183039378465,40,30,6,24,0.053155264196707235,0,0,0,0,0,0,0,0,0,34,2,7,0,0,1
1jqx,B,266,THR,-0.7,116.1,0.0,1,1,S,0.13380281690140844,-105.2,-47.1,16.0,30.0,0.34782608695652173,2.089560413800141,39,16,0,16,0.048026247475972325,0,0,0,0,0,0,1,0,0,-1,0,0,0,0,0
1jqx,B,267,MET,1.9,162.9,0.0,0,0,E,0.0,-107.1,158.2,25.0,22.0,0.5319148936170213,4.802783063859838,44,10,1,9,0.048492521723311866,0,0,1,0,0,0,0,0,0,-1,0,0,0,0,0
1jqx,B,268,LEU,3.8,166.7,0.0,0,0,E,0.0,-131.9,133.7,26.0,26.0,0.5,5.742695558025378,46,12,9,3,0.053621538444046775,0,0,1,0,0,0,0,0,0,-1,0,0,0,0,0
1jqx,B,269,GLN,-3.5,143.8,0.0,2,2,E,0.0,-117.4,142.3,21.0,28.0,0.42857142857142855,4.205382432645539,40,12,5,7,0.048026247475972325,0,0,1,0,0,0,0,0,0,-1,0,0,0,0,0
1jqx,B,270,ILE,4.5,166.7,0.0,0,0,E,0.005917159763313609,-116.2,121.1,26.0,27.0,0.49056603773584906,3.003727234027328,40,15,15,0,0.04942507021799094,0,0,1,0,0,0,0,0,0,-1,0,0,0,0,0
1jqx,B,271,GLY,-0.4,60.1,0.0,0,0,S,0.20238095238095238,-105.5,-89.4,22.0,23.0,0.4888888888888889,2.125403794423917,42,27,12,15,0.045694876239274644,0,0,0,0,0,0,1,0,0,-1,0,0,0,0,0
1jqx,B,272,THR,-0.7,116.1,0.0,1,1,H,0.1619718309859155,-45.6,-47.7,25.0,17.0,0.5952380952380952,2.066573715074543,39,21,24,-3,0.040099585271200194,1,0,0,0,0,0,0,0,0,-1,0,0,0,0,0
1jqx,B,273,ALA,1.8,88.6,0.0,0,0,H,0.11320754716981132,-62.4,-36.1,18.0,18.0,0.5,1.8574687635943117,34,27,24,3,0.04243095650789788,1,0,0,0,0,0,0,0,0,-1,0,0,0,0,0
1jqx,B,274,LEU,3.8,166.7,0.0,0,0,H,0.006097560975609756,-72.9,-35.2,20.0,18.0,0.5263157894736842,3.154540175121958,31,31,17,14,0.048492521723311866,1,0,0,0,0,0,0,0,0,-1,0,0,0,0,0
1jqx,B,275,HIS,-3.2,153.2,0.1,2,1,H,0.47282608695652173,-60.8,-40.8,18.0,14.0,0.5625,1.8869404680453208,26,19,13,6,0.03823448828184205,1,0,0,0,0,0,0,0,0,0,7923,16,0,1705,1
1jqx,B,276,LYS,-3.9,168.6,1.0,2,0,H,0.47317073170731705,-79.2,-38.5,13.0,10.0,0.5652173913043478,1.9515602518255974,23,12,27,-15,0.028909003335051305,1,0,0,0,0,0,0,0,0,-1,0,0,0,0,0
1jqx,B,277,GLU,-3.5,138.4,-1.0,1,3,H,0.3917525773195876,-98.0,-27.3,15.0,6.0,0.7142857142857143,1.743001823448726,20,28,13,15,0.02844272908771177,1,0,0,0,0,0,0,0,0,-1,0,0,0,0,0
1jqx,B,278,GLY,-0.4,60.1,0.0,0,0,-,0.20238095238095238,89.9,173.7,2.0,23.0,0.08,2.164965241084075,22,32,21,11,0.030774100324409453,0,0,0,0,0,0,0,0,0,-1,0,0,0,0,0
1jqx,B,279,PRO,-1.6,112.7,0.0,0,0,T,0.22794117647058823,-54.8,-17.2,14.0,21.0,0.4,1.962339648536138,29,25,31,-6,0.040565859518539735,0,0,0,0,0,1,0,0,0,-1,0,0,0,0,0
1jqx,B,280,ALA,1.8,88.6,0.0,0,0,H,0.660377358490566,-63.1,-18.0,3.0,20.0,0.13043478260869565,1.8217629573773624,22,21,19,2,0.03124037457174899,1,0,0,0,0,0,0,0,0,-1,0,0,0,0,0
1jqx,B,281,ILE,4.5,166.7,0.0,0,0,H,0.0,-59.6,-34.9,20.0,11.0,0.6451612903225806,3.4244329797701427,32,22,31,-9,0.04149840801321881,1,0,0,0,0,0,0,0,0,-1,0,0,0,0,0
1jqx,B,282,PHE,2.8,189.9,0.0,0,0,H,0.0,-60.4,-43.1,22.0,17.0,0.5641025641025641,3.6643997601387386,37,20,20,0,0.050823892960009553,1,0,0,0,0,0,0,0,0,9,136,6,0,10,1
1jqx,B,283,ASP,-3.5,111.1,-1.0,1,3,H,0.3006134969325153,-65.3,-39.1,7.0,18.0,0.28,1.9084842689161363,20,20,17,3,0.03683566553982344,1,0,0,0,0,0,0,0,0,9,136,6,0,10,1
1jqx,B,284,ARG,-4.5,173.4,1.0,5,0,H,0.2540322580645161,-65.7,-50.9,10.0,15.0,0.4,1.8490513162957378,25,9,37,-28,0.03683566553982344,1,0,0,0,0,0,0,0,0,9,136,6,0,10,1
1jqx,B,285,ILE,4.5,166.7,0.0,0,0,H,0.0,-68.6,-31.1,25.0,10.0,0.7142857142857143,4.946914412936796,34,19,46,-27,0.048958795970651406,1,0,0,0,0,0,0,0,0,-1,0,0,0,0,0
1jqx,B,286,ILE,4.5,166.7,0.0,0,0,H,0.07692307692307693,-63.9,-45.6,17.0,18.0,0.4857142857142857,2.966052073307669,34,20,31,-11,0.045694876239274644,1,0,0,0,0,0,0,0,0,9,136,6,0,10,1
1jqx,B,287,LYS,-3.9,168.6,1.0,2,0,H,0.6048780487804878,-65.6,-37.7,5.0,19.0,0.20833333333333334,2.011079497009243,18,10,35,-25,0.03730193978716297,1,0,0,0,0,0,0,0,0,-1,0,0,0,0,0
1jqx,B,288,GLU,-3.5,138.4,-1.0,1,3,H,0.3247422680412371,-64.1,-41.9,12.0,10.0,0.5454545454545454,1.7761313168303734,24,20,38,-18,0.04149840801321881,1,0,0,0,0,0,0,0,0,-1,0,0,0,0,0
1jqx,B,289,LEU,3.8,166.7,0.0,0,0,H,0.0,-68.2,-41.9,23.0,12.0,0.6571428571428571,4.931463958128095,33,13,36,-23,0.04942507021799094,1,0,0,0,0,0,0,0,0,-1,0,0,0,0,0
1jqx,B,290,GLU,-3.5,138.4,-1.0,1,3,H,0.30927835051546393,-63.5,-34.9,9.0,18.0,0.3333333333333333,2.2102007594164554,27,12,20,-8,0.03963331102386066,1,0,0,0,0,0,0,0,0,20,21,8,0,1,1
1jqx,B,291,GLU,-3.5,138.4,-1.0,1,3,H,0.5,-66.8,-38.8,8.0,13.0,0.38095238095238093,1.8686129287556656,17,15,18,-3,0.03403802005578621,1,0,0,0,0,0,0,0,0,40,4,1,0,0,1
1jqx,B,292,ILE,4.5,166.7,0.0,0,0,H,0.21893491124260356,-63.5,-45.0,19.0,10.0,0.6551724137931034,2.0817892033968035,27,14,40,-26,0.043363505002576956,1,0,0,0,0,0,0,0,0,40,4,1,0,0,1
1jqx,B,293,MET,1.9,162.9,0.0,0,0,H,0.0,-63.5,-41.6,20.0,10.0,0.6666666666666666,4.014722686641291,26,13,33,-20,0.05129016720734909,1,0,0,0,0,0,0,0,0,20,21,8,0,1,1
1jqx,B,294,ASN,-3.5,114.1,0.0,2,2,H,0.5477707006369427,-61.2,-43.3,5.0,12.0,0.29411764705882354,1.853408177128875,18,11,23,-12,0.034970568550465285,1,0,0,0,0,0,0,0,0,40,4,1,0,0,1
1jqx,B,295,GLN,-3.5,143.8,0.0,2,2,H,0.7222222222222222,-63.1,-33.6,5.0,7.0,0.4166666666666667,1.8196437665208371,13,10,20,-10,0.02797645484037223,1,0,0,0,0,0,0,0,0,40,4,1,0,0,1
1jqx,B,296,LYS,-3.9,168.6,1.0,2,0,H,0.24390243902439024,-88.4,-5.7,16.0,3.0,0.8421052631578947,1.9539789985390088,21,0,34,-34,0.02984155182973038,1,0,0,0,0,0,0,0,0,40,4,1,0,0,1
1jqx,B,297,GLY,-0.4,60.1,0.0,0,0,T,0.7023809523809523,77.8,25.5,0.0,14.0,0.0,1.7095966926650592,16,9,16,-7,0.02611135785101408,0,0,0,0,0,1,0,0,0,13,92,4,0,5,1
1jqx,B,298,TYR,-1.3,193.6,0.0,1,1,-,0.20270270270270271,-96.3,135.5,16.0,3.0,0.8421052631578947,2.2310860971601865,24,15,21,-6,0.03963331102386066,0,0,0,0,0,0,0,0,0,29,24,1,0,0,1
1jqx,B,299,GLN,-3.5,143.8,0.0,2,2,S,0.797979797979798,-113.9,-5.1,0.0,19.0,0.0,1.830058528047331,15,5,13,-8,0.028909003335051305,0,0,0,0,0,0,1,0,0,29,24,1,0,0,1
1jqx,B,300,SER,-0.8,89.0,0.0,1,1,S,0.3076923076923077,-147.2,153.2,5.0,19.0,0.20833333333333334,2.1828933908617296,19,9,11,-2,0.0363693912924839,0,0,0,0,0,0,1,0,0,13,92,4,0,5,1
1jqx,B,301,ILE,4.5,166.7,0.0,0,0,G,0.08284023668639054,-63.6,-26.2,21.0,14.0,0.6,2.2469095696241976,31,18,11,7,0.04616115048661418,0,0,0,1,0,0,0,0,0,13,92,4,0,5,1
1jqx,B,302,ALA,1.8,88.6,0.0,0,0,G,0.6132075471698113,-61.8,-20.1,4.0,17.0,0.19047619047619047,1.7676368141018302,20,17,8,9,0.027510180593032695,0,0,0,1,0,0,0,0,0,13,92,4,0,5,1
1jqx,B,303,ASP,-3.5,111.1,-1.0,1,3,G,0.36809815950920244,-67.5,-17.5,11.0,9.0,0.55,1.7672941136844793,16,21,3,18,0.03170664881908853,0,0,0,1,0,0,0,0,0,13,92,4,0,5,1
1jqx,B,304,PHE,2.8,189.9,0.0,0,0,T,0.0,-143.8,-2.3,22.0,9.0,0.7096774193548387,4.224490763036112,29,31,21,10,0.04196468226055834,0,0,0,0,0,1,0,0,0,13,92,4,0,5,1
1jqx,B,305,HIS,-3.2,153.2,0.1,2,1,T,0.2391304347826087,-56.0,122.3,12.0,18.0,0.4,1.9561573003527961,27,19,9,10,0.04476232774459557,0,0,0,0,0,1,0,0,0,34,2,7,0,0,1
1jqx,B,306,GLY,-0.4,60.1,0.0,0,0,T,0.11904761904761904,67.5,9.5,12.0,19.0,0.3870967741935484,2.0913644416993735,25,41,14,27,0.040565859518539735,0,0,0,0,0,1,0,0,0,34,2,7,0,0,1
1jqx,B,307,LYS,-3.9,168.6,1.0,2,0,-,0.6341463414634146,-87.7,23.2,9.0,17.0,0.34615384615384615,1.7104796819343033,23,25,17,8,0.03683566553982344,0,0,0,0,0,0,0,0,0,34,2,7,0,0,1
1jqx,B,308,LEU,3.8,166.7,0.0,0,0,P,0.07317073170731707,-56.8,128.8,25.0,11.0,0.6944444444444444,2.1661738232907712,34,36,27,9,0.043363505002576956,0,0,0,0,0,0,0,0,0,-1,0,0,0,0,0
1jqx,B,309,LYS,-3.9,168.6,1.0,2,0,B,0.6682926829268293,-91.9,139.5,9.0,17.0,0.34615384615384615,1.7554747782991114,21,13,22,-9,0.032172923066428064,0,1,0,0,0,0,0,0,0,-1,0,0,0,0,0
1jqx,B,310,SER,-0.8,89.0,0.0,1,1,P,0.36923076923076925,-94.4,166.4,7.0,18.0,0.28,1.7916921052767598,21,31,13,18,0.03357174580844668,0,0,0,0,0,0,0,0,0,-1,0,0,0,0,0
1jqx,B,311,LEU,3.8,166.7,0.0,0,0,-,0.676829268292683,-91.0,360.0,15.0,6.0,0.7142857142857143,1.9722848016624583,20,21,10,11,0.029375277582390842,0,0,0,0,0,0,0,0,0,-1,0,0,0,0,0
1oqc,A,13,GLU,-3.5,138.4,-1.0,1,3,-,1.0,360.0,-44.9,0.0,12.0,0.0,1.7084838655350714,10,11,13,-2,0.01492077591486519,0,0,0,0,0,0,0,0,0,11,37,28,0,11,1
1oqc,A,14,ASP,-3.5,111.1,-1.0,1,3,-,0.50920245398773,-79.1,65.2,5.0,13.0,0.2777777777777778,1.8887035141025414,16,17,16,1,0.027510180593032695,0,0,0,0,0,0,0,0,0,11,37,28,0,11,1
1oqc,A,15,CYS,2.5,108.5,0.0,1,0,S,0.2222222222222222,-123.3,161.7,10.0,15.0,0.4,1.9614077614602963,23,17,41,-24,0.04103213376587927,0,0,0,0,0,0,1,0,0,11,37,28,0,11,1
1oqc,A,16,PRO,-1.6,112.7,0.0,0,0,-,0.22794117647058823,-53.8,139.5,19.0,12.0,0.6129032258064516,1.9775765098055562,25,24,47,-23,0.043363505002576956,0,0,0,0,0,0,0,0,0,-1,0,0,0,0,0
1oqc,A,17,GLN,-3.5,143.8,0.0,2,2,-,0.21717171717171718,-84.2,133.1,19.0,12.0,0.6129032258064516,2.064374680171887,28,33,34,-1,0.03916703677652112,0,0,0,0,0,0,0,0,0,-1,0,0,0,0,0
1oqc,A,18,ASP,-3.5,111.1,-1.0,1,3,-,0.4601226993865031,-76.5,177.5,3.0,20.0,0.13043478260869565,1.8061195388392906,17,18,18,0,0.02797645484037223,0,0,0,0,0,0,0,0,0,-1,0,0,0,0,0
1oqc,A,19,ARG,-4.5,173.4,1.0,5,0,H,0.5282258064516129,-51.6,-45.7,5.0,15.0,0.25,1.8391548751260922,19,5,39,-34,0.028909003335051305,1,0,0,0,0,0,0,0,0,18,24,13,0,3,1
1oqc,A,20,GLU,-3.5,138.4,-1.0,1,3,H,0.6597938144329897,-67.5,-44.2,1.0,13.0,0.07142857142857142,1.780761603373642,16,25,17,8,0.02797645484037223,1,0,0,0,0,0,0,0,0,18,24,13,0,3,1
1oqc,A,21,GLU,-3.5,138.4,-1.0,1,3,H,0.44329896907216493,-65.8,-48.2,10.0,10.0,0.5,1.9926085621730616,18,20,23,-3,0.034970568550465285,1,0,0,0,0,0,0,0,0,-1,0,0,0,0,0
1oqc,A,22,LEU,3.8,166.7,0.0,0,0,H,0.042682926829268296,-59.9,-45.2,16.0,15.0,0.5161290322580645,3.0745567685447566,26,19,26,-7,0.045228601991935104,1,0,0,0,0,0,0,0,0,-1,0,0,0,0,0
1oqc,A,23,GLY,-0.4,60.1,0.0,0,0,H,0.11904761904761904,-60.9,-50.3,9.0,19.0,0.32142857142857145,1.9678457887579173,26,30,25,5,0.03963331102386066,1,0,0,0,0,0,0,0,0,-1,0,0,0,0,0
1oqc,A,24,ARG,-4.5,173.4,1.0,5,0,H,0.592741935483871,-54.5,-48.9,7.0,16.0,0.30434782608695654,1.8482339469130293,20,12,28,-16,0.0363693912924839,1,0,0,0,0,0,0,0,0,10,84,16,0,12,1
1oqc,A,25,ASN,-3.5,114.1,0.0,2,2,H,0.03821656050955414,-72.3,-29.6,17.0,11.0,0.6071428571428571,2.3971092163399126,19,23,23,0,0.04662742473395372,1,0,0,0,0,0,0,0,0,-1,0,0,0,0,0
1oqc,A,26,THR,-0.7,116.1,0.0,1,1,H,0.02112676056338028,-73.5,-39.3,19.0,17.0,0.5277777777777778,2.686597635702239,24,26,9,17,0.05222271570202816,1,0,0,0,0,0,0,0,0,-1,0,0,0,0,0
1oqc,A,27,TRP,-0.9,227.8,0.0,1,0,H,0.19383259911894274,-64.1,-37.3,14.0,20.0,0.4117647058823529,2.092487513632044,30,33,5,28,0.043829779249916496,1,0,0,0,0,0,0,0,0,-1,0,0,0,0,0
1oqc,A,28,ALA,1.8,88.6,0.0,0,0,H,0.03773584905660377,-60.8,-45.9,20.0,17.0,0.5405405405405406,3.1436433002683795,26,39,14,25,0.05129016720734909,1,0,0,0,0,0,0,0,0,-1,0,0,0,0,0
1oqc,A,29,PHE,2.8,189.9,0.0,0,0,H,0.0,-61.8,-51.0,16.0,21.0,0.43243243243243246,5.979109801757994,27,15,2,13,0.05455408693872585,1,0,0,0,0,0,0,0,0,-1,0,0,0,0,0
1oqc,A,30,LEU,3.8,166.7,0.0,0,0,H,0.024390243902439025,-59.8,-47.9,20.0,20.0,0.5,4.526393727599418,32,21,0,21,0.04709369898129325,1,0,0,0,0,0,0,0,0,-1,0,0,0,0,0
1oqc,A,31,HIS,-3.2,153.2,0.1,2,1,H,0.043478260869565216,-67.4,-31.6,22.0,19.0,0.5365853658536586,3.407978585839088,37,30,5,25,0.048958795970651406,1,0,0,0,0,0,0,0,0,-1,0,0,0,0,0
1oqc,A,32,THR,-0.7,116.1,0.0,1,1,H,0.04225352112676056,-73.9,-37.0,19.0,20.0,0.48717948717948717,3.2518311872202807,33,29,11,18,0.05175644145468863,1,0,0,0,0,0,0,0,0,-1,0,0,0,0,0
1oqc,A,33,LEU,3.8,166.7,0.0,0,0,H,0.018292682926829267,-57.9,-48.3,20.0,19.0,0.5128205128205128,2.902011001706637,28,19,0,19,0.048492521723311866,1,0,0,0,0,0,0,0,0,-1,0,0,0,0,0
1oqc,A,34,ALA,1.8,88.6,0.0,0,0,H,0.009433962264150943,-68.8,-35.8,22.0,18.0,0.55,4.259350951605759,34,29,11,18,0.05035761871267001,1,0,0,0,0,0,0,0,0,-1,0,0,0,0,0
1oqc,A,35,ALA,1.8,88.6,0.0,0,0,H,0.02830188679245283,-61.4,-29.4,19.0,19.0,0.5,3.2004510246801785,33,35,23,12,0.050823892960009553,1,0,0,0,0,0,0,0,0,-1,0,0,0,0,0
1oqc,A,36,TYR,-1.3,193.6,0.0,1,1,T,0.6126126126126126,-107.0,8.0,15.0,16.0,0.4838709677419355,1.9125341823200657,25,25,25,0,0.03963331102386066,0,0,0,0,0,1,0,0,0,-1,0,0,0,0,0
1oqc,A,37,TYR,-1.3,193.6,0.0,1,1,S,0.02252252252252252,-65.2,147.0,25.0,11.0,0.6944444444444444,3.337319531606781,35,14,19,-5,0.04662742473395372,0,0,0,0,0,0,1,0,0,-1,0,0,0,0,0
1oqc,A,38,PRO,-1.6,112.7,0.0,0,0,-,0.3014705882352941,-58.8,145.8,12.0,15.0,0.4444444444444444,2.2606672935233694,25,14,8,6,0.035436842797804825,0,0,0,0,0,0,0,0,0,44,2,1,0,0,1
1oqc,A,39,ASP,-3.5,111.1,-1.0,1,3,S,0.5337423312883436,-71.0,-32.1,0.0,18.0,0.0,1.757691255967205,19,16,3,13,0.03310547156110714,0,0,0,0,0,0,1,0,0,44,2,1,0,0,1
1oqc,A,40,MET,1.9,162.9,0.0,0,0,S,0.8776595744680851,-124.8,73.8,0.0,17.0,0.0,1.8294491209464125,14,7,8,-1,0.02844272908771177,0,0,0,0,0,0,1,0,0,44,2,1,0,0,1
1oqc,A,41,PRO,-1.6,112.7,0.0,0,0,-,0.07352941176470588,-71.5,146.9,22.0,2.0,0.9166666666666666,2.184716983648476,22,7,21,-14,0.04149840801321881,0,0,0,0,0,0,0,0,0,44,2,1,0,0,1
1oqc,A,42,THR,-0.7,116.1,0.0,1,1,-,0.43661971830985913,-72.1,160.4,3.0,13.0,0.1875,2.255471849771761,16,0,19,-19,0.027510180593032695,0,0,0,0,0,0,0,0,0,44,2,1,0,0,1
1oqc,A,43,PRO,-1.6,112.7,0.0,0,0,H,0.6323529411764706,-54.9,-38.0,0.0,14.0,0.0,2.0292540461381967,13,0,16,-16,0.02797645484037223,1,0,0,0,0,0,0,0,0,-1,0,0,0,0,0
1oqc,A,44,GLU,-3.5,138.4,-1.0,1,3,H,0.6134020618556701,-60.2,-43.5,2.0,14.0,0.125,1.7960348878788015,12,3,8,-5,0.02984155182973038,1,0,0,0,0,0,0,0,0,-1,0,0,0,0,0
1oqc,A,45,GLN,-3.5,143.8,0.0,2,2,H,0.2828282828282828,-65.7,-38.2,13.0,12.0,0.52,2.269829703443868,21,10,21,-11,0.04429605349725603,1,0,0,0,0,0,0,0,0,-1,0,0,0,0,0
1oqc,A,46,GLN,-3.5,143.8,0.0,2,2,H,0.2878787878787879,-64.2,-39.4,11.0,17.0,0.39285714285714285,2.098535802844387,23,2,27,-25,0.045694876239274644,1,0,0,0,0,0,0,0,0,5,652,4,0,30,1
1oqc,A,47,GLN,-3.5,143.8,0.0,2,2,H,0.702020202020202,-66.9,-47.6,3.0,17.0,0.15,1.773284546105021,17,2,17,-15,0.034970568550465285,1,0,0,0,0,0,0,0,0,-1,0,0,0,0,0
1oqc,A,48,ASP,-3.5,111.1,-1.0,1,3,H,0.18404907975460122,-57.8,-45.4,15.0,14.0,0.5172413793103449,2.1402891887153186,20,21,8,13,0.043829779249916496,1,0,0,0,0,0,0,0,0,37,1,9,0,0,1
1oqc,A,49,MET,1.9,162.9,0.0,0,0,H,0.005319148936170213,-66.1,-33.5,22.0,18.0,0.55,4.979899618939033,33,13,15,-2,0.04942507021799094,1,0,0,0,0,0,0,0,0,-1,0,0,0,0,0
1oqc,A,50,ALA,1.8,88.6,0.0,0,0,H,0.2169811320754717,-64.9,-45.8,13.0,18.0,0.41935483870967744,2.6233803752963185,25,10,15,-5,0.045228601991935104,1,0,0,0,0,0,0,0,0,-1,0,0,0,0,0
1oqc,A,51,GLN,-3.5,143.8,0.0,2,2,H,0.3383838383838384,-66.4,-34.7,13.0,14.0,0.48148148148148145,2.0282014542531934,18,18,18,0,0.03916703677652112,1,0,0,0,0,0,0,0,0,37,1,9,0,0,1
1oqc,A,52,PHE,2.8,189.9,0.0,0,0,H,0.0,-58.1,-47.2,18.0,15.0,0.5454545454545454,6.268740583383533,26,19,10,9,0.05035761871267001,1,0,0,0,0,0,0,0,0,-1,0,0,0,0,0
1oqc,A,53,ILE,4.5,166.7,0.0,0,0,H,0.023668639053254437,-62.9,-42.9,20.0,17.0,0.5405405405405406,5.0676332168237135,31,22,9,13,0.048026247475972325,1,0,0,0,0,0,0,0,0,-1,0,0,0,0,0
1oqc,A,54,HIS,-3.2,153.2,0.1,2,1,H,0.3641304347826087,-64.1,-47.7,10.0,19.0,0.3448275862068966,2.03921540642569,25,18,13,5,0.040565859518539735,1,0,0,0,0,0,0,0,0,-1,0,0,0,0,0
1oqc,A,55,ILE,4.5,166.7,0.0,0,0,H,0.029585798816568046,-64.7,-40.0,19.0,12.0,0.6129032258064516,2.8222705380448625,21,23,15,8,0.04755997322863279,1,0,0,0,0,0,0,0,0,37,1,9,0,0,1
1oqc,A,56,PHE,2.8,189.9,0.0,0,0,H,0.04060913705583756,-54.4,-44.8,15.0,23.0,0.39473684210526316,3.8865577887664857,29,23,1,22,0.04709369898129325,1,0,0,0,0,0,0,0,0,-1,0,0,0,0,0
1oqc,A,57,SER,-0.8,89.0,0.0,1,1,H,0.046153846153846156,-65.9,-19.0,16.0,17.0,0.48484848484848486,3.20055073268715,32,37,21,16,0.045694876239274644,1,0,0,0,0,0,0,0,0,-1,0,0,0,0,0
1oqc,A,58,LYS,-3.9,168.6,1.0,2,0,H,0.5658536585365853,-92.9,-20.8,10.0,20.0,0.3333333333333333,2.0997771407797843,25,22,21,1,0.03590311704514436,1,0,0,0,0,0,0,0,0,31,24,2,0,0,1
1oqc,A,59,PHE,2.8,189.9,0.0,0,0,H,0.116751269035533,-113.8,-8.9,21.0,12.0,0.6363636363636364,2.0055737238056337,33,19,13,6,0.045228601991935104,1,0,0,0,0,0,0,0,0,-1,0,0,0,0,0
1oqc,A,60,TYR,-1.3,193.6,0.0,1,1,-,0.1036036036036036,-48.9,115.0,20.0,15.0,0.5714285714285714,2.0388500563609813,32,18,22,-4,0.04709369898129325,0,0,0,0,0,0,0,0,0,-1,0,0,0,0,0
1oqc,A,61,PRO,-1.6,112.7,0.0,0,0,S,0.14705882352941177,-41.2,-14.8,19.0,13.0,0.59375,2.188619267375586,34,18,20,-2,0.04196468226055834,0,0,0,0,0,0,1,0,0,-1,0,0,0,0,0
1oqc,A,62,CYS,2.5,108.5,0.0,1,0,-,0.08148148148148149,-104.4,103.4,13.0,14.0,0.48148148148148145,2.179714315967473,25,18,33,-15,0.03683566553982344,0,0,0,0,0,0,0,0,0,18,24,13,0,3,1
1oqc,A,63,GLU,-3.5,138.4,-1.0,1,3,H,0.8092783505154639,-50.4,-46.2,2.0,16.0,0.1111111111111111,1.7085221617551034,15,14,21,-7,0.030774100324409453,1,0,0,0,0,0,0,0,0,22,24,10,0,2,1
1oqc,A,64,GLU,-3.5,138.4,-1.0,1,3,H,0.5463917525773195,-64.7,-38.8,2.0,14.0,0.125,1.7304062297809049,16,17,26,-9,0.030307826077069916,1,0,0,0,0,0,0,0,0,22,24,10,0,2,1
1oqc,A,65,CYS,2.5,108.5,0.0,1,0,H,0.25925925925925924,-67.6,-42.8,14.0,11.0,0.56,1.8408083094550947,24,41,34,7,0.03776821403450251,1,0,0,0,0,0,0,0,0,18,24,13,0,3,1
1oqc,A,66,ALA,1.8,88.6,0.0,0,0,H,0.02830188679245283,-62.4,-47.1,11.0,13.0,0.4583333333333333,2.866018994033246,23,36,35,1,0.04709369898129325,1,0,0,0,0,0,0,0,0,-1,0,0,0,0,0
1oqc,A,67,GLU,-3.5,138.4,-1.0,1,3,H,0.4948453608247423,-59.3,-42.5,2.0,18.0,0.1,1.9538804927362707,15,35,25,10,0.035436842797804825,1,0,0,0,0,0,0,0,0,35,24,1,0,0,1
1oqc,A,68,ASP,-3.5,111.1,-1.0,1,3,H,0.12883435582822086,-61.9,-48.7,10.0,12.0,0.45454545454545453,1.7298107138345167,22,43,30,13,0.03776821403450251,1,0,0,0,0,0,0,0,0,35,24,1,0,0,1
1oqc,A,69,ILE,4.5,166.7,0.0,0,0,H,0.08284023668639054,-64.8,-36.9,19.0,14.0,0.5757575757575758,2.376909683461752,32,55,33,22,0.043363505002576956,1,0,0,0,0,0,0,0,0,-1,0,0,0,0,0
1oqc,A,70,ARG,-4.5,173.4,1.0,5,0,H,0.3709677419354839,-60.3,-41.9,12.0,13.0,0.48,1.940907081173134,23,35,33,2,0.03916703677652112,1,0,0,0,0,0,0,0,0,-1,0,0,0,0,0
1oqc,A,71,LYS,-3.9,168.6,1.0,2,0,H,0.5902439024390244,-62.0,-39.8,7.0,12.0,0.3684210526315789,1.9390516513091793,17,35,32,3,0.03776821403450251,1,0,0,0,0,0,0,0,0,35,24,1,0,0,1
1oqc,A,72,ARG,-4.5,173.4,1.0,5,0,H,0.17338709677419356,-73.1,-39.8,16.0,9.0,0.64,2.0529646392294176,25,44,31,13,0.04149840801321881,1,0,0,0,0,0,0,0,0,24,26,6,0,1,1
1oqc,A,73,ILE,4.5,166.7,0.0,0,0,H,0.023668639053254437,-63.9,-36.7,16.0,12.0,0.5714285714285714,2.2572411488968154,25,49,24,25,0.04709369898129325,1,0,0,0,0,0,0,0,0,-1,0,0,0,0,0
1oqc,A,74,ASP,-3.5,111.1,-1.0,1,3,H,0.7668711656441718,-65.5,-24.9,6.0,9.0,0.4,1.7066145092375018,14,38,3,35,0.030774100324409453,1,0,0,0,0,0,0,0,0,-1,0,0,0,0,0
1oqc,A,75,ARG,-4.5,173.4,1.0,5,0,H,0.6169354838709677,-86.4,-29.4,6.0,6.0,0.5,1.8702381925324632,13,22,15,7,0.027043906345693154,1,0,0,0,0,0,0,0,0,24,26,6,0,1,1
1oqc,A,76,SER,-0.8,89.0,0.0,1,1,S,0.38461538461538464,-143.6,95.7,9.0,10.0,0.47368421052631576,1.8752898713761714,18,39,20,19,0.03170664881908853,0,0,0,0,0,0,1,0,0,-1,0,0,0,0,0
1oqc,A,77,GLN,-3.5,143.8,0.0,2,2,-,0.4595959595959596,-61.3,148.2,6.0,19.0,0.24,1.8212860743137342,21,26,16,10,0.030307826077069916,0,0,0,0,0,0,0,0,0,5,652,4,0,30,1
1oqc,A,78,PRO,-1.6,112.7,0.0,0,0,-,0.11029411764705882,-58.2,135.7,19.0,15.0,0.5588235294117647,2.26538639607335,29,18,14,4,0.043829779249916496,0,0,0,0,0,0,0,0,0,5,652,4,0,30,1
1oqc,A,79,ASP,-3.5,111.1,-1.0,1,3,-,0.43558282208588955,-98.3,98.8,13.0,16.0,0.4482758620689655,2.0692904608455622,21,9,0,9,0.03823448828184205,0,0,0,0,0,0,0,0,0,5,652,4,0,30,1
1oqc,A,80,THR,-0.7,116.1,0.0,1,1,-,0.09859154929577464,-100.4,18.8,17.0,17.0,0.5,2.191728050478488,33,8,19,-11,0.048492521723311866,0,0,0,0,0,0,0,0,0,5,652,4,0,30,1
1oqc,A,81,SER,-0.8,89.0,0.0,1,1,S,0.35384615384615387,-59.7,-40.4,5.0,22.0,0.18518518518518517,1.807016792076429,22,6,14,-8,0.034970568550465285,0,0,0,0,0,0,1,0,0,5,652,4,0,30,1
1oqc,A,82,THR,-0.7,116.1,0.0,1,1,S,0.31690140845070425,-146.3,169.8,5.0,21.0,0.19230769230769232,2.771123269936596,22,11,16,-5,0.04755997322863279,0,0,0,0,0,0,1,0,0,5,652,4,0,30,1
1oqc,A,83,ARG,-4.5,173.4,1.0,5,0,H,0.06048387096774194,-59.7,-44.6,12.0,19.0,0.3870967741935484,2.438635262627864,25,11,20,-9,0.04942507021799094,1,0,0,0,0,0,0,0,0,41,1,9,0,0,1
1oqc,A,84,VAL,4.2,140.0,0.0,0,0,H,0.5352112676056338,-65.6,-45.5,4.0,24.0,0.14285714285714285,2.1011783862668274,26,18,21,-3,0.0363693912924839,1,0,0,0,0,0,0,0,0,-1,0,0,0,0,0
1oqc,A,85,SER,-0.8,89.0,0.0,1,1,H,0.13846153846153847,-63.3,-43.9,11.0,15.0,0.4230769230769231,2.0414005460053475,24,19,15,4,0.03776821403450251,1,0,0,0,0,0,0,0,0,5,652,4,0,30,1
1oqc,A,86,PHE,2.8,189.9,0.0,0,0,H,0.0,-66.2,-44.9,21.0,16.0,0.5675675675675675,5.171219001361714,35,24,9,15,0.05408781269138631,1,0,0,0,0,0,0,0,0,5,652,4,0,30,1
1oqc,A,87,SER,-0.8,89.0,0.0,1,1,H,0.023076923076923078,-60.8,-40.3,21.0,16.0,0.5675675675675675,3.002366717175688,35,39,17,22,0.053621538444046775,1,0,0,0,0,0,0,0,0,-1,0,0,0,0,0
1oqc,A,88,GLN,-3.5,143.8,0.0,2,2,H,0.2727272727272727,-70.1,-41.2,7.0,22.0,0.2413793103448276,2.3186326599241047,25,30,18,12,0.040565859518539735,1,0,0,0,0,0,0,0,0,-1,0,0,0,0,0
1oqc,A,89,TRP,-0.9,227.8,0.0,1,0,H,0.030837004405286344,-59.3,-45.3,17.0,14.0,0.5483870967741935,2.4649069719263124,34,26,15,11,0.04662742473395372,1,0,0,0,0,0,0,0,0,-1,0,0,0,0,0
1oqc,A,90,LEU,3.8,166.7,0.0,0,0,H,0.012195121951219513,-65.6,-36.8,20.0,18.0,0.5263157894736842,4.3235943088817805,38,33,9,24,0.048958795970651406,1,0,0,0,0,0,0,0,0,-1,0,0,0,0,0
1oqc,A,91,CYS,2.5,108.5,0.0,1,0,H,0.022222222222222223,-65.5,-39.8,16.0,17.0,0.48484848484848486,2.1952776320319125,29,37,21,16,0.05175644145468863,1,0,0,0,0,0,0,0,0,-1,0,0,0,0,0
1oqc,A,92,ARG,-4.5,173.4,1.0,5,0,H,0.4717741935483871,-65.9,-39.5,11.0,17.0,0.39285714285714285,1.9295069181937279,25,14,15,-1,0.03823448828184205,1,0,0,0,0,0,0,0,0,-1,0,0,0,0,0
1oqc,A,93,LEU,3.8,166.7,0.0,0,0,H,0.036585365853658534,-62.6,-46.6,22.0,12.0,0.6470588235294118,2.5883324009756263,31,50,17,33,0.050823892960009553,1,0,0,0,0,0,0,0,0,-1,0,0,0,0,0
1oqc,A,94,HIS,-3.2,153.2,0.1,2,1,H,0.1956521739130435,-63.2,-38.0,18.0,15.0,0.5454545454545454,2.330418835817065,32,36,18,18,0.04196468226055834,1,0,0,0,0,0,0,0,0,6,215,10,0,25,1
1oqc,A,95,ASN,-3.5,114.1,0.0,2,2,H,0.15286624203821655,-64.8,-30.8,10.0,14.0,0.4166666666666667,1.8843298437351659,24,49,22,27,0.045228601991935104,1,0,0,0,0,0,0,0,0,6,215,10,0,25,1
1oqc,A,96,GLU,-3.5,138.4,-1.0,1,3,H,0.27835051546391754,-66.8,-41.0,11.0,14.0,0.44,1.7791020045965245,24,60,12,48,0.03916703677652112,1,0,0,0,0,0,0,0,0,24,26,6,0,1,1
1oqc,A,97,VAL,4.2,140.0,0.0,0,0,H,0.1619718309859155,-66.8,-40.9,15.0,13.0,0.5357142857142857,2.75892094210293,23,51,22,29,0.045228601991935104,1,0,0,0,0,0,0,0,0,24,26,6,0,1,1
1oqc,A,98,ASN,-3.5,114.1,0.0,2,2,H,0.08280254777070063,-57.5,-49.6,12.0,8.0,0.6,2.306142871712785,21,45,18,27,0.04429605349725603,1,0,0,0,0,0,0,0,0,6,215,10,0,25,1
1oqc,A,99,ARG,-4.5,173.4,1.0,5,0,H,0.8306451612903226,-56.6,-42.8,5.0,9.0,0.35714285714285715,1.9128373174591724,16,26,17,9,0.0363693912924839,1,0,0,0,0,0,0,0,0,47,0,1,0,0,1
1oqc,A,100,LYS,-3.9,168.6,1.0,2,0,H,0.5853658536585366,-58.7,-47.2,9.0,7.0,0.5625,1.9138351798309867,16,30,18,12,0.02984155182973038,1,0,0,0,0,0,0,0,0,24,26,6,0,1,1
1oqc,A,101,LEU,3.8,166.7,0.0,0,0,T,0.6097560975609756,-86.7,7.3,10.0,4.0,0.7142857142857143,2.009524777521506,16,38,12,26,0.02471253510899547,0,0,0,0,0,1,0,0,0,-1,0,0,0,0,0
1oqc,A,102,GLY,-0.4,60.1,0.0,0,0,T,0.8095238095238095,71.9,19.7,0.0,11.0,0.0,1.7097271967736631,11,26,10,16,0.023779986614316396,0,0,0,0,0,1,0,0,0,-1,0,0,0,0,0
1oqc,A,103,LYS,-3.9,168.6,1.0,2,0,P,0.5463414634146342,-88.7,152.3,8.0,4.0,0.6666666666666666,1.9136980676039816,14,22,13,9,0.027043906345693154,0,0,0,0,0,0,0,0,0,6,215,10,0,25,1
1oqc,A,104,PRO,-1.6,112.7,0.0,0,0,P,0.8308823529411765,-55.0,149.4,2.0,11.0,0.15384615384615385,1.8544890932933067,13,23,11,12,0.02098234113027917,0,0,0,0,0,0,0,0,0,6,215,10,0,25,1
1oqc,A,105,ASP,-3.5,111.1,-1.0,1,3,P,0.7484662576687117,-77.4,137.5,5.0,14.0,0.2631578947368421,1.7341251820273595,15,30,14,16,0.027510180593032695,0,0,0,0,0,0,0,0,0,6,215,10,0,25,1
1oqc,A,106,PHE,2.8,189.9,0.0,0,0,P,0.3197969543147208,-93.7,136.3,15.0,6.0,0.7142857142857143,1.8451797031312216,25,47,22,25,0.032172923066428064,0,0,0,0,0,0,0,0,0,6,215,10,0,25,1
1oqc,A,107,ASP,-3.5,111.1,-1.0,1,3,-,0.4171779141104294,-73.9,104.4,5.0,11.0,0.3125,1.8337405244931941,16,17,15,2,0.02797645484037223,0,0,0,0,0,0,0,0,0,-1,0,0,0,0,0
1oqc,A,108,CYS,2.5,108.5,0.0,1,0,G,0.14074074074074075,-62.3,-18.8,13.0,11.0,0.5416666666666666,1.9290563513783086,25,37,24,13,0.03403802005578621,0,0,0,1,0,0,0,0,0,-1,0,0,0,0,0
1oqc,A,109,SER,-0.8,89.0,0.0,1,1,G,0.676923076923077,-72.9,-8.6,0.0,18.0,0.0,1.739568142164388,14,14,24,-10,0.027043906345693154,0,0,0,1,0,0,0,0,0,-1,0,0,0,0,0
1oqc,A,110,ARG,-4.5,173.4,1.0,5,0,G,0.4959677419354839,-112.6,16.0,9.0,15.0,0.375,2.064460901971819,15,9,26,-17,0.03683566553982344,0,0,0,1,0,0,0,0,0,9,337,4,0,19,1
1oqc,A,111,VAL,4.2,140.0,0.0,0,0,H,0.06338028169014084,-60.8,-39.0,22.0,14.0,0.6111111111111112,2.694110041128195,32,49,33,16,0.05035761871267001,1,0,0,0,0,0,0,0,0,41,1,9,0,0,1
1oqc,A,112,ASP,-3.5,111.1,-1.0,1,3,H,0.2392638036809816,-65.4,-37.7,8.0,21.0,0.27586206896551724,2.0404611644394977,26,42,20,22,0.04149840801321881,1,0,0,0,0,0,0,0,0,41,1,9,0,0,1
1oqc,A,113,GLU,-3.5,138.4,-1.0,1,3,I,0.25257731958762886,-66.4,-47.2,11.0,14.0,0.44,2.4494801803433264,21,36,35,1,0.045228601991935104,0,0,0,0,1,0,0,0,0,41,1,9,0,0,1
1oqc,A,114,ARG,-4.5,173.4,1.0,5,0,I,0.10483870967741936,-62.5,-45.5,13.0,16.0,0.4482758620689655,3.126865399539878,25,25,37,-12,0.05222271570202816,0,0,0,0,1,0,0,0,0,10,84,16,0,12,1
1oqc,A,115,TRP,-0.9,227.8,0.0,1,0,I,0.09691629955947137,-108.4,-5.7,17.0,15.0,0.53125,2.7025778273655456,38,40,30,10,0.0526889899493677,0,0,0,0,1,0,0,0,0,10,84,16,0,12,1
1oqc,A,116,ARG,-4.5,173.4,1.0,5,0,I,0.2903225806451613,-132.0,-58.5,14.0,17.0,0.45161290322580644,2.025745188438655,23,19,26,-7,0.04289723075523742,0,0,0,0,1,0,0,0,0,41,1,9,0,0,1
1oqc,A,117,ASP,-3.5,111.1,-1.0,1,3,I,0.6196319018404908,-93.1,-23.4,8.0,14.0,0.36363636363636365,1.75350864832376,19,29,18,11,0.030307826077069916,0,0,0,0,1,0,0,0,0,41,1,9,0,0,1
1oqc,A,118,GLY,-0.4,60.1,0.0,0,0,-,0.09523809523809523,97.6,155.2,5.0,16.0,0.23809523809523808,1.824906676795228,19,30,40,-10,0.04476232774459557,0,0,0,0,0,0,0,0,0,9,337,4,0,19,1
1oqc,A,119,TRP,-0.9,227.8,0.0,1,0,-,0.22466960352422907,-56.5,138.1,6.0,12.0,0.3333333333333333,1.8738406763601978,21,31,40,-9,0.03776821403450251,0,0,0,0,0,0,0,0,0,9,337,4,0,19,1
1oqc,A,120,LYS,-3.9,168.6,1.0,2,0,T,0.44390243902439025,-55.7,-22.1,3.0,11.0,0.21428571428571427,1.7676039380065807,11,8,26,-18,0.022381163872297785,0,0,0,0,0,1,0,0,0,9,337,4,0,19,1
1oqc,A,121,ASP,-3.5,111.1,-1.0,1,3,T,0.7607361963190185,-82.5,16.2,2.0,8.0,0.2,1.6720849828319215,10,5,11,-6,0.01678587290422334,0,0,0,0,0,1,0,0,0,9,337,4,0,19,1
1oqc,A,122,GLY,-0.4,60.1,0.0,0,0,S,0.7380952380952381,61.7,13.6,0.0,10.0,0.0,1.709736592065596,11,5,19,-14,0.01818469564624195,0,0,0,0,0,0,1,0,0,-1,0,0,0,0,0
1oqc,A,123,SER,-0.8,89.0,0.0,1,1,-,0.4846153846153846,-53.5,-31.5,9.0,3.0,0.75,1.8681966210073093,11,5,22,-17,0.020049792635600097,0,0,0,0,0,0,0,0,0,-1,0,0,0,0,0
1oqc,A,124,CYS,2.5,108.5,0.0,1,0,-,0.5851851851851851,-97.1,360.0,14.0,3.0,0.8235294117647058,1.8965254000809184,17,14,29,-15,0.024246260861655933,0,0,0,0,0,0,0,0,0,-1,0,0,0,0,0
1oqc,B,14,ASP,-3.5,111.1,-1.0,1,3,-,0.8773006134969326,360.0,-6.8,3.0,14.0,0.17647058823529413,1.9473801660463648,14,12,7,5,0.02331371236697686,0,0,0,0,0,0,0,0,0,21,24,11,0,3,1
1oqc,B,15,CYS,2.5,108.5,0.0,1,0,-,0.34814814814814815,-113.6,165.5,9.0,15.0,0.375,1.8588961219131785,22,16,33,-17,0.040099585271200194,0,0,0,0,0,0,0,0,0,32,10,5,0,0,1
1oqc,B,16,PRO,-1.6,112.7,0.0,0,0,-,0.22058823529411764,-57.9,147.5,20.0,10.0,0.6666666666666666,2.027994654036955,24,25,42,-17,0.04289723075523742,0,0,0,0,0,0,0,0,0,21,24,11,0,3,1
1oqc,B,17,GLN,-3.5,143.8,0.0,2,2,-,0.1919191919191919,-73.0,129.7,20.0,11.0,0.6451612903225806,2.049571804935329,27,36,29,7,0.03823448828184205,0,0,0,0,0,0,0,0,0,-1,0,0,0,0,0
1oqc,B,18,ASP,-3.5,111.1,-1.0,1,3,-,0.4785276073619632,-80.5,175.7,2.0,20.0,0.09090909090909091,1.8315348922276662,18,21,18,3,0.028909003335051305,0,0,0,0,0,0,0,0,0,-1,0,0,0,0,0
1oqc,B,19,ARG,-4.5,173.4,1.0,5,0,H,0.4637096774193548,-52.0,-39.6,5.0,15.0,0.25,1.8400389910968207,19,7,39,-32,0.02984155182973038,1,0,0,0,0,0,0,0,0,23,36,5,0,1,1
1oqc,B,20,GLU,-3.5,138.4,-1.0,1,3,H,0.5360824742268041,-73.6,-42.9,1.0,15.0,0.0625,1.833164427561365,16,25,17,8,0.030307826077069916,1,0,0,0,0,0,0,0,0,23,36,5,0,1,1
1oqc,B,21,GLU,-3.5,138.4,-1.0,1,3,H,0.37628865979381443,-65.2,-47.9,8.0,12.0,0.4,1.9959177528981402,18,20,18,2,0.035436842797804825,1,0,0,0,0,0,0,0,0,-1,0,0,0,0,0
1oqc,B,22,LEU,3.8,166.7,0.0,0,0,H,0.024390243902439025,-59.0,-44.2,16.0,15.0,0.5161290322580645,2.9870530290147026,26,22,26,-4,0.048958795970651406,1,0,0,0,0,0,0,0,0,-1,0,0,0,0,0
1oqc,B,23,GLY,-0.4,60.1,0.0,0,0,H,0.11904761904761904,-56.3,-60.9,9.0,19.0,0.32142857142857145,2.1266357085111243,26,30,25,5,0.04196468226055834,1,0,0,0,0,0,0,0,0,14,24,15,0,4,1
1oqc,B,24,ARG,-4.5,173.4,1.0,5,0,H,0.5887096774193549,-57.5,-37.9,6.0,18.0,0.25,1.8069001399805875,18,15,28,-13,0.03683566553982344,1,0,0,0,0,0,0,0,0,-1,0,0,0,0,0
1oqc,B,25,ASN,-3.5,114.1,0.0,2,2,H,0.12738853503184713,-69.2,-37.7,17.0,10.0,0.6296296296296297,2.464847489999858,18,26,26,0,0.04662742473395372,1,0,0,0,0,0,0,0,0,-1,0,0,0,0,0
1oqc,B,26,THR,-0.7,116.1,0.0,1,1,H,0.014084507042253521,-72.1,-40.8,19.0,16.0,0.5428571428571428,2.698762920660817,24,25,9,16,0.05175644145468863,1,0,0,0,0,0,0,0,0,-1,0,0,0,0,0
1oqc,B,27,TRP,-0.9,227.8,0.0,1,0,H,0.1894273127753304,-61.7,-41.5,14.0,20.0,0.4117647058823529,2.129484630995917,31,34,5,29,0.04429605349725603,1,0,0,0,0,0,0,0,0,14,24,15,0,4,1
1oqc,B,28,ALA,1.8,88.6,0.0,0,0,H,0.0,-57.9,-46.4,20.0,18.0,0.5263157894736842,3.2527480899873296,27,34,12,22,0.05035761871267001,1,0,0,0,0,0,0,0,0,-1,0,0,0,0,0
1oqc,B,29,PHE,2.8,189.9,0.0,0,0,H,0.0,-61.3,-51.9,16.0,20.0,0.4444444444444444,6.083848559322369,27,14,2,12,0.053155264196707235,1,0,0,0,0,0,0,0,0,-1,0,0,0,0,0
1oqc,B,30,LEU,3.8,166.7,0.0,0,0,H,0.03048780487804878,-59.8,-47.2,21.0,19.0,0.525,4.598418803149882,29,21,0,21,0.04662742473395372,1,0,0,0,0,0,0,0,0,-1,0,0,0,0,0
1oqc,B,31,HIS,-3.2,153.2,0.1,2,1,H,0.03804347826086957,-67.4,-33.9,22.0,19.0,0.5365853658536586,3.417269668999862,36,32,5,27,0.048958795970651406,1,0,0,0,0,0,0,0,0,14,24,15,0,4,1
1oqc,B,32,THR,-0.7,116.1,0.0,1,1,H,0.02112676056338028,-74.0,-34.7,19.0,20.0,0.48717948717948717,3.350836750079442,35,30,12,18,0.050823892960009553,1,0,0,0,0,0,0,0,0,-1,0,0,0,0,0
1oqc,B,33,LEU,3.8,166.7,0.0,0,0,H,0.012195121951219513,-60.8,-46.5,17.0,19.0,0.4722222222222222,2.8749894347502782,29,19,0,19,0.04755997322863279,1,0,0,0,0,0,0,0,0,-1,0,0,0,0,0
1oqc,B,34,ALA,1.8,88.6,0.0,0,0,H,0.009433962264150943,-67.9,-39.2,22.0,18.0,0.55,4.222874004612839,34,29,10,19,0.05035761871267001,1,0,0,0,0,0,0,0,0,-1,0,0,0,0,0
1oqc,B,35,ALA,1.8,88.6,0.0,0,0,H,0.03773584905660377,-56.0,-35.0,19.0,18.0,0.5135135135135135,3.2625797726066113,33,35,20,15,0.04989134446533048,1,0,0,0,0,0,0,0,0,4,189,17,0,32,1
1oqc,B,36,TYR,-1.3,193.6,0.0,1,1,T,0.5900900900900901,-103.4,10.2,14.0,15.0,0.4827586206896552,1.8944313155444696,26,25,23,2,0.03963331102386066,0,0,0,0,0,1,0,0,0,-1,0,0,0,0,0
1oqc,B,37,TYR,-1.3,193.6,0.0,1,1,S,0.018018018018018018,-63.6,149.7,24.0,10.0,0.7058823529411765,3.396887859914319,35,15,17,-2,0.045694876239274644,0,0,0,0,0,0,1,0,0,8,443,5,0,22,1
1oqc,B,38,PRO,-1.6,112.7,0.0,0,0,-,0.3014705882352941,-60.1,148.7,12.0,13.0,0.48,2.202504302361467,26,14,9,5,0.034970568550465285,0,0,0,0,0,0,0,0,0,39,2,4,0,0,1
1oqc,B,39,ASP,-3.5,111.1,-1.0,1,3,S,0.7055214723926381,-64.5,-43.9,0.0,18.0,0.0,1.7085611839162491,18,16,0,16,0.03124037457174899,0,0,0,0,0,0,1,0,0,29,17,5,0,1,1
1oqc,B,40,MET,1.9,162.9,0.0,0,0,S,0.898936170212766,-125.3,76.0,0.0,17.0,0.0,1.8505799020082017,13,6,8,-2,0.02844272908771177,0,0,0,0,0,0,1,0,0,39,2,4,0,0,1
1oqc,B,41,PRO,-1.6,112.7,0.0,0,0,-,0.0661764705882353,-62.7,150.2,21.0,3.0,0.875,2.206111845213422,22,7,19,-12,0.04196468226055834,0,0,0,0,0,0,0,0,0,39,2,4,0,0,1
1oqc,B,42,THR,-0.7,116.1,0.0,1,1,-,0.4647887323943662,-76.0,165.0,3.0,13.0,0.1875,2.219389510832302,16,0,20,-20,0.027510180593032695,0,0,0,0,0,0,0,0,0,39,2,4,0,0,1
1oqc,B,43,PRO,-1.6,112.7,0.0,0,0,H,0.625,-57.4,-37.5,0.0,14.0,0.0,2.0695782539051653,13,0,16,-16,0.02797645484037223,1,0,0,0,0,0,0,0,0,-1,0,0,0,0,0
1oqc,B,44,GLU,-3.5,138.4,-1.0,1,3,H,0.6443298969072165,-59.6,-47.1,2.0,15.0,0.11764705882352941,1.8361199427702024,16,8,8,0,0.030774100324409453,1,0,0,0,0,0,0,0,0,-1,0,0,0,0,0
1oqc,B,45,GLN,-3.5,143.8,0.0,2,2,H,0.2878787878787879,-64.3,-38.4,12.0,13.0,0.48,2.5597036709759147,22,10,21,-11,0.04616115048661418,1,0,0,0,0,0,0,0,0,39,2,4,0,0,1
1oqc,B,46,GLN,-3.5,143.8,0.0,2,2,H,0.29797979797979796,-65.2,-43.3,10.0,17.0,0.37037037037037035,2.0893003773301055,23,2,26,-24,0.04616115048661418,1,0,0,0,0,0,0,0,0,8,443,5,0,22,1
1oqc,B,47,GLN,-3.5,143.8,0.0,2,2,H,0.6616161616161617,-66.0,-44.1,3.0,16.0,0.15789473684210525,1.7751305167663545,19,3,17,-14,0.03450429430312575,1,0,0,0,0,0,0,0,0,43,0,8,0,0,1
1oqc,B,48,ASP,-3.5,111.1,-1.0,1,3,H,0.12269938650306748,-61.0,-44.3,15.0,15.0,0.5,2.2334290419314153,20,21,9,12,0.04662742473395372,1,0,0,0,0,0,0,0,0,43,0,8,0,0,1
1oqc,B,49,MET,1.9,162.9,0.0,0,0,H,0.0,-69.0,-35.4,22.0,18.0,0.55,4.652208934965611,33,15,15,0,0.04989134446533048,1,0,0,0,0,0,0,0,0,-1,0,0,0,0,0
1oqc,B,50,ALA,1.8,88.6,0.0,0,0,H,0.2169811320754717,-64.6,-43.2,13.0,18.0,0.41935483870967744,2.581939754530227,25,10,16,-6,0.045228601991935104,1,0,0,0,0,0,0,0,0,8,443,5,0,22,1
1oqc,B,51,GLN,-3.5,143.8,0.0,2,2,H,0.35353535353535354,-66.1,-37.4,15.0,14.0,0.5172413793103449,1.993378025783933,17,22,18,4,0.03823448828184205,1,0,0,0,0,0,0,0,0,43,0,8,0,0,1
1oqc,B,52,PHE,2.8,189.9,0.0,0,0,H,0.01015228426395939,-59.4,-46.6,18.0,16.0,0.5294117647058824,6.492054556654701,25,21,11,10,0.050823892960009553,1,0,0,0,0,0,0,0,0,43,0,8,0,0,1
1oqc,B,53,ILE,4.5,166.7,0.0,0,0,H,0.01775147928994083,-63.9,-38.7,21.0,17.0,0.5526315789473685,5.163483416725065,31,19,9,10,0.04709369898129325,1,0,0,0,0,0,0,0,0,-1,0,0,0,0,0
1oqc,B,54,HIS,-3.2,153.2,0.1,2,1,H,0.358695652173913,-65.4,-47.0,13.0,17.0,0.43333333333333335,2.052776287383005,25,18,13,5,0.040099585271200194,1,0,0,0,0,0,0,0,0,-1,0,0,0,0,0
1oqc,B,55,ILE,4.5,166.7,0.0,0,0,H,0.011834319526627219,-65.6,-39.3,20.0,12.0,0.625,3.3351565236987013,21,23,12,11,0.04709369898129325,1,0,0,0,0,0,0,0,0,43,0,8,0,0,1
1oqc,B,56,PHE,2.8,189.9,0.0,0,0,H,0.07614213197969544,-55.3,-46.5,16.0,22.0,0.42105263157894735,3.8941898302380706,29,23,1,22,0.04709369898129325,1,0,0,0,0,0,0,0,0,-1,0,0,0,0,0
1oqc,B,57,SER,-0.8,89.0,0.0,1,1,H,0.05384615384615385,-62.4,-21.8,15.0,17.0,0.46875,3.1745761852594683,32,39,20,19,0.045694876239274644,1,0,0,0,0,0,0,0,0,25,24,6,0,1,1
1oqc,B,58,LYS,-3.9,168.6,1.0,2,0,H,0.5463414634146342,-88.0,-27.4,11.0,20.0,0.3548387096774194,2.088105025246614,24,21,15,6,0.03590311704514436,1,0,0,0,0,0,0,0,0,25,24,6,0,1,1
1oqc,B,59,PHE,2.8,189.9,0.0,0,0,H,0.1218274111675127,-112.8,-2.8,22.0,12.0,0.6470588235294118,2.089267098692337,32,19,11,8,0.04429605349725603,1,0,0,0,0,0,0,0,0,-1,0,0,0,0,0
1oqc,B,60,TYR,-1.3,193.6,0.0,1,1,-,0.11711711711711711,-50.9,123.9,20.0,16.0,0.5555555555555556,2.042467061995721,34,20,20,0,0.04755997322863279,0,0,0,0,0,0,0,0,0,-1,0,0,0,0,0
1oqc,B,61,PRO,-1.6,112.7,0.0,0,0,S,0.1323529411764706,-52.3,13.9,20.0,15.0,0.5714285714285714,2.298607014559676,31,19,15,4,0.04149840801321881,0,0,0,0,0,0,1,0,0,19,82,3,0,3,1
1oqc,B,62,CYS,2.5,108.5,0.0,1,0,-,0.0962962962962963,-134.9,103.8,13.0,16.0,0.4482758620689655,2.049114321369639,25,18,37,-19,0.0363693912924839,0,0,0,0,0,0,0,0,0,23,36,5,0,1,1
1oqc,B,63,GLU,-3.5,138.4,-1.0,1,3,H,0.7938144329896907,-43.4,-60.6,1.0,16.0,0.058823529411764705,1.8166694467806594,15,14,21,-7,0.030774100324409453,1,0,0,0,0,0,0,0,0,19,82,3,0,3,1
1oqc,B,64,GLU,-3.5,138.4,-1.0,1,3,H,0.5051546391752577,-57.9,-39.2,1.0,14.0,0.06666666666666667,1.761625469100187,17,19,27,-8,0.028909003335051305,1,0,0,0,0,0,0,0,0,23,36,5,0,1,1
1oqc,B,65,CYS,2.5,108.5,0.0,1,0,H,0.24444444444444444,-66.3,-45.2,14.0,11.0,0.56,1.9143195407766826,25,38,37,1,0.03870076252918159,1,0,0,0,0,0,0,0,0,23,36,5,0,1,1
1oqc,B,66,ALA,1.8,88.6,0.0,0,0,H,0.03773584905660377,-64.5,-41.0,12.0,12.0,0.5,2.765921906030761,24,39,35,4,0.04616115048661418,1,0,0,0,0,0,0,0,0,25,24,6,0,1,1
1oqc,B,67,GLU,-3.5,138.4,-1.0,1,3,H,0.5,-62.9,-40.5,2.0,16.0,0.1111111111111111,1.8670436364338832,16,29,26,3,0.03403802005578621,1,0,0,0,0,0,0,0,0,25,24,6,0,1,1
1oqc,B,68,ASP,-3.5,111.1,-1.0,1,3,H,0.1411042944785276,-68.1,-44.9,10.0,12.0,0.45454545454545453,1.7364897077780717,23,45,32,13,0.03823448828184205,1,0,0,0,0,0,0,0,0,28,18,6,0,1,1
1oqc,B,69,ILE,4.5,166.7,0.0,0,0,H,0.07100591715976332,-66.2,-34.5,21.0,12.0,0.6363636363636364,2.4749416945948997,31,55,35,20,0.04289723075523742,1,0,0,0,0,0,0,0,0,-1,0,0,0,0,0
1oqc,B,70,ARG,-4.5,173.4,1.0,5,0,H,0.3709677419354839,-64.3,-38.0,13.0,13.0,0.5,1.9464848315284535,23,35,33,2,0.040565859518539735,1,0,0,0,0,0,0,0,0,25,24,6,0,1,1
1oqc,B,71,LYS,-3.9,168.6,1.0,2,0,H,0.7170731707317073,-64.5,-42.9,7.0,12.0,0.3684210526315789,1.893755529751554,16,36,29,7,0.03730193978716297,1,0,0,0,0,0,0,0,0,-1,0,0,0,0,0
1oqc,B,72,ARG,-4.5,173.4,1.0,5,0,H,0.1532258064516129,-67.6,-39.1,16.0,9.0,0.64,1.9640692589119688,25,45,30,15,0.04196468226055834,1,0,0,0,0,0,0,0,0,28,18,6,0,1,1
1oqc,B,73,ILE,4.5,166.7,0.0,0,0,H,0.023668639053254437,-67.4,-37.0,16.0,12.0,0.5714285714285714,2.3199725432682152,25,49,23,26,0.04616115048661418,1,0,0,0,0,0,0,0,0,-1,0,0,0,0,0
1oqc,B,74,ASP,-3.5,111.1,-1.0,1,3,H,0.754601226993865,-63.4,-35.6,6.0,10.0,0.375,1.6999603237286425,14,40,3,37,0.02984155182973038,1,0,0,0,0,0,0,0,0,-1,0,0,0,0,0
1oqc,B,75,ARG,-4.5,173.4,1.0,5,0,H,0.6814516129032258,-72.1,-39.6,7.0,5.0,0.5833333333333334,1.823959914272834,14,25,17,8,0.026577632098353617,1,0,0,0,0,0,0,0,0,28,18,6,0,1,1
1oqc,B,76,SER,-0.8,89.0,0.0,1,1,S,0.38461538461538464,-136.2,95.5,9.0,11.0,0.45,1.8842077209388723,18,39,20,19,0.030774100324409453,0,0,0,0,0,0,1,0,0,-1,0,0,0,0,0
1oqc,B,77,GLN,-3.5,143.8,0.0,2,2,-,0.4696969696969697,-60.1,148.1,5.0,19.0,0.20833333333333334,1.8370628747837945,20,29,16,13,0.03124037457174899,0,0,0,0,0,0,0,0,0,-1,0,0,0,0,0
1oqc,B,78,PRO,-1.6,112.7,0.0,0,0,-,0.11764705882352941,-61.9,134.5,19.0,16.0,0.5428571428571428,2.2134636817220144,30,17,14,3,0.04476232774459557,0,0,0,0,0,0,0,0,0,8,443,5,0,22,1
1oqc,B,79,ASP,-3.5,111.1,-1.0,1,3,-,0.4662576687116564,-100.3,100.1,13.0,16.0,0.4482758620689655,2.0371303671470384,21,8,0,8,0.03730193978716297,0,0,0,0,0,0,0,0,0,8,443,5,0,22,1
1oqc,B,80,THR,-0.7,116.1,0.0,1,1,-,0.07746478873239436,-100.9,16.6,19.0,14.0,0.5757575757575758,2.2438479998746024,33,8,19,-11,0.04755997322863279,0,0,0,0,0,0,0,0,0,8,443,5,0,22,1
1oqc,B,81,SER,-0.8,89.0,0.0,1,1,S,0.3384615384615385,-56.9,-38.6,5.0,22.0,0.18518518518518517,1.8087315825328814,22,6,13,-7,0.03590311704514436,0,0,0,0,0,0,1,0,0,8,443,5,0,22,1
1oqc,B,82,THR,-0.7,116.1,0.0,1,1,S,0.30985915492957744,-147.0,171.2,5.0,21.0,0.19230769230769232,2.561109739336169,21,11,16,-5,0.04662742473395372,0,0,0,0,0,0,1,0,0,8,443,5,0,22,1
1oqc,B,83,ARG,-4.5,173.4,1.0,5,0,H,0.06451612903225806,-62.0,-43.8,10.0,20.0,0.3333333333333333,2.284123867692212,25,10,17,-7,0.048492521723311866,1,0,0,0,0,0,0,0,0,4,189,17,0,32,1
1oqc,B,84,VAL,4.2,140.0,0.0,0,0,H,0.6056338028169014,-69.8,-39.9,2.0,26.0,0.07142857142857142,1.8984797176727934,24,17,20,-3,0.03310547156110714,1,0,0,0,0,0,0,0,0,-1,0,0,0,0,0
1oqc,B,85,SER,-0.8,89.0,0.0,1,1,H,0.15384615384615385,-64.5,-41.9,11.0,15.0,0.4230769230769231,2.0330326288894542,23,19,11,8,0.03823448828184205,1,0,0,0,0,0,0,0,0,8,443,5,0,22,1
1oqc,B,86,PHE,2.8,189.9,0.0,0,0,H,0.005076142131979695,-72.1,-47.5,21.0,15.0,0.5833333333333334,5.211699006371742,35,22,9,13,0.053621538444046775,1,0,0,0,0,0,0,0,0,-1,0,0,0,0,0
1oqc,B,87,SER,-0.8,89.0,0.0,1,1,H,0.03076923076923077,-59.1,-38.4,20.0,16.0,0.5555555555555556,3.372268517586836,33,37,15,22,0.0526889899493677,1,0,0,0,0,0,0,0,0,-1,0,0,0,0,0
1oqc,B,88,GLN,-3.5,143.8,0.0,2,2,H,0.2777777777777778,-74.6,-38.2,7.0,22.0,0.2413793103448276,2.410977632811863,25,32,17,15,0.040099585271200194,1,0,0,0,0,0,0,0,0,-1,0,0,0,0,0
1oqc,B,89,TRP,-0.9,227.8,0.0,1,0,H,0.030837004405286344,-58.6,-43.3,17.0,14.0,0.5483870967741935,2.419202019449473,34,26,15,11,0.04662742473395372,1,0,0,0,0,0,0,0,0,-1,0,0,0,0,0
1oqc,B,90,LEU,3.8,166.7,0.0,0,0,H,0.006097560975609756,-68.4,-36.6,19.0,18.0,0.5135135135135135,4.3130251857201145,38,33,9,24,0.04989134446533048,1,0,0,0,0,0,0,0,0,-1,0,0,0,0,0
1oqc,B,91,CYS,2.5,108.5,0.0,1,0,H,0.022222222222222223,-65.5,-42.8,19.0,15.0,0.5588235294117647,2.1667308589848093,30,40,21,19,0.05129016720734909,1,0,0,0,0,0,0,0,0,-1,0,0,0,0,0
1oqc,B,92,ARG,-4.5,173.4,1.0,5,0,H,0.4879032258064516,-64.7,-38.8,12.0,16.0,0.42857142857142855,1.9821126556711837,26,15,18,-3,0.04103213376587927,1,0,0,0,0,0,0,0,0,-1,0,0,0,0,0
1oqc,B,93,LEU,3.8,166.7,0.0,0,0,H,0.07317073170731707,-62.6,-45.1,21.0,12.0,0.6363636363636364,2.569952046975663,32,54,16,38,0.05035761871267001,1,0,0,0,0,0,0,0,0,-1,0,0,0,0,0
1oqc,B,94,HIS,-3.2,153.2,0.1,2,1,H,0.18478260869565216,-63.1,-36.4,18.0,15.0,0.5454545454545454,2.2300807847207107,32,40,19,21,0.04429605349725603,1,0,0,0,0,0,0,0,0,14,24,15,0,4,1
1oqc,B,95,ASN,-3.5,114.1,0.0,2,2,H,0.050955414012738856,-68.1,-30.5,11.0,13.0,0.4583333333333333,2.305698018908906,24,51,22,29,0.04616115048661418,1,0,0,0,0,0,0,0,0,-1,0,0,0,0,0
1oqc,B,96,GLU,-3.5,138.4,-1.0,1,3,H,0.19072164948453607,-63.1,-42.9,11.0,13.0,0.4583333333333333,1.9427159586177898,23,59,12,47,0.040565859518539735,1,0,0,0,0,0,0,0,0,28,18,6,0,1,1
1oqc,B,97,VAL,4.2,140.0,0.0,0,0,H,0.13380281690140844,-67.7,-37.6,15.0,12.0,0.5555555555555556,2.6737769597903176,24,54,23,31,0.04755997322863279,1,0,0,0,0,0,0,0,0,28,18,6,0,1,1
1oqc,B,98,ASN,-3.5,114.1,0.0,2,2,H,0.09554140127388536,-58.0,-48.5,13.0,8.0,0.6190476190476191,2.3248633650987767,22,48,19,29,0.04616115048661418,1,0,0,0,0,0,0,0,0,14,24,15,0,4,1
1oqc,B,99,ARG,-4.5,173.4,1.0,5,0,H,0.5362903225806451,-62.0,-39.3,6.0,10.0,0.375,1.9134829067234913,17,34,17,17,0.03776821403450251,1,0,0,0,0,0,0,0,0,-1,0,0,0,0,0
1oqc,B,100,LYS,-3.9,168.6,1.0,2,0,H,0.4975609756097561,-56.5,-39.3,9.0,7.0,0.5625,1.907558430905695,18,32,22,10,0.030774100324409453,1,0,0,0,0,0,0,0,0,28,18,6,0,1,1
1oqc,B,101,LEU,3.8,166.7,0.0,0,0,T,0.6097560975609756,-97.3,12.3,10.0,4.0,0.7142857142857143,1.9996573046940163,17,38,14,24,0.02471253510899547,0,0,0,0,0,1,0,0,0,-1,0,0,0,0,0
1oqc,B,102,GLY,-0.4,60.1,0.0,0,0,T,0.8333333333333334,64.7,30.4,0.0,13.0,0.0,1.7095962392341664,14,26,10,16,0.02331371236697686,0,0,0,0,0,1,0,0,0,-1,0,0,0,0,0
1oqc,B,103,LYS,-3.9,168.6,1.0,2,0,P,0.5414634146341464,-98.4,162.0,9.0,7.0,0.5625,1.9147739139829791,16,24,15,9,0.02797645484037223,0,0,0,0,0,0,0,0,0,-1,0,0,0,0,0
1oqc,B,104,PRO,-1.6,112.7,0.0,0,0,P,0.39705882352941174,-64.9,156.9,9.0,11.0,0.45,1.8694698026170706,19,29,20,9,0.03124037457174899,0,0,0,0,0,0,0,0,0,2,587,20,0,122,1
1oqc,B,105,ASP,-3.5,111.1,-1.0,1,3,P,0.4601226993865031,-83.8,131.3,7.0,17.0,0.2916666666666667,1.7384629151170738,21,36,22,14,0.032639197313767604,0,0,0,0,0,0,0,0,0,2,587,20,0,122,1
1oqc,B,106,PHE,2.8,189.9,0.0,0,0,P,0.3248730964467005,-81.7,140.3,15.0,11.0,0.5769230769230769,1.8383323863832262,25,48,29,19,0.035436842797804825,0,0,0,0,0,0,0,0,0,15,24,19,0,4,1
1oqc,B,107,ASP,-3.5,111.1,-1.0,1,3,-,0.5460122699386503,-75.4,96.4,8.0,11.0,0.42105263157894735,1.881832687304816,17,19,22,-3,0.02844272908771177,0,0,0,0,0,0,0,0,0,15,24,19,0,4,1
1oqc,B,108,CYS,2.5,108.5,0.0,1,0,G,0.14074074074074075,-54.9,-21.1,12.0,12.0,0.5,1.9097962321354258,25,35,27,8,0.03403802005578621,0,0,0,1,0,0,0,0,0,15,24,19,0,4,1
1oqc,B,109,SER,-0.8,89.0,0.0,1,1,G,0.7076923076923077,-70.9,-11.5,1.0,18.0,0.05263157894736842,1.7394908188888765,13,14,24,-10,0.02611135785101408,0,0,0,1,0,0,0,0,0,15,24,19,0,4,1
1oqc,B,110,ARG,-4.5,173.4,1.0,5,0,G,0.2056451612903226,-107.9,15.9,9.0,14.0,0.391304347826087,2.064435121161004,18,16,34,-18,0.03683566553982344,0,0,0,1,0,0,0,0,0,15,24,19,0,4,1
1oqc,B,111,VAL,4.2,140.0,0.0,0,0,H,0.056338028169014086,-59.3,-32.2,21.0,15.0,0.5833333333333334,2.7000569417045943,31,51,32,19,0.048958795970651406,1,0,0,0,0,0,0,0,0,4,189,17,0,32,1
1oqc,B,112,ASP,-3.5,111.1,-1.0,1,3,H,0.2331288343558282,-76.5,-36.3,7.0,20.0,0.25925925925925924,2.0055987809825684,25,42,19,23,0.04149840801321881,1,0,0,0,0,0,0,0,0,4,189,17,0,32,1
1oqc,B,113,GLU,-3.5,138.4,-1.0,1,3,I,0.20103092783505155,-60.2,-48.0,11.0,14.0,0.44,2.3859978778131543,21,40,36,4,0.048026247475972325,0,0,0,0,1,0,0,0,0,-1,0,0,0,0,0
1oqc,B,114,ARG,-4.5,173.4,1.0,5,0,I,0.14516129032258066,-65.6,-42.8,13.0,17.0,0.43333333333333335,2.9765219134546688,27,31,38,-7,0.05222271570202816,0,0,0,0,1,0,0,0,0,-1,0,0,0,0,0
1oqc,B,115,TRP,-0.9,227.8,0.0,1,0,I,0.09691629955947137,-111.1,-10.4,17.0,16.0,0.5151515151515151,2.8310389569584014,38,40,29,11,0.05175644145468863,0,0,0,0,1,0,0,0,0,4,189,17,0,32,1
1oqc,B,116,ARG,-4.5,173.4,1.0,5,0,I,0.31048387096774194,-126.5,-56.2,12.0,17.0,0.41379310344827586,2.0978734648897865,22,17,24,-7,0.04243095650789788,0,0,0,0,1,0,0,0,0,4,189,17,0,32,1
1oqc,B,117,ASP,-3.5,111.1,-1.0,1,3,I,0.6380368098159509,-96.2,-20.3,8.0,14.0,0.36363636363636365,1.7657856505946417,19,29,18,11,0.030774100324409453,0,0,0,0,1,0,0,0,0,4,189,17,0,32,1
1oqc,B,118,GLY,-0.4,60.1,0.0,0,0,-,0.09523809523809523,94.6,158.1,5.0,17.0,0.22727272727272727,1.8365580878489558,20,39,39,0,0.045694876239274644,0,0,0,0,0,0,0,0,0,-1,0,0,0,0,0
1oqc,B,119,TRP,-0.9,227.8,0.0,1,0,-,0.15859030837004406,-58.5,142.4,10.0,12.0,0.45454545454545453,1.8991324565614975,22,36,41,-5,0.04196468226055834,0,0,0,0,0,0,0,0,0,-1,0,0,0,0,0
1oqc,B,120,LYS,-3.9,168.6,1.0,2,0,T,0.6146341463414634,-53.8,-29.6,5.0,15.0,0.25,1.9431946312663746,16,13,36,-23,0.026577632098353617,0,0,0,0,0,1,0,0,0,-1,0,0,0,0,0
1oqc,B,121,ASP,-3.5,111.1,-1.0,1,3,T,0.3558282208588957,-76.5,0.9,10.0,8.0,0.5555555555555556,1.881008765112289,19,18,24,-6,0.027510180593032695,0,0,0,0,0,1,0,0,0,0,1516,19,0,325,1
1oqc,B,122,GLY,-0.4,60.1,0.0,0,0,S,0.6785714285714286,75.4,11.0,6.0,11.0,0.35294117647058826,1.766946345019332,17,15,27,-12,0.025178809356335007,0,0,0,0,0,0,1,0,0,-1,0,0,0,0,0
1oqc,B,123,SER,-0.8,89.0,0.0,1,1,-,0.43846153846153846,-65.1,-7.8,12.0,7.0,0.631578947368421,1.8816141421753214,17,16,30,-14,0.027043906345693154,0,0,0,0,0,0,0,0,0,-1,0,0,0,0,0
1oqc,B,124,CYS,2.5,108.5,0.0,1,0,-,0.5481481481481482,-102.8,360.0,14.0,5.0,0.7368421052631579,1.8614301484366689,18,18,32,-14,0.02611135785101408,0,0,0,0,0,0,0,0,0,-1,0,0,0,0,0
1oqc,C,13,GLU,-3.5,138.4,-1.0,1,3,-,0.37628865979381443,360.0,-104.0,0.0,0.0,0.0,1.7095223018463426,14,20,14,6,0.01818469564624195,0,0,0,0,0,0,0,0,0,10,84,16,0,12,1
1oqc,C,14,ASP,-3.5,111.1,-1.0,1,3,-,0.558282208588957,-149.4,-8.7,3.0,15.0,0.16666666666666666,1.9556559003147354,16,15,11,4,0.025645083603674543,0,0,0,0,0,0,0,0,0,10,84,16,0,12,1
1oqc,C,15,CYS,2.5,108.5,0.0,1,0,S,0.31851851851851853,-116.5,166.3,10.0,15.0,0.4,1.858516516893353,24,18,38,-20,0.04196468226055834,0,0,0,0,0,0,1,0,0,10,84,16,0,12,1
1oqc,C,16,PRO,-1.6,112.7,0.0,0,0,-,0.21323529411764705,-55.4,144.6,19.0,10.0,0.6551724137931034,2.0324333186807566,25,25,46,-21,0.04289723075523742,0,0,0,0,0,0,0,0,0,-1,0,0,0,0,0
1oqc,C,17,GLN,-3.5,143.8,0.0,2,2,-,0.13636363636363635,-66.9,142.5,20.0,13.0,0.6060606060606061,1.9514497592730988,29,36,34,2,0.040099585271200194,0,0,0,0,0,0,0,0,0,10,84,16,0,12,1
1oqc,C,18,ASP,-3.5,111.1,-1.0,1,3,-,0.4539877300613497,-92.5,-180.0,2.0,21.0,0.08695652173913043,1.8149775266244668,17,17,18,-1,0.02797645484037223,0,0,0,0,0,0,0,0,0,-1,0,0,0,0,0
1oqc,C,19,ARG,-4.5,173.4,1.0,5,0,H,0.4475806451612903,-54.3,-48.0,5.0,15.0,0.25,1.8404210666973813,21,5,39,-34,0.028909003335051305,1,0,0,0,0,0,0,0,0,7,382,5,0,22,1
1oqc,C,20,GLU,-3.5,138.4,-1.0,1,3,H,0.6443298969072165,-64.7,-42.1,1.0,15.0,0.0625,1.7815280515116965,16,26,17,9,0.028909003335051305,1,0,0,0,0,0,0,0,0,26,6,22,0,1,1
1oqc,C,21,GLU,-3.5,138.4,-1.0,1,3,H,0.4329896907216495,-65.5,-46.3,9.0,12.0,0.42857142857142855,1.8867885314112647,19,24,21,3,0.035436842797804825,1,0,0,0,0,0,0,0,0,-1,0,0,0,0,0
1oqc,C,22,LEU,3.8,166.7,0.0,0,0,H,0.036585365853658534,-60.0,-42.4,17.0,16.0,0.5151515151515151,2.838187148234703,27,19,27,-8,0.04616115048661418,1,0,0,0,0,0,0,0,0,-1,0,0,0,0,0
1oqc,C,23,GLY,-0.4,60.1,0.0,0,0,H,0.13095238095238096,-59.6,-55.2,9.0,19.0,0.32142857142857145,2.09124651234821,26,30,25,5,0.040565859518539735,1,0,0,0,0,0,0,0,0,-1,0,0,0,0,0
1oqc,C,24,ARG,-4.5,173.4,1.0,5,0,H,0.8387096774193549,-54.6,-45.0,6.0,16.0,0.2727272727272727,1.8068926341322205,21,16,30,-14,0.03590311704514436,1,0,0,0,0,0,0,0,0,26,6,22,0,1,1
1oqc,C,25,ASN,-3.5,114.1,0.0,2,2,H,0.14012738853503184,-69.3,-36.1,19.0,10.0,0.6551724137931034,2.545466914005158,19,25,23,2,0.04709369898129325,1,0,0,0,0,0,0,0,0,-1,0,0,0,0,0
1oqc,C,26,THR,-0.7,116.1,0.0,1,1,H,0.02112676056338028,-72.9,-40.6,19.0,16.0,0.5428571428571428,2.706699422161577,25,24,9,15,0.050823892960009553,1,0,0,0,0,0,0,0,0,-1,0,0,0,0,0
1oqc,C,27,TRP,-0.9,227.8,0.0,1,0,H,0.19383259911894274,-63.0,-39.4,14.0,19.0,0.42424242424242425,2.1043071059693275,31,33,5,28,0.043363505002576956,1,0,0,0,0,0,0,0,0,-1,0,0,0,0,0
1oqc,C,28,ALA,1.8,88.6,0.0,0,0,H,0.009433962264150943,-59.7,-48.7,19.0,17.0,0.5277777777777778,3.1853950408296217,25,35,8,27,0.050823892960009553,1,0,0,0,0,0,0,0,0,-1,0,0,0,0,0
1oqc,C,29,PHE,2.8,189.9,0.0,0,0,H,0.0,-59.8,-51.0,16.0,20.0,0.4444444444444444,5.9908148660864775,27,14,2,12,0.053621538444046775,1,0,0,0,0,0,0,0,0,-1,0,0,0,0,0
1oqc,C,30,LEU,3.8,166.7,0.0,0,0,H,0.024390243902439025,-60.5,-46.8,20.0,20.0,0.5,4.58033573654849,31,21,0,21,0.04709369898129325,1,0,0,0,0,0,0,0,0,-1,0,0,0,0,0
1oqc,C,31,HIS,-3.2,153.2,0.1,2,1,H,0.05434782608695652,-67.2,-33.1,22.0,18.0,0.55,3.429040553173698,37,31,5,26,0.048492521723311866,1,0,0,0,0,0,0,0,0,-1,0,0,0,0,0
1oqc,C,32,THR,-0.7,116.1,0.0,1,1,H,0.02112676056338028,-73.2,-39.6,18.0,20.0,0.47368421052631576,3.1652696215632097,35,30,12,18,0.050823892960009553,1,0,0,0,0,0,0,0,0,-1,0,0,0,0,0
1oqc,C,33,LEU,3.8,166.7,0.0,0,0,H,0.012195121951219513,-56.0,-48.0,18.0,21.0,0.46153846153846156,2.804780843533831,29,18,0,18,0.04709369898129325,1,0,0,0,0,0,0,0,0,-1,0,0,0,0,0
1oqc,C,34,ALA,1.8,88.6,0.0,0,0,H,0.009433962264150943,-66.8,-39.6,21.0,19.0,0.525,4.221981720843031,34,29,11,18,0.05035761871267001,1,0,0,0,0,0,0,0,0,1,1525,9,0,157,1
1oqc,C,35,ALA,1.8,88.6,0.0,0,0,H,0.02830188679245283,-58.5,-31.6,19.0,19.0,0.5,3.245174068273567,33,35,22,13,0.04989134446533048,1,0,0,0,0,0,0,0,0,-1,0,0,0,0,0
1oqc,C,36,TYR,-1.3,193.6,0.0,1,1,T,0.5540540540540541,-105.7,6.2,14.0,15.0,0.4827586206896552,1.9512987003368227,27,26,24,2,0.040099585271200194,0,0,0,0,0,1,0,0,0,-1,0,0,0,0,0
1oqc,C,37,TYR,-1.3,193.6,0.0,1,1,S,0.013513513513513514,-64.6,147.8,25.0,11.0,0.6944444444444444,3.3134735673205884,36,15,17,-2,0.04709369898129325,0,0,0,0,0,0,1,0,0,1,1525,9,0,157,1
1oqc,C,38,PRO,-1.6,112.7,0.0,0,0,-,0.29411764705882354,-60.0,143.4,12.0,13.0,0.48,2.2758902450013747,26,13,9,4,0.035436842797804825,0,0,0,0,0,0,0,0,0,27,25,4,0,1,1
1oqc,C,39,ASP,-3.5,111.1,-1.0,1,3,S,0.5644171779141104,-71.8,-32.0,0.0,18.0,0.0,1.7087191705148008,20,16,3,13,0.03357174580844668,0,0,0,0,0,0,1,0,0,27,25,4,0,1,1
1oqc,C,40,MET,1.9,162.9,0.0,0,0,S,0.8936170212765957,-119.7,63.1,0.0,17.0,0.0,1.8671513709612269,13,7,8,-1,0.02844272908771177,0,0,0,0,0,0,1,0,0,27,25,4,0,1,1
1oqc,C,41,PRO,-1.6,112.7,0.0,0,0,-,0.07352941176470588,-67.7,150.0,22.0,2.0,0.9166666666666666,2.2327926671329617,22,7,18,-11,0.04149840801321881,0,0,0,0,0,0,0,0,0,27,25,4,0,1,1
1oqc,C,42,THR,-0.7,116.1,0.0,1,1,-,0.4788732394366197,-76.1,162.7,3.0,13.0,0.1875,2.236943035741703,16,0,20,-20,0.027510180593032695,0,0,0,0,0,0,0,0,0,27,25,4,0,1,1
1oqc,C,43,PRO,-1.6,112.7,0.0,0,0,H,0.7132352941176471,-55.4,-37.3,0.0,14.0,0.0,1.968527385089162,13,0,16,-16,0.027510180593032695,1,0,0,0,0,0,0,0,0,-1,0,0,0,0,0
1oqc,C,44,GLU,-3.5,138.4,-1.0,1,3,H,0.6082474226804123,-67.7,-39.1,2.0,15.0,0.11764705882352941,1.8553237269387874,15,5,8,-3,0.030307826077069916,1,0,0,0,0,0,0,0,0,31,24,2,0,0,1
1oqc,C,45,GLN,-3.5,143.8,0.0,2,2,H,0.30808080808080807,-66.3,-36.3,12.0,13.0,0.48,2.3446915113250757,21,10,21,-11,0.04429605349725603,1,0,0,0,0,0,0,0,0,27,25,4,0,1,1
1oqc,C,46,GLN,-3.5,143.8,0.0,2,2,H,0.29292929292929293,-66.4,-38.5,11.0,16.0,0.4074074074074074,2.0989469968462817,23,2,26,-24,0.045694876239274644,1,0,0,0,0,0,0,0,0,-1,0,0,0,0,0
1oqc,C,47,GLN,-3.5,143.8,0.0,2,2,H,0.702020202020202,-68.8,-45.6,3.0,17.0,0.15,1.7763788050824427,17,0,17,-17,0.035436842797804825,1,0,0,0,0,0,0,0,0,-1,0,0,0,0,0
1oqc,C,48,ASP,-3.5,111.1,-1.0,1,3,H,0.15337423312883436,-60.1,-43.8,15.0,14.0,0.5172413793103449,2.137601764421846,20,16,9,7,0.04476232774459557,1,0,0,0,0,0,0,0,0,31,24,2,0,0,1
1oqc,C,49,MET,1.9,162.9,0.0,0,0,H,0.005319148936170213,-66.0,-38.0,22.0,17.0,0.5641025641025641,4.456063513048136,33,8,15,-7,0.04942507021799094,1,0,0,0,0,0,0,0,0,-1,0,0,0,0,0
1oqc,C,50,ALA,1.8,88.6,0.0,0,0,H,0.32075471698113206,-63.4,-44.5,14.0,18.0,0.4375,2.2148516376622682,26,10,16,-6,0.045228601991935104,1,0,0,0,0,0,0,0,0,-1,0,0,0,0,0
1oqc,C,51,GLN,-3.5,143.8,0.0,2,2,H,0.2878787878787879,-66.8,-37.5,13.0,14.0,0.48148148148148145,2.1211572450200524,19,16,17,-1,0.03823448828184205,1,0,0,0,0,0,0,0,0,37,1,9,0,0,1
1oqc,C,52,PHE,2.8,189.9,0.0,0,0,H,0.005076142131979695,-59.2,-48.1,18.0,17.0,0.5142857142857142,6.259184674339508,24,18,12,6,0.050823892960009553,1,0,0,0,0,0,0,0,0,37,1,9,0,0,1
1oqc,C,53,ILE,4.5,166.7,0.0,0,0,H,0.01775147928994083,-61.6,-39.8,21.0,18.0,0.5384615384615384,3.8469205398974293,31,19,10,9,0.04662742473395372,1,0,0,0,0,0,0,0,0,-1,0,0,0,0,0
1oqc,C,54,HIS,-3.2,153.2,0.1,2,1,H,0.30978260869565216,-62.7,-48.1,11.0,19.0,0.36666666666666664,2.165410438522005,20,19,15,4,0.04196468226055834,1,0,0,0,0,0,0,0,0,-1,0,0,0,0,0
1oqc,C,55,ILE,4.5,166.7,0.0,0,0,H,0.0,-65.8,-37.4,18.0,13.0,0.5806451612903226,3.9756084776588607,21,23,12,11,0.04989134446533048,1,0,0,0,0,0,0,0,0,37,1,9,0,0,1
1oqc,C,56,PHE,2.8,189.9,0.0,0,0,H,0.06091370558375635,-55.7,-45.9,14.0,21.0,0.4,3.974014829468922,28,23,1,22,0.04662742473395372,1,0,0,0,0,0,0,0,0,-1,0,0,0,0,0
1oqc,C,57,SER,-0.8,89.0,0.0,1,1,H,0.023076923076923078,-62.3,-19.7,14.0,18.0,0.4375,3.171835834272788,32,39,22,17,0.04755997322863279,1,0,0,0,0,0,0,0,0,-1,0,0,0,0,0
1oqc,C,58,LYS,-3.9,168.6,1.0,2,0,H,0.47804878048780486,-92.0,-18.0,12.0,20.0,0.375,2.085551983686645,25,22,20,2,0.03916703677652112,1,0,0,0,0,0,0,0,0,-1,0,0,0,0,0
1oqc,C,59,PHE,2.8,189.9,0.0,0,0,H,0.10152284263959391,-120.6,-2.3,23.0,12.0,0.6571428571428571,2.1120988994632763,35,22,11,11,0.04616115048661418,1,0,0,0,0,0,0,0,0,-1,0,0,0,0,0
1oqc,C,60,TYR,-1.3,193.6,0.0,1,1,-,0.10810810810810811,-51.5,121.2,20.0,16.0,0.5555555555555556,2.031149288286439,34,21,20,1,0.04755997322863279,0,0,0,0,0,0,0,0,0,-1,0,0,0,0,0
1oqc,C,61,PRO,-1.6,112.7,0.0,0,0,S,0.09558823529411764,-37.1,-64.2,20.0,14.0,0.5882352941176471,2.2287857031775578,34,19,17,2,0.04243095650789788,0,0,0,0,0,0,1,0,0,7,382,5,0,22,1
1oqc,C,62,CYS,2.5,108.5,0.0,1,0,S,0.1259259259259259,-58.3,108.9,13.0,16.0,0.4482758620689655,2.0887693643514815,25,16,37,-21,0.0363693912924839,0,0,0,0,0,0,1,0,0,7,382,5,0,22,1
1oqc,C,63,GLU,-3.5,138.4,-1.0,1,3,H,0.8041237113402062,-51.1,-55.6,3.0,17.0,0.15,1.7599007526079355,15,12,21,-9,0.032172923066428064,1,0,0,0,0,0,0,0,0,7,382,5,0,22,1
1oqc,C,64,GLU,-3.5,138.4,-1.0,1,3,H,0.5567010309278351,-59.3,-41.0,1.0,14.0,0.06666666666666667,1.7294082268415,15,18,26,-8,0.02844272908771177,1,0,0,0,0,0,0,0,0,7,382,5,0,22,1
1oqc,C,65,CYS,2.5,108.5,0.0,1,0,H,0.24444444444444444,-62.2,-45.2,14.0,11.0,0.56,1.875148623006375,25,39,36,3,0.03916703677652112,1,0,0,0,0,0,0,0,0,7,382,5,0,22,1
1oqc,C,66,ALA,1.8,88.6,0.0,0,0,H,0.03773584905660377,-61.7,-45.6,13.0,13.0,0.5,2.8130238900449145,25,37,36,1,0.04709369898129325,1,0,0,0,0,0,0,0,0,7,382,5,0,22,1
1oqc,C,67,GLU,-3.5,138.4,-1.0,1,3,H,0.4742268041237113,-57.0,-41.8,3.0,15.0,0.16666666666666666,1.8519979118779015,18,27,27,0,0.03403802005578621,1,0,0,0,0,0,0,0,0,34,24,1,0,0,1
1oqc,C,68,ASP,-3.5,111.1,-1.0,1,3,H,0.1901840490797546,-66.6,-51.7,10.0,12.0,0.45454545454545453,1.7266077277808431,23,42,32,10,0.03916703677652112,1,0,0,0,0,0,0,0,0,34,24,1,0,0,1
1oqc,C,69,ILE,4.5,166.7,0.0,0,0,H,0.0650887573964497,-61.5,-36.2,20.0,13.0,0.6060606060606061,2.4298919520390814,33,50,36,14,0.043829779249916496,1,0,0,0,0,0,0,0,0,-1,0,0,0,0,0
1oqc,C,70,ARG,-4.5,173.4,1.0,5,0,H,0.3024193548387097,-59.8,-43.1,11.0,14.0,0.44,1.997379979666068,23,37,32,5,0.040099585271200194,1,0,0,0,0,0,0,0,0,-1,0,0,0,0,0
1oqc,C,71,LYS,-3.9,168.6,1.0,2,0,H,0.6878048780487804,-64.2,-39.8,7.0,12.0,0.3684210526315789,1.892739251703632,17,34,31,3,0.03683566553982344,1,0,0,0,0,0,0,0,0,36,24,1,0,0,1
1oqc,C,72,ARG,-4.5,173.4,1.0,5,0,H,0.20967741935483872,-70.1,-42.4,16.0,9.0,0.64,2.1103565212746584,25,46,31,15,0.04243095650789788,1,0,0,0,0,0,0,0,0,-1,0,0,0,0,0
1oqc,C,73,ILE,4.5,166.7,0.0,0,0,H,0.011834319526627219,-68.0,-36.7,16.0,12.0,0.5714285714285714,2.679152729410324,31,51,23,28,0.045228601991935104,1,0,0,0,0,0,0,0,0,-1,0,0,0,0,0
1oqc,C,74,ASP,-3.5,111.1,-1.0,1,3,H,0.6257668711656442,-67.7,-30.3,8.0,11.0,0.42105263157894735,1.7400190756822234,19,47,6,41,0.030774100324409453,1,0,0,0,0,0,0,0,0,-1,0,0,0,0,0
1oqc,C,75,ARG,-4.5,173.4,1.0,5,0,H,0.7943548387096774,-73.5,-41.6,7.0,5.0,0.5833333333333334,1.8335396445091285,12,22,15,7,0.02611135785101408,1,0,0,0,0,0,0,0,0,36,24,1,0,0,1
1oqc,C,76,SER,-0.8,89.0,0.0,1,1,S,0.3769230769230769,-132.2,90.7,9.0,11.0,0.45,1.897960303966405,17,38,20,18,0.030307826077069916,0,0,0,0,0,0,1,0,0,-1,0,0,0,0,0
1oqc,C,77,GLN,-3.5,143.8,0.0,2,2,-,0.6161616161616161,-58.6,142.0,7.0,19.0,0.2692307692307692,1.8256458392650476,21,26,16,10,0.02984155182973038,0,0,0,0,0,0,0,0,0,-1,0,0,0,0,0
1oqc,C,78,PRO,-1.6,112.7,0.0,0,0,-,0.1323529411764706,-60.6,135.3,22.0,12.0,0.6470588235294118,2.2467089577408488,28,15,15,0,0.04243095650789788,0,0,0,0,0,0,0,0,0,-1,0,0,0,0,0
1oqc,C,79,ASP,-3.5,111.1,-1.0,1,3,-,0.4723926380368098,-96.1,100.3,12.0,17.0,0.41379310344827586,2.0351584559567817,21,8,0,8,0.03730193978716297,0,0,0,0,0,0,0,0,0,-1,0,0,0,0,0
1oqc,C,80,THR,-0.7,116.1,0.0,1,1,-,0.08450704225352113,-96.9,18.5,19.0,16.0,0.5428571428571428,2.178636861685558,32,6,19,-13,0.048026247475972325,0,0,0,0,0,0,0,0,0,-1,0,0,0,0,0
1oqc,C,81,SER,-0.8,89.0,0.0,1,1,S,0.33076923076923076,-58.4,-38.8,5.0,22.0,0.18518518518518517,1.8074082508786093,22,6,14,-8,0.035436842797804825,0,0,0,0,0,0,1,0,0,-1,0,0,0,0,0
1oqc,C,82,THR,-0.7,116.1,0.0,1,1,S,0.352112676056338,-148.1,169.4,5.0,21.0,0.19230769230769232,2.72076784907627,22,11,16,-5,0.04662742473395372,0,0,0,0,0,0,1,0,0,1,1525,9,0,157,1
1oqc,C,83,ARG,-4.5,173.4,1.0,5,0,H,0.056451612903225805,-58.9,-45.3,11.0,20.0,0.3548387096774194,2.5564680322983753,25,11,19,-8,0.04942507021799094,1,0,0,0,0,0,0,0,0,1,1525,9,0,157,1
1oqc,C,84,VAL,4.2,140.0,0.0,0,0,H,0.528169014084507,-65.5,-47.3,3.0,24.0,0.1111111111111111,2.1124917021372593,25,17,21,-4,0.034970568550465285,1,0,0,0,0,0,0,0,0,1,1525,9,0,157,1
1oqc,C,85,SER,-0.8,89.0,0.0,1,1,H,0.15384615384615385,-62.4,-40.4,11.0,15.0,0.4230769230769231,1.9877319513086444,23,19,15,4,0.03823448828184205,1,0,0,0,0,0,0,0,0,1,1525,9,0,157,1
1oqc,C,86,PHE,2.8,189.9,0.0,0,0,H,0.0,-71.9,-45.7,21.0,15.0,0.5833333333333334,5.158012079967165,35,22,9,13,0.05502036118606539,1,0,0,0,0,0,0,0,0,1,1525,9,0,157,1
1oqc,C,87,SER,-0.8,89.0,0.0,1,1,H,0.05384615384615385,-63.9,-36.1,20.0,16.0,0.5555555555555556,3.3992679668538526,35,38,15,23,0.0526889899493677,1,0,0,0,0,0,0,0,0,1,1525,9,0,157,1
1oqc,C,88,GLN,-3.5,143.8,0.0,2,2,H,0.24242424242424243,-69.6,-42.6,7.0,22.0,0.2413793103448276,2.404618156539198,25,30,17,13,0.040565859518539735,1,0,0,0,0,0,0,0,0,1,1525,9,0,157,1
1oqc,C,89,TRP,-0.9,227.8,0.0,1,0,H,0.02643171806167401,-58.8,-45.5,17.0,14.0,0.5483870967741935,2.521083347619011,33,25,15,10,0.045694876239274644,1,0,0,0,0,0,0,0,0,-1,0,0,0,0,0
1oqc,C,90,LEU,3.8,166.7,0.0,0,0,H,0.006097560975609756,-65.0,-40.0,20.0,18.0,0.5263157894736842,4.323400544826197,38,33,9,24,0.048492521723311866,1,0,0,0,0,0,0,0,0,-1,0,0,0,0,0
1oqc,C,91,CYS,2.5,108.5,0.0,1,0,H,0.022222222222222223,-62.3,-42.2,18.0,16.0,0.5294117647058824,2.239833342935098,30,40,21,19,0.0526889899493677,1,0,0,0,0,0,0,0,0,-1,0,0,0,0,0
1oqc,C,92,ARG,-4.5,173.4,1.0,5,0,H,0.49193548387096775,-63.6,-39.2,11.0,16.0,0.4074074074074074,1.9500292309728984,26,14,14,0,0.04103213376587927,1,0,0,0,0,0,0,0,0,-1,0,0,0,0,0
1oqc,C,93,LEU,3.8,166.7,0.0,0,0,H,0.04878048780487805,-63.3,-49.2,21.0,12.0,0.6363636363636364,2.581955186873656,31,51,16,35,0.04989134446533048,1,0,0,0,0,0,0,0,0,-1,0,0,0,0,0
1oqc,C,94,HIS,-3.2,153.2,0.1,2,1,H,0.19021739130434784,-58.0,-39.7,18.0,15.0,0.5454545454545454,2.440258684592784,32,42,18,24,0.043829779249916496,1,0,0,0,0,0,0,0,0,-1,0,0,0,0,0
1oqc,C,95,ASN,-3.5,114.1,0.0,2,2,H,0.08280254777070063,-63.0,-31.3,11.0,13.0,0.4583333333333333,2.5947350770484774,25,50,22,28,0.04755997322863279,1,0,0,0,0,0,0,0,0,0,1516,19,0,325,1
1oqc,C,96,GLU,-3.5,138.4,-1.0,1,3,H,0.2268041237113402,-64.0,-43.7,11.0,13.0,0.4583333333333333,1.9162174217912435,24,58,12,46,0.040565859518539735,1,0,0,0,0,0,0,0,0,-1,0,0,0,0,0
1oqc,C,97,VAL,4.2,140.0,0.0,0,0,H,0.1267605633802817,-68.3,-36.5,14.0,12.0,0.5384615384615384,2.7385413553489775,22,53,22,31,0.048026247475972325,1,0,0,0,0,0,0,0,0,-1,0,0,0,0,0
1oqc,C,98,ASN,-3.5,114.1,0.0,2,2,H,0.10191082802547771,-57.7,-49.6,13.0,9.0,0.5909090909090909,2.423152047171017,22,49,19,30,0.04709369898129325,1,0,0,0,0,0,0,0,0,0,1516,19,0,325,1
1oqc,C,99,ARG,-4.5,173.4,1.0,5,0,H,0.5443548387096774,-63.6,-32.8,7.0,9.0,0.4375,1.9156624845473091,16,33,17,16,0.03870076252918159,1,0,0,0,0,0,0,0,0,0,1516,19,0,325,1
1oqc,C,100,LYS,-3.9,168.6,1.0,2,0,H,0.44390243902439025,-67.3,-33.0,9.0,7.0,0.5625,1.9024067273225331,17,32,22,10,0.030774100324409453,1,0,0,0,0,0,0,0,0,-1,0,0,0,0,0
1oqc,C,101,LEU,3.8,166.7,0.0,0,0,T,0.6097560975609756,-98.1,11.9,11.0,3.0,0.7857142857142857,2.011116563287231,17,37,12,25,0.02471253510899547,0,0,0,0,0,1,0,0,0,-1,0,0,0,0,0
1oqc,C,102,GLY,-0.4,60.1,0.0,0,0,T,0.8690476190476191,67.7,23.1,0.0,13.0,0.0,1.7095980479388708,14,28,11,17,0.022381163872297785,0,0,0,0,0,1,0,0,0,0,1516,19,0,325,1
1oqc,C,103,LYS,-3.9,168.6,1.0,2,0,P,0.5365853658536586,-93.7,158.7,9.0,7.0,0.5625,1.9170626964864157,17,25,18,7,0.029375277582390842,0,0,0,0,0,0,0,0,0,0,1516,19,0,325,1
1oqc,C,104,PRO,-1.6,112.7,0.0,0,0,P,0.3382352941176471,-66.1,154.2,9.0,11.0,0.45,1.8689087167163054,19,35,21,14,0.032172923066428064,0,0,0,0,0,0,0,0,0,0,1516,19,0,325,1
1oqc,C,105,ASP,-3.5,111.1,-1.0,1,3,P,0.48466257668711654,-79.2,135.1,7.0,17.0,0.2916666666666667,1.7993381892028122,20,38,22,16,0.03357174580844668,0,0,0,0,0,0,0,0,0,0,1516,19,0,325,1
1oqc,C,106,PHE,2.8,189.9,0.0,0,0,P,0.3197969543147208,-88.4,139.8,16.0,10.0,0.6153846153846154,1.8430838635471027,28,49,31,18,0.03450429430312575,0,0,0,0,0,0,0,0,0,0,1516,19,0,325,1
1oqc,C,107,ASP,-3.5,111.1,-1.0,1,3,-,0.558282208588957,-74.0,98.5,7.0,11.0,0.3888888888888889,1.8505482314405974,18,24,21,3,0.02844272908771177,0,0,0,0,0,0,0,0,0,17,17,19,0,3,1
1oqc,C,108,CYS,2.5,108.5,0.0,1,0,G,0.14074074074074075,-57.9,-18.9,12.0,12.0,0.5,1.99069671297546,26,35,24,11,0.03403802005578621,0,0,0,1,0,0,0,0,0,17,17,19,0,3,1
1oqc,C,109,SER,-0.8,89.0,0.0,1,1,G,0.7076923076923077,-70.2,-11.8,0.0,18.0,0.0,1.7801014342798467,15,17,24,-7,0.024246260861655933,0,0,0,1,0,0,0,0,0,17,17,19,0,3,1
1oqc,C,110,ARG,-4.5,173.4,1.0,5,0,G,0.29435483870967744,-111.6,17.6,10.0,13.0,0.43478260869565216,2.0510433005502695,19,18,34,-16,0.03823448828184205,0,0,0,1,0,0,0,0,0,17,17,19,0,3,1
1oqc,C,111,VAL,4.2,140.0,0.0,0,0,H,0.06338028169014084,-58.2,-34.4,22.0,15.0,0.5945945945945946,2.73092594816795,31,51,32,19,0.05035761871267001,1,0,0,0,0,0,0,0,0,17,17,19,0,3,1
1oqc,C,112,ASP,-3.5,111.1,-1.0,1,3,H,0.2392638036809816,-70.0,-36.1,7.0,20.0,0.25925925925925924,2.007063052626196,26,47,21,26,0.04149840801321881,1,0,0,0,0,0,0,0,0,-1,0,0,0,0,0
1oqc,C,113,GLU,-3.5,138.4,-1.0,1,3,I,0.08762886597938144,-65.9,-43.9,10.0,15.0,0.4,2.5571063287994593,21,40,35,5,0.04709369898129325,0,0,0,0,1,0,0,0,0,17,17,19,0,3,1
1oqc,C,114,ARG,-4.5,173.4,1.0,5,0,I,0.14919354838709678,-68.7,-43.3,13.0,17.0,0.43333333333333335,3.0100670691219604,26,29,37,-8,0.0526889899493677,0,0,0,0,1,0,0,0,0,11,37,28,0,11,1
1oqc,C,115,TRP,-0.9,227.8,0.0,1,0,I,0.09691629955947137,-111.0,-4.9,17.0,15.0,0.53125,2.792539584642951,36,40,27,13,0.05222271570202816,0,0,0,0,1,0,0,0,0,-1,0,0,0,0,0
1oqc,C,116,ARG,-4.5,173.4,1.0,5,0,I,0.3024193548387097,-131.3,-55.4,13.0,16.0,0.4482758620689655,2.098626237136584,23,17,26,-9,0.04243095650789788,0,0,0,0,1,0,0,0,0,-1,0,0,0,0,0
1oqc,C,117,ASP,-3.5,111.1,-1.0,1,3,I,0.6196319018404908,-97.4,-20.8,7.0,15.0,0.3181818181818182,1.7673773897631921,19,33,18,15,0.02984155182973038,0,0,0,0,1,0,0,0,0,-1,0,0,0,0,0
1oqc,C,118,GLY,-0.4,60.1,0.0,0,0,-,0.09523809523809523,93.0,154.6,7.0,14.0,0.3333333333333333,1.8137022899553528,20,39,40,-1,0.045694876239274644,0,0,0,0,0,0,0,0,0,-1,0,0,0,0,0
1oqc,C,119,TRP,-0.9,227.8,0.0,1,0,-,0.15418502202643172,-58.6,140.2,10.0,12.0,0.45454545454545453,1.9067309650232755,22,36,42,-6,0.03916703677652112,0,0,0,0,0,0,0,0,0,17,17,19,0,3,1
1oqc,C,120,LYS,-3.9,168.6,1.0,2,0,T,0.8780487804878049,-59.7,-23.2,4.0,14.0,0.2222222222222222,1.9368555166749093,13,13,31,-18,0.026577632098353617,0,0,0,0,0,1,0,0,0,2,587,20,0,122,1
1oqc,C,121,ASP,-3.5,111.1,-1.0,1,3,T,0.50920245398773,-74.3,-4.1,9.0,8.0,0.5294117647058824,1.7523888928976143,17,18,23,-5,0.025645083603674543,0,0,0,0,0,1,0,0,0,2,587,20,0,122,1
1oqc,C,122,GLY,-0.4,60.1,0.0,0,0,-,0.6547619047619048,76.2,13.6,6.0,11.0,0.35294117647058826,1.7786250489048123,16,13,23,-10,0.02331371236697686,0,0,0,0,0,0,0,0,0,2,587,20,0,122,1
1oqc,C,123,SER,-0.8,89.0,0.0,1,1,-,0.46923076923076923,-64.5,-9.1,11.0,9.0,0.55,1.896997480400648,18,13,31,-18,0.025178809356335007,0,0,0,0,0,0,0,0,0,2,587,20,0,122,1
1oqc,C,124,CYS,2.5,108.5,0.0,1,0,-,0.5777777777777777,-103.7,360.0,14.0,5.0,0.7368421052631579,1.8702508474692792,18,14,33,-19,0.025645083603674543,0,0,0,0,0,0,0,0,0,-1,0,0,0,0,0
1oqc,D,13,GLU,-3.5,138.4,-1.0,1,3,-,0.5824742268041238,360.0,-11.1,0.0,0.0,0.0,1.7096074335362694,12,12,13,-1,0.013521953172846577,0,0,0,0,0,0,0,0,0,-1,0,0,0,0,0
1oqc,D,14,ASP,-3.5,111.1,-1.0,1,3,-,0.5276073619631901,-110.5,47.8,5.0,13.0,0.2777777777777778,2.0338659290801617,16,14,13,1,0.027043906345693154,0,0,0,0,0,0,0,0,0,-1,0,0,0,0,0
1oqc,D,15,CYS,2.5,108.5,0.0,1,0,S,0.2518518518518518,-117.5,164.2,10.0,15.0,0.4,1.8580357100319087,22,17,38,-21,0.04149840801321881,0,0,0,0,0,0,1,0,0,-1,0,0,0,0,0
1oqc,D,16,PRO,-1.6,112.7,0.0,0,0,-,0.25,-54.9,141.5,18.0,12.0,0.6,1.9819607178631746,25,25,47,-22,0.04429605349725603,0,0,0,0,0,0,0,0,0,-1,0,0,0,0,0
1oqc,D,17,GLN,-3.5,143.8,0.0,2,2,-,0.1414141414141414,-86.8,126.4,19.0,12.0,0.6129032258064516,2.1624897893086623,29,37,34,3,0.03870076252918159,0,0,0,0,0,0,0,0,0,-1,0,0,0,0,0
1oqc,D,18,ASP,-3.5,111.1,-1.0,1,3,-,0.5460122699386503,-68.6,177.6,3.0,21.0,0.125,1.746929700525982,19,21,19,2,0.02797645484037223,0,0,0,0,0,0,0,0,0,-1,0,0,0,0,0
1oqc,D,19,ARG,-4.5,173.4,1.0,5,0,H,0.5120967741935484,-53.7,-41.3,5.0,15.0,0.25,1.8328886508588567,19,7,35,-28,0.030774100324409453,1,0,0,0,0,0,0,0,0,20,28,11,0,3,1
1oqc,D,20,GLU,-3.5,138.4,-1.0,1,3,H,0.5360824742268041,-71.4,-42.4,1.0,14.0,0.06666666666666667,1.8213059842834722,17,26,19,7,0.030307826077069916,1,0,0,0,0,0,0,0,0,20,28,11,0,3,1
1oqc,D,21,GLU,-3.5,138.4,-1.0,1,3,H,0.26804123711340205,-71.3,-42.4,9.0,12.0,0.42857142857142855,2.281565395140571,20,21,21,0,0.035436842797804825,1,0,0,0,0,0,0,0,0,-1,0,0,0,0,0
1oqc,D,22,LEU,3.8,166.7,0.0,0,0,H,0.03048780487804878,-62.3,-39.7,16.0,15.0,0.5161290322580645,3.1275326795161242,27,22,27,-5,0.04709369898129325,1,0,0,0,0,0,0,0,0,-1,0,0,0,0,0
1oqc,D,23,GLY,-0.4,60.1,0.0,0,0,H,0.11904761904761904,-59.7,-56.5,9.0,18.0,0.3333333333333333,2.014400267731263,26,30,26,4,0.04103213376587927,1,0,0,0,0,0,0,0,0,16,24,11,0,3,1
1oqc,D,24,ARG,-4.5,173.4,1.0,5,0,H,0.5766129032258065,-62.6,-36.0,5.0,18.0,0.21739130434782608,1.8068415389339594,17,12,26,-14,0.03403802005578621,1,0,0,0,0,0,0,0,0,-1,0,0,0,0,0
1oqc,D,25,ASN,-3.5,114.1,0.0,2,2,H,0.11464968152866242,-69.6,-36.0,17.0,10.0,0.6296296296296297,2.5121483277397187,19,24,22,2,0.04616115048661418,1,0,0,0,0,0,0,0,0,-1,0,0,0,0,0
1oqc,D,26,THR,-0.7,116.1,0.0,1,1,H,0.02112676056338028,-74.3,-38.7,19.0,18.0,0.5135135135135135,2.7026569347196348,26,26,10,16,0.05222271570202816,1,0,0,0,0,0,0,0,0,-1,0,0,0,0,0
1oqc,D,27,TRP,-0.9,227.8,0.0,1,0,H,0.1894273127753304,-63.7,-38.3,13.0,21.0,0.38235294117647056,2.092399726890453,32,32,5,27,0.04289723075523742,1,0,0,0,0,0,0,0,0,16,24,11,0,3,1
1oqc,D,28,ALA,1.8,88.6,0.0,0,0,H,0.02830188679245283,-60.5,-45.3,19.0,17.0,0.5277777777777778,3.1839309943313583,25,34,10,24,0.05035761871267001,1,0,0,0,0,0,0,0,0,-1,0,0,0,0,0
1oqc,D,29,PHE,2.8,189.9,0.0,0,0,H,0.0,-63.5,-49.1,16.0,21.0,0.43243243243243246,6.050873977675057,27,15,2,13,0.05408781269138631,1,0,0,0,0,0,0,0,0,-1,0,0,0,0,0
1oqc,D,30,LEU,3.8,166.7,0.0,0,0,H,0.03048780487804878,-61.0,-48.2,20.0,21.0,0.4878048780487805,4.63631481096095,30,21,0,21,0.045694876239274644,1,0,0,0,0,0,0,0,0,-1,0,0,0,0,0
1oqc,D,31,HIS,-3.2,153.2,0.1,2,1,H,0.03804347826086957,-66.1,-31.2,22.0,20.0,0.5238095238095238,3.406295713818069,37,31,5,26,0.048492521723311866,1,0,0,0,0,0,0,0,0,16,24,11,0,3,1
1oqc,D,32,THR,-0.7,116.1,0.0,1,1,H,0.028169014084507043,-75.2,-36.5,19.0,20.0,0.48717948717948717,3.3607840637085284,34,30,11,19,0.05222271570202816,1,0,0,0,0,0,0,0,0,-1,0,0,0,0,0
1oqc,D,33,LEU,3.8,166.7,0.0,0,0,H,0.024390243902439025,-61.5,-45.8,18.0,19.0,0.4864864864864865,3.051137900033191,30,18,0,18,0.04755997322863279,1,0,0,0,0,0,0,0,0,-1,0,0,0,0,0
1oqc,D,34,ALA,1.8,88.6,0.0,0,0,H,0.009433962264150943,-67.2,-35.7,22.0,18.0,0.55,4.293240301370899,34,29,10,19,0.05035761871267001,1,0,0,0,0,0,0,0,0,-1,0,0,0,0,0
1oqc,D,35,ALA,1.8,88.6,0.0,0,0,H,0.03773584905660377,-63.3,-27.2,19.0,19.0,0.5,3.2636286258664535,32,35,22,13,0.05129016720734909,1,0,0,0,0,0,0,0,0,-1,0,0,0,0,0
1oqc,D,36,TYR,-1.3,193.6,0.0,1,1,T,0.5855855855855856,-106.9,5.4,14.0,16.0,0.4666666666666667,1.9576559908447886,26,25,23,2,0.040565859518539735,0,0,0,0,0,1,0,0,0,-1,0,0,0,0,0
1oqc,D,37,TYR,-1.3,193.6,0.0,1,1,S,0.02252252252252252,-63.6,148.7,25.0,11.0,0.6944444444444444,3.545604925366435,35,14,17,-3,0.04662742473395372,0,0,0,0,0,0,1,0,0,3,761,4,0,39,1
1oqc,D,38,PRO,-1.6,112.7,0.0,0,0,-,0.2867647058823529,-58.5,146.2,12.0,14.0,0.46153846153846156,2.2505069481479345,25,14,9,5,0.035436842797804825,0,0,0,0,0,0,0,0,0,13,104,4,0,5,1
1oqc,D,39,ASP,-3.5,111.1,-1.0,1,3,S,0.5398773006134969,-73.1,-34.6,0.0,18.0,0.0,1.7087835739214468,19,16,3,13,0.03357174580844668,0,0,0,0,0,0,1,0,0,13,104,4,0,5,1
1oqc,D,40,MET,1.9,162.9,0.0,0,0,S,0.9202127659574468,-121.0,76.2,0.0,17.0,0.0,1.8296456887284145,13,7,8,-1,0.02844272908771177,0,0,0,0,0,0,1,0,0,13,104,4,0,5,1
1oqc,D,41,PRO,-1.6,112.7,0.0,0,0,-,0.08088235294117647,-73.3,144.1,22.0,2.0,0.9166666666666666,2.163872548237455,22,7,21,-14,0.04243095650789788,0,0,0,0,0,0,0,0,0,13,104,4,0,5,1
1oqc,D,42,THR,-0.7,116.1,0.0,1,1,-,0.4154929577464789,-74.8,165.9,3.0,13.0,0.1875,2.183355953656988,16,0,20,-20,0.027510180593032695,0,0,0,0,0,0,0,0,0,13,104,4,0,5,1
1oqc,D,43,PRO,-1.6,112.7,0.0,0,0,H,0.6691176470588235,-56.5,-36.6,0.0,14.0,0.0,1.9456580756884054,13,0,16,-16,0.026577632098353617,1,0,0,0,0,0,0,0,0,46,0,1,0,0,1
1oqc,D,44,GLU,-3.5,138.4,-1.0,1,3,H,0.654639175257732,-65.4,-41.0,2.0,14.0,0.125,1.7477258029361826,13,3,8,-5,0.030307826077069916,1,0,0,0,0,0,0,0,0,-1,0,0,0,0,0
1oqc,D,45,GLN,-3.5,143.8,0.0,2,2,H,0.29797979797979796,-68.4,-38.5,13.0,12.0,0.52,2.2902674353221193,21,10,21,-11,0.043829779249916496,1,0,0,0,0,0,0,0,0,13,104,4,0,5,1
1oqc,D,46,GLN,-3.5,143.8,0.0,2,2,H,0.30303030303030304,-62.6,-45.2,10.0,17.0,0.37037037037037035,2.1202044274940275,23,2,27,-25,0.045228601991935104,1,0,0,0,0,0,0,0,0,46,0,1,0,0,1
1oqc,D,47,GLN,-3.5,143.8,0.0,2,2,H,0.6060606060606061,-64.2,-42.7,4.0,16.0,0.2,1.9523442137461577,19,5,17,-12,0.03590311704514436,1,0,0,0,0,0,0,0,0,46,0,1,0,0,1
1oqc,D,48,ASP,-3.5,111.1,-1.0,1,3,H,0.15337423312883436,-60.8,-47.5,15.0,15.0,0.5,2.4794634378661287,21,17,9,8,0.04476232774459557,1,0,0,0,0,0,0,0,0,46,0,1,0,0,1
1oqc,D,49,MET,1.9,162.9,0.0,0,0,H,0.005319148936170213,-66.3,-35.9,23.0,18.0,0.5609756097560976,4.916517797850153,33,8,15,-7,0.04942507021799094,1,0,0,0,0,0,0,0,0,-1,0,0,0,0,0
1oqc,D,50,ALA,1.8,88.6,0.0,0,0,H,0.27358490566037735,-66.1,-40.6,14.0,19.0,0.42424242424242425,2.2064990092045136,26,10,16,-6,0.04616115048661418,1,0,0,0,0,0,0,0,0,46,0,1,0,0,1
1oqc,D,51,GLN,-3.5,143.8,0.0,2,2,H,0.18686868686868688,-67.6,-39.8,14.0,14.0,0.5,2.185305808622842,19,16,17,-1,0.04196468226055834,1,0,0,0,0,0,0,0,0,46,0,1,0,0,1
1oqc,D,52,PHE,2.8,189.9,0.0,0,0,H,0.005076142131979695,-56.9,-47.0,18.0,15.0,0.5454545454545454,6.276657510444905,25,20,10,10,0.050823892960009553,1,0,0,0,0,0,0,0,0,-1,0,0,0,0,0
1oqc,D,53,ILE,4.5,166.7,0.0,0,0,H,0.01775147928994083,-65.0,-41.5,22.0,18.0,0.55,3.1834950746887816,32,23,7,16,0.04755997322863279,1,0,0,0,0,0,0,0,0,-1,0,0,0,0,0
1oqc,D,54,HIS,-3.2,153.2,0.1,2,1,H,0.47282608695652173,-58.8,-51.8,10.0,19.0,0.3448275862068966,2.0408641176105213,22,19,20,-1,0.040565859518539735,1,0,0,0,0,0,0,0,0,-1,0,0,0,0,0
1oqc,D,55,ILE,4.5,166.7,0.0,0,0,H,0.005917159763313609,-64.7,-39.5,19.0,12.0,0.6129032258064516,4.286163971502064,22,23,16,7,0.04989134446533048,1,0,0,0,0,0,0,0,0,43,0,8,0,0,1
1oqc,D,56,PHE,2.8,189.9,0.0,0,0,H,0.06598984771573604,-56.5,-43.7,15.0,22.0,0.40540540540540543,4.1298719819327,29,25,1,24,0.05035761871267001,1,0,0,0,0,0,0,0,0,-1,0,0,0,0,0
1oqc,D,57,SER,-0.8,89.0,0.0,1,1,H,0.03076923076923077,-62.9,-24.2,14.0,18.0,0.4375,3.1942812450197278,32,39,23,16,0.048958795970651406,1,0,0,0,0,0,0,0,0,45,0,7,0,0,1
1oqc,D,58,LYS,-3.9,168.6,1.0,2,0,H,0.28292682926829266,-87.9,-22.3,10.0,21.0,0.3225806451612903,2.0876876698457765,25,21,19,2,0.03916703677652112,1,0,0,0,0,0,0,0,0,45,0,7,0,0,1
1oqc,D,59,PHE,2.8,189.9,0.0,0,0,H,0.116751269035533,-115.6,-4.3,21.0,12.0,0.6363636363636364,2.039105684223901,33,22,12,10,0.04662742473395372,1,0,0,0,0,0,0,0,0,45,0,7,0,0,1
1oqc,D,60,TYR,-1.3,193.6,0.0,1,1,-,0.08108108108108109,-51.7,118.7,20.0,16.0,0.5555555555555556,2.1139933614715196,35,19,24,-5,0.04709369898129325,0,0,0,0,0,0,0,0,0,-1,0,0,0,0,0
1oqc,D,61,PRO,-1.6,112.7,0.0,0,0,S,0.10294117647058823,-33.2,-67.0,20.0,15.0,0.5714285714285714,2.2520765319736755,34,17,22,-5,0.04243095650789788,0,0,0,0,0,0,1,0,0,40,0,9,0,0,1
1oqc,D,62,CYS,2.5,108.5,0.0,1,0,S,0.1259259259259259,-57.2,109.3,13.0,15.0,0.4642857142857143,2.097628632599872,26,17,37,-20,0.03683566553982344,0,0,0,0,0,0,1,0,0,40,0,9,0,0,1
1oqc,D,63,GLU,-3.5,138.4,-1.0,1,3,H,0.8247422680412371,-55.0,-50.4,2.0,15.0,0.11764705882352941,1.7084529736717786,16,11,21,-10,0.029375277582390842,1,0,0,0,0,0,0,0,0,45,0,7,0,0,1
1oqc,D,64,GLU,-3.5,138.4,-1.0,1,3,H,0.5257731958762887,-62.7,-36.4,2.0,14.0,0.125,1.756704970159926,16,19,27,-8,0.02984155182973038,1,0,0,0,0,0,0,0,0,40,0,9,0,0,1
1oqc,D,65,CYS,2.5,108.5,0.0,1,0,H,0.2222222222222222,-65.7,-44.8,13.0,13.0,0.5,1.9100657016758167,25,41,36,5,0.03916703677652112,1,0,0,0,0,0,0,0,0,20,28,11,0,3,1
1oqc,D,66,ALA,1.8,88.6,0.0,0,0,H,0.03773584905660377,-63.7,-43.1,11.0,13.0,0.4583333333333333,2.902891610721883,22,35,35,0,0.04662742473395372,1,0,0,0,0,0,0,0,0,45,0,7,0,0,1
1oqc,D,67,GLU,-3.5,138.4,-1.0,1,3,H,0.5463917525773195,-63.2,-38.0,2.0,16.0,0.1111111111111111,1.864318165442313,15,33,27,6,0.034970568550465285,1,0,0,0,0,0,0,0,0,45,0,7,0,0,1
1oqc,D,68,ASP,-3.5,111.1,-1.0,1,3,H,0.1165644171779141,-64.5,-52.1,10.0,12.0,0.45454545454545453,1.7279015566588602,23,42,34,8,0.03870076252918159,1,0,0,0,0,0,0,0,0,45,0,7,0,0,1
1oqc,D,69,ILE,4.5,166.7,0.0,0,0,H,0.07692307692307693,-64.1,-35.1,19.0,14.0,0.5757575757575758,2.768370327795478,31,48,37,11,0.043829779249916496,1,0,0,0,0,0,0,0,0,45,0,7,0,0,1
1oqc,D,70,ARG,-4.5,173.4,1.0,5,0,H,0.3225806451612903,-60.5,-40.7,11.0,14.0,0.44,2.004296362930291,23,37,32,5,0.040565859518539735,1,0,0,0,0,0,0,0,0,45,0,7,0,0,1
1oqc,D,71,LYS,-3.9,168.6,1.0,2,0,H,0.624390243902439,-65.1,-44.6,7.0,12.0,0.3684210526315789,1.8928046883626841,18,35,31,4,0.03590311704514436,1,0,0,0,0,0,0,0,0,42,4,1,0,0,1
1oqc,D,72,ARG,-4.5,173.4,1.0,5,0,H,0.1814516129032258,-67.5,-35.2,16.0,9.0,0.64,2.235713670713772,25,46,32,14,0.04149840801321881,1,0,0,0,0,0,0,0,0,30,14,7,0,0,1
1oqc,D,73,ILE,4.5,166.7,0.0,0,0,H,0.029585798816568046,-71.5,-35.1,15.0,13.0,0.5357142857142857,2.997879512455687,28,51,24,27,0.04429605349725603,1,0,0,0,0,0,0,0,0,-1,0,0,0,0,0
1oqc,D,74,ASP,-3.5,111.1,-1.0,1,3,H,0.6687116564417178,-64.3,-35.5,6.0,11.0,0.35294117647058826,1.7828664852652742,18,42,6,36,0.02844272908771177,1,0,0,0,0,0,0,0,0,-1,0,0,0,0,0
1oqc,D,75,ARG,-4.5,173.4,1.0,5,0,H,0.6048387096774194,-78.3,-35.8,6.0,6.0,0.5,1.8377495072329593,14,23,16,7,0.027043906345693154,1,0,0,0,0,0,0,0,0,30,14,7,0,0,1
1oqc,D,76,SER,-0.8,89.0,0.0,1,1,S,0.2692307692307692,-128.7,85.4,9.0,12.0,0.42857142857142855,2.122053591621673,19,41,20,21,0.032639197313767604,0,0,0,0,0,0,1,0,0,-1,0,0,0,0,0
1oqc,D,77,GLN,-3.5,143.8,0.0,2,2,-,0.5757575757575758,-59.7,146.7,6.0,18.0,0.25,1.8134267763082805,21,29,16,13,0.02797645484037223,0,0,0,0,0,0,0,0,0,-1,0,0,0,0,0
1oqc,D,78,PRO,-1.6,112.7,0.0,0,0,-,0.125,-66.5,133.1,21.0,13.0,0.6176470588235294,2.1897523396311795,29,15,15,0,0.04196468226055834,0,0,0,0,0,0,0,0,0,-1,0,0,0,0,0
1oqc,D,79,ASP,-3.5,111.1,-1.0,1,3,-,0.4662576687116564,-94.8,100.5,13.0,15.0,0.4642857142857143,2.0377915086518748,21,8,0,8,0.03730193978716297,0,0,0,0,0,0,0,0,0,3,761,4,0,39,1
1oqc,D,80,THR,-0.7,116.1,0.0,1,1,-,0.08450704225352113,-97.5,14.6,18.0,16.0,0.5294117647058824,2.2953819906759705,32,6,19,-13,0.048026247475972325,0,0,0,0,0,0,0,0,0,3,761,4,0,39,1
1oqc,D,81,SER,-0.8,89.0,0.0,1,1,S,0.33076923076923076,-60.1,-34.0,3.0,24.0,0.1111111111111111,1.8124838516136696,22,6,14,-8,0.0363693912924839,0,0,0,0,0,0,1,0,0,3,761,4,0,39,1
1oqc,D,82,THR,-0.7,116.1,0.0,1,1,S,0.3591549295774648,-146.2,166.0,4.0,22.0,0.15384615384615385,2.6014516220243435,21,11,16,-5,0.04616115048661418,0,0,0,0,0,0,1,0,0,3,761,4,0,39,1
1oqc,D,83,ARG,-4.5,173.4,1.0,5,0,H,0.056451612903225805,-62.3,-43.8,11.0,20.0,0.3548387096774194,2.455001579342435,25,11,19,-8,0.04942507021799094,1,0,0,0,0,0,0,0,0,3,761,4,0,39,1
1oqc,D,84,VAL,4.2,140.0,0.0,0,0,H,0.5563380281690141,-63.1,-49.1,3.0,24.0,0.1111111111111111,2.073673586209866,25,17,22,-5,0.034970568550465285,1,0,0,0,0,0,0,0,0,3,761,4,0,39,1
1oqc,D,85,SER,-0.8,89.0,0.0,1,1,H,0.14615384615384616,-62.1,-40.4,11.0,15.0,0.4230769230769231,2.0160069421249163,22,19,15,4,0.03823448828184205,1,0,0,0,0,0,0,0,0,3,761,4,0,39,1
1oqc,D,86,PHE,2.8,189.9,0.0,0,0,H,0.005076142131979695,-71.6,-45.9,21.0,16.0,0.5675675675675675,5.29104487491939,36,22,9,13,0.05548663543340492,1,0,0,0,0,0,0,0,0,3,761,4,0,39,1
1oqc,D,87,SER,-0.8,89.0,0.0,1,1,H,0.046153846153846156,-63.7,-34.8,21.0,16.0,0.5675675675675675,3.34933402529543,35,39,16,23,0.053155264196707235,1,0,0,0,0,0,0,0,0,3,761,4,0,39,1
1oqc,D,88,GLN,-3.5,143.8,0.0,2,2,H,0.25252525252525254,-71.3,-44.7,7.0,23.0,0.23333333333333334,2.4229260770381753,25,30,17,13,0.040565859518539735,1,0,0,0,0,0,0,0,0,3,761,4,0,39,1
1oqc,D,89,TRP,-0.9,227.8,0.0,1,0,H,0.00881057268722467,-57.1,-43.7,16.0,15.0,0.5161290322580645,2.7823947648008236,33,25,15,10,0.04709369898129325,1,0,0,0,0,0,0,0,0,-1,0,0,0,0,0
1oqc,D,90,LEU,3.8,166.7,0.0,0,0,H,0.012195121951219513,-65.9,-35.8,18.0,19.0,0.4864864864864865,4.299310318931613,38,33,6,27,0.048492521723311866,1,0,0,0,0,0,0,0,0,-1,0,0,0,0,0
1oqc,D,91,CYS,2.5,108.5,0.0,1,0,H,0.022222222222222223,-65.8,-42.0,18.0,16.0,0.5294117647058824,2.267582592378535,30,41,22,19,0.053155264196707235,1,0,0,0,0,0,0,0,0,-1,0,0,0,0,0
1oqc,D,92,ARG,-4.5,173.4,1.0,5,0,H,0.4838709677419355,-65.7,-37.6,10.0,17.0,0.37037037037037035,1.9546712908479484,27,16,16,0,0.04196468226055834,1,0,0,0,0,0,0,0,0,-1,0,0,0,0,0
1oqc,D,93,LEU,3.8,166.7,0.0,0,0,H,0.06707317073170732,-62.7,-49.4,21.0,12.0,0.6363636363636364,2.6167425681000442,31,58,16,42,0.05035761871267001,1,0,0,0,0,0,0,0,0,-1,0,0,0,0,0
1oqc,D,94,HIS,-3.2,153.2,0.1,2,1,H,0.18478260869565216,-59.9,-37.4,18.0,16.0,0.5294117647058824,2.3384459900365178,32,43,19,24,0.04196468226055834,1,0,0,0,0,0,0,0,0,16,24,11,0,3,1
1oqc,D,95,ASN,-3.5,114.1,0.0,2,2,H,0.03184713375796178,-66.3,-30.1,10.0,14.0,0.4166666666666667,2.554909900107245,24,50,22,28,0.04755997322863279,1,0,0,0,0,0,0,0,0,12,130,5,0,7,1
1oqc,D,96,GLU,-3.5,138.4,-1.0,1,3,H,0.16494845360824742,-67.3,-38.6,11.0,13.0,0.4583333333333333,1.9633892060358547,25,59,12,47,0.04103213376587927,1,0,0,0,0,0,0,0,0,30,14,7,0,0,1
1oqc,D,97,VAL,4.2,140.0,0.0,0,0,H,0.13380281690140844,-70.0,-37.8,16.0,12.0,0.5714285714285714,2.6648265931145403,23,54,22,32,0.045694876239274644,1,0,0,0,0,0,0,0,0,30,14,7,0,0,1
1oqc,D,98,ASN,-3.5,114.1,0.0,2,2,H,0.09554140127388536,-60.1,-45.9,12.0,8.0,0.6,2.3138963356828683,21,48,18,30,0.04476232774459557,1,0,0,0,0,0,0,0,0,16,24,11,0,3,1
1oqc,D,99,ARG,-4.5,173.4,1.0,5,0,H,0.5685483870967742,-60.8,-42.1,6.0,8.0,0.42857142857142855,1.907976080575078,17,35,17,18,0.03776821403450251,1,0,0,0,0,0,0,0,0,12,130,5,0,7,1
1oqc,D,100,LYS,-3.9,168.6,1.0,2,0,H,0.5317073170731708,-59.5,-39.2,9.0,7.0,0.5625,1.9327905357224127,18,28,19,9,0.029375277582390842,1,0,0,0,0,0,0,0,0,30,14,7,0,0,1
1oqc,D,101,LEU,3.8,166.7,0.0,0,0,T,0.6280487804878049,-91.9,6.7,11.0,3.0,0.7857142857142857,2.0243292935434307,16,39,12,27,0.02471253510899547,0,0,0,0,0,1,0,0,0,-1,0,0,0,0,0
1oqc,D,102,GLY,-0.4,60.1,0.0,0,0,T,0.8452380952380952,73.3,14.3,0.0,10.0,0.0,1.709572541742555,11,25,9,16,0.022381163872297785,0,0,0,0,0,1,0,0,0,-1,0,0,0,0,0
1oqc,D,103,LYS,-3.9,168.6,1.0,2,0,P,0.5707317073170731,-85.6,158.8,9.0,3.0,0.75,1.9083949014180743,14,24,12,12,0.026577632098353617,0,0,0,0,0,0,0,0,0,12,130,5,0,7,1
1oqc,D,104,PRO,-1.6,112.7,0.0,0,0,P,0.8088235294117647,-66.2,159.3,2.0,12.0,0.14285714285714285,1.8670349969094622,13,27,13,14,0.02331371236697686,0,0,0,0,0,0,0,0,0,12,130,5,0,7,1
1oqc,D,105,ASP,-3.5,111.1,-1.0,1,3,P,0.5153374233128835,-82.7,131.5,5.0,15.0,0.25,1.7274770234337626,17,34,14,20,0.02984155182973038,0,0,0,0,0,0,0,0,0,12,130,5,0,7,1
1oqc,D,106,PHE,2.8,189.9,0.0,0,0,P,0.3299492385786802,-85.5,140.1,15.0,6.0,0.7142857142857143,1.849469892453106,26,47,22,25,0.03170664881908853,0,0,0,0,0,0,0,0,0,12,130,5,0,7,1
1oqc,D,107,ASP,-3.5,111.1,-1.0,1,3,-,0.5460122699386503,-73.4,98.4,5.0,11.0,0.3125,1.850080103290321,17,18,17,1,0.026577632098353617,0,0,0,0,0,0,0,0,0,33,16,2,0,0,1
1oqc,D,108,CYS,2.5,108.5,0.0,1,0,G,0.14814814814814814,-58.8,-20.4,12.0,12.0,0.5,1.9369885574731809,26,35,25,10,0.03403802005578621,0,0,0,1,0,0,0,0,0,33,16,2,0,0,1
1oqc,D,109,SER,-0.8,89.0,0.0,1,1,G,0.7307692307692307,-70.6,-9.7,0.0,18.0,0.0,1.739674707938324,15,17,24,-7,0.024246260861655933,0,0,0,1,0,0,0,0,0,33,16,2,0,0,1
1oqc,D,110,ARG,-4.5,173.4,1.0,5,0,G,0.39919354838709675,-115.2,17.8,10.0,14.0,0.4166666666666667,2.034816532479855,17,16,29,-13,0.03683566553982344,0,0,0,1,0,0,0,0,0,38,4,3,0,0,1
1oqc,D,111,VAL,4.2,140.0,0.0,0,0,H,0.04929577464788732,-61.3,-33.5,23.0,14.0,0.6216216216216216,2.5833429165942983,33,52,33,19,0.04942507021799094,1,0,0,0,0,0,0,0,0,33,16,2,0,0,1
1oqc,D,112,ASP,-3.5,111.1,-1.0,1,3,H,0.2392638036809816,-70.3,-39.8,8.0,20.0,0.2857142857142857,1.960532895758405,26,50,20,30,0.04196468226055834,1,0,0,0,0,0,0,0,0,-1,0,0,0,0,0
1oqc,D,113,GLU,-3.5,138.4,-1.0,1,3,I,0.10309278350515463,-62.0,-45.6,11.0,15.0,0.4230769230769231,2.342953067102726,21,40,34,6,0.04755997322863279,0,0,0,0,1,0,0,0,0,38,4,3,0,0,1
1oqc,D,114,ARG,-4.5,173.4,1.0,5,0,I,0.14919354838709678,-66.0,-43.9,12.0,16.0,0.42857142857142855,3.0164826416505433,25,30,33,-3,0.05222271570202816,0,0,0,0,1,0,0,0,0,21,24,11,0,3,1
1oqc,D,115,TRP,-0.9,227.8,0.0,1,0,I,0.1013215859030837,-110.9,-8.8,18.0,15.0,0.5454545454545454,2.7938069753199537,38,40,27,13,0.05175644145468863,0,0,0,0,1,0,0,0,0,-1,0,0,0,0,0
1oqc,D,116,ARG,-4.5,173.4,1.0,5,0,I,0.2701612903225806,-125.0,-62.2,13.0,18.0,0.41935483870967744,2.0723184332759645,24,19,26,-7,0.04289723075523742,0,0,0,0,1,0,0,0,0,-1,0,0,0,0,0
1oqc,D,117,ASP,-3.5,111.1,-1.0,1,3,I,0.6380368098159509,-91.2,-20.1,8.0,14.0,0.36363636363636365,1.751760638867123,19,33,18,15,0.03124037457174899,0,0,0,0,1,0,0,0,0,-1,0,0,0,0,0
1oqc,D,118,GLY,-0.4,60.1,0.0,0,0,-,0.05952380952380952,94.2,160.6,6.0,15.0,0.2857142857142857,1.9001541750947482,20,39,39,0,0.045228601991935104,0,0,0,0,0,0,0,0,0,38,4,3,0,0,1
1oqc,D,119,TRP,-0.9,227.8,0.0,1,0,-,0.1894273127753304,-53.6,140.0,6.0,12.0,0.3333333333333333,1.8956503915209015,19,35,38,-3,0.04103213376587927,0,0,0,0,0,0,0,0,0,38,4,3,0,0,1
1oqc,D,120,LYS,-3.9,168.6,1.0,2,0,T,0.8829268292682927,-62.7,-18.9,3.0,12.0,0.2,1.8780589502117546,12,13,30,-17,0.026577632098353617,0,0,0,0,0,1,0,0,0,38,4,3,0,0,1
1oqc,D,121,ASP,-3.5,111.1,-1.0,1,3,T,0.7730061349693251,-79.2,-1.9,1.0,9.0,0.1,1.7213787544786794,10,12,9,3,0.018650969893581486,0,0,0,0,0,1,0,0,0,38,4,3,0,0,1
1oqc,D,122,GLY,-0.4,60.1,0.0,0,0,-,0.6309523809523809,76.5,12.7,0.0,11.0,0.0,1.7743017797046996,11,8,19,-11,0.020049792635600097,0,0,0,0,0,0,0,0,0,38,4,3,0,0,1
1oqc,D,123,SER,-0.8,89.0,0.0,1,1,-,0.6230769230769231,-63.8,-10.6,7.0,5.0,0.5833333333333334,1.7898432445501324,12,6,21,-15,0.020049792635600097,0,0,0,0,0,0,0,0,0,32,10,5,0,0,1
1oqc,D,124,CYS,2.5,108.5,0.0,1,0,-,0.562962962962963,-95.3,360.0,13.0,3.0,0.8125,1.9115072685744312,15,12,26,-14,0.024246260861655933,0,0,0,0,0,0,0,0,0,32,10,5,0,0,1
1h8s,A,4,ASP,-3.5,111.1,-1.0,1,3,-,0.7361963190184049,360.0,148.9,10.0,11.0,0.47619047619047616,1.7170079370880411,16,3,0,3,0.025178809356335007,0,0,0,0,0,0,0,0,0,5,107,19,0,23,1
1h8s,A,5,ILE,4.5,166.7,0.0,0,0,-,0.029585798816568046,-82.8,119.7,19.0,5.0,0.7916666666666666,2.26899062336117,27,3,13,-10,0.03870076252918159,0,0,0,0,0,0,0,0,0,18,24,12,0,3,1
1h8s,A,6,VAL,4.2,140.0,0.0,0,0,-,0.6056338028169014,-92.8,131.9,3.0,25.0,0.10714285714285714,2.0656801556137148,21,7,9,-2,0.03450429430312575,0,0,0,0,0,0,0,0,0,5,107,19,0,23,1
1h8s,A,7,LEU,3.8,166.7,0.0,0,0,E,0.054878048780487805,-109.7,106.9,25.0,14.0,0.6410256410256411,2.8922462005426186,36,12,7,5,0.045694876239274644,0,0,1,0,0,0,0,0,0,5,107,19,0,23,1
1h8s,A,8,THR,-0.7,116.1,0.0,1,1,E,0.5070422535211268,-89.6,107.7,11.0,22.0,0.3333333333333333,1.9652356368148527,32,31,6,25,0.03730193978716297,0,0,1,0,0,0,0,0,0,-1,0,0,0,0,0
1h8s,A,9,GLN,-3.5,143.8,0.0,2,2,E,0.005050505050505051,-86.3,128.6,21.0,20.0,0.5121951219512195,3.258047002843041,36,38,3,35,0.04942507021799094,0,0,1,0,0,0,0,0,0,-1,0,0,0,0,0
1h8s,A,10,SER,-0.8,89.0,0.0,1,1,S,0.1,-51.8,-38.3,18.0,18.0,0.5,1.9079610507958202,30,44,9,35,0.048492521723311866,0,0,0,0,0,0,1,0,0,10,34,17,0,6,1
1h8s,A,11,HIS,-3.2,153.2,0.1,2,1,-,0.2391304347826087,-146.1,140.8,11.0,18.0,0.3793103448275862,2.1779110736790104,22,31,10,21,0.04243095650789788,0,0,0,0,0,0,0,0,0,10,34,17,0,6,1
1h8s,A,12,LYS,-3.9,168.6,1.0,2,0,S,0.4195121951219512,-74.1,-38.3,5.0,22.0,0.18518518518518517,1.981001582932357,22,32,9,23,0.03916703677652112,0,0,0,0,0,0,1,0,0,11,36,17,0,6,1
1h8s,A,13,PHE,2.8,189.9,0.0,0,0,E,0.5939086294416244,-128.7,131.5,5.0,19.0,0.20833333333333334,1.8362285711368345,19,43,14,29,0.03683566553982344,0,0,1,0,0,0,0,0,0,-1,0,0,0,0,0
1h8s,A,14,MET,1.9,162.9,0.0,0,0,E,0.13829787234042554,-128.1,126.0,18.0,7.0,0.72,2.1301388318237446,29,33,16,17,0.040565859518539735,0,0,1,0,0,0,0,0,0,-1,0,0,0,0,0
1h8s,A,15,SER,-0.8,89.0,0.0,1,1,E,0.6538461538461539,-95.5,140.4,3.0,20.0,0.13043478260869565,1.7965560267170897,20,27,12,15,0.028909003335051305,0,0,1,0,0,0,0,0,0,-1,0,0,0,0,0
1h8s,A,16,THR,-0.7,116.1,0.0,1,1,-,0.11267605633802817,-151.8,-176.4,21.0,5.0,0.8076923076923077,1.9230414465735315,26,13,22,-9,0.03590311704514436,0,0,0,0,0,0,0,0,0,19,24,10,0,2,1
1h8s,A,17,SER,-0.8,89.0,0.0,1,1,-,0.38461538461538464,-143.4,147.4,2.0,21.0,0.08695652173913043,2.1307992134504845,22,7,15,-8,0.029375277582390842,0,0,0,0,0,0,0,0,0,4,229,11,0,27,1
1h8s,A,18,VAL,4.2,140.0,0.0,0,0,T,0.528169014084507,-52.8,119.2,3.0,17.0,0.15,1.9199000912190383,20,4,22,-18,0.030307826077069916,0,0,0,0,0,1,0,0,0,4,229,11,0,27,1
1h8s,A,19,GLY,-0.4,60.1,0.0,0,0,T,0.42857142857142855,114.2,-17.6,2.0,15.0,0.11764705882352941,1.8383964998126507,16,11,11,0,0.027043906345693154,0,0,0,0,0,1,0,0,0,4,229,11,0,27,1
1h8s,A,20,ASP,-3.5,111.1,-1.0,1,3,-,0.48466257668711654,-86.6,166.8,15.0,12.0,0.5555555555555556,1.9450644468319642,19,10,2,8,0.03124037457174899,0,0,0,0,0,0,0,0,0,4,229,11,0,27,1
1h8s,A,21,ARG,-4.5,173.4,1.0,5,0,-,0.4435483870967742,-97.5,140.7,7.0,19.0,0.2692307692307692,1.8879349177976303,22,10,8,2,0.034970568550465285,0,0,0,0,0,0,0,0,0,12,20,20,0,4,1
1h8s,A,22,VAL,4.2,140.0,0.0,0,0,E,0.07746478873239436,-130.5,147.7,24.0,10.0,0.7058823529411765,2.0971205714015975,30,18,15,3,0.03683566553982344,0,0,1,0,0,0,0,0,0,-1,0,0,0,0,0
1h8s,A,23,SER,-0.8,89.0,0.0,1,1,E,0.2692307692307692,-133.4,119.5,9.0,25.0,0.2647058823529412,1.8674234290158338,31,27,6,21,0.0363693912924839,0,0,1,0,0,0,0,0,0,-1,0,0,0,0,0
1h8s,A,24,ILE,4.5,166.7,0.0,0,0,E,0.0,-113.2,130.3,26.0,17.0,0.6046511627906976,3.909066664867007,37,24,6,18,0.04709369898129325,0,0,1,0,0,0,0,0,0,-1,0,0,0,0,0
1h8s,A,25,THR,-0.7,116.1,0.0,1,1,E,0.06338028169014084,-124.5,155.1,15.0,30.0,0.3333333333333333,2.1336559870045066,35,34,13,21,0.04662742473395372,0,0,1,0,0,0,0,0,0,-1,0,0,0,0,0
1h8s,A,26,CYS,2.5,108.5,0.0,1,0,E,0.0,-134.5,133.8,30.0,19.0,0.6122448979591837,3.0004046654457355,42,15,9,6,0.0526889899493677,0,0,1,0,0,0,0,0,0,-1,0,0,0,0,0
1h8s,A,27,LYS,-3.9,168.6,1.0,2,0,E,0.3121951219512195,-117.6,115.4,11.0,29.0,0.275,2.0955666360811387,28,9,12,-3,0.043363505002576956,0,0,1,0,0,0,0,0,0,-1,0,0,0,0,0
1h8s,A,28,ALA,1.8,88.6,0.0,0,0,E,0.018867924528301886,-79.8,137.2,25.0,10.0,0.7142857142857143,2.800362760912602,30,11,18,-7,0.04755997322863279,0,0,1,0,0,0,0,0,0,-1,0,0,0,0,0
1h8s,A,29,SER,-0.8,89.0,0.0,1,1,S,0.5769230769230769,-72.4,-11.0,8.0,13.0,0.38095238095238093,1.7820135759628295,18,9,16,-7,0.032639197313767604,0,0,0,0,0,0,1,0,0,5,107,19,0,23,1
1h8s,A,30,GLN,-3.5,143.8,0.0,2,2,S,0.5202020202020202,-138.7,166.7,8.0,12.0,0.4,1.9847051106552054,19,4,15,-11,0.02844272908771177,0,0,0,0,0,0,1,0,0,5,107,19,0,23,1
1h8s,A,31,ASP,-3.5,111.1,-1.0,1,3,-,0.6993865030674846,-71.2,128.9,2.0,21.0,0.08695652173913043,1.6721677328920197,20,2,4,-2,0.02844272908771177,0,0,0,0,0,0,0,0,0,16,10,23,0,3,1
1h8s,A,32,VAL,4.2,140.0,0.0,0,0,-,0.007042253521126761,-120.5,19.9,27.0,5.0,0.84375,2.620072280138904,28,4,13,-9,0.043363505002576956,0,0,0,0,0,0,0,0,0,16,10,23,0,3,1
1h8s,A,33,GLY,-0.4,60.1,0.0,0,0,T,0.3333333333333333,56.8,-130.3,7.0,18.0,0.28,2.172747778048407,25,0,12,-12,0.02984155182973038,0,0,0,0,0,1,0,0,0,16,10,23,0,3,1
1h8s,A,34,THR,-0.7,116.1,0.0,1,1,T,0.4225352112676056,-115.9,12.7,9.0,20.0,0.3103448275862069,2.230663146394127,25,0,10,-10,0.03963331102386066,0,0,0,0,0,1,0,0,0,16,10,23,0,3,1
1h8s,A,35,ALA,1.8,88.6,0.0,0,0,-,0.07547169811320754,-83.4,86.1,8.0,22.0,0.26666666666666666,2.7381909395299475,30,0,6,-6,0.043363505002576956,0,0,0,0,0,0,0,0,0,16,10,23,0,3,1
1h8s,A,36,VAL,4.2,140.0,0.0,0,0,E,0.014084507042253521,-146.7,140.5,25.0,18.0,0.5813953488372093,5.967751660921012,39,0,5,-5,0.05688545817542354,0,0,1,0,0,0,0,0,0,-1,0,0,0,0,0
1h8s,A,37,ALA,1.8,88.6,0.0,0,0,E,0.0,-128.2,152.0,17.0,27.0,0.38636363636363635,5.950322932107239,38,4,0,4,0.056419183928083996,0,0,1,0,0,0,0,0,0,-1,0,0,0,0,0
1h8s,A,38,TRP,-0.9,227.8,0.0,1,0,E,0.0,-121.6,134.7,24.0,21.0,0.5333333333333333,6.458812923878483,43,3,3,0,0.05222271570202816,0,0,1,0,0,0,0,0,0,-1,0,0,0,0,0
1h8s,A,39,TYR,-1.3,193.6,0.0,1,1,E,0.03153153153153153,-125.0,154.3,19.0,23.0,0.4523809523809524,3.992816249127278,34,13,4,9,0.05548663543340492,0,0,1,0,0,0,0,0,0,-1,0,0,0,0,0
1h8s,A,40,GLN,-3.5,143.8,0.0,2,2,E,0.05555555555555555,-116.8,133.6,15.0,19.0,0.4411764705882353,2.23287484248642,29,19,21,-2,0.04989134446533048,0,0,1,0,0,0,0,0,0,-1,0,0,0,0,0
1h8s,A,41,GLN,-3.5,143.8,0.0,2,2,E,0.08585858585858586,-136.8,120.8,18.0,10.0,0.6428571428571429,1.89691695913324,31,21,9,12,0.05035761871267001,0,0,1,0,0,0,0,0,0,-1,0,0,0,0,0
1h8s,A,42,LYS,-3.9,168.6,1.0,2,0,-,0.24390243902439024,-96.5,159.3,10.0,15.0,0.4,1.8896964540283585,23,11,21,-10,0.032172923066428064,0,0,0,0,0,0,0,0,0,-1,0,0,0,0,0
1h8s,A,43,PRO,-1.6,112.7,0.0,0,0,T,0.7720588235294118,-62.4,136.7,9.0,14.0,0.391304347826087,1.889890995589502,19,13,17,-4,0.024246260861655933,0,0,0,0,0,1,0,0,0,-1,0,0,0,0,0
1h8s,A,44,GLY,-0.4,60.1,0.0,0,0,T,0.30952380952380953,75.0,12.0,6.0,17.0,0.2608695652173913,1.7096412004130634,21,8,9,-1,0.02984155182973038,0,0,0,0,0,1,0,0,0,2,1150,7,0,81,1
1h8s,A,45,GLN,-3.5,143.8,0.0,2,2,S,0.5606060606060606,-129.3,-178.2,9.0,15.0,0.375,1.7628301782427676,21,15,12,3,0.03590311704514436,0,0,0,0,0,0,1,0,0,-1,0,0,0,0,0
1h8s,A,46,SER,-0.8,89.0,0.0,1,1,-,0.25384615384615383,-118.9,154.8,15.0,15.0,0.5,1.9016322908210588,26,16,5,11,0.04103213376587927,0,0,0,0,0,0,0,0,0,-1,0,0,0,0,0
1h8s,A,47,PRO,-1.6,112.7,0.0,0,0,-,0.051470588235294115,-44.8,139.8,23.0,12.0,0.6571428571428571,3.1806887566645696,31,17,6,11,0.04616115048661418,0,0,0,0,0,0,0,0,0,-1,0,0,0,0,0
1h8s,A,48,LYS,-3.9,168.6,1.0,2,0,E,0.4634146341463415,-121.2,115.6,11.0,22.0,0.3333333333333333,2.222404175790553,26,19,4,15,0.04149840801321881,0,0,1,0,0,0,0,0,0,-1,0,0,0,0,0
1h8s,A,49,LEU,3.8,166.7,0.0,0,0,E,0.054878048780487805,-58.1,128.7,17.0,16.0,0.5151515151515151,2.42159785902433,29,27,0,27,0.04616115048661418,0,0,1,0,0,0,0,0,0,37,0,13,0,0,1
1h8s,A,50,LEU,3.8,166.7,0.0,0,0,E,0.0,-112.1,-43.6,19.0,18.0,0.5135135135135135,4.412941829634937,33,34,6,28,0.05548663543340492,0,0,1,0,0,0,0,0,0,-1,0,0,0,0,0
1h8s,A,51,ILE,4.5,166.7,0.0,0,0,E,0.0,-139.8,148.9,26.0,15.0,0.6341463414634146,4.103677060233984,34,25,0,25,0.05595290968074446,0,0,1,0,0,0,0,0,0,3,202,26,0,54,1
1h8s,A,52,TYR,-1.3,193.6,0.0,1,1,E,0.24774774774774774,-145.6,166.5,9.0,27.0,0.25,2.9056779125036147,22,18,0,18,0.053621538444046775,0,0,1,0,0,0,0,0,0,3,202,26,0,54,1
1h8s,A,53,TRP,-0.9,227.8,0.0,1,0,T,0.5770925110132159,52.4,35.5,3.0,25.0,0.10714285714285714,2.0544133607504227,21,1,0,1,0.04196468226055834,0,0,0,0,0,1,0,0,0,3,202,26,0,54,1
1h8s,A,54,ALA,1.8,88.6,0.0,0,0,T,0.009433962264150943,63.2,-36.0,16.0,21.0,0.43243243243243246,2.753030282367214,31,6,2,4,0.05222271570202816,0,0,0,0,0,1,0,0,0,16,10,23,0,3,1
1h8s,A,55,SER,-0.8,89.0,0.0,1,1,T,0.5615384615384615,-134.4,8.1,6.0,20.0,0.23076923076923078,1.9297261628205404,24,13,0,13,0.0363693912924839,0,0,0,0,0,1,0,0,0,3,202,26,0,54,1
1h8s,A,56,THR,-0.7,116.1,0.0,1,1,E,0.4225352112676056,-95.0,120.6,7.0,17.0,0.2916666666666667,2.2448836799822334,21,21,0,21,0.032172923066428064,0,0,1,0,0,0,0,0,0,3,202,26,0,54,1
1h8s,A,57,ARG,-4.5,173.4,1.0,5,0,E,0.32661290322580644,-74.1,128.7,9.0,18.0,0.3333333333333333,1.9397350733844034,21,15,8,7,0.04289723075523742,0,0,1,0,0,0,0,0,0,20,13,18,0,2,1
1h8s,A,58,HIS,-3.2,153.2,0.1,2,1,P,0.31521739130434784,-68.6,153.5,13.0,12.0,0.52,2.0539583091801683,20,19,0,19,0.03776821403450251,0,0,0,0,0,0,0,0,0,20,13,18,0,2,1
1h8s,A,59,THR,-0.7,116.1,0.0,1,1,T,0.8591549295774648,-57.1,132.9,1.0,13.0,0.07142857142857142,1.8084370964939571,13,24,0,24,0.02098234113027917,0,0,0,0,0,1,0,0,0,20,13,18,0,2,1
1h8s,A,60,GLY,-0.4,60.1,0.0,0,0,T,0.8928571428571429,90.9,-20.6,3.0,10.0,0.23076923076923078,1.709560825509553,13,28,7,21,0.020049792635600097,0,0,0,0,0,1,0,0,0,20,13,18,0,2,1
1h8s,A,61,VAL,4.2,140.0,0.0,0,0,-,0.07042253521126761,-73.3,129.8,18.0,3.0,0.8571428571428571,2.3565714822125337,20,40,9,31,0.0363693912924839,0,0,0,0,0,0,0,0,0,20,13,18,0,2,1
1h8s,A,62,PRO,-1.6,112.7,0.0,0,0,-,0.2647058823529412,-65.1,142.1,8.0,12.0,0.4,2.1897966165170044,23,32,18,14,0.02797645484037223,0,0,0,0,0,0,0,0,0,20,13,18,0,2,1
1h8s,A,63,ASP,-3.5,111.1,-1.0,1,3,T,0.8098159509202454,-44.0,-28.2,1.0,20.0,0.047619047619047616,1.7160476942496874,15,25,0,25,0.026577632098353617,0,0,0,0,0,1,0,0,0,-1,0,0,0,0,0
1h8s,A,64,ARG,-4.5,173.4,1.0,5,0,T,0.22983870967741934,-43.6,-37.9,14.0,10.0,0.5833333333333334,1.9360427826038473,28,8,27,-19,0.03823448828184205,0,0,0,0,0,1,0,0,0,-1,0,0,0,0,0
1h8s,A,65,PHE,2.8,189.9,0.0,0,0,E,0.005076142131979695,-90.6,132.4,21.0,14.0,0.6,3.149014495938718,31,32,19,13,0.04709369898129325,0,0,1,0,0,0,0,0,0,-1,0,0,0,0,0
1h8s,A,66,THR,-0.7,116.1,0.0,1,1,E,0.45774647887323944,-143.4,139.3,11.0,22.0,0.3333333333333333,1.943124284628786,28,24,8,16,0.043829779249916496,0,0,1,0,0,0,0,0,0,3,202,26,0,54,1
1h8s,A,67,GLY,-0.4,60.1,0.0,0,0,E,0.07142857142857142,-116.4,156.6,21.0,17.0,0.5526315789473685,1.928284004042296,31,15,4,11,0.04755997322863279,0,0,1,0,0,0,0,0,0,3,202,26,0,54,1
1h8s,A,68,SER,-0.8,89.0,0.0,1,1,E,0.4230769230769231,-165.2,165.7,9.0,24.0,0.2727272727272727,1.9687018251110924,29,6,6,0,0.03124037457174899,0,0,1,0,0,0,0,0,0,3,202,26,0,54,1
1h8s,A,69,GLY,-0.4,60.1,0.0,0,0,-,0.42857142857142855,115.0,158.2,26.0,7.0,0.7878787878787878,1.7096654453139437,26,5,9,-4,0.03403802005578621,0,0,0,0,0,0,0,0,0,16,10,23,0,3,1
1h8s,A,70,SER,-0.8,89.0,0.0,1,1,-,0.676923076923077,-155.3,133.1,0.0,27.0,0.0,1.794333841500099,22,1,16,-15,0.030774100324409453,0,0,0,0,0,0,0,0,0,16,10,23,0,3,1
1h8s,A,71,GLY,-0.4,60.1,0.0,0,0,S,0.05952380952380952,93.8,-61.8,3.0,22.0,0.12,2.180783187555259,24,11,16,-5,0.032172923066428064,0,0,0,0,0,0,1,0,0,16,10,23,0,3,1
1h8s,A,72,THR,-0.7,116.1,0.0,1,1,S,0.2676056338028169,-144.1,-31.1,7.0,24.0,0.22580645161290322,2.2552441792615,27,19,16,3,0.04103213376587927,0,0,0,0,0,0,1,0,0,-1,0,0,0,0,0
1h8s,A,73,ASP,-3.5,111.1,-1.0,1,3,E,0.15950920245398773,-113.0,112.8,5.0,29.0,0.14705882352941177,1.8439534543498926,29,28,7,21,0.04243095650789788,0,0,1,0,0,0,0,0,0,-1,0,0,0,0,0
1h8s,A,74,PHE,2.8,189.9,0.0,0,0,E,0.0,-113.5,141.5,29.0,14.0,0.6744186046511628,3.8191876225258423,38,10,12,-2,0.04662742473395372,0,0,1,0,0,0,0,0,0,16,10,23,0,3,1
1h8s,A,75,THR,-0.7,116.1,0.0,1,1,E,0.1619718309859155,-134.2,139.6,11.0,29.0,0.275,2.015293152175866,32,14,8,6,0.045228601991935104,0,0,1,0,0,0,0,0,0,-1,0,0,0,0,0
1h8s,A,76,LEU,3.8,166.7,0.0,0,0,E,0.0,-122.1,119.4,21.0,19.0,0.525,3.6267644457256485,40,10,3,7,0.04662742473395372,0,0,1,0,0,0,0,0,0,-1,0,0,0,0,0
1h8s,A,77,THR,-0.7,116.1,0.0,1,1,E,0.1056338028169014,-118.6,138.3,10.0,23.0,0.30303030303030304,2.0311413205317623,32,22,6,16,0.04289723075523742,0,0,1,0,0,0,0,0,0,12,20,20,0,4,1
1h8s,A,78,ILE,4.5,166.7,0.0,0,0,E,0.0,-114.9,109.5,20.0,16.0,0.5555555555555556,3.9077359752149605,32,23,20,3,0.05035761871267001,0,0,1,0,0,0,0,0,0,-1,0,0,0,0,0
1h8s,A,79,SER,-0.8,89.0,0.0,1,1,T,0.38461538461538464,-55.5,-55.3,9.0,16.0,0.36,1.8237917415590077,24,24,17,7,0.035436842797804825,0,0,0,0,0,1,0,0,0,-1,0,0,0,0,0
1h8s,A,80,ASN,-3.5,114.1,0.0,2,2,T,0.5859872611464968,-127.2,87.5,3.0,20.0,0.13043478260869565,2.151698937653721,18,22,17,5,0.03683566553982344,0,0,0,0,0,1,0,0,0,-1,0,0,0,0,0
1h8s,A,81,VAL,4.2,140.0,0.0,0,0,-,0.0,-47.8,133.8,17.0,9.0,0.6538461538461539,4.213616605584168,26,18,29,-11,0.05129016720734909,0,0,0,0,0,0,0,0,0,19,24,10,0,2,1
1h8s,A,82,GLN,-3.5,143.8,0.0,2,2,-,0.3383838383838384,-114.5,165.4,6.0,17.0,0.2608695652173913,2.451521953446749,22,12,22,-10,0.03590311704514436,0,0,0,0,0,0,0,0,0,19,24,10,0,2,1
1h8s,A,83,SER,-0.8,89.0,0.0,1,1,G,0.5538461538461539,-55.9,-51.5,0.0,17.0,0.0,1.7981091605519397,20,8,21,-13,0.02797645484037223,0,0,0,1,0,0,0,0,0,19,24,10,0,2,1
1h8s,A,84,GLU,-3.5,138.4,-1.0,1,3,G,0.5257731958762887,-58.8,-6.7,2.0,18.0,0.1,1.746162823017269,17,14,8,6,0.026577632098353617,0,0,0,1,0,0,0,0,0,19,24,10,0,2,1
1h8s,A,85,ASP,-3.5,111.1,-1.0,1,3,G,0.018404907975460124,-89.0,-17.7,20.0,13.0,0.6060606060606061,2.9354625613549397,32,21,18,3,0.04243095650789788,0,0,0,1,0,0,0,0,0,19,24,10,0,2,1
1h8s,A,86,LEU,3.8,166.7,0.0,0,0,-,0.2865853658536585,-65.5,107.5,11.0,18.0,0.3793103448275862,2.2101176998766547,28,20,33,-13,0.04103213376587927,0,0,0,0,0,0,0,0,0,19,24,10,0,2,1
1h8s,A,87,ALA,1.8,88.6,0.0,0,0,S,0.05660377358490566,-167.7,-176.3,17.0,13.0,0.5666666666666667,2.298305425268348,32,19,31,-12,0.04429605349725603,0,0,0,0,0,0,1,0,0,19,24,10,0,2,1
1h8s,A,88,ASP,-3.5,111.1,-1.0,1,3,E,0.34355828220858897,-87.1,145.8,19.0,18.0,0.5135135135135135,2.1637309520394803,38,27,11,16,0.04476232774459557,0,0,1,0,0,0,0,0,0,-1,0,0,0,0,0
1h8s,A,89,TYR,-1.3,193.6,0.0,1,1,E,0.0,-138.9,140.1,24.0,22.0,0.5217391304347826,4.330535720309856,39,25,19,6,0.05035761871267001,0,0,1,0,0,0,0,0,0,-1,0,0,0,0,0
1h8s,A,90,PHE,2.8,189.9,0.0,0,0,E,0.02030456852791878,-147.9,155.0,19.0,27.0,0.41304347826086957,3.092616972547292,39,8,9,-1,0.05222271570202816,0,0,1,0,0,0,0,0,0,-1,0,0,0,0,0
1h8s,A,91,CYS,2.5,108.5,0.0,1,0,E,0.007407407407407408,-105.6,153.1,25.0,24.0,0.5102040816326531,5.58793007666494,42,6,2,4,0.05222271570202816,0,0,1,0,0,0,0,0,0,-1,0,0,0,0,0
1h8s,A,92,GLN,-3.5,143.8,0.0,2,2,E,0.06565656565656566,-129.5,141.3,19.0,29.0,0.3958333333333333,3.736793725218011,36,0,0,0,0.053155264196707235,0,0,1,0,0,0,0,0,0,-1,0,0,0,0,0
1h8s,A,93,GLN,-3.5,143.8,0.0,2,2,E,0.0,-112.7,123.6,30.0,14.0,0.6818181818181818,4.1749405198996365,33,2,8,-6,0.053621538444046775,0,0,1,0,0,0,0,0,0,18,24,12,0,3,1
1h8s,A,94,TYR,-1.3,193.6,0.0,1,1,-,0.1981981981981982,-127.6,35.5,12.0,19.0,0.3870967741935484,2.36942574024362,28,0,0,0,0.04243095650789788,0,0,0,0,0,0,0,0,0,18,24,12,0,3,1
1h8s,A,95,SER,-0.8,89.0,0.0,1,1,S,0.46923076923076923,-82.2,-37.3,18.0,9.0,0.6666666666666666,1.8883613442731748,22,0,7,-7,0.03310547156110714,0,0,0,0,0,0,1,0,0,18,24,12,0,3,1
1h8s,A,96,SER,-0.8,89.0,0.0,1,1,S,0.4076923076923077,-157.0,166.3,8.0,14.0,0.36363636363636365,1.9169598875332792,21,0,11,-11,0.030307826077069916,0,0,0,0,0,0,1,0,0,21,24,8,0,2,1
1h8s,A,97,TYR,-1.3,193.6,0.0,1,1,S,0.5,-87.0,144.9,9.0,14.0,0.391304347826087,1.837410769886424,22,0,4,-4,0.03683566553982344,0,0,0,0,0,0,1,0,0,21,24,8,0,2,1
1h8s,A,98,PRO,-1.6,112.7,0.0,0,0,S,0.022058823529411766,-79.4,152.0,16.0,13.0,0.5517241379310345,2.2145741674926005,26,3,12,-9,0.04476232774459557,0,0,0,0,0,0,1,0,0,18,24,12,0,3,1
1h8s,A,99,LEU,3.8,166.7,0.0,0,0,P,0.09146341463414634,-65.9,137.7,17.0,16.0,0.5151515151515151,2.5543019391596795,32,0,11,-11,0.048958795970651406,0,0,0,0,0,0,0,0,0,21,24,8,0,2,1
1h8s,A,100,THR,-0.7,116.1,0.0,1,1,E,0.16901408450704225,-128.0,164.1,17.0,23.0,0.425,2.5116114117713657,35,1,16,-15,0.05035761871267001,0,0,1,0,0,0,0,0,0,5,107,19,0,23,1
1h8s,A,101,PHE,2.8,189.9,0.0,0,0,E,0.09644670050761421,-129.8,155.8,16.0,23.0,0.41025641025641024,2.3664687461341756,36,4,9,-5,0.04709369898129325,0,0,1,0,0,0,0,0,0,-1,0,0,0,0,0
1h8s,A,102,GLY,-0.4,60.1,0.0,0,0,-,0.0,-79.4,143.4,25.0,15.0,0.625,2.2593809235171216,37,15,6,9,0.05035761871267001,0,0,0,0,0,0,0,0,0,-1,0,0,0,0,0
1h8s,A,103,ALA,1.8,88.6,0.0,0,0,-,0.39622641509433965,-53.0,-10.4,11.0,23.0,0.3235294117647059,1.7677949525577301,33,25,9,16,0.03916703677652112,0,0,0,0,0,0,0,0,0,-1,0,0,0,0,0
1h8s,A,104,GLY,-0.4,60.1,0.0,0,0,-,0.05952380952380952,98.7,161.2,17.0,22.0,0.4358974358974359,1.8152171261713008,33,31,8,23,0.048026247475972325,0,0,0,0,0,0,0,0,0,-1,0,0,0,0,0
1h8s,A,105,THR,-0.7,116.1,0.0,1,1,E,0.0,-138.7,121.8,21.0,16.0,0.5675675675675675,2.907608541330553,33,35,16,19,0.05129016720734909,0,0,1,0,0,0,0,0,0,-1,0,0,0,0,0
1h8s,A,106,LYS,-3.9,168.6,1.0,2,0,E,0.43414634146341463,-92.2,117.8,10.0,22.0,0.3125,2.4135347986123907,26,24,19,5,0.04289723075523742,0,0,1,0,0,0,0,0,0,-1,0,0,0,0,0
1h8s,A,107,LEU,3.8,166.7,0.0,0,0,E,0.018292682926829267,-95.1,115.5,23.0,11.0,0.6764705882352942,2.9712195596068383,37,25,30,-5,0.05175644145468863,0,0,1,0,0,0,0,0,0,19,24,10,0,2,1
1h8s,A,108,GLU,-3.5,138.4,-1.0,1,3,E,0.20618556701030927,-135.4,-173.4,7.0,18.0,0.28,2.1943126776896786,21,19,8,11,0.03730193978716297,0,0,1,0,0,0,0,0,0,19,24,10,0,2,1
1h8s,A,109,LEU,3.8,166.7,0.0,0,0,-,0.6524390243902439,-93.9,-29.0,6.0,13.0,0.3157894736842105,1.891888949354035,18,12,12,0,0.026577632098353617,0,0,0,0,0,0,0,0,0,19,24,10,0,2,1
1h8s,A,110,LYS,-3.9,168.6,1.0,2,0,-,0.48292682926829267,-150.1,360.0,0.0,11.0,0.0,1.7676464213903231,11,9,9,0,0.017252147151562876,0,0,0,0,0,0,0,0,0,-1,0,0,0,0,0
1h8s,A,132,GLN,-3.5,143.8,0.0,2,2,-,0.7626262626262627,360.0,154.0,4.0,2.0,0.6666666666666666,1.7675970132784518,8,2,4,-2,0.009325484946790743,0,0,0,0,0,0,0,0,0,-1,0,0,0,0,0
1h8s,A,133,VAL,4.2,140.0,0.0,0,0,-,1.0,-63.1,130.3,1.0,6.0,0.14285714285714285,1.8711544167186156,7,0,6,-6,0.013521953172846577,0,0,0,0,0,0,0,0,0,2,1150,7,0,81,1
1h8s,A,134,GLN,-3.5,143.8,0.0,2,2,-,0.5303030303030303,-136.9,121.8,8.0,3.0,0.7272727272727273,1.7815216504366613,11,2,9,-7,0.02331371236697686,0,0,0,0,0,0,0,0,0,2,1150,7,0,81,1
1h8s,A,135,LEU,3.8,166.7,0.0,0,0,-,0.8719512195121951,-135.3,117.8,1.0,10.0,0.09090909090909091,1.8728404377216776,8,0,9,-9,0.02144861537761871,0,0,0,0,0,0,0,0,0,2,1150,7,0,81,1
1h8s,A,136,GLN,-3.5,143.8,0.0,2,2,S,0.8181818181818182,53.9,61.2,3.0,13.0,0.1875,1.81796006338157,12,0,10,-10,0.022381163872297785,0,0,0,0,0,0,1,0,0,2,1150,7,0,81,1
1h8s,A,137,GLU,-3.5,138.4,-1.0,1,3,S,0.41237113402061853,-134.2,88.0,8.0,10.0,0.4444444444444444,1.708454782177424,18,2,0,2,0.030774100324409453,0,0,0,0,0,0,1,0,0,2,1150,7,0,81,1
1h8s,A,138,PRO,-1.6,112.7,0.0,0,0,S,0.16911764705882354,-89.7,179.4,15.0,7.0,0.6818181818181818,2.0232805918882124,24,0,15,-15,0.0363693912924839,0,0,0,0,0,0,1,0,0,2,1150,7,0,81,1
1h8s,A,139,GLY,-0.4,60.1,0.0,0,0,-,0.32142857142857145,-81.7,-172.2,2.0,19.0,0.09523809523809523,1.7096906794997182,20,0,17,-17,0.027043906345693154,0,0,0,0,0,0,0,0,0,-1,0,0,0,0,0
1h8s,A,140,GLY,-0.4,60.1,0.0,0,0,E,0.5238095238095238,171.4,-163.7,18.0,6.0,0.75,1.7095970133005107,17,0,13,-13,0.02844272908771177,0,0,1,0,0,0,0,0,0,-1,0,0,0,0,0
1h8s,A,141,GLU,-3.5,138.4,-1.0,1,3,E,0.36597938144329895,-138.5,156.3,8.0,15.0,0.34782608695652173,1.791289911075673,26,5,1,4,0.02844272908771177,0,0,1,0,0,0,0,0,0,26,8,8,0,0,1
1h8s,A,142,LEU,3.8,166.7,0.0,0,0,E,0.6219512195121951,-117.1,116.4,1.0,21.0,0.045454545454545456,1.9271414903114714,15,7,9,-2,0.02984155182973038,0,0,1,0,0,0,0,0,0,26,8,8,0,0,1
1h8s,A,143,VAL,4.2,140.0,0.0,0,0,E,0.19718309859154928,-117.0,177.1,20.0,5.0,0.8,2.2245358006565286,25,12,15,-3,0.03776821403450251,0,0,1,0,0,0,0,0,0,38,0,4,0,0,1
1h8s,A,144,ARG,-4.5,173.4,1.0,5,0,-,0.7096774193548387,-103.3,147.2,1.0,18.0,0.05263157894736842,2.1060643714926877,14,0,0,0,0.03124037457174899,0,0,0,0,0,0,0,0,0,38,0,4,0,0,1
1h8s,A,145,PRO,-1.6,112.7,0.0,0,0,T,0.47058823529411764,-52.8,143.1,4.0,16.0,0.2,2.0311436597749855,20,12,6,6,0.03357174580844668,0,0,0,0,0,1,0,0,0,38,0,4,0,0,1
1h8s,A,146,GLY,-0.4,60.1,0.0,0,0,T,0.6666666666666666,80.0,-13.5,0.0,17.0,0.0,1.7095864279788562,17,14,4,10,0.026577632098353617,0,0,0,0,0,1,0,0,0,38,0,4,0,0,1
1h8s,A,147,ALA,1.8,88.6,0.0,0,0,-,0.25471698113207547,-77.4,-170.7,11.0,10.0,0.5238095238095238,1.8850663426511851,22,16,4,12,0.030307826077069916,0,0,0,0,0,0,0,0,0,38,0,4,0,0,1
1h8s,A,148,SER,-0.8,89.0,0.0,1,1,-,0.43846153846153846,-134.6,151.6,7.0,17.0,0.2916666666666667,1.792662364180907,21,23,4,19,0.032639197313767604,0,0,0,0,0,0,0,0,0,26,8,8,0,0,1
1h8s,A,149,VAL,4.2,140.0,0.0,0,0,E,0.11267605633802817,-137.7,144.7,19.0,12.0,0.6129032258064516,2.406606646719667,29,19,16,3,0.03403802005578621,0,0,1,0,0,0,0,0,0,26,8,8,0,0,1
1h8s,A,150,LYS,-3.9,168.6,1.0,2,0,E,0.5170731707317073,-122.5,105.4,6.0,21.0,0.2222222222222222,1.97018434777876,20,1,4,-3,0.03357174580844668,0,0,1,0,0,0,0,0,0,-1,0,0,0,0,0
1h8s,A,151,LEU,3.8,166.7,0.0,0,0,E,0.03048780487804878,-85.5,142.6,22.0,10.0,0.6875,2.6300946533188574,34,10,9,1,0.03916703677652112,0,0,1,0,0,0,0,0,0,-1,0,0,0,0,0
1h8s,A,152,SER,-0.8,89.0,0.0,1,1,E,0.5461538461538461,-107.4,156.4,8.0,24.0,0.25,1.8506713946394477,26,17,4,13,0.03403802005578621,0,0,1,0,0,0,0,0,0,-1,0,0,0,0,0
1h8s,A,153,CYS,2.5,108.5,0.0,1,0,E,0.1037037037037037,-149.5,84.1,23.0,10.0,0.696969696969697,2.1307506597729415,33,13,5,8,0.03683566553982344,0,0,1,0,0,0,0,0,0,-1,0,0,0,0,0
1h8s,A,154,LYS,-3.9,168.6,1.0,2,0,E,0.5902439024390244,-72.2,132.6,2.0,25.0,0.07407407407407407,1.9521035691257127,18,2,6,-4,0.030774100324409453,0,0,1,0,0,0,0,0,0,-1,0,0,0,0,0
1h8s,A,155,ALA,1.8,88.6,0.0,0,0,-,0.08490566037735849,-111.1,149.8,22.0,8.0,0.7333333333333333,1.9049620287467295,24,19,3,16,0.03403802005578621,0,0,0,0,0,0,0,0,0,8,192,3,0,8,1
1h8s,A,156,SER,-0.8,89.0,0.0,1,1,-,0.7153846153846154,-151.4,152.6,2.0,14.0,0.125,1.7395383647836329,13,13,0,13,0.022847438119637322,0,0,0,0,0,0,0,0,0,8,192,3,0,8,1
1h8s,A,157,GLY,-0.4,60.1,0.0,0,0,S,1.0,81.6,0.9,4.0,5.0,0.4444444444444444,1.7096481706901883,11,12,0,12,0.013988227420186116,0,0,0,0,0,0,1,0,0,8,192,3,0,8,1
1h8s,A,158,TYR,-1.3,193.6,0.0,1,1,S,0.28378378378378377,-152.4,168.4,8.0,4.0,0.6666666666666666,2.0915569333328263,19,17,0,17,0.02471253510899547,0,0,0,0,0,0,1,0,0,8,192,3,0,8,1
1h8s,A,159,THR,-0.7,116.1,0.0,1,1,-,0.6338028169014085,-77.3,97.4,4.0,15.0,0.21052631578947367,2.068334226459782,15,7,0,7,0.028909003335051305,0,0,0,0,0,0,0,0,0,8,192,3,0,8,1
1h8s,A,160,PHE,2.8,189.9,0.0,0,0,G,0.06091370558375635,-41.0,-46.8,15.0,13.0,0.5357142857142857,2.7939198108058916,29,25,8,17,0.04243095650789788,0,0,0,1,0,0,0,0,0,31,7,1,0,0,1
1h8s,A,161,THR,-0.7,116.1,0.0,1,1,G,0.3028169014084507,-68.6,-8.8,6.0,20.0,0.23076923076923078,1.9484507620181706,21,10,10,0,0.03776821403450251,0,0,0,1,0,0,0,0,0,31,7,1,0,0,1
1h8s,A,162,SER,-0.8,89.0,0.0,1,1,G,0.4461538461538462,-98.7,6.7,2.0,16.0,0.1111111111111111,1.881347078474968,15,9,1,8,0.034970568550465285,0,0,0,1,0,0,0,0,0,-1,0,0,0,0,0
1h8s,A,163,TYR,-1.3,193.6,0.0,1,1,S,0.42792792792792794,-144.0,133.6,13.0,12.0,0.52,2.14044543638441,19,11,0,11,0.045228601991935104,0,0,0,0,0,0,1,0,0,-1,0,0,0,0,0
1h8s,A,164,TRP,-0.9,227.8,0.0,1,0,-,0.3832599118942731,-57.7,148.1,10.0,21.0,0.3225806451612903,1.9704866709341646,27,7,7,0,0.04476232774459557,0,0,0,0,0,0,0,0,0,34,24,0,0,0,1
1h8s,A,165,ILE,4.5,166.7,0.0,0,0,E,0.011834319526627219,-117.7,124.8,24.0,18.0,0.5714285714285714,2.988283793924766,42,13,1,12,0.04989134446533048,0,0,1,0,0,0,0,0,0,-1,0,0,0,0,0
1h8s,A,166,ASN,-3.5,114.1,0.0,2,2,E,0.17834394904458598,-105.6,155.8,16.0,27.0,0.37209302325581395,2.61805450860638,36,8,2,6,0.04709369898129325,0,0,1,0,0,0,0,0,0,-1,0,0,0,0,0
1h8s,A,167,TRP,-0.9,227.8,0.0,1,0,E,0.00881057268722467,-125.5,134.2,25.0,21.0,0.5434782608695652,3.8895259197243384,40,9,2,7,0.04989134446533048,0,0,1,0,0,0,0,0,0,-1,0,0,0,0,0
1h8s,A,168,VAL,4.2,140.0,0.0,0,0,E,0.014084507042253521,-130.9,137.5,20.0,20.0,0.5,4.0441859500184245,37,12,9,3,0.053621538444046775,0,0,1,0,0,0,0,0,0,-1,0,0,0,0,0
1h8s,A,169,LYS,-3.9,168.6,1.0,2,0,E,0.07317073170731707,-101.2,131.9,17.0,18.0,0.4857142857142857,2.4301289852796573,32,18,21,-3,0.05222271570202816,0,0,1,0,0,0,0,0,0,-1,0,0,0,0,0
1h8s,A,170,GLN,-3.5,143.8,0.0,2,2,E,0.18686868686868688,-132.3,112.1,19.0,13.0,0.59375,1.9662616902295182,36,20,13,7,0.048958795970651406,0,0,1,0,0,0,0,0,0,-1,0,0,0,0,0
1h8s,A,171,ARG,-4.5,173.4,1.0,5,0,-,0.31048387096774194,-98.7,146.7,10.0,14.0,0.4166666666666667,1.900521744022324,20,10,19,-9,0.0363693912924839,0,0,0,0,0,0,0,0,0,35,1,9,0,0,1
1h8s,A,172,PRO,-1.6,112.7,0.0,0,0,T,0.9411764705882353,-42.2,-46.1,3.0,15.0,0.16666666666666666,1.8696659001558478,16,17,3,14,0.02144861537761871,0,0,0,0,0,1,0,0,0,35,1,9,0,0,1
1h8s,A,173,GLY,-0.4,60.1,0.0,0,0,T,0.5833333333333334,-118.4,22.7,1.0,16.0,0.058823529411764705,1.709575268492969,14,24,3,21,0.01818469564624195,0,0,0,0,0,1,0,0,0,11,36,17,0,6,1
1h8s,A,174,GLN,-3.5,143.8,0.0,2,2,S,0.601010101010101,-125.1,175.2,6.0,13.0,0.3157894736842105,1.752931227375861,18,26,9,17,0.02844272908771177,0,0,0,0,0,0,1,0,0,35,1,9,0,0,1
1h8s,A,175,GLY,-0.4,60.1,0.0,0,0,-,0.2976190476190476,-75.9,143.5,14.0,14.0,0.5,1.7095068772108717,29,28,10,18,0.035436842797804825,0,0,0,0,0,0,0,0,0,-1,0,0,0,0,0
1h8s,A,176,LEU,3.8,166.7,0.0,0,0,-,0.09146341463414634,-59.1,138.3,22.0,13.0,0.6285714285714286,2.0714408344950743,35,15,11,4,0.04243095650789788,0,0,0,0,0,0,0,0,0,-1,0,0,0,0,0
1h8s,A,177,GLU,-3.5,138.4,-1.0,1,3,E,0.23711340206185566,-117.6,136.9,15.0,21.0,0.4166666666666667,2.126616261452057,27,27,2,25,0.04289723075523742,0,0,1,0,0,0,0,0,0,-1,0,0,0,0,0
1h8s,A,178,TRP,-0.9,227.8,0.0,1,0,E,0.022026431718061675,-95.5,126.8,19.0,16.0,0.5428571428571428,2.602930091278957,36,11,11,0,0.04989134446533048,0,0,1,0,0,0,0,0,0,21,24,8,0,2,1
1h8s,A,179,ILE,4.5,166.7,0.0,0,0,E,0.0,-86.7,-48.7,21.0,17.0,0.5526315789473685,5.40711101059806,35,30,10,20,0.0526889899493677,0,0,1,0,0,0,0,0,0,-1,0,0,0,0,0
1h8s,A,180,GLY,-0.4,60.1,0.0,0,0,E,0.0,169.6,179.7,20.0,18.0,0.5263157894736842,4.965823753551586,36,6,4,2,0.056419183928083996,0,0,1,0,0,0,0,0,0,-1,0,0,0,0,0
1h8s,A,181,ASN,-3.5,114.1,0.0,2,2,E,0.025477707006369428,-137.7,174.0,13.0,24.0,0.35135135135135137,3.6337437096811844,29,0,1,-1,0.05455408693872585,0,0,1,0,0,0,0,0,0,21,24,8,0,2,1
1h8s,A,182,ILE,4.5,166.7,0.0,0,0,E,0.0,-155.9,138.5,18.0,15.0,0.5454545454545454,4.415260116820954,33,0,9,-9,0.056419183928083996,0,0,1,0,0,0,0,0,0,-1,0,0,0,0,0
1h8s,A,183,TYR,-1.3,193.6,0.0,1,1,E,0.28378378378378377,-93.6,113.0,6.0,23.0,0.20689655172413793,2.533259781898018,21,4,8,-4,0.05175644145468863,0,0,1,0,0,0,0,0,0,-1,0,0,0,0,0
1h8s,A,184,PRO,-1.6,112.7,0.0,0,0,T,0.0,-57.4,-30.2,20.0,10.0,0.6666666666666666,4.289886580048651,31,10,13,-3,0.053621538444046775,0,0,0,0,0,1,0,0,0,31,7,1,0,0,1
1h8s,A,185,SER,-0.8,89.0,0.0,1,1,T,0.36153846153846153,-54.5,-49.8,6.0,15.0,0.2857142857142857,2.1815024448333324,16,9,10,-1,0.03403802005578621,0,0,0,0,0,1,0,0,0,31,7,1,0,0,1
1h8s,A,186,ASP,-3.5,111.1,-1.0,1,3,T,0.6257668711656442,-123.5,8.2,2.0,14.0,0.125,1.8039158019224464,14,5,0,5,0.026577632098353617,0,0,0,0,0,1,0,0,0,31,7,1,0,0,1
1h8s,A,187,SER,-0.8,89.0,0.0,1,1,T,0.4076923076923077,58.0,30.9,9.0,17.0,0.34615384615384615,1.898189152700235,22,7,11,-4,0.03776821403450251,0,0,0,0,0,1,0,0,0,-1,0,0,0,0,0
1h8s,A,188,TYR,-1.3,193.6,0.0,1,1,E,0.6441441441441441,-69.0,134.5,6.0,14.0,0.3,2.0449234865653967,13,0,8,-8,0.03450429430312575,0,0,1,0,0,0,0,0,0,34,24,0,0,0,1
1h8s,A,189,THR,-0.7,116.1,0.0,1,1,E,0.30985915492957744,-128.4,152.5,16.0,11.0,0.5925925925925926,1.9310495403584809,23,0,8,-8,0.04103213376587927,0,0,1,0,0,0,0,0,0,34,24,0,0,0,1
1h8s,A,190,ASN,-3.5,114.1,0.0,2,2,E,0.20382165605095542,-125.4,134.8,14.0,13.0,0.5185185185185185,2.1410613574036623,22,0,1,-1,0.040099585271200194,0,0,1,0,0,0,0,0,0,34,24,0,0,0,1
1h8s,A,191,TYR,-1.3,193.6,0.0,1,1,E,0.3333333333333333,-122.3,139.9,10.0,16.0,0.38461538461538464,2.0157280087881766,27,19,7,12,0.04709369898129325,0,0,1,0,0,0,0,0,0,6,343,6,0,22,1
1h8s,A,192,ASN,-3.5,114.1,0.0,2,2,-,0.09554140127388536,-75.5,122.8,18.0,11.0,0.6206896551724138,2.4989505051746623,22,18,16,2,0.045694876239274644,0,0,0,0,0,0,0,0,0,-1,0,0,0,0,0
1h8s,A,193,GLN,-3.5,143.8,0.0,2,2,G,0.494949494949495,-45.4,-32.7,3.0,15.0,0.16666666666666666,1.805693691604691,17,19,13,6,0.02984155182973038,0,0,0,1,0,0,0,0,0,-1,0,0,0,0,0
1h8s,A,194,LYS,-3.9,168.6,1.0,2,0,G,0.6878048780487804,-60.9,-30.7,8.0,9.0,0.47058823529411764,1.8939054313035701,17,19,23,-4,0.028909003335051305,0,0,0,1,0,0,0,0,0,-1,0,0,0,0,0
1h8s,A,195,PHE,2.8,189.9,0.0,0,0,G,0.03553299492385787,-103.8,-1.2,20.0,5.0,0.8,2.376730213984204,27,34,23,11,0.03916703677652112,0,0,0,1,0,0,0,0,0,6,343,6,0,22,1
1h8s,A,196,LYS,-3.9,168.6,1.0,2,0,T,0.6195121951219512,-37.5,-46.5,4.0,16.0,0.2,1.9803287050976164,14,14,8,6,0.03450429430312575,0,0,0,0,0,1,0,0,0,6,343,6,0,22,1
1h8s,A,197,ASP,-3.5,111.1,-1.0,1,3,T,0.7361963190184049,-98.4,4.9,1.0,16.0,0.058823529411764705,1.6721075181921825,13,24,0,24,0.02611135785101408,0,0,0,0,0,1,0,0,0,6,343,6,0,22,1
1h8s,A,198,LYS,-3.9,168.6,1.0,2,0,T,0.18048780487804877,-112.2,-33.9,11.0,15.0,0.4230769230769231,1.9858008677080288,25,18,21,-3,0.034970568550465285,0,0,0,0,0,1,0,0,0,6,343,6,0,22,1
1h8s,A,199,ALA,1.8,88.6,0.0,0,0,E,0.02830188679245283,-116.7,142.9,22.0,11.0,0.6666666666666666,2.1928685067298175,31,24,11,13,0.043829779249916496,0,0,1,0,0,0,0,0,0,6,343,6,0,22,1
1h8s,A,200,THR,-0.7,116.1,0.0,1,1,E,0.4084507042253521,-136.7,126.0,6.0,25.0,0.1935483870967742,2.2626210995928377,26,21,5,16,0.0363693912924839,0,0,1,0,0,0,0,0,0,6,343,6,0,22,1
1h8s,A,201,LEU,3.8,166.7,0.0,0,0,E,0.04878048780487805,-97.3,136.6,21.0,16.0,0.5675675675675675,3.482758087070234,34,9,1,8,0.04196468226055834,0,0,1,0,0,0,0,0,0,-1,0,0,0,0,0
1h8s,A,202,THR,-0.7,116.1,0.0,1,1,E,0.3591549295774648,-147.5,169.2,8.0,24.0,0.25,2.280089466980457,27,10,10,0,0.03450429430312575,0,0,1,0,0,0,0,0,0,-1,0,0,0,0,0
1h8s,A,203,VAL,4.2,140.0,0.0,0,0,E,0.16901408450704225,-143.2,163.5,23.0,11.0,0.6764705882352942,2.326309577095636,32,12,13,-1,0.04289723075523742,0,0,1,0,0,0,0,0,0,-1,0,0,0,0,0
1h8s,A,204,ASP,-3.5,111.1,-1.0,1,3,E,0.36809815950920244,-132.6,96.0,10.0,13.0,0.43478260869565216,2.051035214819997,20,18,0,18,0.03590311704514436,0,0,1,0,0,0,0,0,0,-1,0,0,0,0,0
1h8s,A,205,LYS,-3.9,168.6,1.0,2,0,G,0.5756097560975609,-51.3,-40.5,7.0,15.0,0.3181818181818182,1.870785882378037,18,0,13,-13,0.03310547156110714,0,0,0,1,0,0,0,0,0,31,7,1,0,0,1
1h8s,A,206,SER,-0.8,89.0,0.0,1,1,G,0.8692307692307693,-53.6,-38.5,0.0,14.0,0.0,1.776101118156003,12,12,8,4,0.01958351838826056,0,0,0,1,0,0,0,0,0,-1,0,0,0,0,0
1h8s,A,207,SER,-0.8,89.0,0.0,1,1,G,0.27692307692307694,-115.0,15.8,8.0,9.0,0.47058823529411764,1.965506051202942,14,16,8,8,0.027510180593032695,0,0,0,1,0,0,0,0,0,-1,0,0,0,0,0
1h8s,A,208,SER,-0.8,89.0,0.0,1,1,T,0.2076923076923077,42.8,54.3,10.0,15.0,0.4,2.484807153573883,21,17,8,9,0.04103213376587927,0,0,0,0,0,1,0,0,0,8,192,3,0,8,1
1h8s,A,209,THR,-0.7,116.1,0.0,1,1,E,0.07746478873239436,-132.1,126.8,9.0,18.0,0.3333333333333333,3.0265298913025944,24,18,8,10,0.04476232774459557,0,0,1,0,0,0,0,0,0,-1,0,0,0,0,0
1h8s,A,210,ALA,1.8,88.6,0.0,0,0,E,0.0,-97.7,151.5,25.0,14.0,0.6410256410256411,4.542534348885449,34,23,8,15,0.05222271570202816,0,0,1,0,0,0,0,0,0,-1,0,0,0,0,0
1h8s,A,211,TYR,-1.3,193.6,0.0,1,1,E,0.2927927927927928,-133.3,159.8,11.0,23.0,0.3235294117647059,2.8405866441056435,25,17,8,9,0.04755997322863279,0,0,1,0,0,0,0,0,0,-1,0,0,0,0,0
1h8s,A,212,MET,1.9,162.9,0.0,0,0,E,0.0,-141.7,119.6,22.0,14.0,0.6111111111111112,5.272339960946853,35,18,1,17,0.04942507021799094,0,0,1,0,0,0,0,0,0,-1,0,0,0,0,0
1h8s,A,213,GLN,-3.5,143.8,0.0,2,2,E,0.37373737373737376,-106.3,119.1,6.0,22.0,0.21428571428571427,2.4262547462251978,22,18,2,16,0.04243095650789788,0,0,1,0,0,0,0,0,0,6,343,6,0,22,1
1h8s,A,214,LEU,3.8,166.7,0.0,0,0,E,0.0,-96.4,132.2,20.0,14.0,0.5882352941176471,4.569315769644888,34,25,15,10,0.04709369898129325,0,0,1,0,0,0,0,0,0,-1,0,0,0,0,0
1h8s,A,215,SER,-0.8,89.0,0.0,1,1,-,0.3,-109.4,149.4,7.0,17.0,0.2916666666666667,2.140639879789308,22,14,13,1,0.03730193978716297,0,0,0,0,0,0,0,0,0,6,343,6,0,22,1
1h8s,A,216,SER,-0.8,89.0,0.0,1,1,S,0.5692307692307692,53.5,55.3,2.0,19.0,0.09523809523809523,1.7934289338563312,19,12,12,0,0.03124037457174899,0,0,0,0,0,0,1,0,0,-1,0,0,0,0,0
1h8s,A,217,LEU,3.8,166.7,0.0,0,0,-,0.012195121951219513,-55.8,136.3,18.0,8.0,0.6923076923076923,3.5200459264671906,28,19,17,2,0.045694876239274644,0,0,0,0,0,0,0,0,0,38,0,4,0,0,1
1h8s,A,218,THR,-0.7,116.1,0.0,1,1,-,0.352112676056338,-124.6,170.1,2.0,20.0,0.09090909090909091,2.296577646538449,24,15,17,-2,0.03450429430312575,0,0,0,0,0,0,0,0,0,38,0,4,0,0,1
1h8s,A,219,SER,-0.8,89.0,0.0,1,1,G,0.6538461538461539,-61.7,-20.3,1.0,17.0,0.05555555555555555,1.7996586158763594,21,13,17,-4,0.03124037457174899,0,0,0,1,0,0,0,0,0,-1,0,0,0,0,0
1h8s,A,220,GLU,-3.5,138.4,-1.0,1,3,G,0.6752577319587629,-70.0,-16.4,4.0,15.0,0.21052631578947367,1.8601691975461243,18,19,11,8,0.027043906345693154,0,0,0,1,0,0,0,0,0,35,1,9,0,0,1
1h8s,A,221,ASP,-3.5,111.1,-1.0,1,3,G,0.04294478527607362,-88.1,-4.7,21.0,13.0,0.6176470588235294,2.9020530779908853,35,28,11,17,0.045228601991935104,0,0,0,1,0,0,0,0,0,-1,0,0,0,0,0
1h8s,A,222,SER,-0.8,89.0,0.0,1,1,-,0.2,-68.2,117.5,11.0,16.0,0.4074074074074074,2.1251584348602446,25,18,20,-2,0.04289723075523742,0,0,0,0,0,0,0,0,0,23,21,6,0,1,1
1h8s,A,223,ALA,1.8,88.6,0.0,0,0,E,0.03773584905660377,-177.9,178.4,17.0,16.0,0.5151515151515151,2.4185399598261794,35,20,21,-1,0.043829779249916496,0,0,1,0,0,0,0,0,0,23,21,6,0,1,1
1h8s,A,224,VAL,4.2,140.0,0.0,0,0,E,0.14788732394366197,-95.5,128.3,18.0,18.0,0.5,2.922137740993307,35,19,12,7,0.04755997322863279,0,0,1,0,0,0,0,0,0,-1,0,0,0,0,0
1h8s,A,225,TYR,-1.3,193.6,0.0,1,1,E,0.0045045045045045045,-108.9,120.6,20.0,22.0,0.47619047619047616,4.2807264653987005,42,19,22,-3,0.05035761871267001,0,0,1,0,0,0,0,0,0,-1,0,0,0,0,0
1h8s,A,226,PHE,2.8,189.9,0.0,0,0,E,0.02030456852791878,-105.8,153.2,17.0,23.0,0.425,2.69285951734866,37,8,6,2,0.050823892960009553,0,0,1,0,0,0,0,0,0,-1,0,0,0,0,0
1h8s,A,227,CYS,2.5,108.5,0.0,1,0,E,0.13333333333333333,-123.0,147.2,16.0,24.0,0.4,1.9132923782082976,37,14,0,14,0.04709369898129325,0,0,1,0,0,0,0,0,0,-1,0,0,0,0,0
1h8s,A,228,ALA,1.8,88.6,0.0,0,0,E,0.07547169811320754,-151.2,143.5,18.0,17.0,0.5142857142857142,1.8870572360495554,34,12,0,12,0.043829779249916496,0,0,1,0,0,0,0,0,0,-1,0,0,0,0,0
1h8s,A,229,ARG,-4.5,173.4,1.0,5,0,E,0.14112903225806453,-106.4,152.2,16.0,16.0,0.5,2.024927319949977,25,1,0,1,0.043363505002576956,0,0,1,0,0,0,0,0,0,42,0,7,0,0,1
1h8s,A,230,TRP,-0.9,227.8,0.0,1,0,T,0.44493392070484583,-56.2,111.7,8.0,17.0,0.32,1.8283569242111046,21,18,0,18,0.03403802005578621,0,0,0,0,0,1,0,0,0,42,0,7,0,0,1
1h8s,A,231,GLY,-0.4,60.1,0.0,0,0,T,0.2261904761904762,92.7,2.7,7.0,18.0,0.28,1.7096687736944864,24,26,0,26,0.0363693912924839,0,0,0,0,0,1,0,0,0,42,0,7,0,0,1
1h8s,A,232,TYR,-1.3,193.6,0.0,1,1,E,0.7162162162162162,-149.1,107.6,8.0,17.0,0.32,1.8123875293915794,20,21,0,21,0.03170664881908853,0,0,1,0,0,0,0,0,0,42,0,7,0,0,1
1h8s,A,233,TRP,-0.9,227.8,0.0,1,0,E,0.1277533039647577,-97.0,144.4,15.0,13.0,0.5357142857142857,2.1844328309726238,33,14,0,14,0.040565859518539735,0,0,1,0,0,0,0,0,0,-1,0,0,0,0,0
1h8s,A,234,GLY,-0.4,60.1,0.0,0,0,-,0.2857142857142857,-72.4,179.4,19.0,11.0,0.6333333333333333,1.8552339209553428,27,11,0,11,0.03357174580844668,0,0,0,0,0,0,0,0,0,-1,0,0,0,0,0
1h8s,A,235,GLN,-3.5,143.8,0.0,2,2,-,0.8434343434343434,-78.2,-20.4,11.0,20.0,0.3548387096774194,1.8054333856536458,23,1,8,-7,0.032172923066428064,0,0,0,0,0,0,0,0,0,-1,0,0,0,0,0
1h8s,A,236,GLY,-0.4,60.1,0.0,0,0,-,0.20238095238095238,90.0,169.3,18.0,15.0,0.5454545454545454,1.7097329316915242,32,2,10,-8,0.04103213376587927,0,0,0,0,0,0,0,0,0,-1,0,0,0,0,0
1h8s,A,237,THR,-0.7,116.1,0.0,1,1,E,0.19718309859154928,-143.2,128.9,14.0,21.0,0.4,2.5270143410393535,31,3,14,-11,0.04243095650789788,0,0,1,0,0,0,0,0,0,-1,0,0,0,0,0
1h8s,A,238,LEU,3.8,166.7,0.0,0,0,E,0.42073170731707316,-82.1,115.1,10.0,19.0,0.3448275862068966,2.230170616266859,26,2,16,-14,0.04103213376587927,0,0,1,0,0,0,0,0,0,23,21,6,0,1,1
1h8s,A,239,VAL,4.2,140.0,0.0,0,0,E,0.0,-105.5,117.5,24.0,11.0,0.6857142857142857,3.467288682192957,32,13,21,-8,0.04755997322863279,0,0,1,0,0,0,0,0,0,26,8,8,0,0,1
1h8s,A,240,THR,-0.7,116.1,0.0,1,1,E,0.323943661971831,-112.0,127.7,5.0,20.0,0.2,2.494571441266383,26,6,19,-13,0.03963331102386066,0,0,1,0,0,0,0,0,0,26,8,8,0,0,1
1h8s,A,241,VAL,4.2,140.0,0.0,0,0,E,0.056338028169014086,-111.2,105.4,16.0,9.0,0.64,2.7351558160800735,26,9,20,-11,0.043363505002576956,0,0,1,0,0,0,0,0,0,38,0,4,0,0,1
1h8s,A,242,SER,-0.8,89.0,0.0,1,1,-,0.7692307692307693,-126.8,360.0,3.0,14.0,0.17647058823529413,1.881729507029679,17,10,4,6,0.025645083603674543,0,0,0,0,0,0,0,0,0,38,0,4,0,0,1
1h8s,B,4,ASP,-3.5,111.1,-1.0,1,3,-,0.7607361963190185,360.0,126.3,8.0,13.0,0.38095238095238093,1.7245125737028875,16,2,0,2,0.02098234113027917,0,0,0,0,0,0,0,0,0,33,5,3,0,0,1
1h8s,B,5,ILE,4.5,166.7,0.0,0,0,-,0.04142011834319527,-87.1,119.2,20.0,4.0,0.8333333333333334,2.2503550079737047,27,3,13,-10,0.03730193978716297,0,0,0,0,0,0,0,0,0,33,5,3,0,0,1
1h8s,B,6,VAL,4.2,140.0,0.0,0,0,-,0.5704225352112676,-96.7,132.1,3.0,26.0,0.10344827586206896,1.9611216478051372,21,8,9,-1,0.03403802005578621,0,0,0,0,0,0,0,0,0,33,5,3,0,0,1
1h8s,B,7,LEU,3.8,166.7,0.0,0,0,E,0.06097560975609756,-109.3,124.2,23.0,13.0,0.6388888888888888,2.72441889963029,34,8,6,2,0.043829779249916496,0,0,1,0,0,0,0,0,0,33,5,3,0,0,1
1h8s,B,8,THR,-0.7,116.1,0.0,1,1,E,0.5633802816901409,-113.7,116.9,7.0,22.0,0.2413793103448276,1.9172303681341951,24,20,5,15,0.034970568550465285,0,0,1,0,0,0,0,0,0,-1,0,0,0,0,0
1h8s,B,9,GLN,-3.5,143.8,0.0,2,2,-,0.015151515151515152,-102.2,111.0,21.0,12.0,0.6363636363636364,2.411257770576166,31,28,3,25,0.04243095650789788,0,0,0,0,0,0,0,0,0,-1,0,0,0,0,0
1h8s,B,10,SER,-0.8,89.0,0.0,1,1,S,0.49230769230769234,-54.8,-52.4,10.0,18.0,0.35714285714285715,1.7822218981420364,24,29,6,23,0.027510180593032695,0,0,0,0,0,0,1,0,0,-1,0,0,0,0,0
1h8s,B,11,HIS,-3.2,153.2,0.1,2,1,-,0.3641304347826087,-99.4,115.0,12.0,19.0,0.3870967741935484,1.879973899055413,20,20,8,12,0.034970568550465285,0,0,0,0,0,0,0,0,0,-1,0,0,0,0,0
1h8s,B,12,LYS,-3.9,168.6,1.0,2,0,S,0.6292682926829268,-64.6,-19.4,14.0,21.0,0.4,1.9332581224735454,31,21,12,9,0.035436842797804825,0,0,0,0,0,0,1,0,0,-1,0,0,0,0,0
1h8s,B,13,PHE,2.8,189.9,0.0,0,0,E,0.10152284263959391,-152.1,148.4,16.0,20.0,0.4444444444444444,2.1297193755100037,26,40,18,22,0.03870076252918159,0,0,1,0,0,0,0,0,0,15,24,12,0,3,1
1h8s,B,14,MET,1.9,162.9,0.0,0,0,E,0.25,-138.5,133.3,17.0,15.0,0.53125,2.2886029525919307,30,33,15,18,0.04149840801321881,0,0,1,0,0,0,0,0,0,15,24,12,0,3,1
1h8s,B,15,SER,-0.8,89.0,0.0,1,1,E,0.5538461538461539,-96.0,148.1,9.0,20.0,0.3103448275862069,1.8392645555065406,27,39,12,27,0.03683566553982344,0,0,1,0,0,0,0,0,0,15,24,12,0,3,1
1h8s,B,16,THR,-0.7,116.1,0.0,1,1,E,0.09154929577464789,-158.8,-172.9,21.0,6.0,0.7777777777777778,2.2389757012519955,27,20,21,-1,0.03916703677652112,0,0,1,0,0,0,0,0,0,15,24,12,0,3,1
1h8s,B,17,SER,-0.8,89.0,0.0,1,1,-,0.17692307692307693,-141.4,139.7,3.0,18.0,0.14285714285714285,2.0715374180643766,21,16,13,3,0.03170664881908853,0,0,0,0,0,0,0,0,0,7,94,7,0,9,1
1h8s,B,18,VAL,4.2,140.0,0.0,0,0,T,0.5422535211267606,-46.8,126.6,3.0,17.0,0.15,1.9281788442254602,21,12,21,-9,0.032172923066428064,0,0,0,0,0,1,0,0,0,7,94,7,0,9,1
1h8s,B,19,GLY,-0.4,60.1,0.0,0,0,T,0.4166666666666667,103.0,-29.4,1.0,15.0,0.0625,1.8570952425458946,16,13,11,2,0.026577632098353617,0,0,0,0,0,1,0,0,0,7,94,7,0,9,1
1h8s,B,20,ASP,-3.5,111.1,-1.0,1,3,-,0.5153374233128835,-76.5,167.5,8.0,11.0,0.42105263157894735,1.8493391284938165,19,16,2,14,0.030307826077069916,0,0,0,0,0,0,0,0,0,7,94,7,0,9,1
1h8s,B,21,ARG,-4.5,173.4,1.0,5,0,-,0.6532258064516129,-106.4,136.4,3.0,19.0,0.13636363636363635,1.8880144285832907,17,4,8,-4,0.03170664881908853,0,0,0,0,0,0,0,0,0,-1,0,0,0,0,0
1h8s,B,22,VAL,4.2,140.0,0.0,0,0,E,0.056338028169014086,-128.7,156.9,20.0,12.0,0.625,2.2196138329767865,29,15,15,0,0.03730193978716297,0,0,1,0,0,0,0,0,0,15,24,12,0,3,1
1h8s,B,23,SER,-0.8,89.0,0.0,1,1,E,0.34615384615384615,-133.3,117.8,4.0,26.0,0.13333333333333333,1.8851566123224444,26,16,2,14,0.03403802005578621,0,0,1,0,0,0,0,0,0,-1,0,0,0,0,0
1h8s,B,24,ILE,4.5,166.7,0.0,0,0,E,0.011834319526627219,-108.6,121.3,28.0,12.0,0.7,2.8012824387627773,35,20,3,17,0.04429605349725603,0,0,1,0,0,0,0,0,0,0,1578,10,0,163,1
1h8s,B,25,THR,-0.7,116.1,0.0,1,1,E,0.44366197183098594,-100.1,156.8,6.0,30.0,0.16666666666666666,1.872975543630098,28,19,8,11,0.040565859518539735,0,0,1,0,0,0,0,0,0,0,1578,10,0,163,1
1h8s,B,26,CYS,2.5,108.5,0.0,1,0,E,0.014814814814814815,-144.8,120.9,29.0,12.0,0.7073170731707317,2.613830834554616,39,11,8,3,0.050823892960009553,0,0,1,0,0,0,0,0,0,0,1578,10,0,163,1
1h8s,B,27,LYS,-3.9,168.6,1.0,2,0,E,0.5073170731707317,-115.2,130.1,5.0,30.0,0.14285714285714285,1.9434660210315553,23,0,11,-11,0.040565859518539735,0,0,1,0,0,0,0,0,0,33,5,3,0,0,1
1h8s,B,28,ALA,1.8,88.6,0.0,0,0,E,0.009433962264150943,-94.7,150.5,24.0,11.0,0.6857142857142857,2.439396029137382,28,9,18,-9,0.04709369898129325,0,0,1,0,0,0,0,0,0,33,5,3,0,0,1
1h8s,B,29,SER,-0.8,89.0,0.0,1,1,S,0.5461538461538461,-79.3,-13.5,7.0,13.0,0.35,1.7396688045063249,17,9,15,-6,0.032172923066428064,0,0,0,0,0,0,1,0,0,33,5,3,0,0,1
1h8s,B,30,GLN,-3.5,143.8,0.0,2,2,S,0.4494949494949495,-138.7,162.1,8.0,12.0,0.4,2.0631582099192447,18,5,15,-10,0.028909003335051305,0,0,0,0,0,0,1,0,0,33,5,3,0,0,1
1h8s,B,31,ASP,-3.5,111.1,-1.0,1,3,-,0.6993865030674846,-70.1,125.1,2.0,21.0,0.08695652173913043,1.7671134010640532,20,2,4,-2,0.029375277582390842,0,0,0,0,0,0,0,0,0,24,24,5,0,1,1
1h8s,B,32,VAL,4.2,140.0,0.0,0,0,-,0.02112676056338028,-118.7,13.1,27.0,4.0,0.8709677419354839,2.4463818632734564,28,3,12,-9,0.04196468226055834,0,0,0,0,0,0,0,0,0,24,24,5,0,1,1
1h8s,B,33,GLY,-0.4,60.1,0.0,0,0,T,0.32142857142857145,64.3,-122.0,7.0,18.0,0.28,2.066841600154304,25,0,12,-12,0.02984155182973038,0,0,0,0,0,1,0,0,0,-1,0,0,0,0,0
1h8s,B,34,THR,-0.7,116.1,0.0,1,1,T,0.4154929577464789,-123.1,12.4,9.0,21.0,0.3,2.253787255940452,25,0,9,-9,0.03870076252918159,0,0,0,0,0,1,0,0,0,-1,0,0,0,0,0
1h8s,B,35,ALA,1.8,88.6,0.0,0,0,-,0.05660377358490566,-80.8,83.6,10.0,22.0,0.3125,2.7913849284712002,31,0,7,-7,0.04243095650789788,0,0,0,0,0,0,0,0,0,-1,0,0,0,0,0
1h8s,B,36,VAL,4.2,140.0,0.0,0,0,E,0.0,-145.7,140.1,26.0,18.0,0.5909090909090909,5.818844904683287,42,2,5,-3,0.056419183928083996,0,0,1,0,0,0,0,0,0,-1,0,0,0,0,0
1h8s,B,37,ALA,1.8,88.6,0.0,0,0,E,0.0,-127.7,150.6,17.0,26.0,0.3953488372093023,5.86681678283253,38,4,0,4,0.05595290968074446,0,0,1,0,0,0,0,0,0,-1,0,0,0,0,0
1h8s,B,38,TRP,-0.9,227.8,0.0,1,0,E,0.004405286343612335,-119.2,134.2,25.0,23.0,0.5208333333333334,6.475557997918288,45,3,3,0,0.053155264196707235,0,0,1,0,0,0,0,0,0,0,1578,10,0,163,1
1h8s,B,39,TYR,-1.3,193.6,0.0,1,1,E,0.013513513513513514,-122.3,158.1,18.0,24.0,0.42857142857142855,4.115208872791901,35,14,4,10,0.05408781269138631,0,0,1,0,0,0,0,0,0,32,1,10,0,0,1
1h8s,B,40,GLN,-3.5,143.8,0.0,2,2,E,0.12626262626262627,-124.0,138.5,15.0,19.0,0.4411764705882353,2.204301952500056,29,19,21,-2,0.048958795970651406,0,0,1,0,0,0,0,0,0,-1,0,0,0,0,0
1h8s,B,41,GLN,-3.5,143.8,0.0,2,2,E,0.08585858585858586,-139.9,129.5,18.0,10.0,0.6428571428571429,1.879338645265448,28,23,9,14,0.050823892960009553,0,0,1,0,0,0,0,0,0,-1,0,0,0,0,0
1h8s,B,42,LYS,-3.9,168.6,1.0,2,0,-,0.2780487804878049,-110.5,144.0,7.0,18.0,0.28,1.9721356231504699,22,9,21,-12,0.032639197313767604,0,0,0,0,0,0,0,0,0,-1,0,0,0,0,0
1h8s,B,43,PRO,-1.6,112.7,0.0,0,0,T,0.7132352941176471,-46.9,117.4,8.0,14.0,0.36363636363636365,1.8863461094340168,17,14,16,-2,0.024246260861655933,0,0,0,0,0,1,0,0,0,-1,0,0,0,0,0
1h8s,B,44,GLY,-0.4,60.1,0.0,0,0,T,0.35714285714285715,87.0,-19.6,7.0,16.0,0.30434782608695654,1.7096136448338501,22,7,9,-2,0.028909003335051305,0,0,0,0,0,1,0,0,0,-1,0,0,0,0,0
1h8s,B,45,GLN,-3.5,143.8,0.0,2,2,S,0.5151515151515151,-90.3,172.6,8.0,15.0,0.34782608695652173,1.8186988005334277,20,16,12,4,0.034970568550465285,0,0,0,0,0,0,1,0,0,-1,0,0,0,0,0
1h8s,B,46,SER,-0.8,89.0,0.0,1,1,P,0.2076923076923077,-99.0,156.8,16.0,15.0,0.5161290322580645,1.9137410607448648,27,17,5,12,0.04289723075523742,0,0,0,0,0,0,0,0,0,-1,0,0,0,0,0
1h8s,B,47,PRO,-1.6,112.7,0.0,0,0,P,0.007352941176470588,-61.6,149.4,24.0,12.0,0.6666666666666666,3.392996249254968,30,17,7,10,0.04616115048661418,0,0,0,0,0,0,0,0,0,-1,0,0,0,0,0
1h8s,B,48,LYS,-3.9,168.6,1.0,2,0,E,0.5804878048780487,-126.6,127.1,13.0,19.0,0.40625,2.2825707968881783,27,18,1,17,0.04243095650789788,0,0,1,0,0,0,0,0,0,-1,0,0,0,0,0
1h8s,B,49,LEU,3.8,166.7,0.0,0,0,E,0.04878048780487805,-65.1,130.0,17.0,16.0,0.5151515151515151,2.3927147753881117,29,28,0,28,0.048026247475972325,0,0,1,0,0,0,0,0,0,32,1,10,0,0,1
1h8s,B,50,LEU,3.8,166.7,0.0,0,0,E,0.042682926829268296,-110.6,-48.1,24.0,14.0,0.631578947368421,3.414379773198948,37,34,6,28,0.05408781269138631,0,0,1,0,0,0,0,0,0,-1,0,0,0,0,0
1h8s,B,51,ILE,4.5,166.7,0.0,0,0,E,0.0,-141.1,144.9,27.0,14.0,0.6585365853658537,5.173533037003562,35,25,0,25,0.05781800667010261,0,0,1,0,0,0,0,0,0,-1,0,0,0,0,0
1h8s,B,52,TYR,-1.3,193.6,0.0,1,1,E,0.31981981981981983,-134.6,161.6,8.0,26.0,0.23529411764705882,2.5870759903002267,22,18,0,18,0.0526889899493677,0,0,1,0,0,0,0,0,0,-1,0,0,0,0,0
1h8s,B,53,TRP,-0.9,227.8,0.0,1,0,T,0.5594713656387665,55.7,28.9,3.0,25.0,0.10714285714285714,1.9860429692558685,22,1,0,1,0.040099585271200194,0,0,0,0,0,1,0,0,0,-1,0,0,0,0,0
1h8s,B,54,ALA,1.8,88.6,0.0,0,0,T,0.009433962264150943,71.4,-38.9,18.0,19.0,0.4864864864864865,2.907887265030196,33,6,2,4,0.0526889899493677,0,0,0,0,0,1,0,0,0,-1,0,0,0,0,0
1h8s,B,55,SER,-0.8,89.0,0.0,1,1,T,0.5692307692307692,-124.7,-14.4,5.0,20.0,0.2,1.9541094471119722,25,13,0,13,0.034970568550465285,0,0,0,0,0,1,0,0,0,-1,0,0,0,0,0
1h8s,B,56,THR,-0.7,116.1,0.0,1,1,E,0.3873239436619718,-76.2,117.7,9.0,14.0,0.391304347826087,2.271664403679346,21,20,0,20,0.032639197313767604,0,0,1,0,0,0,0,0,0,-1,0,0,0,0,0
1h8s,B,57,ARG,-4.5,173.4,1.0,5,0,E,0.3467741935483871,-78.4,139.1,10.0,17.0,0.37037037037037035,1.9074893682398986,20,15,8,7,0.04289723075523742,0,0,1,0,0,0,0,0,0,17,53,5,0,3,1
1h8s,B,58,HIS,-3.2,153.2,0.1,2,1,-,0.31521739130434784,-79.1,177.1,14.0,12.0,0.5384615384615384,2.0590280425516783,20,19,0,19,0.03776821403450251,0,0,0,0,0,0,0,0,0,17,53,5,0,3,1
1h8s,B,59,THR,-0.7,116.1,0.0,1,1,T,0.823943661971831,-69.9,124.0,2.0,13.0,0.13333333333333333,1.832818669841601,12,22,0,22,0.021914889624958248,0,0,0,0,0,1,0,0,0,17,53,5,0,3,1
1h8s,B,60,GLY,-0.4,60.1,0.0,0,0,T,0.9404761904761905,86.4,2.6,3.0,10.0,0.23076923076923078,1.7095980811718494,12,30,4,26,0.019117244140921023,0,0,0,0,0,1,0,0,0,17,53,5,0,3,1
1h8s,B,61,VAL,4.2,140.0,0.0,0,0,-,0.14788732394366197,-89.3,127.7,19.0,2.0,0.9047619047619048,1.97429557792835,19,40,9,31,0.03310547156110714,0,0,0,0,0,0,0,0,0,17,53,5,0,3,1
1h8s,B,62,PRO,-1.6,112.7,0.0,0,0,-,0.38235294117647056,-60.4,151.1,8.0,11.0,0.42105263157894735,2.146905398357762,21,28,20,8,0.027510180593032695,0,0,0,0,0,0,0,0,0,17,53,5,0,3,1
1h8s,B,63,ASP,-3.5,111.1,-1.0,1,3,T,0.754601226993865,-69.9,13.7,0.0,19.0,0.0,1.7524299941336632,15,22,1,21,0.025645083603674543,0,0,0,0,0,1,0,0,0,-1,0,0,0,0,0
1h8s,B,64,ARG,-4.5,173.4,1.0,5,0,T,0.1693548387096774,-73.0,-44.4,15.0,10.0,0.6,1.9894264372758832,27,10,27,-17,0.03823448828184205,0,0,0,0,0,1,0,0,0,-1,0,0,0,0,0
1h8s,B,65,PHE,2.8,189.9,0.0,0,0,E,0.02030456852791878,-77.3,130.7,20.0,15.0,0.5714285714285714,3.212429302434731,32,28,19,9,0.048492521723311866,0,0,1,0,0,0,0,0,0,-1,0,0,0,0,0
1h8s,B,66,THR,-0.7,116.1,0.0,1,1,E,0.47183098591549294,-142.6,121.9,10.0,22.0,0.3125,2.1370508494384906,26,24,8,16,0.04149840801321881,0,0,1,0,0,0,0,0,0,-1,0,0,0,0,0
1h8s,B,67,GLY,-0.4,60.1,0.0,0,0,E,0.03571428571428571,-97.2,142.0,23.0,16.0,0.5897435897435898,2.359743162865348,30,15,4,11,0.04755997322863279,0,0,1,0,0,0,0,0,0,-1,0,0,0,0,0
1h8s,B,68,SER,-0.8,89.0,0.0,1,1,E,0.4076923076923077,-139.8,160.9,8.0,24.0,0.25,2.0284891099102382,28,1,6,-5,0.032639197313767604,0,0,1,0,0,0,0,0,0,0,1578,10,0,163,1
1h8s,B,69,GLY,-0.4,60.1,0.0,0,0,E,0.42857142857142855,109.8,169.4,19.0,9.0,0.6785714285714286,1.70969377351846,25,0,9,-9,0.03310547156110714,0,0,1,0,0,0,0,0,0,0,1578,10,0,163,1
1h8s,B,70,SER,-0.8,89.0,0.0,1,1,-,0.6,-175.9,140.4,4.0,21.0,0.16,1.8237592524963115,20,0,16,-16,0.034970568550465285,0,0,0,0,0,0,0,0,0,24,24,5,0,1,1
1h8s,B,71,GLY,-0.4,60.1,0.0,0,0,S,0.13095238095238096,110.9,-87.7,3.0,20.0,0.13043478260869565,2.1205278039815783,23,9,16,-7,0.032172923066428064,0,0,0,0,0,0,1,0,0,24,24,5,0,1,1
1h8s,B,72,THR,-0.7,116.1,0.0,1,1,S,0.2887323943661972,-137.3,-34.8,8.0,21.0,0.27586206896551724,2.29337502746415,24,9,16,-7,0.03963331102386066,0,0,0,0,0,0,1,0,0,24,24,5,0,1,1
1h8s,B,73,ASP,-3.5,111.1,-1.0,1,3,E,0.5950920245398773,-93.9,110.8,0.0,29.0,0.0,1.7014260207036949,22,9,6,3,0.03403802005578621,0,0,1,0,0,0,0,0,0,24,24,5,0,1,1
1h8s,B,74,PHE,2.8,189.9,0.0,0,0,E,0.005076142131979695,-118.5,140.2,29.0,11.0,0.725,3.4099025173268327,36,9,13,-4,0.04662742473395372,0,0,1,0,0,0,0,0,0,24,24,5,0,1,1
1h8s,B,75,THR,-0.7,116.1,0.0,1,1,E,0.23943661971830985,-126.4,143.0,7.0,29.0,0.19444444444444445,2.4670744872550654,26,6,8,-2,0.04196468226055834,0,0,1,0,0,0,0,0,0,0,1578,10,0,163,1
1h8s,B,76,LEU,3.8,166.7,0.0,0,0,E,0.0,-116.3,119.7,23.0,17.0,0.575,4.993340346098313,34,10,2,8,0.04616115048661418,0,0,1,0,0,0,0,0,0,0,1578,10,0,163,1
1h8s,B,77,THR,-0.7,116.1,0.0,1,1,E,0.11971830985915492,-110.2,145.4,11.0,19.0,0.36666666666666664,2.3361105051340987,30,19,6,13,0.04476232774459557,0,0,1,0,0,0,0,0,0,-1,0,0,0,0,0
1h8s,B,78,ILE,4.5,166.7,0.0,0,0,E,0.0,-133.5,114.7,21.0,14.0,0.6,4.2724070184119105,33,22,19,3,0.04942507021799094,0,0,1,0,0,0,0,0,0,-1,0,0,0,0,0
1h8s,B,79,SER,-0.8,89.0,0.0,1,1,S,0.3923076923076923,-95.0,150.9,6.0,16.0,0.2727272727272727,2.2005761209243606,22,23,19,4,0.04103213376587927,0,0,0,0,0,0,1,0,0,-1,0,0,0,0,0
1h8s,B,80,ASN,-3.5,114.1,0.0,2,2,S,0.5668789808917197,41.0,57.8,3.0,19.0,0.13636363636363635,1.9035657636845311,19,19,21,-2,0.03403802005578621,0,0,0,0,0,0,1,0,0,-1,0,0,0,0,0
1h8s,B,81,VAL,4.2,140.0,0.0,0,0,-,0.0,-46.1,145.8,17.0,9.0,0.6538461538461539,4.52624336529575,26,18,29,-11,0.04989134446533048,0,0,0,0,0,0,0,0,0,7,94,7,0,9,1
1h8s,B,82,GLN,-3.5,143.8,0.0,2,2,-,0.29797979797979796,-127.2,169.5,4.0,18.0,0.18181818181818182,2.262204343713088,22,12,22,-10,0.03683566553982344,0,0,0,0,0,0,0,0,0,7,94,7,0,9,1
1h8s,B,83,SER,-0.8,89.0,0.0,1,1,G,0.6384615384615384,-59.7,-35.9,0.0,16.0,0.0,1.8127341693220809,19,9,21,-12,0.02611135785101408,0,0,0,1,0,0,0,0,0,7,94,7,0,9,1
1h8s,B,84,GLU,-3.5,138.4,-1.0,1,3,G,0.4896907216494845,-73.4,-5.3,2.0,17.0,0.10526315789473684,1.7236982426190033,18,12,8,4,0.026577632098353617,0,0,0,1,0,0,0,0,0,-1,0,0,0,0,0
1h8s,B,85,ASP,-3.5,111.1,-1.0,1,3,G,0.018404907975460124,-88.4,-12.1,19.0,13.0,0.59375,2.7659399410862986,32,17,18,-1,0.04196468226055834,0,0,0,1,0,0,0,0,0,-1,0,0,0,0,0
1h8s,B,86,LEU,3.8,166.7,0.0,0,0,-,0.29878048780487804,-72.1,107.9,10.0,17.0,0.37037037037037035,2.1559848374386177,29,21,33,-12,0.04103213376587927,0,0,0,0,0,0,0,0,0,7,94,7,0,9,1
1h8s,B,87,ALA,1.8,88.6,0.0,0,0,S,0.04716981132075472,-170.0,-174.0,18.0,14.0,0.5625,2.327338510822146,31,20,31,-11,0.043829779249916496,0,0,0,0,0,0,1,0,0,-1,0,0,0,0,0
1h8s,B,88,ASP,-3.5,111.1,-1.0,1,3,E,0.2822085889570552,-87.8,135.8,14.0,21.0,0.4,2.34159079739905,36,24,7,17,0.045694876239274644,0,0,1,0,0,0,0,0,0,-1,0,0,0,0,0
1h8s,B,89,TYR,-1.3,193.6,0.0,1,1,E,0.0,-130.2,123.4,25.0,21.0,0.5434782608695652,4.788562098030974,39,21,20,1,0.05175644145468863,0,0,1,0,0,0,0,0,0,-1,0,0,0,0,0
1h8s,B,90,PHE,2.8,189.9,0.0,0,0,E,0.02030456852791878,-138.9,149.4,18.0,26.0,0.4090909090909091,3.0815763195307273,39,8,9,-1,0.0526889899493677,0,0,1,0,0,0,0,0,0,-1,0,0,0,0,0
1h8s,B,91,CYS,2.5,108.5,0.0,1,0,E,0.0,-97.2,173.2,24.0,24.0,0.5,5.617482064895282,39,4,2,2,0.05222271570202816,0,0,1,0,0,0,0,0,0,-1,0,0,0,0,0
1h8s,B,92,GLN,-3.5,143.8,0.0,2,2,E,0.04040404040404041,-146.3,152.9,19.0,30.0,0.3877551020408163,3.901371986674715,38,0,0,0,0.053621538444046775,0,0,1,0,0,0,0,0,0,-1,0,0,0,0,0
1h8s,B,93,GLN,-3.5,143.8,0.0,2,2,E,0.0,-125.0,124.2,27.0,16.0,0.627906976744186,4.0249299941924725,34,2,7,-5,0.05408781269138631,0,0,1,0,0,0,0,0,0,-1,0,0,0,0,0
1h8s,B,94,TYR,-1.3,193.6,0.0,1,1,-,0.24324324324324326,-124.0,34.0,11.0,19.0,0.36666666666666664,2.069095308533391,28,0,0,0,0.04149840801321881,0,0,0,0,0,0,0,0,0,-1,0,0,0,0,0
1h8s,B,95,SER,-0.8,89.0,0.0,1,1,S,0.46923076923076923,-76.7,-35.8,20.0,8.0,0.7142857142857143,1.9479130469774872,22,0,8,-8,0.034970568550465285,0,0,0,0,0,0,1,0,0,-1,0,0,0,0,0
1h8s,B,96,SER,-0.8,89.0,0.0,1,1,S,0.4153846153846154,-160.6,156.7,7.0,14.0,0.3333333333333333,1.9192202568841819,18,0,10,-10,0.029375277582390842,0,0,0,0,0,0,1,0,0,-1,0,0,0,0,0
1h8s,B,97,TYR,-1.3,193.6,0.0,1,1,S,0.536036036036036,-74.7,146.8,10.0,15.0,0.4,1.8065284641133672,21,0,2,-2,0.035436842797804825,0,0,0,0,0,0,1,0,0,-1,0,0,0,0,0
1h8s,B,98,PRO,-1.6,112.7,0.0,0,0,S,0.11764705882352941,-81.2,156.3,16.0,12.0,0.5714285714285714,1.988116660096629,26,3,12,-9,0.04243095650789788,0,0,0,0,0,0,1,0,0,22,24,7,0,1,1
1h8s,B,99,LEU,3.8,166.7,0.0,0,0,P,0.09146341463414634,-72.1,148.5,19.0,15.0,0.5588235294117647,2.617646787248675,32,0,11,-11,0.04755997322863279,0,0,0,0,0,0,0,0,0,-1,0,0,0,0,0
1h8s,B,100,THR,-0.7,116.1,0.0,1,1,E,0.1619718309859155,-137.1,152.0,17.0,23.0,0.425,2.5331854434999075,35,1,16,-15,0.05035761871267001,0,0,1,0,0,0,0,0,0,22,24,7,0,1,1
1h8s,B,101,PHE,2.8,189.9,0.0,0,0,E,0.08629441624365482,-121.4,154.9,18.0,20.0,0.47368421052631576,2.488868882922675,37,5,9,-4,0.04755997322863279,0,0,1,0,0,0,0,0,0,-1,0,0,0,0,0
1h8s,B,102,GLY,-0.4,60.1,0.0,0,0,-,0.011904761904761904,-69.8,165.1,24.0,15.0,0.6153846153846154,2.112193723346701,37,10,8,2,0.04755997322863279,0,0,0,0,0,0,0,0,0,-1,0,0,0,0,0
1h8s,B,103,ALA,1.8,88.6,0.0,0,0,-,0.46226415094339623,-73.8,-14.3,10.0,24.0,0.29411764705882354,1.767802294637287,32,17,9,8,0.03776821403450251,0,0,0,0,0,0,0,0,0,-1,0,0,0,0,0
1h8s,B,104,GLY,-0.4,60.1,0.0,0,0,-,0.047619047619047616,98.4,152.2,18.0,21.0,0.46153846153846156,1.8302475255938335,31,24,8,16,0.045228601991935104,0,0,0,0,0,0,0,0,0,-1,0,0,0,0,0
1h8s,B,105,THR,-0.7,116.1,0.0,1,1,E,0.014084507042253521,-134.3,118.4,19.0,16.0,0.5428571428571428,2.144930854619847,33,28,17,11,0.048026247475972325,0,0,1,0,0,0,0,0,0,-1,0,0,0,0,0
1h8s,B,106,LYS,-3.9,168.6,1.0,2,0,E,0.43902439024390244,-87.4,121.3,11.0,23.0,0.3235294117647059,2.3686313620866026,26,18,19,-1,0.04429605349725603,0,0,1,0,0,0,0,0,0,-1,0,0,0,0,0
1h8s,B,107,LEU,3.8,166.7,0.0,0,0,E,0.012195121951219513,-95.3,121.6,23.0,12.0,0.6571428571428571,3.669202742438708,35,23,30,-7,0.04989134446533048,0,0,1,0,0,0,0,0,0,15,24,12,0,3,1
1h8s,B,108,GLU,-3.5,138.4,-1.0,1,3,E,0.14948453608247422,-138.6,169.0,10.0,17.0,0.37037037037037035,2.206842909372918,27,32,6,26,0.03870076252918159,0,0,1,0,0,0,0,0,0,15,24,12,0,3,1
1h8s,B,109,LEU,3.8,166.7,0.0,0,0,E,0.38414634146341464,-75.2,150.7,8.0,17.0,0.32,2.004098359524487,22,27,14,13,0.03403802005578621,0,0,1,0,0,0,0,0,0,10,34,17,0,6,1
1h8s,B,110,LYS,-3.9,168.6,1.0,2,0,-,0.6292682926829268,-69.2,168.7,5.0,17.0,0.22727272727272727,2.022648592645725,16,19,13,6,0.03310547156110714,0,0,0,0,0,0,0,0,0,10,34,17,0,6,1
1h8s,B,111,ARG,-4.5,173.4,1.0,5,0,-,0.4032258064516129,-53.6,360.0,14.0,9.0,0.6086956521739131,1.9833258131621418,23,29,3,26,0.028909003335051305,0,0,0,0,0,0,0,0,0,10,34,17,0,6,1
1h8s,B,133,VAL,4.2,140.0,0.0,0,0,-,1.0,360.0,98.4,0.0,10.0,0.0,1.8338835531393534,7,0,8,-8,0.011190581936148893,0,0,0,0,0,0,0,0,0,-1,0,0,0,0,0
1h8s,B,134,GLN,-3.5,143.8,0.0,2,2,-,0.5202020202020202,-139.6,154.6,9.0,3.0,0.75,1.752911827230051,11,2,13,-11,0.018650969893581486,0,0,0,0,0,0,0,0,0,1,1396,7,0,109,1
1h8s,B,135,LEU,3.8,166.7,0.0,0,0,S,0.9207317073170732,-140.1,132.4,0.0,11.0,0.0,1.8606133883141354,6,0,9,-9,0.020516066882939634,0,0,0,0,0,0,1,0,0,1,1396,7,0,109,1
1h8s,B,136,GLN,-3.5,143.8,0.0,2,2,S,0.8484848484848485,45.3,57.4,3.0,12.0,0.2,1.8145821530137916,12,0,10,-10,0.022381163872297785,0,0,0,0,0,0,1,0,0,1,1396,7,0,109,1
1h8s,B,137,GLU,-3.5,138.4,-1.0,1,3,S,0.4587628865979381,-131.0,87.1,8.0,10.0,0.4444444444444444,1.7084663959148747,18,2,0,2,0.030774100324409453,0,0,0,0,0,0,1,0,0,1,1396,7,0,109,1
1h8s,B,138,PRO,-1.6,112.7,0.0,0,0,S,0.19852941176470587,-89.0,173.1,15.0,7.0,0.6818181818181818,2.049253254288731,23,0,11,-11,0.03403802005578621,0,0,0,0,0,0,1,0,0,13,24,13,0,3,1
1h8s,B,139,GLY,-0.4,60.1,0.0,0,0,-,0.2976190476190476,-84.2,-168.7,2.0,19.0,0.09523809523809523,1.7096613502745788,19,0,16,-16,0.02471253510899547,0,0,0,0,0,0,0,0,0,13,24,13,0,3,1
1h8s,B,140,GLY,-0.4,60.1,0.0,0,0,E,0.6190476190476191,166.5,-158.2,18.0,6.0,0.75,1.709525073853918,18,0,13,-13,0.02844272908771177,0,0,1,0,0,0,0,0,0,13,24,13,0,3,1
1h8s,B,141,GLU,-3.5,138.4,-1.0,1,3,E,0.5,-138.6,162.9,7.0,16.0,0.30434782608695654,1.7084373016540673,21,7,0,7,0.027510180593032695,0,0,1,0,0,0,0,0,0,-1,0,0,0,0,0
1h8s,B,142,LEU,3.8,166.7,0.0,0,0,E,0.6402439024390244,-111.2,126.5,1.0,21.0,0.045454545454545456,1.9264573236408977,15,11,9,2,0.028909003335051305,0,0,1,0,0,0,0,0,0,28,5,10,0,0,1
1h8s,B,143,VAL,4.2,140.0,0.0,0,0,E,0.14788732394366197,-129.4,169.8,19.0,5.0,0.7916666666666666,2.4730020082466497,25,12,15,-3,0.03823448828184205,0,0,1,0,0,0,0,0,0,28,5,10,0,0,1
1h8s,B,144,ARG,-4.5,173.4,1.0,5,0,-,0.7903225806451613,-99.4,144.7,1.0,18.0,0.05263157894736842,1.9846993165504643,12,0,1,-1,0.030307826077069916,0,0,0,0,0,0,0,0,0,41,0,1,0,0,1
1h8s,B,145,PRO,-1.6,112.7,0.0,0,0,T,0.6102941176470589,-50.8,136.3,4.0,16.0,0.2,1.9502272321892484,19,12,5,7,0.030774100324409453,0,0,0,0,0,1,0,0,0,27,26,2,0,0,1
1h8s,B,146,GLY,-0.4,60.1,0.0,0,0,T,0.5833333333333334,98.8,-43.6,1.0,16.0,0.058823529411764705,1.7097169050370353,16,10,4,6,0.02331371236697686,0,0,0,0,0,1,0,0,0,27,26,2,0,0,1
1h8s,B,147,ALA,1.8,88.6,0.0,0,0,-,0.4339622641509434,-59.5,169.5,11.0,10.0,0.5238095238095238,1.9995566752490692,21,14,4,10,0.02844272908771177,0,0,0,0,0,0,0,0,0,27,26,2,0,0,1
1h8s,B,148,SER,-0.8,89.0,0.0,1,1,-,0.4846153846153846,-119.0,155.8,8.0,16.0,0.3333333333333333,1.8436802521027031,21,21,7,14,0.032172923066428064,0,0,0,0,0,0,0,0,0,27,26,2,0,0,1
1h8s,B,149,VAL,4.2,140.0,0.0,0,0,E,0.035211267605633804,-130.3,142.8,18.0,14.0,0.5625,2.4567772324979424,29,19,16,3,0.034970568550465285,0,0,1,0,0,0,0,0,0,-1,0,0,0,0,0
1h8s,B,150,LYS,-3.9,168.6,1.0,2,0,E,0.5707317073170731,-117.2,100.6,6.0,22.0,0.21428571428571427,1.9516533218484138,20,0,4,-4,0.03450429430312575,0,0,1,0,0,0,0,0,0,-1,0,0,0,0,0
1h8s,B,151,LEU,3.8,166.7,0.0,0,0,E,0.042682926829268296,-81.6,148.8,24.0,10.0,0.7058823529411765,2.5423724579012434,34,10,8,2,0.03916703677652112,0,0,1,0,0,0,0,0,0,-1,0,0,0,0,0
1h8s,B,152,SER,-0.8,89.0,0.0,1,1,E,0.6076923076923076,-109.7,164.2,8.0,24.0,0.25,1.8053326281155957,29,16,6,10,0.03403802005578621,0,0,1,0,0,0,0,0,0,-1,0,0,0,0,0
1h8s,B,153,CYS,2.5,108.5,0.0,1,0,E,0.1037037037037037,-153.8,81.7,24.0,9.0,0.7272727272727273,2.1207655511068086,33,13,5,8,0.035436842797804825,0,0,1,0,0,0,0,0,0,-1,0,0,0,0,0
1h8s,B,154,LYS,-3.9,168.6,1.0,2,0,E,0.7268292682926829,-78.0,136.2,3.0,25.0,0.10714285714285714,1.9311849313389213,18,2,7,-5,0.03124037457174899,0,0,1,0,0,0,0,0,0,-1,0,0,0,0,0
1h8s,B,155,ALA,1.8,88.6,0.0,0,0,-,0.10377358490566038,-120.5,154.4,22.0,7.0,0.7586206896551724,1.8943515305872451,23,19,3,16,0.03450429430312575,0,0,0,0,0,0,0,0,0,36,4,1,0,0,1
1h8s,B,156,SER,-0.8,89.0,0.0,1,1,-,0.7615384615384615,-165.3,165.0,2.0,13.0,0.13333333333333333,1.7795726000976257,12,14,0,14,0.023779986614316396,0,0,0,0,0,0,0,0,0,36,4,1,0,0,1
1h8s,B,157,GLY,-0.4,60.1,0.0,0,0,S,1.0,86.8,0.8,2.0,6.0,0.25,1.7095352315701255,10,8,0,8,0.013988227420186116,0,0,0,0,0,0,1,0,0,36,4,1,0,0,1
1h8s,B,158,TYR,-1.3,193.6,0.0,1,1,S,0.3108108108108108,-157.5,174.5,8.0,4.0,0.6666666666666666,2.091227801785181,18,13,0,13,0.02471253510899547,0,0,0,0,0,0,1,0,0,36,4,1,0,0,1
1h8s,B,159,THR,-0.7,116.1,0.0,1,1,-,0.6056338028169014,-79.8,100.5,4.0,12.0,0.25,2.0931182092905685,16,7,0,7,0.02844272908771177,0,0,0,0,0,0,0,0,0,30,2,7,0,0,1
1h8s,B,160,PHE,2.8,189.9,0.0,0,0,G,0.04060913705583756,-50.4,-42.7,15.0,12.0,0.5555555555555556,2.7579419505735725,29,23,8,15,0.04289723075523742,0,0,0,1,0,0,0,0,0,29,19,1,0,0,1
1h8s,B,161,THR,-0.7,116.1,0.0,1,1,G,0.3028169014084507,-79.6,5.5,7.0,19.0,0.2692307692307692,1.8688748913140503,21,11,10,1,0.03730193978716297,0,0,0,1,0,0,0,0,0,29,19,1,0,0,1
1h8s,B,162,SER,-0.8,89.0,0.0,1,1,G,0.4230769230769231,-107.9,4.4,2.0,16.0,0.1111111111111111,1.920575775627097,14,8,2,6,0.03450429430312575,0,0,0,1,0,0,0,0,0,30,2,7,0,0,1
1h8s,B,163,TYR,-1.3,193.6,0.0,1,1,S,0.46846846846846846,-138.6,139.9,12.0,12.0,0.5,2.194622398871864,19,11,0,11,0.043363505002576956,0,0,0,0,0,0,1,0,0,30,2,7,0,0,1
1h8s,B,164,TRP,-0.9,227.8,0.0,1,0,-,0.44052863436123346,-64.6,148.7,10.0,20.0,0.3333333333333333,1.932025542387574,26,8,7,1,0.043829779249916496,0,0,0,0,0,0,0,0,0,-1,0,0,0,0,0
1h8s,B,165,ILE,4.5,166.7,0.0,0,0,E,0.01775147928994083,-123.6,118.6,24.0,18.0,0.5714285714285714,2.848315868576484,40,14,0,14,0.048958795970651406,0,0,1,0,0,0,0,0,0,-1,0,0,0,0,0
1h8s,B,166,ASN,-3.5,114.1,0.0,2,2,E,0.14012738853503184,-90.0,159.0,18.0,22.0,0.45,2.6426643856703884,33,9,2,7,0.048958795970651406,0,0,1,0,0,0,0,0,0,-1,0,0,0,0,0
1h8s,B,167,TRP,-0.9,227.8,0.0,1,0,E,0.00881057268722467,-130.9,128.3,24.0,23.0,0.5106382978723404,4.069967178999218,40,9,2,7,0.04989134446533048,0,0,1,0,0,0,0,0,0,-1,0,0,0,0,0
1h8s,B,168,VAL,4.2,140.0,0.0,0,0,E,0.014084507042253521,-129.8,135.0,20.0,19.0,0.5128205128205128,4.149893762320279,37,11,9,2,0.05455408693872585,0,0,1,0,0,0,0,0,0,-1,0,0,0,0,0
1h8s,B,169,LYS,-3.9,168.6,1.0,2,0,E,0.05365853658536585,-98.7,135.9,18.0,19.0,0.4864864864864865,4.061775378601148,33,19,22,-3,0.0526889899493677,0,0,1,0,0,0,0,0,0,-1,0,0,0,0,0
1h8s,B,170,GLN,-3.5,143.8,0.0,2,2,E,0.19696969696969696,-133.7,121.9,18.0,14.0,0.5625,2.120456389476611,35,19,11,8,0.048958795970651406,0,0,1,0,0,0,0,0,0,-1,0,0,0,0,0
1h8s,B,171,ARG,-4.5,173.4,1.0,5,0,-,0.24193548387096775,-112.0,145.2,9.0,16.0,0.36,1.982221495945453,21,15,23,-8,0.03730193978716297,0,0,0,0,0,0,0,0,0,14,24,15,0,3,1
1h8s,B,172,PRO,-1.6,112.7,0.0,0,0,S,0.6911764705882353,-50.5,-33.3,12.0,14.0,0.46153846153846156,1.8625119520851061,20,26,2,24,0.02471253510899547,0,0,0,0,0,0,1,0,0,14,24,15,0,3,1
1h8s,B,173,GLY,-0.4,60.1,0.0,0,0,S,0.5952380952380952,-81.3,-67.8,10.0,16.0,0.38461538461538464,1.7095319067295263,21,26,3,23,0.021914889624958248,0,0,0,0,0,0,1,0,0,12,20,20,0,4,1
1h8s,B,174,GLN,-3.5,143.8,0.0,2,2,S,0.5505050505050505,-71.8,-178.1,9.0,8.0,0.5294117647058824,1.768695686340667,17,28,15,13,0.023779986614316396,0,0,0,0,0,0,1,0,0,14,24,15,0,3,1
1h8s,B,175,GLY,-0.4,60.1,0.0,0,0,-,0.2619047619047619,-92.3,161.9,17.0,12.0,0.5862068965517241,1.7096850815007598,28,22,10,12,0.035436842797804825,0,0,0,0,0,0,0,0,0,-1,0,0,0,0,0
1h8s,B,176,LEU,3.8,166.7,0.0,0,0,-,0.07926829268292683,-52.4,143.7,21.0,13.0,0.6176470588235294,2.0846260695985346,34,14,11,3,0.04429605349725603,0,0,0,0,0,0,0,0,0,-1,0,0,0,0,0
1h8s,B,177,GLU,-3.5,138.4,-1.0,1,3,E,0.21649484536082475,-127.7,127.0,15.0,21.0,0.4166666666666667,2.141152070939571,27,26,2,24,0.04289723075523742,0,0,1,0,0,0,0,0,0,-1,0,0,0,0,0
1h8s,B,178,TRP,-0.9,227.8,0.0,1,0,E,0.013215859030837005,-80.6,126.5,20.0,16.0,0.5555555555555556,2.6768584064280927,34,10,12,-2,0.04989134446533048,0,0,1,0,0,0,0,0,0,-1,0,0,0,0,0
1h8s,B,179,ILE,4.5,166.7,0.0,0,0,E,0.0,-90.0,-43.8,20.0,17.0,0.5405405405405406,5.505499770998191,36,31,10,21,0.053155264196707235,0,0,1,0,0,0,0,0,0,-1,0,0,0,0,0
1h8s,B,180,GLY,-0.4,60.1,0.0,0,0,E,0.0,166.3,-172.6,21.0,19.0,0.525,4.922125002047023,37,8,4,4,0.056419183928083996,0,0,1,0,0,0,0,0,0,-1,0,0,0,0,0
1h8s,B,181,ASN,-3.5,114.1,0.0,2,2,E,0.025477707006369428,-146.3,166.0,12.0,24.0,0.3333333333333333,3.7895457471991927,29,2,0,2,0.05502036118606539,0,0,1,0,0,0,0,0,0,-1,0,0,0,0,0
1h8s,B,182,ILE,4.5,166.7,0.0,0,0,E,0.0,-145.8,153.4,19.0,15.0,0.5588235294117647,4.606285196670514,35,2,9,-7,0.05735173242276307,0,0,1,0,0,0,0,0,0,-1,0,0,0,0,0
1h8s,B,183,TYR,-1.3,193.6,0.0,1,1,E,0.2882882882882883,-112.4,104.9,6.0,24.0,0.2,2.5441530329048923,22,5,8,-3,0.05222271570202816,0,0,1,0,0,0,0,0,0,29,19,1,0,0,1
1h8s,B,184,PRO,-1.6,112.7,0.0,0,0,T,0.0,-45.8,-36.5,21.0,10.0,0.6774193548387096,4.0012464160310195,31,11,13,-2,0.0526889899493677,0,0,0,0,0,1,0,0,0,-1,0,0,0,0,0
1h8s,B,185,SER,-0.8,89.0,0.0,1,1,T,0.3923076923076923,-53.8,-51.2,5.0,17.0,0.22727272727272727,2.1909760064795964,17,9,10,-1,0.03450429430312575,0,0,0,0,0,1,0,0,0,29,19,1,0,0,1
1h8s,B,186,ASP,-3.5,111.1,-1.0,1,3,T,0.6012269938650306,-119.3,-4.1,2.0,15.0,0.11764705882352941,1.737370355755663,16,5,0,5,0.026577632098353617,0,0,0,0,0,1,0,0,0,-1,0,0,0,0,0
1h8s,B,187,SER,-0.8,89.0,0.0,1,1,T,0.4,71.8,22.9,10.0,16.0,0.38461538461538464,1.892733895077458,24,7,11,-4,0.03870076252918159,0,0,0,0,0,1,0,0,0,-1,0,0,0,0,0
1h8s,B,188,TYR,-1.3,193.6,0.0,1,1,E,0.5720720720720721,-63.6,132.6,6.0,13.0,0.3157894736842105,2.040722793046531,13,0,8,-8,0.03450429430312575,0,0,1,0,0,0,0,0,0,-1,0,0,0,0,0
1h8s,B,189,THR,-0.7,116.1,0.0,1,1,E,0.3028169014084507,-129.5,153.8,15.0,13.0,0.5357142857142857,1.9734698896220666,24,4,8,-4,0.04196468226055834,0,0,1,0,0,0,0,0,0,25,14,7,0,1,1
1h8s,B,190,ASN,-3.5,114.1,0.0,2,2,E,0.20382165605095542,-131.2,128.7,10.0,17.0,0.37037037037037035,2.114430496618932,22,5,0,5,0.04149840801321881,0,0,1,0,0,0,0,0,0,-1,0,0,0,0,0
1h8s,B,191,TYR,-1.3,193.6,0.0,1,1,E,0.22522522522522523,-114.7,151.3,11.0,17.0,0.39285714285714285,2.064683593281661,27,19,5,14,0.04662742473395372,0,0,1,0,0,0,0,0,0,25,14,7,0,1,1
1h8s,B,192,ASN,-3.5,114.1,0.0,2,2,-,0.07643312101910828,-79.1,130.0,16.0,12.0,0.5714285714285714,2.368748254817807,22,22,16,6,0.04709369898129325,0,0,0,0,0,0,0,0,0,22,24,7,0,1,1
1h8s,B,193,GLN,-3.5,143.8,0.0,2,2,G,0.7171717171717171,-55.7,-29.6,2.0,16.0,0.1111111111111111,1.8336203641332414,14,20,14,6,0.02844272908771177,0,0,0,1,0,0,0,0,0,22,24,7,0,1,1
1h8s,B,194,LYS,-3.9,168.6,1.0,2,0,G,0.5365853658536586,-63.1,-21.5,9.0,10.0,0.47368421052631576,1.9274730029439813,17,20,20,0,0.02797645484037223,0,0,0,1,0,0,0,0,0,-1,0,0,0,0,0
1h8s,B,195,PHE,2.8,189.9,0.0,0,0,G,0.03553299492385787,-115.3,0.6,20.0,6.0,0.7692307692307693,2.4404475879531304,27,35,23,12,0.040565859518539735,0,0,0,1,0,0,0,0,0,9,126,4,0,6,1
1h8s,B,196,LYS,-3.9,168.6,1.0,2,0,T,0.6195121951219512,-52.7,-29.0,7.0,14.0,0.3333333333333333,1.960869672024554,16,12,8,4,0.03450429430312575,0,0,0,0,0,1,0,0,0,9,126,4,0,6,1
1h8s,B,197,ASP,-3.5,111.1,-1.0,1,3,T,0.9877300613496932,-96.2,-3.4,3.0,14.0,0.17647058823529413,1.6721426716104015,13,24,0,24,0.023779986614316396,0,0,0,0,0,1,0,0,0,9,126,4,0,6,1
1h8s,B,198,LYS,-3.9,168.6,1.0,2,0,T,0.18048780487804877,-107.3,-49.9,11.0,15.0,0.4230769230769231,1.9853969907330493,26,18,19,-1,0.03450429430312575,0,0,0,0,0,1,0,0,0,9,126,4,0,6,1
1h8s,B,199,ALA,1.8,88.6,0.0,0,0,E,0.03773584905660377,-103.0,144.9,22.0,12.0,0.6470588235294118,2.2133472296491927,31,23,11,12,0.043829779249916496,0,0,1,0,0,0,0,0,0,25,14,7,0,1,1
1h8s,B,200,THR,-0.7,116.1,0.0,1,1,E,0.3732394366197183,-140.1,112.2,6.0,24.0,0.2,2.0938126027591073,27,22,5,17,0.0363693912924839,0,0,1,0,0,0,0,0,0,25,14,7,0,1,1
1h8s,B,201,LEU,3.8,166.7,0.0,0,0,E,0.036585365853658534,-86.9,132.2,23.0,17.0,0.575,3.4409726176264175,34,11,1,10,0.04616115048661418,0,0,1,0,0,0,0,0,0,25,14,7,0,1,1
1h8s,B,202,THR,-0.7,116.1,0.0,1,1,E,0.36619718309859156,-147.7,174.3,6.0,27.0,0.18181818181818182,2.3438911540983827,27,10,10,0,0.03590311704514436,0,0,1,0,0,0,0,0,0,25,14,7,0,1,1
1h8s,B,203,VAL,4.2,140.0,0.0,0,0,E,0.19014084507042253,-144.2,160.4,22.0,11.0,0.6666666666666666,2.3583743977152993,29,13,14,-1,0.04289723075523742,0,0,1,0,0,0,0,0,0,-1,0,0,0,0,0
1h8s,B,204,ASP,-3.5,111.1,-1.0,1,3,E,0.36809815950920244,-124.5,95.0,9.0,14.0,0.391304347826087,2.0572559333919935,19,20,0,20,0.03590311704514436,0,0,1,0,0,0,0,0,0,-1,0,0,0,0,0
1h8s,B,205,LYS,-3.9,168.6,1.0,2,0,G,0.5560975609756098,-59.3,-33.5,8.0,14.0,0.36363636363636365,1.9013519210330054,19,0,13,-13,0.03357174580844668,0,0,0,1,0,0,0,0,0,-1,0,0,0,0,0
1h8s,B,206,SER,-0.8,89.0,0.0,1,1,G,0.8692307692307693,-62.2,-27.8,0.0,14.0,0.0,1.7395538513400641,12,13,8,5,0.01958351838826056,0,0,0,1,0,0,0,0,0,-1,0,0,0,0,0
1h8s,B,207,SER,-0.8,89.0,0.0,1,1,G,0.27692307692307694,-115.0,11.8,8.0,8.0,0.5,1.9066584403565807,16,16,8,8,0.027043906345693154,0,0,0,1,0,0,0,0,0,-1,0,0,0,0,0
1h8s,B,208,SER,-0.8,89.0,0.0,1,1,T,0.2846153846153846,45.9,45.4,10.0,15.0,0.4,2.553768783098192,23,17,8,9,0.040565859518539735,0,0,0,0,0,1,0,0,0,-1,0,0,0,0,0
1h8s,B,209,THR,-0.7,116.1,0.0,1,1,E,0.04929577464788732,-123.8,124.1,10.0,18.0,0.35714285714285715,3.1471344916673827,24,19,8,11,0.04616115048661418,0,0,1,0,0,0,0,0,0,-1,0,0,0,0,0
1h8s,B,210,ALA,1.8,88.6,0.0,0,0,E,0.0,-90.2,145.0,25.0,14.0,0.6410256410256411,4.636507206565886,33,21,8,13,0.0526889899493677,0,0,1,0,0,0,0,0,0,-1,0,0,0,0,0
1h8s,B,211,TYR,-1.3,193.6,0.0,1,1,E,0.2927927927927928,-128.0,154.2,10.0,26.0,0.2777777777777778,2.470717510828588,25,16,8,8,0.048026247475972325,0,0,1,0,0,0,0,0,0,-1,0,0,0,0,0
1h8s,B,212,MET,1.9,162.9,0.0,0,0,E,0.0,-141.7,116.0,24.0,15.0,0.6153846153846154,4.104593929575223,34,18,0,18,0.04942507021799094,0,0,1,0,0,0,0,0,0,-1,0,0,0,0,0
1h8s,B,213,GLN,-3.5,143.8,0.0,2,2,E,0.3282828282828283,-95.9,133.9,9.0,20.0,0.3103448275862069,2.356421792233892,24,18,3,15,0.043363505002576956,0,0,1,0,0,0,0,0,0,-1,0,0,0,0,0
1h8s,B,214,LEU,3.8,166.7,0.0,0,0,E,0.0,-115.3,119.5,19.0,15.0,0.5588235294117647,4.787579190840997,35,24,14,10,0.048026247475972325,0,0,1,0,0,0,0,0,0,-1,0,0,0,0,0
1h8s,B,215,SER,-0.8,89.0,0.0,1,1,-,0.27692307692307694,-100.3,163.0,7.0,17.0,0.2916666666666667,2.349711121508448,23,17,13,4,0.03776821403450251,0,0,0,0,0,0,0,0,0,9,126,4,0,6,1
1h8s,B,216,SER,-0.8,89.0,0.0,1,1,S,0.6,47.7,44.5,4.0,18.0,0.18181818181818182,1.8283879651595123,18,13,10,3,0.030307826077069916,0,0,0,0,0,0,1,0,0,27,26,2,0,0,1
1h8s,B,217,LEU,3.8,166.7,0.0,0,0,-,0.018292682926829267,-47.7,144.3,18.0,8.0,0.6923076923076923,3.578835579971279,31,16,16,0,0.043363505002576956,0,0,0,0,0,0,0,0,0,27,26,2,0,0,1
1h8s,B,218,THR,-0.7,116.1,0.0,1,1,-,0.4154929577464789,-131.0,-176.9,2.0,20.0,0.09090909090909091,2.2345349198737376,23,17,17,0,0.034970568550465285,0,0,0,0,0,0,0,0,0,28,5,10,0,0,1
1h8s,B,219,SER,-0.8,89.0,0.0,1,1,G,0.6,-68.5,-33.1,0.0,18.0,0.0,1.8264267654939896,22,14,17,-3,0.032172923066428064,0,0,0,1,0,0,0,0,0,28,5,10,0,0,1
1h8s,B,220,GLU,-3.5,138.4,-1.0,1,3,G,0.6649484536082474,-62.0,-22.3,3.0,19.0,0.13636363636363635,1.9187311014332704,18,19,10,9,0.02844272908771177,0,0,0,1,0,0,0,0,0,28,5,10,0,0,1
1h8s,B,221,ASP,-3.5,111.1,-1.0,1,3,G,0.049079754601226995,-82.2,-14.8,21.0,12.0,0.6363636363636364,2.994239261489289,36,29,10,19,0.045228601991935104,0,0,0,1,0,0,0,0,0,14,24,15,0,3,1
1h8s,B,222,SER,-0.8,89.0,0.0,1,1,-,0.17692307692307693,-62.0,120.0,12.0,16.0,0.42857142857142855,2.1217015315470342,27,20,19,1,0.04662742473395372,0,0,0,0,0,0,0,0,0,28,5,10,0,0,1
1h8s,B,223,ALA,1.8,88.6,0.0,0,0,E,0.02830188679245283,-178.3,177.7,17.0,17.0,0.5,2.4140447247592474,35,20,17,3,0.04476232774459557,0,0,1,0,0,0,0,0,0,13,24,13,0,3,1
1h8s,B,224,VAL,4.2,140.0,0.0,0,0,E,0.16901408450704225,-95.8,129.7,18.0,19.0,0.4864864864864865,2.616632435321812,37,19,10,9,0.048492521723311866,0,0,1,0,0,0,0,0,0,13,24,13,0,3,1
1h8s,B,225,TYR,-1.3,193.6,0.0,1,1,E,0.013513513513513514,-112.8,118.7,20.0,22.0,0.47619047619047616,4.35588397591929,40,19,17,2,0.05129016720734909,0,0,1,0,0,0,0,0,0,-1,0,0,0,0,0
1h8s,B,226,PHE,2.8,189.9,0.0,0,0,E,0.025380710659898477,-102.8,151.8,17.0,23.0,0.425,2.766721224357682,36,9,4,5,0.050823892960009553,0,0,1,0,0,0,0,0,0,-1,0,0,0,0,0
1h8s,B,227,CYS,2.5,108.5,0.0,1,0,E,0.13333333333333333,-118.0,144.7,15.0,24.0,0.38461538461538464,1.9247318103074387,37,13,0,13,0.04755997322863279,0,0,1,0,0,0,0,0,0,-1,0,0,0,0,0
1h8s,B,228,ALA,1.8,88.6,0.0,0,0,E,0.04716981132075472,-154.7,138.0,17.0,17.0,0.5,2.103865922156447,32,12,0,12,0.045228601991935104,0,0,1,0,0,0,0,0,0,-1,0,0,0,0,0
1h8s,B,229,ARG,-4.5,173.4,1.0,5,0,E,0.23387096774193547,-91.0,164.4,14.0,18.0,0.4375,1.9014585003478268,24,1,0,1,0.04149840801321881,0,0,1,0,0,0,0,0,0,32,1,10,0,0,1
1h8s,B,230,TRP,-0.9,227.8,0.0,1,0,T,0.4977973568281938,-61.7,122.9,8.0,17.0,0.32,1.8245730093497294,24,19,0,19,0.03357174580844668,0,0,0,0,0,1,0,0,0,32,1,10,0,0,1
1h8s,B,231,GLY,-0.4,60.1,0.0,0,0,T,0.2619047619047619,81.5,0.1,8.0,18.0,0.3076923076923077,1.7096955565938226,23,28,0,28,0.035436842797804825,0,0,0,0,0,1,0,0,0,32,1,10,0,0,1
1h8s,B,232,TYR,-1.3,193.6,0.0,1,1,E,0.7612612612612613,-146.8,102.3,6.0,19.0,0.24,1.8756787132327088,23,23,0,23,0.03357174580844668,0,0,1,0,0,0,0,0,0,40,0,9,0,0,1
1h8s,B,233,TRP,-0.9,227.8,0.0,1,0,E,0.07488986784140969,-87.8,147.0,14.0,14.0,0.5,2.246221054887164,33,17,0,17,0.043363505002576956,0,0,1,0,0,0,0,0,0,40,0,9,0,0,1
1h8s,B,234,GLY,-0.4,60.1,0.0,0,0,-,0.2261904761904762,-77.9,-177.8,19.0,11.0,0.6333333333333333,1.9142573722703973,27,15,0,15,0.03776821403450251,0,0,0,0,0,0,0,0,0,39,0,11,0,0,1
1h8s,B,235,GLN,-3.5,143.8,0.0,2,2,-,0.8383838383838383,-84.9,-16.7,11.0,21.0,0.34375,1.805295313271412,21,2,9,-7,0.032639197313767604,0,0,0,0,0,0,0,0,0,39,0,11,0,0,1
1h8s,B,236,GLY,-0.4,60.1,0.0,0,0,-,0.27380952380952384,85.1,170.4,18.0,16.0,0.5294117647058824,1.7096437912909968,31,1,7,-6,0.04103213376587927,0,0,0,0,0,0,0,0,0,39,0,11,0,0,1
1h8s,B,237,THR,-0.7,116.1,0.0,1,1,E,0.23943661971830985,-141.5,142.1,13.0,22.0,0.37142857142857144,2.3677398651594896,31,3,14,-11,0.040099585271200194,0,0,1,0,0,0,0,0,0,13,24,13,0,3,1
1h8s,B,238,LEU,3.8,166.7,0.0,0,0,E,0.42073170731707316,-92.3,118.4,10.0,19.0,0.3448275862068966,2.2055074595617414,25,2,16,-14,0.03963331102386066,0,0,1,0,0,0,0,0,0,13,24,13,0,3,1
1h8s,B,239,VAL,4.2,140.0,0.0,0,0,E,0.007042253521126761,-105.7,120.9,24.0,11.0,0.6857142857142857,3.2645960152388738,33,15,21,-6,0.048026247475972325,0,0,1,0,0,0,0,0,0,28,5,10,0,0,1
1h8s,B,240,THR,-0.7,116.1,0.0,1,1,E,0.3380281690140845,-119.5,118.8,6.0,20.0,0.23076923076923078,2.4464416308933354,25,9,18,-9,0.03776821403450251,0,0,1,0,0,0,0,0,0,28,5,10,0,0,1
1h8s,B,241,VAL,4.2,140.0,0.0,0,0,E,0.035211267605633804,-104.9,118.3,16.0,9.0,0.64,2.5204530758335433,26,11,22,-11,0.043363505002576956,0,0,1,0,0,0,0,0,0,28,5,10,0,0,1
1h8s,B,242,SER,-0.8,89.0,0.0,1,1,-,0.7538461538461538,-144.8,360.0,5.0,12.0,0.29411764705882354,1.824193144835622,16,10,4,6,0.02611135785101408,0,0,0,0,0,0,0,0,0,28,5,10,0,0,1
4phv,A,1,PRO,-1.6,112.7,0.0,0,0,-,0.625,360.0,165.3,8.0,9.0,0.47058823529411764,1.8338924677696933,15,6,0,6,0.021914889624958248,0,0,0,0,0,0,0,0,0,14,24,1,0,0,1
4phv,A,2,GLN,-3.5,143.8,0.0,2,2,E,0.6616161616161617,-113.0,119.4,6.0,10.0,0.375,1.8078400531973853,10,0,0,0,0.030307826077069916,0,0,1,0,0,0,0,0,0,14,24,1,0,0,1
4phv,A,3,ILE,4.5,166.7,0.0,0,0,E,0.20118343195266272,-110.9,126.2,15.0,10.0,0.6,2.382382589187767,19,5,0,5,0.03450429430312575,0,0,1,0,0,0,0,0,0,14,24,1,0,0,1
4phv,A,4,THR,-0.7,116.1,0.0,1,1,-,0.47183098591549294,-84.5,159.8,6.0,19.0,0.24,1.8274829059206712,18,12,0,12,0.0363693912924839,0,0,0,0,0,0,0,0,0,16,7,0,0,0,1
4phv,A,5,LEU,3.8,166.7,0.0,0,0,S,0.012195121951219513,-109.5,22.3,26.0,8.0,0.7647058823529411,2.6947887905906938,29,18,9,9,0.04662742473395372,0,0,0,0,0,0,1,0,0,16,7,0,0,0,1
4phv,A,6,TRP,-0.9,227.8,0.0,1,0,S,0.7533039647577092,-62.0,-33.0,0.0,24.0,0.0,1.8466491825758002,15,15,0,15,0.028909003335051305,0,0,0,0,0,0,1,0,0,16,7,0,0,0,1
4phv,A,7,GLN,-3.5,143.8,0.0,2,2,S,0.6818181818181818,-123.2,169.1,4.0,17.0,0.19047619047619047,1.783519570198158,12,19,2,17,0.027043906345693154,0,0,0,0,0,0,1,0,0,3,43,7,0,3,1
4phv,A,8,ARG,-4.5,173.4,1.0,5,0,-,0.47580645161290325,-61.0,141.6,11.0,18.0,0.3793103448275862,1.8745679867249507,22,10,16,-6,0.03870076252918159,0,0,0,0,0,0,0,0,0,3,43,7,0,3,1
4phv,A,9,PRO,-1.6,112.7,0.0,0,0,-,0.03676470588235294,-86.6,87.4,20.0,9.0,0.6896551724137931,2.70175085940765,29,20,20,0,0.04243095650789788,0,0,0,0,0,0,0,0,0,3,43,7,0,3,1
4phv,A,10,LEU,3.8,166.7,0.0,0,0,E,0.4878048780487805,-97.7,133.1,7.0,18.0,0.28,1.9643041792089193,25,19,12,7,0.032639197313767604,0,0,1,0,0,0,0,0,0,-1,0,0,0,0,0
4phv,A,11,VAL,4.2,140.0,0.0,0,0,E,0.08450704225352113,-130.8,165.9,15.0,11.0,0.5769230769230769,2.342848975481449,28,12,12,0,0.035436842797804825,0,0,1,0,0,0,0,0,0,17,1,3,0,0,1
4phv,A,12,THR,-0.7,116.1,0.0,1,1,E,0.47183098591549294,-96.3,132.1,5.0,17.0,0.22727272727272727,1.8760756599061295,22,16,16,0,0.03403802005578621,0,0,1,0,0,0,0,0,0,17,1,3,0,0,1
4phv,A,13,ILE,4.5,166.7,0.0,0,0,E,0.005917159763313609,-122.1,157.3,18.0,10.0,0.6428571428571429,3.1892021125868606,28,21,18,3,0.04476232774459557,0,0,1,0,0,0,0,0,0,11,18,2,0,0,1
4phv,A,14,LYS,-3.9,168.6,1.0,2,0,E,0.4634146341463415,-127.2,115.9,7.0,17.0,0.2916666666666667,1.9320812229905897,20,20,10,10,0.040565859518539735,0,0,1,0,0,0,0,0,0,10,24,2,0,0,1
4phv,A,15,ILE,4.5,166.7,0.0,0,0,E,0.005917159763313609,-140.1,127.0,20.0,10.0,0.6666666666666666,2.689773320276081,28,18,12,6,0.040565859518539735,0,0,1,0,0,0,0,0,0,11,18,2,0,0,1
4phv,A,16,GLY,-0.4,60.1,0.0,0,0,T,0.7619047619047619,53.6,47.0,5.0,11.0,0.3125,1.7096109908594,16,16,7,9,0.024246260861655933,0,0,0,0,0,1,0,0,0,10,24,2,0,0,1
4phv,A,17,GLY,-0.4,60.1,0.0,0,0,T,0.7738095238095238,65.8,-9.3,0.0,11.0,0.0,1.709582517375051,14,16,7,9,0.019117244140921023,0,0,0,0,0,1,0,0,0,11,18,2,0,0,1
4phv,A,18,GLN,-3.5,143.8,0.0,2,2,E,0.494949494949495,-88.5,131.5,7.0,9.0,0.4375,2.097673181396872,18,18,3,15,0.025178809356335007,0,0,1,0,0,0,0,0,0,11,18,2,0,0,1
4phv,A,19,LEU,3.8,166.7,0.0,0,0,E,0.7682926829268293,-83.9,121.1,0.0,17.0,0.0,1.8740741661032185,16,18,16,2,0.029375277582390842,0,0,1,0,0,0,0,0,0,11,18,2,0,0,1
4phv,A,20,LYS,-3.9,168.6,1.0,2,0,E,0.22439024390243903,-136.5,174.2,15.0,9.0,0.625,1.958614506511682,24,7,22,-15,0.03310547156110714,0,0,1,0,0,0,0,0,0,11,18,2,0,0,1
4phv,A,21,GLU,-3.5,138.4,-1.0,1,3,E,0.6237113402061856,-112.2,135.7,4.0,19.0,0.17391304347826086,1.732517942882579,20,14,3,11,0.03310547156110714,0,0,1,0,0,0,0,0,0,-1,0,0,0,0,0
4phv,A,22,ALA,1.8,88.6,0.0,0,0,E,0.0,-147.2,160.1,22.0,9.0,0.7096774193548387,2.685173018308758,29,17,21,-4,0.04662742473395372,0,0,1,0,0,0,0,0,0,-1,0,0,0,0,0
4phv,A,23,LEU,3.8,166.7,0.0,0,0,E,0.054878048780487805,-92.9,122.8,20.0,18.0,0.5263157894736842,3.640936653802751,35,17,26,-9,0.04662742473395372,0,0,1,0,0,0,0,0,0,-1,0,0,0,0,0
4phv,A,24,LEU,3.8,166.7,0.0,0,0,E,0.0,-77.2,108.6,23.0,23.0,0.5,5.0681984716338055,36,12,15,-3,0.04989134446533048,0,0,1,0,0,0,0,0,0,-1,0,0,0,0,0
4phv,A,25,ASP,-3.5,111.1,-1.0,1,3,-,0.09202453987730061,-114.5,101.5,16.0,25.0,0.3902439024390244,3.116381515951493,26,15,13,2,0.048492521723311866,0,0,0,0,0,0,0,0,0,-1,0,0,0,0,0
4phv,A,26,THR,-0.7,116.1,0.0,1,1,T,0.0,-74.6,-14.5,26.0,17.0,0.6046511627906976,5.344108818900672,25,20,27,-7,0.04942507021799094,0,0,0,0,0,1,0,0,0,-1,0,0,0,0,0
4phv,A,27,GLY,-0.4,60.1,0.0,0,0,T,0.2261904761904762,-84.1,-10.4,21.0,19.0,0.525,1.9941181827052905,26,22,31,-9,0.048492521723311866,0,0,0,0,0,1,0,0,0,-1,0,0,0,0,0
4phv,A,28,ALA,1.8,88.6,0.0,0,0,-,0.16981132075471697,-94.8,122.9,21.0,17.0,0.5526315789473685,2.294814588719438,27,21,32,-11,0.04243095650789788,0,0,0,0,0,0,0,0,0,-1,0,0,0,0,0
4phv,A,29,ASP,-3.5,111.1,-1.0,1,3,S,0.3067484662576687,-69.4,-36.3,5.0,25.0,0.16666666666666666,1.8045698464842148,25,25,19,6,0.03310547156110714,0,0,0,0,0,0,1,0,0,-1,0,0,0,0,0
4phv,A,30,ASP,-3.5,111.1,-1.0,1,3,S,0.32515337423312884,-119.6,172.4,16.0,21.0,0.43243243243243246,1.697882881528145,29,19,15,4,0.043363505002576956,0,0,0,0,0,0,1,0,0,-1,0,0,0,0,0
4phv,A,31,THR,-0.7,116.1,0.0,1,1,-,0.0,-102.7,128.1,20.0,22.0,0.47619047619047616,4.0120756909434485,40,9,22,-13,0.04709369898129325,0,0,0,0,0,0,0,0,0,-1,0,0,0,0,0
4phv,A,32,VAL,4.2,140.0,0.0,0,0,E,0.04225352112676056,-133.9,127.9,18.0,24.0,0.42857142857142855,3.350080136006685,41,9,29,-20,0.048026247475972325,0,0,1,0,0,0,0,0,0,-1,0,0,0,0,0
4phv,A,33,LEU,3.8,166.7,0.0,0,0,E,0.0,-114.5,156.9,17.0,19.0,0.4722222222222222,5.208391449264846,37,12,25,-13,0.04942507021799094,0,0,1,0,0,0,0,0,0,-1,0,0,0,0,0
4phv,A,34,GLU,-3.5,138.4,-1.0,1,3,E,0.3865979381443299,-63.6,151.0,6.0,21.0,0.2222222222222222,2.027229596392014,26,8,13,-5,0.040099585271200194,0,0,1,0,0,0,0,0,0,-1,0,0,0,0,0
4phv,A,35,GLU,-3.5,138.4,-1.0,1,3,S,0.5721649484536082,-38.1,117.5,2.0,17.0,0.10526315789473684,1.744240706870781,20,16,9,7,0.02984155182973038,0,0,0,0,0,0,1,0,0,-1,0,0,0,0,0
4phv,A,36,MET,1.9,162.9,0.0,0,0,-,0.10106382978723404,-158.6,173.0,13.0,9.0,0.5909090909090909,2.203112876834403,22,16,17,-1,0.030774100324409453,0,0,0,0,0,0,0,0,0,11,18,2,0,0,1
4phv,A,37,ASN,-3.5,114.1,0.0,2,2,-,0.8789808917197452,-110.8,124.4,0.0,20.0,0.0,1.7953629981023178,15,9,11,-2,0.02611135785101408,0,0,0,0,0,0,0,0,0,-1,0,0,0,0,0
4phv,A,38,LEU,3.8,166.7,0.0,0,0,-,0.06097560975609756,-114.8,156.7,20.0,6.0,0.7692307692307693,2.4114103537718856,27,15,12,3,0.02984155182973038,0,0,0,0,0,0,0,0,0,-1,0,0,0,0,0
4phv,A,39,PRO,-1.6,112.7,0.0,0,0,S,0.7426470588235294,-83.6,143.9,5.0,12.0,0.29411764705882354,1.8338371266542983,17,9,4,5,0.01958351838826056,0,0,0,0,0,0,1,0,0,7,37,3,0,1,1
4phv,A,40,GLY,-0.4,60.1,0.0,0,0,S,0.75,114.9,-179.7,12.0,2.0,0.8571428571428571,1.7095434080570926,13,18,7,11,0.021914889624958248,0,0,0,0,0,0,1,0,0,7,37,3,0,1,1
4phv,A,41,ARG,-4.5,173.4,1.0,5,0,-,0.9395161290322581,-88.5,149.2,1.0,12.0,0.07692307692307693,1.8068753214597868,10,10,6,4,0.02471253510899547,0,0,0,0,0,0,0,0,0,7,37,3,0,1,1
4phv,A,42,TRP,-0.9,227.8,0.0,1,0,-,0.4713656387665198,-128.2,163.9,15.0,5.0,0.75,1.9424579695024526,19,39,6,33,0.03916703677652112,0,0,0,0,0,0,0,0,0,15,6,2,0,0,1
4phv,A,43,LYS,-3.9,168.6,1.0,2,0,E,0.5804878048780487,-125.4,142.4,7.0,10.0,0.4117647058823529,2.3334774401613694,15,30,6,24,0.03403802005578621,0,0,1,0,0,0,0,0,0,15,6,2,0,0,1
4phv,A,44,PRO,-1.6,112.7,0.0,0,0,E,0.5,-78.0,145.0,1.0,16.0,0.058823529411764705,2.071491403329163,14,39,0,39,0.03357174580844668,0,0,1,0,0,0,0,0,0,15,6,2,0,0,1
4phv,A,45,LYS,-3.9,168.6,1.0,2,0,E,0.3853658536585366,-147.9,158.1,15.0,5.0,0.75,1.9298180916262018,22,24,6,18,0.03683566553982344,0,0,1,0,0,0,0,0,0,15,6,2,0,0,1
4phv,A,46,MET,1.9,162.9,0.0,0,0,E,0.5585106382978723,-118.5,124.5,3.0,18.0,0.14285714285714285,1.9420186897302154,18,23,1,22,0.03124037457174899,0,0,1,0,0,0,0,0,0,5,28,6,0,2,1
4phv,A,47,ILE,4.5,166.7,0.0,0,0,E,0.14201183431952663,-119.2,140.3,17.0,10.0,0.6296296296296297,2.327939285553983,25,20,14,6,0.03357174580844668,0,0,1,0,0,0,0,0,0,5,28,6,0,2,1
4phv,A,48,GLY,-0.4,60.1,0.0,0,0,E,0.47619047619047616,-115.5,148.3,4.0,19.0,0.17391304347826086,1.7096151433987783,20,13,10,3,0.030307826077069916,0,0,1,0,0,0,0,0,0,5,28,6,0,2,1
4phv,A,49,GLY,-0.4,60.1,0.0,0,0,E,0.2857142857142857,-148.0,-155.1,21.0,10.0,0.6774193548387096,1.8265187227990742,18,1,2,-1,0.032172923066428064,0,0,1,0,0,0,0,0,0,-1,0,0,0,0,0
4phv,A,50,ILE,4.5,166.7,0.0,0,0,T,0.13609467455621302,-72.4,125.9,21.0,12.0,0.6363636363636364,2.1151529490827263,20,2,3,-1,0.03683566553982344,0,0,0,0,0,1,0,0,0,0,324,10,0,37,1
4phv,A,51,GLY,-0.4,60.1,0.0,0,0,T,0.38095238095238093,101.7,-13.5,12.0,11.0,0.5217391304347826,1.7095388105708995,12,1,0,1,0.03310547156110714,0,0,0,0,0,1,0,0,0,-1,0,0,0,0,0
4phv,A,52,GLY,-0.4,60.1,0.0,0,0,E,0.32142857142857145,115.9,-163.9,6.0,14.0,0.3,2.1377633469186663,12,1,0,1,0.02844272908771177,0,0,1,0,0,0,0,0,0,-1,0,0,0,0,0
4phv,A,53,PHE,2.8,189.9,0.0,0,0,E,0.7360406091370558,-94.9,151.9,4.0,16.0,0.2,1.857374978858915,12,10,0,10,0.03170664881908853,0,0,1,0,0,0,0,0,0,5,28,6,0,2,1
4phv,A,54,ILE,4.5,166.7,0.0,0,0,E,0.13609467455621302,-133.9,151.1,17.0,8.0,0.68,2.6281064416627355,20,18,0,18,0.03683566553982344,0,0,1,0,0,0,0,0,0,5,28,6,0,2,1
4phv,A,55,LYS,-3.9,168.6,1.0,2,0,E,0.5902439024390244,-95.7,128.1,2.0,21.0,0.08695652173913043,1.9131621136838446,19,20,3,17,0.03310547156110714,0,0,1,0,0,0,0,0,0,15,6,2,0,0,1
4phv,A,56,VAL,4.2,140.0,0.0,0,0,E,0.02112676056338028,-131.0,173.0,23.0,6.0,0.7931034482758621,2.7736998408352256,27,34,14,20,0.048026247475972325,0,0,1,0,0,0,0,0,0,15,6,2,0,0,1
4phv,A,57,ARG,-4.5,173.4,1.0,5,0,E,0.16532258064516128,-110.6,129.7,13.0,17.0,0.43333333333333335,2.5509160087284823,26,26,14,12,0.048026247475972325,0,0,1,0,0,0,0,0,0,15,6,2,0,0,1
4phv,A,58,GLN,-3.5,143.8,0.0,2,2,E,0.13636363636363635,-99.9,123.9,10.0,20.0,0.3333333333333333,2.521562394817407,26,34,12,22,0.05175644145468863,0,0,1,0,0,0,0,0,0,-1,0,0,0,0,0
4phv,A,59,TYR,-1.3,193.6,0.0,1,1,E,0.02702702702702703,-112.2,132.2,16.0,12.0,0.5714285714285714,2.5342972225740374,27,26,11,15,0.05129016720734909,0,0,1,0,0,0,0,0,0,7,37,3,0,1,1
4phv,A,60,ASP,-3.5,111.1,-1.0,1,3,E,0.5030674846625767,-96.8,158.3,3.0,20.0,0.13043478260869565,1.7332098613245233,19,18,0,18,0.03170664881908853,0,0,1,0,0,0,0,0,0,22,0,1,0,0,1
4phv,A,61,GLN,-3.5,143.8,0.0,2,2,E,0.8484848484848485,51.7,49.2,3.0,17.0,0.15,1.8264351818167965,16,2,8,-6,0.027510180593032695,0,0,1,0,0,0,0,0,0,22,0,1,0,0,1
4phv,A,62,ILE,4.5,166.7,0.0,0,0,E,0.10059171597633136,-93.2,142.6,22.0,7.0,0.7586206896551724,2.460018332160706,27,3,9,-6,0.03776821403450251,0,0,1,0,0,0,0,0,0,-1,0,0,0,0,0
4phv,A,63,LEU,3.8,166.7,0.0,0,0,E,0.5182926829268293,-95.0,135.0,4.0,21.0,0.16,1.885344683367207,21,21,11,10,0.03357174580844668,0,0,1,0,0,0,0,0,0,-1,0,0,0,0,0
4phv,A,64,ILE,4.5,166.7,0.0,0,0,E,0.0,-133.2,151.1,20.0,14.0,0.5882352941176471,3.130801419871949,35,27,9,18,0.043363505002576956,0,0,1,0,0,0,0,0,0,-1,0,0,0,0,0
4phv,A,65,GLU,-3.5,138.4,-1.0,1,3,E,0.20103092783505155,-118.4,115.2,8.0,20.0,0.2857142857142857,1.8223199937447734,23,30,0,30,0.040565859518539735,0,0,1,0,0,0,0,0,0,17,1,3,0,0,1
4phv,A,66,ILE,4.5,166.7,0.0,0,0,E,0.0,-112.0,105.1,19.0,14.0,0.5757575757575758,3.753657877562711,34,28,10,18,0.045228601991935104,0,0,1,0,0,0,0,0,0,17,1,3,0,0,1
4phv,A,67,CYS,2.5,108.5,0.0,1,0,T,0.45185185185185184,53.1,56.2,11.0,14.0,0.44,1.7728766776357958,21,25,9,16,0.03124037457174899,0,0,0,0,0,1,0,0,0,17,1,3,0,0,1
4phv,A,68,GLY,-0.4,60.1,0.0,0,0,T,0.6547619047619048,79.7,-26.5,2.0,14.0,0.125,1.7095322924189895,16,28,9,19,0.02331371236697686,0,0,0,0,0,1,0,0,0,17,1,3,0,0,1
4phv,A,69,HIS,-3.2,153.2,0.1,2,1,E,0.40217391304347827,-82.9,126.5,13.0,10.0,0.5652173913043478,2.0642272808658246,22,9,9,0,0.03124037457174899,0,0,1,0,0,0,0,0,0,17,1,3,0,0,1
4phv,A,70,LYS,-3.9,168.6,1.0,2,0,E,0.6439024390243903,-80.4,141.5,2.0,18.0,0.1,1.9148692477759985,14,19,9,10,0.03310547156110714,0,0,1,0,0,0,0,0,0,-1,0,0,0,0,0
4phv,A,71,ALA,1.8,88.6,0.0,0,0,E,0.03773584905660377,-144.4,147.4,23.0,5.0,0.8214285714285714,2.407919520118525,26,20,9,11,0.040099585271200194,0,0,1,0,0,0,0,0,0,-1,0,0,0,0,0
4phv,A,72,ILE,4.5,166.7,0.0,0,0,E,0.5739644970414202,-126.3,143.4,2.0,21.0,0.08695652173913043,1.9329587682419545,19,9,7,2,0.03450429430312575,0,0,1,0,0,0,0,0,0,22,0,1,0,0,1
4phv,A,73,GLY,-0.4,60.1,0.0,0,0,E,0.20238095238095238,168.6,-178.2,17.0,9.0,0.6538461538461539,2.238016201480663,28,4,13,-9,0.03776821403450251,0,0,1,0,0,0,0,0,0,-1,0,0,0,0,0
4phv,A,74,THR,-0.7,116.1,0.0,1,1,E,0.2887323943661972,-69.8,138.9,13.0,18.0,0.41935483870967744,2.3093717859435006,31,10,18,-8,0.04196468226055834,0,0,1,0,0,0,0,0,0,-1,0,0,0,0,0
4phv,A,75,VAL,4.2,140.0,0.0,0,0,E,0.0,-128.9,130.7,20.0,21.0,0.4878048780487805,5.395211847283606,37,11,18,-7,0.050823892960009553,0,0,1,0,0,0,0,0,0,-1,0,0,0,0,0
4phv,A,76,LEU,3.8,166.7,0.0,0,0,E,0.006097560975609756,-101.1,146.4,21.0,18.0,0.5384615384615384,4.117061197815358,40,29,25,4,0.04989134446533048,0,0,1,0,0,0,0,0,0,5,28,6,0,2,1
4phv,A,77,VAL,4.2,140.0,0.0,0,0,E,0.0,-131.2,130.2,13.0,22.0,0.37142857142857144,3.5199165517389077,31,27,16,11,0.05222271570202816,0,0,1,0,0,0,0,0,0,-1,0,0,0,0,0
4phv,A,78,GLY,-0.4,60.1,0.0,0,0,E,0.011904761904761904,-179.2,-170.5,21.0,11.0,0.65625,2.2071575044502514,25,20,18,2,0.04289723075523742,0,0,1,0,0,0,0,0,0,2,237,6,0,18,1
4phv,A,79,PRO,-1.6,112.7,0.0,0,0,S,0.6397058823529411,-76.0,53.4,6.0,18.0,0.25,1.9456348192191926,25,15,18,-3,0.030774100324409453,0,0,0,0,0,0,1,0,0,2,237,6,0,18,1
4phv,A,80,THR,-0.7,116.1,0.0,1,1,-,0.056338028169014086,-83.7,144.1,20.0,13.0,0.6060606060606061,2.7065221636184367,25,3,19,-16,0.03823448828184205,0,0,0,0,0,0,0,0,0,2,237,6,0,18,1
4phv,A,81,PRO,-1.6,112.7,0.0,0,0,S,0.5955882352941176,-71.6,-20.7,8.0,13.0,0.38095238095238093,1.9208519346903408,21,4,12,-8,0.023779986614316396,0,0,0,0,0,0,1,0,0,2,237,6,0,18,1
4phv,A,82,VAL,4.2,140.0,0.0,0,0,S,0.2676056338028169,-149.0,156.2,12.0,16.0,0.42857142857142855,2.413323015125075,24,7,21,-14,0.032639197313767604,0,0,0,0,0,0,1,0,0,-1,0,0,0,0,0
4phv,A,83,ASN,-3.5,114.1,0.0,2,2,-,0.07643312101910828,-75.2,131.5,15.0,20.0,0.42857142857142855,2.3951259810969576,34,10,25,-15,0.04429605349725603,0,0,0,0,0,0,0,0,0,-1,0,0,0,0,0
4phv,A,84,ILE,4.5,166.7,0.0,0,0,E,0.05325443786982249,-125.9,135.7,23.0,19.0,0.5476190476190477,3.325076638461305,36,2,29,-27,0.045228601991935104,0,0,1,0,0,0,0,0,0,-1,0,0,0,0,0
4phv,A,85,ILE,4.5,166.7,0.0,0,0,E,0.0,-101.0,108.8,24.0,24.0,0.5,6.325469140186624,42,6,23,-17,0.05175644145468863,0,0,1,0,0,0,0,0,0,-1,0,0,0,0,0
4phv,A,86,GLY,-0.4,60.1,0.0,0,0,-,0.0,-90.8,-175.8,14.0,23.0,0.3783783783783784,4.406378843273828,33,11,25,-14,0.05222271570202816,0,0,0,0,0,0,0,0,0,-1,0,0,0,0,0
4phv,A,87,ARG,-4.5,173.4,1.0,5,0,H,0.12903225806451613,-59.6,-34.9,15.0,22.0,0.40540540540540543,2.39773895396347,27,11,23,-12,0.05035761871267001,1,0,0,0,0,0,0,0,0,9,18,4,0,0,1
4phv,A,88,ASN,-3.5,114.1,0.0,2,2,H,0.267515923566879,-56.4,-28.0,15.0,20.0,0.42857142857142855,2.020150931581463,28,11,18,-7,0.043829779249916496,1,0,0,0,0,0,0,0,0,-1,0,0,0,0,0
4phv,A,89,LEU,3.8,166.7,0.0,0,0,H,0.0,-111.3,-25.3,24.0,16.0,0.6,4.00628730948552,36,14,16,-2,0.04476232774459557,1,0,0,0,0,0,0,0,0,-1,0,0,0,0,0
4phv,A,90,LEU,3.8,166.7,0.0,0,0,H,0.0,-65.0,-33.1,27.0,16.0,0.627906976744186,5.03077353851877,35,11,15,-4,0.048492521723311866,1,0,0,0,0,0,0,0,0,4,84,3,0,3,1
4phv,A,91,THR,-0.7,116.1,0.0,1,1,G,0.1056338028169014,-65.1,-38.9,14.0,21.0,0.4,2.0850483198670844,26,12,1,11,0.043363505002576956,0,0,0,1,0,0,0,0,0,20,0,1,0,0,1
4phv,A,92,GLN,-3.5,143.8,0.0,2,2,G,0.51010101010101,-66.4,-22.7,15.0,10.0,0.6,1.8597702652597299,23,16,0,16,0.032172923066428064,0,0,0,1,0,0,0,0,0,20,0,1,0,0,1
4phv,A,93,ILE,4.5,166.7,0.0,0,0,G,0.07692307692307693,-101.8,7.5,21.0,8.0,0.7241379310344828,2.6514727845774324,29,18,4,14,0.03870076252918159,0,0,0,1,0,0,0,0,0,4,84,3,0,3,1
4phv,A,94,GLY,-0.4,60.1,0.0,0,0,T,0.5595238095238095,74.3,28.2,4.0,19.0,0.17391304347826086,1.7784313155663614,23,10,0,10,0.03170664881908853,0,0,0,0,0,1,0,0,0,4,84,3,0,3,1
4phv,A,95,CYS,2.5,108.5,0.0,1,0,-,0.022222222222222223,-73.0,139.3,21.0,12.0,0.6363636363636364,2.8473390780102137,25,13,3,10,0.04243095650789788,0,0,0,0,0,0,0,0,0,4,84,3,0,3,1
4phv,A,96,THR,-0.7,116.1,0.0,1,1,E,0.08450704225352113,-139.3,162.7,7.0,26.0,0.21212121212121213,2.7016923080262125,17,0,0,0,0.043363505002576956,0,0,1,0,0,0,0,0,0,-1,0,0,0,0,0
4phv,A,97,LEU,3.8,166.7,0.0,0,0,E,0.006097560975609756,-104.3,126.0,21.0,18.0,0.5384615384615384,5.553252033667804,23,3,5,-2,0.048026247475972325,0,0,1,0,0,0,0,0,0,-1,0,0,0,0,0
4phv,A,98,ASN,-3.5,114.1,0.0,2,2,E,0.22929936305732485,-131.8,129.9,10.0,15.0,0.4,2.136843558028077,14,0,0,0,0.04243095650789788,0,0,1,0,0,0,0,0,0,1,519,3,1,30,1
4phv,A,99,PHE,2.8,189.9,0.0,0,0,-,0.25380710659898476,-151.9,360.0,16.0,9.0,0.64,2.5296607238891444,20,10,0,10,0.03357174580844668,0,0,0,0,0,0,0,0,0,1,519,3,1,30,1
4phv,B,1,PRO,-1.6,112.7,0.0,0,0,-,0.6102941176470589,360.0,174.7,8.0,9.0,0.47058823529411764,1.8338909942509471,15,6,0,6,0.022381163872297785,0,0,0,0,0,0,0,0,0,1,519,3,1,30,1
4phv,B,2,GLN,-3.5,143.8,0.0,2,2,E,0.6262626262626263,-120.3,115.0,5.0,11.0,0.3125,1.8393655884603521,10,0,0,0,0.029375277582390842,0,0,1,0,0,0,0,0,0,-1,0,0,0,0,0
4phv,B,3,ILE,4.5,166.7,0.0,0,0,E,0.1952662721893491,-105.0,127.9,17.0,11.0,0.6071428571428571,2.3641452469019844,20,5,0,5,0.034970568550465285,0,0,1,0,0,0,0,0,0,-1,0,0,0,0,0
4phv,B,4,THR,-0.7,116.1,0.0,1,1,E,0.5070422535211268,-92.1,168.8,5.0,21.0,0.19230769230769232,1.8813352829575904,20,13,0,13,0.03776821403450251,0,0,1,0,0,0,0,0,0,-1,0,0,0,0,0
4phv,B,5,LEU,3.8,166.7,0.0,0,0,S,0.006097560975609756,-114.9,25.7,26.0,8.0,0.7647058823529411,2.7355130830276133,29,18,11,7,0.045228601991935104,0,0,0,0,0,0,1,0,0,9,18,4,0,0,1
4phv,B,6,TRP,-0.9,227.8,0.0,1,0,S,0.7092511013215859,-65.6,-27.4,2.0,21.0,0.08695652173913043,1.8099165796574082,17,15,0,15,0.028909003335051305,0,0,0,0,0,0,1,0,0,20,0,1,0,0,1
4phv,B,7,GLN,-3.5,143.8,0.0,2,2,S,0.8181818181818182,-127.2,172.4,5.0,16.0,0.23809523809523808,1.7774624112358213,13,20,3,17,0.02797645484037223,0,0,0,0,0,0,1,0,0,9,18,4,0,0,1
4phv,B,8,ARG,-4.5,173.4,1.0,5,0,-,0.4596774193548387,-65.4,132.8,10.0,18.0,0.35714285714285715,1.8711825735275567,21,10,20,-10,0.03870076252918159,0,0,0,0,0,0,0,0,0,9,18,4,0,0,1
4phv,B,9,PRO,-1.6,112.7,0.0,0,0,-,0.014705882352941176,-73.2,73.7,24.0,9.0,0.7272727272727273,2.7482674872735706,30,20,22,-2,0.043829779249916496,0,0,0,0,0,0,0,0,0,9,18,4,0,0,1
4phv,B,10,LEU,3.8,166.7,0.0,0,0,E,0.4268292682926829,-86.2,138.5,7.0,18.0,0.28,1.95517882918233,26,19,13,6,0.03310547156110714,0,0,1,0,0,0,0,0,0,-1,0,0,0,0,0
4phv,B,11,VAL,4.2,140.0,0.0,0,0,E,0.08450704225352113,-136.0,162.1,15.0,11.0,0.5769230769230769,2.315600407469932,27,11,12,-1,0.0363693912924839,0,0,1,0,0,0,0,0,0,-1,0,0,0,0,0
4phv,B,12,THR,-0.7,116.1,0.0,1,1,E,0.49295774647887325,-90.4,140.5,5.0,17.0,0.22727272727272727,1.8645698406492528,22,17,18,-1,0.034970568550465285,0,0,1,0,0,0,0,0,0,-1,0,0,0,0,0
4phv,B,13,ILE,4.5,166.7,0.0,0,0,E,0.011834319526627219,-125.7,159.2,19.0,9.0,0.6785714285714286,3.221785320032791,28,22,18,4,0.04662742473395372,0,0,1,0,0,0,0,0,0,-1,0,0,0,0,0
4phv,B,14,LYS,-3.9,168.6,1.0,2,0,E,0.4634146341463415,-124.6,125.3,6.0,17.0,0.2608695652173913,1.9334889808502358,19,21,10,11,0.040565859518539735,0,0,1,0,0,0,0,0,0,12,24,2,0,0,1
4phv,B,15,ILE,4.5,166.7,0.0,0,0,E,0.01775147928994083,-143.2,133.9,18.0,10.0,0.6428571428571429,2.621884614255004,28,18,10,8,0.03823448828184205,0,0,1,0,0,0,0,0,0,12,24,2,0,0,1
4phv,B,16,GLY,-0.4,60.1,0.0,0,0,T,0.8333333333333334,56.8,38.8,5.0,10.0,0.3333333333333333,1.7096930189618416,16,16,5,11,0.023779986614316396,0,0,0,0,0,1,0,0,0,12,24,2,0,0,1
4phv,B,17,GLY,-0.4,60.1,0.0,0,0,T,0.7976190476190477,66.8,9.3,1.0,11.0,0.08333333333333333,1.7096890219877794,13,16,7,9,0.018650969893581486,0,0,0,0,0,1,0,0,0,12,24,2,0,0,1
4phv,B,18,GLN,-3.5,143.8,0.0,2,2,E,0.5454545454545454,-113.2,151.5,6.0,10.0,0.375,2.1228954561450752,16,18,1,17,0.025178809356335007,0,0,1,0,0,0,0,0,0,12,24,2,0,0,1
4phv,B,19,LEU,3.8,166.7,0.0,0,0,E,0.75,-99.8,140.2,4.0,13.0,0.23529411764705882,1.8637145812393343,15,18,16,2,0.03124037457174899,0,0,1,0,0,0,0,0,0,12,24,2,0,0,1
4phv,B,20,LYS,-3.9,168.6,1.0,2,0,E,0.22439024390243903,-147.4,160.6,18.0,6.0,0.75,2.0683262838716234,25,7,23,-16,0.03310547156110714,0,0,1,0,0,0,0,0,0,-1,0,0,0,0,0
4phv,B,21,GLU,-3.5,138.4,-1.0,1,3,E,0.6030927835051546,-105.5,139.8,4.0,19.0,0.17391304347826086,1.7436594935354044,19,15,4,11,0.03170664881908853,0,0,1,0,0,0,0,0,0,-1,0,0,0,0,0
4phv,B,22,ALA,1.8,88.6,0.0,0,0,E,0.009433962264150943,-146.3,157.9,21.0,9.0,0.7,2.6197780013058205,31,17,21,-4,0.04709369898129325,0,0,1,0,0,0,0,0,0,-1,0,0,0,0,0
4phv,B,23,LEU,3.8,166.7,0.0,0,0,E,0.042682926829268296,-96.8,129.6,21.0,18.0,0.5384615384615384,3.393600394246966,34,18,27,-9,0.04662742473395372,0,0,1,0,0,0,0,0,0,-1,0,0,0,0,0
4phv,B,24,LEU,3.8,166.7,0.0,0,0,E,0.0,-80.2,112.9,23.0,23.0,0.5,5.48073332573477,36,13,14,-1,0.04942507021799094,0,0,1,0,0,0,0,0,0,-1,0,0,0,0,0
4phv,B,25,ASP,-3.5,111.1,-1.0,1,3,-,0.09202453987730061,-123.7,97.9,17.0,24.0,0.4146341463414634,3.1253744629969633,27,14,13,1,0.048492521723311866,0,0,0,0,0,0,0,0,0,-1,0,0,0,0,0
4phv,B,26,THR,-0.7,116.1,0.0,1,1,T,0.0,-71.4,-13.4,25.0,17.0,0.5952380952380952,5.251973150277109,25,20,26,-6,0.048958795970651406,0,0,0,0,0,1,0,0,0,-1,0,0,0,0,0
4phv,B,27,GLY,-0.4,60.1,0.0,0,0,T,0.2261904761904762,-86.5,-4.0,20.0,20.0,0.5,1.9927302958695667,26,22,31,-9,0.04709369898129325,0,0,0,0,0,1,0,0,0,-1,0,0,0,0,0
4phv,B,28,ALA,1.8,88.6,0.0,0,0,-,0.16037735849056603,-104.2,127.0,21.0,17.0,0.5526315789473685,2.354725475955609,26,21,32,-11,0.043363505002576956,0,0,0,0,0,0,0,0,0,-1,0,0,0,0,0
4phv,B,29,ASP,-3.5,111.1,-1.0,1,3,S,0.31901840490797545,-70.1,-39.8,5.0,25.0,0.16666666666666666,1.8151465493959915,26,25,19,6,0.03403802005578621,0,0,0,0,0,0,1,0,0,3,43,7,0,3,1
4phv,B,30,ASP,-3.5,111.1,-1.0,1,3,S,0.26993865030674846,-119.7,173.3,16.0,22.0,0.42105263157894735,1.746531948471504,29,21,15,6,0.04289723075523742,0,0,0,0,0,0,1,0,0,-1,0,0,0,0,0
4phv,B,31,THR,-0.7,116.1,0.0,1,1,-,0.0,-99.3,126.1,19.0,22.0,0.4634146341463415,3.998205692930448,40,9,23,-14,0.04755997322863279,0,0,0,0,0,0,0,0,0,-1,0,0,0,0,0
4phv,B,32,VAL,4.2,140.0,0.0,0,0,E,0.028169014084507043,-131.9,137.0,21.0,20.0,0.5121951219512195,3.845863253086504,41,8,29,-21,0.04709369898129325,0,0,1,0,0,0,0,0,0,-1,0,0,0,0,0
4phv,B,33,LEU,3.8,166.7,0.0,0,0,E,0.0,-120.0,156.5,17.0,17.0,0.5,4.850174647448986,35,15,25,-10,0.048026247475972325,0,0,1,0,0,0,0,0,0,-1,0,0,0,0,0
4phv,B,34,GLU,-3.5,138.4,-1.0,1,3,S,0.4329896907216495,-64.8,154.2,6.0,18.0,0.25,1.9917762113807465,24,9,14,-5,0.03916703677652112,0,0,0,0,0,0,1,0,0,18,4,0,0,0,1
4phv,B,35,GLU,-3.5,138.4,-1.0,1,3,S,0.5824742268041238,-37.4,127.2,1.0,18.0,0.05263157894736842,1.757765103604996,17,15,9,6,0.028909003335051305,0,0,0,0,0,0,1,0,0,18,4,0,0,0,1
4phv,B,36,MET,1.9,162.9,0.0,0,0,-,0.10638297872340426,-165.1,171.3,15.0,7.0,0.6818181818181818,2.292640879802468,21,13,17,-4,0.029375277582390842,0,0,0,0,0,0,0,0,0,18,4,0,0,0,1
4phv,B,37,ASN,-3.5,114.1,0.0,2,2,-,0.9426751592356688,-97.1,121.3,1.0,20.0,0.047619047619047616,1.7220918362775617,16,9,11,-2,0.025178809356335007,0,0,0,0,0,0,0,0,0,18,4,0,0,0,1
4phv,B,38,LEU,3.8,166.7,0.0,0,0,-,0.12195121951219512,-123.5,145.0,20.0,6.0,0.7692307692307693,2.4437683217712998,25,17,14,3,0.027043906345693154,0,0,0,0,0,0,0,0,0,13,24,2,0,0,1
4phv,B,39,PRO,-1.6,112.7,0.0,0,0,S,0.7426470588235294,-73.4,147.5,5.0,12.0,0.29411764705882354,1.8339762313798693,17,9,5,4,0.019117244140921023,0,0,0,0,0,0,1,0,0,-1,0,0,0,0,0
4phv,B,40,GLY,-0.4,60.1,0.0,0,0,S,0.7857142857142857,95.7,-173.1,10.0,3.0,0.7692307692307693,1.7097586218640104,13,18,6,12,0.020049792635600097,0,0,0,0,0,0,1,0,0,6,56,3,0,1,1
4phv,B,41,ARG,-4.5,173.4,1.0,5,0,-,0.9274193548387096,-87.6,155.4,1.0,12.0,0.07692307692307693,1.8068010926197327,10,12,5,7,0.02471253510899547,0,0,0,0,0,0,0,0,0,6,56,3,0,1,1
4phv,B,42,TRP,-0.9,227.8,0.0,1,0,-,0.5726872246696035,-126.0,155.8,14.0,6.0,0.7,1.8760823813198753,18,38,3,35,0.03870076252918159,0,0,0,0,0,0,0,0,0,6,56,3,0,1,1
4phv,B,43,LYS,-3.9,168.6,1.0,2,0,E,0.5707317073170731,-115.8,159.7,7.0,9.0,0.4375,2.141001318000316,14,28,8,20,0.030774100324409453,0,0,1,0,0,0,0,0,0,8,18,7,0,1,1
4phv,B,44,PRO,-1.6,112.7,0.0,0,0,E,0.7720588235294118,-88.8,147.4,1.0,16.0,0.058823529411764705,1.9760428034492925,15,37,1,36,0.03310547156110714,0,0,1,0,0,0,0,0,0,8,18,7,0,1,1
4phv,B,45,LYS,-3.9,168.6,1.0,2,0,E,0.35609756097560974,-153.3,146.0,15.0,5.0,0.75,1.9308405811246305,22,23,8,15,0.03450429430312575,0,0,1,0,0,0,0,0,0,8,18,7,0,1,1
4phv,B,46,MET,1.9,162.9,0.0,0,0,E,0.5372340425531915,-118.3,135.6,3.0,19.0,0.13636363636363635,1.9225864435947242,18,23,1,22,0.03124037457174899,0,0,1,0,0,0,0,0,0,8,18,7,0,1,1
4phv,B,47,ILE,4.5,166.7,0.0,0,0,E,0.1301775147928994,-129.7,141.4,18.0,9.0,0.6666666666666666,2.3804111980730136,26,21,14,7,0.035436842797804825,0,0,1,0,0,0,0,0,0,8,18,7,0,1,1
4phv,B,48,GLY,-0.4,60.1,0.0,0,0,E,0.5476190476190477,-107.3,130.0,3.0,21.0,0.125,1.709643202378996,21,12,11,1,0.030307826077069916,0,0,1,0,0,0,0,0,0,-1,0,0,0,0,0
4phv,B,49,GLY,-0.4,60.1,0.0,0,0,-,0.2619047619047619,-118.6,-159.8,20.0,12.0,0.625,1.8697376591699046,19,3,3,0,0.03310547156110714,0,0,0,0,0,0,0,0,0,-1,0,0,0,0,0
4phv,B,50,ILE,4.5,166.7,0.0,0,0,S,0.20118343195266272,-64.4,-42.4,22.0,13.0,0.6285714285714286,1.971508794830611,23,2,4,-2,0.03823448828184205,0,0,0,0,0,0,1,0,0,2,237,6,0,18,1
4phv,B,51,GLY,-0.4,60.1,0.0,0,0,S,0.2857142857142857,-84.6,-13.0,13.0,12.0,0.52,2.029622811316667,12,1,0,1,0.03357174580844668,0,0,0,0,0,0,1,0,0,-1,0,0,0,0,0
4phv,B,52,GLY,-0.4,60.1,0.0,0,0,-,0.32142857142857145,140.7,-155.0,6.0,14.0,0.3,1.922003791593658,12,1,0,1,0.02844272908771177,0,0,0,0,0,0,0,0,0,-1,0,0,0,0,0
4phv,B,53,PHE,2.8,189.9,0.0,0,0,E,0.7258883248730964,-109.5,156.6,5.0,15.0,0.25,1.8595246196980943,12,12,0,12,0.03170664881908853,0,0,1,0,0,0,0,0,0,-1,0,0,0,0,0
4phv,B,54,ILE,4.5,166.7,0.0,0,0,E,0.1301775147928994,-139.7,156.4,16.0,8.0,0.6666666666666666,2.5622493760563145,19,18,0,18,0.0363693912924839,0,0,1,0,0,0,0,0,0,0,324,10,0,37,1
4phv,B,55,LYS,-3.9,168.6,1.0,2,0,E,0.7804878048780488,-94.9,132.7,2.0,20.0,0.09090909090909091,1.9230373525558784,15,17,0,17,0.03310547156110714,0,0,1,0,0,0,0,0,0,-1,0,0,0,0,0
4phv,B,56,VAL,4.2,140.0,0.0,0,0,E,0.04929577464788732,-132.3,166.5,24.0,5.0,0.8275862068965517,2.512486046645594,27,34,9,25,0.045228601991935104,0,0,1,0,0,0,0,0,0,8,18,7,0,1,1
4phv,B,57,ARG,-4.5,173.4,1.0,5,0,E,0.17338709677419356,-101.4,137.3,14.0,16.0,0.4666666666666667,2.466835256074821,25,22,14,8,0.045228601991935104,0,0,1,0,0,0,0,0,0,18,4,0,0,0,1
4phv,B,58,GLN,-3.5,143.8,0.0,2,2,E,0.1919191919191919,-106.1,120.6,10.0,20.0,0.3333333333333333,2.444459833473958,27,33,12,21,0.050823892960009553,0,0,1,0,0,0,0,0,0,8,18,7,0,1,1
4phv,B,59,TYR,-1.3,193.6,0.0,1,1,E,0.05405405405405406,-113.0,134.9,17.0,11.0,0.6071428571428571,2.4963447553846905,27,28,9,19,0.050823892960009553,0,0,1,0,0,0,0,0,0,-1,0,0,0,0,0
4phv,B,60,ASP,-3.5,111.1,-1.0,1,3,E,0.4294478527607362,-101.4,155.8,4.0,20.0,0.16666666666666666,1.7481421162127262,18,17,0,17,0.03310547156110714,0,0,1,0,0,0,0,0,0,21,0,1,0,0,1
4phv,B,61,GLN,-3.5,143.8,0.0,2,2,E,0.8484848484848485,57.9,48.5,2.0,18.0,0.1,1.7943203011907478,14,1,8,-7,0.027510180593032695,0,0,1,0,0,0,0,0,0,21,0,1,0,0,1
4phv,B,62,ILE,4.5,166.7,0.0,0,0,E,0.09467455621301775,-97.9,133.3,20.0,6.0,0.7692307692307693,2.50468104377747,29,4,10,-6,0.03916703677652112,0,0,1,0,0,0,0,0,0,21,0,1,0,0,1
4phv,B,63,LEU,3.8,166.7,0.0,0,0,E,0.4695121951219512,-83.0,129.0,6.0,19.0,0.24,1.957265060152818,23,21,11,10,0.032639197313767604,0,0,1,0,0,0,0,0,0,-1,0,0,0,0,0
4phv,B,64,ILE,4.5,166.7,0.0,0,0,E,0.0,-141.6,137.5,21.0,12.0,0.6363636363636364,3.2924195991662444,34,28,9,19,0.04243095650789788,0,0,1,0,0,0,0,0,0,-1,0,0,0,0,0
4phv,B,65,GLU,-3.5,138.4,-1.0,1,3,E,0.30412371134020616,-106.3,122.6,9.0,19.0,0.32142857142857145,1.7692980502966738,24,30,0,30,0.04196468226055834,0,0,1,0,0,0,0,0,0,-1,0,0,0,0,0
4phv,B,66,ILE,4.5,166.7,0.0,0,0,E,0.0,-117.7,116.6,21.0,14.0,0.6,3.6420171742490095,34,26,10,16,0.04476232774459557,0,0,1,0,0,0,0,0,0,1,519,3,1,30,1
4phv,B,67,CYS,2.5,108.5,0.0,1,0,T,0.42962962962962964,45.5,45.2,13.0,14.0,0.48148148148148145,1.7729670594817437,21,23,9,14,0.03310547156110714,0,0,0,0,0,1,0,0,0,1,519,3,1,30,1
4phv,B,68,GLY,-0.4,60.1,0.0,0,0,T,0.6309523809523809,71.8,19.2,1.0,16.0,0.058823529411764705,1.76592758476432,16,28,9,19,0.02471253510899547,0,0,0,0,0,1,0,0,0,-1,0,0,0,0,0
4phv,B,69,HIS,-3.2,153.2,0.1,2,1,E,0.375,-117.7,124.3,13.0,10.0,0.5652173913043478,2.184808834948523,22,9,9,0,0.02984155182973038,0,0,1,0,0,0,0,0,0,1,519,3,1,30,1
4phv,B,70,LYS,-3.9,168.6,1.0,2,0,E,0.7219512195121951,-80.8,134.1,4.0,17.0,0.19047619047619047,1.9072048801286512,14,19,9,10,0.03403802005578621,0,0,1,0,0,0,0,0,0,19,0,8,0,0,1
4phv,B,71,ALA,1.8,88.6,0.0,0,0,E,0.018867924528301886,-133.0,151.7,23.0,5.0,0.8214285714285714,2.3499446364241474,26,20,9,11,0.03916703677652112,0,0,1,0,0,0,0,0,0,19,0,8,0,0,1
4phv,B,72,ILE,4.5,166.7,0.0,0,0,E,0.5325443786982249,-137.8,113.1,2.0,20.0,0.09090909090909091,1.9387834558385202,18,11,7,4,0.032639197313767604,0,0,1,0,0,0,0,0,0,21,0,1,0,0,1
4phv,B,73,GLY,-0.4,60.1,0.0,0,0,E,0.15476190476190477,-169.3,-163.2,16.0,10.0,0.6153846153846154,2.3627840174287993,23,2,12,-10,0.03730193978716297,0,0,1,0,0,0,0,0,0,19,0,8,0,0,1
4phv,B,74,THR,-0.7,116.1,0.0,1,1,E,0.3028169014084507,-75.2,134.2,12.0,19.0,0.3870967741935484,2.2019149422946165,30,12,18,-6,0.04243095650789788,0,0,1,0,0,0,0,0,0,-1,0,0,0,0,0
4phv,B,75,VAL,4.2,140.0,0.0,0,0,E,0.0,-129.5,135.9,20.0,20.0,0.5,5.015075371831565,36,12,18,-6,0.05129016720734909,0,0,1,0,0,0,0,0,0,-1,0,0,0,0,0
4phv,B,76,LEU,3.8,166.7,0.0,0,0,E,0.012195121951219513,-110.0,147.9,20.0,19.0,0.5128205128205128,3.9144013478509794,39,29,22,7,0.048492521723311866,0,0,1,0,0,0,0,0,0,8,18,7,0,1,1
4phv,B,77,VAL,4.2,140.0,0.0,0,0,E,0.0,-129.8,135.8,12.0,23.0,0.34285714285714286,3.655492197720019,30,24,16,8,0.05129016720734909,0,0,1,0,0,0,0,0,0,18,4,0,0,0,1
4phv,B,78,GLY,-0.4,60.1,0.0,0,0,S,0.047619047619047616,176.8,-170.5,20.0,11.0,0.6451612903225806,1.962626486406694,27,19,18,1,0.04196468226055834,0,0,0,0,0,0,1,0,0,18,4,0,0,0,1
4phv,B,79,PRO,-1.6,112.7,0.0,0,0,S,0.7279411764705882,-74.8,57.8,6.0,19.0,0.24,1.8337720087576455,24,14,18,-4,0.028909003335051305,0,0,0,0,0,0,1,0,0,0,324,10,0,37,1
4phv,B,80,THR,-0.7,116.1,0.0,1,1,-,0.07042253521126761,-86.1,147.3,23.0,13.0,0.6388888888888888,2.3779299703531254,25,3,18,-15,0.03730193978716297,0,0,0,0,0,0,0,0,0,0,324,10,0,37,1
4phv,B,81,PRO,-1.6,112.7,0.0,0,0,S,0.6029411764705882,-70.2,-29.1,9.0,14.0,0.391304347826087,1.9006357429309426,22,4,10,-6,0.023779986614316396,0,0,0,0,0,0,1,0,0,0,324,10,0,37,1
4phv,B,82,VAL,4.2,140.0,0.0,0,0,S,0.33098591549295775,-143.5,160.2,15.0,13.0,0.5357142857142857,2.377915864171972,25,7,21,-14,0.032639197313767604,0,0,0,0,0,0,1,0,0,0,324,10,0,37,1
4phv,B,83,ASN,-3.5,114.1,0.0,2,2,-,0.07643312101910828,-75.1,130.2,16.0,19.0,0.45714285714285713,2.2133586701242702,33,9,27,-18,0.043829779249916496,0,0,0,0,0,0,0,0,0,-1,0,0,0,0,0
4phv,B,84,ILE,4.5,166.7,0.0,0,0,E,0.05325443786982249,-121.9,126.7,23.0,19.0,0.5476190476190477,3.4661888195435817,38,2,30,-28,0.04476232774459557,0,0,1,0,0,0,0,0,0,-1,0,0,0,0,0
4phv,B,85,ILE,4.5,166.7,0.0,0,0,E,0.0,-100.2,108.9,22.0,23.0,0.4888888888888889,6.545485127157317,42,7,22,-15,0.05175644145468863,0,0,1,0,0,0,0,0,0,-1,0,0,0,0,0
4phv,B,86,GLY,-0.4,60.1,0.0,0,0,-,0.0,-95.4,-178.2,17.0,19.0,0.4722222222222222,4.509583906287599,31,11,25,-14,0.05222271570202816,0,0,0,0,0,0,0,0,0,-1,0,0,0,0,0
4phv,B,87,ARG,-4.5,173.4,1.0,5,0,H,0.12096774193548387,-56.0,-33.2,14.0,22.0,0.3888888888888889,2.3966004590771934,26,11,24,-13,0.04989134446533048,1,0,0,0,0,0,0,0,0,3,43,7,0,3,1
4phv,B,88,ASN,-3.5,114.1,0.0,2,2,H,0.267515923566879,-56.0,-37.2,12.0,21.0,0.36363636363636365,1.9721783737531282,28,12,18,-6,0.04149840801321881,1,0,0,0,0,0,0,0,0,-1,0,0,0,0,0
4phv,B,89,LEU,3.8,166.7,0.0,0,0,H,0.0,-93.9,-33.6,25.0,14.0,0.6410256410256411,3.893557047911155,36,15,17,-2,0.043363505002576956,1,0,0,0,0,0,0,0,0,19,0,8,0,0,1
4phv,B,90,LEU,3.8,166.7,0.0,0,0,H,0.0,-52.7,-41.1,24.0,17.0,0.5853658536585366,4.8589652522241265,33,13,15,-2,0.048958795970651406,1,0,0,0,0,0,0,0,0,-1,0,0,0,0,0
4phv,B,91,THR,-0.7,116.1,0.0,1,1,T,0.20422535211267606,-69.0,-32.5,12.0,22.0,0.35294117647058826,1.994223153576316,25,11,1,10,0.04243095650789788,0,0,0,0,0,1,0,0,0,16,7,0,0,0,1
4phv,B,92,GLN,-3.5,143.8,0.0,2,2,T,0.4898989898989899,-69.5,-28.7,14.0,11.0,0.56,1.8209136265230486,22,16,0,16,0.030774100324409453,0,0,0,0,0,1,0,0,0,19,0,8,0,0,1
4phv,B,93,ILE,4.5,166.7,0.0,0,0,T,0.07692307692307693,-95.7,10.9,21.0,8.0,0.7241379310344828,2.6198825632441753,28,18,5,13,0.03823448828184205,0,0,0,0,0,1,0,0,0,1,519,3,1,30,1
4phv,B,94,GLY,-0.4,60.1,0.0,0,0,T,0.5714285714285714,66.2,34.2,4.0,19.0,0.17391304347826086,1.7930394222745654,22,10,0,10,0.029375277582390842,0,0,0,0,0,1,0,0,0,-1,0,0,0,0,0
4phv,B,95,CYS,2.5,108.5,0.0,1,0,-,0.02962962962962963,-82.3,136.2,20.0,11.0,0.6451612903225806,2.871293693720698,25,13,3,10,0.04243095650789788,0,0,0,0,0,0,0,0,0,1,519,3,1,30,1
4phv,B,96,THR,-0.7,116.1,0.0,1,1,E,0.1267605633802817,-133.9,165.1,6.0,27.0,0.18181818181818182,2.735367665482591,17,0,0,0,0.04429605349725603,0,0,1,0,0,0,0,0,0,-1,0,0,0,0,0
4phv,B,97,LEU,3.8,166.7,0.0,0,0,E,0.0,-103.3,134.1,21.0,17.0,0.5526315789473685,5.351035153338795,24,3,5,-2,0.04755997322863279,0,0,1,0,0,0,0,0,0,14,24,1,0,0,1
4phv,B,98,ASN,-3.5,114.1,0.0,2,2,E,0.19745222929936307,-129.8,136.7,9.0,16.0,0.36,2.0200707712747654,14,0,0,0,0.04289723075523742,0,0,1,0,0,0,0,0,0,4,84,3,0,3,1
4phv,B,99,PHE,2.8,189.9,0.0,0,0,-,0.24873096446700507,-155.5,360.0,15.0,10.0,0.6,2.3966713448749144,20,10,0,10,0.03357174580844668,0,0,0,0,0,0,0,0,0,17,1,3,0,0,1
1eir,A,1,SER,-0.8,89.0,0.0,1,1,-,0.36153846153846153,360.0,-34.3,18.0,14.0,0.5625,1.787661460375394,29,26,23,3,0.03357174580844668,0,0,0,0,0,0,0,0,0,-1,0,0,0,0,0
1eir,A,2,ILE,4.5,166.7,0.0,0,0,-,0.011834319526627219,-76.4,129.8,24.0,16.0,0.6,3.2441218429625867,32,20,27,-7,0.045228601991935104,0,0,0,0,0,0,0,0,0,-1,0,0,0,0,0
1eir,A,3,GLU,-3.5,138.4,-1.0,1,3,-,0.27835051546391754,-83.8,-35.7,12.0,20.0,0.375,2.0413983076192213,31,15,31,-16,0.03963331102386066,0,0,0,0,0,0,0,0,0,-1,0,0,0,0,0
1eir,A,4,ARG,-4.5,173.4,1.0,5,0,E,0.028225806451612902,-174.4,166.4,15.0,23.0,0.39473684210526316,3.354427645331219,32,18,35,-17,0.05222271570202816,0,0,1,0,0,0,0,0,0,-1,0,0,0,0,0
1eir,A,5,LEU,3.8,166.7,0.0,0,0,E,0.0,-90.5,116.6,21.0,25.0,0.45652173913043476,7.762011257864083,42,39,19,20,0.05408781269138631,0,0,1,0,0,0,0,0,0,-1,0,0,0,0,0
1eir,A,6,GLY,-0.4,60.1,0.0,0,0,E,0.023809523809523808,-97.8,-36.0,23.0,23.0,0.5,5.79737605243054,44,38,24,14,0.05035761871267001,0,0,1,0,0,0,0,0,0,-1,0,0,0,0,0
1eir,A,7,TYR,-1.3,193.6,0.0,1,1,E,0.02702702702702703,-151.7,162.1,24.0,21.0,0.5333333333333333,7.362455977453881,37,36,17,19,0.05035761871267001,0,0,1,0,0,0,0,0,0,-1,0,0,0,0,0
1eir,A,8,LEU,3.8,166.7,0.0,0,0,E,0.024390243902439025,-135.6,139.8,19.0,23.0,0.4523809523809524,8.810673611335234,39,20,7,13,0.04989134446533048,0,0,1,0,0,0,0,0,0,-1,0,0,0,0,0
1eir,A,9,GLY,-0.4,60.1,0.0,0,0,E,0.0,-121.9,126.3,18.0,19.0,0.4864864864864865,5.273373259640616,38,14,14,0,0.050823892960009553,0,0,1,0,0,0,0,0,0,-1,0,0,0,0,0
1eir,A,10,PHE,2.8,189.9,0.0,0,0,E,0.005076142131979695,-112.9,146.3,23.0,20.0,0.5348837209302325,7.340027263604799,39,8,17,-9,0.05129016720734909,0,0,1,0,0,0,0,0,0,-1,0,0,0,0,0
1eir,A,11,ALA,1.8,88.6,0.0,0,0,E,0.07547169811320754,-116.8,105.7,9.0,19.0,0.32142857142857145,3.3270596284135103,26,16,34,-18,0.04755997322863279,0,0,1,0,0,0,0,0,0,-1,0,0,0,0,0
1eir,A,12,VAL,4.2,140.0,0.0,0,0,E,0.007042253521126761,-120.2,159.6,17.0,12.0,0.5862068965517241,3.37494091691538,32,11,36,-25,0.05222271570202816,0,0,1,0,0,0,0,0,0,13,29,3,0,1,1
1eir,A,13,LYS,-3.9,168.6,1.0,2,0,S,0.5609756097560976,-81.4,-22.6,8.0,14.0,0.36363636363636365,1.928153993580373,20,1,28,-27,0.03776821403450251,0,0,0,0,0,0,1,0,0,13,29,3,0,1,1
1eir,A,14,ASP,-3.5,111.1,-1.0,1,3,-,0.4662576687116564,-128.0,85.7,8.0,16.0,0.3333333333333333,2.0034806343478277,22,16,12,4,0.03450429430312575,0,0,0,0,0,0,0,0,0,13,29,3,0,1,1
1eir,A,15,VAL,4.2,140.0,0.0,0,0,H,0.2746478873239437,-62.5,-44.0,11.0,15.0,0.4230769230769231,2.1143492278596434,25,10,22,-12,0.03870076252918159,1,0,0,0,0,0,0,0,0,13,29,3,0,1,1
1eir,A,16,PRO,-1.6,112.7,0.0,0,0,H,0.6764705882352942,-58.9,-41.2,0.0,19.0,0.0,1.8847283657957832,18,16,16,0,0.02611135785101408,1,0,0,0,0,0,0,0,0,13,29,3,0,1,1
1eir,A,17,ALA,1.8,88.6,0.0,0,0,H,0.2358490566037736,-65.1,-41.3,10.0,12.0,0.45454545454545453,1.8585672089018843,22,24,19,5,0.03590311704514436,1,0,0,0,0,0,0,0,0,13,29,3,0,1,1
1eir,A,18,TRP,-0.9,227.8,0.0,1,0,H,0.0,-68.3,-33.8,20.0,16.0,0.5555555555555556,4.828866588164133,38,17,33,-16,0.04942507021799094,1,0,0,0,0,0,0,0,0,13,29,3,0,1,1
1eir,A,19,ASP,-3.5,111.1,-1.0,1,3,H,0.39263803680981596,-68.0,-43.6,12.0,24.0,0.3333333333333333,2.2794183942180513,27,18,6,12,0.040565859518539735,1,0,0,0,0,0,0,0,0,12,24,6,0,1,1
1eir,A,20,HIS,-3.2,153.2,0.1,2,1,H,0.5652173913043478,-67.6,-40.4,7.0,19.0,0.2692307692307692,2.075492364522036,22,20,12,8,0.0363693912924839,1,0,0,0,0,0,0,0,0,12,24,6,0,1,1
1eir,A,21,PHE,2.8,189.9,0.0,0,0,I,0.0,-59.4,-55.5,15.0,20.0,0.42857142857142855,4.095032405966349,38,33,19,14,0.04755997322863279,0,0,0,0,1,0,0,0,0,-1,0,0,0,0,0
1eir,A,22,LEU,3.8,166.7,0.0,0,0,I,0.0,-64.9,-30.7,18.0,21.0,0.46153846153846156,6.152318873958286,40,27,10,17,0.04989134446533048,0,0,0,0,1,0,0,0,0,-1,0,0,0,0,0
1eir,A,23,THR,-0.7,116.1,0.0,1,1,I,0.06338028169014084,-93.5,-64.1,13.0,17.0,0.43333333333333335,2.834667237591021,29,29,8,21,0.050823892960009553,0,0,0,0,1,0,0,0,0,12,24,6,0,1,1
1eir,A,24,LYS,-3.9,168.6,1.0,2,0,I,0.5658536585365853,-68.7,-33.1,9.0,18.0,0.3333333333333333,2.0394163135375365,22,20,8,12,0.03730193978716297,0,0,0,0,1,0,0,0,0,-1,0,0,0,0,0
1eir,A,25,SER,-0.8,89.0,0.0,1,1,I,0.038461538461538464,-91.5,-59.4,21.0,16.0,0.5675675675675675,2.4842043316431597,38,39,15,24,0.04662742473395372,0,0,0,0,1,0,0,0,0,-1,0,0,0,0,0
1eir,A,26,VAL,4.2,140.0,0.0,0,0,T,0.0,-70.4,-35.3,24.0,23.0,0.5106382978723404,6.384982696937601,45,28,11,17,0.048958795970651406,0,0,0,0,0,1,0,0,0,-1,0,0,0,0,0
1eir,A,27,GLY,-0.4,60.1,0.0,0,0,-,0.0,101.9,0.8,19.0,17.0,0.5277777777777778,5.058261123704195,34,24,8,16,0.04989134446533048,0,0,0,0,0,0,0,0,0,-1,0,0,0,0,0
1eir,A,28,LEU,3.8,166.7,0.0,0,0,-,0.006097560975609756,-62.6,163.2,20.0,18.0,0.5263157894736842,5.843511661670734,37,29,12,17,0.053621538444046775,0,0,0,0,0,0,0,0,0,-1,0,0,0,0,0
1eir,A,29,MET,1.9,162.9,0.0,0,0,E,0.18085106382978725,-104.1,129.1,17.0,20.0,0.4594594594594595,2.588564010433983,31,19,16,3,0.04616115048661418,0,0,1,0,0,0,0,0,0,-1,0,0,0,0,0
1eir,A,30,ALA,1.8,88.6,0.0,0,0,E,0.5188679245283019,-66.9,129.9,11.0,22.0,0.3333333333333333,1.8379563465302422,30,16,9,7,0.03590311704514436,0,0,1,0,0,0,0,0,0,12,24,6,0,1,1
1eir,A,31,ALA,1.8,88.6,0.0,0,0,E,0.2830188679245283,-127.0,45.1,22.0,9.0,0.7096774193548387,1.8010848780372535,28,21,9,12,0.03310547156110714,0,0,1,0,0,0,0,0,0,-1,0,0,0,0,0
1eir,A,32,GLY,-0.4,60.1,0.0,0,0,E,0.6666666666666666,74.9,-148.2,4.0,14.0,0.2222222222222222,1.7096803038239297,21,10,8,2,0.020516066882939634,0,0,1,0,0,0,0,0,0,2,489,3,0,17,1
1eir,A,33,SER,-0.8,89.0,0.0,1,1,E,0.6692307692307692,-148.5,156.0,7.0,14.0,0.3333333333333333,1.859600999766065,18,4,8,-4,0.024246260861655933,0,0,1,0,0,0,0,0,0,2,489,3,0,17,1
1eir,A,34,ALA,1.8,88.6,0.0,0,0,E,0.0660377358490566,-131.6,103.8,16.0,7.0,0.6956521739130435,1.9889854895455614,23,18,8,10,0.028909003335051305,0,0,1,0,0,0,0,0,0,2,489,3,0,17,1
1eir,A,35,GLY,-0.4,60.1,0.0,0,0,T,0.7380952380952381,71.6,-133.8,12.0,5.0,0.7058823529411765,1.7095404612319522,16,6,8,-2,0.018650969893581486,0,0,0,0,0,1,0,0,0,2,489,3,0,17,1
1eir,A,36,ASP,-3.5,111.1,-1.0,1,3,T,0.6441717791411042,-94.3,14.4,7.0,11.0,0.3888888888888889,1.6720802664934002,19,2,0,2,0.023779986614316396,0,0,0,0,0,1,0,0,0,2,489,3,0,17,1
1eir,A,37,ALA,1.8,88.6,0.0,0,0,E,0.009433962264150943,-103.3,129.0,16.0,14.0,0.5333333333333333,1.9700244080945974,25,7,8,-1,0.03730193978716297,0,0,1,0,0,0,0,0,0,2,489,3,0,17,1
1eir,A,38,ALA,1.8,88.6,0.0,0,0,E,0.2169811320754717,-86.0,136.7,17.0,17.0,0.5,2.2941199826631804,33,3,16,-13,0.03963331102386066,0,0,1,0,0,0,0,0,0,2,489,3,0,17,1
1eir,A,39,LEU,3.8,166.7,0.0,0,0,E,0.06097560975609756,-107.4,145.9,14.0,20.0,0.4117647058823529,2.649028882683154,35,27,6,21,0.04755997322863279,0,0,1,0,0,0,0,0,0,2,489,3,0,17,1
1eir,A,40,TYR,-1.3,193.6,0.0,1,1,E,0.013513513513513514,-132.9,140.4,23.0,17.0,0.575,3.2324610557167284,37,20,8,12,0.05222271570202816,0,0,1,0,0,0,0,0,0,12,24,6,0,1,1
1eir,A,41,ARG,-4.5,173.4,1.0,5,0,E,0.020161290322580645,-112.4,150.6,20.0,22.0,0.47619047619047616,3.7055242282966088,30,18,22,-4,0.05455408693872585,0,0,1,0,0,0,0,0,0,-1,0,0,0,0,0
1eir,A,42,ALA,1.8,88.6,0.0,0,0,S,0.018867924528301886,-122.5,-16.5,19.0,25.0,0.4318181818181818,3.304305233782614,39,29,9,20,0.05129016720734909,0,0,0,0,0,0,1,0,0,-1,0,0,0,0,0
1eir,A,43,ASP,-3.5,111.1,-1.0,1,3,S,0.08588957055214724,-156.5,-140.9,17.0,22.0,0.4358974358974359,2.5108203226886636,31,33,10,23,0.040099585271200194,0,0,0,0,0,0,1,0,0,-1,0,0,0,0,0
1eir,A,44,GLN,-3.5,143.8,0.0,2,2,S,0.2222222222222222,-77.7,-13.2,8.0,21.0,0.27586206896551724,2.1125996275655643,24,34,23,11,0.045228601991935104,0,0,0,0,0,0,1,0,0,-1,0,0,0,0,0
1eir,A,45,ARG,-4.5,173.4,1.0,5,0,B,0.125,-68.5,152.5,18.0,13.0,0.5806451612903226,3.4298479180811996,29,31,22,9,0.045228601991935104,0,1,0,0,0,0,0,0,0,5,90,6,0,6,1
1eir,A,46,ALA,1.8,88.6,0.0,0,0,S,0.14150943396226415,-56.5,-36.0,13.0,22.0,0.37142857142857144,2.2884951280515478,32,48,26,22,0.043363505002576956,0,0,0,0,0,0,1,0,0,5,90,6,0,6,1
1eir,A,47,TRP,-0.9,227.8,0.0,1,0,-,0.07048458149779736,-162.1,153.0,20.0,17.0,0.5405405405405406,4.663912758139586,39,50,7,43,0.04662742473395372,0,0,0,0,0,0,0,0,0,-1,0,0,0,0,0
1eir,A,48,ARG,-4.5,173.4,1.0,5,0,S,0.012096774193548387,-123.3,-35.1,19.0,23.0,0.4523809523809524,5.561868424523544,39,27,17,10,0.050823892960009553,0,0,0,0,0,0,1,0,0,-1,0,0,0,0,0
1eir,A,49,ILE,4.5,166.7,0.0,0,0,E,0.005917159763313609,-131.5,129.2,20.0,23.0,0.46511627906976744,7.675712746175467,38,19,2,17,0.05222271570202816,0,0,1,0,0,0,0,0,0,-1,0,0,0,0,0
1eir,A,50,ALA,1.8,88.6,0.0,0,0,E,0.018867924528301886,-113.4,142.2,21.0,21.0,0.5,5.495224508264516,37,14,9,5,0.053155264196707235,0,0,1,0,0,0,0,0,0,-1,0,0,0,0,0
1eir,A,51,VAL,4.2,140.0,0.0,0,0,E,0.0,-131.5,115.4,21.0,22.0,0.4883720930232558,3.584353091824958,39,6,24,-18,0.05455408693872585,0,0,1,0,0,0,0,0,0,2,489,3,0,17,1
1eir,A,52,GLN,-3.5,143.8,0.0,2,2,E,0.18181818181818182,-122.5,162.4,13.0,19.0,0.40625,2.490390635126202,32,7,22,-15,0.03916703677652112,0,0,1,0,0,0,0,0,0,-1,0,0,0,0,0
1eir,A,53,PRO,-1.6,112.7,0.0,0,0,E,0.5441176470588235,-75.6,143.1,4.0,22.0,0.15384615384615385,2.0583799110483807,22,7,28,-21,0.032639197313767604,0,0,1,0,0,0,0,0,0,-1,0,0,0,0,0
1eir,A,54,GLY,-0.4,60.1,0.0,0,0,-,0.30952380952380953,-179.5,152.0,13.0,6.0,0.6842105263157895,1.8192457650541165,19,10,31,-21,0.032639197313767604,0,0,0,0,0,0,0,0,0,-1,0,0,0,0,0
1eir,A,55,GLU,-3.5,138.4,-1.0,1,3,T,0.7422680412371134,-71.7,-22.6,0.0,16.0,0.0,1.7483414422815369,13,10,14,-4,0.02471253510899547,0,0,0,0,0,1,0,0,0,-1,0,0,0,0,0
1eir,A,56,LEU,3.8,166.7,0.0,0,0,T,0.4817073170731707,-48.2,-45.4,15.0,9.0,0.625,1.9149324004828392,22,25,25,0,0.03403802005578621,0,0,0,0,0,1,0,0,0,-1,0,0,0,0,0
1eir,A,57,ASP,-3.5,111.1,-1.0,1,3,-,0.09815950920245399,50.6,45.0,13.0,16.0,0.4482758620689655,2.4005368681336705,27,21,24,-3,0.04755997322863279,0,0,0,0,0,0,0,0,0,-1,0,0,0,0,0
1eir,A,58,ASP,-3.5,111.1,-1.0,1,3,E,0.049079754601226995,-153.2,172.3,14.0,25.0,0.358974358974359,3.0799201730462027,35,32,14,18,0.050823892960009553,0,0,1,0,0,0,0,0,0,-1,0,0,0,0,0
1eir,A,59,LEU,3.8,166.7,0.0,0,0,E,0.0,-64.0,128.3,23.0,19.0,0.5476190476190477,5.499942969974186,36,35,14,21,0.050823892960009553,0,0,1,0,0,0,0,0,0,-1,0,0,0,0,0
1eir,A,60,ALA,1.8,88.6,0.0,0,0,E,0.12264150943396226,-90.4,-30.5,14.0,16.0,0.4666666666666667,2.175843241985535,31,16,18,-2,0.04243095650789788,0,0,1,0,0,0,0,0,0,6,60,9,0,6,1
1eir,A,61,TYR,-1.3,193.6,0.0,1,1,E,0.05855855855855856,-171.0,164.7,14.0,19.0,0.42424242424242425,2.8550592117746785,36,16,12,4,0.04476232774459557,0,0,1,0,0,0,0,0,0,6,60,9,0,6,1
1eir,A,62,ALA,1.8,88.6,0.0,0,0,E,0.0,-137.0,134.5,21.0,23.0,0.4772727272727273,5.406667602492978,41,14,17,-3,0.053155264196707235,0,0,1,0,0,0,0,0,0,-1,0,0,0,0,0
1eir,A,63,GLY,-0.4,60.1,0.0,0,0,E,0.0,-98.5,119.9,20.0,22.0,0.47619047619047616,7.204434083134326,44,21,20,1,0.0526889899493677,0,0,1,0,0,0,0,0,0,-1,0,0,0,0,0
1eir,A,64,LEU,3.8,166.7,0.0,0,0,E,0.0,-101.6,121.9,22.0,25.0,0.46808510638297873,7.521390058748025,40,10,25,-15,0.053155264196707235,0,0,1,0,0,0,0,0,0,-1,0,0,0,0,0
1eir,A,65,GLU,-3.5,138.4,-1.0,1,3,E,0.05154639175257732,-96.4,138.2,19.0,21.0,0.475,3.3648321370274754,37,22,34,-12,0.05222271570202816,0,0,1,0,0,0,0,0,0,-1,0,0,0,0,0
1eir,A,66,VAL,4.2,140.0,0.0,0,0,-,0.014084507042253521,-117.6,168.1,21.0,15.0,0.5833333333333334,2.677801879319777,32,21,39,-18,0.053155264196707235,0,0,0,0,0,0,0,0,0,11,71,2,0,1,1
1eir,A,67,ASP,-3.5,111.1,-1.0,1,3,S,0.5521472392638037,-83.6,-16.6,3.0,25.0,0.10714285714285714,1.7866332586776987,21,18,32,-14,0.03310547156110714,0,0,0,0,0,0,1,0,0,11,71,2,0,1,1
1eir,A,68,ASP,-3.5,111.1,-1.0,1,3,S,0.4110429447852761,-166.4,178.1,1.0,21.0,0.045454545454545456,2.1420310723595204,20,11,27,-16,0.03124037457174899,0,0,0,0,0,0,1,0,0,11,71,2,0,1,1
1eir,A,69,ALA,1.8,88.6,0.0,0,0,H,0.39622641509433965,-61.9,-39.8,1.0,20.0,0.047619047619047616,1.7941235497848098,19,13,23,-10,0.03403802005578621,1,0,0,0,0,0,0,0,0,11,71,2,0,1,1
1eir,A,70,ALA,1.8,88.6,0.0,0,0,H,0.5,-64.1,-44.0,0.0,18.0,0.0,1.8462145911568288,17,14,29,-15,0.02844272908771177,1,0,0,0,0,0,0,0,0,11,71,2,0,1,1
1eir,A,71,ALA,1.8,88.6,0.0,0,0,H,0.04716981132075472,-59.8,-38.3,12.0,12.0,0.5,2.0888860714499162,24,18,42,-24,0.03870076252918159,1,0,0,0,0,0,0,0,0,11,71,2,0,1,1
1eir,A,72,LEU,3.8,166.7,0.0,0,0,H,0.018292682926829267,-64.6,-40.0,17.0,14.0,0.5483870967741935,3.18326289035959,32,25,37,-12,0.05129016720734909,1,0,0,0,0,0,0,0,0,15,24,3,0,0,1
1eir,A,73,GLU,-3.5,138.4,-1.0,1,3,H,0.41237113402061853,-66.5,-34.6,3.0,19.0,0.13636363636363635,1.9067640032934632,20,28,15,13,0.035436842797804825,1,0,0,0,0,0,0,0,0,15,24,3,0,0,1
1eir,A,74,ARG,-4.5,173.4,1.0,5,0,H,0.5040322580645161,-66.7,-30.6,10.0,13.0,0.43478260869565216,1.8749995953866827,20,9,31,-22,0.03450429430312575,1,0,0,0,0,0,0,0,0,11,71,2,0,1,1
1eir,A,75,MET,1.9,162.9,0.0,0,0,H,0.005319148936170213,-73.6,-40.0,26.0,12.0,0.6842105263157895,3.268955124920928,34,31,26,5,0.04616115048661418,1,0,0,0,0,0,0,0,0,-1,0,0,0,0,0
1eir,A,76,ALA,1.8,88.6,0.0,0,0,H,0.0,-57.8,-39.7,11.0,21.0,0.34375,3.0712303323820427,28,37,17,20,0.043829779249916496,1,0,0,0,0,0,0,0,0,15,24,3,0,0,1
1eir,A,77,ASP,-3.5,111.1,-1.0,1,3,H,0.4233128834355828,-62.8,-42.4,6.0,14.0,0.3,2.0595347023998194,20,33,9,24,0.0363693912924839,1,0,0,0,0,0,0,0,0,-1,0,0,0,0,0
1eir,A,78,LYS,-3.9,168.6,1.0,2,0,H,0.35609756097560974,-64.8,-56.4,15.0,10.0,0.6,1.9721186982008527,27,20,18,2,0.04103213376587927,1,0,0,0,0,0,0,0,0,-1,0,0,0,0,0
1eir,A,79,LEU,3.8,166.7,0.0,0,0,H,0.0,-50.9,-45.9,17.0,13.0,0.5666666666666667,3.772667694832439,28,26,13,13,0.04616115048661418,1,0,0,0,0,0,0,0,0,8,95,3,0,3,1
1eir,A,80,ARG,-4.5,173.4,1.0,5,0,H,0.532258064516129,-57.9,-49.3,6.0,12.0,0.3333333333333333,1.8944817458929573,17,15,14,1,0.035436842797804825,1,0,0,0,0,0,0,0,0,8,95,3,0,3,1
1eir,A,81,GLN,-3.5,143.8,0.0,2,2,H,0.7777777777777778,-63.4,-38.7,8.0,7.0,0.5333333333333333,1.7726274081522422,14,23,11,12,0.023779986614316396,1,0,0,0,0,0,0,0,0,-1,0,0,0,0,0
1eir,A,82,ALA,1.8,88.6,0.0,0,0,H,0.5188679245283019,-78.1,-7.6,16.0,3.0,0.8421052631578947,1.7916817144186172,17,14,12,2,0.026577632098353617,1,0,0,0,0,0,0,0,0,-1,0,0,0,0,0
1eir,A,83,GLY,-0.4,60.1,0.0,0,0,T,0.7857142857142857,78.9,18.0,1.0,13.0,0.07142857142857142,1.7751921982013692,15,13,3,10,0.02098234113027917,0,0,0,0,0,1,0,0,0,8,95,3,0,3,1
1eir,A,84,VAL,4.2,140.0,0.0,0,0,-,0.18309859154929578,-85.3,122.6,20.0,4.0,0.8333333333333334,1.9083450991556024,23,15,9,6,0.030307826077069916,0,0,0,0,0,0,0,0,0,8,95,3,0,3,1
1eir,A,85,ALA,1.8,88.6,0.0,0,0,-,0.7924528301886793,-71.2,142.6,4.0,19.0,0.17391304347826086,1.7675666512462969,21,12,4,8,0.025178809356335007,0,0,0,0,0,0,0,0,0,8,95,3,0,3,1
1eir,A,86,PHE,2.8,189.9,0.0,0,0,E,0.23857868020304568,-159.3,157.4,20.0,4.0,0.8333333333333334,1.9838304008436303,23,26,6,20,0.03124037457174899,0,0,1,0,0,0,0,0,0,8,95,3,0,3,1
1eir,A,87,THR,-0.7,116.1,0.0,1,1,E,0.7183098591549296,-129.6,127.5,5.0,15.0,0.25,1.9877058521088131,18,12,13,-1,0.02611135785101408,0,0,1,0,0,0,0,0,0,8,95,3,0,3,1
1eir,A,88,ARG,-4.5,173.4,1.0,5,0,E,0.45161290322580644,-67.5,124.5,8.0,16.0,0.3333333333333333,1.8748278919093984,22,4,19,-15,0.032639197313767604,0,0,1,0,0,0,0,0,0,15,24,3,0,0,1
1eir,A,89,GLY,-0.4,60.1,0.0,0,0,-,0.10714285714285714,-60.4,139.9,19.0,5.0,0.7916666666666666,1.9420837680395657,23,16,24,-8,0.03683566553982344,0,0,0,0,0,0,0,0,0,-1,0,0,0,0,0
1eir,A,90,ASP,-3.5,111.1,-1.0,1,3,-,0.6257668711656442,-80.9,178.9,1.0,16.0,0.058823529411764705,1.9813720549757865,16,10,9,1,0.027510180593032695,0,0,0,0,0,0,0,0,0,-1,0,0,0,0,0
1eir,A,91,GLU,-3.5,138.4,-1.0,1,3,H,0.6185567010309279,-55.3,-42.6,0.0,15.0,0.0,1.838042557738306,14,7,8,-1,0.02471253510899547,1,0,0,0,0,0,0,0,0,-1,0,0,0,0,0
1eir,A,92,ALA,1.8,88.6,0.0,0,0,H,0.6415094339622641,-60.2,-46.2,1.0,15.0,0.0625,1.7676858751901108,12,16,17,-1,0.027043906345693154,1,0,0,0,0,0,0,0,0,-1,0,0,0,0,0
1eir,A,93,LEU,3.8,166.7,0.0,0,0,H,0.23780487804878048,-65.4,-43.3,10.0,11.0,0.47619047619047616,2.352302245263813,24,23,23,0,0.03730193978716297,1,0,0,0,0,0,0,0,0,-1,0,0,0,0,0
1eir,A,94,MET,1.9,162.9,0.0,0,0,H,0.1595744680851064,-57.7,-38.3,10.0,14.0,0.4166666666666667,2.3222552479376253,23,24,21,3,0.043829779249916496,1,0,0,0,0,0,0,0,0,-1,0,0,0,0,0
1eir,A,95,GLN,-3.5,143.8,0.0,2,2,H,0.601010101010101,-69.5,-44.9,4.0,15.0,0.21052631578947367,1.861487249155772,16,17,16,1,0.03450429430312575,1,0,0,0,0,0,0,0,0,-1,0,0,0,0,0
1eir,A,96,GLN,-3.5,143.8,0.0,2,2,H,0.2828282828282828,-61.8,-46.1,12.0,14.0,0.46153846153846156,2.0286113742372587,23,20,17,3,0.035436842797804825,1,0,0,0,0,0,0,0,0,2,489,3,0,17,1
1eir,A,97,ARG,-4.5,173.4,1.0,5,0,H,0.08064516129032258,-79.7,-17.5,25.0,15.0,0.625,3.7440817201132575,36,12,15,-3,0.043363505002576956,1,0,0,0,0,0,0,0,0,5,90,6,0,6,1
1eir,A,98,LYS,-3.9,168.6,1.0,2,0,T,0.35609756097560974,65.0,46.4,15.0,17.0,0.46875,1.991741707295815,28,18,6,12,0.03683566553982344,0,0,0,0,0,1,0,0,0,5,90,6,0,6,1
1eir,A,99,VAL,4.2,140.0,0.0,0,0,-,0.09154929577464789,-128.0,164.1,23.0,12.0,0.6571428571428571,2.647482140684513,31,23,23,0,0.04709369898129325,0,0,0,0,0,0,0,0,0,5,90,6,0,6,1
1eir,A,100,MET,1.9,162.9,0.0,0,0,S,0.6702127659574468,-84.5,-20.7,12.0,17.0,0.41379310344827586,1.9116908710966452,21,10,12,-2,0.03170664881908853,0,0,0,0,0,0,1,0,0,-1,0,0,0,0,0
1eir,A,101,GLY,-0.4,60.1,0.0,0,0,E,0.10714285714285714,-174.0,146.2,11.0,26.0,0.2972972972972973,2.559547384906911,32,23,32,-9,0.040565859518539735,0,0,1,0,0,0,0,0,0,-1,0,0,0,0,0
1eir,A,102,LEU,3.8,166.7,0.0,0,0,E,0.012195121951219513,-155.6,156.0,24.0,16.0,0.6,2.877282415772462,34,25,23,2,0.04942507021799094,0,0,1,0,0,0,0,0,0,-1,0,0,0,0,0
1eir,A,103,LEU,3.8,166.7,0.0,0,0,E,0.0,-121.1,129.5,20.0,20.0,0.5,4.141709675852744,38,17,20,-3,0.04662742473395372,0,0,1,0,0,0,0,0,0,15,24,3,0,0,1
1eir,A,104,CYS,2.5,108.5,0.0,1,0,E,0.22962962962962963,-103.1,129.2,9.0,21.0,0.3,2.1338453417571315,28,13,13,0,0.04149840801321881,0,0,1,0,0,0,0,0,0,6,60,9,0,6,1
1eir,A,105,LEU,3.8,166.7,0.0,0,0,E,0.07317073170731707,-151.5,-173.1,16.0,14.0,0.5333333333333333,2.5552221359885063,31,3,17,-14,0.04103213376587927,0,0,1,0,0,0,0,0,0,8,95,3,0,3,1
1eir,A,106,GLN,-3.5,143.8,0.0,2,2,E,0.5555555555555556,-136.0,150.6,6.0,21.0,0.2222222222222222,1.8264458981587894,23,9,11,-2,0.03963331102386066,0,0,1,0,0,0,0,0,0,6,60,9,0,6,1
1eir,A,107,ASP,-3.5,111.1,-1.0,1,3,-,0.03067484662576687,-77.7,172.3,21.0,12.0,0.6363636363636364,3.1635386284463567,31,28,2,26,0.04476232774459557,0,0,0,0,0,0,0,0,0,-1,0,0,0,0,0
1eir,A,108,PRO,-1.6,112.7,0.0,0,0,T,0.3161764705882353,-52.2,-17.5,17.0,11.0,0.6071428571428571,1.8339303225601067,26,16,16,0,0.035436842797804825,0,0,0,0,0,1,0,0,0,3,279,3,0,13,1
1eir,A,109,PHE,2.8,189.9,0.0,0,0,T,0.26903553299492383,-119.5,33.3,16.0,8.0,0.6666666666666666,2.3252979177888764,23,27,16,11,0.032172923066428064,0,0,0,0,0,1,0,0,0,3,279,3,0,13,1
1eir,A,110,GLY,-0.4,60.1,0.0,0,0,S,0.2619047619047619,86.7,2.5,6.0,15.0,0.2857142857142857,1.709765977862804,23,19,9,10,0.030774100324409453,0,0,0,0,0,0,1,0,0,6,60,9,0,6,1
1eir,A,111,LEU,3.8,166.7,0.0,0,0,-,0.0,-83.3,116.4,18.0,8.0,0.6923076923076923,3.82009565841492,32,24,18,6,0.04196468226055834,0,0,0,0,0,0,0,0,0,6,60,9,0,6,1
1eir,A,112,PRO,-1.6,112.7,0.0,0,0,E,0.2426470588235294,-63.2,131.3,9.0,17.0,0.34615384615384615,2.4656291769736782,31,15,20,-5,0.04289723075523742,0,0,1,0,0,0,0,0,0,6,60,9,0,6,1
1eir,A,113,LEU,3.8,166.7,0.0,0,0,E,0.006097560975609756,-125.7,137.2,17.0,18.0,0.4857142857142857,3.3644869640375283,39,7,18,-11,0.04709369898129325,0,0,1,0,0,0,0,0,0,6,60,9,0,6,1
1eir,A,114,GLU,-3.5,138.4,-1.0,1,3,E,0.08247422680412371,-121.1,114.9,17.0,22.0,0.4358974358974359,3.0034408848328558,35,13,3,10,0.05035761871267001,0,0,1,0,0,0,0,0,0,6,60,9,0,6,1
1eir,A,115,ILE,4.5,166.7,0.0,0,0,E,0.0,-93.7,118.8,22.0,25.0,0.46808510638297873,5.891062256922881,40,11,23,-12,0.05222271570202816,0,0,1,0,0,0,0,0,0,-1,0,0,0,0,0
1eir,A,116,TYR,-1.3,193.6,0.0,1,1,E,0.013513513513513514,-132.4,178.1,19.0,23.0,0.4523809523809524,5.135808051335307,37,31,34,-3,0.05408781269138631,0,0,1,0,0,0,0,0,0,-1,0,0,0,0,0
1eir,A,117,TYR,-1.3,193.6,0.0,1,1,E,0.21621621621621623,-157.4,162.8,13.0,20.0,0.3939393939393939,2.4942550324207517,23,3,30,-27,0.048492521723311866,0,0,1,0,0,0,0,0,0,-1,0,0,0,0,0
1eir,A,118,GLY,-0.4,60.1,0.0,0,0,-,0.2261904761904762,69.9,45.3,12.0,14.0,0.46153846153846156,1.7803734313373891,23,18,27,-9,0.03683566553982344,0,0,0,0,0,0,0,0,0,5,90,6,0,6,1
1eir,A,119,PRO,-1.6,112.7,0.0,0,0,-,0.25735294117647056,-65.8,153.3,16.0,15.0,0.5161290322580645,2.1467544060260466,26,30,25,5,0.04103213376587927,0,0,0,0,0,0,0,0,0,5,90,6,0,6,1
1eir,A,120,ALA,1.8,88.6,0.0,0,0,-,0.36792452830188677,-83.4,136.0,13.0,12.0,0.52,2.347445423094306,25,40,15,25,0.03450429430312575,0,0,0,0,0,0,0,0,0,5,90,6,0,6,1
1eir,A,121,GLU,-3.5,138.4,-1.0,1,3,B,0.42783505154639173,-122.4,147.9,4.0,16.0,0.2,1.7420986588462382,17,36,16,20,0.034970568550465285,0,1,0,0,0,0,0,0,0,5,90,6,0,6,1
1eir,A,122,ILE,4.5,166.7,0.0,0,0,-,0.1834319526627219,-132.2,68.0,10.0,7.0,0.5882352941176471,2.273697451833542,17,30,25,5,0.03683566553982344,0,0,0,0,0,0,0,0,0,-1,0,0,0,0,0
1eir,A,123,PHE,2.8,189.9,0.0,0,0,T,0.7411167512690355,-61.9,-16.6,0.0,13.0,0.0,1.8068501013166398,12,23,25,-2,0.03170664881908853,0,0,0,0,0,1,0,0,0,-1,0,0,0,0,0
1eir,A,124,HIS,-3.2,153.2,0.1,2,1,T,0.7934782608695652,-80.1,-4.3,1.0,11.0,0.08333333333333333,1.7816745025160556,10,5,14,-9,0.021914889624958248,0,0,0,0,0,1,0,0,0,-1,0,0,0,0,0
1eir,A,125,GLU,-3.5,138.4,-1.0,1,3,S,0.5103092783505154,-127.5,73.2,11.0,5.0,0.6875,1.9500870065745595,15,21,7,14,0.026577632098353617,0,0,0,0,0,0,1,0,0,-1,0,0,0,0,0
1eir,A,126,PRO,-1.6,112.7,0.0,0,0,-,0.7205882352941176,-44.1,131.7,0.0,17.0,0.0,1.9075741631735623,13,19,15,4,0.030307826077069916,0,0,0,0,0,0,0,0,0,-1,0,0,0,0,0
1eir,A,127,PHE,2.8,189.9,0.0,0,0,-,0.23857868020304568,-55.2,135.4,19.0,9.0,0.6785714285714286,2.3385925223312536,27,17,14,3,0.03776821403450251,0,0,0,0,0,0,0,0,0,-1,0,0,0,0,0
1eir,A,128,LEU,3.8,166.7,0.0,0,0,-,0.7439024390243902,-134.9,111.6,5.0,19.0,0.20833333333333334,2.041808751856738,20,11,9,2,0.030307826077069916,0,0,0,0,0,0,0,0,0,-1,0,0,0,0,0
1eir,A,129,PRO,-1.6,112.7,0.0,0,0,-,0.3161764705882353,-65.1,150.4,11.0,16.0,0.4074074074074074,2.1729943750864527,24,17,4,13,0.04196468226055834,0,0,0,0,0,0,0,0,0,-1,0,0,0,0,0
1eir,A,130,SER,-0.8,89.0,0.0,1,1,S,0.3384615384615385,-90.6,-0.2,16.0,9.0,0.64,1.828580808473685,23,25,5,20,0.035436842797804825,0,0,0,0,0,0,1,0,0,-1,0,0,0,0,0
1eir,A,131,ALA,1.8,88.6,0.0,0,0,S,0.11320754716981132,-150.7,160.7,17.0,10.0,0.6296296296296297,1.8164463360729872,26,19,7,12,0.03403802005578621,0,0,0,0,0,0,1,0,0,-1,0,0,0,0,0
1eir,A,132,PRO,-1.6,112.7,0.0,0,0,S,0.6691176470588235,-65.9,93.3,8.0,19.0,0.2962962962962963,1.8339452981490592,26,16,12,4,0.032172923066428064,0,0,0,0,0,0,1,0,0,-1,0,0,0,0,0
1eir,A,133,VAL,4.2,140.0,0.0,0,0,-,0.04929577464788732,-142.1,121.9,28.0,8.0,0.7777777777777778,2.5568095496629026,32,9,13,-4,0.043363505002576956,0,0,0,0,0,0,0,0,0,-1,0,0,0,0,0
1eir,A,134,SER,-0.8,89.0,0.0,1,1,-,0.5692307692307692,-56.8,-27.1,11.0,15.0,0.4230769230769231,1.7659696198950972,24,2,15,-13,0.02797645484037223,0,0,0,0,0,0,0,0,0,-1,0,0,0,0,0
1eir,A,135,GLY,-0.4,60.1,0.0,0,0,-,0.09523809523809523,157.8,173.8,8.0,25.0,0.24242424242424243,2.5106400804883173,30,3,15,-12,0.035436842797804825,0,0,0,0,0,0,0,0,0,-1,0,0,0,0,0
1eir,A,136,PHE,2.8,189.9,0.0,0,0,B,0.08629441624365482,-118.9,147.0,22.0,14.0,0.6111111111111112,3.3383362268162013,40,15,16,-1,0.04476232774459557,0,1,0,0,0,0,0,0,0,-1,0,0,0,0,0
1eir,A,137,VAL,4.2,140.0,0.0,0,0,-,0.24647887323943662,-88.7,107.5,17.0,12.0,0.5862068965517241,2.3689283914411976,29,13,13,0,0.03823448828184205,0,0,0,0,0,0,0,0,0,0,8012,10,0,1111,1
1eir,A,138,THR,-0.7,116.1,0.0,1,1,-,0.11267605633802817,-127.6,-96.8,14.0,16.0,0.4666666666666667,2.132481325881513,27,34,19,15,0.04103213376587927,0,0,0,0,0,0,0,0,0,0,8012,10,0,1111,1
1eir,A,139,GLY,-0.4,60.1,0.0,0,0,G,0.5357142857142857,53.9,-134.7,6.0,17.0,0.2608695652173913,1.7096788227383188,25,35,27,8,0.030774100324409453,0,0,0,1,0,0,0,0,0,-1,0,0,0,0,0
1eir,A,140,ASP,-3.5,111.1,-1.0,1,3,G,0.7116564417177914,-64.9,-18.4,4.0,17.0,0.19047619047619047,1.8225623919765834,22,25,23,2,0.027510180593032695,0,0,0,1,0,0,0,0,0,-1,0,0,0,0,0
1eir,A,141,GLN,-3.5,143.8,0.0,2,2,G,0.1919191919191919,-86.2,3.6,17.0,15.0,0.53125,2.508240803829978,29,44,13,31,0.04429605349725603,0,0,0,1,0,0,0,0,0,0,8012,10,0,1111,1
1eir,A,142,GLY,-0.4,60.1,0.0,0,0,-,0.0,76.8,-175.0,26.0,13.0,0.6666666666666666,4.180128233397131,33,47,26,21,0.048026247475972325,0,0,0,0,0,0,0,0,0,-1,0,0,0,0,0
1eir,A,143,ILE,4.5,166.7,0.0,0,0,S,0.023668639053254437,-68.9,-26.0,21.0,20.0,0.5121951219512195,6.581813866701441,39,44,14,30,0.04709369898129325,0,0,0,0,0,0,1,0,0,-1,0,0,0,0,0
1eir,A,144,GLY,-0.4,60.1,0.0,0,0,-,0.011904761904761904,154.8,-142.9,21.0,24.0,0.4666666666666667,7.797766090127011,43,54,9,45,0.04662742473395372,0,0,0,0,0,0,0,0,0,-1,0,0,0,0,0
1eir,A,145,HIS,-3.2,153.2,0.1,2,1,E,0.02717391304347826,-143.8,173.1,20.0,22.0,0.47619047619047616,4.13733425773502,40,50,14,36,0.050823892960009553,0,0,1,0,0,0,0,0,0,-1,0,0,0,0,0
1eir,A,146,PHE,2.8,189.9,0.0,0,0,E,0.0,-153.3,150.4,20.0,20.0,0.5,6.918009779911671,44,53,4,49,0.048492521723311866,0,0,1,0,0,0,0,0,0,-1,0,0,0,0,0
1eir,A,147,VAL,4.2,140.0,0.0,0,0,E,0.08450704225352113,-97.4,115.7,15.0,17.0,0.46875,3.418045327987421,36,60,11,49,0.05129016720734909,0,0,1,0,0,0,0,0,0,-1,0,0,0,0,0
1eir,A,148,ARG,-4.5,173.4,1.0,5,0,E,0.024193548387096774,-89.9,116.1,23.0,20.0,0.5348837209302325,3.8416502142156053,37,25,14,11,0.04989134446533048,0,0,1,0,0,0,0,0,0,-1,0,0,0,0,0
1eir,A,149,CYS,2.5,108.5,0.0,1,0,E,0.08148148148148149,-77.3,129.6,14.0,23.0,0.3783783783783784,2.336514493449392,31,41,10,31,0.04989134446533048,0,0,1,0,0,0,0,0,0,7,47,9,0,5,1
1eir,A,150,VAL,4.2,140.0,0.0,0,0,-,0.035211267605633804,-134.9,148.1,21.0,13.0,0.6176470588235294,2.5080066385658455,32,35,13,22,0.04243095650789788,0,0,0,0,0,0,0,0,0,-1,0,0,0,0,0
1eir,A,151,PRO,-1.6,112.7,0.0,0,0,S,0.7867647058823529,-82.3,-17.9,6.0,17.0,0.2608695652173913,1.8628570034342766,22,19,11,8,0.02471253510899547,0,0,0,0,0,0,1,0,0,-1,0,0,0,0,0
1eir,A,152,ASP,-3.5,111.1,-1.0,1,3,-,0.43558282208588955,-142.1,94.8,8.0,15.0,0.34782608695652173,2.059604763361217,18,13,0,13,0.028909003335051305,0,0,0,0,0,0,0,0,0,3,279,3,0,13,1
1eir,A,153,THR,-0.7,116.1,0.0,1,1,H,0.13380281690140844,-59.8,-36.2,12.0,14.0,0.46153846153846156,2.04160916947279,27,23,8,15,0.04103213376587927,1,0,0,0,0,0,0,0,0,3,279,3,0,13,1
1eir,A,154,ALA,1.8,88.6,0.0,0,0,H,0.6981132075471698,-65.5,-44.2,0.0,19.0,0.0,1.767548673485144,19,15,12,3,0.025645083603674543,1,0,0,0,0,0,0,0,0,3,279,3,0,13,1
1eir,A,155,LYS,-3.9,168.6,1.0,2,0,H,0.5219512195121951,-62.4,-43.7,7.0,12.0,0.3684210526315789,1.9236082732898945,17,0,18,-18,0.030774100324409453,1,0,0,0,0,0,0,0,0,3,279,3,0,13,1
1eir,A,156,ALA,1.8,88.6,0.0,0,0,H,0.0,-64.8,-44.7,19.0,14.0,0.5757575757575758,3.9755592902351906,28,29,24,5,0.050823892960009553,1,0,0,0,0,0,0,0,0,3,279,3,0,13,1
1eir,A,157,MET,1.9,162.9,0.0,0,0,H,0.16489361702127658,-56.6,-50.6,10.0,23.0,0.30303030303030304,2.400596234801368,31,17,16,1,0.04149840801321881,1,0,0,0,0,0,0,0,0,20,0,7,0,0,1
1eir,A,158,ALA,1.8,88.6,0.0,0,0,I,0.32075471698113206,-54.3,-40.9,5.0,17.0,0.22727272727272727,1.7677202518580297,21,10,14,-4,0.032172923066428064,0,0,0,0,1,0,0,0,0,20,0,7,0,0,1
1eir,A,159,PHE,2.8,189.9,0.0,0,0,I,0.09137055837563451,-67.1,-56.8,13.0,14.0,0.48148148148148145,2.576682035336276,36,15,18,-3,0.04196468226055834,0,0,0,0,1,0,0,0,0,3,279,3,0,13,1
1eir,A,160,TYR,-1.3,193.6,0.0,1,1,I,0.0,-63.1,-32.1,23.0,15.0,0.6052631578947368,5.981718561499252,40,21,15,6,0.04709369898129325,0,0,0,0,1,0,0,0,0,-1,0,0,0,0,0
1eir,A,161,THR,-0.7,116.1,0.0,1,1,I,0.2746478873239437,-91.9,-55.8,14.0,15.0,0.4827586206896552,2.12012752797028,26,10,9,1,0.04149840801321881,0,0,0,0,1,0,0,0,0,20,0,7,0,0,1
1eir,A,162,GLU,-3.5,138.4,-1.0,1,3,I,0.8092783505154639,-67.3,-35.6,9.0,13.0,0.4090909090909091,1.7319938811578968,17,9,0,9,0.02797645484037223,0,0,0,0,1,0,0,0,0,-1,0,0,0,0,0
1eir,A,163,VAL,4.2,140.0,0.0,0,0,I,0.13380281690140844,-96.9,-45.4,17.0,12.0,0.5862068965517241,2.076914785409481,31,16,13,3,0.03916703677652112,0,0,0,0,1,0,0,0,0,-1,0,0,0,0,0
1eir,A,164,LEU,3.8,166.7,0.0,0,0,T,0.0,-91.8,-16.0,25.0,16.0,0.6097560975609756,4.0690267531367255,35,14,14,0,0.04616115048661418,0,0,0,0,0,1,0,0,0,-1,0,0,0,0,0
1eir,A,165,GLY,-0.4,60.1,0.0,0,0,-,0.2619047619047619,88.1,11.5,13.0,14.0,0.48148148148148145,1.7655579063900841,24,16,16,0,0.03730193978716297,0,0,0,0,0,0,0,0,0,10,24,8,0,2,1
1eir,A,166,PHE,2.8,189.9,0.0,0,0,-,0.015228426395939087,-70.7,161.1,23.0,10.0,0.696969696969697,3.9415375761257834,37,24,11,13,0.04429605349725603,0,0,0,0,0,0,0,0,0,10,24,8,0,2,1
1eir,A,167,VAL,4.2,140.0,0.0,0,0,E,0.5352112676056338,-129.9,133.1,15.0,22.0,0.40540540540540543,2.4781832742521033,28,22,9,13,0.03403802005578621,0,0,1,0,0,0,0,0,0,20,0,7,0,0,1
1eir,A,168,LEU,3.8,166.7,0.0,0,0,E,0.23170731707317074,-63.6,126.1,14.0,19.0,0.42424242424242425,2.241338011481473,29,32,8,24,0.03963331102386066,0,0,1,0,0,0,0,0,0,20,0,7,0,0,1
1eir,A,169,SER,-0.8,89.0,0.0,1,1,E,0.0,-89.9,-58.8,23.0,13.0,0.6388888888888888,3.449215002128163,35,53,14,39,0.05129016720734909,0,0,1,0,0,0,0,0,0,-1,0,0,0,0,0
1eir,A,170,ASP,-3.5,111.1,-1.0,1,3,E,0.0,-165.1,-176.8,15.0,14.0,0.5172413793103449,2.997300194932931,31,62,8,54,0.05129016720734909,0,0,1,0,0,0,0,0,0,-1,0,0,0,0,0
1eir,A,171,ILE,4.5,166.7,0.0,0,0,E,0.1242603550295858,-132.9,142.1,8.0,23.0,0.25806451612903225,2.6284666567902466,29,37,16,21,0.05175644145468863,0,0,1,0,0,0,0,0,0,-1,0,0,0,0,0
1eir,A,172,ILE,4.5,166.7,0.0,0,0,E,0.005917159763313609,-126.6,129.4,16.0,15.0,0.5161290322580645,3.8144542150892033,30,51,17,34,0.05408781269138631,0,0,1,0,0,0,0,0,0,-1,0,0,0,0,0
1eir,A,173,ASP,-3.5,111.1,-1.0,1,3,E,0.22085889570552147,-89.4,96.3,8.0,20.0,0.2857142857142857,2.1107203025532524,22,36,2,34,0.04476232774459557,0,0,1,0,0,0,0,0,0,-1,0,0,0,0,0
1eir,A,174,ILE,4.5,166.7,0.0,0,0,E,0.20710059171597633,-78.7,114.6,13.0,13.0,0.5,2.4985234343739964,28,26,8,18,0.04243095650789788,0,0,1,0,0,0,0,0,0,9,24,9,0,2,1
1eir,A,175,GLN,-3.5,143.8,0.0,2,2,E,0.5303030303030303,-66.2,121.6,8.0,12.0,0.4,1.7875102978620079,16,13,14,-1,0.03403802005578621,0,0,1,0,0,0,0,0,0,9,24,9,0,2,1
1eir,A,176,MET,1.9,162.9,0.0,0,0,-,0.48404255319148937,-97.3,-41.9,11.0,9.0,0.55,1.9958028327966206,16,1,9,-8,0.028909003335051305,0,0,0,0,0,0,0,0,0,9,24,9,0,2,1
1eir,A,177,GLY,-0.4,60.1,0.0,0,0,S,0.30952380952380953,-144.2,-151.2,3.0,7.0,0.3,1.7670999822521232,9,0,11,-11,0.021914889624958248,0,0,0,0,0,0,1,0,0,9,24,9,0,2,1
1eir,A,178,PRO,-1.6,112.7,0.0,0,0,S,0.9705882352941176,-71.5,-43.6,0.0,8.0,0.0,1.8338318379621688,7,0,9,-9,0.018650969893581486,0,0,0,0,0,0,1,0,0,-1,0,0,0,0,0
1eir,A,179,GLU,-3.5,138.4,-1.0,1,3,S,0.9381443298969072,-127.1,25.4,0.0,9.0,0.0,1.7424199127929234,7,0,0,0,0.01818469564624195,0,0,0,0,0,0,1,0,0,1,264,7,0,19,1
1eir,A,180,THR,-0.7,116.1,0.0,1,1,-,0.528169014084507,-124.9,126.8,5.0,8.0,0.38461538461538464,2.0036298009047946,13,0,14,-14,0.025645083603674543,0,0,0,0,0,0,0,0,0,9,24,9,0,2,1
1eir,A,181,SER,-0.8,89.0,0.0,1,1,E,0.36923076923076925,-139.7,143.9,12.0,9.0,0.5714285714285714,1.8437187607306296,21,5,16,-11,0.03403802005578621,0,0,1,0,0,0,0,0,0,1,264,7,0,19,1
1eir,A,182,VAL,4.2,140.0,0.0,0,0,E,0.09859154929577464,-113.9,120.6,16.0,12.0,0.5714285714285714,2.4780762883092287,26,12,10,2,0.03870076252918159,0,0,1,0,0,0,0,0,0,1,264,7,0,19,1
1eir,A,183,PRO,-1.6,112.7,0.0,0,0,E,0.33088235294117646,-77.8,99.3,6.0,23.0,0.20689655172413793,2.539212284299651,26,20,11,9,0.04196468226055834,0,0,1,0,0,0,0,0,0,-1,0,0,0,0,0
1eir,A,184,ALA,1.8,88.6,0.0,0,0,E,0.018867924528301886,-82.5,127.4,19.0,19.0,0.5,3.566661273289654,36,38,16,22,0.048492521723311866,0,0,1,0,0,0,0,0,0,-1,0,0,0,0,0
1eir,A,185,HIS,-3.2,153.2,0.1,2,1,E,0.16847826086956522,-103.7,119.4,16.0,27.0,0.37209302325581395,3.3163670339415345,36,15,17,-2,0.04616115048661418,0,0,1,0,0,0,0,0,0,20,0,7,0,0,1
1eir,A,186,PHE,2.8,189.9,0.0,0,0,E,0.09137055837563451,-97.3,127.4,18.0,22.0,0.45,3.920650597642175,42,66,17,49,0.056419183928083996,0,0,1,0,0,0,0,0,0,-1,0,0,0,0,0
1eir,A,187,LEU,3.8,166.7,0.0,0,0,E,0.0,-122.0,144.0,22.0,21.0,0.5116279069767442,5.678706997330892,37,49,9,40,0.05688545817542354,0,0,1,0,0,0,0,0,0,20,0,7,0,0,1
1eir,A,188,HIS,-3.2,153.2,0.1,2,1,E,0.13043478260869565,-122.6,161.0,15.0,24.0,0.38461538461538464,2.8620503482492596,34,32,16,16,0.0526889899493677,0,0,1,0,0,0,0,0,0,10,24,8,0,2,1
1eir,A,189,CYS,2.5,108.5,0.0,1,0,S,0.13333333333333333,-140.2,12.5,20.0,16.0,0.5555555555555556,2.238128036960104,32,38,21,17,0.045694876239274644,0,0,0,0,0,0,1,0,0,-1,0,0,0,0,0
1eir,A,190,ASN,-3.5,114.1,0.0,2,2,S,0.1592356687898089,-171.4,-155.4,16.0,18.0,0.47058823529411764,2.2152644096470455,32,46,23,23,0.040565859518539735,0,0,0,0,0,0,1,0,0,-1,0,0,0,0,0
1eir,A,191,GLY,-0.4,60.1,0.0,0,0,S,0.2976190476190476,-68.7,-26.1,6.0,25.0,0.1935483870967742,2.2296257623082427,28,51,19,32,0.03590311704514436,0,0,0,0,0,0,1,0,0,-1,0,0,0,0,0
1eir,A,192,ARG,-4.5,173.4,1.0,5,0,B,0.028225806451612902,-63.7,124.5,26.0,16.0,0.6190476190476191,4.470080273543915,34,50,16,34,0.04755997322863279,0,1,0,0,0,0,0,0,0,0,8012,10,0,1111,1
1eir,A,193,HIS,-3.2,153.2,0.1,2,1,S,0.010869565217391304,-37.3,-46.7,17.0,24.0,0.4146341463414634,4.865520654195171,35,58,19,39,0.05968310365946076,0,0,0,0,0,0,1,0,0,-1,0,0,0,0,0
1eir,A,194,HIS,-3.2,153.2,0.1,2,1,-,0.03260869565217391,-153.2,140.2,20.0,22.0,0.47619047619047616,4.143067270063769,42,60,19,41,0.056419183928083996,0,0,0,0,0,0,0,0,0,-1,0,0,0,0,0
1eir,A,195,THR,-0.7,116.1,0.0,1,1,S,0.0,-106.7,-30.3,25.0,22.0,0.5319148936170213,7.140067500823766,41,61,7,54,0.05408781269138631,0,0,0,0,0,0,1,0,0,-1,0,0,0,0,0
1eir,A,196,ILE,4.5,166.7,0.0,0,0,E,0.0,-142.8,131.0,19.0,26.0,0.4222222222222222,7.210405682137212,45,56,2,54,0.05502036118606539,0,0,1,0,0,0,0,0,0,-1,0,0,0,0,0
1eir,A,197,ALA,1.8,88.6,0.0,0,0,E,0.0,-118.7,140.2,25.0,18.0,0.5813953488372093,3.4076583405990357,41,62,5,57,0.048026247475972325,0,0,1,0,0,0,0,0,0,-1,0,0,0,0,0
1eir,A,198,LEU,3.8,166.7,0.0,0,0,E,0.0,-112.0,132.1,22.0,24.0,0.4782608695652174,5.1183196993914795,41,31,10,21,0.05408781269138631,0,0,1,0,0,0,0,0,0,20,0,7,0,0,1
1eir,A,199,ALA,1.8,88.6,0.0,0,0,E,0.0,-151.0,132.8,22.0,15.0,0.5945945945945946,3.3869817689558532,34,33,5,28,0.048492521723311866,0,0,1,0,0,0,0,0,0,-1,0,0,0,0,0
1eir,A,200,ALA,1.8,88.6,0.0,0,0,-,0.36792452830188677,-80.7,71.1,12.0,21.0,0.36363636363636365,2.0602083869420276,27,16,7,9,0.03823448828184205,0,0,0,0,0,0,0,0,0,-1,0,0,0,0,0
1eir,A,201,PHE,2.8,189.9,0.0,0,0,-,0.13705583756345177,-86.5,146.3,18.0,12.0,0.6,1.9515875253199966,29,28,1,27,0.03170664881908853,0,0,0,0,0,0,0,0,0,7,47,9,0,5,1
1eir,A,202,PRO,-1.6,112.7,0.0,0,0,S,0.8308823529411765,-83.1,53.4,5.0,15.0,0.25,1.8338787393424378,14,11,0,11,0.020516066882939634,0,0,0,0,0,0,1,0,0,7,47,9,0,5,1
1eir,A,203,ILE,4.5,166.7,0.0,0,0,-,0.20118343195266272,-120.0,140.2,18.0,3.0,0.8571428571428571,1.8546104830317316,21,30,5,25,0.027043906345693154,0,0,0,0,0,0,0,0,0,7,47,9,0,5,1
1eir,A,204,PRO,-1.6,112.7,0.0,0,0,S,0.6985294117647058,-81.9,20.7,5.0,15.0,0.25,1.8339383383522931,16,23,9,14,0.021914889624958248,0,0,0,0,0,0,1,0,0,7,47,9,0,5,1
1eir,A,205,LYS,-3.9,168.6,1.0,2,0,S,0.16097560975609757,-113.3,159.4,15.0,14.0,0.5172413793103449,2.233129748363986,25,29,19,10,0.03776821403450251,0,0,0,0,0,0,1,0,0,7,47,9,0,5,1
1eir,A,206,ARG,-4.5,173.4,1.0,5,0,S,0.25,-70.7,-28.5,18.0,21.0,0.46153846153846156,2.102214137727313,29,22,19,3,0.04149840801321881,0,0,0,0,0,0,1,0,0,-1,0,0,0,0,0
1eir,A,207,ILE,4.5,166.7,0.0,0,0,E,0.005917159763313609,-138.5,156.6,23.0,18.0,0.5609756097560976,5.246230883747936,38,53,18,35,0.05222271570202816,0,0,1,0,0,0,0,0,0,-1,0,0,0,0,0
1eir,A,208,HIS,-3.2,153.2,0.1,2,1,E,0.2608695652173913,-89.0,-36.5,17.0,18.0,0.4857142857142857,2.220555757287735,35,31,19,12,0.045228601991935104,0,0,1,0,0,0,0,0,0,-1,0,0,0,0,0
1eir,A,209,HIS,-3.2,153.2,0.1,2,1,E,0.03804347826086957,-175.3,165.6,12.0,27.0,0.3076923076923077,3.427421307054226,38,34,21,13,0.048958795970651406,0,0,1,0,0,0,0,0,0,-1,0,0,0,0,0
1eir,A,210,PHE,2.8,189.9,0.0,0,0,E,0.005076142131979695,-122.4,150.0,14.0,25.0,0.358974358974359,8.001922780750387,37,28,20,8,0.05222271570202816,0,0,1,0,0,0,0,0,0,-1,0,0,0,0,0
1eir,A,211,MET,1.9,162.9,0.0,0,0,E,0.015957446808510637,-121.1,142.8,22.0,21.0,0.5116279069767442,5.156494198923099,37,41,15,26,0.04709369898129325,0,0,1,0,0,0,0,0,0,-1,0,0,0,0,0
1eir,A,212,LEU,3.8,166.7,0.0,0,0,E,0.018292682926829267,-124.2,136.8,23.0,26.0,0.46938775510204084,7.864004013452899,41,24,11,13,0.05175644145468863,0,0,1,0,0,0,0,0,0,-1,0,0,0,0,0
1eir,A,213,GLN,-3.5,143.8,0.0,2,2,E,0.07575757575757576,-105.9,126.5,19.0,25.0,0.4318181818181818,3.424549794513945,36,22,13,9,0.05035761871267001,0,0,1,0,0,0,0,0,0,0,8012,10,0,1111,1
1eir,A,214,ALA,1.8,88.6,0.0,0,0,B,0.0,-96.0,164.7,22.0,15.0,0.5945945945945946,3.331924841632234,33,4,15,-11,0.05175644145468863,0,1,0,0,0,0,0,0,0,0,8012,10,0,1111,1
1eir,A,215,ASN,-3.5,114.1,0.0,2,2,S,0.49044585987261147,-73.5,-35.7,7.0,18.0,0.28,1.9134512575150224,21,0,13,-13,0.03823448828184205,0,0,0,0,0,0,1,0,0,-1,0,0,0,0,0
1eir,A,216,THR,-0.7,116.1,0.0,1,1,S,0.352112676056338,-123.5,169.0,9.0,15.0,0.375,2.341895595346042,22,0,16,-16,0.03590311704514436,0,0,0,0,0,0,1,0,0,-1,0,0,0,0,0
1eir,A,217,ILE,4.5,166.7,0.0,0,0,H,0.4437869822485207,-73.6,-32.9,5.0,22.0,0.18518518518518517,2.0276479286839977,23,4,16,-12,0.035436842797804825,1,0,0,0,0,0,0,0,0,-1,0,0,0,0,0
1eir,A,218,ASP,-3.5,111.1,-1.0,1,3,H,0.6196319018404908,-68.3,-33.0,4.0,19.0,0.17391304347826086,1.8205888663005318,19,1,9,-8,0.02984155182973038,1,0,0,0,0,0,0,0,0,16,24,1,0,0,1
1eir,A,219,ASP,-3.5,111.1,-1.0,1,3,H,0.049079754601226995,-54.4,-47.1,20.0,12.0,0.625,2.6706343657363796,32,6,9,-3,0.04709369898129325,1,0,0,0,0,0,0,0,0,-1,0,0,0,0,0
1eir,A,220,VAL,4.2,140.0,0.0,0,0,H,0.007042253521126761,-66.0,-42.9,19.0,20.0,0.48717948717948717,2.757738260234968,37,7,27,-20,0.05408781269138631,1,0,0,0,0,0,0,0,0,-1,0,0,0,0,0
1eir,A,221,GLY,-0.4,60.1,0.0,0,0,H,0.3333333333333333,-61.2,-45.9,3.0,24.0,0.1111111111111111,1.7098515053201997,24,10,27,-17,0.03823448828184205,1,0,0,0,0,0,0,0,0,14,22,4,0,1,1
1eir,A,222,TYR,-1.3,193.6,0.0,1,1,H,0.6351351351351351,-65.9,-44.6,13.0,14.0,0.48148148148148145,1.8314491235807084,18,10,24,-14,0.03870076252918159,1,0,0,0,0,0,0,0,0,16,24,1,0,0,1
1eir,A,223,ALA,1.8,88.6,0.0,0,0,H,0.0,-59.8,-32.9,28.0,15.0,0.6511627906976745,4.288032434195923,36,14,29,-15,0.04989134446533048,1,0,0,0,0,0,0,0,0,14,22,4,0,1,1
1eir,A,224,PHE,2.8,189.9,0.0,0,0,H,0.14213197969543148,-64.3,-45.7,15.0,21.0,0.4166666666666667,2.5458178840038133,29,17,20,-3,0.048492521723311866,1,0,0,0,0,0,0,0,0,14,22,4,0,1,1
1eir,A,225,ASP,-3.5,111.1,-1.0,1,3,H,0.6257668711656442,-63.4,-37.4,6.0,20.0,0.23076923076923078,1.81784014515975,17,11,12,-1,0.034970568550465285,1,0,0,0,0,0,0,0,0,14,22,4,0,1,1
1eir,A,226,ARG,-4.5,173.4,1.0,5,0,H,0.1693548387096774,-63.3,-50.9,17.0,11.0,0.6071428571428571,2.262718927121667,31,16,22,-6,0.0363693912924839,1,0,0,0,0,0,0,0,0,14,22,4,0,1,1
1eir,A,227,LEU,3.8,166.7,0.0,0,0,H,0.006097560975609756,-71.1,-21.4,26.0,9.0,0.7428571428571429,3.939074062656342,33,31,25,6,0.04942507021799094,1,0,0,0,0,0,0,0,0,18,3,5,0,0,1
1eir,A,228,ASP,-3.5,111.1,-1.0,1,3,H,0.5214723926380368,-72.3,-48.3,11.0,15.0,0.4230769230769231,1.979734114338037,21,15,9,6,0.03590311704514436,1,0,0,0,0,0,0,0,0,18,3,5,0,0,1
1eir,A,229,ALA,1.8,88.6,0.0,0,0,H,0.8679245283018868,-56.5,-31.1,8.0,7.0,0.5333333333333333,1.7676163884782365,14,23,16,7,0.023779986614316396,1,0,0,0,0,0,0,0,0,18,3,5,0,0,1
1eir,A,230,ALA,1.8,88.6,0.0,0,0,T,0.4339622641509434,-81.5,-6.9,18.0,3.0,0.8571428571428571,1.7827799047576858,21,30,19,11,0.025178809356335007,0,0,0,0,0,1,0,0,0,18,3,5,0,0,1
1eir,A,231,GLY,-0.4,60.1,0.0,0,0,T,0.7738095238095238,68.5,32.5,0.0,20.0,0.0,1.7753764256120088,21,20,19,1,0.023779986614316396,0,0,0,0,0,1,0,0,0,18,3,5,0,0,1
1eir,A,232,ARG,-4.5,173.4,1.0,5,0,-,0.21774193548387097,-113.2,3.3,21.0,10.0,0.6774193548387096,1.9248777838526878,29,10,24,-14,0.03683566553982344,0,0,0,0,0,0,0,0,0,22,0,12,0,0,1
1eir,A,233,ILE,4.5,166.7,0.0,0,0,B,0.09467455621301775,-62.9,130.4,16.0,15.0,0.5161290322580645,2.1305399163998833,27,21,27,-6,0.04942507021799094,0,1,0,0,0,0,0,0,0,18,3,5,0,0,1
1eir,A,234,THR,-0.7,116.1,0.0,1,1,-,0.1267605633802817,-116.4,-9.7,11.0,18.0,0.3793103448275862,1.9637133015796155,26,33,26,7,0.04103213376587927,0,0,0,0,0,0,0,0,0,22,0,12,0,0,1
1eir,A,235,SER,-0.8,89.0,0.0,1,1,B,0.05384615384615385,-156.2,149.4,19.0,10.0,0.6551724137931034,2.9307341518159955,29,31,22,9,0.04709369898129325,0,1,0,0,0,0,0,0,0,-1,0,0,0,0,0
1eir,A,236,LEU,3.8,166.7,0.0,0,0,-,0.43902439024390244,-79.5,169.4,7.0,23.0,0.23333333333333334,2.5234532444201414,21,21,4,17,0.043363505002576956,0,0,0,0,0,0,0,0,0,-1,0,0,0,0,0
1eir,A,237,LEU,3.8,166.7,0.0,0,0,-,0.39634146341463417,-60.5,150.7,11.0,23.0,0.3235294117647059,1.9571090700639018,30,24,4,20,0.04429605349725603,0,0,0,0,0,0,0,0,0,19,2,2,0,0,1
1eir,A,238,GLY,-0.4,60.1,0.0,0,0,E,0.0,-168.9,177.0,17.0,15.0,0.53125,3.769071712878215,27,36,6,30,0.048026247475972325,0,0,1,0,0,0,0,0,0,19,2,2,0,0,1
1eir,A,239,ARG,-4.5,173.4,1.0,5,0,E,0.25806451612903225,-131.3,127.1,7.0,23.0,0.23333333333333334,3.245074950640536,24,22,9,13,0.05222271570202816,0,0,1,0,0,0,0,0,0,21,0,3,0,0,1
1eir,A,240,HIS,-3.2,153.2,0.1,2,1,E,0.059782608695652176,-69.5,157.7,16.0,14.0,0.5333333333333333,2.6042830205295293,38,54,15,39,0.05129016720734909,0,0,1,0,0,0,0,0,0,21,0,3,0,0,1
1eir,A,241,THR,-0.7,116.1,0.0,1,1,S,0.15492957746478872,-76.5,-43.4,14.0,15.0,0.4827586206896552,2.2380883009079606,27,59,15,44,0.04476232774459557,0,0,0,0,0,0,1,0,0,21,0,3,0,0,1
1eir,A,242,ASN,-3.5,114.1,0.0,2,2,S,0.012738853503184714,-84.3,-53.6,23.0,13.0,0.6388888888888888,2.791855769213557,38,72,18,54,0.048958795970651406,0,0,0,0,0,0,1,0,0,-1,0,0,0,0,0
1eir,A,243,ASP,-3.5,111.1,-1.0,1,3,S,0.024539877300613498,-92.0,-10.4,21.0,15.0,0.5833333333333334,2.6463802415141586,38,75,9,66,0.05129016720734909,0,0,0,0,0,0,1,0,0,-1,0,0,0,0,0
1eir,A,244,GLN,-3.5,143.8,0.0,2,2,-,0.25757575757575757,62.8,28.3,6.0,18.0,0.25,2.418530336270606,25,49,9,40,0.045694876239274644,0,0,0,0,0,0,0,0,0,21,0,3,0,0,1
1eir,A,245,THR,-0.7,116.1,0.0,1,1,-,0.014084507042253521,-79.9,138.9,22.0,16.0,0.5789473684210527,4.325644670587747,35,58,16,42,0.05129016720734909,0,0,0,0,0,0,0,0,0,-1,0,0,0,0,0
1eir,A,246,LEU,3.8,166.7,0.0,0,0,E,0.07926829268292683,-104.2,114.6,11.0,28.0,0.28205128205128205,3.5784058290293,35,30,14,16,0.05502036118606539,0,0,1,0,0,0,0,0,0,19,2,2,0,0,1
1eir,A,247,SER,-0.8,89.0,0.0,1,1,E,0.0,-152.4,-172.2,21.0,22.0,0.4883720930232558,4.7449830360976195,40,37,13,24,0.05502036118606539,0,0,1,0,0,0,0,0,0,-1,0,0,0,0,0
1eir,A,248,PHE,2.8,189.9,0.0,0,0,E,0.0,-147.6,161.6,20.0,25.0,0.4444444444444444,5.440268168961568,41,24,26,-2,0.05502036118606539,0,0,1,0,0,0,0,0,0,-1,0,0,0,0,0
1eir,A,249,TYR,-1.3,193.6,0.0,1,1,E,0.13513513513513514,-116.2,158.2,17.0,25.0,0.40476190476190477,2.487403734374114,39,46,26,20,0.050823892960009553,0,0,1,0,0,0,0,0,0,-1,0,0,0,0,0
1eir,A,250,ALA,1.8,88.6,0.0,0,0,E,0.0,-156.0,154.6,26.0,18.0,0.5909090909090909,4.506757420400641,32,27,30,-3,0.04989134446533048,0,0,1,0,0,0,0,0,0,22,0,12,0,0,1
1eir,A,251,ASP,-3.5,111.1,-1.0,1,3,E,0.3987730061349693,-79.3,142.2,13.0,21.0,0.38235294117647056,2.329173097290665,27,20,12,8,0.045694876239274644,0,0,1,0,0,0,0,0,0,22,0,12,0,0,1
1eir,A,252,THR,-0.7,116.1,0.0,1,1,-,0.028169014084507043,-92.0,166.2,24.0,15.0,0.6153846153846154,3.364691578980963,33,21,33,-12,0.045694876239274644,0,0,0,0,0,0,0,0,0,22,0,12,0,0,1
1eir,A,253,PRO,-1.6,112.7,0.0,0,0,S,0.17647058823529413,-62.8,-0.2,16.0,16.0,0.5,2.334792737434468,31,25,34,-9,0.04149840801321881,0,0,0,0,0,0,1,0,0,-1,0,0,0,0,0
1eir,A,254,SER,-0.8,89.0,0.0,1,1,S,0.0,-104.1,114.3,24.0,11.0,0.6857142857142857,2.4988279358965504,32,23,40,-17,0.043829779249916496,0,0,0,0,0,0,1,0,0,-1,0,0,0,0,0
1eir,A,255,PRO,-1.6,112.7,0.0,0,0,T,0.5661764705882353,-44.7,124.5,6.0,20.0,0.23076923076923078,2.0231571614292445,22,18,32,-14,0.02797645484037223,0,0,0,0,0,1,0,0,0,-1,0,0,0,0,0
1eir,A,256,MET,1.9,162.9,0.0,0,0,T,0.5531914893617021,75.8,12.2,11.0,16.0,0.4074074074074074,1.8594397478494347,22,25,29,-4,0.035436842797804825,0,0,0,0,0,1,0,0,0,22,0,12,0,0,1
1eir,A,257,ILE,4.5,166.7,0.0,0,0,-,0.0,-122.5,121.4,19.0,14.0,0.5757575757575758,3.8556973426950854,33,36,34,2,0.05175644145468863,0,0,0,0,0,0,0,0,0,22,0,12,0,0,1
1eir,A,258,GLU,-3.5,138.4,-1.0,1,3,E,0.17525773195876287,-108.4,177.9,13.0,20.0,0.3939393939393939,2.7740925742944786,31,29,17,12,0.050823892960009553,0,0,1,0,0,0,0,0,0,22,0,12,0,0,1
1eir,A,259,VAL,4.2,140.0,0.0,0,0,E,0.007042253521126761,-132.6,145.0,18.0,20.0,0.47368421052631576,6.6960480815405505,37,33,26,7,0.05222271570202816,0,0,1,0,0,0,0,0,0,-1,0,0,0,0,0
1eir,A,260,GLU,-3.5,138.4,-1.0,1,3,E,0.010309278350515464,-118.4,129.7,19.0,21.0,0.475,4.106660152011904,38,44,13,31,0.05502036118606539,0,0,1,0,0,0,0,0,0,-1,0,0,0,0,0
1eir,A,261,PHE,2.8,189.9,0.0,0,0,E,0.005076142131979695,-115.9,109.2,27.0,25.0,0.5192307692307693,6.898374432152716,41,7,22,-15,0.05222271570202816,0,0,1,0,0,0,0,0,0,-1,0,0,0,0,0
1eir,A,262,GLY,-0.4,60.1,0.0,0,0,E,0.0,-131.3,179.8,24.0,19.0,0.5581395348837209,5.151625242129027,41,18,24,-6,0.05222271570202816,0,0,1,0,0,0,0,0,0,-1,0,0,0,0,0
1eir,A,263,TRP,-0.9,227.8,0.0,1,0,E,0.3039647577092511,-152.6,165.8,13.0,24.0,0.35135135135135137,2.5925432869180214,29,10,18,-8,0.04755997322863279,0,0,1,0,0,0,0,0,0,-1,0,0,0,0,0
1eir,A,264,GLY,-0.4,60.1,0.0,0,0,-,0.25,43.5,49.5,10.0,17.0,0.37037037037037035,1.709561429262771,26,24,8,16,0.03683566553982344,0,0,0,0,0,0,0,0,0,0,8012,10,0,1111,1
1eir,A,265,PRO,-1.6,112.7,0.0,0,0,-,0.22794117647058823,-74.2,-169.3,22.0,9.0,0.7096774193548387,2.1038660794167887,28,54,9,45,0.04289723075523742,0,0,0,0,0,0,0,0,0,0,8012,10,0,1111,1
1eir,A,266,ARG,-4.5,173.4,1.0,5,0,-,0.3629032258064516,-116.3,129.7,8.0,15.0,0.34782608695652173,2.198138932125799,25,35,16,19,0.034970568550465285,0,0,0,0,0,0,0,0,0,-1,0,0,0,0,0
1eir,A,267,THR,-0.7,116.1,0.0,1,1,B,0.5422535211267606,-96.7,153.0,9.0,16.0,0.36,1.8290578875692791,22,43,16,27,0.03403802005578621,0,1,0,0,0,0,0,0,0,-1,0,0,0,0,0
1eir,A,268,VAL,4.2,140.0,0.0,0,0,-,0.08450704225352113,-97.1,171.4,20.0,7.0,0.7407407407407407,2.275348661399764,25,45,16,29,0.040565859518539735,0,0,0,0,0,0,0,0,0,-1,0,0,0,0,0
1eir,A,269,ASP,-3.5,111.1,-1.0,1,3,-,0.5521472392638037,-163.3,-172.1,3.0,16.0,0.15789473684210525,1.7187490199306323,14,18,0,18,0.02611135785101408,0,0,0,0,0,0,0,0,0,-1,0,0,0,0,0
1eir,A,270,SER,-0.8,89.0,0.0,1,1,T,1.0,-51.3,-38.4,0.0,14.0,0.0,1.7397031218808694,10,5,8,-3,0.016319598656883802,0,0,0,0,0,1,0,0,0,-1,0,0,0,0,0
1eir,A,271,SER,-0.8,89.0,0.0,1,1,T,0.6461538461538462,-77.4,-1.3,1.0,8.0,0.1111111111111111,1.7792543691026843,8,3,8,-5,0.01818469564624195,0,0,0,0,0,1,0,0,0,-1,0,0,0,0,0
1eir,A,272,TRP,-0.9,227.8,0.0,1,0,-,0.23788546255506607,-57.7,131.3,20.0,2.0,0.9090909090909091,1.9162753543580926,25,36,19,17,0.030307826077069916,0,0,0,0,0,0,0,0,0,-1,0,0,0,0,0
1eir,A,273,THR,-0.7,116.1,0.0,1,1,-,0.7394366197183099,-117.0,135.2,0.0,15.0,0.0,1.8571208358350269,17,14,14,0,0.022847438119637322,0,0,0,0,0,0,0,0,0,-1,0,0,0,0,0
1eir,A,274,VAL,4.2,140.0,0.0,0,0,-,0.5985915492957746,-65.5,131.4,8.0,13.0,0.38095238095238093,1.9222141985365142,18,20,8,12,0.02797645484037223,0,0,0,0,0,0,0,0,0,-1,0,0,0,0,0
1eir,A,275,ALA,1.8,88.6,0.0,0,0,E,0.4339622641509434,-134.9,169.7,7.0,10.0,0.4117647058823529,1.8820280495473383,18,29,10,19,0.027043906345693154,0,0,1,0,0,0,0,0,0,-1,0,0,0,0,0
1eir,A,276,ARG,-4.5,173.4,1.0,5,0,E,0.6209677419354839,-126.3,137.5,3.0,17.0,0.15,1.8358357632472349,20,22,16,6,0.03124037457174899,0,0,1,0,0,0,0,0,0,-1,0,0,0,0,0
1eir,A,277,HIS,-3.2,153.2,0.1,2,1,E,0.22282608695652173,-123.1,150.0,16.0,9.0,0.64,1.960564674677673,25,32,18,14,0.03683566553982344,0,0,1,0,0,0,0,0,0,-1,0,0,0,0,0
1eir,A,278,SER,-0.8,89.0,0.0,1,1,S,0.5769230769230769,-99.5,-8.5,0.0,21.0,0.0,1.8195448408527986,17,31,8,23,0.03170664881908853,0,0,0,0,0,0,1,0,0,17,8,3,0,0,1
1eir,A,279,ARG,-4.5,173.4,1.0,5,0,-,0.6290322580645161,-135.4,155.5,9.0,15.0,0.375,1.9449934538820506,18,15,7,8,0.03403802005578621,0,0,0,0,0,0,0,0,0,17,8,3,0,0,1
1eir,A,280,THR,-0.7,116.1,0.0,1,1,S,0.352112676056338,-91.5,-14.9,15.0,19.0,0.4411764705882353,2.1000709105945496,32,50,15,35,0.04149840801321881,0,0,0,0,0,0,1,0,0,17,8,3,0,0,1
1eir,A,281,ALA,1.8,88.6,0.0,0,0,E,0.18867924528301888,-130.3,135.0,14.0,14.0,0.5,1.9190698517344618,26,52,5,47,0.03916703677652112,0,0,1,0,0,0,0,0,0,21,0,3,0,0,1
1eir,A,282,MET,1.9,162.9,0.0,0,0,E,0.48404255319148937,-80.1,-25.0,9.0,12.0,0.42857142857142855,1.951483983377723,19,43,5,38,0.032172923066428064,0,0,1,0,0,0,0,0,0,21,0,3,0,0,1
1eir,A,283,TRP,-0.9,227.8,0.0,1,0,E,0.5418502202643172,-166.1,153.0,1.0,20.0,0.047619047619047616,1.9349936680347466,17,33,0,33,0.028909003335051305,0,0,1,0,0,0,0,0,0,21,0,3,0,0,1
1eir,A,284,GLY,-0.4,60.1,0.0,0,0,E,0.5119047619047619,72.9,-153.0,12.0,10.0,0.5454545454545454,1.7706481778849068,21,40,0,40,0.03357174580844668,0,0,1,0,0,0,0,0,0,19,2,2,0,0,1
1eir,A,285,HIS,-3.2,153.2,0.1,2,1,-,0.13043478260869565,63.8,18.7,15.0,12.0,0.5555555555555556,2.26603421307675,29,27,8,19,0.04429605349725603,0,0,0,0,0,0,0,0,0,-1,0,0,0,0,0
1eir,A,286,LYS,-3.9,168.6,1.0,2,0,-,0.7317073170731707,-54.0,128.2,4.0,17.0,0.19047619047619047,2.163210770926266,14,12,0,12,0.027510180593032695,0,0,0,0,0,0,0,0,0,-1,0,0,0,0,0
1eir,A,287,SER,-0.8,89.0,0.0,1,1,B,0.7769230769230769,-63.4,134.3,2.0,15.0,0.11764705882352941,1.7974305028298312,12,27,3,24,0.02611135785101408,0,1,0,0,0,0,0,0,0,4,160,5,0,9,1
1eir,A,288,VAL,4.2,140.0,0.0,0,0,-,0.352112676056338,-114.1,145.6,14.0,3.0,0.8235294117647058,1.9864729172879547,18,29,10,19,0.02844272908771177,0,0,0,0,0,0,0,0,0,4,160,5,0,9,1
1eir,A,289,ARG,-4.5,173.4,1.0,5,0,-,1.0,-117.5,360.0,0.0,13.0,0.0,1.806786587062544,8,2,1,1,0.015387050162204726,0,0,0,0,0,0,0,0,0,4,160,5,0,9,1
1akq,A,2,PRO,-1.6,112.7,0.0,0,0,-,0.5588235294117647,360.0,167.5,12.0,8.0,0.6,1.8946187535319792,19,17,18,-1,0.02844272908771177,0,0,0,0,0,0,0,0,0,8,10,1,0,0,1
1akq,A,3,LYS,-3.9,168.6,1.0,2,0,E,0.36097560975609755,-108.6,122.4,5.0,20.0,0.2,2.4325533482672506,22,3,28,-25,0.040565859518539735,0,0,1,0,0,0,0,0,0,8,10,1,0,0,1
1akq,A,4,ALA,1.8,88.6,0.0,0,0,E,0.0,-118.8,145.6,24.0,14.0,0.631578947368421,4.798473859524362,31,20,26,-6,0.053621538444046775,0,0,1,0,0,0,0,0,0,8,10,1,0,0,1
1akq,A,5,LEU,3.8,166.7,0.0,0,0,E,0.0,-115.3,131.4,18.0,20.0,0.47368421052631576,5.1709775962308715,36,27,21,6,0.053155264196707235,0,0,1,0,0,0,0,0,0,-1,0,0,0,0,0
1akq,A,6,ILE,4.5,166.7,0.0,0,0,E,0.0,-117.1,120.4,21.0,20.0,0.5121951219512195,5.027317769127383,40,14,24,-10,0.04989134446533048,0,0,1,0,0,0,0,0,0,-1,0,0,0,0,0
1akq,A,7,VAL,4.2,140.0,0.0,0,0,E,0.0,-120.1,127.4,17.0,25.0,0.40476190476190477,6.102088940020322,39,11,23,-12,0.05175644145468863,0,0,1,0,0,0,0,0,0,-1,0,0,0,0,0
1akq,A,8,TYR,-1.3,193.6,0.0,1,1,E,0.11261261261261261,-135.2,152.4,20.0,24.0,0.45454545454545453,3.2269314023095776,35,7,35,-28,0.053621538444046775,0,0,1,0,0,0,0,0,0,-1,0,0,0,0,0
1akq,A,9,GLY,-0.4,60.1,0.0,0,0,E,0.0,-122.4,123.2,18.0,24.0,0.42857142857142855,3.3606270276432406,38,4,32,-28,0.05222271570202816,0,0,1,0,0,0,0,0,0,-1,0,0,0,0,0
1akq,A,10,SER,-0.8,89.0,0.0,1,1,-,0.11538461538461539,-143.8,127.9,18.0,16.0,0.5294117647058824,1.9516099934545927,30,3,32,-29,0.04989134446533048,0,0,0,0,0,0,0,0,0,2,135,2,0,4,1
1akq,A,11,THR,-0.7,116.1,0.0,1,1,S,0.5704225352112676,-92.1,-44.5,10.0,15.0,0.4,1.8100130567657227,19,0,24,-24,0.02984155182973038,0,0,0,0,0,0,1,0,0,2,135,2,0,4,1
1akq,A,12,THR,-0.7,116.1,0.0,1,1,S,0.6901408450704225,-104.2,3.0,8.0,13.0,0.38095238095238093,1.7766497030108674,17,4,11,-7,0.02144861537761871,0,0,0,0,0,0,1,0,0,2,135,2,0,4,1
1akq,A,13,GLY,-0.4,60.1,0.0,0,0,S,0.17857142857142858,95.8,-3.0,2.0,20.0,0.09090909090909091,1.811664026241779,22,7,24,-17,0.030774100324409453,0,0,0,0,0,0,1,0,0,2,135,2,0,4,1
1akq,A,14,ASN,-3.5,114.1,0.0,2,2,H,0.28662420382165604,-70.6,-45.5,19.0,14.0,0.5757575757575758,2.1931781304527034,30,10,25,-15,0.043363505002576956,1,0,0,0,0,0,0,0,0,-1,0,0,0,0,0
1akq,A,15,THR,-0.7,116.1,0.0,1,1,H,0.0,-72.4,-29.7,27.0,17.0,0.6136363636363636,2.9472676503880497,42,5,22,-17,0.0526889899493677,1,0,0,0,0,0,0,0,0,-1,0,0,0,0,0
1akq,A,16,GLU,-3.5,138.4,-1.0,1,3,H,0.3556701030927835,-66.4,-42.6,10.0,23.0,0.30303030303030304,2.097978443791427,29,8,17,-9,0.04289723075523742,1,0,0,0,0,0,0,0,0,-1,0,0,0,0,0
1akq,A,17,TYR,-1.3,193.6,0.0,1,1,H,0.18018018018018017,-61.7,-42.7,13.0,19.0,0.40625,2.2777898356311383,28,24,27,-3,0.04149840801321881,1,0,0,0,0,0,0,0,0,-1,0,0,0,0,0
1akq,A,18,THR,-0.7,116.1,0.0,1,1,H,0.0,-60.4,-48.2,30.0,16.0,0.6521739130434783,5.320215854112521,42,21,25,-4,0.048026247475972325,1,0,0,0,0,0,0,0,0,-1,0,0,0,0,0
1akq,A,19,ALA,1.8,88.6,0.0,0,0,H,0.0,-60.1,-42.9,25.0,20.0,0.5555555555555556,2.8084190258277864,36,9,26,-17,0.048492521723311866,1,0,0,0,0,0,0,0,0,-1,0,0,0,0,0
1akq,A,20,GLU,-3.5,138.4,-1.0,1,3,H,0.5412371134020618,-70.6,-29.9,8.0,24.0,0.25,1.782746751747605,23,19,12,7,0.040099585271200194,1,0,0,0,0,0,0,0,0,-1,0,0,0,0,0
1akq,A,21,THR,-0.7,116.1,0.0,1,1,H,0.09154929577464789,-70.2,-44.6,18.0,12.0,0.6,2.2017804917108132,33,29,34,-5,0.043829779249916496,1,0,0,0,0,0,0,0,0,-1,0,0,0,0,0
1akq,A,22,ILE,4.5,166.7,0.0,0,0,H,0.0,-67.1,-41.6,30.0,15.0,0.6666666666666666,5.772790143628467,40,23,23,0,0.04755997322863279,1,0,0,0,0,0,0,0,0,-1,0,0,0,0,0
1akq,A,23,ALA,1.8,88.6,0.0,0,0,H,0.14150943396226415,-58.9,-45.0,15.0,23.0,0.39473684210526316,2.3223608367864523,34,16,36,-20,0.040099585271200194,1,0,0,0,0,0,0,0,0,4,24,4,0,1,1
1akq,A,24,ARG,-4.5,173.4,1.0,5,0,H,0.6048387096774194,-65.0,-42.2,7.0,17.0,0.2916666666666667,2.0770760160342667,19,4,25,-21,0.03357174580844668,1,0,0,0,0,0,0,0,0,13,0,1,0,0,1
1akq,A,25,GLU,-3.5,138.4,-1.0,1,3,H,0.19072164948453607,-62.7,-42.6,15.0,12.0,0.5555555555555556,2.1528063081872957,26,38,14,24,0.04103213376587927,1,0,0,0,0,0,0,0,0,4,24,4,0,1,1
1akq,A,26,LEU,3.8,166.7,0.0,0,0,H,0.0,-67.3,-43.1,23.0,11.0,0.6764705882352942,4.691443829653992,33,31,32,-1,0.04616115048661418,1,0,0,0,0,0,0,0,0,4,24,4,0,1,1
1akq,A,27,ALA,1.8,88.6,0.0,0,0,H,0.4528301886792453,-65.8,-37.2,10.0,13.0,0.43478260869565216,2.103248515775225,19,17,28,-11,0.03590311704514436,1,0,0,0,0,0,0,0,0,4,24,4,0,1,1
1akq,A,28,ASP,-3.5,111.1,-1.0,1,3,H,0.6809815950920245,-64.0,-28.2,8.0,8.0,0.5,1.708807445591082,15,18,11,7,0.02797645484037223,1,0,0,0,0,0,0,0,0,13,0,1,0,0,1
1akq,A,29,ALA,1.8,88.6,0.0,0,0,T,0.49056603773584906,-85.1,-4.6,16.0,4.0,0.8,1.784654048726883,15,22,21,1,0.02611135785101408,0,0,0,0,0,1,0,0,0,4,24,4,0,1,1
1akq,A,30,GLY,-0.4,60.1,0.0,0,0,T,0.7142857142857143,101.7,-1.6,2.0,12.0,0.14285714285714285,1.7095173565179007,14,15,21,-6,0.025178809356335007,0,0,0,0,0,1,0,0,0,4,24,4,0,1,1
1akq,A,31,TYR,-1.3,193.6,0.0,1,1,-,0.10810810810810811,-70.9,156.3,20.0,3.0,0.8695652173913043,2.3842221033033506,27,23,28,-5,0.03590311704514436,0,0,0,0,0,0,0,0,0,8,10,1,0,0,1
1akq,A,32,GLU,-3.5,138.4,-1.0,1,3,E,0.6185567010309279,-94.2,120.6,5.0,17.0,0.22727272727272727,1.8948860248973856,18,9,15,-6,0.030774100324409453,0,0,1,0,0,0,0,0,0,8,10,1,0,0,1
1akq,A,33,VAL,4.2,140.0,0.0,0,0,E,0.31690140845070425,-114.4,132.7,17.0,11.0,0.6071428571428571,1.976320476875527,25,21,26,-5,0.04103213376587927,0,0,1,0,0,0,0,0,0,4,24,4,0,1,1
1akq,A,34,ASP,-3.5,111.1,-1.0,1,3,E,0.3067484662576687,-119.6,108.6,12.0,18.0,0.4,2.0815800063884726,24,20,11,9,0.03357174580844668,0,0,1,0,0,0,0,0,0,-1,0,0,0,0,0
1akq,A,35,SER,-0.8,89.0,0.0,1,1,E,0.4,-107.6,118.7,13.0,19.0,0.40625,1.8360296829545193,26,12,33,-21,0.0363693912924839,0,0,1,0,0,0,0,0,0,-1,0,0,0,0,0
1akq,A,36,ARG,-4.5,173.4,1.0,5,0,E,0.33064516129032256,-130.5,140.6,15.0,13.0,0.5357142857142857,2.106666796851982,21,0,21,-21,0.03870076252918159,0,0,1,0,0,0,0,0,0,1,133,4,0,6,1
1akq,A,37,ASP,-3.5,111.1,-1.0,1,3,E,0.3067484662576687,-73.3,137.3,7.0,23.0,0.23333333333333334,2.1041792254268135,24,9,20,-11,0.03823448828184205,0,0,1,0,0,0,0,0,0,-1,0,0,0,0,0
1akq,A,38,ALA,1.8,88.6,0.0,0,0,G,0.0660377358490566,-59.2,-20.9,22.0,11.0,0.6666666666666666,2.740265042534846,27,10,29,-19,0.045694876239274644,0,0,0,1,0,0,0,0,0,-1,0,0,0,0,0
1akq,A,39,ALA,1.8,88.6,0.0,0,0,G,0.5943396226415094,-65.8,-28.7,8.0,14.0,0.36363636363636365,1.9486887323001127,19,7,31,-24,0.026577632098353617,0,0,0,1,0,0,0,0,0,-1,0,0,0,0,0
1akq,A,40,SER,-0.8,89.0,0.0,1,1,G,0.7,-102.1,10.2,5.0,11.0,0.3125,1.7872490940710886,16,11,25,-14,0.02144861537761871,0,0,0,1,0,0,0,0,0,1,133,4,0,6,1
1akq,A,41,VAL,4.2,140.0,0.0,0,0,-,0.14084507042253522,-104.0,152.5,24.0,3.0,0.8888888888888888,1.95065063446913,25,11,24,-13,0.030307826077069916,0,0,0,0,0,0,0,0,0,1,133,4,0,6,1
1akq,A,42,GLU,-3.5,138.4,-1.0,1,3,-,0.8556701030927835,-114.2,129.5,2.0,21.0,0.08695652173913043,1.764339758677711,17,4,8,-4,0.023779986614316396,0,0,0,0,0,0,0,0,0,1,133,4,0,6,1
1akq,A,43,ALA,1.8,88.6,0.0,0,0,-,0.12264150943396226,-64.8,-31.4,12.0,12.0,0.5,2.3906332167507847,26,1,35,-34,0.03916703677652112,0,0,0,0,0,0,0,0,0,1,133,4,0,6,1
1akq,A,44,GLY,-0.4,60.1,0.0,0,0,T,0.6428571428571429,-59.2,109.7,1.0,17.0,0.05555555555555555,1.7096463209087527,17,1,32,-31,0.028909003335051305,0,0,0,0,0,1,0,0,0,-1,0,0,0,0,0
1akq,A,45,GLY,-0.4,60.1,0.0,0,0,T,0.23809523809523808,65.9,12.7,1.0,18.0,0.05263157894736842,1.7096415534016645,21,9,30,-21,0.029375277582390842,0,0,0,0,0,1,0,0,0,-1,0,0,0,0,0
1akq,A,46,LEU,3.8,166.7,0.0,0,0,T,0.07926829268292683,-50.6,-40.1,20.0,9.0,0.6896551724137931,2.317003186080209,30,15,31,-16,0.03916703677652112,0,0,0,0,0,1,0,0,0,1,133,4,0,6,1
1akq,A,47,PHE,2.8,189.9,0.0,0,0,T,0.0,-86.2,-7.1,18.0,15.0,0.5454545454545454,4.496606993244953,37,21,24,-3,0.04289723075523742,0,0,0,0,0,1,0,0,0,9,1,6,0,0,1
1akq,A,48,GLU,-3.5,138.4,-1.0,1,3,T,0.6649484536082474,-61.6,129.7,7.0,14.0,0.3333333333333333,1.7839972491879494,18,10,5,5,0.028909003335051305,0,0,0,0,0,1,0,0,0,9,1,6,0,0,1
1akq,A,49,GLY,-0.4,60.1,0.0,0,0,T,0.7261904761904762,95.9,-4.5,5.0,14.0,0.2631578947368421,1.7096633174866909,18,19,24,-5,0.024246260861655933,0,0,0,0,0,1,0,0,0,9,1,6,0,0,1
1akq,A,50,PHE,2.8,189.9,0.0,0,0,-,0.07614213197969544,-105.1,141.5,21.0,6.0,0.7777777777777778,2.2015651998607084,26,29,32,-3,0.03870076252918159,0,0,0,0,0,0,0,0,0,9,1,6,0,0,1
1akq,A,51,ASP,-3.5,111.1,-1.0,1,3,S,0.5398773006134969,-82.4,-26.6,10.0,20.0,0.3333333333333333,1.7534008695785084,19,29,12,17,0.0363693912924839,0,0,0,0,0,0,1,0,0,9,1,6,0,0,1
1akq,A,52,LEU,3.8,166.7,0.0,0,0,E,0.0,-144.8,136.6,22.0,19.0,0.5365853658536586,4.387653195422296,35,33,16,17,0.04662742473395372,0,0,1,0,0,0,0,0,0,-1,0,0,0,0,0
1akq,A,53,VAL,4.2,140.0,0.0,0,0,E,0.0,-125.5,126.4,19.0,27.0,0.41304347826086957,5.89664141917534,42,23,19,4,0.05035761871267001,0,0,1,0,0,0,0,0,0,-1,0,0,0,0,0
1akq,A,54,LEU,3.8,166.7,0.0,0,0,E,0.006097560975609756,-115.7,122.5,25.0,27.0,0.4807692307692308,8.671982068373712,44,12,7,5,0.048026247475972325,0,0,1,0,0,0,0,0,0,-1,0,0,0,0,0
1akq,A,55,LEU,3.8,166.7,0.0,0,0,E,0.0,-115.3,125.5,20.0,28.0,0.4166666666666667,9.010243316880707,42,6,7,-1,0.04709369898129325,0,0,1,0,0,0,0,0,0,-1,0,0,0,0,0
1akq,A,56,GLY,-0.4,60.1,0.0,0,0,E,0.0,-120.8,140.1,26.0,27.0,0.49056603773584906,7.239744591516937,43,4,16,-12,0.048958795970651406,0,0,1,0,0,0,0,0,0,-1,0,0,0,0,0
1akq,A,57,CYS,2.5,108.5,0.0,1,0,E,0.007407407407407408,-159.4,134.9,28.0,23.0,0.5490196078431373,5.703823464846191,44,2,17,-15,0.05502036118606539,0,0,1,0,0,0,0,0,0,-1,0,0,0,0,0
1akq,A,58,SER,-0.8,89.0,0.0,1,1,-,0.08461538461538462,-83.3,161.6,23.0,26.0,0.46938775510204084,2.7944543867926974,38,0,17,-17,0.050823892960009553,0,0,0,0,0,0,0,0,0,2,135,2,0,4,1
1akq,A,59,THR,-0.7,116.1,0.0,1,1,E,0.19718309859154928,-111.1,132.3,25.0,18.0,0.5813953488372093,2.0994566364486174,37,1,22,-21,0.04662742473395372,0,0,1,0,0,0,0,0,0,0,1201,5,0,83,1
1akq,A,60,TRP,-0.9,227.8,0.0,1,0,E,0.4845814977973568,-126.6,-174.4,13.0,18.0,0.41935483870967744,1.8437157777849595,27,0,25,-25,0.03776821403450251,0,0,1,0,0,0,0,0,0,2,135,2,0,4,1
1akq,A,61,GLY,-0.4,60.1,0.0,0,0,-,0.35714285714285715,100.3,-35.8,16.0,4.0,0.8,1.7096577888758864,13,0,29,-29,0.03170664881908853,0,0,0,0,0,0,0,0,0,-1,0,0,0,0,0
1akq,A,62,ASP,-3.5,111.1,-1.0,1,3,T,0.6257668711656442,67.3,-83.2,0.0,20.0,0.0,1.7052534871668696,13,0,25,-25,0.032639197313767604,0,0,0,0,0,1,0,0,0,0,1201,5,0,83,1
1akq,A,63,ASP,-3.5,111.1,-1.0,1,3,T,0.7607361963190185,-75.6,-25.8,0.0,13.0,0.0,1.7565883998994856,9,0,23,-23,0.025645083603674543,0,0,0,0,0,1,0,0,0,0,1201,5,0,83,1
1akq,A,64,SER,-0.8,89.0,0.0,1,1,S,0.5384615384615384,-134.6,147.4,1.0,14.0,0.06666666666666667,1.9317109257975256,12,0,34,-34,0.02611135785101408,0,0,0,0,0,0,1,0,0,-1,0,0,0,0,0
1akq,A,65,ILE,4.5,166.7,0.0,0,0,-,0.3727810650887574,-74.4,139.7,16.0,9.0,0.64,1.9000933767220156,24,0,37,-37,0.03590311704514436,0,0,0,0,0,0,0,0,0,-1,0,0,0,0,0
1akq,A,66,GLU,-3.5,138.4,-1.0,1,3,E,0.5463917525773195,-129.8,129.3,7.0,18.0,0.28,2.0168631974367854,20,0,21,-21,0.03170664881908853,0,0,1,0,0,0,0,0,0,-1,0,0,0,0,0
1akq,A,67,LEU,3.8,166.7,0.0,0,0,E,0.10975609756097561,-76.6,157.8,17.0,19.0,0.4722222222222222,2.0489401310491813,30,0,30,-30,0.048492521723311866,0,0,1,0,0,0,0,0,0,-1,0,0,0,0,0
1akq,A,68,GLN,-3.5,143.8,0.0,2,2,-,0.010101010101010102,-53.6,136.0,25.0,11.0,0.6944444444444444,2.575517987607061,29,0,29,-29,0.048026247475972325,0,0,0,0,0,0,0,0,0,2,135,2,0,4,1
1akq,A,69,ASP,-3.5,111.1,-1.0,1,3,T,0.7116564417177914,-44.4,-50.4,2.0,23.0,0.08,1.717277894956652,19,0,18,-18,0.03403802005578621,0,0,0,0,0,1,0,0,0,-1,0,0,0,0,0
1akq,A,70,ASP,-3.5,111.1,-1.0,1,3,T,0.31901840490797545,-67.4,-27.1,16.0,12.0,0.5714285714285714,1.8607463713181305,23,2,16,-14,0.03823448828184205,0,0,0,0,0,1,0,0,0,-1,0,0,0,0,0
1akq,A,71,PHE,2.8,189.9,0.0,0,0,T,0.0,-80.6,-19.5,19.0,17.0,0.5277777777777778,4.4816171160386284,39,2,32,-30,0.04942507021799094,0,0,0,0,0,1,0,0,0,-1,0,0,0,0,0
1akq,A,72,ILE,4.5,166.7,0.0,0,0,H,0.28402366863905326,-50.6,-54.1,7.0,22.0,0.2413793103448276,2.3547154094060305,22,1,33,-32,0.03916703677652112,1,0,0,0,0,0,0,0,0,-1,0,0,0,0,0
1akq,A,73,PRO,-1.6,112.7,0.0,0,0,H,0.5882352941176471,-54.0,-42.3,10.0,12.0,0.45454545454545453,1.9055090545406628,23,1,34,-33,0.029375277582390842,1,0,0,0,0,0,0,0,0,-1,0,0,0,0,0
1akq,A,74,LEU,3.8,166.7,0.0,0,0,H,0.04878048780487805,-66.5,-45.5,23.0,10.0,0.696969696969697,2.5837863618769386,36,5,41,-36,0.04289723075523742,1,0,0,0,0,0,0,0,0,-1,0,0,0,0,0
1akq,A,75,PHE,2.8,189.9,0.0,0,0,H,0.20812182741116753,-57.7,-45.7,19.0,18.0,0.5135135135135135,2.7981147561208317,30,9,29,-20,0.04196468226055834,1,0,0,0,0,0,0,0,0,12,0,5,0,0,1
1akq,A,76,ASP,-3.5,111.1,-1.0,1,3,H,0.6073619631901841,-63.6,-27.3,7.0,13.0,0.35,1.840444915752143,17,5,17,-12,0.032172923066428064,1,0,0,0,0,0,0,0,0,12,0,5,0,0,1
1akq,A,77,SER,-0.8,89.0,0.0,1,1,T,0.2692307692307692,-112.4,23.2,11.0,11.0,0.5,2.2093611754349567,21,5,32,-27,0.03590311704514436,0,0,0,0,0,1,0,0,0,-1,0,0,0,0,0
1akq,A,78,LEU,3.8,166.7,0.0,0,0,G,0.0,-55.9,-25.6,18.0,14.0,0.5625,3.925221503090328,35,10,31,-21,0.045228601991935104,0,0,0,1,0,0,0,0,0,12,0,5,0,0,1
1akq,A,79,GLU,-3.5,138.4,-1.0,1,3,G,0.5670103092783505,-60.5,-26.1,2.0,22.0,0.08333333333333333,1.8219734456456453,20,8,16,-8,0.03170664881908853,0,0,0,1,0,0,0,0,0,12,0,5,0,0,1
1akq,A,80,GLU,-3.5,138.4,-1.0,1,3,G,0.5979381443298969,-95.5,-4.6,10.0,10.0,0.5,1.7595812523170118,19,2,24,-22,0.030774100324409453,0,0,0,1,0,0,0,0,0,-1,0,0,0,0,0
1akq,A,81,THR,-0.7,116.1,0.0,1,1,S,0.0,-79.0,-17.7,23.0,7.0,0.7666666666666667,2.972203923861997,31,11,34,-23,0.04103213376587927,0,0,0,0,0,0,1,0,0,-1,0,0,0,0,0
1akq,A,82,GLY,-0.4,60.1,0.0,0,0,-,0.2857142857142857,92.5,37.9,11.0,16.0,0.4074074074074074,1.7097157071688023,28,14,22,-8,0.03683566553982344,0,0,0,0,0,0,0,0,0,-1,0,0,0,0,0
1akq,A,83,ALA,1.8,88.6,0.0,0,0,-,0.03773584905660377,-77.0,-17.8,23.0,14.0,0.6216216216216216,2.3532801078727643,29,26,23,3,0.04662742473395372,0,0,0,0,0,0,0,0,0,7,4,5,0,0,1
1akq,A,84,GLN,-3.5,143.8,0.0,2,2,T,0.7878787878787878,-61.0,123.9,5.0,18.0,0.21739130434782608,1.8273987843787134,18,18,8,10,0.027510180593032695,0,0,0,0,0,1,0,0,0,7,4,5,0,0,1
1akq,A,85,GLY,-0.4,60.1,0.0,0,0,T,0.6428571428571429,69.3,7.2,1.0,21.0,0.045454545454545456,1.7778803643889156,19,22,12,10,0.027043906345693154,0,0,0,0,0,1,0,0,0,7,4,5,0,0,1
1akq,A,86,ARG,-4.5,173.4,1.0,5,0,-,0.20161290322580644,-83.0,139.3,21.0,8.0,0.7241379310344828,2.1990268908127133,30,10,25,-15,0.040099585271200194,0,0,0,0,0,0,0,0,0,9,1,6,0,0,1
1akq,A,87,LYS,-3.9,168.6,1.0,2,0,E,0.33658536585365856,-84.5,120.8,13.0,22.0,0.37142857142857144,2.3829071616261404,27,14,17,-3,0.043829779249916496,0,0,1,0,0,0,0,0,0,6,14,2,0,0,1
1akq,A,88,VAL,4.2,140.0,0.0,0,0,E,0.0,-137.0,161.8,21.0,18.0,0.5384615384615384,5.53037406435032,37,23,26,-3,0.04662742473395372,0,0,1,0,0,0,0,0,0,10,0,7,0,0,1
1akq,A,89,ALA,1.8,88.6,0.0,0,0,E,0.0,-153.4,149.1,18.0,24.0,0.42857142857142855,6.296833897270536,39,14,24,-10,0.04989134446533048,0,0,1,0,0,0,0,0,0,10,0,7,0,0,1
1akq,A,90,CYS,2.5,108.5,0.0,1,0,E,0.007407407407407408,-121.2,153.5,22.0,26.0,0.4583333333333333,5.616516584777049,38,12,26,-14,0.0526889899493677,0,0,1,0,0,0,0,0,0,-1,0,0,0,0,0
1akq,A,91,PHE,2.8,189.9,0.0,0,0,E,0.005076142131979695,-146.1,164.5,23.0,25.0,0.4791666666666667,6.945163206270696,45,9,10,-1,0.05035761871267001,0,0,1,0,0,0,0,0,0,-1,0,0,0,0,0
1akq,A,92,GLY,-0.4,60.1,0.0,0,0,E,0.0,178.2,160.1,26.0,22.0,0.5416666666666666,5.57113030306874,42,11,14,-3,0.04942507021799094,0,0,1,0,0,0,0,0,0,-1,0,0,0,0,0
1akq,A,93,CYS,2.5,108.5,0.0,1,0,E,0.044444444444444446,-106.2,147.9,19.0,26.0,0.4222222222222222,2.4263189457616963,41,10,17,-7,0.04755997322863279,0,0,1,0,0,0,0,0,0,-1,0,0,0,0,0
1akq,A,94,GLY,-0.4,60.1,0.0,0,0,E,0.21428571428571427,-162.9,-159.6,24.0,15.0,0.6153846153846154,1.709811616879101,28,7,13,-6,0.04476232774459557,0,0,1,0,0,0,0,0,0,-1,0,0,0,0,0
1akq,A,95,ALA,1.8,88.6,0.0,0,0,-,0.27358490566037735,-150.4,126.0,8.0,16.0,0.3333333333333333,2.0078697997753885,21,4,19,-15,0.03403802005578621,0,0,0,0,0,0,0,0,0,0,1201,5,0,83,1
1akq,A,96,SER,-0.8,89.0,0.0,1,1,T,0.5461538461538461,-67.7,-3.2,5.0,12.0,0.29411764705882354,1.7803274132883598,14,3,14,-11,0.029375277582390842,0,0,0,0,0,1,0,0,0,-1,0,0,0,0,0
1akq,A,97,SER,-0.8,89.0,0.0,1,1,T,0.8,-79.1,-16.2,2.0,10.0,0.16666666666666666,1.7395079653659453,11,0,21,-21,0.02098234113027917,0,0,0,0,0,1,0,0,0,0,1201,5,0,83,1
1akq,A,98,TYR,-1.3,193.6,0.0,1,1,S,0.5315315315315315,-89.1,156.0,16.0,3.0,0.8421052631578947,1.8269573459507236,18,0,25,-25,0.029375277582390842,0,0,0,0,0,0,1,0,0,0,1201,5,0,83,1
1akq,A,99,GLU,-3.5,138.4,-1.0,1,3,S,0.7731958762886598,-62.8,-42.5,5.0,11.0,0.3125,1.7489144095467783,15,0,15,-15,0.026577632098353617,0,0,0,0,0,0,1,0,0,0,1201,5,0,83,1
1akq,A,100,TYR,-1.3,193.6,0.0,1,1,S,0.4774774774774775,-104.8,79.8,15.0,11.0,0.5769230769230769,1.8600181707998702,19,0,32,-32,0.035436842797804825,0,0,0,0,0,0,1,0,0,0,1201,5,0,83,1
1akq,A,101,PHE,2.8,189.9,0.0,0,0,T,0.3299492385786802,-66.3,118.0,8.0,22.0,0.26666666666666666,2.052646154635682,24,11,20,-9,0.03963331102386066,0,0,0,0,0,1,0,0,0,11,0,8,0,0,1
1akq,A,102,CYS,2.5,108.5,0.0,1,0,T,0.007407407407407408,55.3,35.2,18.0,20.0,0.47368421052631576,2.7353993067344864,34,11,26,-15,0.04709369898129325,0,0,0,0,0,1,0,0,0,11,0,8,0,0,1
1akq,A,103,GLY,-0.4,60.1,0.0,0,0,H,0.03571428571428571,-59.0,-27.5,15.0,22.0,0.40540540540540543,2.0040809129143398,32,8,28,-20,0.03870076252918159,1,0,0,0,0,0,0,0,0,-1,0,0,0,0,0
1akq,A,104,ALA,1.8,88.6,0.0,0,0,H,0.0,-63.4,-39.0,26.0,16.0,0.6190476190476191,4.206458869731603,34,10,24,-14,0.04476232774459557,1,0,0,0,0,0,0,0,0,-1,0,0,0,0,0
1akq,A,105,VAL,4.2,140.0,0.0,0,0,H,0.007042253521126761,-59.6,-48.6,18.0,21.0,0.46153846153846156,4.435094349766715,37,13,26,-13,0.04989134446533048,1,0,0,0,0,0,0,0,0,11,0,8,0,0,1
1akq,A,106,ASP,-3.5,111.1,-1.0,1,3,H,0.4662576687116564,-61.0,-43.5,6.0,25.0,0.1935483870967742,1.844538136748463,25,16,20,-4,0.032639197313767604,1,0,0,0,0,0,0,0,0,11,0,8,0,0,1
1akq,A,107,ALA,1.8,88.6,0.0,0,0,H,0.3113207547169811,-63.7,-40.2,17.0,13.0,0.5666666666666667,1.8523783732356627,24,19,29,-10,0.03590311704514436,1,0,0,0,0,0,0,0,0,12,0,5,0,0,1
1akq,A,108,ILE,4.5,166.7,0.0,0,0,H,0.011834319526627219,-69.4,-42.5,28.0,13.0,0.6829268292682927,4.875199364109909,38,19,26,-7,0.043363505002576956,1,0,0,0,0,0,0,0,0,12,0,5,0,0,1
1akq,A,109,GLU,-3.5,138.4,-1.0,1,3,H,0.12371134020618557,-62.2,-43.1,15.0,20.0,0.42857142857142855,2.3878488356988097,29,22,28,-6,0.04149840801321881,1,0,0,0,0,0,0,0,0,11,0,8,0,0,1
1akq,A,110,GLU,-3.5,138.4,-1.0,1,3,H,0.5,-60.1,-45.6,5.0,17.0,0.22727272727272727,2.0243687097054495,18,18,17,1,0.03357174580844668,1,0,0,0,0,0,0,0,0,-1,0,0,0,0,0
1akq,A,111,LYS,-3.9,168.6,1.0,2,0,H,0.16585365853658537,-65.8,-44.4,12.0,13.0,0.48,2.0894865273051066,28,9,34,-25,0.03916703677652112,1,0,0,0,0,0,0,0,0,12,0,5,0,0,1
1akq,A,112,LEU,3.8,166.7,0.0,0,0,H,0.0,-59.2,-46.3,19.0,15.0,0.5588235294117647,4.741155325644168,34,28,32,-4,0.045694876239274644,1,0,0,0,0,0,0,0,0,7,4,5,0,0,1
1akq,A,113,LYS,-3.9,168.6,1.0,2,0,H,0.5121951219512195,-64.4,-38.4,8.0,16.0,0.3333333333333333,2.042500771920432,18,7,26,-19,0.035436842797804825,1,0,0,0,0,0,0,0,0,-1,0,0,0,0,0
1akq,A,114,ASN,-3.5,114.1,0.0,2,2,H,0.7707006369426752,-66.5,-25.9,6.0,11.0,0.35294117647058826,1.792301008409282,16,18,19,-1,0.027043906345693154,1,0,0,0,0,0,0,0,0,-1,0,0,0,0,0
1akq,A,115,LEU,3.8,166.7,0.0,0,0,T,0.27439024390243905,-87.1,0.1,20.0,4.0,0.8333333333333334,1.9931087180980653,25,21,22,-1,0.03450429430312575,0,0,0,0,0,1,0,0,0,7,4,5,0,0,1
1akq,A,116,GLY,-0.4,60.1,0.0,0,0,T,0.39285714285714285,83.7,17.5,6.0,14.0,0.3,1.7097667211593393,20,24,13,11,0.029375277582390842,0,0,0,0,0,1,0,0,0,7,4,5,0,0,1
1akq,A,117,ALA,1.8,88.6,0.0,0,0,-,0.12264150943396226,-74.4,163.5,25.0,4.0,0.8620689655172413,2.482722584918359,26,33,19,14,0.04429605349725603,0,0,0,0,0,0,0,0,0,7,4,5,0,0,1
1akq,A,118,GLU,-3.5,138.4,-1.0,1,3,E,0.5051546391752577,-109.8,108.6,8.0,20.0,0.2857142857142857,2.0416988387937405,20,22,2,20,0.03357174580844668,0,0,1,0,0,0,0,0,0,7,4,5,0,0,1
1akq,A,119,ILE,4.5,166.7,0.0,0,0,E,0.3136094674556213,-77.0,115.0,14.0,18.0,0.4375,2.0653804112989964,30,26,30,-4,0.03730193978716297,0,0,1,0,0,0,0,0,0,10,0,7,0,0,1
1akq,A,120,VAL,4.2,140.0,0.0,0,0,-,0.16901408450704225,-83.7,-21.8,17.0,11.0,0.6071428571428571,2.155673477030505,24,16,26,-10,0.0363693912924839,0,0,0,0,0,0,0,0,0,10,0,7,0,0,1
1akq,A,121,GLN,-3.5,143.8,0.0,2,2,S,0.29292929292929293,-150.2,152.8,19.0,7.0,0.7307692307692307,2.0145821158961366,26,11,23,-12,0.035436842797804825,0,0,0,0,0,0,1,0,0,10,0,7,0,0,1
1akq,A,122,ASP,-3.5,111.1,-1.0,1,3,P,0.8159509202453987,-64.1,142.7,1.0,22.0,0.043478260869565216,1.7113045899864485,17,9,12,-3,0.029375277582390842,0,0,0,0,0,0,0,0,0,10,0,7,0,0,1
1akq,A,123,GLY,-0.4,60.1,0.0,0,0,P,0.11904761904761904,-61.9,152.5,20.0,12.0,0.625,2.1886464775816865,28,11,27,-16,0.040565859518539735,0,0,0,0,0,0,0,0,0,11,0,8,0,0,1
1akq,A,124,LEU,3.8,166.7,0.0,0,0,E,0.10975609756097561,-90.6,119.3,25.0,15.0,0.625,2.782488820189026,35,11,23,-12,0.03963331102386066,0,0,1,0,0,0,0,0,0,3,24,8,0,2,1
1akq,A,125,ARG,-4.5,173.4,1.0,5,0,E,0.31451612903225806,-115.2,106.1,13.0,22.0,0.37142857142857144,1.9124788381921343,25,0,26,-26,0.03870076252918159,0,0,1,0,0,0,0,0,0,11,0,8,0,0,1
1akq,A,126,ILE,4.5,166.7,0.0,0,0,E,0.029585798816568046,-95.4,131.3,23.0,13.0,0.6388888888888888,2.4823200142443147,32,16,23,-7,0.04103213376587927,0,0,1,0,0,0,0,0,0,-1,0,0,0,0,0
1akq,A,127,ASP,-3.5,111.1,-1.0,1,3,E,0.50920245398773,-102.9,120.4,5.0,24.0,0.1724137931034483,1.714093048225125,20,8,9,-1,0.03124037457174899,0,0,1,0,0,0,0,0,0,-1,0,0,0,0,0
1akq,A,128,GLY,-0.4,60.1,0.0,0,0,S,0.4166666666666667,79.5,-153.2,5.0,19.0,0.20833333333333334,1.804134049451482,25,15,16,-1,0.026577632098353617,0,0,0,0,0,0,1,0,0,-1,0,0,0,0,0
1akq,A,129,ASP,-3.5,111.1,-1.0,1,3,-,0.5153374233128835,-66.8,116.5,2.0,20.0,0.09090909090909091,1.7973976505936702,17,14,7,7,0.029375277582390842,0,0,0,0,0,0,0,0,0,-1,0,0,0,0,0
1akq,A,130,PRO,-1.6,112.7,0.0,0,0,G,0.0,-62.7,-26.0,21.0,10.0,0.6774193548387096,3.621768156309332,27,21,27,-6,0.043363505002576956,0,0,0,1,0,0,0,0,0,-1,0,0,0,0,0
1akq,A,131,ARG,-4.5,173.4,1.0,5,0,G,0.45161290322580644,-61.3,-25.8,3.0,19.0,0.13636363636363635,1.9706823057869223,20,9,16,-7,0.030774100324409453,0,0,0,1,0,0,0,0,0,-1,0,0,0,0,0
1akq,A,132,ALA,1.8,88.6,0.0,0,0,G,0.8773584905660378,-88.0,-3.9,4.0,11.0,0.26666666666666666,1.7676487507681515,14,18,28,-10,0.02331371236697686,0,0,0,1,0,0,0,0,0,-1,0,0,0,0,0
1akq,A,133,ALA,1.8,88.6,0.0,0,0,G,0.18867924528301888,-124.2,26.5,14.0,7.0,0.6666666666666666,2.0687569645875996,21,20,29,-9,0.03403802005578621,0,0,0,1,0,0,0,0,0,-1,0,0,0,0,0
1akq,A,134,ARG,-4.5,173.4,1.0,5,0,H,0.43951612903225806,-57.1,-39.1,6.0,18.0,0.25,2.100326986766111,21,10,27,-17,0.03590311704514436,1,0,0,0,0,0,0,0,0,-1,0,0,0,0,0
1akq,A,135,ASP,-3.5,111.1,-1.0,1,3,H,0.8159509202453987,-63.6,-34.2,0.0,17.0,0.0,1.672039641346942,17,16,12,4,0.02611135785101408,1,0,0,0,0,0,0,0,0,-1,0,0,0,0,0
1akq,A,136,ASP,-3.5,111.1,-1.0,1,3,H,0.6380368098159509,-69.3,-35.6,11.0,11.0,0.5,1.7310933178532355,21,17,13,4,0.028909003335051305,1,0,0,0,0,0,0,0,0,3,24,8,0,2,1
1akq,A,137,ILE,4.5,166.7,0.0,0,0,H,0.0,-69.2,-43.7,22.0,13.0,0.6285714285714286,4.644067577419001,32,24,30,-6,0.04429605349725603,1,0,0,0,0,0,0,0,0,3,24,8,0,2,1
1akq,A,138,VAL,4.2,140.0,0.0,0,0,H,0.2323943661971831,-61.9,-45.9,6.0,21.0,0.2222222222222222,2.4789417076278535,25,33,35,-2,0.04103213376587927,1,0,0,0,0,0,0,0,0,-1,0,0,0,0,0
1akq,A,139,GLY,-0.4,60.1,0.0,0,0,H,0.38095238095238093,-61.5,-44.0,5.0,14.0,0.2631578947368421,1.7807090139664243,20,25,31,-6,0.03403802005578621,1,0,0,0,0,0,0,0,0,3,24,8,0,2,1
1akq,A,140,TRP,-0.9,227.8,0.0,1,0,H,0.07929515418502203,-67.5,-38.8,21.0,11.0,0.65625,3.2776853109329145,36,21,27,-6,0.03870076252918159,1,0,0,0,0,0,0,0,0,3,24,8,0,2,1
1akq,A,141,ALA,1.8,88.6,0.0,0,0,H,0.009433962264150943,-63.6,-38.5,19.0,20.0,0.48717948717948717,4.263626000018947,34,26,25,1,0.048492521723311866,1,0,0,0,0,0,0,0,0,3,24,8,0,2,1
1akq,A,142,HIS,-3.2,153.2,0.1,2,1,H,0.5706521739130435,-61.5,-50.0,5.0,18.0,0.21739130434782608,2.0160303522704703,19,11,20,-9,0.0363693912924839,1,0,0,0,0,0,0,0,0,5,24,1,0,0,1
1akq,A,143,ASP,-3.5,111.1,-1.0,1,3,H,0.50920245398773,-59.8,-39.0,11.0,10.0,0.5238095238095238,1.8421155453435745,20,21,7,14,0.03450429430312575,1,0,0,0,0,0,0,0,0,6,14,2,0,0,1
1akq,A,144,VAL,4.2,140.0,0.0,0,0,H,0.0,-63.5,-41.1,24.0,8.0,0.75,4.6058277542807025,31,27,16,11,0.045694876239274644,1,0,0,0,0,0,0,0,0,6,14,2,0,0,1
1akq,A,145,ARG,-4.5,173.4,1.0,5,0,H,0.27419354838709675,-61.2,-37.8,15.0,16.0,0.4838709677419355,2.1900165133121026,27,12,21,-9,0.03730193978716297,1,0,0,0,0,0,0,0,0,6,14,2,0,0,1
1akq,A,146,GLY,-0.4,60.1,0.0,0,0,T,0.8452380952380952,-78.9,-7.9,5.0,10.0,0.3333333333333333,1.7096455416788157,16,23,8,15,0.027510180593032695,0,0,0,0,0,1,0,0,0,6,14,2,0,0,1
1akq,A,147,ALA,1.8,88.6,0.0,0,0,T,0.3018867924528302,-96.6,-13.8,14.0,4.0,0.7777777777777778,1.819636518927568,20,21,17,4,0.026577632098353617,0,0,0,0,0,1,0,0,0,10,0,7,0,0,1
1akq,A,148,ILE,4.5,166.7,0.0,0,0,-,0.4437869822485207,-104.6,360.0,18.0,5.0,0.782608695652174,1.9922352278024766,24,24,18,6,0.028909003335051305,0,0,0,0,0,0,0,0,0,8,10,1,0,0,1
1o39,A,16,ILE,4.5,166.7,0.0,0,0,-,0.011834319526627219,360.0,128.5,20.0,24.0,0.45454545454545453,3.384918874250749,41,24,16,8,0.06807604011157242,0,0,0,0,0,0,0,0,0,-1,0,0,0,0,0
1o39,A,17,VAL,4.2,140.0,0.0,0,0,B,0.07042253521126761,-107.6,137.9,21.0,21.0,0.5,2.605304431791026,28,23,12,11,0.056419183928083996,0,1,0,0,0,0,0,0,0,11,4,5,0,0,1
1o39,A,18,GLY,-0.4,60.1,0.0,0,0,S,0.5357142857142857,68.5,19.2,15.0,14.0,0.5172413793103449,1.7096198436351844,25,26,9,17,0.03590311704514436,0,0,0,0,0,0,1,0,0,11,4,5,0,0,1
1o39,A,19,GLY,-0.4,60.1,0.0,0,0,-,0.36904761904761907,-97.5,-165.1,26.0,4.0,0.8666666666666667,1.7095460691770388,27,25,6,19,0.048492521723311866,0,0,0,0,0,0,0,0,0,-1,0,0,0,0,0
1o39,A,20,TYR,-1.3,193.6,0.0,1,1,E,0.4189189189189189,-138.4,167.2,5.0,18.0,0.21739130434782608,2.0277904254217787,23,21,0,21,0.03403802005578621,0,0,1,0,0,0,0,0,0,-1,0,0,0,0,0
1o39,A,21,THR,-0.7,116.1,0.0,1,1,E,0.5140845070422535,-72.7,123.5,7.0,19.0,0.2692307692307692,1.7865018280892073,23,9,12,-3,0.034970568550465285,0,0,1,0,0,0,0,0,0,-1,0,0,0,0,0
1o39,A,22,CYS,2.5,108.5,0.0,1,0,-,0.13333333333333333,-64.6,-39.6,23.0,4.0,0.8518518518518519,2.170454157007485,24,9,10,-1,0.05035761871267001,0,0,0,0,0,0,0,0,0,-1,0,0,0,0,0
1o39,A,23,GLY,-0.4,60.1,0.0,0,0,-,0.3333333333333333,108.7,137.6,5.0,14.0,0.2631578947368421,2.1891708900500784,19,9,12,-3,0.03450429430312575,0,0,0,0,0,0,0,0,0,-1,0,0,0,0,0
1o39,A,24,ALA,1.8,88.6,0.0,0,0,T,0.5283018867924528,-53.5,129.5,9.0,17.0,0.34615384615384615,1.8936798097253564,21,10,19,-9,0.03683566553982344,0,0,0,0,0,1,0,0,0,-1,0,0,0,0,0
1o39,A,25,ASN,-3.5,114.1,0.0,2,2,T,0.21656050955414013,53.4,31.8,11.0,18.0,0.3793103448275862,1.9638107648117056,26,11,29,-18,0.043829779249916496,0,0,0,0,0,1,0,0,0,0,4998,8,0,469,1
1o39,A,26,THR,-0.7,116.1,0.0,1,1,S,0.5633802816901409,-86.1,-14.7,10.0,12.0,0.45454545454545453,1.7022749989869532,20,10,8,2,0.03403802005578621,0,0,0,0,0,0,1,0,0,0,4998,8,0,469,1
1o39,A,27,VAL,4.2,140.0,0.0,0,0,S,0.06338028169014084,-120.3,75.0,23.0,15.0,0.6052631578947368,2.386780871251438,38,7,10,-3,0.04662742473395372,0,0,0,0,0,0,1,0,0,0,4998,8,0,469,1
1o39,A,28,PRO,-1.6,112.7,0.0,0,0,T,0.22058823529411764,-65.4,-12.2,13.0,24.0,0.35135135135135137,2.896513010631836,34,10,4,6,0.053621538444046775,0,0,0,0,0,1,0,0,0,0,4998,8,0,469,1
1o39,A,29,TYR,-1.3,193.6,0.0,1,1,T,0.1036036036036036,-99.3,-2.2,20.0,25.0,0.4444444444444444,3.1414211635009543,44,7,1,6,0.06434584613285613,0,0,0,0,0,1,0,0,0,0,4998,8,0,469,1
1o39,A,30,GLN,-3.5,143.8,0.0,2,2,E,0.030303030303030304,-75.6,134.8,23.0,24.0,0.48936170212765956,6.86762050816267,51,16,17,-1,0.06621094312221427,0,0,1,0,0,0,0,0,0,0,4998,8,0,469,1
1o39,A,31,VAL,4.2,140.0,0.0,0,0,E,0.0,-128.4,160.7,26.0,25.0,0.5098039215686274,9.081405680267444,47,12,9,3,0.06947486285359104,0,0,1,0,0,0,0,0,0,-1,0,0,0,0,0
1o39,A,32,SER,-0.8,89.0,0.0,1,1,E,0.0,-115.1,135.1,21.0,29.0,0.42,5.646829282517924,44,21,18,3,0.0676097658642329,0,0,1,0,0,0,0,0,0,-1,0,0,0,0,0
1o39,A,33,LEU,3.8,166.7,0.0,0,0,E,0.0,-101.7,123.7,25.0,20.0,0.5555555555555556,6.01481112145914,44,29,2,27,0.0676097658642329,0,0,1,0,0,0,0,0,0,1,779,6,0,57,1
1o39,A,34,ASN,-3.5,114.1,0.0,2,2,E,0.11464968152866242,-121.6,134.5,15.0,15.0,0.5,2.118347747330201,25,25,5,20,0.05921682941212122,0,0,1,0,0,0,0,0,0,1,779,6,0,57,1
1o39,A,37,SER,-0.8,89.0,0.0,1,1,S,0.27692307692307694,-133.4,44.1,8.0,13.0,0.38095238095238093,1.9020124816681483,16,23,0,23,0.040565859518539735,0,0,0,0,0,0,1,0,0,1,779,6,0,57,1
1o39,A,38,GLY,-0.4,60.1,0.0,0,0,S,0.8333333333333334,103.5,-7.4,2.0,14.0,0.125,1.7096506938382416,15,17,0,17,0.02098234113027917,0,0,0,0,0,0,1,0,0,-1,0,0,0,0,0
1o39,A,39,TYR,-1.3,193.6,0.0,1,1,S,0.5945945945945946,-166.0,163.2,4.0,17.0,0.19047619047619047,2.0239454441740463,17,20,0,20,0.028909003335051305,0,0,0,0,0,0,1,0,0,-1,0,0,0,0,0
1o39,A,40,HIS,-3.2,153.2,0.1,2,1,E,0.16304347826086957,-82.3,129.4,23.0,11.0,0.6764705882352942,2.3950247138797573,34,13,17,-4,0.048958795970651406,0,0,1,0,0,0,0,0,0,-1,0,0,0,0,0
1o39,A,41,PHE,2.8,189.9,0.0,0,0,E,0.15228426395939088,-126.3,-23.2,12.0,23.0,0.34285714285714286,2.4643666882186355,33,26,4,22,0.043829779249916496,0,0,1,0,0,0,0,0,0,1,779,6,0,57,1
1o39,A,42,CYS,2.5,108.5,0.0,1,0,E,0.044444444444444446,-155.3,168.5,22.0,21.0,0.5116279069767442,3.6419965816941637,43,28,8,20,0.050823892960009553,0,0,1,0,0,0,0,0,0,-1,0,0,0,0,0
1o39,A,43,GLY,-0.4,60.1,0.0,0,0,E,0.011904761904761904,-107.6,-177.6,24.0,27.0,0.47058823529411764,6.571029818452807,47,20,8,12,0.06994113710093057,0,0,1,0,0,0,0,0,0,-1,0,0,0,0,0
1o39,A,44,GLY,-0.4,60.1,0.0,0,0,E,0.0,-172.9,173.2,27.0,26.0,0.5094339622641509,9.270672968666837,50,9,6,3,0.07133995984294919,0,0,1,0,0,0,0,0,0,-1,0,0,0,0,0
1o39,A,45,SER,-0.8,89.0,0.0,1,1,E,0.007692307692307693,-127.3,135.8,24.0,28.0,0.46153846153846156,7.290641245312419,49,2,1,1,0.07693525081102363,0,0,1,0,0,0,0,0,0,-1,0,0,0,0,0
1o39,A,46,LEU,3.8,166.7,0.0,0,0,E,0.0,-82.6,122.5,22.0,20.0,0.5238095238095238,5.41968042645143,40,6,0,6,0.07693525081102363,0,0,1,0,0,0,0,0,0,-1,0,0,0,0,0
1o39,A,47,ILE,4.5,166.7,0.0,0,0,E,0.11242603550295859,-109.5,-14.4,18.0,17.0,0.5142857142857142,2.4379716416095913,34,7,0,7,0.07040741134827011,0,0,1,0,0,0,0,0,0,-1,0,0,0,0,0
1o39,A,48,ASN,-3.5,114.1,0.0,2,2,E,0.29936305732484075,-162.5,174.8,11.0,17.0,0.39285714285714285,2.0415411350615766,29,7,0,7,0.048492521723311866,0,0,1,0,0,0,0,0,0,-1,0,0,0,0,0
1o39,A,49,SER,-0.8,89.0,0.0,1,1,T,0.3384615384615385,-66.6,-12.0,6.0,22.0,0.21428571428571427,2.3416462712803647,27,10,0,10,0.05175644145468863,0,0,0,0,0,1,0,0,0,-1,0,0,0,0,0
1o39,A,50,GLN,-3.5,143.8,0.0,2,2,T,0.3181818181818182,-125.5,6.0,8.0,22.0,0.26666666666666666,2.1425495737514875,24,20,0,20,0.058750555164781684,0,0,0,0,0,1,0,0,0,-1,0,0,0,0,0
1o39,A,51,TRP,-0.9,227.8,0.0,1,0,E,0.04405286343612335,-135.5,142.1,13.0,26.0,0.3333333333333333,3.55583103277639,35,25,0,25,0.06994113710093057,0,0,1,0,0,0,0,0,0,-1,0,0,0,0,0
1o39,A,52,VAL,4.2,140.0,0.0,0,0,E,0.0,-125.9,150.4,29.0,21.0,0.58,7.884699332709616,51,13,0,13,0.08346309027377716,0,0,1,0,0,0,0,0,0,-1,0,0,0,0,0
1o39,A,53,VAL,4.2,140.0,0.0,0,0,E,0.007042253521126761,-119.2,139.7,28.0,30.0,0.4827586206896552,6.829318344681905,45,1,2,-1,0.08206426753175854,0,0,1,0,0,0,0,0,0,-1,0,0,0,0,0
1o39,A,54,SER,-0.8,89.0,0.0,1,1,E,0.0,-148.4,-164.6,26.0,22.0,0.5416666666666666,7.908970719094512,47,12,10,2,0.07320505683230734,0,0,1,0,0,0,0,0,0,-1,0,0,0,0,0
1o39,A,55,ALA,1.8,88.6,0.0,0,0,-,0.0,-98.7,146.6,24.0,20.0,0.5454545454545454,5.579046045842169,44,14,10,4,0.06667721736955382,0,0,0,0,0,0,0,0,0,-1,0,0,0,0,0
1o39,A,56,ALA,1.8,88.6,0.0,0,0,G,0.02830188679245283,-64.6,-31.4,16.0,21.0,0.43243243243243246,2.692145609132356,36,24,8,16,0.05408781269138631,0,0,0,1,0,0,0,0,0,7,12,7,0,1,1
1o39,A,57,HIS,-3.2,153.2,0.1,2,1,G,0.3641304347826087,-73.8,-0.0,19.0,18.0,0.5135135135135135,1.9198789805665435,34,5,11,-6,0.04289723075523742,0,0,0,1,0,0,0,0,0,-1,0,0,0,0,0
1o39,A,58,CYS,2.5,108.5,0.0,1,0,G,0.02962962962962963,-97.1,1.0,30.0,10.0,0.75,2.2083804811719383,37,20,10,10,0.04755997322863279,0,0,0,1,0,0,0,0,0,1,779,6,0,57,1
1o39,A,59,TYR,-1.3,193.6,0.0,1,1,-,0.5585585585585585,-63.6,144.8,14.0,19.0,0.42424242424242425,1.8931293054854608,24,20,1,19,0.045694876239274644,0,0,0,0,0,0,0,0,0,1,779,6,0,57,1
1o39,A,60,LYS,-3.9,168.6,1.0,2,0,-,0.2731707317073171,-176.7,167.6,9.0,13.0,0.4090909090909091,2.085900570452868,22,4,0,4,0.032172923066428064,0,0,0,0,0,0,0,0,0,1,779,6,0,57,1
1o39,A,61,SER,-0.8,89.0,0.0,1,1,S,0.7461538461538462,-96.8,164.0,0.0,18.0,0.0,1.7396887832303403,18,11,0,11,0.024246260861655933,0,0,0,0,0,0,1,0,0,1,779,6,0,57,1
1o39,A,62,GLY,-0.4,60.1,0.0,0,0,S,0.7619047619047619,73.5,54.0,4.0,16.0,0.2,1.7096203330763138,20,12,0,12,0.027510180593032695,0,0,0,0,0,0,1,0,0,1,779,6,0,57,1
1o39,A,63,ILE,4.5,166.7,0.0,0,0,-,0.05917159763313609,-108.0,133.8,22.0,10.0,0.6875,2.3875541774857876,34,25,0,25,0.053155264196707235,0,0,0,0,0,0,0,0,0,1,779,6,0,57,1
1o39,A,64,GLN,-3.5,143.8,0.0,2,2,E,0.25757575757575757,-117.2,132.7,9.0,25.0,0.2647058823529412,2.0764603012308616,24,17,3,14,0.05735173242276307,0,0,1,0,0,0,0,0,0,1,779,6,0,57,1
1o39,A,65,VAL,4.2,140.0,0.0,0,0,E,0.18951612903225806,-117.6,115.1,26.0,21.0,0.5531914893617021,6.127098852037146,44,10,3,7,0.07740152505836317,0,0,1,0,0,0,0,0,0,-1,0,0,0,0,0
1o39,A,65,ARG,-4.5,173.4,1.0,5,0,E,0.18951612903225806,-117.6,115.1,19.0,20.0,0.48717948717948717,4.23825342687844,31,9,19,-10,0.06714349161689336,0,0,1,0,0,0,0,0,0,-1,0,0,0,0,0
1o39,A,66,LEU,3.8,166.7,0.0,0,0,E,0.006097560975609756,-105.6,155.9,23.0,22.0,0.5111111111111111,5.527017734893145,42,12,17,-5,0.06854231435891196,0,0,1,0,0,0,0,0,0,0,4998,8,0,469,1
1o39,A,69,GLY,-0.4,60.1,0.0,0,0,S,0.07142857142857142,66.2,24.4,16.0,23.0,0.41025641025641024,3.0966249575023435,36,17,34,-17,0.058750555164781684,0,0,0,0,0,0,1,0,0,0,4998,8,0,469,1
1o39,A,70,GLU,-3.5,138.4,-1.0,1,3,-,0.05670103092783505,-86.0,153.5,21.0,18.0,0.5384615384615384,2.4359380940400057,34,20,29,-9,0.058284280917442144,0,0,0,0,0,0,0,0,0,0,4998,8,0,469,1
1o39,A,71,ASP,-3.5,111.1,-1.0,1,3,S,0.11042944785276074,-142.0,-70.0,11.0,26.0,0.2972972972972973,2.287466604901246,30,12,33,-21,0.05408781269138631,0,0,0,0,0,0,1,0,0,-1,0,0,0,0,0
1o39,A,72,ASN,-3.5,114.1,0.0,2,2,S,0.1464968152866242,-92.4,111.6,6.0,23.0,0.20689655172413793,1.948506974776795,19,1,39,-38,0.053155264196707235,0,0,0,0,0,0,1,0,0,-1,0,0,0,0,0
1o39,A,73,ILE,4.5,166.7,0.0,0,0,T,0.16568047337278108,-74.8,-8.7,21.0,14.0,0.6,2.2976636968148547,31,22,32,-10,0.05502036118606539,0,0,0,0,0,1,0,0,0,-1,0,0,0,0,0
1o39,A,74,ASN,-3.5,114.1,0.0,2,2,T,0.732484076433121,-103.1,-2.3,5.0,15.0,0.25,1.708330313522525,21,11,23,-12,0.035436842797804825,0,0,0,0,0,1,0,0,0,-1,0,0,0,0,0
1o39,A,75,VAL,4.2,140.0,0.0,0,0,S,0.5,-131.3,138.1,6.0,7.0,0.46153846153846156,1.6149672792595973,13,1,36,-35,0.035436842797804825,0,0,0,0,0,0,1,0,0,-1,0,0,0,0,0
1o39,A,76,VAL,4.2,140.0,0.0,0,0,-,0.7816901408450704,-88.9,123.1,3.0,14.0,0.17647058823529413,1.5716615130701956,15,6,28,-22,0.03357174580844668,0,0,0,0,0,0,0,0,0,-1,0,0,0,0,0
1o39,A,77,GLU,-3.5,138.4,-1.0,1,3,-,0.5979381443298969,-122.1,-9.3,10.0,5.0,0.6666666666666666,1.765115607724975,16,0,27,-27,0.02984155182973038,0,0,0,0,0,0,0,0,0,-1,0,0,0,0,0
1o39,A,78,GLY,-0.4,60.1,0.0,0,0,S,0.4166666666666667,114.0,154.0,3.0,14.0,0.17647058823529413,1.7899701787606461,17,9,33,-24,0.024246260861655933,0,0,0,0,0,0,1,0,0,-1,0,0,0,0,0
1o39,A,79,ASN,-3.5,114.1,0.0,2,2,S,0.4585987261146497,84.6,-7.0,16.0,9.0,0.64,1.6333131099617577,20,11,33,-22,0.0363693912924839,0,0,0,0,0,0,1,0,0,0,4998,8,0,469,1
1o39,A,80,GLU,-3.5,138.4,-1.0,1,3,-,0.17525773195876287,-78.4,149.4,14.0,15.0,0.4827586206896552,1.7407015106149797,21,18,23,-5,0.04755997322863279,0,0,0,0,0,0,0,0,0,-1,0,0,0,0,0
1o39,A,81,GLN,-3.5,143.8,0.0,2,2,E,0.15656565656565657,-137.1,122.8,15.0,14.0,0.5172413793103449,1.9931511503914072,28,14,17,-3,0.04662742473395372,0,0,1,0,0,0,0,0,0,-1,0,0,0,0,0
1o39,A,82,PHE,2.8,189.9,0.0,0,0,E,0.4010152284263959,-110.8,116.0,7.0,21.0,0.25,1.8740469571078273,20,11,16,-5,0.045228601991935104,0,0,1,0,0,0,0,0,0,-1,0,0,0,0,0
1o39,A,83,ILE,4.5,166.7,0.0,0,0,E,0.08875739644970414,-130.3,138.6,19.0,11.0,0.6333333333333333,2.082709085038323,30,21,3,18,0.05455408693872585,0,0,1,0,0,0,0,0,0,-1,0,0,0,0,0
1o39,A,84,SER,-0.8,89.0,0.0,1,1,E,0.4,-82.4,156.3,5.0,23.0,0.17857142857142858,2.222870178332118,24,24,0,24,0.04989134446533048,0,0,1,0,0,0,0,0,0,-1,0,0,0,0,0
1o39,A,85,ALA,1.8,88.6,0.0,0,0,E,0.20754716981132076,-84.2,138.3,19.0,11.0,0.6333333333333333,1.912196335505876,28,28,0,28,0.05781800667010261,0,0,1,0,0,0,0,0,0,-1,0,0,0,0,0
1o39,A,86,SER,-0.8,89.0,0.0,1,1,E,0.5769230769230769,-86.0,-46.6,10.0,12.0,0.45454545454545453,1.8852944077927392,19,27,0,27,0.03357174580844668,0,0,1,0,0,0,0,0,0,-1,0,0,0,0,0
1o39,A,87,LYS,-3.9,168.6,1.0,2,0,E,0.4682926829268293,-151.6,157.6,4.0,22.0,0.15384615384615385,1.9378308132306061,23,14,0,14,0.035436842797804825,0,0,1,0,0,0,0,0,0,-1,0,0,0,0,0
1o39,A,88,SER,-0.8,89.0,0.0,1,1,E,0.24615384615384617,-125.1,131.5,18.0,17.0,0.5142857142857142,1.8910620911139462,30,24,0,24,0.05035761871267001,0,0,1,0,0,0,0,0,0,-1,0,0,0,0,0
1o39,A,89,ILE,4.5,166.7,0.0,0,0,E,0.1834319526627219,-116.4,104.8,13.0,20.0,0.3939393939393939,2.0665873676077973,25,26,0,26,0.05035761871267001,0,0,1,0,0,0,0,0,0,5,31,4,0,2,1
1o39,A,90,VAL,4.2,140.0,0.0,0,0,E,0.33098591549295775,-83.4,142.7,13.0,16.0,0.4482758620689655,1.7539549162450414,28,21,8,13,0.05502036118606539,0,0,1,0,0,0,0,0,0,7,12,7,0,1,1
1o39,A,91,HIS,-3.2,153.2,0.1,2,1,-,0.125,-54.9,133.5,19.0,8.0,0.7037037037037037,2.5955749312545717,26,1,7,-6,0.05455408693872585,0,0,0,0,0,0,0,0,0,5,31,4,0,2,1
1o39,A,92,PRO,-1.6,112.7,0.0,0,0,T,0.8014705882352942,-56.0,-29.3,2.0,15.0,0.11764705882352941,1.90842950155123,16,10,1,9,0.028909003335051305,0,0,0,0,0,1,0,0,0,5,31,4,0,2,1
1o39,A,93,SER,-0.8,89.0,0.0,1,1,T,0.5692307692307692,-100.1,19.1,5.0,14.0,0.2631578947368421,1.8166825333405214,18,10,4,6,0.030307826077069916,0,0,0,0,0,1,0,0,0,5,31,4,0,2,1
1o39,A,94,TYR,-1.3,193.6,0.0,1,1,-,0.25675675675675674,-65.6,134.6,14.0,8.0,0.6363636363636364,2.231796909208458,26,19,8,11,0.0526889899493677,0,0,0,0,0,0,0,0,0,7,12,7,0,1,1
1o39,A,95,ASN,-3.5,114.1,0.0,2,2,B,0.4012738853503185,-119.3,113.5,6.0,11.0,0.35294117647058826,1.9381401585713776,16,3,6,-3,0.04289723075523742,0,1,0,0,0,0,0,0,0,7,12,7,0,1,1
1o39,A,96,SER,-0.8,89.0,0.0,1,1,T,0.6307692307692307,-69.7,-14.6,5.0,15.0,0.25,1.7816517309241284,14,10,6,4,0.0363693912924839,0,0,0,0,0,1,0,0,0,7,12,7,0,1,1
1o39,A,97,ASN,-3.5,114.1,0.0,2,2,T,0.910828025477707,-86.4,-32.3,0.0,13.0,0.0,1.6808708889134674,7,0,0,0,0.025178809356335007,0,0,0,0,0,1,0,0,0,7,12,7,0,1,1
1o39,A,98,THR,-0.7,116.1,0.0,1,1,T,0.45774647887323944,-106.3,-21.5,11.0,12.0,0.4782608695652174,1.7095776791657733,18,0,5,-5,0.040099585271200194,0,0,0,0,0,1,0,0,0,-1,0,0,0,0,0
1o39,A,99,LEU,3.8,166.7,0.0,0,0,T,0.1951219512195122,73.2,26.2,16.0,16.0,0.5,2.2227437565911665,29,10,8,2,0.05408781269138631,0,0,0,0,0,1,0,0,0,7,12,7,0,1,1
1o39,A,100,ASN,-3.5,114.1,0.0,2,2,B,0.22929936305732485,-76.3,139.9,8.0,24.0,0.25,2.406630204889261,27,11,8,3,0.05968310365946076,0,1,0,0,0,0,0,0,0,12,6,4,0,0,1
1o39,A,101,ASN,-3.5,114.1,0.0,2,2,T,0.11464968152866242,66.3,44.7,8.0,25.0,0.24242424242424243,3.019492463327952,28,16,8,8,0.05968310365946076,0,0,0,0,0,1,0,0,0,12,6,4,0,0,1
1o39,A,102,ASP,-3.5,111.1,-1.0,1,3,-,0.0,-83.9,73.3,23.0,18.0,0.5609756097560976,5.811443362417771,41,24,0,24,0.07087368559560965,0,0,0,0,0,0,0,0,0,-1,0,0,0,0,0
1o39,A,103,ILE,4.5,166.7,0.0,0,0,-,0.0,-142.4,147.5,22.0,24.0,0.4782608695652174,6.050727522448624,42,17,8,9,0.07227250833762826,0,0,0,0,0,0,0,0,0,5,31,4,0,2,1
1o39,A,104,MET,1.9,162.9,0.0,0,0,E,0.0,-145.8,146.0,21.0,20.0,0.5121951219512195,5.854436630079874,44,23,8,15,0.07180623409028872,0,0,1,0,0,0,0,0,0,-1,0,0,0,0,0
1o39,A,105,LEU,3.8,166.7,0.0,0,0,E,0.0,-112.4,140.2,18.0,22.0,0.45,5.521127857586883,39,28,2,26,0.08066544478973993,0,0,1,0,0,0,0,0,0,-1,0,0,0,0,0
1o39,A,106,ILE,4.5,166.7,0.0,0,0,E,0.0,-123.8,133.7,28.0,18.0,0.6086956521739131,4.719831244756506,42,24,0,24,0.07320505683230734,0,0,1,0,0,0,0,0,0,-1,0,0,0,0,0
1o39,A,107,LYS,-3.9,168.6,1.0,2,0,E,0.2048780487804878,-102.3,138.1,12.0,24.0,0.3333333333333333,3.205321656557759,26,17,0,17,0.06714349161689336,0,0,1,0,0,0,0,0,0,-1,0,0,0,0,0
1o39,A,108,LEU,3.8,166.7,0.0,0,0,E,0.0,-88.9,150.0,20.0,14.0,0.5882352941176471,4.9434929955927975,34,27,0,27,0.06714349161689336,0,0,1,0,0,0,0,0,0,-1,0,0,0,0,0
1o39,A,109,LYS,-3.9,168.6,1.0,2,0,S,0.697560975609756,-59.9,-39.6,7.0,13.0,0.35,2.020824384214457,17,15,0,15,0.03963331102386066,0,0,0,0,0,0,1,0,0,-1,0,0,0,0,0
1o39,A,110,SER,-0.8,89.0,0.0,1,1,S,0.4846153846153846,-139.0,161.9,5.0,15.0,0.25,2.2945691701227773,22,18,0,18,0.03450429430312575,0,0,0,0,0,0,1,0,0,-1,0,0,0,0,0
1o39,A,111,ALA,1.8,88.6,0.0,0,0,P,0.4716981132075472,-74.8,148.3,6.0,20.0,0.23076923076923078,1.8816122338986556,20,13,0,13,0.04149840801321881,0,0,0,0,0,0,0,0,0,-1,0,0,0,0,0
1o39,A,112,ALA,1.8,88.6,0.0,0,0,P,0.07547169811320754,-82.1,161.5,28.0,4.0,0.875,2.15103520891767,27,4,2,2,0.053621538444046775,0,0,0,0,0,0,0,0,0,-1,0,0,0,0,0
1o39,A,113,SER,-0.8,89.0,0.0,1,1,P,0.6461538461538462,-98.5,116.3,7.0,16.0,0.30434782608695654,1.920448867018997,23,7,4,3,0.03590311704514436,0,0,0,0,0,0,0,0,0,-1,0,0,0,0,0
1o39,A,114,LEU,3.8,166.7,0.0,0,0,P,0.4573170731707317,-89.3,145.8,10.0,12.0,0.45454545454545453,2.03944698544866,26,6,0,6,0.04196468226055834,0,0,0,0,0,0,0,0,0,-1,0,0,0,0,0
1o39,A,115,ASN,-3.5,114.1,0.0,2,2,S,0.4140127388535032,-157.7,-150.0,9.0,8.0,0.5294117647058824,1.7575245166706672,17,11,4,7,0.03124037457174899,0,0,0,0,0,0,1,0,0,-1,0,0,0,0,0
1o39,A,116,SER,-0.8,89.0,0.0,1,1,S,0.6846153846153846,-85.3,-17.2,2.0,14.0,0.125,1.7821140521361427,17,11,0,11,0.027043906345693154,0,0,0,0,0,0,1,0,0,0,4998,8,0,469,1
1o39,A,117,ARG,-4.5,173.4,1.0,5,0,S,0.3790322580645161,-94.2,-19.2,13.0,13.0,0.5,2.2994117546643804,19,0,8,-8,0.043829779249916496,0,0,0,0,0,0,1,0,0,0,4998,8,0,469,1
1o39,A,118,VAL,4.2,140.0,0.0,0,0,S,0.0,-133.7,113.2,17.0,16.0,0.5151515151515151,3.6963433194520103,33,14,12,2,0.06061565215413983,0,0,0,0,0,0,1,0,0,0,4998,8,0,469,1
1o39,A,119,ALA,1.8,88.6,0.0,0,0,-,0.27358490566037735,-145.3,158.4,9.0,20.0,0.3103448275862069,2.4760949890334847,29,8,0,8,0.05175644145468863,0,0,0,0,0,0,0,0,0,0,4998,8,0,469,1
1o39,A,120,SER,-0.8,89.0,0.0,1,1,-,0.4307692307692308,-89.7,165.5,12.0,22.0,0.35294117647058826,1.8296225238971882,29,2,0,2,0.05222271570202816,0,0,0,0,0,0,0,0,0,-1,0,0,0,0,0
1o39,A,121,ILE,4.5,166.7,0.0,0,0,-,0.10059171597633136,-115.6,152.1,22.0,9.0,0.7096774193548387,2.6621581563704177,35,9,0,9,0.05408781269138631,0,0,0,0,0,0,0,0,0,-1,0,0,0,0,0
1o39,A,122,SER,-0.8,89.0,0.0,1,1,B,0.49230769230769234,-86.7,151.5,7.0,20.0,0.25925925925925924,2.136949018995717,24,11,0,11,0.043363505002576956,0,1,0,0,0,0,0,0,0,-1,0,0,0,0,0
1o39,A,123,LEU,3.8,166.7,0.0,0,0,P,0.21341463414634146,-84.7,155.5,14.0,22.0,0.3888888888888889,2.1697786418170337,34,19,0,19,0.06061565215413983,0,0,0,0,0,0,0,0,0,-1,0,0,0,0,0
1o39,A,124,PRO,-1.6,112.7,0.0,0,0,P,0.04411764705882353,-83.1,162.7,17.0,9.0,0.6538461538461539,2.226180308865607,27,17,0,17,0.048492521723311866,0,0,0,0,0,0,0,0,0,13,6,1,0,0,1
1o39,A,125,THR,-0.7,116.1,0.0,1,1,S,0.8943661971830986,-108.0,-16.5,3.0,14.0,0.17647058823529413,1.6035755196824433,16,11,0,11,0.026577632098353617,0,0,0,0,0,0,1,0,0,13,6,1,0,0,1
1o39,A,127,SER,-0.8,89.0,0.0,1,1,S,0.5692307692307692,-149.7,160.8,3.0,16.0,0.15789473684210525,1.840468520521764,19,13,0,13,0.025645083603674543,0,0,0,0,0,0,1,0,0,13,6,1,0,0,1
1o39,A,128,CYS,2.5,108.5,0.0,1,0,-,0.4074074074074074,-78.1,163.1,13.0,14.0,0.48148148148148145,1.7885161641656986,22,13,0,13,0.03450429430312575,0,0,0,0,0,0,0,0,0,13,6,1,0,0,1
1o39,A,129,ALA,1.8,88.6,0.0,0,0,-,0.2830188679245283,-95.4,164.9,25.0,7.0,0.78125,1.7675093508783015,28,13,3,10,0.03683566553982344,0,0,0,0,0,0,0,0,0,-1,0,0,0,0,0
1o39,A,130,SER,-0.8,89.0,0.0,1,1,-,0.7461538461538462,-109.3,160.3,1.0,20.0,0.047619047619047616,1.8269401312805973,20,3,4,-1,0.025645083603674543,0,0,0,0,0,0,0,0,0,2,610,3,0,22,1
1o39,A,132,ALA,1.8,88.6,0.0,0,0,T,0.5,-55.1,152.5,7.0,15.0,0.3181818181818182,1.7675169003483855,19,0,7,-7,0.03357174580844668,0,0,0,0,0,1,0,0,0,2,610,3,0,22,1
1o39,A,133,GLY,-0.4,60.1,0.0,0,0,T,0.6666666666666666,88.3,-25.4,1.0,19.0,0.05,1.7095678799329037,17,0,0,0,0.03450429430312575,0,0,0,0,0,1,0,0,0,2,610,3,0,22,1
1o39,A,134,THR,-0.7,116.1,0.0,1,1,-,0.19718309859154928,-60.8,134.9,18.0,7.0,0.72,1.961819586997171,25,5,0,5,0.03683566553982344,0,0,0,0,0,0,0,0,0,2,610,3,0,22,1
1o39,A,135,GLN,-3.5,143.8,0.0,2,2,E,0.4595959595959596,-91.1,131.1,2.0,22.0,0.08333333333333333,1.7453385797755876,20,9,0,9,0.03870076252918159,0,0,1,0,0,0,0,0,0,2,610,3,0,22,1
1o39,A,136,CYS,2.5,108.5,0.0,1,0,E,0.0,-130.7,164.3,23.0,8.0,0.7419354838709677,3.3626383313595074,34,13,0,13,0.058284280917442144,0,0,1,0,0,0,0,0,0,2,610,3,0,22,1
1o39,A,137,LEU,3.8,166.7,0.0,0,0,E,0.1524390243902439,-111.6,127.0,14.0,23.0,0.3783783783783784,2.251736874803828,33,15,0,15,0.058750555164781684,0,0,1,0,0,0,0,0,0,-1,0,0,0,0,0
1o39,A,138,ILE,4.5,166.7,0.0,0,0,E,0.0,-117.9,137.7,26.0,25.0,0.5098039215686274,6.109639306386483,46,18,16,2,0.0741376053269864,0,0,1,0,0,0,0,0,0,-1,0,0,0,0,0
1o39,A,139,SER,-0.8,89.0,0.0,1,1,E,0.0,-140.5,160.6,21.0,31.0,0.40384615384615385,6.229103159736926,47,11,10,1,0.06947486285359104,0,0,1,0,0,0,0,0,0,-1,0,0,0,0,0
1o39,A,140,GLY,-0.4,60.1,0.0,0,0,E,0.011904761904761904,165.5,172.7,28.0,22.0,0.56,6.068558057632549,44,15,22,-7,0.06574466887487473,0,0,1,0,0,0,0,0,0,-1,0,0,0,0,0
1o39,A,141,TRP,-0.9,227.8,0.0,1,0,S,0.00881057268722467,-110.4,28.1,19.0,29.0,0.3958333333333333,4.369256728652696,43,23,32,-9,0.06294702339083752,0,0,0,0,0,0,1,0,0,-1,0,0,0,0,0
1o39,A,142,GLY,-0.4,60.1,0.0,0,0,S,0.0,-82.4,176.0,23.0,19.0,0.5476190476190477,3.65242649124729,35,24,14,10,0.05921682941212122,0,0,0,0,0,0,1,0,0,-1,0,0,0,0,0
1o39,A,143,ASN,-3.5,114.1,0.0,2,2,-,0.050955414012738856,-48.6,142.4,13.0,22.0,0.37142857142857144,3.1516790487780577,27,12,13,-1,0.056419183928083996,0,0,0,0,0,0,0,0,0,6,45,3,0,1,1
1o39,A,144,THR,-0.7,116.1,0.0,1,1,-,0.29577464788732394,-110.2,3.5,16.0,20.0,0.4444444444444444,2.015753498887398,33,19,11,8,0.05408781269138631,0,0,0,0,0,0,0,0,0,6,45,3,0,1,1
1o39,A,145,LYS,-3.9,168.6,1.0,2,0,-,0.4585365853658537,-115.7,147.9,6.0,21.0,0.2222222222222222,2.0403979751002397,18,0,0,0,0.04196468226055834,0,0,0,0,0,0,0,0,0,6,45,3,0,1,1
1o39,A,146,SER,-0.8,89.0,0.0,1,1,S,0.4230769230769231,-93.9,-23.1,14.0,13.0,0.5185185185185185,1.7395945818613054,21,14,7,7,0.03730193978716297,0,0,0,0,0,0,1,0,0,6,45,3,0,1,1
1o39,A,147,SER,-0.8,89.0,0.0,1,1,S,0.7076923076923077,-126.7,88.8,2.0,13.0,0.13333333333333333,1.7395413085811888,12,9,0,9,0.02331371236697686,0,0,0,0,0,0,1,0,0,6,45,3,0,1,1
1o39,A,148,GLY,-0.4,60.1,0.0,0,0,S,0.4880952380952381,121.4,169.3,3.0,11.0,0.21428571428571427,1.7096350086391474,15,9,0,9,0.022847438119637322,0,0,0,0,0,0,1,0,0,6,45,3,0,1,1
1o39,A,149,THR,-0.7,116.1,0.0,1,1,-,0.7183098591549296,-110.9,119.5,2.0,16.0,0.1111111111111111,1.6843933424343223,14,9,0,9,0.032172923066428064,0,0,0,0,0,0,0,0,0,-1,0,0,0,0,0
1o39,A,150,SER,-0.8,89.0,0.0,1,1,-,0.4307692307692308,-142.5,109.4,7.0,11.0,0.3888888888888889,2.057669975705657,18,13,5,8,0.03357174580844668,0,0,0,0,0,0,0,0,0,-1,0,0,0,0,0
1o39,A,151,TYR,-1.3,193.6,0.0,1,1,-,0.46396396396396394,-103.9,140.2,12.0,15.0,0.4444444444444444,1.810960609667365,24,20,13,7,0.040099585271200194,0,0,0,0,0,0,0,0,0,-1,0,0,0,0,0
1o39,A,152,PRO,-1.6,112.7,0.0,0,0,-,0.13970588235294118,-88.3,170.1,21.0,7.0,0.75,2.113622062162097,26,18,16,2,0.043829779249916496,0,0,0,0,0,0,0,0,0,-1,0,0,0,0,0
1o39,A,153,ASP,-3.5,111.1,-1.0,1,3,S,0.5214723926380368,-95.5,-39.5,6.0,19.0,0.24,2.1854790757581566,19,10,15,-5,0.04429605349725603,0,0,0,0,0,0,1,0,0,-1,0,0,0,0,0
1o39,A,154,VAL,4.2,140.0,0.0,0,0,S,0.2535211267605634,-104.8,161.4,11.0,23.0,0.3235294117647059,2.0974024192184513,25,9,26,-17,0.05735173242276307,0,0,0,0,0,0,1,0,0,-1,0,0,0,0,0
1o39,A,155,LEU,3.8,166.7,0.0,0,0,-,0.024390243902439025,-64.5,129.4,18.0,22.0,0.45,5.4578440230705665,40,15,26,-11,0.06527839462753521,0,0,0,0,0,0,0,0,0,-1,0,0,0,0,0
1o39,A,156,LYS,-3.9,168.6,1.0,2,0,E,0.22439024390243903,-108.7,150.2,20.0,22.0,0.47619047619047616,2.951829868678136,34,1,18,-17,0.061548200648818906,0,0,1,0,0,0,0,0,0,-1,0,0,0,0,0
1o39,A,157,CYS,2.5,108.5,0.0,1,0,E,0.014814814814814815,-126.9,155.0,14.0,24.0,0.3684210526315789,3.132768765230873,33,19,8,11,0.06527839462753521,0,0,1,0,0,0,0,0,0,-1,0,0,0,0,0
1o39,A,158,LEU,3.8,166.7,0.0,0,0,E,0.042682926829268296,-153.6,136.4,24.0,13.0,0.6486486486486487,3.0894634356477053,32,25,12,13,0.06061565215413983,0,0,1,0,0,0,0,0,0,11,4,5,0,0,1
1o39,A,159,LYS,-3.9,168.6,1.0,2,0,E,0.7268292682926829,-101.1,127.5,7.0,24.0,0.22580645161290322,1.7764937691576246,28,6,0,6,0.04709369898129325,0,0,1,0,0,0,0,0,0,-1,0,0,0,0,0
1o39,A,160,ALA,1.8,88.6,0.0,0,0,E,0.0,-143.8,146.4,27.0,9.0,0.75,4.270048399294248,34,18,7,11,0.053155264196707235,0,0,1,0,0,0,0,0,0,2,610,3,0,22,1
1o39,A,161,PRO,-1.6,112.7,0.0,0,0,E,0.19117647058823528,-90.3,152.7,7.0,26.0,0.21212121212121213,2.7044464352875144,28,12,3,9,0.053155264196707235,0,0,1,0,0,0,0,0,0,2,610,3,0,22,1
1o39,A,162,ILE,4.5,166.7,0.0,0,0,B,0.0650887573964497,-76.5,134.9,19.0,18.0,0.5135135135135135,2.366161608786394,32,7,6,1,0.05455408693872585,0,1,0,0,0,0,0,0,0,2,610,3,0,22,1
1o39,A,163,LEU,3.8,166.7,0.0,0,0,P,0.16463414634146342,-93.5,169.6,20.0,11.0,0.6451612903225806,2.1293888616995518,31,6,9,-3,0.048958795970651406,0,0,0,0,0,0,0,0,0,2,610,3,0,22,1
1o39,A,164,SER,-0.8,89.0,0.0,1,1,P,0.3230769230769231,-78.3,157.8,3.0,21.0,0.125,2.14031355173336,23,9,8,1,0.03403802005578621,0,0,0,0,0,0,0,0,0,-1,0,0,0,0,0
1o39,A,165,ASP,-3.5,111.1,-1.0,1,3,H,0.5766871165644172,-61.1,-35.9,7.0,19.0,0.2692307692307692,1.5064019403345554,22,12,0,12,0.03310547156110714,1,0,0,0,0,0,0,0,0,10,24,1,0,0,1
1o39,A,166,SER,-0.8,89.0,0.0,1,1,H,0.6923076923076923,-66.1,-40.1,0.0,16.0,0.0,1.6701803723257254,15,9,8,1,0.024246260861655933,1,0,0,0,0,0,0,0,0,-1,0,0,0,0,0
1o39,A,167,SER,-0.8,89.0,0.0,1,1,H,0.34615384615384615,-68.5,-36.4,16.0,9.0,0.64,1.8447427963595295,23,12,8,4,0.03590311704514436,1,0,0,0,0,0,0,0,0,-1,0,0,0,0,0
1o39,A,168,CYS,2.5,108.5,0.0,1,0,H,0.0,-64.9,-51.0,17.0,14.0,0.5483870967741935,3.1000685200130413,29,16,8,8,0.058284280917442144,1,0,0,0,0,0,0,0,0,-1,0,0,0,0,0
1o39,A,169,LYS,-3.9,168.6,1.0,2,0,H,0.47317073170731705,-68.0,-24.4,6.0,17.0,0.2608695652173913,2.119833471044825,21,0,8,-8,0.04196468226055834,1,0,0,0,0,0,0,0,0,10,24,1,0,0,1
1o39,A,170,SER,-0.8,89.0,0.0,1,1,H,0.8384615384615385,-81.4,-25.5,7.0,11.0,0.3888888888888889,1.6510782597324904,18,14,5,9,0.02797645484037223,1,0,0,0,0,0,0,0,0,-1,0,0,0,0,0
1o39,A,171,ALA,1.8,88.6,0.0,0,0,H,0.12264150943396226,-79.3,-35.8,22.0,6.0,0.7857142857142857,1.8587556418557334,25,19,3,16,0.045228601991935104,1,0,0,0,0,0,0,0,0,8,30,3,0,1,1
1o39,A,172,TYR,-1.3,193.6,0.0,1,1,S,0.0045045045045045045,-127.0,62.6,16.0,8.0,0.6666666666666666,3.0154135599521203,31,19,1,18,0.043363505002576956,0,0,0,0,0,0,1,0,0,8,30,3,0,1,1
1o39,A,173,PRO,-1.6,112.7,0.0,0,0,T,0.6470588235294118,-57.5,133.4,1.0,12.0,0.07692307692307693,1.9970277663867815,17,11,1,10,0.02984155182973038,0,0,0,0,0,1,0,0,0,8,30,3,0,1,1
1o39,A,174,GLY,-0.4,60.1,0.0,0,0,T,1.0,76.4,-2.7,0.0,12.0,0.0,1.70950123219597,14,9,0,9,0.022847438119637322,0,0,0,0,0,1,0,0,0,8,30,3,0,1,1
1o39,A,175,GLN,-3.5,143.8,0.0,2,2,T,0.5707070707070707,-109.8,-0.3,13.0,10.0,0.5652173913043478,1.4245112053022295,19,11,0,11,0.03916703677652112,0,0,0,0,0,1,0,0,0,8,30,3,0,1,1
1o39,A,176,ILE,4.5,166.7,0.0,0,0,-,0.11834319526627218,-102.0,129.6,18.0,12.0,0.6,2.397099803213762,30,11,8,3,0.04709369898129325,0,0,0,0,0,0,0,0,0,10,24,1,0,0,1
1o39,A,177,THR,-0.7,116.1,0.0,1,1,-,0.2887323943661972,-107.4,179.1,11.0,13.0,0.4583333333333333,1.8084817007571725,25,12,2,10,0.03683566553982344,0,0,0,0,0,0,0,0,0,12,6,4,0,0,1
1o39,A,178,SER,-0.8,89.0,0.0,1,1,T,0.6538461538461539,-74.7,2.3,2.0,21.0,0.08695652173913043,1.9036118755131255,21,13,4,9,0.03124037457174899,0,0,0,0,0,1,0,0,0,12,6,4,0,0,1
1o39,A,179,ASN,-3.5,114.1,0.0,2,2,T,0.17834394904458598,-107.3,18.4,13.0,16.0,0.4482758620689655,2.710197194937097,27,15,5,10,0.04989134446533048,0,0,0,0,0,1,0,0,0,12,6,4,0,0,1
1o39,A,180,MET,1.9,162.9,0.0,0,0,E,0.02127659574468085,-134.4,158.0,20.0,19.0,0.5128205128205128,3.111590826020295,33,16,13,3,0.05968310365946076,0,0,1,0,0,0,0,0,0,12,6,4,0,0,1
1o39,A,181,PHE,2.8,189.9,0.0,0,0,E,0.06091370558375635,-151.5,154.1,21.0,23.0,0.4772727272727273,2.4461894253871868,41,9,8,1,0.056419183928083996,0,0,1,0,0,0,0,0,0,-1,0,0,0,0,0
1o39,A,182,CYS,2.5,108.5,0.0,1,0,E,0.0,-103.9,149.0,20.0,29.0,0.40816326530612246,3.498204855434434,41,18,10,8,0.061548200648818906,0,0,1,0,0,0,0,0,0,-1,0,0,0,0,0
1o39,A,183,ALA,1.8,88.6,0.0,0,0,E,0.0,-147.5,147.8,28.0,22.0,0.56,5.463114081921957,42,11,8,3,0.06014937790680029,0,0,1,0,0,0,0,0,0,-1,0,0,0,0,0
1o39,A,184,GLY,-0.4,60.1,0.0,0,0,-,0.21171171171171171,-125.5,115.3,29.0,17.0,0.6304347826086957,2.8901340516941594,33,18,17,1,0.05408781269138631,0,0,0,0,0,0,0,0,0,2,610,3,0,22,1
1o39,A,184,TYR,-1.3,193.6,0.0,1,1,-,0.21171171171171171,-125.5,115.3,14.0,19.0,0.42424242424242425,2.447502689540157,27,20,17,3,0.04989134446533048,0,0,0,0,0,0,0,0,0,2,610,3,0,22,1
1o39,A,185,LEU,3.8,166.7,0.0,0,0,T,0.35365853658536583,-64.7,-18.9,8.0,18.0,0.3076923076923077,1.7540917919239536,23,19,9,10,0.04149840801321881,0,0,0,0,0,1,0,0,0,-1,0,0,0,0,0
1o39,A,186,GLU,-3.5,138.4,-1.0,1,3,T,0.6752577319587629,-79.6,-12.0,2.0,13.0,0.13333333333333333,1.7481396312820587,13,22,2,20,0.03124037457174899,0,0,0,0,0,1,0,0,0,-1,0,0,0,0,0
1o39,A,187,GLY,-0.4,60.1,0.0,0,0,-,0.09523809523809523,87.3,-176.0,9.0,16.0,0.36,1.9094460708957304,19,24,17,7,0.04149840801321881,0,0,0,0,0,0,0,0,0,11,4,5,0,0,1
1o39,A,188,GLY,-0.4,60.1,0.0,0,0,-,0.3902439024390244,-132.5,129.9,4.0,24.0,0.14285714285714285,1.7626806066011365,21,12,17,-5,0.03823448828184205,0,0,0,0,0,0,0,0,0,11,4,5,0,0,1
1o39,A,188,LYS,-3.9,168.6,1.0,2,0,-,0.3902439024390244,-132.5,129.9,16.0,20.0,0.4444444444444444,3.0400633887096156,29,7,17,-10,0.045228601991935104,0,0,0,0,0,0,0,0,0,11,4,5,0,0,1
1o39,A,189,ASP,-3.5,111.1,-1.0,1,3,B,0.03067484662576687,-175.1,173.9,26.0,25.0,0.5098039215686274,3.116188316982043,42,22,7,15,0.06387957188551659,0,1,0,0,0,0,0,0,0,11,4,5,0,0,1
1o39,A,190,SER,-0.8,89.0,0.0,1,1,-,0.05384615384615385,-93.3,170.5,27.0,27.0,0.5,2.0734102748202954,46,14,16,-2,0.061548200648818906,0,0,0,0,0,0,0,0,0,-1,0,0,0,0,0
1o39,A,191,CYS,2.5,108.5,0.0,1,0,-,0.08888888888888889,-153.6,-177.7,25.0,24.0,0.5102040816326531,2.012928302487698,42,12,16,-4,0.05455408693872585,0,0,0,0,0,0,0,0,0,-1,0,0,0,0,0
1o39,A,192,GLN,-3.5,143.8,0.0,2,2,T,0.6565656565656566,-53.3,132.7,11.0,26.0,0.2972972972972973,1.8073201055128614,28,14,8,6,0.03730193978716297,0,0,0,0,0,1,0,0,0,-1,0,0,0,0,0
1o39,A,193,GLY,-0.4,60.1,0.0,0,0,T,0.08333333333333333,105.2,-23.3,20.0,18.0,0.5263157894736842,2.480402591960977,41,15,9,6,0.045228601991935104,0,0,0,0,0,1,0,0,0,-1,0,0,0,0,0
1o39,A,194,ASP,-3.5,111.1,-1.0,1,3,-,0.0,-91.2,-18.7,27.0,20.0,0.574468085106383,3.6176401939533105,45,17,8,9,0.05735173242276307,0,0,0,0,0,0,0,0,0,-1,0,0,0,0,0
1o39,A,195,SER,-0.8,89.0,0.0,1,1,T,0.11538461538461539,-41.7,131.4,18.0,30.0,0.375,2.4178876522700854,45,17,13,4,0.05175644145468863,0,0,0,0,0,1,0,0,0,-1,0,0,0,0,0
1o39,A,196,GLY,-0.4,60.1,0.0,0,0,T,0.0,92.8,-20.8,25.0,23.0,0.5208333333333334,5.859962703825358,50,13,15,-2,0.06621094312221427,0,0,0,0,0,1,0,0,0,-1,0,0,0,0,0
1o39,A,197,GLY,-0.4,60.1,0.0,0,0,-,0.0,-77.7,177.2,24.0,28.0,0.46153846153846156,6.861439286220526,54,6,10,-4,0.07040741134827011,0,0,0,0,0,0,0,0,0,-1,0,0,0,0,0
1o39,A,198,PRO,-1.6,112.7,0.0,0,0,E,0.0,-85.2,150.0,25.0,26.0,0.49019607843137253,6.874648768988834,48,4,8,-4,0.08066544478973993,0,0,1,0,0,0,0,0,0,-1,0,0,0,0,0
1o39,A,199,VAL,4.2,140.0,0.0,0,0,E,0.0,-129.7,103.5,28.0,27.0,0.509090909090909,5.7451602963314015,45,13,3,10,0.06947486285359104,0,0,1,0,0,0,0,0,0,-1,0,0,0,0,0
1o39,A,200,VAL,4.2,140.0,0.0,0,0,E,0.1056338028169014,-112.5,128.5,18.0,24.0,0.42857142857142855,2.561325316097678,40,11,0,11,0.06387957188551659,0,0,1,0,0,0,0,0,0,-1,0,0,0,0,0
1o39,A,201,CYS,2.5,108.5,0.0,1,0,E,0.014814814814814815,-129.2,128.2,20.0,13.0,0.6060606060606061,2.166198639738696,32,13,0,13,0.04755997322863279,0,0,1,0,0,0,0,0,0,-1,0,0,0,0,0
1o39,A,202,SER,-0.8,89.0,0.0,1,1,T,0.8538461538461538,51.6,38.1,9.0,13.0,0.4090909090909091,1.739552170090863,23,11,0,11,0.023779986614316396,0,0,0,0,0,1,0,0,0,-1,0,0,0,0,0
1o39,A,203,GLY,-0.4,60.1,0.0,0,0,T,0.5238095238095238,72.2,17.3,0.0,24.0,0.0,1.7664668063805626,22,10,0,10,0.02984155182973038,0,0,0,0,0,1,0,0,0,-1,0,0,0,0,0
1o39,A,204,LYS,-3.9,168.6,1.0,2,0,E,0.33658536585365856,-125.4,150.0,15.0,16.0,0.4838709677419355,2.6660787912772257,25,0,0,0,0.04942507021799094,0,0,1,0,0,0,0,0,0,-1,0,0,0,0,0
1o39,A,209,LEU,3.8,166.7,0.0,0,0,E,0.0,-83.7,107.3,23.0,19.0,0.5476190476190477,5.75034068466085,44,12,0,12,0.07040741134827011,0,0,1,0,0,0,0,0,0,-1,0,0,0,0,0
1o39,A,210,GLN,-3.5,143.8,0.0,2,2,E,0.0707070707070707,-101.1,-25.5,21.0,23.0,0.4772727272727273,2.241088569370717,38,18,0,18,0.06714349161689336,0,0,1,0,0,0,0,0,0,-1,0,0,0,0,0
1o39,A,211,GLY,-0.4,60.1,0.0,0,0,E,0.0,-143.9,170.5,25.0,26.0,0.49019607843137253,4.996469505725271,48,12,3,9,0.06947486285359104,0,0,1,0,0,0,0,0,0,-1,0,0,0,0,0
1o39,A,212,ILE,4.5,166.7,0.0,0,0,E,0.005917159763313609,-130.4,130.6,28.0,25.0,0.5283018867924528,7.289794883691619,46,11,10,1,0.07693525081102363,0,0,1,0,0,0,0,0,0,-1,0,0,0,0,0
1o39,A,213,VAL,4.2,140.0,0.0,0,0,E,0.028169014084507043,-62.3,121.4,22.0,28.0,0.44,3.275359714404272,47,5,21,-16,0.06387957188551659,0,0,1,0,0,0,0,0,0,-1,0,0,0,0,0
1o39,A,214,SER,-0.8,89.0,0.0,1,1,E,0.03076923076923077,-117.7,-75.2,22.0,26.0,0.4583333333333333,2.900463483544647,41,11,14,-3,0.06341329763817706,0,0,1,0,0,0,0,0,0,-1,0,0,0,0,0
1o39,A,215,TRP,-0.9,227.8,0.0,1,0,E,0.21585903083700442,-145.6,-169.6,14.0,27.0,0.34146341463414637,1.8880930869652384,32,11,9,2,0.04429605349725603,0,0,1,0,0,0,0,0,0,-1,0,0,0,0,0
1o39,A,216,GLY,-0.4,60.1,0.0,0,0,-,0.30952380952380953,170.7,172.8,23.0,13.0,0.6388888888888888,1.7636428898499603,29,12,6,6,0.043829779249916496,0,0,0,0,0,0,0,0,0,3,54,11,0,6,1
1o39,A,217,SER,-0.8,89.0,0.0,1,1,S,0.5076923076923077,-103.8,105.9,10.0,13.0,0.43478260869565216,1.7016936516271048,20,13,4,9,0.030307826077069916,0,0,0,0,0,0,1,0,0,3,54,11,0,6,1
1o39,A,219,GLY,-0.4,60.1,0.0,0,0,S,0.5952380952380952,70.9,-160.0,15.0,13.0,0.5357142857142857,1.7640044711250384,24,16,8,8,0.027510180593032695,0,0,0,0,0,0,1,0,0,3,54,11,0,6,1
1o39,A,220,CYS,2.5,108.5,0.0,1,0,S,0.11851851851851852,-137.1,139.9,20.0,18.0,0.5263157894736842,2.3388307502038406,32,22,11,11,0.04662742473395372,0,0,0,0,0,0,1,0,0,6,45,3,0,1,1
1o39,A,221,ALA,1.8,88.6,0.0,0,0,B,0.398989898989899,-87.8,152.2,17.0,18.0,0.4857142857142857,2.381820890678646,30,28,16,12,0.048958795970651406,0,1,0,0,0,0,0,0,0,11,4,5,0,0,1
1o39,A,221,GLN,-3.5,143.8,0.0,2,2,B,0.398989898989899,-87.8,152.2,9.0,17.0,0.34615384615384615,1.9634203144317068,22,25,11,14,0.03916703677652112,0,1,0,0,0,0,0,0,0,11,4,5,0,0,1
1o39,A,222,LYS,-3.9,168.6,1.0,2,0,T,0.6829268292682927,-64.2,139.0,1.0,19.0,0.05,1.947057747010415,12,9,9,0,0.035436842797804825,0,0,0,0,0,1,0,0,0,-1,0,0,0,0,0
1o39,A,223,ASN,-3.5,114.1,0.0,2,2,T,0.4713375796178344,60.1,11.2,4.0,23.0,0.14814814814814814,1.8490559326607325,17,18,8,10,0.03823448828184205,0,0,0,0,0,1,0,0,0,-1,0,0,0,0,0
1o39,A,224,LYS,-3.9,168.6,1.0,2,0,B,0.36097560975609755,-126.5,78.5,12.0,21.0,0.36363636363636365,2.9153578395112083,27,9,8,1,0.04989134446533048,0,1,0,0,0,0,0,0,0,3,54,11,0,6,1
1o39,A,225,PRO,-1.6,112.7,0.0,0,0,-,0.022058823529411766,-66.4,171.1,24.0,18.0,0.5714285714285714,3.9613517041622854,36,22,11,11,0.06061565215413983,0,0,0,0,0,0,0,0,0,-1,0,0,0,0,0
1o39,A,226,GLY,-0.4,60.1,0.0,0,0,E,0.0,-83.2,152.3,25.0,22.0,0.5319148936170213,2.985509507309092,37,9,8,1,0.05968310365946076,0,0,1,0,0,0,0,0,0,-1,0,0,0,0,0
1o39,A,227,VAL,4.2,140.0,0.0,0,0,E,0.0,-114.9,136.0,21.0,27.0,0.4375,4.268746645182372,38,11,6,5,0.061548200648818906,0,0,1,0,0,0,0,0,0,-1,0,0,0,0,0
1o39,A,228,TYR,-1.3,193.6,0.0,1,1,E,0.0045045045045045045,-126.8,151.8,26.0,21.0,0.5531914893617021,4.4978214685001054,47,8,13,-5,0.06714349161689336,0,0,1,0,0,0,0,0,0,-1,0,0,0,0,0
1o39,A,229,THR,-0.7,116.1,0.0,1,1,E,0.014084507042253521,-78.0,132.1,25.0,21.0,0.5434782608695652,6.065928569362625,41,15,8,7,0.0690085886062515,0,0,1,0,0,0,0,0,0,-1,0,0,0,0,0
1o39,A,230,LYS,-3.9,168.6,1.0,2,0,E,0.23414634146341465,-82.6,88.0,14.0,25.0,0.358974358974359,2.5986681481324196,32,0,4,-4,0.05921682941212122,0,0,1,0,0,0,0,0,0,4,24,7,0,2,1
1o39,A,231,VAL,4.2,140.0,0.0,0,0,G,0.0,-53.6,-35.6,26.0,18.0,0.5909090909090909,4.884086271022982,42,13,3,10,0.07227250833762826,0,0,0,1,0,0,0,0,0,4,24,7,0,2,1
1o39,A,232,CYS,2.5,108.5,0.0,1,0,G,0.17037037037037037,-55.6,-27.3,14.0,18.0,0.4375,2.0398369911216423,29,13,0,13,0.05222271570202816,0,0,0,1,0,0,0,0,0,4,24,7,0,2,1
1o39,A,233,ASN,-3.5,114.1,0.0,2,2,G,0.4140127388535032,-76.0,-13.6,12.0,16.0,0.42857142857142855,1.7068236434177266,25,12,0,12,0.040565859518539735,0,0,0,1,0,0,0,0,0,12,6,4,0,0,1
1o39,A,234,TYR,-1.3,193.6,0.0,1,1,G,0.036036036036036036,-112.5,5.2,21.0,11.0,0.65625,2.363112144889358,34,18,5,13,0.05688545817542354,0,0,0,1,0,0,0,0,0,12,6,4,0,0,1
1o39,A,235,VAL,4.2,140.0,0.0,0,0,H,0.09154929577464789,-57.4,-43.1,14.0,13.0,0.5185185185185185,1.970343921742299,26,12,0,12,0.04989134446533048,1,0,0,0,0,0,0,0,0,9,24,1,0,0,1
1o39,A,236,SER,-0.8,89.0,0.0,1,1,H,0.6384615384615384,-65.1,-39.1,2.0,14.0,0.125,1.7597779189299123,17,11,0,11,0.03730193978716297,1,0,0,0,0,0,0,0,0,9,24,1,0,0,1
1o39,A,237,TRP,-0.9,227.8,0.0,1,0,H,0.16740088105726872,-60.7,-50.8,14.0,10.0,0.5833333333333334,2.5445258574615006,28,17,0,17,0.04755997322863279,1,0,0,0,0,0,0,0,0,9,24,1,0,0,1
1o39,A,238,ILE,4.5,166.7,0.0,0,0,H,0.005917159763313609,-56.8,-53.3,17.0,13.0,0.5666666666666667,3.8393146072921334,34,16,0,16,0.06527839462753521,1,0,0,0,0,0,0,0,0,-1,0,0,0,0,0
1o39,A,239,LYS,-3.9,168.6,1.0,2,0,H,0.6292682926829268,-57.4,-45.6,8.0,13.0,0.38095238095238093,1.9888623888424466,18,0,0,0,0.05175644145468863,1,0,0,0,0,0,0,0,0,9,24,1,0,0,1
1o39,A,240,GLN,-3.5,143.8,0.0,2,2,H,0.6414141414141414,-65.1,-49.6,4.0,8.0,0.3333333333333333,1.6875506581938282,12,9,0,9,0.04103213376587927,1,0,0,0,0,0,0,0,0,9,24,1,0,0,1
1o39,A,241,THR,-0.7,116.1,0.0,1,1,H,0.1056338028169014,-56.8,-46.6,16.0,6.0,0.7272727272727273,2.1109283076558905,27,22,0,22,0.05408781269138631,1,0,0,0,0,0,0,0,0,5,31,4,0,2,1
1o39,A,242,ILE,4.5,166.7,0.0,0,0,H,0.21301775147928995,-65.2,-39.4,17.0,8.0,0.68,2.1504439118839955,25,18,0,18,0.05129016720734909,1,0,0,0,0,0,0,0,0,-1,0,0,0,0,0
1o39,A,243,ALA,1.8,88.6,0.0,0,0,H,0.7547169811320755,-62.6,-31.7,5.0,6.0,0.45454545454545453,1.7677456687833915,14,10,0,10,0.030307826077069916,1,0,0,0,0,0,0,0,0,-1,0,0,0,0,0
1o39,A,244,SER,-0.8,89.0,0.0,1,1,T,0.7769230769230769,-97.4,7.6,5.0,5.0,0.5,1.6692114812317054,14,11,0,11,0.025178809356335007,0,0,0,0,0,1,0,0,0,-1,0,0,0,0,0
1o39,A,245,ASN,-3.5,114.1,0.0,2,2,-,0.47770700636942676,-130.6,360.0,15.0,2.0,0.8823529411764706,1.7286601253822476,18,20,0,20,0.03310547156110714,0,0,0,0,0,0,0,0,0,-1,0,0,0,0,0
1d2a,A,5,PRO,-1.6,112.7,0.0,0,0,-,1.0,360.0,117.8,2.0,8.0,0.2,1.8338493365774686,11,21,5,16,0.015387050162204726,0,0,0,0,0,0,0,0,0,24,6,1,0,0,1
1d2a,A,6,LYS,-3.9,168.6,1.0,2,0,-,0.6048780487804878,-52.4,156.3,10.0,7.0,0.5882352941176471,1.9076096554745918,15,20,9,11,0.032172923066428064,0,0,0,0,0,0,0,0,0,24,6,1,0,0,1
1d2a,A,7,ILE,4.5,166.7,0.0,0,0,E,0.13609467455621302,-116.1,152.0,13.0,14.0,0.48148148148148145,2.3854407958333876,27,34,21,13,0.043363505002576956,0,0,1,0,0,0,0,0,0,24,6,1,0,0,1
1d2a,A,8,SER,-0.8,89.0,0.0,1,1,E,0.023076923076923078,-115.1,134.7,12.0,19.0,0.3870967741935484,2.638287183808892,28,32,29,3,0.048958795970651406,0,0,1,0,0,0,0,0,0,-1,0,0,0,0,0
1d2a,A,9,VAL,4.2,140.0,0.0,0,0,E,0.0,-126.6,135.9,19.0,22.0,0.4634146341463415,6.022893414227025,37,26,32,-6,0.05688545817542354,0,0,1,0,0,0,0,0,0,14,24,10,0,2,1
1d2a,A,10,ALA,1.8,88.6,0.0,0,0,E,0.0,-128.2,127.4,21.0,25.0,0.45652173913043476,6.662610013364149,40,26,31,-5,0.05502036118606539,0,0,1,0,0,0,0,0,0,14,24,10,0,2,1
1d2a,A,11,PHE,2.8,189.9,0.0,0,0,E,0.0,-99.1,124.3,23.0,29.0,0.4423076923076923,7.148444230173885,41,18,17,1,0.05455408693872585,0,0,1,0,0,0,0,0,0,-1,0,0,0,0,0
1d2a,A,12,ILE,4.5,166.7,0.0,0,0,E,0.0,-135.1,125.3,23.0,24.0,0.48936170212765956,5.939217368676101,45,27,11,16,0.05455408693872585,0,0,1,0,0,0,0,0,0,-1,0,0,0,0,0
1d2a,A,13,ALA,1.8,88.6,0.0,0,0,E,0.018867924528301886,-125.3,-138.5,18.0,28.0,0.391304347826087,3.1566283576770475,40,15,18,-3,0.05129016720734909,0,0,1,0,0,0,0,0,0,-1,0,0,0,0,0
1d2a,A,14,LEU,3.8,166.7,0.0,0,0,S,0.4634146341463415,-95.8,-61.8,8.0,29.0,0.21621621621621623,2.281110948608273,30,20,12,8,0.03683566553982344,0,0,0,0,0,0,1,0,0,13,16,16,0,2,1
1d2a,A,15,GLY,-0.4,60.1,0.0,0,0,S,0.20238095238095238,-93.3,-6.6,11.0,24.0,0.3142857142857143,2.195897087714325,36,32,17,15,0.045694876239274644,0,0,0,0,0,0,1,0,0,-1,0,0,0,0,0
1d2a,A,16,ASN,-3.5,114.1,0.0,2,2,S,0.025477707006369428,48.7,41.9,22.0,19.0,0.5365853658536586,3.146281293700098,37,43,23,20,0.05735173242276307,0,0,0,0,0,0,1,0,0,-1,0,0,0,0,0
1d2a,A,17,PHE,2.8,189.9,0.0,0,0,S,0.08121827411167512,-125.2,-40.5,15.0,26.0,0.36585365853658536,2.2911457073964696,38,55,24,31,0.048958795970651406,0,0,0,0,0,0,1,0,0,-1,0,0,0,0,0
1d2a,A,18,CYS,2.5,108.5,0.0,1,0,S,0.05925925925925926,-105.5,-74.6,17.0,31.0,0.3541666666666667,2.278300953454777,38,36,24,12,0.05735173242276307,0,0,0,0,0,0,1,0,0,12,24,12,0,3,1
1d2a,A,19,ARG,-4.5,173.4,1.0,5,0,H,0.028225806451612902,-75.9,-45.3,25.0,25.0,0.5,2.3912335105585245,38,0,27,-27,0.048958795970651406,1,0,0,0,0,0,0,0,0,12,24,12,0,3,1
1d2a,A,20,SER,-0.8,89.0,0.0,1,1,H,0.0,-64.1,-41.7,30.0,23.0,0.5660377358490566,2.684129496684106,43,23,17,6,0.05548663543340492,1,0,0,0,0,0,0,0,0,-1,0,0,0,0,0
1d2a,A,21,PRO,-1.6,112.7,0.0,0,0,H,0.007352941176470588,-67.4,-33.0,25.0,24.0,0.5102040816326531,2.5507178332726563,45,30,22,8,0.05175644145468863,1,0,0,0,0,0,0,0,0,-1,0,0,0,0,0
1d2a,A,22,MET,1.9,162.9,0.0,0,0,H,0.0,-66.9,-43.4,27.0,27.0,0.5,5.267928954507991,46,29,20,9,0.048492521723311866,1,0,0,0,0,0,0,0,0,-1,0,0,0,0,0
1d2a,A,23,ALA,1.8,88.6,0.0,0,0,H,0.0,-63.7,-40.6,26.0,26.0,0.5,5.399489609487601,41,26,17,9,0.05129016720734909,1,0,0,0,0,0,0,0,0,-1,0,0,0,0,0
1d2a,A,24,GLU,-3.5,138.4,-1.0,1,3,H,0.06701030927835051,-64.4,-43.0,24.0,22.0,0.5217391304347826,2.338452024398742,38,36,9,27,0.05502036118606539,1,0,0,0,0,0,0,0,0,14,24,10,0,2,1
1d2a,A,25,ALA,1.8,88.6,0.0,0,0,H,0.0660377358490566,-66.3,-46.9,19.0,18.0,0.5135135135135135,1.9476733060785492,35,38,26,12,0.04755997322863279,1,0,0,0,0,0,0,0,0,-1,0,0,0,0,0
1d2a,A,26,ILE,4.5,166.7,0.0,0,0,H,0.0,-67.2,-42.0,21.0,18.0,0.5384615384615384,2.9555368237093473,39,51,20,31,0.0526889899493677,1,0,0,0,0,0,0,0,0,6,302,4,0,16,1
1d2a,A,27,PHE,2.8,189.9,0.0,0,0,H,0.0,-61.5,-44.8,23.0,21.0,0.5227272727272727,5.2725052196715145,41,28,33,-5,0.048958795970651406,1,0,0,0,0,0,0,0,0,-1,0,0,0,0,0
1d2a,A,28,LYS,-3.9,168.6,1.0,2,0,H,0.3463414634146341,-59.6,-40.9,17.0,21.0,0.4473684210526316,2.108555448240603,30,25,43,-18,0.04429605349725603,1,0,0,0,0,0,0,0,0,22,1,7,0,0,1
1d2a,A,29,HIS,-3.2,153.2,0.1,2,1,H,0.14130434782608695,-63.6,-40.0,15.0,14.0,0.5172413793103449,2.135819293334581,27,37,25,12,0.04243095650789788,1,0,0,0,0,0,0,0,0,6,302,4,0,16,1
1d2a,A,30,GLU,-3.5,138.4,-1.0,1,3,H,0.09278350515463918,-74.9,-36.0,16.0,13.0,0.5517241379310345,2.085907628962214,33,36,13,23,0.045694876239274644,1,0,0,0,0,0,0,0,0,6,302,4,0,16,1
1d2a,A,31,VAL,4.2,140.0,0.0,0,0,H,0.02112676056338028,-60.5,-49.1,16.0,16.0,0.5,2.992047345469096,28,41,29,12,0.048492521723311866,1,0,0,0,0,0,0,0,0,22,1,7,0,0,1
1d2a,A,32,GLU,-3.5,138.4,-1.0,1,3,H,0.4020618556701031,-61.0,-52.3,8.0,13.0,0.38095238095238093,1.824235694587996,20,35,19,16,0.03683566553982344,1,0,0,0,0,0,0,0,0,22,1,7,0,0,1
1d2a,A,33,LYS,-3.9,168.6,1.0,2,0,H,0.6682926829268293,-55.6,-35.4,11.0,6.0,0.6470588235294118,1.890489847032273,18,20,24,-4,0.03124037457174899,1,0,0,0,0,0,0,0,0,6,302,4,0,16,1
1d2a,A,34,ALA,1.8,88.6,0.0,0,0,T,0.42452830188679247,-80.9,-5.0,16.0,3.0,0.8421052631578947,1.8356575507601594,19,34,26,8,0.027510180593032695,0,0,0,0,0,1,0,0,0,6,302,4,0,16,1
1d2a,A,35,ASN,-3.5,114.1,0.0,2,2,T,0.821656050955414,62.6,38.2,0.0,13.0,0.0,1.855235012349685,14,15,23,-8,0.02611135785101408,0,0,0,0,0,1,0,0,0,-1,0,0,0,0,0
1d2a,A,36,LEU,3.8,166.7,0.0,0,0,-,0.29878048780487804,-116.1,19.1,16.0,5.0,0.7619047619047619,2.6902557093237163,21,24,21,3,0.03916703677652112,0,0,0,0,0,0,0,0,0,-1,0,0,0,0,0
1d2a,A,37,GLU,-3.5,138.4,-1.0,1,3,G,0.5876288659793815,-54.1,-25.4,5.0,16.0,0.23809523809523808,1.732159244980809,19,30,13,17,0.034970568550465285,0,0,0,1,0,0,0,0,0,22,1,7,0,0,1
1d2a,A,38,ASN,-3.5,114.1,0.0,2,2,G,0.6687898089171974,-70.3,-22.6,1.0,15.0,0.0625,1.7469832549285431,14,20,12,8,0.025178809356335007,0,0,0,1,0,0,0,0,0,-1,0,0,0,0,0
1d2a,A,39,ARG,-4.5,173.4,1.0,5,0,G,0.33064516129032256,-81.5,-9.3,10.0,10.0,0.5,2.122257257670076,19,9,11,-2,0.035436842797804825,0,0,0,1,0,0,0,0,0,24,6,1,0,0,1
1d2a,A,40,PHE,2.8,189.9,0.0,0,0,E,0.050761421319796954,-117.5,143.6,17.0,8.0,0.68,3.1474012066748944,29,34,21,13,0.043363505002576956,0,0,1,0,0,0,0,0,0,-1,0,0,0,0,0
1d2a,A,41,ASN,-3.5,114.1,0.0,2,2,E,0.6560509554140127,-98.3,-79.3,10.0,10.0,0.5,1.8774162242816297,19,26,21,5,0.030774100324409453,0,0,1,0,0,0,0,0,0,-1,0,0,0,0,0
1d2a,A,42,LYS,-3.9,168.6,1.0,2,0,E,0.2634146341463415,-112.6,143.9,10.0,15.0,0.4,2.1909783658879025,24,24,30,-6,0.03450429430312575,0,0,1,0,0,0,0,0,0,14,24,10,0,2,1
1d2a,A,43,ILE,4.5,166.7,0.0,0,0,E,0.10650887573964497,-135.6,111.0,16.0,20.0,0.4444444444444444,2.1316021416456357,30,24,26,-2,0.04709369898129325,0,0,1,0,0,0,0,0,0,14,24,10,0,2,1
1d2a,A,44,ASP,-3.5,111.1,-1.0,1,3,E,0.294478527607362,-137.0,178.9,16.0,23.0,0.41025641025641024,2.2278644371786513,31,42,15,27,0.04289723075523742,0,0,1,0,0,0,0,0,0,14,24,10,0,2,1
1d2a,A,45,SER,-0.8,89.0,0.0,1,1,E,0.007692307692307693,-144.2,142.9,26.0,19.0,0.5777777777777777,2.5523974736243726,41,42,18,24,0.053621538444046775,0,0,1,0,0,0,0,0,0,14,24,10,0,2,1
1d2a,A,46,PHE,2.8,189.9,0.0,0,0,E,0.03553299492385787,-140.0,173.9,15.0,31.0,0.32608695652173914,3.1969251891880366,35,38,18,20,0.05548663543340492,0,0,1,0,0,0,0,0,0,14,24,10,0,2,1
1d2a,A,47,GLY,-0.4,60.1,0.0,0,0,E,0.0,-129.8,151.0,18.0,22.0,0.45,4.578260718415578,38,33,2,31,0.048958795970651406,0,0,1,0,0,0,0,0,0,13,16,16,0,2,1
1d2a,A,48,THR,-0.7,116.1,0.0,1,1,S,0.14084507042253522,-74.2,-25.4,15.0,22.0,0.40540540540540543,2.1982876912248943,32,12,0,12,0.043829779249916496,0,0,0,0,0,0,1,0,0,13,16,16,0,2,1
1d2a,A,49,SER,-0.8,89.0,0.0,1,1,S,0.23076923076923078,-96.8,161.2,9.0,13.0,0.4090909090909091,2.259599661891531,22,17,0,17,0.03357174580844668,0,0,0,0,0,0,1,0,0,13,16,16,0,2,1
1d2a,A,50,ASN,-3.5,114.1,0.0,2,2,-,0.5222929936305732,-101.3,8.6,4.0,19.0,0.17391304347826086,1.8568301668890648,21,20,10,10,0.034970568550465285,0,0,0,0,0,0,0,0,0,13,16,16,0,2,1
1d2a,A,51,TYR,-1.3,193.6,0.0,1,1,T,0.44594594594594594,-55.8,-31.6,9.0,18.0,0.3333333333333333,1.8788361710854968,20,19,13,6,0.030307826077069916,0,0,0,0,0,1,0,0,0,13,16,16,0,2,1
1d2a,A,52,HIS,-3.2,153.2,0.1,2,1,T,0.14130434782608695,-120.4,18.3,18.0,14.0,0.5625,2.347438260873699,29,24,20,4,0.04243095650789788,0,0,0,0,0,1,0,0,0,-1,0,0,0,0,0
1d2a,A,53,VAL,4.2,140.0,0.0,0,0,B,0.5352112676056338,-52.1,132.7,9.0,16.0,0.36,1.9350036736810716,24,39,9,30,0.034970568550465285,0,1,0,0,0,0,0,0,0,13,16,16,0,2,1
1d2a,A,54,GLY,-0.4,60.1,0.0,0,0,T,0.6071428571428571,84.3,-7.5,6.0,16.0,0.2727272727272727,1.7095125459915943,21,44,11,33,0.027043906345693154,0,0,0,0,0,1,0,0,0,-1,0,0,0,0,0
1d2a,A,55,GLU,-3.5,138.4,-1.0,1,3,P,0.26804123711340205,-97.1,146.9,16.0,10.0,0.6153846153846154,2.0514312317378245,28,56,7,49,0.0363693912924839,0,0,0,0,0,0,0,0,0,1,567,14,0,89,1
1d2a,A,56,SER,-0.8,89.0,0.0,1,1,P,0.47692307692307695,-70.7,156.6,9.0,17.0,0.34615384615384615,1.848317831449372,27,52,17,35,0.0363693912924839,0,0,0,0,0,0,0,0,0,1,567,14,0,89,1
1d2a,A,57,PRO,-1.6,112.7,0.0,0,0,P,0.08823529411764706,-64.1,164.4,21.0,17.0,0.5526315789473685,2.4989793110722407,32,53,18,35,0.04942507021799094,0,0,0,0,0,0,0,0,0,1,567,14,0,89,1
1d2a,A,58,ASP,-3.5,111.1,-1.0,1,3,P,0.018404907975460124,-48.9,134.0,19.0,17.0,0.5277777777777778,2.1802152539306063,32,40,12,28,0.04662742473395372,0,0,0,0,0,0,0,0,0,23,0,12,0,0,1
1d2a,A,59,HIS,-3.2,153.2,0.1,2,1,H,0.3804347826086957,-55.8,-27.9,8.0,25.0,0.24242424242424243,1.8479908918252306,20,31,11,20,0.03870076252918159,1,0,0,0,0,0,0,0,0,23,0,12,0,0,1
1d2a,A,60,ARG,-4.5,173.4,1.0,5,0,H,0.13306451612903225,-73.7,-33.1,16.0,17.0,0.48484848484848486,2.4649846799126327,25,11,27,-16,0.03963331102386066,1,0,0,0,0,0,0,0,0,23,0,12,0,0,1
1d2a,A,61,THR,-0.7,116.1,0.0,1,1,H,0.0,-70.4,-39.6,21.0,20.0,0.5121951219512195,5.3576165416998345,38,38,18,20,0.05222271570202816,1,0,0,0,0,0,0,0,0,-1,0,0,0,0,0
1d2a,A,62,VAL,4.2,140.0,0.0,0,0,H,0.2323943661971831,-65.9,-45.6,10.0,24.0,0.29411764705882354,2.651155660649582,26,36,8,28,0.040565859518539735,1,0,0,0,0,0,0,0,0,11,24,9,0,3,1
1d2a,A,63,SER,-0.8,89.0,0.0,1,1,H,0.34615384615384615,-60.6,-48.5,8.0,16.0,0.3333333333333333,1.9780042255496728,19,35,12,23,0.03357174580844668,1,0,0,0,0,0,0,0,0,11,24,9,0,3,1
1d2a,A,64,ILE,4.5,166.7,0.0,0,0,H,0.005917159763313609,-58.5,-41.9,21.0,11.0,0.65625,3.68513890307269,28,34,19,15,0.048958795970651406,1,0,0,0,0,0,0,0,0,-1,0,0,0,0,0
1d2a,A,65,CYS,2.5,108.5,0.0,1,0,H,0.0,-65.6,-51.6,22.0,14.0,0.6111111111111112,3.847358330388085,32,41,11,30,0.050823892960009553,1,0,0,0,0,0,0,0,0,-1,0,0,0,0,0
1d2a,A,66,LYS,-3.9,168.6,1.0,2,0,H,0.7463414634146341,-55.4,-41.8,6.0,14.0,0.3,1.9872353889944483,16,23,1,22,0.03357174580844668,1,0,0,0,0,0,0,0,0,11,24,9,0,3,1
1d2a,A,67,GLN,-3.5,143.8,0.0,2,2,H,0.6565656565656566,-62.4,-20.1,10.0,7.0,0.5882352941176471,1.7766155258403886,17,23,9,14,0.02844272908771177,1,0,0,0,0,0,0,0,0,-1,0,0,0,0,0
1d2a,A,68,HIS,-3.2,153.2,0.1,2,1,T,0.42934782608695654,-109.0,13.4,15.0,5.0,0.75,1.9342474012535906,21,19,11,8,0.030307826077069916,0,0,0,0,0,1,0,0,0,-1,0,0,0,0,0
1d2a,A,69,GLY,-0.4,60.1,0.0,0,0,T,0.6904761904761905,61.8,33.7,2.0,14.0,0.125,1.7095247492329393,18,41,3,38,0.026577632098353617,0,0,0,0,0,1,0,0,0,-1,0,0,0,0,0
1d2a,A,70,VAL,4.2,140.0,0.0,0,0,-,0.035211267605633804,-104.8,121.3,21.0,6.0,0.7777777777777778,2.1279973900147486,26,48,12,36,0.03823448828184205,0,0,0,0,0,0,0,0,0,-1,0,0,0,0,0
1d2a,A,71,LYS,-3.9,168.6,1.0,2,0,-,0.8634146341463415,-70.3,136.9,5.0,19.0,0.20833333333333334,1.8706998275737652,18,35,8,27,0.030307826077069916,0,0,0,0,0,0,0,0,0,-1,0,0,0,0,0
1d2a,A,72,ILE,4.5,166.7,0.0,0,0,-,0.20710059171597633,-146.2,129.6,26.0,6.0,0.8125,1.967777111425032,31,46,12,34,0.03683566553982344,0,0,0,0,0,0,0,0,0,1,567,14,0,89,1
1d2a,A,73,ASN,-3.5,114.1,0.0,2,2,-,0.9235668789808917,-153.5,114.2,1.0,26.0,0.037037037037037035,1.7550198253553864,16,30,8,22,0.02611135785101408,0,0,0,0,0,0,0,0,0,1,567,14,0,89,1
1d2a,A,74,HIS,-3.2,153.2,0.1,2,1,-,0.125,-156.2,155.8,24.0,5.0,0.8275862068965517,2.1214785841913932,33,26,23,3,0.03310547156110714,0,0,0,0,0,0,0,0,0,1,567,14,0,89,1
1d2a,A,75,LYS,-3.9,168.6,1.0,2,0,-,0.4878048780487805,-126.9,131.4,2.0,25.0,0.07407407407407407,1.94929765853499,20,24,13,11,0.03450429430312575,0,0,0,0,0,0,0,0,0,1,567,14,0,89,1
1d2a,A,76,GLY,-0.4,60.1,0.0,0,0,B,0.05952380952380952,-48.3,136.1,19.0,13.0,0.59375,2.411309183888197,28,38,12,26,0.050823892960009553,0,1,0,0,0,0,0,0,0,1,567,14,0,89,1
1d2a,A,77,LYS,-3.9,168.6,1.0,2,0,-,0.5463414634146342,-146.3,144.8,12.0,19.0,0.3870967741935484,2.397444071877263,27,36,14,22,0.04196468226055834,0,0,0,0,0,0,0,0,0,-1,0,0,0,0,0
1d2a,A,78,GLN,-3.5,143.8,0.0,2,2,B,0.398989898989899,-96.8,143.1,7.0,22.0,0.2413793103448276,1.826381673410803,24,30,0,30,0.043829779249916496,0,1,0,0,0,0,0,0,0,13,16,16,0,2,1
1d2a,A,79,ILE,4.5,166.7,0.0,0,0,-,0.11242603550295859,-54.1,153.8,24.0,12.0,0.6666666666666666,2.520057755536377,28,34,1,33,0.04196468226055834,0,0,0,0,0,0,0,0,0,-1,0,0,0,0,0
1d2a,A,80,LYS,-3.9,168.6,1.0,2,0,-,0.5024390243902439,-131.6,150.0,6.0,17.0,0.2608695652173913,2.0688647983814183,16,27,8,19,0.032639197313767604,0,0,0,0,0,0,0,0,0,15,24,7,0,1,1
1d2a,A,81,THR,-0.7,116.1,0.0,1,1,T,0.6338028169014085,-57.0,-34.9,4.0,18.0,0.18181818181818182,1.8253056626299295,19,30,15,15,0.03310547156110714,0,0,0,0,0,1,0,0,0,20,24,1,0,0,1
1d2a,A,82,LYS,-3.9,168.6,1.0,2,0,T,0.5414634146341464,-64.1,-22.2,0.0,17.0,0.0,1.9301021089023231,15,23,17,6,0.03170664881908853,0,0,0,0,0,1,0,0,0,20,24,1,0,0,1
1d2a,A,83,HIS,-3.2,153.2,0.1,2,1,H,0.03804347826086957,-59.9,-22.4,23.0,12.0,0.6571428571428571,3.307006335245815,29,32,26,6,0.04616115048661418,1,0,0,0,0,0,0,0,0,20,24,1,0,0,1
1d2a,A,84,PHE,2.8,189.9,0.0,0,0,H,0.0,-74.4,-14.6,12.0,19.0,0.3870967741935484,3.999716782105355,30,43,25,18,0.05222271570202816,1,0,0,0,0,0,0,0,0,20,24,1,0,0,1
1d2a,A,85,ASP,-3.5,111.1,-1.0,1,3,H,0.5644171779141104,-108.3,-15.0,6.0,18.0,0.25,1.8808546072752732,20,32,20,12,0.03590311704514436,1,0,0,0,0,0,0,0,0,20,24,1,0,0,1
1d2a,A,86,GLU,-3.5,138.4,-1.0,1,3,H,0.31958762886597936,-80.0,-42.5,11.0,12.0,0.4782608695652174,1.7576041769811426,24,43,21,22,0.040099585271200194,1,0,0,0,0,0,0,0,0,20,24,1,0,0,1
1d2a,A,87,TYR,-1.3,193.6,0.0,1,1,-,0.03153153153153153,-104.7,144.1,19.0,12.0,0.6129032258064516,3.512519281918628,28,46,33,13,0.05129016720734909,0,0,0,0,0,0,0,0,0,17,7,6,0,0,1
1d2a,A,88,ASP,-3.5,111.1,-1.0,1,3,S,0.25153374233128833,-78.1,-32.9,10.0,18.0,0.35714285714285715,1.9492938090438219,28,36,17,19,0.04476232774459557,0,0,0,0,0,0,1,0,0,17,7,6,0,0,1
1d2a,A,89,TYR,-1.3,193.6,0.0,1,1,E,0.09009009009009009,-130.6,132.8,19.0,14.0,0.5757575757575758,3.3871527333875027,29,22,19,3,0.05035761871267001,0,0,1,0,0,0,0,0,0,17,7,6,0,0,1
1d2a,A,90,ILE,4.5,166.7,0.0,0,0,E,0.0,-124.8,108.1,25.0,20.0,0.5555555555555556,6.334938482855829,39,31,20,11,0.05455408693872585,0,0,1,0,0,0,0,0,0,-1,0,0,0,0,0
1d2a,A,91,ILE,4.5,166.7,0.0,0,0,E,0.0,-105.1,118.7,25.0,25.0,0.5,6.386405307738016,39,10,22,-12,0.05129016720734909,0,0,1,0,0,0,0,0,0,-1,0,0,0,0,0
1d2a,A,92,GLY,-0.4,60.1,0.0,0,0,E,0.0,-90.9,167.2,17.0,29.0,0.3695652173913043,5.663162931811996,36,12,23,-11,0.053621538444046775,0,0,1,0,0,0,0,0,0,-1,0,0,0,0,0
1d2a,A,93,MET,1.9,162.9,0.0,0,0,S,0.0,-95.9,-44.6,25.0,23.0,0.5208333333333334,5.066043020239082,40,11,30,-19,0.053155264196707235,0,0,0,0,0,0,1,0,0,-1,0,0,0,0,0
1d2a,A,94,ASP,-3.5,111.1,-1.0,1,3,S,0.147239263803681,-131.6,173.3,10.0,20.0,0.3333333333333333,2.47287235969729,27,8,26,-18,0.043829779249916496,0,0,0,0,0,0,1,0,0,12,24,12,0,3,1
1d2a,A,95,GLU,-3.5,138.4,-1.0,1,3,H,0.6443298969072165,-58.8,-34.4,2.0,23.0,0.08,1.7462945272129156,20,6,11,-5,0.029375277582390842,1,0,0,0,0,0,0,0,0,-1,0,0,0,0,0
1d2a,A,96,SER,-0.8,89.0,0.0,1,1,H,0.5,-65.6,-29.9,6.0,15.0,0.2857142857142857,1.8161949524111778,20,9,20,-11,0.026577632098353617,1,0,0,0,0,0,0,0,0,-1,0,0,0,0,0
1d2a,A,97,ASN,-3.5,114.1,0.0,2,2,H,0.006369426751592357,-65.5,-47.8,24.0,11.0,0.6857142857142857,3.105034245619584,34,12,21,-9,0.045228601991935104,1,0,0,0,0,0,0,0,0,-1,0,0,0,0,0
1d2a,A,98,ILE,4.5,166.7,0.0,0,0,H,0.07692307692307693,-61.7,-44.3,12.0,17.0,0.41379310344827586,2.4138740916660293,26,18,20,-2,0.045228601991935104,1,0,0,0,0,0,0,0,0,-1,0,0,0,0,0
1d2a,A,99,ASN,-3.5,114.1,0.0,2,2,H,0.4840764331210191,-55.2,-50.4,4.0,16.0,0.2,1.9121560155521102,13,18,14,4,0.03310547156110714,1,0,0,0,0,0,0,0,0,21,24,0,0,0,1
1d2a,A,100,ASN,-3.5,114.1,0.0,2,2,H,0.3821656050955414,-63.5,-45.8,14.0,9.0,0.6086956521739131,1.9527971693208488,21,17,9,8,0.03403802005578621,1,0,0,0,0,0,0,0,0,21,24,0,0,0,1
1d2a,A,101,LEU,3.8,166.7,0.0,0,0,H,0.0,-63.1,-40.0,25.0,12.0,0.6756756756756757,4.6423794964984895,37,27,6,21,0.045694876239274644,1,0,0,0,0,0,0,0,0,-1,0,0,0,0,0
1d2a,A,102,LYS,-3.9,168.6,1.0,2,0,H,0.6926829268292682,-67.5,-29.1,8.0,17.0,0.32,2.0338049923306816,21,12,10,2,0.0363693912924839,1,0,0,0,0,0,0,0,0,-1,0,0,0,0,0
1d2a,A,103,LYS,-3.9,168.6,1.0,2,0,H,0.7707317073170732,-80.1,-22.7,6.0,9.0,0.4,1.9063370490663776,15,9,2,7,0.027043906345693154,1,0,0,0,0,0,0,0,0,21,24,0,0,0,1
1d2a,A,104,ILE,4.5,166.7,0.0,0,0,H,0.41420118343195267,-91.0,-35.7,15.0,6.0,0.7142857142857143,1.9518147591210555,21,25,2,23,0.02984155182973038,1,0,0,0,0,0,0,0,0,15,24,7,0,1,1
1d2a,A,105,GLN,-3.5,143.8,0.0,2,2,P,0.23737373737373738,-53.3,119.6,16.0,9.0,0.64,1.8920338509530927,26,37,15,22,0.03823448828184205,0,0,0,0,0,0,0,0,0,17,7,6,0,0,1
1d2a,A,106,PRO,-1.6,112.7,0.0,0,0,P,0.3602941176470588,-68.5,134.3,9.0,9.0,0.5,2.086859348334052,21,27,17,10,0.030307826077069916,0,0,0,0,0,0,0,0,0,16,31,1,0,0,1
1d2a,A,107,GLU,-3.5,138.4,-1.0,1,3,T,1.0,-58.1,139.3,0.0,15.0,0.0,1.7084651162113884,12,9,2,7,0.01818469564624195,0,0,0,0,0,1,0,0,0,16,31,1,0,0,1
1d2a,A,108,GLY,-0.4,60.1,0.0,0,0,T,0.9285714285714286,79.9,0.0,0.0,10.0,0.0,1.7095163134703295,10,9,17,-8,0.01958351838826056,0,0,0,0,0,1,0,0,0,16,31,1,0,0,1
1d2a,A,109,SER,-0.8,89.0,0.0,1,1,-,0.11538461538461539,-75.3,149.3,18.0,2.0,0.9,1.8101047040497857,19,22,25,-3,0.03170664881908853,0,0,0,0,0,0,0,0,0,20,24,1,0,0,1
1d2a,A,110,LYS,-3.9,168.6,1.0,2,0,S,0.5463414634146342,-65.9,-32.8,9.0,12.0,0.42857142857142855,1.9278649728406176,22,19,25,-6,0.030774100324409453,0,0,0,0,0,0,1,0,0,20,24,1,0,0,1
1d2a,A,111,ALA,1.8,88.6,0.0,0,0,-,0.05660377358490566,-51.8,132.0,22.0,6.0,0.7857142857142857,2.672428098332799,26,25,25,0,0.04709369898129325,0,0,0,0,0,0,0,0,0,17,7,6,0,0,1
1d2a,A,112,LYS,-3.9,168.6,1.0,2,0,E,0.526829268292683,-97.2,107.0,6.0,23.0,0.20689655172413793,2.214944657338711,24,9,16,-7,0.03450429430312575,0,0,1,0,0,0,0,0,0,17,7,6,0,0,1
1d2a,A,113,VAL,4.2,140.0,0.0,0,0,E,0.16901408450704225,-81.9,126.6,19.0,17.0,0.5277777777777778,2.1321956920016283,32,24,9,15,0.04243095650789788,0,0,1,0,0,0,0,0,0,-1,0,0,0,0,0
1d2a,A,114,CYS,2.5,108.5,0.0,1,0,E,0.08148148148148149,-155.9,165.0,11.0,21.0,0.34375,2.340351801765028,29,16,22,-6,0.040565859518539735,0,0,1,0,0,0,0,0,0,-1,0,0,0,0,0
1d2a,A,115,LEU,3.8,166.7,0.0,0,0,E,0.06097560975609756,-85.7,139.2,13.0,20.0,0.3939393939393939,2.590907351378615,27,4,25,-21,0.04476232774459557,0,0,1,0,0,0,0,0,0,-1,0,0,0,0,0
1d2a,A,116,PHE,2.8,189.9,0.0,0,0,G,0.0,-60.0,-38.4,28.0,16.0,0.6363636363636364,6.580321348811202,44,10,12,-2,0.05129016720734909,0,0,0,1,0,0,0,0,0,-1,0,0,0,0,0
1d2a,A,117,GLY,-0.4,60.1,0.0,0,0,G,0.03571428571428571,-64.6,-3.1,16.0,17.0,0.48484848484848486,2.7605728325356056,28,3,18,-15,0.04709369898129325,0,0,0,1,0,0,0,0,0,-1,0,0,0,0,0
1d2a,A,118,ASP,-3.5,111.1,-1.0,1,3,G,0.6257668711656442,-66.8,-18.5,12.0,17.0,0.41379310344827586,1.7671714341056977,26,8,7,1,0.03450429430312575,0,0,0,1,0,0,0,0,0,-1,0,0,0,0,0
1d2a,A,119,TRP,-0.9,227.8,0.0,1,0,G,0.07929515418502203,-96.0,14.7,18.0,11.0,0.6206896551724138,2.179919185997098,31,24,16,8,0.04243095650789788,0,0,0,1,0,0,0,0,0,5,503,3,0,19,1
1d2a,A,120,ASN,-3.5,114.1,0.0,2,2,-,0.07643312101910828,-73.6,150.8,15.0,11.0,0.5769230769230769,2.193577384038744,24,5,16,-11,0.04755997322863279,0,0,0,0,0,0,0,0,0,5,503,3,0,19,1
1d2a,A,121,THR,-0.7,116.1,0.0,1,1,-,0.36619718309859156,-94.7,-16.5,9.0,11.0,0.45,2.0232434202792757,17,5,12,-7,0.030774100324409453,0,0,0,0,0,0,0,0,0,5,503,3,0,19,1
1d2a,A,122,ASN,-3.5,114.1,0.0,2,2,-,0.7898089171974523,64.0,33.5,1.0,15.0,0.0625,1.8738763938894936,16,2,12,-10,0.02797645484037223,0,0,0,0,0,0,0,0,0,5,503,3,0,19,1
1d2a,A,123,ASP,-3.5,111.1,-1.0,1,3,S,0.588957055214724,-95.1,8.5,5.0,5.0,0.5,1.8386232487203633,12,0,0,0,0.02331371236697686,0,0,0,0,0,0,1,0,0,5,503,3,0,19,1
1d2a,A,124,GLY,-0.4,60.1,0.0,0,0,S,0.8095238095238095,91.5,-13.4,0.0,10.0,0.0,1.709648492044122,12,4,8,-4,0.022381163872297785,0,0,0,0,0,0,1,0,0,5,503,3,0,19,1
1d2a,A,125,THR,-0.7,116.1,0.0,1,1,S,0.44366197183098594,-58.4,-47.4,11.0,5.0,0.6875,1.852232078415531,14,8,8,0,0.02611135785101408,0,0,0,0,0,0,1,0,0,5,503,3,0,19,1
1d2a,A,126,VAL,4.2,140.0,0.0,0,0,S,0.04929577464788732,-145.6,159.6,19.0,5.0,0.7916666666666666,2.359826675390122,23,9,8,1,0.04289723075523742,0,0,0,0,0,0,1,0,0,5,503,3,0,19,1
1d2a,A,127,GLN,-3.5,143.8,0.0,2,2,-,0.6262626262626263,-82.2,154.4,7.0,17.0,0.2916666666666667,2.061598806752443,19,6,10,-4,0.032639197313767604,0,0,0,0,0,0,0,0,0,-1,0,0,0,0,0
1d2a,A,128,THR,-0.7,116.1,0.0,1,1,S,0.2887323943661972,-69.0,-41.9,10.0,18.0,0.35714285714285715,2.27607437701543,25,0,27,-27,0.040099585271200194,0,0,0,0,0,0,1,0,0,-1,0,0,0,0,0
1d2a,A,129,ILE,4.5,166.7,0.0,0,0,-,0.33727810650887574,-84.0,128.7,8.0,22.0,0.26666666666666666,1.9947611168514485,24,6,33,-27,0.04103213376587927,0,0,0,0,0,0,0,0,0,-1,0,0,0,0,0
1d2a,A,130,ILE,4.5,166.7,0.0,0,0,-,0.0,-94.7,97.3,27.0,13.0,0.675,3.5291182247108592,36,15,33,-18,0.05129016720734909,0,0,0,0,0,0,0,0,0,-1,0,0,0,0,0
1d2a,A,131,GLU,-3.5,138.4,-1.0,1,3,-,0.6597938144329897,-71.4,141.0,9.0,24.0,0.2727272727272727,1.75070397901868,21,8,25,-17,0.03683566553982344,0,0,0,0,0,0,0,0,0,12,24,12,0,3,1
1d2a,A,132,ASP,-3.5,111.1,-1.0,1,3,-,0.4723926380368098,-63.7,119.2,12.0,21.0,0.36363636363636365,1.75956611440036,27,14,29,-15,0.0363693912924839,0,0,0,0,0,0,0,0,0,12,24,12,0,3,1
1d2a,A,133,PRO,-1.6,112.7,0.0,0,0,-,0.014705882352941176,-86.0,-8.7,20.0,8.0,0.7142857142857143,2.5151455670549723,28,22,45,-23,0.04662742473395372,0,0,0,0,0,0,0,0,0,12,24,12,0,3,1
1d2a,A,134,TRP,-0.9,227.8,0.0,1,0,T,0.2907488986784141,-43.0,-53.2,9.0,15.0,0.375,1.8663422821172104,25,24,28,-4,0.03776821403450251,0,0,0,0,0,1,0,0,0,12,24,12,0,3,1
1d2a,A,135,TYR,-1.3,193.6,0.0,1,1,T,0.7927927927927928,-81.7,-2.2,3.0,12.0,0.2,1.7796773952592846,12,4,14,-10,0.027043906345693154,0,0,0,0,0,1,0,0,0,12,24,12,0,3,1
1d2a,A,136,GLY,-0.4,60.1,0.0,0,0,S,0.39285714285714285,-95.9,-149.9,11.0,4.0,0.7333333333333333,1.7095811957785374,16,9,31,-22,0.02844272908771177,0,0,0,0,0,0,1,0,0,3,224,10,0,31,1
1d2a,A,137,ASP,-3.5,111.1,-1.0,1,3,-,0.5766871165644172,-120.6,179.0,1.0,17.0,0.05555555555555555,2.0394226652327765,16,11,16,-5,0.030307826077069916,0,0,0,0,0,0,0,0,0,-1,0,0,0,0,0
1d2a,A,138,ILE,4.5,166.7,0.0,0,0,H,0.40236686390532544,-58.0,-20.0,8.0,15.0,0.34782608695652173,2.1249966874022927,23,22,30,-8,0.03823448828184205,1,0,0,0,0,0,0,0,0,-1,0,0,0,0,0
1d2a,A,139,GLN,-3.5,143.8,0.0,2,2,H,0.5909090909090909,-72.3,-23.1,0.0,19.0,0.0,1.8496470084073964,16,9,25,-16,0.029375277582390842,1,0,0,0,0,0,0,0,0,-1,0,0,0,0,0
1d2a,A,140,ASP,-3.5,111.1,-1.0,1,3,H,0.39263803680981596,-76.5,-34.1,10.0,12.0,0.45454545454545453,1.781938651011351,23,13,33,-20,0.040099585271200194,1,0,0,0,0,0,0,0,0,-1,0,0,0,0,0
1d2a,A,141,PHE,2.8,189.9,0.0,0,0,H,0.0,-68.6,-42.7,18.0,16.0,0.5294117647058824,4.653814620333171,34,30,45,-15,0.05595290968074446,1,0,0,0,0,0,0,0,0,-1,0,0,0,0,0
1d2a,A,142,GLU,-3.5,138.4,-1.0,1,3,H,0.23195876288659795,-58.5,-44.4,4.0,25.0,0.13793103448275862,2.1392397230897227,22,21,12,9,0.043829779249916496,1,0,0,0,0,0,0,0,0,-1,0,0,0,0,0
1d2a,A,143,TYR,-1.3,193.6,0.0,1,1,H,0.34234234234234234,-67.4,-34.1,13.0,16.0,0.4482758620689655,2.0208881641767684,25,9,27,-18,0.03870076252918159,1,0,0,0,0,0,0,0,0,-1,0,0,0,0,0
1d2a,A,144,ASN,-3.5,114.1,0.0,2,2,H,0.025477707006369428,-61.8,-42.8,24.0,16.0,0.6,2.957526889310418,36,22,34,-12,0.05175644145468863,1,0,0,0,0,0,0,0,0,-1,0,0,0,0,0
1d2a,A,145,PHE,2.8,189.9,0.0,0,0,H,0.08121827411167512,-55.4,-49.8,17.0,25.0,0.40476190476190477,2.846854303954326,39,33,15,18,0.048492521723311866,1,0,0,0,0,0,0,0,0,-1,0,0,0,0,0
1d2a,A,146,LYS,-3.9,168.6,1.0,2,0,H,0.5121951219512195,-58.4,-45.3,10.0,19.0,0.3448275862068966,1.9749816975405814,23,7,11,-4,0.04429605349725603,1,0,0,0,0,0,0,0,0,-1,0,0,0,0,0
1d2a,A,147,GLN,-3.5,143.8,0.0,2,2,H,0.005050505050505051,-64.9,-49.9,21.0,14.0,0.6,3.204741826246112,30,14,17,-3,0.053155264196707235,1,0,0,0,0,0,0,0,0,-1,0,0,0,0,0
1d2a,A,148,ILE,4.5,166.7,0.0,0,0,H,0.0,-59.7,-41.7,24.0,20.0,0.5454545454545454,5.695178488786568,43,22,17,5,0.05595290968074446,1,0,0,0,0,0,0,0,0,-1,0,0,0,0,0
1d2a,A,149,THR,-0.7,116.1,0.0,1,1,H,0.15492957746478872,-61.3,-47.0,11.0,25.0,0.3055555555555556,2.4657566409503837,31,36,12,24,0.045694876239274644,1,0,0,0,0,0,0,0,0,-1,0,0,0,0,0
1d2a,A,150,TYR,-1.3,193.6,0.0,1,1,H,0.17567567567567569,-60.0,-48.7,19.0,13.0,0.59375,2.1621448065255247,31,26,13,13,0.045694876239274644,1,0,0,0,0,0,0,0,0,5,503,3,0,19,1
1d2a,A,151,PHE,2.8,189.9,0.0,0,0,H,0.0,-69.0,-31.0,21.0,17.0,0.5526315789473685,5.339811357093658,37,18,9,9,0.05502036118606539,1,0,0,0,0,0,0,0,0,5,503,3,0,19,1
1d2a,A,152,SER,-0.8,89.0,0.0,1,1,H,0.0,-58.5,-52.4,20.0,17.0,0.5405405405405406,4.5013574073905085,40,35,17,18,0.05502036118606539,1,0,0,0,0,0,0,0,0,-1,0,0,0,0,0
1d2a,A,153,LYS,-3.9,168.6,1.0,2,0,H,0.4878048780487805,-61.2,-42.8,6.0,24.0,0.2,2.0720721441508934,24,25,9,16,0.04196468226055834,1,0,0,0,0,0,0,0,0,-1,0,0,0,0,0
1d2a,A,154,GLN,-3.5,143.8,0.0,2,2,H,0.15151515151515152,-59.7,-44.6,12.0,12.0,0.5,2.786906408249178,24,27,14,13,0.04755997322863279,1,0,0,0,0,0,0,0,0,5,503,3,0,19,1
1d2a,A,155,PHE,2.8,189.9,0.0,0,0,H,0.0,-59.2,-49.5,16.0,11.0,0.5925925925925926,4.791697613705325,32,23,16,7,0.050823892960009553,1,0,0,0,0,0,0,0,0,-1,0,0,0,0,0
1d2a,A,156,LEU,3.8,166.7,0.0,0,0,H,0.0975609756097561,-61.2,-32.9,18.0,9.0,0.6666666666666666,2.460400972118208,33,42,20,22,0.04476232774459557,1,0,0,0,0,0,0,0,0,18,27,1,0,0,1
1d2a,A,157,LYS,-3.9,168.6,1.0,2,0,H,0.7365853658536585,-75.3,-37.4,8.0,9.0,0.47058823529411764,1.9066322669732334,14,17,8,9,0.032172923066428064,1,0,0,0,0,0,0,0,0,-1,0,0,0,0,0
1d2a,A,158,LYS,-3.9,168.6,1.0,2,0,H,0.44390243902439025,-93.8,-36.4,9.0,4.0,0.6923076923076923,1.9837733363459569,16,14,13,1,0.032639197313767604,1,0,0,0,0,0,0,0,0,18,27,1,0,0,1
1d2a,A,159,GLU,-3.5,138.4,-1.0,1,3,H,0.30412371134020616,-84.4,-22.9,17.0,3.0,0.85,1.9494223362846996,22,28,3,25,0.03403802005578621,1,0,0,0,0,0,0,0,0,18,27,1,0,0,1
1d2a,A,160,LEU,3.8,166.7,0.0,0,0,-,0.4451219512195122,-84.8,360.0,14.0,4.0,0.7777777777777778,1.993899683328485,20,29,9,20,0.029375277582390842,0,0,0,0,0,0,0,0,0,18,27,1,0,0,1
1d2a,B,5,PRO,-1.6,112.7,0.0,0,0,-,1.0,360.0,121.7,3.0,8.0,0.2727272727272727,1.8338690506055138,10,20,6,14,0.016319598656883802,0,0,0,0,0,0,0,0,0,7,204,4,0,10,1
1d2a,B,6,LYS,-3.9,168.6,1.0,2,0,-,0.551219512195122,-89.1,141.9,8.0,9.0,0.47058823529411764,1.8991180144145585,15,19,9,10,0.03124037457174899,0,0,0,0,0,0,0,0,0,-1,0,0,0,0,0
1d2a,B,7,ILE,4.5,166.7,0.0,0,0,E,0.11242603550295859,-102.6,146.1,16.0,11.0,0.5925925925925926,2.3809386711982157,27,35,21,14,0.04289723075523742,0,0,1,0,0,0,0,0,0,19,4,8,0,0,1
1d2a,B,8,SER,-0.8,89.0,0.0,1,1,E,0.015384615384615385,-117.4,126.6,10.0,20.0,0.3333333333333333,2.834965586537155,28,31,25,6,0.04709369898129325,0,0,1,0,0,0,0,0,0,19,4,8,0,0,1
1d2a,B,9,VAL,4.2,140.0,0.0,0,0,E,0.0,-122.7,132.8,21.0,20.0,0.5121951219512195,6.047225452094337,37,26,30,-4,0.05781800667010261,0,0,1,0,0,0,0,0,0,-1,0,0,0,0,0
1d2a,B,10,ALA,1.8,88.6,0.0,0,0,E,0.0,-125.0,128.5,22.0,24.0,0.4782608695652174,7.148539863029981,41,24,29,-5,0.0526889899493677,0,0,1,0,0,0,0,0,0,-1,0,0,0,0,0
1d2a,B,11,PHE,2.8,189.9,0.0,0,0,E,0.0,-100.6,130.5,21.0,30.0,0.4117647058823529,7.257892890643753,44,19,17,2,0.05455408693872585,0,0,1,0,0,0,0,0,0,-1,0,0,0,0,0
1d2a,B,12,ILE,4.5,166.7,0.0,0,0,E,0.0,-135.3,138.0,27.0,22.0,0.5510204081632653,6.00486887637265,45,21,16,5,0.056419183928083996,0,0,1,0,0,0,0,0,0,-1,0,0,0,0,0
1d2a,B,13,ALA,1.8,88.6,0.0,0,0,E,0.018867924528301886,-137.2,-141.3,23.0,25.0,0.4791666666666667,3.201245649959682,43,14,19,-5,0.05222271570202816,0,0,1,0,0,0,0,0,0,-1,0,0,0,0,0
1d2a,B,14,LEU,3.8,166.7,0.0,0,0,S,0.31097560975609756,-96.3,-62.3,10.0,28.0,0.2631578947368421,2.3980528721841736,30,20,15,5,0.04149840801321881,0,0,0,0,0,0,1,0,0,0,2330,6,0,174,1
1d2a,B,15,GLY,-0.4,60.1,0.0,0,0,S,0.19047619047619047,-95.9,-0.6,11.0,25.0,0.3055555555555556,2.1585058931162,35,32,18,14,0.04942507021799094,0,0,0,0,0,0,1,0,0,0,2330,6,0,174,1
1d2a,B,16,ASN,-3.5,114.1,0.0,2,2,S,0.025477707006369428,44.9,52.9,22.0,19.0,0.5365853658536586,3.3177820296628413,39,44,24,20,0.058750555164781684,0,0,0,0,0,0,1,0,0,0,2330,6,0,174,1
1d2a,B,17,PHE,2.8,189.9,0.0,0,0,S,0.13705583756345177,-137.6,-40.0,15.0,27.0,0.35714285714285715,2.3830295333642115,34,51,20,31,0.04942507021799094,0,0,0,0,0,0,1,0,0,0,2330,6,0,174,1
1d2a,B,18,CYS,2.5,108.5,0.0,1,0,S,0.05185185185185185,-109.7,-70.1,17.0,33.0,0.34,2.307365878482964,40,36,25,11,0.05735173242276307,0,0,0,0,0,0,1,0,0,-1,0,0,0,0,0
1d2a,B,19,ARG,-4.5,173.4,1.0,5,0,H,0.020161290322580645,-76.7,-45.9,24.0,26.0,0.48,2.4138635461757967,38,0,27,-27,0.050823892960009553,1,0,0,0,0,0,0,0,0,-1,0,0,0,0,0
1d2a,B,20,SER,-0.8,89.0,0.0,1,1,H,0.0,-65.8,-42.1,28.0,23.0,0.5490196078431373,2.713480461512703,43,25,18,7,0.056419183928083996,1,0,0,0,0,0,0,0,0,-1,0,0,0,0,0
1d2a,B,21,PRO,-1.6,112.7,0.0,0,0,H,0.0,-68.6,-29.8,25.0,23.0,0.5208333333333334,2.6332836700347704,45,33,22,11,0.05222271570202816,1,0,0,0,0,0,0,0,0,-1,0,0,0,0,0
1d2a,B,22,MET,1.9,162.9,0.0,0,0,H,0.0,-70.3,-37.0,28.0,27.0,0.509090909090909,5.269670896536068,46,29,19,10,0.04755997322863279,1,0,0,0,0,0,0,0,0,-1,0,0,0,0,0
1d2a,B,23,ALA,1.8,88.6,0.0,0,0,H,0.0,-66.0,-47.1,26.0,26.0,0.5,5.313109525986979,41,28,17,11,0.05222271570202816,1,0,0,0,0,0,0,0,0,-1,0,0,0,0,0
1d2a,B,24,GLU,-3.5,138.4,-1.0,1,3,H,0.05670103092783505,-58.8,-45.0,25.0,22.0,0.5319148936170213,2.32024662380523,40,38,11,27,0.05408781269138631,1,0,0,0,0,0,0,0,0,-1,0,0,0,0,0
1d2a,B,25,ALA,1.8,88.6,0.0,0,0,H,0.05660377358490566,-62.6,-48.5,19.0,18.0,0.5135135135135135,1.929415972621527,36,40,26,14,0.048492521723311866,1,0,0,0,0,0,0,0,0,4,275,7,0,22,1
1d2a,B,26,ILE,4.5,166.7,0.0,0,0,H,0.0,-65.2,-41.5,21.0,18.0,0.5384615384615384,3.1560831649146652,38,51,22,29,0.05175644145468863,1,0,0,0,0,0,0,0,0,-1,0,0,0,0,0
1d2a,B,27,PHE,2.8,189.9,0.0,0,0,H,0.0,-64.4,-47.4,22.0,22.0,0.5,5.231005188784968,41,29,32,-3,0.04989134446533048,1,0,0,0,0,0,0,0,0,-1,0,0,0,0,0
1d2a,B,28,LYS,-3.9,168.6,1.0,2,0,H,0.33170731707317075,-55.8,-43.7,16.0,21.0,0.43243243243243246,2.17474771371192,29,25,42,-17,0.043363505002576956,1,0,0,0,0,0,0,0,0,-1,0,0,0,0,0
1d2a,B,29,HIS,-3.2,153.2,0.1,2,1,H,0.17391304347826086,-61.4,-40.1,16.0,13.0,0.5517241379310345,1.8811497527764587,27,37,24,13,0.043829779249916496,1,0,0,0,0,0,0,0,0,-1,0,0,0,0,0
1d2a,B,30,GLU,-3.5,138.4,-1.0,1,3,H,0.05154639175257732,-74.7,-35.1,15.0,14.0,0.5172413793103449,2.1641219407233283,33,36,13,23,0.04709369898129325,1,0,0,0,0,0,0,0,0,10,24,15,0,4,1
1d2a,B,31,VAL,4.2,140.0,0.0,0,0,H,0.02112676056338028,-59.2,-49.6,16.0,15.0,0.5161290322580645,3.152263442646607,26,42,29,13,0.04942507021799094,1,0,0,0,0,0,0,0,0,-1,0,0,0,0,0
1d2a,B,32,GLU,-3.5,138.4,-1.0,1,3,H,0.4020618556701031,-61.9,-42.3,8.0,13.0,0.38095238095238093,1.883470867706475,20,35,19,16,0.03683566553982344,1,0,0,0,0,0,0,0,0,-1,0,0,0,0,0
1d2a,B,33,LYS,-3.9,168.6,1.0,2,0,H,0.551219512195122,-61.7,-39.6,11.0,6.0,0.6470588235294118,1.8889047169600681,21,26,23,3,0.032172923066428064,1,0,0,0,0,0,0,0,0,10,24,15,0,4,1
1d2a,B,34,ALA,1.8,88.6,0.0,0,0,T,0.4811320754716981,-82.9,-2.7,14.0,3.0,0.8235294117647058,1.7960113856845616,18,30,27,3,0.02797645484037223,0,0,0,0,0,1,0,0,0,-1,0,0,0,0,0
1d2a,B,35,ASN,-3.5,114.1,0.0,2,2,T,0.7515923566878981,60.3,43.8,0.0,14.0,0.0,1.8788207822117204,14,16,22,-6,0.02611135785101408,0,0,0,0,0,1,0,0,0,-1,0,0,0,0,0
1d2a,B,36,LEU,3.8,166.7,0.0,0,0,-,0.2621951219512195,-110.8,21.0,16.0,5.0,0.7619047619047619,2.697674834413571,22,25,22,3,0.03963331102386066,0,0,0,0,0,0,0,0,0,-1,0,0,0,0,0
1d2a,B,37,GLU,-3.5,138.4,-1.0,1,3,G,0.4742268041237113,-55.1,-31.3,4.0,18.0,0.18181818181818182,1.7674222414289242,18,28,13,15,0.034970568550465285,0,0,0,1,0,0,0,0,0,-1,0,0,0,0,0
1d2a,B,38,ASN,-3.5,114.1,0.0,2,2,G,0.6178343949044586,-64.8,-21.2,2.0,14.0,0.125,1.7601167244233953,13,20,11,9,0.025645083603674543,0,0,0,1,0,0,0,0,0,-1,0,0,0,0,0
1d2a,B,39,ARG,-4.5,173.4,1.0,5,0,G,0.2217741935483871,-83.0,-9.8,10.0,10.0,0.5,2.2173200586057225,21,9,14,-5,0.03823448828184205,0,0,0,1,0,0,0,0,0,7,204,4,0,10,1
1d2a,B,40,PHE,2.8,189.9,0.0,0,0,E,0.07614213197969544,-122.4,141.7,17.0,8.0,0.68,3.0548849176481836,27,34,22,12,0.043829779249916496,0,0,1,0,0,0,0,0,0,19,4,8,0,0,1
1d2a,B,41,ASN,-3.5,114.1,0.0,2,2,E,0.6687898089171974,-88.1,-86.1,10.0,10.0,0.5,1.8791544711796786,19,26,19,7,0.030307826077069916,0,0,1,0,0,0,0,0,0,19,4,8,0,0,1
1d2a,B,42,LYS,-3.9,168.6,1.0,2,0,E,0.32195121951219513,-116.0,150.7,9.0,14.0,0.391304347826087,2.1165036600347835,25,19,30,-11,0.0363693912924839,0,0,1,0,0,0,0,0,0,19,4,8,0,0,1
1d2a,B,43,ILE,4.5,166.7,0.0,0,0,E,0.08875739644970414,-139.0,115.1,16.0,19.0,0.45714285714285713,2.1378111052191477,33,25,27,-2,0.045694876239274644,0,0,1,0,0,0,0,0,0,19,4,8,0,0,1
1d2a,B,44,ASP,-3.5,111.1,-1.0,1,3,E,0.22699386503067484,-138.9,178.9,17.0,22.0,0.4358974358974359,2.376199937413416,32,41,12,29,0.04476232774459557,0,0,1,0,0,0,0,0,0,19,4,8,0,0,1
1d2a,B,45,SER,-0.8,89.0,0.0,1,1,E,0.0,-141.8,149.8,26.0,19.0,0.5777777777777777,3.37713527049878,40,38,18,20,0.05548663543340492,0,0,1,0,0,0,0,0,0,-1,0,0,0,0,0
1d2a,B,46,PHE,2.8,189.9,0.0,0,0,E,0.02030456852791878,-148.9,172.2,17.0,29.0,0.3695652173913043,3.8570250425523445,35,37,16,21,0.05502036118606539,0,0,1,0,0,0,0,0,0,-1,0,0,0,0,0
1d2a,B,47,GLY,-0.4,60.1,0.0,0,0,E,0.0,-129.4,156.5,18.0,23.0,0.43902439024390244,4.287148335334155,38,35,2,33,0.04942507021799094,0,0,1,0,0,0,0,0,0,-1,0,0,0,0,0
1d2a,B,48,THR,-0.7,116.1,0.0,1,1,S,0.16901408450704225,-74.3,-32.6,16.0,22.0,0.42105263157894735,2.0767888183832066,33,16,1,15,0.043829779249916496,0,0,0,0,0,0,1,0,0,-1,0,0,0,0,0
1d2a,B,49,SER,-0.8,89.0,0.0,1,1,S,0.14615384615384616,-87.6,-178.3,8.0,13.0,0.38095238095238093,2.413895028653565,22,21,0,21,0.03357174580844668,0,0,0,0,0,0,1,0,0,0,2330,6,0,174,1
1d2a,B,50,ASN,-3.5,114.1,0.0,2,2,-,0.6496815286624203,-119.3,20.4,1.0,19.0,0.05,1.8517404613403206,16,18,5,13,0.03403802005578621,0,0,0,0,0,0,0,0,0,-1,0,0,0,0,0
1d2a,B,51,TYR,-1.3,193.6,0.0,1,1,T,0.6351351351351351,-49.5,-39.5,11.0,11.0,0.5,1.8339699127625098,17,12,5,7,0.030307826077069916,0,0,0,0,0,1,0,0,0,0,2330,6,0,174,1
1d2a,B,52,HIS,-3.2,153.2,0.1,2,1,T,0.14673913043478262,-132.4,33.1,16.0,8.0,0.6666666666666666,2.2065205612712964,24,14,15,-1,0.03823448828184205,0,0,0,0,0,1,0,0,0,0,2330,6,0,174,1
1d2a,B,53,VAL,4.2,140.0,0.0,0,0,B,0.5492957746478874,-58.8,130.0,6.0,16.0,0.2727272727272727,1.9189313455853545,22,34,9,25,0.03450429430312575,0,1,0,0,0,0,0,0,0,0,2330,6,0,174,1
1d2a,B,54,GLY,-0.4,60.1,0.0,0,0,T,0.5476190476190477,87.3,-9.4,1.0,17.0,0.05555555555555555,1.789124967268192,15,37,9,28,0.024246260861655933,0,0,0,0,0,1,0,0,0,-1,0,0,0,0,0
1d2a,B,55,GLU,-3.5,138.4,-1.0,1,3,P,0.422680412371134,-93.2,154.3,12.0,10.0,0.5454545454545454,2.0503453131422287,19,35,4,31,0.03450429430312575,0,0,0,0,0,0,0,0,0,0,2330,6,0,174,1
1d2a,B,56,SER,-0.8,89.0,0.0,1,1,P,0.5,-76.5,155.1,6.0,18.0,0.25,1.8600782918199144,21,38,17,21,0.035436842797804825,0,0,0,0,0,0,0,0,0,-1,0,0,0,0,0
1d2a,B,57,PRO,-1.6,112.7,0.0,0,0,P,0.10294117647058823,-61.4,165.6,21.0,14.0,0.6,2.4826429887314183,30,48,18,30,0.048958795970651406,0,0,0,0,0,0,0,0,0,-1,0,0,0,0,0
1d2a,B,58,ASP,-3.5,111.1,-1.0,1,3,P,0.03680981595092025,-55.5,134.9,17.0,13.0,0.5666666666666667,2.207280364480798,27,30,9,21,0.043829779249916496,0,0,0,0,0,0,0,0,0,-1,0,0,0,0,0
1d2a,B,59,HIS,-3.2,153.2,0.1,2,1,H,0.7336956521739131,-55.2,-27.8,0.0,22.0,0.0,1.797716879834331,15,11,10,1,0.03124037457174899,1,0,0,0,0,0,0,0,0,-1,0,0,0,0,0
1d2a,B,60,ARG,-4.5,173.4,1.0,5,0,H,0.16129032258064516,-72.0,-34.9,16.0,13.0,0.5517241379310345,2.2568371237535194,24,11,28,-17,0.03963331102386066,1,0,0,0,0,0,0,0,0,-1,0,0,0,0,0
1d2a,B,61,THR,-0.7,116.1,0.0,1,1,H,0.0,-71.2,-40.7,22.0,18.0,0.55,5.109471004792831,36,36,17,19,0.05129016720734909,1,0,0,0,0,0,0,0,0,-1,0,0,0,0,0
1d2a,B,62,VAL,4.2,140.0,0.0,0,0,H,0.4154929577464789,-61.8,-45.7,7.0,24.0,0.22580645161290322,2.334499586514565,25,37,8,29,0.040099585271200194,1,0,0,0,0,0,0,0,0,-1,0,0,0,0,0
1d2a,B,63,SER,-0.8,89.0,0.0,1,1,H,0.3076923076923077,-65.9,-43.5,7.0,16.0,0.30434782608695654,1.9544237486629463,19,41,14,27,0.032639197313767604,1,0,0,0,0,0,0,0,0,-1,0,0,0,0,0
1d2a,B,64,ILE,4.5,166.7,0.0,0,0,H,0.005917159763313609,-60.2,-42.1,21.0,13.0,0.6176470588235294,3.5395070359575174,29,41,18,23,0.04616115048661418,1,0,0,0,0,0,0,0,0,-1,0,0,0,0,0
1d2a,B,65,CYS,2.5,108.5,0.0,1,0,H,0.0,-62.5,-49.3,21.0,15.0,0.5833333333333334,3.2878444053003917,29,45,9,36,0.05035761871267001,1,0,0,0,0,0,0,0,0,4,275,7,0,22,1
1d2a,B,66,LYS,-3.9,168.6,1.0,2,0,H,0.6341463414634146,-58.1,-41.8,7.0,16.0,0.30434782608695654,1.9301808074102982,15,30,0,30,0.0363693912924839,1,0,0,0,0,0,0,0,0,4,275,7,0,22,1
1d2a,B,67,GLN,-3.5,143.8,0.0,2,2,T,0.3686868686868687,-63.5,-11.4,11.0,11.0,0.5,1.8154545224024874,18,43,15,28,0.034970568550465285,0,0,0,0,0,1,0,0,0,23,0,12,0,0,1
1d2a,B,68,HIS,-3.2,153.2,0.1,2,1,T,0.29891304347826086,-114.8,5.2,18.0,9.0,0.6666666666666666,1.9301523793302198,29,37,26,11,0.034970568550465285,0,0,0,0,0,1,0,0,0,-1,0,0,0,0,0
1d2a,B,69,GLY,-0.4,60.1,0.0,0,0,T,0.39285714285714285,71.8,20.5,7.0,13.0,0.35,1.7980847243523983,20,48,3,45,0.027510180593032695,0,0,0,0,0,1,0,0,0,-1,0,0,0,0,0
1d2a,B,70,VAL,4.2,140.0,0.0,0,0,-,0.014084507042253521,-96.8,119.6,21.0,7.0,0.75,2.456409169835556,26,49,12,37,0.03870076252918159,0,0,0,0,0,0,0,0,0,4,275,7,0,22,1
1d2a,B,71,LYS,-3.9,168.6,1.0,2,0,-,0.6829268292682927,-76.4,144.5,5.0,19.0,0.20833333333333334,1.870769382321902,21,34,9,25,0.030307826077069916,0,0,0,0,0,0,0,0,0,4,275,7,0,22,1
1d2a,B,72,ILE,4.5,166.7,0.0,0,0,-,0.2485207100591716,-147.4,131.5,26.0,6.0,0.8125,2.012367671431498,31,45,12,33,0.0363693912924839,0,0,0,0,0,0,0,0,0,4,275,7,0,22,1
1d2a,B,73,ASN,-3.5,114.1,0.0,2,2,-,0.9044585987261147,-148.8,117.3,3.0,24.0,0.1111111111111111,1.759830509419173,18,32,10,22,0.024246260861655933,0,0,0,0,0,0,0,0,0,4,275,7,0,22,1
1d2a,B,74,HIS,-3.2,153.2,0.1,2,1,-,0.08152173913043478,-162.5,151.4,23.0,5.0,0.8214285714285714,2.1642108388472905,33,26,24,2,0.03590311704514436,0,0,0,0,0,0,0,0,0,-1,0,0,0,0,0
1d2a,B,75,LYS,-3.9,168.6,1.0,2,0,-,0.43902439024390244,-126.0,126.9,2.0,25.0,0.07407407407407407,1.9456974380519663,19,25,13,12,0.03590311704514436,0,0,0,0,0,0,0,0,0,-1,0,0,0,0,0
1d2a,B,76,GLY,-0.4,60.1,0.0,0,0,B,0.047619047619047616,-51.3,140.4,19.0,14.0,0.5757575757575758,2.4340379533122833,27,38,13,25,0.05175644145468863,0,1,0,0,0,0,0,0,0,-1,0,0,0,0,0
1d2a,B,77,LYS,-3.9,168.6,1.0,2,0,-,0.33170731707317075,-152.9,153.0,9.0,22.0,0.2903225806451613,2.3711462284769724,31,36,16,20,0.04243095650789788,0,0,0,0,0,0,0,0,0,-1,0,0,0,0,0
1d2a,B,78,GLN,-3.5,143.8,0.0,2,2,B,0.31313131313131315,-96.3,130.8,8.0,22.0,0.26666666666666666,1.8818199552258303,26,35,0,35,0.043363505002576956,0,1,0,0,0,0,0,0,0,-1,0,0,0,0,0
1d2a,B,79,ILE,4.5,166.7,0.0,0,0,-,0.03550295857988166,-70.9,140.6,27.0,9.0,0.75,3.1260002833625933,32,37,5,32,0.04662742473395372,0,0,0,0,0,0,0,0,0,-1,0,0,0,0,0
1d2a,B,80,LYS,-3.9,168.6,1.0,2,0,-,0.5170731707317073,-128.4,156.9,3.0,22.0,0.12,2.271768787809417,21,25,3,22,0.03590311704514436,0,0,0,0,0,0,0,0,0,-1,0,0,0,0,0
1d2a,B,81,THR,-0.7,116.1,0.0,1,1,G,0.5774647887323944,-56.6,-30.7,8.0,15.0,0.34782608695652173,1.8608054234351366,18,31,14,17,0.03450429430312575,0,0,0,1,0,0,0,0,0,-1,0,0,0,0,0
1d2a,B,82,LYS,-3.9,168.6,1.0,2,0,G,0.7121951219512195,-62.9,-19.9,1.0,14.0,0.06666666666666667,1.9201823914988776,13,19,17,2,0.02984155182973038,0,0,0,1,0,0,0,0,0,-1,0,0,0,0,0
1d2a,B,83,HIS,-3.2,153.2,0.1,2,1,G,0.14130434782608695,-77.4,-18.5,19.0,13.0,0.59375,2.883896044807029,26,29,21,8,0.04289723075523742,0,0,0,1,0,0,0,0,0,-1,0,0,0,0,0
1d2a,B,84,PHE,2.8,189.9,0.0,0,0,G,0.0,-66.1,-19.8,13.0,17.0,0.43333333333333335,3.5122580432404935,30,48,24,24,0.05129016720734909,0,0,0,1,0,0,0,0,0,-1,0,0,0,0,0
1d2a,B,85,ASP,-3.5,111.1,-1.0,1,3,G,0.6134969325153374,-104.0,22.8,6.0,18.0,0.25,1.8276987811247545,20,29,20,9,0.035436842797804825,0,0,0,1,0,0,0,0,0,-1,0,0,0,0,0
1d2a,B,86,GLU,-3.5,138.4,-1.0,1,3,T,0.42783505154639173,-119.8,-16.5,9.0,15.0,0.375,1.955249182190537,21,41,18,23,0.034970568550465285,0,0,0,0,0,1,0,0,0,19,4,8,0,0,1
1d2a,B,87,TYR,-1.3,193.6,0.0,1,1,-,0.04504504504504504,-121.5,151.7,22.0,10.0,0.6875,3.2499468924300814,30,41,32,9,0.048958795970651406,0,0,0,0,0,0,0,0,0,19,4,8,0,0,1
1d2a,B,88,ASP,-3.5,111.1,-1.0,1,3,S,0.26380368098159507,-88.1,-31.3,10.0,17.0,0.37037037037037035,1.92212070725997,28,35,18,17,0.04289723075523742,0,0,0,0,0,0,1,0,0,-1,0,0,0,0,0
1d2a,B,89,TYR,-1.3,193.6,0.0,1,1,E,0.08108108108108109,-131.6,133.8,19.0,14.0,0.5757575757575758,3.3742924977673407,29,22,19,3,0.048492521723311866,0,0,1,0,0,0,0,0,0,-1,0,0,0,0,0
1d2a,B,90,ILE,4.5,166.7,0.0,0,0,E,0.0,-124.6,105.5,24.0,21.0,0.5333333333333333,6.24453110161735,40,30,21,9,0.05408781269138631,0,0,1,0,0,0,0,0,0,-1,0,0,0,0,0
1d2a,B,91,ILE,4.5,166.7,0.0,0,0,E,0.0,-103.6,117.3,23.0,24.0,0.48936170212765956,6.42368468732157,40,9,22,-13,0.05175644145468863,0,0,1,0,0,0,0,0,0,-1,0,0,0,0,0
1d2a,B,92,GLY,-0.4,60.1,0.0,0,0,E,0.0,-90.3,163.1,16.0,30.0,0.34782608695652173,5.805339522928763,37,12,24,-12,0.05408781269138631,0,0,1,0,0,0,0,0,0,-1,0,0,0,0,0
1d2a,B,93,MET,1.9,162.9,0.0,0,0,S,0.0,-90.7,-45.0,25.0,23.0,0.5208333333333334,5.310008850540431,41,11,31,-20,0.05595290968074446,0,0,0,0,0,0,1,0,0,-1,0,0,0,0,0
1d2a,B,94,ASP,-3.5,111.1,-1.0,1,3,S,0.147239263803681,-129.4,171.6,10.0,20.0,0.3333333333333333,2.4866022684477445,26,8,26,-18,0.04429605349725603,0,0,0,0,0,0,1,0,0,-1,0,0,0,0,0
1d2a,B,95,GLU,-3.5,138.4,-1.0,1,3,H,0.6134020618556701,-60.5,-33.0,2.0,23.0,0.08,1.7373629505176016,20,6,12,-6,0.02984155182973038,1,0,0,0,0,0,0,0,0,-1,0,0,0,0,0
1d2a,B,96,SER,-0.8,89.0,0.0,1,1,H,0.4846153846153846,-63.5,-33.2,7.0,15.0,0.3181818181818182,1.8134603893596193,20,8,21,-13,0.02611135785101408,1,0,0,0,0,0,0,0,0,-1,0,0,0,0,0
1d2a,B,97,ASN,-3.5,114.1,0.0,2,2,H,0.0,-66.5,-46.1,24.0,11.0,0.6857142857142857,3.3979191371341453,34,13,22,-9,0.045228601991935104,1,0,0,0,0,0,0,0,0,-1,0,0,0,0,0
1d2a,B,98,ILE,4.5,166.7,0.0,0,0,H,0.05917159763313609,-61.1,-47.4,12.0,17.0,0.41379310344827586,2.4805983416997783,27,19,20,-1,0.04709369898129325,1,0,0,0,0,0,0,0,0,-1,0,0,0,0,0
1d2a,B,99,ASN,-3.5,114.1,0.0,2,2,H,0.4968152866242038,-53.2,-46.1,4.0,17.0,0.19047619047619047,1.8884688898741464,14,18,14,4,0.03403802005578621,1,0,0,0,0,0,0,0,0,25,3,2,0,0,1
1d2a,B,100,ASN,-3.5,114.1,0.0,2,2,H,0.4012738853503185,-66.2,-39.2,17.0,10.0,0.6296296296296297,1.9173011778526563,22,17,9,8,0.035436842797804825,1,0,0,0,0,0,0,0,0,25,3,2,0,0,1
1d2a,B,101,LEU,3.8,166.7,0.0,0,0,H,0.0,-66.8,-46.3,26.0,13.0,0.6666666666666666,4.754472560237247,36,26,6,20,0.045694876239274644,1,0,0,0,0,0,0,0,0,-1,0,0,0,0,0
1d2a,B,102,LYS,-3.9,168.6,1.0,2,0,H,0.6146341463414634,-65.7,-27.8,9.0,16.0,0.36,2.055838556732978,22,14,8,6,0.03730193978716297,1,0,0,0,0,0,0,0,0,-1,0,0,0,0,0
1d2a,B,103,LYS,-3.9,168.6,1.0,2,0,H,0.751219512195122,-77.4,-33.5,6.0,10.0,0.375,1.9025907224087828,15,9,2,7,0.027043906345693154,1,0,0,0,0,0,0,0,0,25,3,2,0,0,1
1d2a,B,104,ILE,4.5,166.7,0.0,0,0,H,0.3136094674556213,-76.5,-36.2,16.0,7.0,0.6956521739130435,1.9602910761128491,22,31,2,29,0.032172923066428064,1,0,0,0,0,0,0,0,0,-1,0,0,0,0,0
1d2a,B,105,GLN,-3.5,143.8,0.0,2,2,S,0.24242424242424243,-51.8,117.4,16.0,11.0,0.5925925925925926,1.9166327549018207,26,34,15,19,0.03870076252918159,0,0,0,0,0,0,1,0,0,8,201,3,0,6,1
1d2a,B,106,PRO,-1.6,112.7,0.0,0,0,P,0.38235294117647056,-63.9,140.3,9.0,9.0,0.5,2.1070697388730646,20,26,17,9,0.030774100324409453,0,0,0,0,0,0,0,0,0,8,201,3,0,6,1
1d2a,B,107,GLU,-3.5,138.4,-1.0,1,3,T,1.0,-54.9,117.1,0.0,14.0,0.0,1.730810316576241,9,7,1,6,0.017718421398902413,0,0,0,0,0,1,0,0,0,8,201,3,0,6,1
1d2a,B,108,GLY,-0.4,60.1,0.0,0,0,T,0.9642857142857143,87.7,7.1,1.0,11.0,0.08333333333333333,1.7095784743475781,10,9,16,-7,0.020049792635600097,0,0,0,0,0,1,0,0,0,8,201,3,0,6,1
1d2a,B,109,SER,-0.8,89.0,0.0,1,1,-,0.1076923076923077,-70.1,156.3,19.0,2.0,0.9047619047619048,1.831325122611701,20,24,23,1,0.02984155182973038,0,0,0,0,0,0,0,0,0,8,201,3,0,6,1
1d2a,B,110,LYS,-3.9,168.6,1.0,2,0,S,0.48292682926829267,-50.7,-67.5,13.0,8.0,0.6190476190476191,1.911279895586252,21,19,23,-4,0.030307826077069916,0,0,0,0,0,0,1,0,0,8,201,3,0,6,1
1d2a,B,111,ALA,1.8,88.6,0.0,0,0,-,0.04716981132075472,-35.4,141.3,22.0,6.0,0.7857142857142857,2.470639081150959,29,29,25,4,0.045694876239274644,0,0,0,0,0,0,0,0,0,8,201,3,0,6,1
1d2a,B,112,LYS,-3.9,168.6,1.0,2,0,E,0.5170731707317073,-106.1,111.3,8.0,21.0,0.27586206896551724,2.1821247795531122,24,12,16,-4,0.03403802005578621,0,0,1,0,0,0,0,0,0,-1,0,0,0,0,0
1d2a,B,113,VAL,4.2,140.0,0.0,0,0,E,0.09154929577464789,-86.9,120.7,18.0,17.0,0.5142857142857142,2.176089627283679,31,23,10,13,0.04149840801321881,0,0,1,0,0,0,0,0,0,-1,0,0,0,0,0
1d2a,B,114,CYS,2.5,108.5,0.0,1,0,E,0.08888888888888889,-151.6,161.1,10.0,21.0,0.3225806451612903,2.423112072695794,29,16,23,-7,0.040565859518539735,0,0,1,0,0,0,0,0,0,-1,0,0,0,0,0
1d2a,B,115,LEU,3.8,166.7,0.0,0,0,E,0.054878048780487805,-78.6,137.6,13.0,21.0,0.38235294117647056,2.5908189605318652,27,6,25,-19,0.045228601991935104,0,0,1,0,0,0,0,0,0,-1,0,0,0,0,0
1d2a,B,116,PHE,2.8,189.9,0.0,0,0,G,0.0,-58.7,-37.0,27.0,17.0,0.6136363636363636,6.701327530195436,44,10,13,-3,0.05222271570202816,0,0,0,1,0,0,0,0,0,-1,0,0,0,0,0
1d2a,B,117,GLY,-0.4,60.1,0.0,0,0,G,0.03571428571428571,-65.5,-8.9,15.0,17.0,0.46875,2.706076576825755,28,3,17,-14,0.04755997322863279,0,0,0,1,0,0,0,0,0,2,260,13,0,35,1
1d2a,B,118,ASP,-3.5,111.1,-1.0,1,3,G,0.6134969325153374,-63.2,-15.7,11.0,17.0,0.39285714285714285,1.7599783158729327,27,8,8,0,0.03450429430312575,0,0,0,1,0,0,0,0,0,-1,0,0,0,0,0
1d2a,B,119,TRP,-0.9,227.8,0.0,1,0,G,0.07488986784140969,-98.8,8.7,19.0,10.0,0.6551724137931034,2.213263677364109,29,24,16,8,0.04243095650789788,0,0,0,1,0,0,0,0,0,2,260,13,0,35,1
1d2a,B,120,ASN,-3.5,114.1,0.0,2,2,-,0.050955414012738856,-69.5,156.5,15.0,11.0,0.5769230769230769,2.163628553808978,26,6,16,-10,0.04755997322863279,0,0,0,0,0,0,0,0,0,9,24,13,0,4,1
1d2a,B,121,THR,-0.7,116.1,0.0,1,1,-,0.3591549295774648,-96.5,-12.1,10.0,10.0,0.5,2.0478965366572472,17,6,12,-6,0.03124037457174899,0,0,0,0,0,0,0,0,0,9,24,13,0,4,1
1d2a,B,122,ASN,-3.5,114.1,0.0,2,2,-,0.7898089171974523,59.3,25.2,2.0,14.0,0.125,1.8667085363970866,16,2,12,-10,0.02797645484037223,0,0,0,0,0,0,0,0,0,2,260,13,0,35,1
1d2a,B,123,ASP,-3.5,111.1,-1.0,1,3,S,0.6196319018404908,-92.6,9.9,4.0,6.0,0.4,1.8451563611975628,14,1,0,1,0.022847438119637322,0,0,0,0,0,0,1,0,0,9,24,13,0,4,1
1d2a,B,124,GLY,-0.4,60.1,0.0,0,0,S,0.8214285714285714,88.3,8.1,2.0,10.0,0.16666666666666666,1.709582578616367,14,3,8,-5,0.025178809356335007,0,0,0,0,0,0,1,0,0,-1,0,0,0,0,0
1d2a,B,125,THR,-0.7,116.1,0.0,1,1,S,0.30985915492957744,-72.1,-51.0,14.0,7.0,0.6666666666666666,1.8429197350038502,19,10,9,1,0.030307826077069916,0,0,0,0,0,0,1,0,0,9,24,13,0,4,1
1d2a,B,126,VAL,4.2,140.0,0.0,0,0,S,0.06338028169014084,-137.1,156.2,20.0,7.0,0.7407407407407407,2.3508618767471368,25,9,8,1,0.043363505002576956,0,0,0,0,0,0,1,0,0,9,24,13,0,4,1
1d2a,B,127,GLN,-3.5,143.8,0.0,2,2,-,0.6767676767676768,-75.0,148.6,7.0,17.0,0.2916666666666667,2.0513804605135517,20,5,11,-6,0.032172923066428064,0,0,0,0,0,0,0,0,0,-1,0,0,0,0,0
1d2a,B,128,THR,-0.7,116.1,0.0,1,1,S,0.24647887323943662,-69.5,-38.8,9.0,18.0,0.3333333333333333,2.2646452845207596,25,0,28,-28,0.040099585271200194,0,0,0,0,0,0,1,0,0,-1,0,0,0,0,0
1d2a,B,129,ILE,4.5,166.7,0.0,0,0,S,0.30177514792899407,-86.4,135.2,8.0,22.0,0.26666666666666666,1.9901664903126597,24,6,33,-27,0.04149840801321881,0,0,0,0,0,0,1,0,0,26,0,13,0,0,1
1d2a,B,130,ILE,4.5,166.7,0.0,0,0,-,0.0,-99.6,94.2,28.0,13.0,0.6829268292682927,3.48222455263699,37,15,33,-18,0.05129016720734909,0,0,0,0,0,0,0,0,0,26,0,13,0,0,1
1d2a,B,131,GLU,-3.5,138.4,-1.0,1,3,-,0.7371134020618557,-69.2,137.6,10.0,24.0,0.29411764705882354,1.74081113221579,20,8,25,-17,0.03683566553982344,0,0,0,0,0,0,0,0,0,26,0,13,0,0,1
1d2a,B,132,ASP,-3.5,111.1,-1.0,1,3,-,0.3803680981595092,-60.2,119.2,13.0,20.0,0.3939393939393939,1.7445714281452194,28,14,27,-13,0.03823448828184205,0,0,0,0,0,0,0,0,0,26,0,13,0,0,1
1d2a,B,133,PRO,-1.6,112.7,0.0,0,0,-,0.007352941176470588,-84.9,-6.4,19.0,10.0,0.6551724137931034,2.559980675512958,29,22,42,-20,0.04476232774459557,0,0,0,0,0,0,0,0,0,-1,0,0,0,0,0
1d2a,B,134,TRP,-0.9,227.8,0.0,1,0,T,0.41409691629955947,-40.2,-52.9,9.0,15.0,0.375,1.9050157735012392,21,23,22,1,0.03823448828184205,0,0,0,0,0,1,0,0,0,0,2330,6,0,174,1
1d2a,B,135,TYR,-1.3,193.6,0.0,1,1,T,0.963963963963964,-88.1,4.3,1.0,12.0,0.07692307692307693,1.7925925296536978,12,4,15,-11,0.025645083603674543,0,0,0,0,0,1,0,0,0,-1,0,0,0,0,0
1d2a,B,136,GLY,-0.4,60.1,0.0,0,0,S,0.39285714285714285,-101.7,-146.1,11.0,4.0,0.7333333333333333,1.709689026528445,16,9,31,-22,0.02797645484037223,0,0,0,0,0,0,1,0,0,-1,0,0,0,0,0
1d2a,B,137,ASP,-3.5,111.1,-1.0,1,3,-,0.5030674846625767,-133.9,-175.9,1.0,18.0,0.05263157894736842,2.01085386668457,16,12,16,-4,0.030774100324409453,0,0,0,0,0,0,0,0,0,-1,0,0,0,0,0
1d2a,B,138,ILE,4.5,166.7,0.0,0,0,H,0.4260355029585799,-48.0,-37.9,7.0,16.0,0.30434782608695654,2.050913359413009,22,20,30,-10,0.0363693912924839,1,0,0,0,0,0,0,0,0,-1,0,0,0,0,0
1d2a,B,139,GLN,-3.5,143.8,0.0,2,2,H,0.4797979797979798,-62.0,-27.4,2.0,19.0,0.09523809523809523,1.8090265627149533,14,4,25,-21,0.03170664881908853,1,0,0,0,0,0,0,0,0,3,224,10,0,31,1
1d2a,B,140,ASP,-3.5,111.1,-1.0,1,3,H,0.44171779141104295,-75.5,-32.9,10.0,12.0,0.45454545454545453,1.777768502931158,24,14,33,-19,0.040565859518539735,1,0,0,0,0,0,0,0,0,-1,0,0,0,0,0
1d2a,B,141,PHE,2.8,189.9,0.0,0,0,H,0.0,-69.8,-40.1,17.0,16.0,0.5151515151515151,4.732495580740416,35,31,45,-14,0.053621538444046775,1,0,0,0,0,0,0,0,0,-1,0,0,0,0,0
1d2a,B,142,GLU,-3.5,138.4,-1.0,1,3,H,0.1958762886597938,-61.1,-45.2,4.0,25.0,0.13793103448275862,2.0842977917369194,29,26,15,11,0.04243095650789788,1,0,0,0,0,0,0,0,0,-1,0,0,0,0,0
1d2a,B,143,TYR,-1.3,193.6,0.0,1,1,H,0.26126126126126126,-67.4,-34.1,14.0,17.0,0.45161290322580644,2.022123880749652,28,10,28,-18,0.03776821403450251,1,0,0,0,0,0,0,0,0,-1,0,0,0,0,0
1d2a,B,144,ASN,-3.5,114.1,0.0,2,2,H,0.025477707006369428,-62.4,-41.5,24.0,16.0,0.6,3.03924982539148,37,22,34,-12,0.05175644145468863,1,0,0,0,0,0,0,0,0,-1,0,0,0,0,0
1d2a,B,145,PHE,2.8,189.9,0.0,0,0,H,0.08121827411167512,-59.4,-45.1,15.0,25.0,0.375,2.7965087167657208,44,35,19,16,0.048492521723311866,1,0,0,0,0,0,0,0,0,-1,0,0,0,0,0
1d2a,B,146,LYS,-3.9,168.6,1.0,2,0,H,0.12682926829268293,-59.5,-46.1,15.0,18.0,0.45454545454545453,1.9727143416747732,30,17,18,-1,0.048026247475972325,1,0,0,0,0,0,0,0,0,-1,0,0,0,0,0
1d2a,B,147,GLN,-3.5,143.8,0.0,2,2,H,0.010101010101010102,-61.7,-52.1,19.0,18.0,0.5135135135135135,3.2006291618225386,29,14,17,-3,0.053155264196707235,1,0,0,0,0,0,0,0,0,-1,0,0,0,0,0
1d2a,B,148,ILE,4.5,166.7,0.0,0,0,H,0.0,-59.8,-37.6,25.0,20.0,0.5555555555555556,5.698284961512219,42,22,16,6,0.05595290968074446,1,0,0,0,0,0,0,0,0,-1,0,0,0,0,0
1d2a,B,149,THR,-0.7,116.1,0.0,1,1,H,0.16901408450704225,-68.2,-44.6,14.0,25.0,0.358974358974359,2.422907690984548,34,38,18,20,0.045694876239274644,1,0,0,0,0,0,0,0,0,10,24,15,0,4,1
1d2a,B,150,TYR,-1.3,193.6,0.0,1,1,H,0.18468468468468469,-61.9,-48.7,21.0,16.0,0.5675675675675675,2.3150344681686357,33,25,13,12,0.04429605349725603,1,0,0,0,0,0,0,0,0,10,24,15,0,4,1
1d2a,B,151,PHE,2.8,189.9,0.0,0,0,H,0.0,-68.1,-28.3,23.0,14.0,0.6216216216216216,5.606705854836805,38,19,9,10,0.05455408693872585,1,0,0,0,0,0,0,0,0,9,24,13,0,4,1
1d2a,B,152,SER,-0.8,89.0,0.0,1,1,H,0.0,-64.8,-46.5,20.0,17.0,0.5405405405405406,4.535308212438666,41,36,17,19,0.05455408693872585,1,0,0,0,0,0,0,0,0,10,24,15,0,4,1
1d2a,B,153,LYS,-3.9,168.6,1.0,2,0,H,0.43902439024390244,-64.7,-37.2,8.0,23.0,0.25806451612903225,2.0753711427524824,25,26,9,17,0.04196468226055834,1,0,0,0,0,0,0,0,0,10,24,15,0,4,1
1d2a,B,154,GLN,-3.5,143.8,0.0,2,2,H,0.1111111111111111,-66.7,-42.0,12.0,11.0,0.5217391304347826,2.982841082800722,23,27,16,11,0.04709369898129325,1,0,0,0,0,0,0,0,0,9,24,13,0,4,1
1d2a,B,155,PHE,2.8,189.9,0.0,0,0,H,0.0,-62.0,-44.5,17.0,10.0,0.6296296296296297,4.936493115867513,33,27,16,11,0.05129016720734909,1,0,0,0,0,0,0,0,0,-1,0,0,0,0,0
1d2a,B,156,LEU,3.8,166.7,0.0,0,0,H,0.12804878048780488,-65.7,-31.7,18.0,9.0,0.6666666666666666,2.4533909621705337,33,44,20,24,0.04429605349725603,1,0,0,0,0,0,0,0,0,-1,0,0,0,0,0
1d2a,B,157,LYS,-3.9,168.6,1.0,2,0,H,0.6390243902439025,-81.4,-22.2,9.0,8.0,0.5294117647058824,1.8874349715328589,15,16,8,8,0.03170664881908853,1,0,0,0,0,0,0,0,0,-1,0,0,0,0,0
1d2a,B,158,LYS,-3.9,168.6,1.0,2,0,H,0.44390243902439025,-106.2,-33.8,9.0,4.0,0.6923076923076923,1.943564780498921,16,14,13,1,0.032639197313767604,1,0,0,0,0,0,0,0,0,2,260,13,0,35,1
1d2a,B,159,GLU,-3.5,138.4,-1.0,1,3,H,0.31443298969072164,-92.8,-10.2,17.0,3.0,0.85,1.9339745211094719,21,29,3,26,0.03310547156110714,1,0,0,0,0,0,0,0,0,7,204,4,0,10,1
1d2a,B,160,LEU,3.8,166.7,0.0,0,0,-,0.47560975609756095,-98.9,360.0,14.0,3.0,0.8235294117647058,2.0053473530378496,20,27,9,18,0.02844272908771177,0,0,0,0,0,0,0,0,0,7,204,4,0,10,1
1que,A,1,THR,-0.7,116.1,0.0,1,1,-,0.2323943661971831,360.0,-84.4,8.0,13.0,0.38095238095238093,2.1795764470852803,18,16,0,16,0.035436842797804825,0,0,0,0,0,0,0,0,0,-1,0,0,0,0,0
1que,A,2,GLN,-3.5,143.8,0.0,2,2,-,0.8838383838383839,-66.8,-28.0,6.0,15.0,0.2857142857142857,1.4621598379694682,17,13,0,13,0.03124037457174899,0,0,0,0,0,0,0,0,0,-1,0,0,0,0,0
1que,A,3,ALA,1.8,88.6,0.0,0,0,S,0.8113207547169812,-92.8,104.8,0.0,16.0,0.0,1.7676112671531268,14,22,0,22,0.019117244140921023,0,0,0,0,0,0,1,0,0,-1,0,0,0,0,0
1que,A,4,LYS,-3.9,168.6,1.0,2,0,-,0.11219512195121951,-173.9,64.2,16.0,5.0,0.7619047619047619,1.7675747227816543,20,26,0,26,0.02984155182973038,0,0,0,0,0,0,0,0,0,2,938,7,0,72,1
1que,A,5,ALA,1.8,88.6,0.0,0,0,-,0.7075471698113207,-149.5,17.7,8.0,13.0,0.38095238095238093,1.76754607102148,18,32,3,29,0.024246260861655933,0,0,0,0,0,0,0,0,0,2,938,7,0,72,1
1que,A,6,LYS,-3.9,168.6,1.0,2,0,-,1.0,-92.1,44.0,3.0,10.0,0.23076923076923078,1.870682677895748,7,15,0,15,0.016319598656883802,0,0,0,0,0,0,0,0,0,2,938,7,0,72,1
1que,A,7,HIS,-3.2,153.2,0.1,2,1,S,0.7934782608695652,-169.2,147.4,4.0,7.0,0.36363636363636365,1.7535846566665896,12,18,6,12,0.019117244140921023,0,0,0,0,0,0,1,0,0,2,938,7,0,72,1
1que,A,8,ALA,1.8,88.6,0.0,0,0,-,0.6037735849056604,37.2,-179.6,6.0,5.0,0.5454545454545454,1.767670343088645,13,24,8,16,0.02098234113027917,0,0,0,0,0,0,0,0,0,2,938,7,0,72,1
1que,A,9,ASP,-3.5,111.1,-1.0,1,3,S,0.8773006134969326,-80.1,-39.7,2.0,10.0,0.16666666666666666,1.6721176895715126,13,21,3,18,0.01678587290422334,0,0,0,0,0,0,1,0,0,-1,0,0,0,0,0
1que,A,10,VAL,4.2,140.0,0.0,0,0,S,0.16901408450704225,-86.1,117.0,13.0,12.0,0.52,2.3118283188346105,20,28,13,15,0.029375277582390842,0,0,0,0,0,0,1,0,0,2,938,7,0,72,1
1que,A,11,PRO,-1.6,112.7,0.0,0,0,-,0.17647058823529413,-74.0,135.6,15.0,13.0,0.5357142857142857,2.2507558898526594,28,35,12,23,0.04429605349725603,0,0,0,0,0,0,0,0,0,-1,0,0,0,0,0
1que,A,12,VAL,4.2,140.0,0.0,0,0,-,0.323943661971831,-145.6,138.2,9.0,22.0,0.2903225806451613,1.8765640026138122,27,41,4,37,0.03916703677652112,0,0,0,0,0,0,0,0,0,2,938,7,0,72,1
1que,A,13,ASN,-3.5,114.1,0.0,2,2,-,0.3057324840764331,50.9,49.8,8.0,26.0,0.23529411764705882,2.0526683039246256,31,26,0,26,0.03776821403450251,0,0,0,0,0,0,0,0,0,-1,0,0,0,0,0
1que,A,14,LEU,3.8,166.7,0.0,0,0,S,0.07926829268292683,-70.7,-29.8,13.0,18.0,0.41935483870967744,3.0935854943370473,29,31,0,31,0.048958795970651406,0,0,0,0,0,0,1,0,0,24,0,11,0,0,1
1que,A,15,TYR,-1.3,193.6,0.0,1,1,B,0.07207207207207207,-130.2,139.4,20.0,12.0,0.625,2.887229263986868,32,25,0,25,0.05455408693872585,0,1,0,0,0,0,0,0,0,23,0,8,0,0,1
1que,A,16,ARG,-4.5,173.4,1.0,5,0,B,0.41935483870967744,-123.2,164.9,8.0,20.0,0.2857142857142857,2.2001261922909943,22,5,0,5,0.040565859518539735,0,1,0,0,0,0,0,0,0,23,0,8,0,0,1
1que,A,17,PRO,-1.6,112.7,0.0,0,0,T,0.5661764705882353,-49.2,-34.8,9.0,18.0,0.3333333333333333,1.9736183467936155,23,25,2,23,0.030774100324409453,0,0,0,0,0,1,0,0,0,23,0,8,0,0,1
1que,A,18,ASN,-3.5,114.1,0.0,2,2,T,0.7898089171974523,-70.4,-20.7,2.0,16.0,0.1111111111111111,1.7221448443419396,15,12,0,12,0.01958351838826056,0,0,0,0,0,1,0,0,0,23,0,8,0,0,1
1que,A,19,ALA,1.8,88.6,0.0,0,0,B,0.24528301886792453,-154.4,72.8,6.0,13.0,0.3157894736842105,1.9591512655990244,18,18,0,18,0.03170664881908853,0,1,0,0,0,0,0,0,0,-1,0,0,0,0,0
1que,A,20,PRO,-1.6,112.7,0.0,0,0,-,0.18382352941176472,-69.0,167.7,14.0,16.0,0.4666666666666667,2.260154707682364,21,16,0,16,0.04709369898129325,0,0,0,0,0,0,0,0,0,-1,0,0,0,0,0
1que,A,21,PHE,2.8,189.9,0.0,0,0,E,0.07106598984771574,-83.9,135.1,22.0,11.0,0.6666666666666666,2.5505789741172404,31,21,14,7,0.04243095650789788,0,0,1,0,0,0,0,0,0,18,24,2,0,0,1
1que,A,22,ILE,4.5,166.7,0.0,0,0,E,0.42011834319526625,-98.2,101.5,4.0,26.0,0.13333333333333333,1.9454226027203432,26,19,14,5,0.03590311704514436,0,0,1,0,0,0,0,0,0,-1,0,0,0,0,0
1que,A,23,GLY,-0.4,60.1,0.0,0,0,E,0.023809523809523808,-98.3,165.8,24.0,8.0,0.75,2.302858251117542,33,22,18,4,0.04662742473395372,0,0,1,0,0,0,0,0,0,-1,0,0,0,0,0
1que,A,24,LYS,-3.9,168.6,1.0,2,0,E,0.4878048780487805,-114.5,138.6,8.0,20.0,0.2857142857142857,2.1407729083055567,23,5,19,-14,0.043363505002576956,0,0,1,0,0,0,0,0,0,-1,0,0,0,0,0
1que,A,25,VAL,4.2,140.0,0.0,0,0,E,0.028169014084507043,-74.5,127.7,16.0,14.0,0.5333333333333333,3.2446405618110137,29,23,24,-1,0.04942507021799094,0,0,1,0,0,0,0,0,0,-1,0,0,0,0,0
1que,A,26,ILE,4.5,166.7,0.0,0,0,E,0.39644970414201186,-93.6,-48.2,14.0,13.0,0.5185185185185185,2.027063094337646,26,24,24,0,0.03683566553982344,0,0,1,0,0,0,0,0,0,-1,0,0,0,0,0
1que,A,27,SER,-0.8,89.0,0.0,1,1,E,0.16923076923076924,-148.6,157.4,9.0,18.0,0.3333333333333333,2.4288011895482913,25,23,24,-1,0.035436842797804825,0,0,1,0,0,0,0,0,0,-1,0,0,0,0,0
1que,A,28,ASN,-3.5,114.1,0.0,2,2,E,0.21019108280254778,-143.8,99.4,13.0,14.0,0.48148148148148145,1.8494370765529,28,27,18,9,0.043363505002576956,0,0,1,0,0,0,0,0,0,11,24,10,0,2,1
1que,A,29,GLU,-3.5,138.4,-1.0,1,3,E,0.5412371134020618,-112.7,139.5,10.0,18.0,0.35714285714285715,2.0921097772813684,22,20,4,16,0.030774100324409453,0,0,1,0,0,0,0,0,0,11,24,10,0,2,1
1que,A,30,PRO,-1.6,112.7,0.0,0,0,E,0.6911764705882353,-75.0,141.8,8.0,21.0,0.27586206896551724,1.9761279498001958,19,16,11,5,0.032639197313767604,0,0,1,0,0,0,0,0,0,11,24,10,0,2,1
1que,A,31,LEU,3.8,166.7,0.0,0,0,-,0.18292682926829268,-109.7,-25.2,21.0,11.0,0.65625,2.2414926843206526,33,30,15,15,0.04196468226055834,0,0,0,0,0,0,0,0,0,25,0,15,0,0,1
1que,A,32,VAL,4.2,140.0,0.0,0,0,S,0.18309859154929578,-82.3,121.5,19.0,11.0,0.6333333333333333,1.9821822800759354,28,16,11,5,0.045228601991935104,0,0,0,0,0,0,1,0,0,19,3,12,0,0,1
1que,A,33,LYS,-3.9,168.6,1.0,2,0,P,0.5073170731707317,-82.1,162.2,9.0,12.0,0.42857142857142855,1.9108567837967274,18,8,15,-7,0.02984155182973038,0,0,0,0,0,0,0,0,0,17,13,3,0,0,1
1que,A,34,GLU,-3.5,138.4,-1.0,1,3,T,0.9896907216494846,-52.6,135.8,0.0,15.0,0.0,1.708436328948489,12,9,0,9,0.018650969893581486,0,0,0,0,0,1,0,0,0,17,13,3,0,0,1
1que,A,35,GLY,-0.4,60.1,0.0,0,0,T,0.8452380952380952,96.6,-5.9,5.0,10.0,0.3333333333333333,1.7095110233843966,15,11,13,-2,0.020516066882939634,0,0,0,0,0,1,0,0,0,17,13,3,0,0,1
1que,A,36,GLY,-0.4,60.1,0.0,0,0,-,0.2976190476190476,-87.3,175.5,15.0,6.0,0.7142857142857143,1.8262497452646018,19,15,11,4,0.03450429430312575,0,0,0,0,0,0,0,0,0,19,3,12,0,0,1
1que,A,37,ILE,4.5,166.7,0.0,0,0,S,0.4378698224852071,-108.3,124.5,10.0,15.0,0.4,2.0215194382984993,22,19,9,10,0.02797645484037223,0,0,0,0,0,0,1,0,0,20,5,9,0,0,1
1que,A,38,GLY,-0.4,60.1,0.0,0,0,S,0.6309523809523809,82.9,-174.6,18.0,11.0,0.6206896551724138,1.709564496598533,24,17,12,5,0.029375277582390842,0,0,0,0,0,0,1,0,0,19,3,12,0,0,1
1que,A,39,ILE,4.5,166.7,0.0,0,0,-,0.3609467455621302,-126.8,120.4,11.0,21.0,0.34375,2.0976075868411903,28,24,9,15,0.0363693912924839,0,0,0,0,0,0,0,0,0,19,3,12,0,0,1
1que,A,40,VAL,4.2,140.0,0.0,0,0,E,0.04929577464788732,-132.3,123.2,19.0,18.0,0.5135135135135135,2.330980128177647,33,24,5,19,0.045228601991935104,0,0,1,0,0,0,0,0,0,19,3,12,0,0,1
1que,A,41,GLN,-3.5,143.8,0.0,2,2,E,0.12626262626262627,-114.3,145.2,15.0,20.0,0.42857142857142855,3.197801920792081,28,30,9,21,0.05175644145468863,0,0,1,0,0,0,0,0,0,11,24,10,0,2,1
1que,A,42,HIS,-3.2,153.2,0.1,2,1,E,0.03260869565217391,-102.7,110.4,12.0,26.0,0.3157894736842105,2.6124835759941734,34,17,18,-1,0.05035761871267001,0,0,1,0,0,0,0,0,0,25,0,15,0,0,1
1que,A,43,ILE,4.5,166.7,0.0,0,0,E,0.0,-111.8,127.4,24.0,17.0,0.5853658536585366,5.021127173533427,41,26,17,9,0.053155264196707235,0,0,1,0,0,0,0,0,0,-1,0,0,0,0,0
1que,A,44,LYS,-3.9,168.6,1.0,2,0,E,0.13170731707317074,-111.4,131.5,11.0,26.0,0.2972972972972973,2.9174168561347305,31,24,35,-11,0.04989134446533048,0,0,1,0,0,0,0,0,0,8,24,11,0,3,1
1que,A,45,PHE,2.8,189.9,0.0,0,0,E,0.0,-115.6,146.5,23.0,20.0,0.5348837209302325,5.9465894312894845,41,29,17,12,0.048958795970651406,0,0,1,0,0,0,0,0,0,-1,0,0,0,0,0
1que,A,46,ASP,-3.5,111.1,-1.0,1,3,E,0.2392638036809816,-84.6,125.8,13.0,21.0,0.38235294117647056,2.041104719274175,27,27,10,17,0.043363505002576956,0,0,1,0,0,0,0,0,0,18,24,2,0,0,1
1que,A,47,LEU,3.8,166.7,0.0,0,0,-,0.07317073170731707,-102.9,1.5,16.0,14.0,0.5333333333333333,2.367993886891788,31,33,18,15,0.04289723075523742,0,0,0,0,0,0,0,0,0,18,24,2,0,0,1
1que,A,48,THR,-0.7,116.1,0.0,1,1,T,0.49295774647887325,-67.5,144.2,4.0,16.0,0.2,1.828077845029659,18,18,18,0,0.02844272908771177,0,0,0,0,0,1,0,0,0,18,24,2,0,0,1
1que,A,49,GLY,-0.4,60.1,0.0,0,0,T,1.0,95.9,4.1,7.0,6.0,0.5384615384615384,1.7096434516891748,14,10,9,1,0.017252147151562876,0,0,0,0,0,1,0,0,0,18,24,2,0,0,1
1que,A,50,GLY,-0.4,60.1,0.0,0,0,S,0.36904761904761907,-148.3,176.5,18.0,5.0,0.782608695652174,1.709607405880353,17,13,9,4,0.027510180593032695,0,0,0,0,0,0,1,0,0,18,24,2,0,0,1
1que,A,51,ASN,-3.5,114.1,0.0,2,2,-,0.47770700636942676,-115.0,30.9,9.0,20.0,0.3103448275862069,1.7577076432367078,20,14,1,13,0.02984155182973038,0,0,0,0,0,0,0,0,0,24,0,11,0,0,1
1que,A,52,LEU,3.8,166.7,0.0,0,0,-,0.06707317073170732,-69.6,116.1,23.0,16.0,0.5897435897435898,2.9616155421364128,36,18,6,12,0.03776821403450251,0,0,0,0,0,0,0,0,0,24,0,11,0,0,1
1que,A,53,LYS,-3.9,168.6,1.0,2,0,-,0.7658536585365854,-123.0,152.0,6.0,30.0,0.16666666666666666,2.260203914361197,28,18,10,8,0.0363693912924839,0,0,0,0,0,0,0,0,0,24,0,11,0,0,1
1que,A,54,TYR,-1.3,193.6,0.0,1,1,-,0.04054054054054054,-159.1,167.2,27.0,12.0,0.6923076923076923,2.3558011106421426,37,34,18,16,0.04662742473395372,0,0,0,0,0,0,0,0,0,24,0,11,0,0,1
1que,A,55,ILE,4.5,166.7,0.0,0,0,-,0.14792899408284024,-129.6,170.0,12.0,25.0,0.32432432432432434,2.4767519025685325,31,39,19,20,0.045228601991935104,0,0,0,0,0,0,0,0,0,22,1,10,0,0,1
1que,A,56,GLU,-3.5,138.4,-1.0,1,3,T,0.02577319587628866,-60.6,137.9,15.0,24.0,0.38461538461538464,2.1723244834314523,37,38,8,30,0.056419183928083996,0,0,0,0,0,1,0,0,0,22,1,10,0,0,1
1que,A,57,GLY,-0.4,60.1,0.0,0,0,T,0.023809523809523808,96.0,-11.8,17.0,27.0,0.38636363636363635,2.705011496978223,40,20,22,-2,0.053155264196707235,0,0,0,0,0,1,0,0,0,-1,0,0,0,0,0
1que,A,58,GLN,-3.5,143.8,0.0,2,2,-,0.005050505050505051,-84.3,176.1,19.0,21.0,0.475,3.3960793280823203,40,18,19,-1,0.050823892960009553,0,0,0,0,0,0,0,0,0,-1,0,0,0,0,0
1que,A,59,SER,-0.8,89.0,0.0,1,1,E,0.06153846153846154,-132.4,163.6,14.0,28.0,0.3333333333333333,2.7461986130247156,40,7,10,-3,0.04289723075523742,0,0,1,0,0,0,0,0,0,-1,0,0,0,0,0
1que,A,60,ILE,4.5,166.7,0.0,0,0,E,0.0,-132.1,158.0,24.0,18.0,0.5714285714285714,4.897352037552562,39,10,1,9,0.04709369898129325,0,0,1,0,0,0,0,0,0,-1,0,0,0,0,0
1que,A,61,GLY,-0.4,60.1,0.0,0,0,E,0.0,-103.8,153.8,17.0,18.0,0.4857142857142857,3.49116489949978,33,21,0,21,0.04476232774459557,0,0,1,0,0,0,0,0,0,-1,0,0,0,0,0
1que,A,62,ILE,4.5,166.7,0.0,0,0,E,0.0,-127.7,127.7,18.0,19.0,0.4864864864864865,5.166844962132048,33,24,5,19,0.053155264196707235,0,0,1,0,0,0,0,0,0,-1,0,0,0,0,0
1que,A,63,ILE,4.5,166.7,0.0,0,0,E,0.15976331360946747,-102.2,110.1,19.0,15.0,0.5588235294117647,2.476688746566585,30,30,10,20,0.04616115048661418,0,0,1,0,0,0,0,0,0,23,0,8,0,0,1
1que,A,64,PRO,-1.6,112.7,0.0,0,0,-,0.03676470588235294,-77.3,156.0,17.0,13.0,0.5666666666666667,2.5604283214072256,28,28,13,15,0.045694876239274644,0,0,0,0,0,0,0,0,0,5,109,13,0,16,1
1que,A,65,PRO,-1.6,112.7,0.0,0,0,S,0.6029411764705882,-77.6,172.7,6.0,18.0,0.25,1.873183802377131,22,20,13,7,0.02611135785101408,0,0,0,0,0,0,1,0,0,1,771,9,0,104,1
1que,A,66,GLY,-0.4,60.1,0.0,0,0,S,0.6428571428571429,95.1,176.7,7.0,9.0,0.4375,1.7095728074035426,16,18,17,1,0.022847438119637322,0,0,0,0,0,0,1,0,0,-1,0,0,0,0,0
1que,A,67,VAL,4.2,140.0,0.0,0,0,B,0.6408450704225352,-123.1,153.7,4.0,11.0,0.26666666666666666,2.060340642275663,13,20,17,3,0.02844272908771177,0,1,0,0,0,0,0,0,0,-1,0,0,0,0,0
1que,A,68,ASP,-3.5,111.1,-1.0,1,3,-,0.2822085889570552,-79.2,-173.0,7.0,7.0,0.5,2.0019689323001195,13,31,9,22,0.030307826077069916,0,0,0,0,0,0,0,0,0,-1,0,0,0,0,0
1que,A,69,LYS,-3.9,168.6,1.0,2,0,T,1.0,-64.0,-17.3,0.0,9.0,0.0,1.8706518610143779,7,6,12,-6,0.020049792635600097,0,0,0,0,0,1,0,0,0,26,0,5,0,0,1
1que,A,70,ASN,-3.5,114.1,0.0,2,2,T,0.8343949044585988,-94.8,-1.3,3.0,5.0,0.375,1.7922479397109108,7,18,12,6,0.020049792635600097,0,0,0,0,0,1,0,0,0,26,0,5,0,0,1
1que,A,71,GLY,-0.4,60.1,0.0,0,0,S,0.5714285714285714,86.4,9.8,0.0,10.0,0.0,1.7095628399212544,8,16,16,0,0.024246260861655933,0,0,0,0,0,0,1,0,0,-1,0,0,0,0,0
1que,A,72,LYS,-3.9,168.6,1.0,2,0,P,0.6292682926829268,-89.7,146.1,3.0,7.0,0.3,2.1915692596084284,9,13,17,-4,0.02797645484037223,0,0,0,0,0,0,0,0,0,-1,0,0,0,0,0
1que,A,73,PRO,-1.6,112.7,0.0,0,0,B,0.7058823529411765,-56.9,144.7,4.0,11.0,0.26666666666666666,1.9563270765202814,14,24,17,7,0.02844272908771177,0,1,0,0,0,0,0,0,0,27,0,7,0,0,1
1que,A,74,GLU,-3.5,138.4,-1.0,1,3,P,0.13917525773195877,-71.2,138.4,14.0,7.0,0.6666666666666666,1.7774909646564803,20,31,8,23,0.03823448828184205,0,0,0,0,0,0,0,0,0,27,0,7,0,0,1
1que,A,75,LYS,-3.9,168.6,1.0,2,0,P,0.8146341463414634,-88.0,164.1,2.0,21.0,0.08695652173913043,2.0208164309354286,16,20,15,5,0.030774100324409453,0,0,0,0,0,0,0,0,0,27,0,7,0,0,1
1que,A,76,LEU,3.8,166.7,0.0,0,0,P,0.35365853658536583,-68.0,152.7,15.0,12.0,0.5555555555555556,1.959060659980541,22,28,8,20,0.03683566553982344,0,0,0,0,0,0,0,0,0,27,0,7,0,0,1
1que,A,77,ARG,-4.5,173.4,1.0,5,0,E,0.3024193548387097,-119.9,140.3,12.0,15.0,0.4444444444444444,2.1238812480098166,23,10,9,1,0.03403802005578621,0,0,1,0,0,0,0,0,0,5,109,13,0,16,1
1que,A,78,LEU,3.8,166.7,0.0,0,0,E,0.6036585365853658,-91.6,143.8,10.0,18.0,0.35714285714285715,1.8570593675813438,24,12,4,8,0.03357174580844668,0,0,1,0,0,0,0,0,0,-1,0,0,0,0,0
1que,A,79,TYR,-1.3,193.6,0.0,1,1,E,0.17117117117117117,-139.0,132.0,22.0,19.0,0.5365853658536586,2.137763668745205,36,16,3,13,0.04289723075523742,0,0,1,0,0,0,0,0,0,5,109,13,0,16,1
1que,A,80,SER,-0.8,89.0,0.0,1,1,E,0.08461538461538462,-63.4,138.1,24.0,21.0,0.5333333333333333,1.8941788269086868,40,6,11,-5,0.045694876239274644,0,0,1,0,0,0,0,0,0,-1,0,0,0,0,0
1que,A,81,ILE,4.5,166.7,0.0,0,0,B,0.0,-69.4,133.4,27.0,20.0,0.574468085106383,4.9026359520113925,48,20,15,5,0.05222271570202816,0,1,0,0,0,0,0,0,0,-1,0,0,0,0,0
1que,A,82,ALA,1.8,88.6,0.0,0,0,-,0.0,-100.1,-1.3,16.0,25.0,0.3902439024390244,3.765176072607398,40,30,14,16,0.0526889899493677,0,0,0,0,0,0,0,0,0,-1,0,0,0,0,0
1que,A,83,SER,-0.8,89.0,0.0,1,1,S,0.0,-117.0,158.2,20.0,23.0,0.46511627906976744,2.87446710599766,43,44,25,19,0.056419183928083996,0,0,0,0,0,0,1,0,0,-1,0,0,0,0,0
1que,A,84,THR,-0.7,116.1,0.0,1,1,-,0.014084507042253521,-71.3,174.8,18.0,26.0,0.4090909090909091,2.409623682061347,37,51,41,10,0.056419183928083996,0,0,0,0,0,0,0,0,0,-1,0,0,0,0,0
1que,A,85,ARG,-4.5,173.4,1.0,5,0,T,0.3064516129032258,-57.2,-25.5,12.0,26.0,0.3157894736842105,2.1928334346966696,32,31,31,0,0.04429605349725603,0,0,0,0,0,1,0,0,0,22,1,10,0,0,1
1que,A,86,HIS,-3.2,153.2,0.1,2,1,T,0.11413043478260869,-86.4,-9.3,14.0,19.0,0.42424242424242425,2.3094203340556643,27,32,45,-13,0.043363505002576956,0,0,0,0,0,1,0,0,0,22,1,10,0,0,1
1que,A,87,GLY,-0.4,60.1,0.0,0,0,T,0.011904761904761904,81.9,165.2,15.0,19.0,0.4411764705882353,2.1238971885530056,32,47,42,5,0.053621538444046775,0,0,0,0,0,1,0,0,0,12,22,6,0,1,1
1que,A,88,ASP,-3.5,111.1,-1.0,1,3,T,0.24539877300613497,-58.0,-31.3,13.0,17.0,0.43333333333333335,1.7590771995251,32,48,29,19,0.04196468226055834,0,0,0,0,0,1,0,0,0,8,24,11,0,3,1
1que,A,89,ASP,-3.5,111.1,-1.0,1,3,T,0.5214723926380368,-94.0,6.1,9.0,14.0,0.391304347826087,1.757099325201124,23,29,27,2,0.025645083603674543,0,0,0,0,0,1,0,0,0,12,22,6,0,1,1
1que,A,90,VAL,4.2,140.0,0.0,0,0,T,0.3028169014084507,52.0,48.3,11.0,13.0,0.4583333333333333,2.0891377533612445,22,35,45,-10,0.03450429430312575,0,0,0,0,0,1,0,0,0,12,22,6,0,1,1
1que,A,91,ASP,-3.5,111.1,-1.0,1,3,S,0.3619631901840491,-124.7,1.2,7.0,11.0,0.3888888888888889,2.009984352193075,21,26,27,-1,0.030307826077069916,0,0,0,0,0,0,1,0,0,12,22,6,0,1,1
1que,A,92,ASP,-3.5,111.1,-1.0,1,3,S,0.6503067484662577,58.7,32.5,5.0,20.0,0.2,1.7862900436931537,23,35,23,12,0.0363693912924839,0,0,0,0,0,0,1,0,0,22,1,10,0,0,1
1que,A,93,LYS,-3.9,168.6,1.0,2,0,S,0.5317073170731708,-121.2,-8.6,8.0,19.0,0.2962962962962963,2.0664025765792173,21,12,35,-23,0.03776821403450251,0,0,0,0,0,0,1,0,0,12,22,6,0,1,1
1que,A,94,THR,-0.7,116.1,0.0,1,1,E,0.028169014084507043,-134.5,175.9,17.0,16.0,0.5151515151515151,2.519427950539174,35,37,40,-3,0.05175644145468863,0,0,1,0,0,0,0,0,0,12,22,6,0,1,1
1que,A,95,ILE,4.5,166.7,0.0,0,0,E,0.0,-148.5,144.4,19.0,25.0,0.4318181818181818,4.686610119151265,45,37,21,16,0.05408781269138631,0,0,1,0,0,0,0,0,0,-1,0,0,0,0,0
1que,A,96,SER,-0.8,89.0,0.0,1,1,E,0.0,-126.2,153.6,22.0,22.0,0.5,4.5361083362774535,42,37,15,22,0.050823892960009553,0,0,1,0,0,0,0,0,0,-1,0,0,0,0,0
1que,A,97,LEU,3.8,166.7,0.0,0,0,E,0.0,-130.4,155.5,21.0,25.0,0.45652173913043476,3.3900772886607964,42,25,5,20,0.05035761871267001,0,0,1,0,0,0,0,0,0,-1,0,0,0,0,0
1que,A,98,CYS,2.5,108.5,0.0,1,0,E,0.05185185185185185,-121.6,100.9,19.0,23.0,0.4523809523809524,2.40859761405376,42,29,4,25,0.050823892960009553,0,0,1,0,0,0,0,0,0,-1,0,0,0,0,0
1que,A,99,VAL,4.2,140.0,0.0,0,0,E,0.0,-116.9,124.3,21.0,20.0,0.5121951219512195,2.6702244113042672,40,25,3,22,0.04709369898129325,0,0,1,0,0,0,0,0,0,-1,0,0,0,0,0
1que,A,100,ARG,-4.5,173.4,1.0,5,0,E,0.3870967741935484,-94.5,135.2,15.0,24.0,0.38461538461538464,1.8860877779060738,27,0,8,-8,0.04103213376587927,0,0,1,0,0,0,0,0,0,14,4,17,0,1,1
1que,A,101,GLN,-3.5,143.8,0.0,2,2,P,0.08585858585858586,-75.2,122.3,17.0,12.0,0.5862068965517241,2.096982249031985,25,20,9,11,0.048026247475972325,0,0,0,0,0,0,0,0,0,19,3,12,0,0,1
1que,A,102,LEU,3.8,166.7,0.0,0,0,P,0.4329268292682927,-83.1,127.5,9.0,15.0,0.375,2.4601662546795193,21,15,9,6,0.034970568550465285,0,0,0,0,0,0,0,0,0,14,4,17,0,1,1
1que,A,103,GLU,-3.5,138.4,-1.0,1,3,E,0.520618556701031,-150.2,138.9,11.0,10.0,0.5238095238095238,1.9005906628336011,19,18,2,16,0.034970568550465285,0,0,1,0,0,0,0,0,0,-1,0,0,0,0,0
1que,A,104,TYR,-1.3,193.6,0.0,1,1,E,0.38288288288288286,-149.3,-163.7,6.0,9.0,0.4,1.826383757443551,18,22,23,-1,0.030307826077069916,0,0,1,0,0,0,0,0,0,4,362,4,0,17,1
1que,A,105,LYS,-3.9,168.6,1.0,2,0,-,0.6,-51.1,168.6,2.0,11.0,0.15384615384615385,2.127449328442402,12,10,21,-11,0.03170664881908853,0,0,0,0,0,0,0,0,0,4,362,4,0,17,1
1que,A,106,HIS,-3.2,153.2,0.1,2,1,S,0.7119565217391305,-85.0,-37.9,1.0,10.0,0.09090909090909091,1.7963806546829766,10,9,13,-4,0.028909003335051305,0,0,0,0,0,0,1,0,0,4,362,4,0,17,1
1que,A,107,PRO,-1.6,112.7,0.0,0,0,S,0.7794117647058824,-73.3,53.3,0.0,9.0,0.0,1.8637333795850937,9,19,14,5,0.02098234113027917,0,0,0,0,0,0,1,0,0,-1,0,0,0,0,0
1que,A,108,GLU,-3.5,138.4,-1.0,1,3,S,0.5463917525773195,-168.3,61.1,6.0,5.0,0.5454545454545454,1.7224270192577862,11,20,4,16,0.027510180593032695,0,0,0,0,0,0,1,0,0,4,362,4,0,17,1
1que,A,109,SER,-0.8,89.0,0.0,1,1,S,0.8923076923076924,23.7,121.0,0.0,10.0,0.0,1.739673924198504,10,21,14,7,0.020049792635600097,0,0,0,0,0,0,1,0,0,4,362,4,0,17,1
1que,A,110,GLY,-0.4,60.1,0.0,0,0,S,0.8571428571428571,116.8,-113.6,7.0,3.0,0.7,1.7097524795281065,11,17,13,4,0.020049792635600097,0,0,0,0,0,0,1,0,0,4,362,4,0,17,1
1que,A,111,GLU,-3.5,138.4,-1.0,1,3,S,0.24742268041237114,-152.9,-108.4,0.0,11.0,0.0,2.0679686344618604,11,17,13,4,0.022381163872297785,0,0,0,0,0,0,1,0,0,4,362,4,0,17,1
1que,A,112,THR,-0.7,116.1,0.0,1,1,S,0.352112676056338,-85.8,121.6,3.0,10.0,0.23076923076923078,1.8367630442553622,15,17,20,-3,0.032172923066428064,0,0,0,0,0,0,1,0,0,4,362,4,0,17,1
1que,A,113,VAL,4.2,140.0,0.0,0,0,E,0.2676056338028169,-100.5,131.5,9.0,8.0,0.5294117647058824,2.395212188390608,17,18,23,-5,0.035436842797804825,0,0,1,0,0,0,0,0,0,4,362,4,0,17,1
1que,A,114,TYR,-1.3,193.6,0.0,1,1,E,0.545045045045045,-106.6,130.9,10.0,13.0,0.43478260869565216,1.8322469282881808,17,9,14,-5,0.03823448828184205,0,0,1,0,0,0,0,0,0,-1,0,0,0,0,0
1que,A,115,GLY,-0.4,60.1,0.0,0,0,-,0.14285714285714285,-62.9,137.1,13.0,9.0,0.5909090909090909,1.9976812039277017,21,17,13,4,0.035436842797804825,0,0,0,0,0,0,0,0,0,5,109,13,0,16,1
1que,A,116,VAL,4.2,140.0,0.0,0,0,H,0.44366197183098594,-61.6,-61.7,13.0,14.0,0.48148148148148145,1.9524292457847483,29,16,14,2,0.030774100324409453,1,0,0,0,0,0,0,0,0,5,109,13,0,16,1
1que,A,117,CYS,2.5,108.5,0.0,1,0,H,0.014814814814814815,-69.1,-39.5,13.0,18.0,0.41935483870967744,2.6007773237401253,31,24,8,16,0.04616115048661418,1,0,0,0,0,0,0,0,0,5,109,13,0,16,1
1que,A,118,SER,-0.8,89.0,0.0,1,1,H,0.06923076923076923,-67.1,-36.8,16.0,18.0,0.47058823529411764,2.707252287821904,29,31,5,26,0.04616115048661418,1,0,0,0,0,0,0,0,0,5,109,13,0,16,1
1que,A,119,THR,-0.7,116.1,0.0,1,1,H,0.24647887323943662,-70.3,-40.2,7.0,15.0,0.3181818181818182,2.2212907554889614,24,16,6,10,0.04196468226055834,1,0,0,0,0,0,0,0,0,-1,0,0,0,0,0
1que,A,120,TYR,-1.3,193.6,0.0,1,1,H,0.25675675675675674,-59.5,-51.1,13.0,15.0,0.4642857142857143,2.1215635713260776,29,20,12,8,0.03916703677652112,1,0,0,0,0,0,0,0,0,1,771,9,0,104,1
1que,A,121,LEU,3.8,166.7,0.0,0,0,H,0.0,-65.9,-45.1,27.0,16.0,0.627906976744186,4.784770000531389,39,26,6,20,0.04709369898129325,1,0,0,0,0,0,0,0,0,-1,0,0,0,0,0
1que,A,122,THR,-0.7,116.1,0.0,1,1,H,0.04225352112676056,-66.1,-22.0,18.0,16.0,0.5294117647058824,2.782619098297071,31,20,6,14,0.05129016720734909,1,0,0,0,0,0,0,0,0,-1,0,0,0,0,0
1que,A,123,HIS,-3.2,153.2,0.1,2,1,T,0.5815217391304348,-107.3,7.2,8.0,18.0,0.3076923076923077,1.8851044622511721,20,1,9,-8,0.032639197313767604,0,0,0,0,0,1,0,0,0,-1,0,0,0,0,0
1que,A,124,ILE,4.5,166.7,0.0,0,0,P,0.07100591715976332,-68.6,137.3,25.0,4.0,0.8620689655172413,2.1612975290646523,28,19,14,5,0.03963331102386066,0,0,0,0,0,0,0,0,0,1,771,9,0,104,1
1que,A,125,GLU,-3.5,138.4,-1.0,1,3,P,0.9639175257731959,-88.7,148.5,2.0,18.0,0.1,1.6361263423069663,19,9,3,6,0.030307826077069916,0,0,0,0,0,0,0,0,0,-1,0,0,0,0,0
1que,A,126,PRO,-1.6,112.7,0.0,0,0,T,0.5514705882352942,-60.9,144.5,4.0,16.0,0.2,1.998538792614135,17,16,14,2,0.03170664881908853,0,0,0,0,0,1,0,0,0,-1,0,0,0,0,0
1que,A,127,GLY,-0.4,60.1,0.0,0,0,T,0.6071428571428571,96.8,-19.2,1.0,16.0,0.058823529411764705,1.7096347087044643,18,11,24,-13,0.025645083603674543,0,0,0,0,0,1,0,0,0,-1,0,0,0,0,0
1que,A,128,SER,-0.8,89.0,0.0,1,1,-,0.2846153846153846,-69.6,145.5,12.0,9.0,0.5714285714285714,2.176314542300286,21,14,20,-6,0.03170664881908853,0,0,0,0,0,0,0,0,0,1,771,9,0,104,1
1que,A,129,GLU,-3.5,138.4,-1.0,1,3,E,0.6804123711340206,-91.9,140.3,5.0,21.0,0.19230769230769232,1.746019899196617,19,18,5,13,0.032639197313767604,0,0,1,0,0,0,0,0,0,1,771,9,0,104,1
1que,A,130,VAL,4.2,140.0,0.0,0,0,E,0.014084507042253521,-132.2,141.8,25.0,6.0,0.8064516129032258,2.5787718817318996,31,20,17,3,0.045228601991935104,0,0,1,0,0,0,0,0,0,-1,0,0,0,0,0
1que,A,131,LYS,-3.9,168.6,1.0,2,0,E,0.4975609756097561,-87.5,114.7,14.0,18.0,0.4375,2.4067529217699626,30,6,11,-5,0.04103213376587927,0,0,1,0,0,0,0,0,0,-1,0,0,0,0,0
1que,A,132,ILE,4.5,166.7,0.0,0,0,E,0.0,-116.0,137.5,25.0,20.0,0.5555555555555556,5.830942129652891,35,20,8,12,0.05222271570202816,0,0,1,0,0,0,0,0,0,-1,0,0,0,0,0
1que,A,133,THR,-0.7,116.1,0.0,1,1,E,0.035211267605633804,-127.8,160.3,16.0,24.0,0.4,2.684714157926243,35,22,0,22,0.05548663543340492,0,0,1,0,0,0,0,0,0,23,0,8,0,0,1
1que,A,134,GLY,-0.4,60.1,0.0,0,0,E,0.011904761904761904,120.5,-158.4,22.0,19.0,0.5365853658536586,2.503401371883794,36,22,0,22,0.04755997322863279,0,0,1,0,0,0,0,0,0,-1,0,0,0,0,0
1que,A,135,PRO,-1.6,112.7,0.0,0,0,E,0.0,-80.4,168.6,17.0,20.0,0.4594594594594595,4.333736825273967,32,21,1,20,0.053155264196707235,0,0,1,0,0,0,0,0,0,-1,0,0,0,0,0
1que,A,136,VAL,4.2,140.0,0.0,0,0,E,0.2323943661971831,-138.1,156.7,12.0,20.0,0.375,2.18298490911357,33,15,7,8,0.0363693912924839,0,0,1,0,0,0,0,0,0,-1,0,0,0,0,0
1que,A,137,GLY,-0.4,60.1,0.0,0,0,-,0.36904761904761907,106.0,132.2,23.0,5.0,0.8214285714285714,2.0680684799546185,24,9,18,-9,0.032172923066428064,0,0,0,0,0,0,0,0,0,21,1,14,0,0,1
1que,A,138,LYS,-3.9,168.6,1.0,2,0,S,0.6,-133.8,6.5,7.0,19.0,0.2692307692307692,1.9033720651106358,21,4,15,-11,0.028909003335051305,0,0,0,0,0,0,1,0,0,21,1,14,0,0,1
1que,A,139,GLU,-3.5,138.4,-1.0,1,3,S,0.5103092783505154,-87.1,-21.8,12.0,18.0,0.4,1.7670967564602142,26,31,10,21,0.03124037457174899,0,0,0,0,0,0,1,0,0,21,1,14,0,0,1
1que,A,140,MET,1.9,162.9,0.0,0,0,S,0.010638297872340425,-116.2,33.1,22.0,14.0,0.6111111111111112,2.8416385874237555,36,22,24,-2,0.04476232774459557,0,0,0,0,0,0,1,0,0,21,1,14,0,0,1
1que,A,141,LEU,3.8,166.7,0.0,0,0,P,0.21951219512195122,-78.7,144.8,13.0,24.0,0.35135135135135137,1.9909943241699486,32,29,26,3,0.043363505002576956,0,0,0,0,0,0,0,0,0,21,1,14,0,0,1
1que,A,142,LEU,3.8,166.7,0.0,0,0,P,0.12195121951219512,-89.1,137.1,25.0,17.0,0.5952380952380952,2.135021770948107,33,33,25,8,0.04196468226055834,0,0,0,0,0,0,0,0,0,-1,0,0,0,0,0
1que,A,143,PRO,-1.6,112.7,0.0,0,0,P,0.17647058823529413,-70.3,147.3,17.0,13.0,0.5666666666666667,1.931062261507812,27,38,27,11,0.030307826077069916,0,0,0,0,0,0,0,0,0,0,1207,7,0,109,1
1que,A,144,ASP,-3.5,111.1,-1.0,1,3,S,0.9325153374233128,-73.8,-9.1,4.0,20.0,0.16666666666666666,1.4206317130192427,19,15,25,-10,0.027043906345693154,0,0,0,0,0,0,1,0,0,0,1207,7,0,109,1
1que,A,145,ASP,-3.5,111.1,-1.0,1,3,-,0.2085889570552147,-68.3,108.2,12.0,9.0,0.5714285714285714,2.058485246302147,23,27,19,8,0.03124037457174899,0,0,0,0,0,0,0,0,0,0,1207,7,0,109,1
1que,A,146,PRO,-1.6,112.7,0.0,0,0,T,0.22058823529411764,-64.6,-15.3,9.0,18.0,0.3333333333333333,2.6895852847113146,22,24,30,-6,0.03916703677652112,0,0,0,0,0,1,0,0,0,0,1207,7,0,109,1
1que,A,147,GLU,-3.5,138.4,-1.0,1,3,T,0.5773195876288659,-100.3,11.5,3.0,19.0,0.13636363636363635,1.891073294439858,18,18,11,7,0.03683566553982344,0,0,0,0,0,1,0,0,0,0,1207,7,0,109,1
1que,A,148,ALA,1.8,88.6,0.0,0,0,-,0.0,-69.1,153.6,16.0,13.0,0.5517241379310345,2.7577618497364034,30,30,22,8,0.04942507021799094,0,0,0,0,0,0,0,0,0,-1,0,0,0,0,0
1que,A,149,ASN,-3.5,114.1,0.0,2,2,E,0.1464968152866242,-104.5,136.8,14.0,22.0,0.3888888888888889,2.774785269884904,32,33,14,19,0.04709369898129325,0,0,1,0,0,0,0,0,0,9,19,11,0,2,1
1que,A,150,VAL,4.2,140.0,0.0,0,0,E,0.007042253521126761,-128.8,111.8,22.0,20.0,0.5238095238095238,6.663468715710103,39,24,6,18,0.05129016720734909,0,0,1,0,0,0,0,0,0,-1,0,0,0,0,0
1que,A,151,ILE,4.5,166.7,0.0,0,0,E,0.023668639053254437,-99.2,124.5,18.0,23.0,0.43902439024390244,7.554376687168859,40,27,0,27,0.048958795970651406,0,0,1,0,0,0,0,0,0,-1,0,0,0,0,0
1que,A,152,MET,1.9,162.9,0.0,0,0,E,0.0,-120.5,119.3,26.0,21.0,0.5531914893617021,9.679797052208027,43,16,0,16,0.050823892960009553,0,0,1,0,0,0,0,0,0,-1,0,0,0,0,0
1que,A,153,LEU,3.8,166.7,0.0,0,0,E,0.024390243902439025,-114.5,109.8,22.0,26.0,0.4583333333333333,6.619154878403216,41,12,9,3,0.04755997322863279,0,0,1,0,0,0,0,0,0,-1,0,0,0,0,0
1que,A,154,ALA,1.8,88.6,0.0,0,0,E,0.0,-132.4,150.7,18.0,27.0,0.4,5.446325036713953,42,2,2,0,0.053155264196707235,0,0,1,0,0,0,0,0,0,-1,0,0,0,0,0
1que,A,155,THR,-0.7,116.1,0.0,1,1,E,0.2112676056338028,-133.2,136.2,15.0,26.0,0.36585365853658536,2.130444368415447,36,7,3,4,0.04289723075523742,0,0,1,0,0,0,0,0,0,-1,0,0,0,0,0
1que,A,156,GLY,-0.4,60.1,0.0,0,0,G,0.30952380952380953,51.8,-129.0,16.0,30.0,0.34782608695652173,2.260139755768998,36,10,0,10,0.04196468226055834,0,0,0,1,0,0,0,0,0,-1,0,0,0,0,0
1que,A,157,THR,-0.7,116.1,0.0,1,1,G,0.11267605633802817,-66.7,-6.3,20.0,23.0,0.46511627906976744,1.9312539264096418,37,13,3,10,0.04429605349725603,0,0,0,1,0,0,0,0,0,14,4,17,0,1,1
1que,A,158,GLY,-0.4,60.1,0.0,0,0,G,0.0,-65.9,-11.7,22.0,21.0,0.5116279069767442,3.4038409567169987,40,9,9,0,0.04662742473395372,0,0,0,1,0,0,0,0,0,-1,0,0,0,0,0
1que,A,159,ILE,4.5,166.7,0.0,0,0,H,0.0,-66.2,-23.9,22.0,24.0,0.4782608695652174,5.5625757008238645,45,13,0,13,0.048958795970651406,1,0,0,0,0,0,0,0,0,-1,0,0,0,0,0
1que,A,160,ALA,1.8,88.6,0.0,0,0,H,0.018867924528301886,-46.9,-59.3,24.0,21.0,0.5333333333333333,3.6871176467638285,44,15,11,4,0.04755997322863279,1,0,0,0,0,0,0,0,0,-1,0,0,0,0,0
1que,A,161,PRO,-1.6,112.7,0.0,0,0,H,0.007352941176470588,-67.5,-26.3,25.0,21.0,0.5434782608695652,5.23555438761762,42,12,17,-5,0.05222271570202816,1,0,0,0,0,0,0,0,0,-1,0,0,0,0,0
1que,A,162,MET,1.9,162.9,0.0,0,0,H,0.0,-64.9,-39.2,26.0,23.0,0.5306122448979592,7.777983664002014,44,10,7,3,0.04662742473395372,1,0,0,0,0,0,0,0,0,-1,0,0,0,0,0
1que,A,163,ARG,-4.5,173.4,1.0,5,0,H,0.04838709677419355,-61.3,-38.9,21.0,23.0,0.4772727272727273,4.029724590200462,38,19,23,-4,0.05035761871267001,1,0,0,0,0,0,0,0,0,25,0,15,0,0,1
1que,A,164,THR,-0.7,116.1,0.0,1,1,H,0.0,-65.8,-37.3,24.0,16.0,0.6,4.922654148384335,41,36,18,18,0.056419183928083996,1,0,0,0,0,0,0,0,0,-1,0,0,0,0,0
1que,A,165,TYR,-1.3,193.6,0.0,1,1,H,0.0,-68.8,-55.9,22.0,21.0,0.5116279069767442,5.293817446188413,40,28,9,19,0.05129016720734909,1,0,0,0,0,0,0,0,0,-1,0,0,0,0,0
1que,A,166,LEU,3.8,166.7,0.0,0,0,H,0.0,-57.0,-41.2,23.0,20.0,0.5348837209302325,6.656316248911994,38,31,12,19,0.04989134446533048,1,0,0,0,0,0,0,0,0,-1,0,0,0,0,0
1que,A,167,TRP,-0.9,227.8,0.0,1,0,H,0.05726872246696035,-66.3,-44.1,21.0,19.0,0.525,3.396322600599968,36,33,39,-6,0.048492521723311866,1,0,0,0,0,0,0,0,0,25,0,15,0,0,1
1que,A,168,ARG,-4.5,173.4,1.0,5,0,H,0.056451612903225805,-60.7,-39.0,21.0,17.0,0.5526315789473685,3.4395606646697248,36,38,34,4,0.0526889899493677,1,0,0,0,0,0,0,0,0,22,1,10,0,0,1
1que,A,169,MET,1.9,162.9,0.0,0,0,H,0.0,-72.5,-45.0,27.0,16.0,0.627906976744186,5.8898128315401435,36,38,18,20,0.053155264196707235,1,0,0,0,0,0,0,0,0,-1,0,0,0,0,0
1que,A,170,PHE,2.8,189.9,0.0,0,0,H,0.005076142131979695,-116.7,-11.9,18.0,19.0,0.4864864864864865,3.5212257017833024,35,41,26,15,0.048958795970651406,1,0,0,0,0,0,0,0,0,16,21,3,0,0,1
1que,A,171,LYS,-3.9,168.6,1.0,2,0,-,0.21951219512195122,-74.1,137.6,18.0,13.0,0.5806451612903226,2.2210246066643613,27,32,40,-8,0.04196468226055834,0,0,0,0,0,0,0,0,0,16,21,3,0,0,1
1que,A,172,ASP,-3.5,111.1,-1.0,1,3,H,0.656441717791411,-52.6,-49.7,2.0,19.0,0.09523809523809523,1.6720949672436485,18,29,13,16,0.027043906345693154,1,0,0,0,0,0,0,0,0,16,21,3,0,0,1
1que,A,173,ALA,1.8,88.6,0.0,0,0,H,0.4811320754716981,-64.7,-29.8,8.0,12.0,0.4,1.8621044161186506,23,34,27,7,0.02797645484037223,1,0,0,0,0,0,0,0,0,-1,0,0,0,0,0
1que,A,174,GLU,-3.5,138.4,-1.0,1,3,H,0.020618556701030927,-71.9,-46.8,17.0,12.0,0.5862068965517241,3.062541274376426,30,53,26,27,0.043363505002576956,1,0,0,0,0,0,0,0,0,-1,0,0,0,0,0
1que,A,175,ARG,-4.5,173.4,1.0,5,0,H,0.17338709677419356,-60.1,-35.1,9.0,13.0,0.4090909090909091,2.211843178419791,22,23,21,2,0.04429605349725603,1,0,0,0,0,0,0,0,0,-1,0,0,0,0,0
1que,A,176,ALA,1.8,88.6,0.0,0,0,H,0.7924528301886793,-73.5,-27.6,4.0,12.0,0.25,1.7675551401315481,16,24,20,4,0.025178809356335007,1,0,0,0,0,0,0,0,0,-1,0,0,0,0,0
1que,A,177,ALA,1.8,88.6,0.0,0,0,H,0.4339622641509434,-88.1,-18.9,16.0,7.0,0.6956521739130435,1.8468870681912963,21,37,28,9,0.029375277582390842,1,0,0,0,0,0,0,0,0,-1,0,0,0,0,0
1que,A,178,ASN,-3.5,114.1,0.0,2,2,-,0.08280254777070063,-123.7,74.5,18.0,4.0,0.8181818181818182,2.3174055637116555,23,44,30,14,0.03683566553982344,0,0,0,0,0,0,0,0,0,22,1,10,0,0,1
1que,A,179,PRO,-1.6,112.7,0.0,0,0,T,0.7352941176470589,-53.6,-33.7,0.0,15.0,0.0,1.9290480837817034,14,16,15,1,0.025178809356335007,0,0,0,0,0,1,0,0,0,-1,0,0,0,0,0
1que,A,180,GLU,-3.5,138.4,-1.0,1,3,T,0.9226804123711341,-75.0,-15.0,2.0,12.0,0.14285714285714285,1.7585992156658918,15,8,12,-4,0.024246260861655933,0,0,0,0,0,1,0,0,0,0,1207,7,0,109,1
1que,A,181,TYR,-1.3,193.6,0.0,1,1,-,0.009009009009009009,-125.5,90.0,15.0,9.0,0.625,2.4340203734515735,30,38,40,-2,0.043829779249916496,0,0,0,0,0,0,0,0,0,0,1207,7,0,109,1
1que,A,182,GLN,-3.5,143.8,0.0,2,2,-,0.35858585858585856,-111.2,89.9,3.0,22.0,0.12,1.8277308317739278,21,33,21,12,0.03730193978716297,0,0,0,0,0,0,0,0,0,0,1207,7,0,109,1
1que,A,183,PHE,2.8,189.9,0.0,0,0,-,0.02030456852791878,-59.0,126.9,23.0,9.0,0.71875,3.7580555880852944,31,27,24,3,0.04429605349725603,0,0,0,0,0,0,0,0,0,0,1207,7,0,109,1
1que,A,184,LYS,-3.9,168.6,1.0,2,0,-,0.6097560975609756,-136.4,21.1,2.0,19.0,0.09523809523809523,2.02674590406088,19,5,20,-15,0.03357174580844668,0,0,0,0,0,0,0,0,0,-1,0,0,0,0,0
1que,A,185,GLY,-0.4,60.1,0.0,0,0,S,0.10714285714285714,-95.3,-157.6,21.0,9.0,0.7,1.9060397821331745,28,18,22,-4,0.040565859518539735,0,0,0,0,0,0,1,0,0,-1,0,0,0,0,0
1que,A,186,PHE,2.8,189.9,0.0,0,0,E,0.2639593908629442,-123.0,132.8,9.0,24.0,0.2727272727272727,2.296310970238399,30,17,10,7,0.04149840801321881,0,0,1,0,0,0,0,0,0,9,19,11,0,2,1
1que,A,187,SER,-0.8,89.0,0.0,1,1,E,0.0,-123.0,139.1,21.0,20.0,0.5121951219512195,5.782238186406395,37,16,7,9,0.0526889899493677,0,0,1,0,0,0,0,0,0,-1,0,0,0,0,0
1que,A,188,TRP,-0.9,227.8,0.0,1,0,E,0.00881057268722467,-135.3,117.2,13.0,25.0,0.34210526315789475,3.8877136934652903,30,28,1,27,0.048026247475972325,0,0,1,0,0,0,0,0,0,7,40,8,0,3,1
1que,A,189,LEU,3.8,166.7,0.0,0,0,E,0.0,-107.0,124.0,20.0,19.0,0.5128205128205128,6.77997075743504,38,11,1,10,0.0526889899493677,0,0,1,0,0,0,0,0,0,-1,0,0,0,0,0
1que,A,190,VAL,4.2,140.0,0.0,0,0,E,0.007042253521126761,-111.3,116.0,20.0,22.0,0.47619047619047616,6.35749963833269,41,29,5,24,0.050823892960009553,0,0,1,0,0,0,0,0,0,-1,0,0,0,0,0
1que,A,191,PHE,2.8,189.9,0.0,0,0,E,0.0,-119.8,118.9,21.0,24.0,0.4666666666666667,5.0082510250614485,41,10,0,10,0.05129016720734909,0,0,1,0,0,0,0,0,0,-1,0,0,0,0,0
1que,A,192,GLY,-0.4,60.1,0.0,0,0,E,0.09523809523809523,-103.0,123.2,19.0,21.0,0.475,2.0705378134755184,37,7,1,6,0.04755997322863279,0,0,1,0,0,0,0,0,0,-1,0,0,0,0,0
1que,A,193,VAL,4.2,140.0,0.0,0,0,E,0.06338028169014084,-143.2,160.3,20.0,18.0,0.5263157894736842,2.2002345464070445,33,9,7,2,0.04616115048661418,0,0,1,0,0,0,0,0,0,-1,0,0,0,0,0
1que,A,194,PRO,-1.6,112.7,0.0,0,0,S,0.27205882352941174,-76.2,-29.1,6.0,22.0,0.21428571428571427,2.344355407424788,29,21,8,13,0.04103213376587927,0,0,0,0,0,0,1,0,0,20,5,9,0,0,1
1que,A,195,THR,-0.7,116.1,0.0,1,1,S,0.07746478873239436,-143.2,168.5,9.0,20.0,0.3103448275862069,3.0522134041425253,26,20,13,7,0.043829779249916496,0,0,0,0,0,0,1,0,0,-1,0,0,0,0,0
1que,A,196,THR,-0.7,116.1,0.0,1,1,G,0.323943661971831,-64.2,-45.1,3.0,24.0,0.1111111111111111,2.168279992975963,26,24,21,3,0.03823448828184205,0,0,0,1,0,0,0,0,0,6,105,12,0,15,1
1que,A,197,PRO,-1.6,112.7,0.0,0,0,G,0.17647058823529413,-65.4,-9.5,10.0,14.0,0.4166666666666667,1.9103394996011254,21,18,17,1,0.03916703677652112,0,0,0,1,0,0,0,0,0,17,13,3,0,0,1
1que,A,198,ASN,-3.5,114.1,0.0,2,2,G,0.06369426751592357,-93.2,-4.2,19.0,16.0,0.5428571428571428,2.288986594839108,32,22,8,14,0.04709369898129325,0,0,0,1,0,0,0,0,0,-1,0,0,0,0,0
1que,A,199,ILE,4.5,166.7,0.0,0,0,-,0.03550295857988166,-69.3,99.0,14.0,25.0,0.358974358974359,2.4451301989124654,30,18,21,-3,0.050823892960009553,0,0,0,0,0,0,0,0,0,6,105,12,0,15,1
1que,A,200,LEU,3.8,166.7,0.0,0,0,T,0.012195121951219513,-64.3,131.3,25.0,17.0,0.5952380952380952,2.569616281371067,39,32,10,22,0.04289723075523742,0,0,0,0,0,1,0,0,0,25,0,15,0,0,1
1que,A,201,TYR,-1.3,193.6,0.0,1,1,T,0.04954954954954955,61.4,29.6,17.0,16.0,0.5151515151515151,2.6551977473286903,41,30,26,4,0.04103213376587927,0,0,0,0,0,1,0,0,0,25,0,15,0,0,1
1que,A,202,LYS,-3.9,168.6,1.0,2,0,H,0.2048780487804878,-49.5,-51.5,10.0,14.0,0.4166666666666667,2.2733331394944765,24,7,30,-23,0.03963331102386066,1,0,0,0,0,0,0,0,0,25,0,15,0,0,1
1que,A,203,GLU,-3.5,138.4,-1.0,1,3,H,0.5618556701030928,-56.7,-44.1,2.0,15.0,0.11764705882352941,1.7432236279255184,18,15,27,-12,0.030307826077069916,1,0,0,0,0,0,0,0,0,6,105,12,0,15,1
1que,A,204,GLU,-3.5,138.4,-1.0,1,3,H,0.31443298969072164,-73.0,-33.9,8.0,11.0,0.42105263157894735,2.0685739371190106,23,28,28,0,0.03683566553982344,1,0,0,0,0,0,0,0,0,25,0,15,0,0,1
1que,A,205,LEU,3.8,166.7,0.0,0,0,H,0.006097560975609756,-67.8,-46.6,17.0,17.0,0.5,5.212057642879815,27,27,36,-9,0.04755997322863279,1,0,0,0,0,0,0,0,0,-1,0,0,0,0,0
1que,A,206,GLU,-3.5,138.4,-1.0,1,3,H,0.29381443298969073,-66.0,-30.6,6.0,16.0,0.2727272727272727,1.985616284163993,21,14,25,-11,0.04103213376587927,1,0,0,0,0,0,0,0,0,6,105,12,0,15,1
1que,A,207,GLU,-3.5,138.4,-1.0,1,3,H,0.5103092783505154,-65.9,-42.4,9.0,11.0,0.45,1.8427512673155464,17,21,31,-10,0.034970568550465285,1,0,0,0,0,0,0,0,0,16,21,3,0,0,1
1que,A,208,ILE,4.5,166.7,0.0,0,0,H,0.04142011834319527,-62.6,-44.5,19.0,9.0,0.6785714285714286,2.914477264890492,32,30,34,-4,0.05129016720734909,1,0,0,0,0,0,0,0,0,-1,0,0,0,0,0
1que,A,209,GLN,-3.5,143.8,0.0,2,2,H,0.30808080808080807,-58.9,-38.4,10.0,16.0,0.38461538461538464,2.3200590040646514,23,17,26,-9,0.04755997322863279,1,0,0,0,0,0,0,0,0,13,26,3,0,1,1
1que,A,210,GLN,-3.5,143.8,0.0,2,2,H,0.7929292929292929,-70.4,-41.5,5.0,11.0,0.3125,1.8260517878736853,14,10,23,-13,0.029375277582390842,1,0,0,0,0,0,0,0,0,13,26,3,0,1,1
1que,A,211,LYS,-3.9,168.6,1.0,2,0,H,0.43414634146341463,-75.8,-26.4,9.0,8.0,0.5294117647058824,1.9201183704827995,18,15,23,-8,0.02984155182973038,1,0,0,0,0,0,0,0,0,16,21,3,0,0,1
1que,A,212,TYR,-1.3,193.6,0.0,1,1,-,0.18468468468468469,-132.0,62.1,19.0,5.0,0.7916666666666666,2.16385203431873,24,28,24,4,0.03916703677652112,0,0,0,0,0,0,0,0,0,13,26,3,0,1,1
1que,A,213,PRO,-1.6,112.7,0.0,0,0,T,0.6544117647058824,-60.5,-23.6,2.0,17.0,0.10526315789473684,1.9487307012118549,17,14,12,2,0.03124037457174899,0,0,0,0,0,1,0,0,0,13,26,3,0,1,1
1que,A,214,ASP,-3.5,111.1,-1.0,1,3,T,0.8588957055214724,-96.1,-11.4,3.0,14.0,0.17647058823529413,1.7130996818923043,15,14,0,14,0.02471253510899547,0,0,0,0,0,1,0,0,0,13,26,3,0,1,1
1que,A,215,ASN,-3.5,114.1,0.0,2,2,T,0.2484076433121019,-109.9,-9.7,14.0,13.0,0.5185185185185185,2.430794294899309,27,22,11,11,0.04429605349725603,0,0,0,0,0,1,0,0,0,13,26,3,0,1,1
1que,A,216,PHE,2.8,189.9,0.0,0,0,E,0.015228426395939087,-146.3,126.8,16.0,15.0,0.5161290322580645,4.042271760493248,32,14,17,-3,0.05129016720734909,0,0,1,0,0,0,0,0,0,13,26,3,0,1,1
1que,A,217,ARG,-4.5,173.4,1.0,5,0,E,0.3790322580645161,-117.4,135.7,10.0,17.0,0.37037037037037035,2.1442659256399264,23,9,4,5,0.043829779249916496,0,0,1,0,0,0,0,0,0,7,40,8,0,3,1
1que,A,218,LEU,3.8,166.7,0.0,0,0,E,0.10365853658536585,-116.0,120.9,14.0,19.0,0.42424242424242425,2.0692721809497177,30,19,14,5,0.04429605349725603,0,0,1,0,0,0,0,0,0,-1,0,0,0,0,0
1que,A,219,THR,-0.7,116.1,0.0,1,1,E,0.08450704225352113,-127.0,127.5,19.0,13.0,0.59375,2.341834259210281,32,30,9,21,0.04149840801321881,0,0,1,0,0,0,0,0,0,-1,0,0,0,0,0
1que,A,220,TYR,-1.3,193.6,0.0,1,1,E,0.15315315315315314,-105.5,155.9,16.0,22.0,0.42105263157894735,2.252917400726251,31,21,11,10,0.04103213376587927,0,0,1,0,0,0,0,0,0,6,105,12,0,15,1
1que,A,221,ALA,1.8,88.6,0.0,0,0,E,0.009433962264150943,-136.1,98.3,20.0,15.0,0.5714285714285714,2.451490215033177,33,25,19,6,0.050823892960009553,0,0,1,0,0,0,0,0,0,-1,0,0,0,0,0
1que,A,222,ILE,4.5,166.7,0.0,0,0,E,0.03550295857988166,-107.5,103.6,13.0,19.0,0.40625,2.912222710339817,27,31,10,21,0.050823892960009553,0,0,1,0,0,0,0,0,0,-1,0,0,0,0,0
1que,A,223,SER,-0.8,89.0,0.0,1,1,T,0.08461538461538462,-60.5,-34.0,14.0,14.0,0.5,2.090740513672466,24,33,12,21,0.05175644145468863,0,0,0,0,0,1,0,0,0,20,5,9,0,0,1
1que,A,224,ARG,-4.5,173.4,1.0,5,0,T,0.5443548387096774,-88.7,-1.3,9.0,13.0,0.4090909090909091,1.9576457178084181,19,17,9,8,0.03730193978716297,0,0,0,0,0,1,0,0,0,20,5,9,0,0,1
1que,A,225,GLU,-3.5,138.4,-1.0,1,3,T,0.5,-126.7,-13.2,11.0,10.0,0.5238095238095238,1.72578610342855,19,27,0,27,0.03124037457174899,0,0,0,0,0,1,0,0,0,-1,0,0,0,0,0
1que,A,226,GLN,-3.5,143.8,0.0,2,2,-,0.25252525252525254,-131.2,151.0,16.0,7.0,0.6956521739130435,2.042511526110129,26,33,16,17,0.035436842797804825,0,0,0,0,0,0,0,0,0,-1,0,0,0,0,0
1que,A,227,LYS,-3.9,168.6,1.0,2,0,B,0.8536585365853658,-121.8,145.5,4.0,15.0,0.21052631578947367,1.7192163067199442,16,20,10,10,0.035436842797804825,0,1,0,0,0,0,0,0,0,-1,0,0,0,0,0
1que,A,228,ASN,-3.5,114.1,0.0,2,2,-,0.12101910828025478,-83.5,-179.6,14.0,7.0,0.6666666666666666,2.0729992905509667,19,25,17,8,0.03590311704514436,0,0,0,0,0,0,0,0,0,-1,0,0,0,0,0
1que,A,229,PRO,-1.6,112.7,0.0,0,0,T,0.8970588235294118,-64.5,-25.1,4.0,9.0,0.3076923076923077,1.8701273207284685,13,13,15,-2,0.020049792635600097,0,0,0,0,0,1,0,0,0,-1,0,0,0,0,0
1que,A,230,GLN,-3.5,143.8,0.0,2,2,T,0.7929292929292929,-80.2,-1.7,5.0,5.0,0.5,1.789141229074935,10,11,8,3,0.017718421398902413,0,0,0,0,0,1,0,0,0,-1,0,0,0,0,0
1que,A,231,GLY,-0.4,60.1,0.0,0,0,S,0.5357142857142857,94.1,-8.9,0.0,12.0,0.0,1.7650608868089888,11,17,4,13,0.022381163872297785,0,0,0,0,0,0,1,0,0,-1,0,0,0,0,0
1que,A,232,GLY,-0.4,60.1,0.0,0,0,S,0.38095238095238093,-79.7,174.2,4.0,12.0,0.25,2.191890373936185,14,23,9,14,0.028909003335051305,0,0,0,0,0,0,1,0,0,-1,0,0,0,0,0
1que,A,233,ARG,-4.5,173.4,1.0,5,0,B,0.4112903225806452,-67.1,141.5,9.0,13.0,0.4090909090909091,1.913334044705733,18,20,10,10,0.03870076252918159,0,1,0,0,0,0,0,0,0,20,5,9,0,0,1
1que,A,234,MET,1.9,162.9,0.0,0,0,-,0.05851063829787234,-73.7,115.6,20.0,9.0,0.6896551724137931,2.8011883104449953,28,34,20,14,0.05175644145468863,0,0,0,0,0,0,0,0,0,-1,0,0,0,0,0
1que,A,235,TYR,-1.3,193.6,0.0,1,1,-,0.45045045045045046,-114.0,168.7,9.0,29.0,0.23684210526315788,2.1102246971637646,27,31,9,22,0.043829779249916496,0,0,0,0,0,0,0,0,0,-1,0,0,0,0,0
1que,A,236,ILE,4.5,166.7,0.0,0,0,H,0.01775147928994083,-57.4,-36.2,22.0,21.0,0.5116279069767442,3.1579198487089153,38,14,16,-2,0.048492521723311866,1,0,0,0,0,0,0,0,0,-1,0,0,0,0,0
1que,A,237,GLN,-3.5,143.8,0.0,2,2,H,0.4090909090909091,-63.4,-28.2,11.0,24.0,0.3142857142857143,1.696783536329417,27,10,27,-17,0.03963331102386066,1,0,0,0,0,0,0,0,0,-1,0,0,0,0,0
1que,A,238,ASP,-3.5,111.1,-1.0,1,3,H,0.147239263803681,-71.5,-38.7,15.0,21.0,0.4166666666666667,1.7450559693946504,29,28,9,19,0.04243095650789788,1,0,0,0,0,0,0,0,0,-1,0,0,0,0,0
1que,A,239,ARG,-4.5,173.4,1.0,5,0,H,0.16129032258064516,-70.2,-34.2,17.0,18.0,0.4857142857142857,2.758437583929216,30,20,17,3,0.04476232774459557,1,0,0,0,0,0,0,0,0,7,40,8,0,3,1
1que,A,240,VAL,4.2,140.0,0.0,0,0,H,0.0,-66.3,-43.1,22.0,18.0,0.55,4.16195286209094,39,20,28,-8,0.04755997322863279,1,0,0,0,0,0,0,0,0,7,40,8,0,3,1
1que,A,241,ALA,1.8,88.6,0.0,0,0,H,0.5283018867924528,-64.6,-41.6,12.0,16.0,0.42857142857142855,1.9996988085858654,29,21,29,-8,0.034970568550465285,1,0,0,0,0,0,0,0,0,7,40,8,0,3,1
1que,A,242,GLU,-3.5,138.4,-1.0,1,3,H,0.5567010309278351,-58.8,-35.6,11.0,15.0,0.4230769230769231,1.7371553103576207,24,26,14,12,0.02844272908771177,1,0,0,0,0,0,0,0,0,7,40,8,0,3,1
1que,A,243,HIS,-3.2,153.2,0.1,2,1,T,0.07065217391304347,-114.1,24.7,10.0,12.0,0.45454545454545453,2.295083409950748,26,18,22,-4,0.03823448828184205,0,0,0,0,0,1,0,0,0,7,40,8,0,3,1
1que,A,244,ALA,1.8,88.6,0.0,0,0,H,0.10377358490566038,-56.0,-45.6,17.0,10.0,0.6296296296296297,2.4313033139044675,31,20,21,-1,0.043363505002576956,1,0,0,0,0,0,0,0,0,7,40,8,0,3,1
1que,A,245,ASP,-3.5,111.1,-1.0,1,3,H,0.4662576687116564,-61.6,-43.0,2.0,20.0,0.09090909090909091,1.7511026429213032,23,22,11,11,0.03683566553982344,1,0,0,0,0,0,0,0,0,7,40,8,0,3,1
1que,A,246,GLN,-3.5,143.8,0.0,2,2,H,0.3939393939393939,-65.1,-47.6,7.0,13.0,0.35,1.8225302518944335,20,19,16,3,0.03450429430312575,1,0,0,0,0,0,0,0,0,7,40,8,0,3,1
1que,A,247,LEU,3.8,166.7,0.0,0,0,H,0.024390243902439025,-62.0,-41.1,20.0,15.0,0.5714285714285714,4.644669113304531,35,24,13,11,0.04243095650789788,1,0,0,0,0,0,0,0,0,7,40,8,0,3,1
1que,A,248,TRP,-0.9,227.8,0.0,1,0,H,0.01762114537444934,-63.9,-42.1,21.0,13.0,0.6176470588235294,3.1361938850140385,31,20,18,2,0.048026247475972325,1,0,0,0,0,0,0,0,0,10,24,8,0,2,1
1que,A,249,GLN,-3.5,143.8,0.0,2,2,H,0.5858585858585859,-61.5,-40.9,4.0,16.0,0.2,1.9116312913721822,19,13,13,0,0.035436842797804825,1,0,0,0,0,0,0,0,0,-1,0,0,0,0,0
1que,A,250,LEU,3.8,166.7,0.0,0,0,H,0.25609756097560976,-67.2,-40.5,17.0,9.0,0.6538461538461539,2.2358244431689327,26,22,5,17,0.03963331102386066,1,0,0,0,0,0,0,0,0,9,19,11,0,2,1
1que,A,251,ILE,4.5,166.7,0.0,0,0,H,0.023668639053254437,-59.4,-32.2,18.0,14.0,0.5625,5.134913114491534,32,32,4,28,0.05175644145468863,1,0,0,0,0,0,0,0,0,10,24,8,0,2,1
1que,A,252,LYS,-3.9,168.6,1.0,2,0,T,0.424390243902439,-64.1,-23.6,10.0,16.0,0.38461538461538464,2.0384844945455143,23,6,10,-4,0.03776821403450251,0,0,0,0,0,1,0,0,0,10,24,8,0,2,1
1que,A,253,ASN,-3.5,114.1,0.0,2,2,S,0.4394904458598726,-68.4,131.7,15.0,6.0,0.7142857142857143,2.001845791934123,22,33,4,29,0.032639197313767604,0,0,0,0,0,0,1,0,0,9,19,11,0,2,1
1que,A,254,GLN,-3.5,143.8,0.0,2,2,T,0.7828282828282829,-57.8,-23.9,0.0,20.0,0.0,1.7784874264001067,16,28,7,21,0.02611135785101408,0,0,0,0,0,1,0,0,0,15,6,9,0,0,1
1que,A,255,LYS,-3.9,168.6,1.0,2,0,T,0.34146341463414637,-93.9,2.2,9.0,18.0,0.3333333333333333,2.0558898835940886,19,22,19,3,0.03730193978716297,0,0,0,0,0,1,0,0,0,-1,0,0,0,0,0
1que,A,256,THR,-0.7,116.1,0.0,1,1,E,0.02112676056338028,-85.5,132.1,14.0,18.0,0.4375,4.062388383494509,32,41,7,34,0.048026247475972325,0,0,1,0,0,0,0,0,0,15,6,9,0,0,1
1que,A,257,HIS,-3.2,153.2,0.1,2,1,E,0.17391304347826086,-120.0,138.3,20.0,21.0,0.4878048780487805,3.6625398171910937,33,30,12,18,0.053155264196707235,0,0,1,0,0,0,0,0,0,15,6,9,0,0,1
1que,A,258,THR,-0.7,116.1,0.0,1,1,E,0.028169014084507043,-120.4,134.3,17.0,25.0,0.40476190476190477,6.383645588418737,39,36,4,32,0.05175644145468863,0,0,1,0,0,0,0,0,0,-1,0,0,0,0,0
1que,A,259,TYR,-1.3,193.6,0.0,1,1,E,0.0,-122.6,133.7,25.0,17.0,0.5952380952380952,5.427169974281948,34,26,19,7,0.056419183928083996,0,0,1,0,0,0,0,0,0,-1,0,0,0,0,0
1que,A,260,ILE,4.5,166.7,0.0,0,0,E,0.011834319526627219,-126.2,124.7,17.0,27.0,0.38636363636363635,4.155393131213458,38,16,28,-12,0.053621538444046775,0,0,1,0,0,0,0,0,0,-1,0,0,0,0,0
1que,A,261,CYS,2.5,108.5,0.0,1,0,E,0.0,-149.2,137.9,20.0,19.0,0.5128205128205128,4.898783644456258,38,10,17,-7,0.05175644145468863,0,0,1,0,0,0,0,0,0,-1,0,0,0,0,0
1que,A,262,GLY,-0.4,60.1,0.0,0,0,E,0.0,150.4,-164.8,17.0,16.0,0.5151515151515151,2.655400767857872,30,12,16,-4,0.04616115048661418,0,0,1,0,0,0,0,0,0,-1,0,0,0,0,0
1que,A,263,LEU,3.8,166.7,0.0,0,0,S,0.49390243902439024,-69.5,142.9,8.0,15.0,0.34782608695652173,1.903885693923374,21,16,8,8,0.03357174580844668,0,0,0,0,0,0,1,0,0,14,4,17,0,1,1
1que,A,264,ARG,-4.5,173.4,1.0,5,0,T,0.8104838709677419,-57.6,140.9,1.0,18.0,0.05263157894736842,1.8381183137699546,11,0,16,-16,0.02844272908771177,0,0,0,0,0,1,0,0,0,29,0,17,0,0,1
1que,A,265,GLY,-0.4,60.1,0.0,0,0,T,0.36904761904761907,126.0,-16.1,6.0,14.0,0.3,1.7096224750608218,18,11,20,-9,0.025178809356335007,0,0,0,0,0,1,0,0,0,-1,0,0,0,0,0
1que,A,266,MET,1.9,162.9,0.0,0,0,S,0.03723404255319149,-82.3,-28.8,22.0,8.0,0.7333333333333333,2.3624013772671337,29,8,29,-21,0.03683566553982344,0,0,0,0,0,0,1,0,0,-1,0,0,0,0,0
1que,A,267,GLU,-3.5,138.4,-1.0,1,3,H,0.32989690721649484,-55.4,-45.6,13.0,17.0,0.43333333333333335,1.7939266222501706,27,15,21,-6,0.034970568550465285,1,0,0,0,0,0,0,0,0,-1,0,0,0,0,0
1que,A,268,GLU,-3.5,138.4,-1.0,1,3,H,0.9845360824742269,-59.0,-44.5,2.0,17.0,0.10526315789473684,1.5416138178665093,13,6,17,-11,0.026577632098353617,1,0,0,0,0,0,0,0,0,28,0,15,0,0,1
1que,A,269,GLY,-0.4,60.1,0.0,0,0,H,0.14285714285714285,-69.8,-33.8,12.0,10.0,0.5454545454545454,1.8066759657499727,25,2,34,-32,0.032172923066428064,1,0,0,0,0,0,0,0,0,28,0,15,0,0,1
1que,A,270,ILE,4.5,166.7,0.0,0,0,H,0.0,-67.4,-41.9,17.0,20.0,0.4594594594594595,2.973185807341155,36,5,30,-25,0.045694876239274644,1,0,0,0,0,0,0,0,0,-1,0,0,0,0,0
1que,A,271,ASP,-3.5,111.1,-1.0,1,3,H,0.25766871165644173,-66.0,-39.9,12.0,20.0,0.375,1.9587868752079274,29,2,19,-17,0.040099585271200194,1,0,0,0,0,0,0,0,0,-1,0,0,0,0,0
1que,A,272,ALA,1.8,88.6,0.0,0,0,H,0.5943396226415094,-59.6,-40.7,8.0,15.0,0.34782608695652173,1.7676103750440393,21,0,23,-23,0.029375277582390842,1,0,0,0,0,0,0,0,0,-1,0,0,0,0,0
1que,A,273,ALA,1.8,88.6,0.0,0,0,H,0.11320754716981132,-67.3,-48.8,18.0,11.0,0.6206896551724138,1.8617618017891229,31,11,31,-20,0.03823448828184205,1,0,0,0,0,0,0,0,0,-1,0,0,0,0,0
1que,A,274,LEU,3.8,166.7,0.0,0,0,H,0.018292682926829267,-68.5,-29.3,19.0,18.0,0.5135135135135135,4.56500344251968,40,9,20,-11,0.04989134446533048,1,0,0,0,0,0,0,0,0,3,664,5,0,37,1
1que,A,275,SER,-0.8,89.0,0.0,1,1,H,0.43846153846153846,-64.7,-45.3,8.0,20.0,0.2857142857142857,1.8861497093559532,27,7,15,-8,0.03963331102386066,1,0,0,0,0,0,0,0,0,3,664,5,0,37,1
1que,A,276,ALA,1.8,88.6,0.0,0,0,H,0.5849056603773585,-62.3,-37.5,10.0,15.0,0.4,1.8117163901539886,23,10,18,-8,0.027043906345693154,1,0,0,0,0,0,0,0,0,3,664,5,0,37,1
1que,A,277,ALA,1.8,88.6,0.0,0,0,H,0.018867924528301886,-71.1,-47.4,18.0,10.0,0.6428571428571429,1.8404849041867046,26,16,20,-4,0.040565859518539735,1,0,0,0,0,0,0,0,0,3,664,5,0,37,1
1que,A,278,ALA,1.8,88.6,0.0,0,0,H,0.0,-60.7,-41.0,14.0,13.0,0.5185185185185185,3.062572413376517,25,15,20,-5,0.048492521723311866,1,0,0,0,0,0,0,0,0,3,664,5,0,37,1
1que,A,279,ALA,1.8,88.6,0.0,0,0,H,0.5660377358490566,-56.0,-30.7,7.0,13.0,0.35,1.8643125845636703,17,9,12,-3,0.03310547156110714,1,0,0,0,0,0,0,0,0,3,664,5,0,37,1
1que,A,280,LYS,-3.9,168.6,1.0,2,0,T,0.7073170731707317,-62.4,-25.9,8.0,8.0,0.5,1.9092505195751588,15,2,17,-15,0.025178809356335007,0,0,0,0,0,1,0,0,0,3,664,5,0,37,1
1que,A,281,GLU,-3.5,138.4,-1.0,1,3,T,0.4948453608247423,-105.1,19.6,10.0,5.0,0.6666666666666666,1.7875387630358388,16,15,6,9,0.024246260861655933,0,0,0,0,0,1,0,0,0,-1,0,0,0,0,0
1que,A,282,GLY,-0.4,60.1,0.0,0,0,T,0.8571428571428571,65.9,31.9,0.0,12.0,0.0,1.7095213673201395,15,8,11,-3,0.01958351838826056,0,0,0,0,0,1,0,0,0,-1,0,0,0,0,0
1que,A,283,VAL,4.2,140.0,0.0,0,0,-,0.2746478873239437,-114.1,137.6,14.0,3.0,0.8235294117647058,1.8876995082254109,18,10,18,-8,0.03170664881908853,0,0,0,0,0,0,0,0,0,10,24,8,0,2,1
1que,A,284,THR,-0.7,116.1,0.0,1,1,-,0.5704225352112676,-94.9,114.0,3.0,17.0,0.15,1.8440108159507644,19,8,17,-9,0.032172923066428064,0,0,0,0,0,0,0,0,0,3,664,5,0,37,1
1que,A,285,TRP,-0.9,227.8,0.0,1,0,H,0.00881057268722467,-56.2,-38.1,13.0,13.0,0.5,3.336293874247089,30,16,24,-8,0.045228601991935104,1,0,0,0,0,0,0,0,0,3,664,5,0,37,1
1que,A,286,SER,-0.8,89.0,0.0,1,1,H,0.45384615384615384,-60.6,-36.8,2.0,19.0,0.09523809523809523,1.8132507038148404,17,15,23,-8,0.034970568550465285,1,0,0,0,0,0,0,0,0,-1,0,0,0,0,0
1que,A,287,ASP,-3.5,111.1,-1.0,1,3,H,0.50920245398773,-76.0,-41.9,5.0,12.0,0.29411764705882354,1.858487891844665,15,15,8,7,0.030774100324409453,1,0,0,0,0,0,0,0,0,-1,0,0,0,0,0
1que,A,288,TYR,-1.3,193.6,0.0,1,1,H,0.2702702702702703,-62.1,-43.2,12.0,11.0,0.5217391304347826,1.9296900203148686,24,30,17,13,0.04196468226055834,1,0,0,0,0,0,0,0,0,10,24,8,0,2,1
1que,A,289,GLN,-3.5,143.8,0.0,2,2,H,0.07575757575757576,-61.2,-37.0,12.0,15.0,0.4444444444444444,2.852291054269985,26,31,27,4,0.04616115048661418,1,0,0,0,0,0,0,0,0,-1,0,0,0,0,0
1que,A,290,LYS,-3.9,168.6,1.0,2,0,H,0.4975609756097561,-62.9,-43.5,3.0,13.0,0.1875,2.057464446147412,13,18,17,1,0.035436842797804825,1,0,0,0,0,0,0,0,0,-1,0,0,0,0,0
1que,A,291,ASP,-3.5,111.1,-1.0,1,3,H,0.558282208588957,-63.2,-40.1,8.0,9.0,0.47058823529411764,1.7676577263713056,15,37,8,29,0.03310547156110714,1,0,0,0,0,0,0,0,0,15,6,9,0,0,1
1que,A,292,LEU,3.8,166.7,0.0,0,0,H,0.042682926829268296,-62.8,-41.6,18.0,6.0,0.75,2.6421072289460943,24,59,12,47,0.045694876239274644,1,0,0,0,0,0,0,0,0,15,6,9,0,0,1
1que,A,293,LYS,-3.9,168.6,1.0,2,0,H,0.5414634146341464,-62.5,-48.5,7.0,13.0,0.35,2.0507215353894943,19,36,21,15,0.03963331102386066,1,0,0,0,0,0,0,0,0,15,6,9,0,0,1
1que,A,294,LYS,-3.9,168.6,1.0,2,0,H,0.7902439024390244,-60.2,-37.4,5.0,8.0,0.38461538461538464,1.8848967354857307,11,23,10,13,0.023779986614316396,1,0,0,0,0,0,0,0,0,15,6,9,0,0,1
1que,A,295,ALA,1.8,88.6,0.0,0,0,T,0.6415094339622641,-79.2,-4.2,12.0,5.0,0.7058823529411765,1.7675726475711113,14,47,8,39,0.025645083603674543,0,0,0,0,0,1,0,0,0,15,6,9,0,0,1
1que,A,296,GLY,-0.4,60.1,0.0,0,0,T,0.40476190476190477,75.5,30.3,5.0,18.0,0.21739130434782608,1.830953353477328,24,53,14,39,0.030774100324409453,0,0,0,0,0,1,0,0,0,15,6,9,0,0,1
1que,A,297,ARG,-4.5,173.4,1.0,5,0,-,0.1693548387096774,-112.5,-1.4,16.0,16.0,0.5,2.7015106353045857,28,44,5,39,0.04429605349725603,0,0,0,0,0,0,0,0,0,15,6,9,0,0,1
1que,A,298,TRP,-0.9,227.8,0.0,1,0,E,0.030837004405286344,-125.2,109.7,13.0,22.0,0.37142857142857144,2.7237014741581866,30,47,24,23,0.05222271570202816,0,0,1,0,0,0,0,0,0,15,6,9,0,0,1
1que,A,299,HIS,-3.2,153.2,0.1,2,1,E,0.07608695652173914,-113.9,125.4,22.0,12.0,0.6470588235294118,2.6068642417705465,31,31,17,14,0.04989134446533048,0,0,1,0,0,0,0,0,0,21,1,14,0,0,1
1que,A,300,VAL,4.2,140.0,0.0,0,0,E,0.20422535211267606,-131.5,134.0,12.0,23.0,0.34285714285714286,1.9789298953863823,28,23,29,-6,0.04103213376587927,0,0,1,0,0,0,0,0,0,-1,0,0,0,0,0
1que,A,301,GLU,-3.5,138.4,-1.0,1,3,E,0.211340206185567,-144.5,93.4,22.0,14.0,0.6111111111111112,2.045854247771704,37,13,13,0,0.034970568550465285,0,0,1,0,0,0,0,0,0,-1,0,0,0,0,0
1que,A,302,THR,-0.7,116.1,0.0,1,1,E,0.23943661971830985,-117.9,150.2,12.0,16.0,0.42857142857142855,2.177593531792911,23,14,21,-7,0.03730193978716297,0,0,1,0,0,0,0,0,0,-1,0,0,0,0,0
1que,A,303,TYR,-1.3,193.6,0.0,1,1,-,0.545045045045045,-149.8,360.0,9.0,11.0,0.45,1.8089004736403413,25,13,10,3,0.024246260861655933,0,0,0,0,0,0,0,0,0,-1,0,0,0,0,0
1oxp,A,3,SER,-0.8,89.0,0.0,1,1,-,1.0,360.0,107.4,1.0,5.0,0.16666666666666666,1.7395427536112917,5,6,0,6,0.012123130430827966,0,0,0,0,0,0,0,0,0,-1,0,0,0,0,0
1oxp,A,4,SER,-0.8,89.0,0.0,1,1,-,0.7230769230769231,-103.6,-176.3,4.0,2.0,0.6666666666666666,1.7499136797115975,6,9,0,9,0.02144861537761871,0,0,0,0,0,0,0,0,0,-1,0,0,0,0,0
1oxp,A,5,TRP,-0.9,227.8,0.0,1,0,T,0.920704845814978,-69.0,-42.8,0.0,6.0,0.0,1.8144234001020114,6,7,0,7,0.024246260861655933,0,0,0,0,0,1,0,0,0,-1,0,0,0,0,0
1oxp,A,6,TRP,-0.9,227.8,0.0,1,0,T,0.8237885462555066,-107.7,28.4,3.0,5.0,0.375,1.8735640838401388,7,10,1,9,0.02611135785101408,0,0,0,0,0,1,0,0,0,1,2218,9,0,219,1
1oxp,A,7,SER,-0.8,89.0,0.0,1,1,T,0.5846153846153846,-71.9,-26.6,3.0,5.0,0.375,1.7956037533411306,8,10,8,2,0.023779986614316396,0,0,0,0,0,1,0,0,0,-1,0,0,0,0,0
1oxp,A,8,HIS,-3.2,153.2,0.1,2,1,T,0.7391304347826086,-84.4,-12.2,1.0,8.0,0.1111111111111111,1.782357147458984,8,0,9,-9,0.02098234113027917,0,0,0,0,0,1,0,0,0,-1,0,0,0,0,0
1oxp,A,9,VAL,4.2,140.0,0.0,0,0,-,0.6126760563380281,-76.4,113.8,5.0,4.0,0.5555555555555556,1.9076448997592752,8,10,9,1,0.022381163872297785,0,0,0,0,0,0,0,0,0,1,2218,9,0,219,1
1oxp,A,10,GLU,-3.5,138.4,-1.0,1,3,-,0.9329896907216495,-92.1,169.7,2.0,5.0,0.2857142857142857,1.7084779766701357,7,10,0,10,0.01818469564624195,0,0,0,0,0,0,0,0,0,1,2218,9,0,219,1
1oxp,A,11,MET,1.9,162.9,0.0,0,0,-,0.9787234042553191,-74.9,108.2,2.0,6.0,0.25,1.8469962858121183,6,2,9,-7,0.015387050162204726,0,0,0,0,0,0,0,0,0,1,2218,9,0,219,1
1oxp,A,12,GLY,-0.4,60.1,0.0,0,0,P,0.5833333333333334,-90.7,152.8,5.0,4.0,0.5555555555555556,1.7097676817587861,8,0,14,-14,0.016319598656883802,0,0,0,0,0,0,0,0,0,1,2218,9,0,219,1
1oxp,A,13,PRO,-1.6,112.7,0.0,0,0,P,0.8897058823529411,-71.5,161.9,4.0,6.0,0.4,1.8339365280973625,8,0,16,-16,0.015853324409544265,0,0,0,0,0,0,0,0,0,-1,0,0,0,0,0
1oxp,A,14,PRO,-1.6,112.7,0.0,0,0,P,0.6691176470588235,-71.6,156.2,7.0,5.0,0.5833333333333334,1.858810555472679,13,2,16,-14,0.02331371236697686,0,0,0,0,0,0,0,0,0,-1,0,0,0,0,0
1oxp,A,15,ASP,-3.5,111.1,-1.0,1,3,P,0.3987730061349693,-58.3,129.3,11.0,7.0,0.6111111111111112,1.6720740382500079,18,0,7,-7,0.026577632098353617,0,0,0,0,0,0,0,0,0,-1,0,0,0,0,0
1oxp,A,16,PRO,-1.6,112.7,0.0,0,0,S,0.75,-42.0,-45.2,6.0,17.0,0.2608695652173913,1.9239047636118654,20,11,18,-7,0.025645083603674543,0,0,0,0,0,0,1,0,0,-1,0,0,0,0,0
1oxp,A,17,ILE,4.5,166.7,0.0,0,0,S,0.1301775147928994,-98.9,-63.6,10.0,20.0,0.3333333333333333,2.4833688418189777,25,14,20,-6,0.03450429430312575,0,0,0,0,0,0,1,0,0,-1,0,0,0,0,0
1oxp,A,18,LEU,3.8,166.7,0.0,0,0,T,0.6402439024390244,-53.5,-44.6,5.0,18.0,0.21739130434782608,1.925633032613663,21,6,17,-11,0.032172923066428064,0,0,0,0,0,1,0,0,0,-1,0,0,0,0,0
1oxp,A,19,GLY,-0.4,60.1,0.0,0,0,H,0.13095238095238096,-56.4,-25.8,7.0,14.0,0.3333333333333333,1.9065952432892157,20,13,17,-4,0.03357174580844668,1,0,0,0,0,0,0,0,0,-1,0,0,0,0,0
1oxp,A,20,VAL,4.2,140.0,0.0,0,0,H,0.13380281690140844,-68.6,-34.3,18.0,12.0,0.6,2.222082329913733,27,24,17,7,0.045694876239274644,1,0,0,0,0,0,0,0,0,-1,0,0,0,0,0
1oxp,A,21,THR,-0.7,116.1,0.0,1,1,H,0.2112676056338028,-67.7,-32.8,4.0,21.0,0.16,2.3293728133873643,25,24,18,6,0.04103213376587927,1,0,0,0,0,0,0,0,0,-1,0,0,0,0,0
1oxp,A,22,GLU,-3.5,138.4,-1.0,1,3,H,0.5103092783505154,-52.2,-61.0,6.0,12.0,0.3333333333333333,1.7555199141805244,17,19,8,11,0.032172923066428064,1,0,0,0,0,0,0,0,0,-1,0,0,0,0,0
1oxp,A,23,ALA,1.8,88.6,0.0,0,0,H,0.3867924528301887,-60.3,-36.0,18.0,8.0,0.6923076923076923,1.863788241786893,23,26,18,8,0.03403802005578621,1,0,0,0,0,0,0,0,0,-1,0,0,0,0,0
1oxp,A,24,PHE,2.8,189.9,0.0,0,0,H,0.19796954314720813,-61.1,-50.7,16.0,12.0,0.5714285714285714,2.9714439073828416,26,34,14,20,0.04616115048661418,1,0,0,0,0,0,0,0,0,8,156,4,0,7,1
1oxp,A,25,LYS,-3.9,168.6,1.0,2,0,H,0.6731707317073171,-46.3,-54.1,5.0,14.0,0.2631578947368421,2.0086133695801442,15,17,17,0,0.03450429430312575,1,0,0,0,0,0,0,0,0,8,156,4,0,7,1
1oxp,A,26,ARG,-4.5,173.4,1.0,5,0,T,0.7580645161290323,-57.8,-20.9,7.0,9.0,0.4375,1.8173724606173278,11,12,17,-5,0.026577632098353617,0,0,0,0,0,1,0,0,0,8,156,4,0,7,1
1oxp,A,27,ASP,-3.5,111.1,-1.0,1,3,-,0.22085889570552147,-68.8,142.0,19.0,2.0,0.9047619047619048,1.7025344681603878,20,33,3,30,0.03403802005578621,0,0,0,0,0,0,0,0,0,8,156,4,0,7,1
1oxp,A,28,THR,-0.7,116.1,0.0,1,1,-,0.9859154929577465,-98.7,-3.4,0.0,15.0,0.0,1.7767459940106325,12,26,8,18,0.021914889624958248,0,0,0,0,0,0,0,0,0,8,156,4,0,7,1
1oxp,A,29,ASN,-3.5,114.1,0.0,2,2,-,0.3057324840764331,-67.7,128.1,13.0,4.0,0.7647058823529411,1.7222124056950996,19,27,12,15,0.02797645484037223,0,0,0,0,0,0,0,0,0,8,156,4,0,7,1
1oxp,A,30,SER,-0.8,89.0,0.0,1,1,T,0.9461538461538461,-68.9,-16.7,0.0,14.0,0.0,1.739590059721823,10,18,7,11,0.02098234113027917,0,0,0,0,0,1,0,0,0,8,156,4,0,7,1
1oxp,A,31,LYS,-3.9,168.6,1.0,2,0,T,0.5804878048780487,-99.0,8.7,13.0,11.0,0.5416666666666666,1.9116480331351378,19,8,9,-1,0.02984155182973038,0,0,0,0,0,1,0,0,0,-1,0,0,0,0,0
1oxp,A,32,LYS,-3.9,168.6,1.0,2,0,-,0.2731707317073171,-62.5,153.7,16.0,14.0,0.5333333333333333,2.237303869677159,23,20,9,11,0.04709369898129325,0,0,0,0,0,0,0,0,0,8,156,4,0,7,1
1oxp,A,33,MET,1.9,162.9,0.0,0,0,E,0.06382978723404255,-141.4,134.5,24.0,18.0,0.5714285714285714,2.342375445745919,33,20,4,16,0.04103213376587927,0,0,1,0,0,0,0,0,0,-1,0,0,0,0,0
1oxp,A,34,ASN,-3.5,114.1,0.0,2,2,E,0.21656050955414013,-107.0,99.3,19.0,25.0,0.4318181818181818,1.8076619532841312,36,30,5,25,0.04662742473395372,0,0,1,0,0,0,0,0,0,-1,0,0,0,0,0
1oxp,A,35,LEU,3.8,166.7,0.0,0,0,-,0.006097560975609756,-108.8,26.8,26.0,15.0,0.6341463414634146,2.981125251282491,39,21,0,21,0.048026247475972325,0,0,0,0,0,0,0,0,0,-1,0,0,0,0,0
1oxp,A,36,GLY,-0.4,60.1,0.0,0,0,S,0.0,-71.7,-68.0,18.0,22.0,0.45,2.7479050018885225,37,16,7,9,0.050823892960009553,0,0,0,0,0,0,1,0,0,-1,0,0,0,0,0
1oxp,A,37,VAL,4.2,140.0,0.0,0,0,S,0.2746478873239437,-96.4,151.5,13.0,23.0,0.3611111111111111,1.9926607744702838,33,21,2,19,0.04289723075523742,0,0,0,0,0,0,1,0,0,-1,0,0,0,0,0
1oxp,A,38,GLY,-0.4,60.1,0.0,0,0,S,0.03571428571428571,-68.4,89.7,18.0,22.0,0.45,2.482508515635044,32,25,0,25,0.040565859518539735,0,0,0,0,0,0,1,0,0,19,3,19,0,0,1
1oxp,A,39,ALA,1.8,88.6,0.0,0,0,-,0.14150943396226415,-136.1,122.6,18.0,21.0,0.46153846153846156,2.0558755886043167,33,30,3,27,0.03776821403450251,0,0,0,0,0,0,0,0,0,-1,0,0,0,0,0
1oxp,A,40,TYR,-1.3,193.6,0.0,1,1,-,0.06306306306306306,-72.1,137.3,21.0,19.0,0.525,3.086121615015942,38,35,19,16,0.048492521723311866,0,0,0,0,0,0,0,0,0,-1,0,0,0,0,0
1oxp,A,41,ARG,-4.5,173.4,1.0,5,0,B,0.2903225806451613,-123.9,141.6,18.0,15.0,0.5454545454545454,2.662423684583346,29,15,14,1,0.045228601991935104,0,1,0,0,0,0,0,0,0,-1,0,0,0,0,0
1oxp,A,42,ASP,-3.5,111.1,-1.0,1,3,-,0.24539877300613497,-72.8,-172.3,7.0,21.0,0.25,2.3403012036250894,23,29,8,21,0.043363505002576956,0,0,0,0,0,0,0,0,0,-1,0,0,0,0,0
1oxp,A,43,ASP,-3.5,111.1,-1.0,1,3,T,0.3128834355828221,-77.9,27.3,8.0,16.0,0.3333333333333333,1.727754056467254,23,27,8,19,0.034970568550465285,0,0,0,0,0,1,0,0,0,3,1329,11,0,181,1
1oxp,A,44,ASN,-3.5,114.1,0.0,2,2,T,0.7006369426751592,-130.6,-9.1,4.0,13.0,0.23529411764705882,1.8629868840959953,16,23,16,7,0.032172923066428064,0,0,0,0,0,1,0,0,0,-1,0,0,0,0,0
1oxp,A,45,GLY,-0.4,60.1,0.0,0,0,-,0.27380952380952384,60.2,60.6,15.0,11.0,0.5769230769230769,2.0280121289837796,24,27,16,11,0.04149840801321881,0,0,0,0,0,0,0,0,0,-1,0,0,0,0,0
1oxp,A,46,LYS,-3.9,168.6,1.0,2,0,-,0.6195121951219512,-121.8,139.5,3.0,16.0,0.15789473684210525,2.2669140946763333,15,15,14,1,0.02844272908771177,0,0,0,0,0,0,0,0,0,-1,0,0,0,0,0
1oxp,A,47,PRO,-1.6,112.7,0.0,0,0,B,0.6323529411764706,-60.0,136.3,7.0,15.0,0.3181818181818182,1.9981638576799163,17,23,11,12,0.03170664881908853,0,1,0,0,0,0,0,0,0,7,65,11,0,8,1
1oxp,A,48,TYR,-1.3,193.6,0.0,1,1,-,0.2747747747747748,-113.0,126.1,20.0,8.0,0.7142857142857143,1.9297686073225755,28,32,20,12,0.03776821403450251,0,0,0,0,0,0,0,0,0,7,65,11,0,8,1
1oxp,A,49,VAL,4.2,140.0,0.0,0,0,-,0.4154929577464789,-107.8,112.4,8.0,21.0,0.27586206896551724,1.9585271717104402,25,22,17,5,0.03403802005578621,0,0,0,0,0,0,0,0,0,7,65,11,0,8,1
1oxp,A,50,LEU,3.8,166.7,0.0,0,0,-,0.006097560975609756,-57.0,148.0,25.0,9.0,0.7352941176470589,3.5118470074822183,32,22,21,1,0.040565859518539735,0,0,0,0,0,0,0,0,0,7,65,11,0,8,1
1oxp,A,51,ASN,-3.5,114.1,0.0,2,2,H,0.5286624203821656,-54.6,-51.1,11.0,15.0,0.4230769230769231,1.8301515238775596,18,20,23,-3,0.035436842797804825,1,0,0,0,0,0,0,0,0,7,65,11,0,8,1
1oxp,A,52,CYS,2.5,108.5,0.0,1,0,H,0.0,-64.2,-34.1,22.0,11.0,0.6666666666666666,4.302086542888952,31,27,31,-4,0.04289723075523742,1,0,0,0,0,0,0,0,0,-1,0,0,0,0,0
1oxp,A,53,VAL,4.2,140.0,0.0,0,0,H,0.04225352112676056,-66.2,-46.0,16.0,20.0,0.4444444444444444,3.513696034255974,31,22,24,-2,0.04755997322863279,1,0,0,0,0,0,0,0,0,-1,0,0,0,0,0
1oxp,A,54,ARG,-4.5,173.4,1.0,5,0,H,0.5766129032258065,-53.5,-39.2,4.0,20.0,0.16666666666666666,2.0169053410879774,20,8,14,-6,0.03450429430312575,1,0,0,0,0,0,0,0,0,7,65,11,0,8,1
1oxp,A,55,LYS,-3.9,168.6,1.0,2,0,H,0.4975609756097561,-78.3,-31.8,10.0,13.0,0.43478260869565216,2.0146011345589927,21,10,26,-16,0.03450429430312575,1,0,0,0,0,0,0,0,0,-1,0,0,0,0,0
1oxp,A,56,ALA,1.8,88.6,0.0,0,0,H,0.0,-64.2,-43.6,24.0,9.0,0.7272727272727273,4.056766755236661,31,31,10,21,0.045228601991935104,1,0,0,0,0,0,0,0,0,-1,0,0,0,0,0
1oxp,A,57,GLU,-3.5,138.4,-1.0,1,3,H,0.29381443298969073,-61.9,-36.9,7.0,20.0,0.25925925925925924,1.8557890844122626,23,23,5,18,0.0363693912924839,1,0,0,0,0,0,0,0,0,-1,0,0,0,0,0
1oxp,A,58,ALA,1.8,88.6,0.0,0,0,H,0.5283018867924528,-60.4,-42.4,6.0,12.0,0.3333333333333333,1.7927344668513823,17,27,9,18,0.027510180593032695,1,0,0,0,0,0,0,0,0,-1,0,0,0,0,0
1oxp,A,59,MET,1.9,162.9,0.0,0,0,H,0.40425531914893614,-71.2,-30.7,11.0,8.0,0.5789473684210527,1.924945867384744,19,26,7,19,0.02984155182973038,1,0,0,0,0,0,0,0,0,-1,0,0,0,0,0
1oxp,A,60,ILE,4.5,166.7,0.0,0,0,H,0.11834319526627218,-72.9,-39.8,17.0,7.0,0.7083333333333334,2.2929746499596924,24,37,13,24,0.03870076252918159,1,0,0,0,0,0,0,0,0,-1,0,0,0,0,0
1oxp,A,61,ALA,1.8,88.6,0.0,0,0,H,0.5566037735849056,-61.4,-56.6,6.0,10.0,0.375,1.8473340720393978,16,28,11,17,0.02797645484037223,1,0,0,0,0,0,0,0,0,-1,0,0,0,0,0
1oxp,A,62,ALA,1.8,88.6,0.0,0,0,H,0.7358490566037735,-58.6,-38.1,6.0,5.0,0.5454545454545454,1.7895253704865919,12,20,6,14,0.02331371236697686,1,0,0,0,0,0,0,0,0,-1,0,0,0,0,0
1oxp,A,63,LYS,-3.9,168.6,1.0,2,0,H,0.6146341463414634,-65.6,-31.6,9.0,3.0,0.75,1.9176590088102161,13,17,9,8,0.02331371236697686,1,0,0,0,0,0,0,0,0,-1,0,0,0,0,0
1oxp,A,64,LYS,-3.9,168.6,1.0,2,0,T,0.8975609756097561,67.5,51.8,0.0,10.0,0.0,1.9472511355892475,11,13,7,6,0.022847438119637322,0,0,0,0,0,1,0,0,0,-1,0,0,0,0,0
1oxp,A,66,MET,1.9,162.9,0.0,0,0,-,0.40425531914893614,-67.6,155.3,10.0,4.0,0.7142857142857143,1.8295896344826472,17,37,18,19,0.029375277582390842,0,0,0,0,0,0,0,0,0,-1,0,0,0,0,0
1oxp,A,67,ASP,-3.5,111.1,-1.0,1,3,-,0.5766871165644172,-78.1,173.4,3.0,10.0,0.23076923076923078,1.8087127875472904,10,28,9,19,0.02331371236697686,0,0,0,0,0,0,0,0,0,2,2950,6,0,192,1
1oxp,A,68,LYS,-3.9,168.6,1.0,2,0,-,0.8097560975609757,-126.6,20.6,1.0,13.0,0.07142857142857142,1.9153439584636613,12,10,17,-7,0.022381163872297785,0,0,0,0,0,0,0,0,0,2,2950,6,0,192,1
1oxp,A,69,GLU,-3.5,138.4,-1.0,1,3,P,0.6649484536082474,-66.8,148.2,5.0,8.0,0.38461538461538464,1.7429824923765722,9,14,8,6,0.023779986614316396,0,0,0,0,0,0,0,0,0,2,2950,6,0,192,1
1oxp,A,70,TYR,-1.3,193.6,0.0,1,1,P,0.9369369369369369,-51.5,137.1,5.0,11.0,0.3125,1.7796527725119373,13,10,13,-3,0.02797645484037223,0,0,0,0,0,0,0,0,0,2,2950,6,0,192,1
1oxp,A,71,LEU,3.8,166.7,0.0,0,0,P,0.14634146341463414,-92.9,154.5,20.0,5.0,0.8,1.8877983432342855,22,14,15,-1,0.035436842797804825,0,0,0,0,0,0,0,0,0,2,2950,6,0,192,1
1oxp,A,72,PRO,-1.6,112.7,0.0,0,0,P,0.625,-56.1,164.5,11.0,14.0,0.44,2.0393113592512937,21,6,9,-3,0.027510180593032695,0,0,0,0,0,0,0,0,0,-1,0,0,0,0,0
1oxp,A,73,ILE,4.5,166.7,0.0,0,0,T,0.27218934911242604,-61.7,-35.3,13.0,16.0,0.4482758620689655,2.713126644203741,26,20,7,13,0.04103213376587927,0,0,0,0,0,1,0,0,0,-1,0,0,0,0,0
1oxp,A,74,ALA,1.8,88.6,0.0,0,0,T,0.09433962264150944,-84.9,-2.4,16.0,24.0,0.4,2.4056921952124948,35,13,10,3,0.043363505002576956,0,0,0,0,0,1,0,0,0,-1,0,0,0,0,0
1oxp,A,75,GLY,-0.4,60.1,0.0,0,0,-,0.05952380952380952,96.5,-171.0,28.0,13.0,0.6829268292682927,2.3822145956036316,30,10,11,-1,0.04616115048661418,0,0,0,0,0,0,0,0,0,16,8,13,0,1,1
1oxp,A,76,LEU,3.8,166.7,0.0,0,0,-,0.22560975609756098,-66.0,106.9,20.0,13.0,0.6060606060606061,2.460730599911791,33,20,9,11,0.040099585271200194,0,0,0,0,0,0,0,0,0,16,8,13,0,1,1
1oxp,A,77,ALA,1.8,88.6,0.0,0,0,H,0.4811320754716981,-38.8,-48.1,0.0,23.0,0.0,1.8978636050589812,22,12,11,1,0.028909003335051305,1,0,0,0,0,0,0,0,0,16,8,13,0,1,1
1oxp,A,78,ASP,-3.5,111.1,-1.0,1,3,H,0.3987730061349693,-62.7,-38.8,12.0,15.0,0.4444444444444444,2.407111112396242,21,18,0,18,0.03124037457174899,1,0,0,0,0,0,0,0,0,16,8,13,0,1,1
1oxp,A,79,PHE,2.8,189.9,0.0,0,0,H,0.0,-74.1,-38.7,24.0,13.0,0.6486486486486487,5.928885927055563,43,20,9,11,0.050823892960009553,1,0,0,0,0,0,0,0,0,16,8,13,0,1,1
1oxp,A,80,THR,-0.7,116.1,0.0,1,1,H,0.1619718309859155,-54.0,-52.2,16.0,22.0,0.42105263157894735,3.0131748373006952,34,11,15,-4,0.0526889899493677,1,0,0,0,0,0,0,0,0,16,8,13,0,1,1
1oxp,A,81,ARG,-4.5,173.4,1.0,5,0,H,0.43951612903225806,-69.6,-45.7,6.0,26.0,0.1875,1.8834106920232578,18,1,17,-16,0.040565859518539735,1,0,0,0,0,0,0,0,0,16,8,13,0,1,1
1oxp,A,82,ALA,1.8,88.6,0.0,0,0,H,0.04716981132075472,-65.5,-25.9,15.0,17.0,0.46875,2.1233134626780656,34,18,20,-2,0.048492521723311866,1,0,0,0,0,0,0,0,0,-1,0,0,0,0,0
1oxp,A,83,SER,-0.8,89.0,0.0,1,1,H,0.0,-81.4,-39.4,26.0,15.0,0.6341463414634146,5.200121884168846,43,12,14,-2,0.045228601991935104,1,0,0,0,0,0,0,0,0,-1,0,0,0,0,0
1oxp,A,84,ALA,1.8,88.6,0.0,0,0,H,0.0,-56.5,-53.7,22.0,19.0,0.5365853658536586,4.481688080441515,38,18,16,2,0.048026247475972325,1,0,0,0,0,0,0,0,0,-1,0,0,0,0,0
1oxp,A,85,GLU,-3.5,138.4,-1.0,1,3,H,0.3247422680412371,-56.1,-48.3,10.0,22.0,0.3125,1.9538659369982285,29,28,11,17,0.04662742473395372,1,0,0,0,0,0,0,0,0,17,18,4,0,0,1
1oxp,A,86,LEU,3.8,166.7,0.0,0,0,H,0.036585365853658534,-61.8,-36.6,24.0,17.0,0.5853658536585366,2.3569283405403736,38,18,17,1,0.045228601991935104,1,0,0,0,0,0,0,0,0,-1,0,0,0,0,0
1oxp,A,87,ALA,1.8,88.6,0.0,0,0,H,0.0,-65.6,-62.0,27.0,22.0,0.5510204081632653,4.386306166408902,43,18,18,0,0.04196468226055834,1,0,0,0,0,0,0,0,0,-1,0,0,0,0,0
1oxp,A,88,LEU,3.8,166.7,0.0,0,0,H,0.018292682926829267,-83.4,-26.5,24.0,17.0,0.5853658536585366,3.257309263496145,37,24,23,1,0.04429605349725603,1,0,0,0,0,0,0,0,0,-1,0,0,0,0,0
1oxp,A,89,GLY,-0.4,60.1,0.0,0,0,-,0.05952380952380952,91.9,146.2,14.0,12.0,0.5384615384615384,2.4376986433621672,26,23,23,0,0.03683566553982344,0,0,0,0,0,0,0,0,0,17,18,4,0,0,1
1oxp,A,90,GLU,-3.5,138.4,-1.0,1,3,S,0.6443298969072165,-73.0,-17.9,1.0,18.0,0.05263157894736842,1.7785562727451802,16,18,11,7,0.03170664881908853,0,0,0,0,0,0,1,0,0,17,18,4,0,0,1
1oxp,A,91,ASN,-3.5,114.1,0.0,2,2,S,0.8535031847133758,-81.3,-33.4,3.0,14.0,0.17647058823529413,1.774482302696256,14,18,28,-10,0.022847438119637322,0,0,0,0,0,0,1,0,0,17,18,4,0,0,1
1oxp,A,92,SER,-0.8,89.0,0.0,1,1,-,0.13846153846153847,-29.1,143.2,19.0,4.0,0.8260869565217391,1.9527300277805273,19,27,32,-5,0.03357174580844668,0,0,0,0,0,0,0,0,0,-1,0,0,0,0,0
1oxp,A,93,GLU,-3.5,138.4,-1.0,1,3,H,0.6082474226804123,-77.3,-47.0,7.0,16.0,0.30434782608695654,1.8417736871161168,21,24,13,11,0.02797645484037223,1,0,0,0,0,0,0,0,0,-1,0,0,0,0,0
1oxp,A,94,ALA,1.8,88.6,0.0,0,0,H,0.009433962264150943,-41.1,-57.0,23.0,11.0,0.6764705882352942,2.8369920942793874,29,28,27,1,0.04243095650789788,1,0,0,0,0,0,0,0,0,9,62,6,0,4,1
1oxp,A,95,PHE,2.8,189.9,0.0,0,0,H,0.1116751269035533,-67.1,-47.2,17.0,15.0,0.53125,2.3449664857002745,25,26,27,-1,0.04755997322863279,1,0,0,0,0,0,0,0,0,17,18,4,0,0,1
1oxp,A,96,LYS,-3.9,168.6,1.0,2,0,H,0.6390243902439025,-54.9,-42.7,5.0,12.0,0.29411764705882354,1.9386249806849112,14,6,24,-18,0.028909003335051305,1,0,0,0,0,0,0,0,0,17,18,4,0,0,1
1oxp,A,97,SER,-0.8,89.0,0.0,1,1,H,0.38461538461538464,-83.5,-18.1,13.0,6.0,0.6842105263157895,1.8339562091639146,19,24,19,5,0.02797645484037223,1,0,0,0,0,0,0,0,0,9,62,6,0,4,1
1oxp,A,98,GLY,-0.4,60.1,0.0,0,0,T,0.3333333333333333,74.5,25.2,4.0,23.0,0.14814814814814814,1.8072300410721782,24,30,27,3,0.030307826077069916,0,0,0,0,0,1,0,0,0,9,62,6,0,4,1
1oxp,A,99,ARG,-4.5,173.4,1.0,5,0,-,0.0967741935483871,-90.2,34.4,12.0,17.0,0.41379310344827586,2.5602969501423964,27,14,38,-24,0.04755997322863279,0,0,0,0,0,0,0,0,0,22,3,11,0,0,1
1oxp,A,100,TYR,-1.3,193.6,0.0,1,1,E,0.20270270270270271,-125.5,154.6,21.0,17.0,0.5526315789473685,2.2540430004748657,39,26,18,8,0.04662742473395372,0,0,1,0,0,0,0,0,0,9,62,6,0,4,1
1oxp,A,101,VAL,4.2,140.0,0.0,0,0,E,0.04225352112676056,-139.3,122.7,19.0,24.0,0.4418604651162791,2.549677200727339,38,21,19,2,0.045694876239274644,0,0,1,0,0,0,0,0,0,9,62,6,0,4,1
1oxp,A,102,THR,-0.7,116.1,0.0,1,1,E,0.04225352112676056,-123.8,125.9,22.0,23.0,0.4888888888888889,2.2229694485074876,40,9,14,-5,0.045694876239274644,0,0,1,0,0,0,0,0,0,-1,0,0,0,0,0
1oxp,A,103,VAL,4.2,140.0,0.0,0,0,E,0.0,-118.8,132.0,27.0,24.0,0.5294117647058824,4.351148761247326,42,10,9,1,0.04709369898129325,0,0,1,0,0,0,0,0,0,-1,0,0,0,0,0
1oxp,A,104,GLN,-3.5,143.8,0.0,2,2,E,0.0,-67.2,138.8,24.0,27.0,0.47058823529411764,5.476137231345394,43,7,5,2,0.04942507021799094,0,0,1,0,0,0,0,0,0,-1,0,0,0,0,0
1oxp,A,105,GLY,-0.4,60.1,0.0,0,0,E,0.011904761904761904,-133.9,177.1,24.0,24.0,0.5,4.781252696847879,43,15,2,13,0.05175644145468863,0,0,1,0,0,0,0,0,0,-1,0,0,0,0,0
1oxp,A,106,ILE,4.5,166.7,0.0,0,0,S,0.27218934911242604,-83.2,68.3,10.0,29.0,0.2564102564102564,2.2798759964661173,30,16,4,12,0.04289723075523742,0,0,0,0,0,0,1,0,0,21,2,21,0,0,1
1oxp,A,107,SER,-0.8,89.0,0.0,1,1,H,0.007692307692307693,66.4,-169.7,14.0,26.0,0.35,2.770728989941512,37,18,6,12,0.045228601991935104,1,0,0,0,0,0,0,0,0,-1,0,0,0,0,0
1oxp,A,108,GLY,-0.4,60.1,0.0,0,0,H,0.05952380952380952,-55.6,-49.4,17.0,23.0,0.425,1.957435085813904,36,24,8,16,0.048492521723311866,1,0,0,0,0,0,0,0,0,21,2,21,0,0,1
1oxp,A,109,THR,-0.7,116.1,0.0,1,1,H,0.34507042253521125,-52.7,-53.5,9.0,27.0,0.25,2.048391166059,32,31,4,27,0.03683566553982344,1,0,0,0,0,0,0,0,0,21,2,21,0,0,1
1oxp,A,110,GLY,-0.4,60.1,0.0,0,0,H,0.17857142857142858,-62.8,-43.2,17.0,20.0,0.4594594594594595,1.9700664362700575,33,21,1,20,0.03963331102386066,1,0,0,0,0,0,0,0,0,21,2,21,0,0,1
1oxp,A,111,SER,-0.8,89.0,0.0,1,1,H,0.0,-57.5,-45.4,24.0,17.0,0.5853658536585366,4.582529697180143,42,12,7,5,0.05035761871267001,1,0,0,0,0,0,0,0,0,-1,0,0,0,0,0
1oxp,A,112,LEU,3.8,166.7,0.0,0,0,H,0.006097560975609756,-50.8,-46.2,20.0,21.0,0.4878048780487805,4.020934572001175,42,21,8,13,0.050823892960009553,1,0,0,0,0,0,0,0,0,21,2,21,0,0,1
1oxp,A,113,ARG,-4.5,173.4,1.0,5,0,H,0.32661290322580644,-76.5,-40.2,14.0,24.0,0.3684210526315789,2.3504765498747218,32,8,8,0,0.04243095650789788,1,0,0,0,0,0,0,0,0,-1,0,0,0,0,0
1oxp,A,114,VAL,4.2,140.0,0.0,0,0,H,0.007042253521126761,-60.4,-34.6,30.0,14.0,0.6818181818181818,3.495304563923059,39,17,0,17,0.04616115048661418,1,0,0,0,0,0,0,0,0,-1,0,0,0,0,0
1oxp,A,115,GLY,-0.4,60.1,0.0,0,0,H,0.0,-66.2,-50.8,29.0,19.0,0.6041666666666666,5.438985852986793,39,15,0,15,0.05175644145468863,1,0,0,0,0,0,0,0,0,-1,0,0,0,0,0
1oxp,A,116,ALA,1.8,88.6,0.0,0,0,H,0.0,-61.7,-34.8,22.0,22.0,0.5,4.979633722608169,38,26,5,21,0.050823892960009553,1,0,0,0,0,0,0,0,0,-1,0,0,0,0,0
1oxp,A,117,ASN,-3.5,114.1,0.0,2,2,H,0.18471337579617833,-81.7,-28.2,13.0,15.0,0.4642857142857143,2.0544821139221146,30,29,5,24,0.04616115048661418,1,0,0,0,0,0,0,0,0,-1,0,0,0,0,0
1oxp,A,118,PHE,2.8,189.9,0.0,0,0,H,0.08629441624365482,-65.6,-50.7,19.0,13.0,0.59375,2.814995144825348,36,20,4,16,0.04709369898129325,1,0,0,0,0,0,0,0,0,0,5968,7,0,590,1
1oxp,A,119,LEU,3.8,166.7,0.0,0,0,H,0.03048780487804878,-58.4,-44.1,24.0,11.0,0.6857142857142857,2.853335780315867,35,28,4,24,0.045228601991935104,1,0,0,0,0,0,0,0,0,0,5968,7,0,590,1
1oxp,A,120,GLN,-3.5,143.8,0.0,2,2,H,0.35353535353535354,-54.6,-43.6,15.0,11.0,0.5769230769230769,2.1571871901603736,26,31,4,27,0.043829779249916496,1,0,0,0,0,0,0,0,0,0,5968,7,0,590,1
1oxp,A,121,ARG,-4.5,173.4,1.0,5,0,H,0.5040322580645161,-82.0,-55.1,9.0,12.0,0.42857142857142855,1.8849271953219813,20,7,0,7,0.03403802005578621,1,0,0,0,0,0,0,0,0,0,5968,7,0,590,1
1oxp,A,122,PHE,2.8,189.9,0.0,0,0,H,0.4213197969543147,-102.1,-12.2,8.0,11.0,0.42105263157894735,1.9186531666610778,21,26,1,25,0.03124037457174899,1,0,0,0,0,0,0,0,0,0,5968,7,0,590,1
1oxp,A,123,PHE,2.8,189.9,0.0,0,0,-,0.1116751269035533,-79.1,84.3,18.0,5.0,0.782608695652174,2.2406542671320095,26,34,7,27,0.03823448828184205,0,0,0,0,0,0,0,0,0,0,5968,7,0,590,1
1oxp,A,124,LYS,-3.9,168.6,1.0,2,0,T,0.8878048780487805,-70.2,-11.7,0.0,15.0,0.0,1.8969445848648274,10,18,0,18,0.02611135785101408,0,0,0,0,0,1,0,0,0,0,5968,7,0,590,1
1oxp,A,125,PHE,2.8,189.9,0.0,0,0,T,0.5329949238578681,-86.5,-20.1,8.0,11.0,0.42105263157894735,1.9408315050305347,16,28,8,20,0.02844272908771177,0,0,0,0,0,1,0,0,0,-1,0,0,0,0,0
1oxp,A,126,SER,-0.8,89.0,0.0,1,1,-,0.17692307692307693,-167.9,161.1,15.0,10.0,0.6,1.789358517601717,24,27,13,14,0.034970568550465285,0,0,0,0,0,0,0,0,0,0,5968,7,0,590,1
1oxp,A,129,ARG,-4.5,173.4,1.0,5,0,S,0.3870967741935484,-111.3,7.4,6.0,22.0,0.21428571428571427,2.0396286559348735,24,13,8,5,0.03683566553982344,0,0,0,0,0,0,1,0,0,0,5968,7,0,590,1
1oxp,A,130,ASP,-3.5,111.1,-1.0,1,3,E,0.24539877300613497,-99.8,126.0,11.0,20.0,0.3548387096774194,2.7357750305620723,24,16,3,13,0.045228601991935104,0,0,1,0,0,0,0,0,0,-1,0,0,0,0,0
1oxp,A,133,VAL,4.2,140.0,0.0,0,0,E,0.0,-124.3,115.7,20.0,18.0,0.5263157894736842,5.464735357495969,32,22,8,14,0.05175644145468863,0,0,1,0,0,0,0,0,0,-1,0,0,0,0,0
1oxp,A,134,TYR,-1.3,193.6,0.0,1,1,E,0.13063063063063063,-91.7,121.1,19.0,20.0,0.48717948717948717,3.473549780133744,29,16,17,-1,0.048492521723311866,0,0,1,0,0,0,0,0,0,-1,0,0,0,0,0
1oxp,A,135,LEU,3.8,166.7,0.0,0,0,E,0.06097560975609756,-116.0,141.6,16.0,22.0,0.42105263157894735,2.408791881819162,31,33,6,27,0.04942507021799094,0,0,1,0,0,0,0,0,0,25,0,12,0,0,1
1oxp,A,136,PRO,-1.6,112.7,0.0,0,0,E,0.03676470588235294,-62.7,163.0,22.0,17.0,0.5641025641025641,3.169422597637087,33,42,4,38,0.048492521723311866,0,0,1,0,0,0,0,0,0,-1,0,0,0,0,0
1oxp,A,137,LYS,-3.9,168.6,1.0,2,0,E,0.5756097560975609,-121.0,102.7,12.0,20.0,0.375,1.9798979317843743,24,14,13,1,0.03870076252918159,0,0,1,0,0,0,0,0,0,-1,0,0,0,0,0
1oxp,A,138,PRO,-1.6,112.7,0.0,0,0,S,0.2867647058823529,-91.1,167.3,15.0,19.0,0.4411764705882353,2.1966101378686576,27,36,10,26,0.03916703677652112,0,0,0,0,0,0,1,0,0,-1,0,0,0,0,0
1oxp,A,139,SER,-0.8,89.0,0.0,1,1,-,0.2,-126.7,173.4,17.0,14.0,0.5483870967741935,1.9391897959739586,32,40,6,34,0.04476232774459557,0,0,0,0,0,0,0,0,0,-1,0,0,0,0,0
1oxp,A,140,TRP,-0.9,227.8,0.0,1,0,-,0.21145374449339208,-65.8,126.8,16.0,15.0,0.5161290322580645,1.86981253262031,33,31,11,20,0.03870076252918159,0,0,0,0,0,0,0,0,0,25,0,12,0,0,1
1oxp,A,141,GLY,-0.4,60.1,0.0,0,0,T,0.5595238095238095,-41.0,-42.3,11.0,13.0,0.4583333333333333,1.7096356589311035,27,21,11,10,0.034970568550465285,0,0,0,0,0,1,0,0,0,25,0,12,0,0,1
1oxp,A,142,ASN,-3.5,114.1,0.0,2,2,T,0.3057324840764331,-67.7,-18.8,12.0,12.0,0.5,2.0435428469554964,24,23,14,9,0.03403802005578621,0,0,0,0,0,1,0,0,0,25,0,12,0,0,1
1oxp,A,143,HIS,-3.2,153.2,0.1,2,1,H,0.0,-59.3,-48.4,22.0,18.0,0.55,2.662983681574951,32,16,8,8,0.043363505002576956,1,0,0,0,0,0,0,0,0,25,0,12,0,0,1
1oxp,A,144,THR,-0.7,116.1,0.0,1,1,H,0.3591549295774648,-50.0,-66.4,8.0,21.0,0.27586206896551724,2.550614868254313,20,21,7,14,0.03590311704514436,1,0,0,0,0,0,0,0,0,25,0,12,0,0,1
1oxp,A,145,PRO,-1.6,112.7,0.0,0,0,H,0.29411764705882354,-60.3,-33.7,6.0,17.0,0.2608695652173913,2.0895333867944434,20,29,11,18,0.03357174580844668,1,0,0,0,0,0,0,0,0,25,0,12,0,0,1
1oxp,A,146,ILE,4.5,166.7,0.0,0,0,H,0.04142011834319527,-56.9,-51.9,15.0,11.0,0.5769230769230769,2.432562007644982,29,32,9,23,0.045694876239274644,1,0,0,0,0,0,0,0,0,25,0,12,0,0,1
1oxp,A,147,PHE,2.8,189.9,0.0,0,0,H,0.0,-66.4,-37.9,18.0,17.0,0.5142857142857142,5.669874156076798,37,35,13,22,0.0526889899493677,1,0,0,0,0,0,0,0,0,-1,0,0,0,0,0
1oxp,A,148,ARG,-4.5,173.4,1.0,5,0,H,0.5806451612903226,-75.1,-47.5,6.0,15.0,0.2857142857142857,2.0501588911583273,19,11,8,3,0.03870076252918159,1,0,0,0,0,0,0,0,0,25,0,12,0,0,1
1oxp,A,149,ASP,-3.5,111.1,-1.0,1,3,H,0.6871165644171779,-62.5,-31.5,8.0,10.0,0.4444444444444444,1.7424235267317765,15,23,0,23,0.02797645484037223,1,0,0,0,0,0,0,0,0,-1,0,0,0,0,0
1oxp,A,150,ALA,1.8,88.6,0.0,0,0,H,0.11320754716981132,-67.8,-32.0,23.0,2.0,0.92,2.1807826268459563,25,32,8,24,0.03823448828184205,1,0,0,0,0,0,0,0,0,-1,0,0,0,0,0
1oxp,A,151,GLY,-0.4,60.1,0.0,0,0,T,0.5,111.9,9.7,8.0,15.0,0.34782608695652173,1.78549393801614,23,29,11,18,0.03403802005578621,0,0,0,0,0,1,0,0,0,-1,0,0,0,0,0
1oxp,A,152,LEU,3.8,166.7,0.0,0,0,-,0.042682926829268296,-92.4,171.5,28.0,4.0,0.875,3.0696562813968673,30,26,13,13,0.04476232774459557,0,0,0,0,0,0,0,0,0,0,5968,7,0,590,1
1oxp,A,154,GLN,-3.5,143.8,0.0,2,2,E,0.5858585858585859,-94.1,158.3,6.0,19.0,0.24,2.1029967786638317,17,20,9,11,0.035436842797804825,0,0,1,0,0,0,0,0,0,-1,0,0,0,0,0
1oxp,A,155,LEU,3.8,166.7,0.0,0,0,E,0.2621951219512195,-113.4,144.4,13.0,15.0,0.4642857142857143,1.991590681089753,21,22,9,13,0.04103213376587927,0,0,1,0,0,0,0,0,0,25,0,12,0,0,1
1oxp,A,156,GLN,-3.5,143.8,0.0,2,2,E,0.3686868686868687,-141.7,172.2,15.0,13.0,0.5357142857142857,1.8122410685698336,23,10,10,0,0.03450429430312575,0,0,1,0,0,0,0,0,0,-1,0,0,0,0,0
1oxp,A,157,ALA,1.8,88.6,0.0,0,0,E,0.39622641509433965,-139.8,149.7,10.0,19.0,0.3448275862068966,1.8679621004919877,26,20,14,6,0.03730193978716297,0,0,1,0,0,0,0,0,0,-1,0,0,0,0,0
1oxp,A,158,TYR,-1.3,193.6,0.0,1,1,E,0.018018018018018018,-123.2,138.3,19.0,11.0,0.6333333333333333,4.345020224481469,33,29,20,9,0.04476232774459557,0,0,1,0,0,0,0,0,0,-1,0,0,0,0,0
1oxp,A,159,ARG,-4.5,173.4,1.0,5,0,E,0.3588709677419355,-62.0,133.5,15.0,13.0,0.5357142857142857,2.047458525930752,25,12,31,-19,0.04149840801321881,0,0,1,0,0,0,0,0,0,-1,0,0,0,0,0
1oxp,A,160,TYR,-1.3,193.6,0.0,1,1,-,0.07207207207207207,-125.5,-69.0,19.0,16.0,0.5428571428571428,4.390532924530041,37,36,23,13,0.05222271570202816,0,0,0,0,0,0,0,0,0,-1,0,0,0,0,0
1oxp,A,161,TYR,-1.3,193.6,0.0,1,1,E,0.14414414414414414,-88.2,156.2,17.0,15.0,0.53125,2.314133675360882,29,31,18,13,0.04709369898129325,0,0,1,0,0,0,0,0,0,15,24,5,0,1,1
1oxp,A,162,ASP,-3.5,111.1,-1.0,1,3,E,0.1411042944785276,-134.7,110.2,10.0,11.0,0.47619047619047616,2.2296353368495225,20,20,8,12,0.03823448828184205,0,0,1,0,0,0,0,0,0,15,24,5,0,1,1
1oxp,A,163,PRO,-1.6,112.7,0.0,0,0,T,0.6470588235294118,-76.3,-18.8,9.0,12.0,0.42857142857142855,1.9874032906239234,18,17,14,3,0.027510180593032695,0,0,0,0,0,1,0,0,0,15,24,5,0,1,1
1oxp,A,164,LYS,-3.9,168.6,1.0,2,0,T,0.8536585365853658,-65.6,-52.4,1.0,9.0,0.1,1.8995466728010892,8,0,14,-14,0.02098234113027917,0,0,0,0,0,1,0,0,0,15,24,5,0,1,1
1oxp,A,165,THR,-0.7,116.1,0.0,1,1,T,0.6267605633802817,-96.7,-4.8,7.0,8.0,0.4666666666666667,1.836171742730541,16,16,17,-1,0.022847438119637322,0,0,0,0,0,1,0,0,0,15,24,5,0,1,1
1oxp,A,166,CYS,2.5,108.5,0.0,1,0,T,0.2962962962962963,66.0,43.1,13.0,13.0,0.5,1.996888857163344,23,18,19,-1,0.03683566553982344,0,0,0,0,0,1,0,0,0,15,24,5,0,1,1
1oxp,A,167,SER,-0.8,89.0,0.0,1,1,E,0.36153846153846153,-163.2,-178.7,11.0,23.0,0.3235294117647059,2.3253153002484734,26,23,26,-3,0.03916703677652112,0,0,1,0,0,0,0,0,0,-1,0,0,0,0,0
1oxp,A,168,LEU,3.8,166.7,0.0,0,0,E,0.1402439024390244,-48.6,124.9,13.0,17.0,0.43333333333333335,2.1056536523312,29,23,23,0,0.045228601991935104,0,0,1,0,0,0,0,0,0,4,284,7,0,30,1
1oxp,A,169,ASP,-3.5,111.1,-1.0,1,3,-,0.24539877300613497,-91.1,76.4,16.0,12.0,0.5714285714285714,1.9907144883968415,24,22,22,0,0.04149840801321881,0,0,0,0,0,0,0,0,0,4,284,7,0,30,1
1oxp,A,170,PHE,2.8,189.9,0.0,0,0,H,0.233502538071066,-59.5,-39.8,11.0,17.0,0.39285714285714285,2.307209456834114,25,17,31,-14,0.03357174580844668,1,0,0,0,0,0,0,0,0,4,284,7,0,30,1
1oxp,A,171,THR,-0.7,116.1,0.0,1,1,H,0.7605633802816901,-68.3,-35.3,1.0,19.0,0.05,1.8335851365029217,15,11,27,-16,0.027510180593032695,1,0,0,0,0,0,0,0,0,4,284,7,0,30,1
1oxp,A,172,GLY,-0.4,60.1,0.0,0,0,H,0.011904761904761904,-75.0,-34.1,11.0,9.0,0.55,2.7102338035069646,21,20,30,-10,0.03403802005578621,1,0,0,0,0,0,0,0,0,-1,0,0,0,0,0
1oxp,A,173,ALA,1.8,88.6,0.0,0,0,H,0.04716981132075472,-68.3,-46.2,19.0,13.0,0.59375,4.792343046201269,28,23,28,-5,0.048958795970651406,1,0,0,0,0,0,0,0,0,4,284,7,0,30,1
1oxp,A,174,MET,1.9,162.9,0.0,0,0,H,0.20212765957446807,-63.1,-35.7,12.0,14.0,0.46153846153846156,2.151785696144778,29,20,35,-15,0.040565859518539735,1,0,0,0,0,0,0,0,0,-1,0,0,0,0,0
1oxp,A,175,GLU,-3.5,138.4,-1.0,1,3,H,0.4690721649484536,-69.6,-47.3,9.0,10.0,0.47368421052631576,1.8151485635109315,15,20,15,5,0.03450429430312575,1,0,0,0,0,0,0,0,0,-1,0,0,0,0,0
1oxp,A,176,ASP,-3.5,111.1,-1.0,1,3,H,0.17791411042944785,-70.0,-51.2,15.0,11.0,0.5769230769230769,1.9192082182159564,26,28,15,13,0.040565859518539735,1,0,0,0,0,0,0,0,0,-1,0,0,0,0,0
1oxp,A,177,ILE,4.5,166.7,0.0,0,0,H,0.005917159763313609,-53.4,-48.8,24.0,14.0,0.631578947368421,4.306374145018616,34,33,20,13,0.048026247475972325,1,0,0,0,0,0,0,0,0,20,13,5,0,0,1
1oxp,A,178,SER,-0.8,89.0,0.0,1,1,H,0.4,-57.5,-22.0,7.0,20.0,0.25925925925925924,2.135834496900817,25,30,20,10,0.03683566553982344,1,0,0,0,0,0,0,0,0,20,13,5,0,0,1
1oxp,A,179,LYS,-3.9,168.6,1.0,2,0,T,0.624390243902439,-102.3,0.4,7.0,15.0,0.3181818181818182,1.9638782985310879,19,10,18,-8,0.030774100324409453,0,0,0,0,0,1,0,0,0,20,13,5,0,0,1
1oxp,A,180,ILE,4.5,166.7,0.0,0,0,S,0.01775147928994083,-66.6,132.5,25.0,5.0,0.8333333333333334,2.49996707309212,28,28,26,2,0.03963331102386066,0,0,0,0,0,0,1,0,0,20,13,5,0,0,1
1oxp,A,181,PRO,-1.6,112.7,0.0,0,0,-,0.47794117647058826,-60.8,133.5,9.0,15.0,0.375,2.0771869137020493,24,29,20,9,0.03310547156110714,0,0,0,0,0,0,0,0,0,20,13,5,0,0,1
1oxp,A,182,GLU,-3.5,138.4,-1.0,1,3,T,0.5824742268041238,-41.1,141.6,1.0,20.0,0.047619047619047616,1.8036802133184955,19,35,0,35,0.03450429430312575,0,0,0,0,0,1,0,0,0,20,13,5,0,0,1
1oxp,A,183,LYS,-3.9,168.6,1.0,2,0,T,0.3902439024390244,65.5,16.6,5.0,18.0,0.21739130434782608,2.172884277693798,20,22,11,11,0.04196468226055834,0,0,0,0,0,1,0,0,0,-1,0,0,0,0,0
1oxp,A,184,SER,-0.8,89.0,0.0,1,1,-,0.015384615384615385,-85.4,-176.7,19.0,14.0,0.5757575757575758,2.388434919317218,28,28,16,12,0.05035761871267001,0,0,0,0,0,0,0,0,0,-1,0,0,0,0,0
1oxp,A,185,ILE,4.5,166.7,0.0,0,0,E,0.0,-109.3,141.0,21.0,20.0,0.5121951219512195,5.43146863004977,36,16,13,3,0.05129016720734909,0,0,1,0,0,0,0,0,0,0,5968,7,0,590,1
1oxp,A,186,ILE,4.5,166.7,0.0,0,0,E,0.0,-136.1,125.6,21.0,24.0,0.4666666666666667,6.808201295962526,38,10,7,3,0.05175644145468863,0,0,1,0,0,0,0,0,0,-1,0,0,0,0,0
1oxp,A,187,LEU,3.8,166.7,0.0,0,0,E,0.0,-91.7,122.0,22.0,18.0,0.55,6.325648310687814,37,25,10,15,0.053155264196707235,0,0,1,0,0,0,0,0,0,-1,0,0,0,0,0
1oxp,A,188,LEU,3.8,166.7,0.0,0,0,E,0.024390243902439025,-121.3,140.7,23.0,22.0,0.5111111111111111,6.517562814917453,36,22,9,13,0.048492521723311866,0,0,1,0,0,0,0,0,0,-1,0,0,0,0,0
1oxp,A,189,HIS,-3.2,153.2,0.1,2,1,E,0.07065217391304347,-93.6,132.1,22.0,21.0,0.5116279069767442,2.6810647934119305,36,17,15,2,0.04942507021799094,0,0,1,0,0,0,0,0,0,-1,0,0,0,0,0
1oxp,A,190,ALA,1.8,88.6,0.0,0,0,S,0.02830188679245283,-55.0,-42.5,26.0,18.0,0.5909090909090909,2.415344574324756,40,22,24,-2,0.05129016720734909,0,0,0,0,0,0,1,0,0,-1,0,0,0,0,0
1oxp,A,191,CYS,2.5,108.5,0.0,1,0,S,0.06666666666666667,-175.3,157.9,19.0,21.0,0.475,2.2198596891548257,37,24,26,-2,0.04942507021799094,0,0,0,0,0,0,1,0,0,-1,0,0,0,0,0
1oxp,A,192,ALA,1.8,88.6,0.0,0,0,S,0.02830188679245283,59.1,68.3,19.0,20.0,0.48717948717948717,2.8198519618900364,32,25,22,3,0.048958795970651406,0,0,0,0,0,0,1,0,0,-1,0,0,0,0,0
1oxp,A,193,HIS,-3.2,153.2,0.1,2,1,-,0.010869565217391304,-62.5,135.8,18.0,23.0,0.43902439024390244,4.121614054099789,36,21,13,8,0.04989134446533048,0,0,0,0,0,0,0,0,0,-1,0,0,0,0,0
1oxp,A,194,ASN,-3.5,114.1,0.0,2,2,T,0.044585987261146494,-106.6,114.2,15.0,26.0,0.36585365853658536,2.568506496472766,38,40,13,27,0.048958795970651406,0,0,0,0,0,1,0,0,0,19,3,19,0,0,1
1oxp,A,195,PRO,-1.6,112.7,0.0,0,0,T,0.014705882352941176,-93.5,-4.6,21.0,20.0,0.5121951219512195,2.9014091221533875,34,33,9,24,0.04755997322863279,0,0,0,0,0,1,0,0,0,-1,0,0,0,0,0
1oxp,A,196,THR,-0.7,116.1,0.0,1,1,T,0.0,-73.2,-28.1,19.0,21.0,0.475,4.5839549843662155,39,38,20,18,0.05175644145468863,0,0,0,0,0,1,0,0,0,-1,0,0,0,0,0
1oxp,A,197,GLY,-0.4,60.1,0.0,0,0,-,0.023809523809523808,73.9,3.4,18.0,22.0,0.45,2.9314997198353456,35,29,14,15,0.05129016720734909,0,0,0,0,0,0,0,0,0,-1,0,0,0,0,0
1oxp,A,198,VAL,4.2,140.0,0.0,0,0,-,0.13380281690140844,-99.2,125.3,18.0,20.0,0.47368421052631576,2.4257434185294686,35,30,23,7,0.045694876239274644,0,0,0,0,0,0,0,0,0,-1,0,0,0,0,0
1oxp,A,199,ASP,-3.5,111.1,-1.0,1,3,-,0.2147239263803681,-122.5,151.1,18.0,17.0,0.5142857142857142,1.9776109588301336,31,29,7,22,0.043363505002576956,0,0,0,0,0,0,0,0,0,-1,0,0,0,0,0
1oxp,A,200,PRO,-1.6,112.7,0.0,0,0,-,0.08823529411764706,-51.8,157.6,20.0,14.0,0.5882352941176471,2.8746870342829296,35,26,25,1,0.04149840801321881,0,0,0,0,0,0,0,0,0,4,284,7,0,30,1
1oxp,A,201,ARG,-4.5,173.4,1.0,5,0,-,0.6088709677419355,-93.8,143.4,5.0,16.0,0.23809523809523808,2.0475604305007264,16,6,18,-12,0.03310547156110714,0,0,0,0,0,0,0,0,0,4,284,7,0,30,1
1oxp,A,202,GLN,-3.5,143.8,0.0,2,2,H,0.35858585858585856,-24.1,-47.7,1.0,20.0,0.047619047619047616,2.1760343532425592,15,38,16,22,0.040099585271200194,1,0,0,0,0,0,0,0,0,10,116,2,0,4,1
1oxp,A,203,GLU,-3.5,138.4,-1.0,1,3,H,0.5463917525773195,-60.9,-46.3,2.0,13.0,0.13333333333333333,1.831661308181643,13,25,10,15,0.034970568550465285,1,0,0,0,0,0,0,0,0,-1,0,0,0,0,0
1oxp,A,204,GLN,-3.5,143.8,0.0,2,2,H,0.09595959595959595,-70.7,-43.2,9.0,11.0,0.45,2.242945093512533,23,22,27,-5,0.045228601991935104,1,0,0,0,0,0,0,0,0,4,284,7,0,30,1
1oxp,A,205,TRP,-0.9,227.8,0.0,1,0,H,0.07048458149779736,-60.4,-47.1,16.0,13.0,0.5517241379310345,3.587748227051914,34,33,24,9,0.04942507021799094,1,0,0,0,0,0,0,0,0,-1,0,0,0,0,0
1oxp,A,206,LYS,-3.9,168.6,1.0,2,0,H,0.40487804878048783,-55.2,-31.4,2.0,21.0,0.08695652173913043,2.1474846927355973,20,15,21,-6,0.04429605349725603,1,0,0,0,0,0,0,0,0,10,116,2,0,4,1
1oxp,A,207,GLU,-3.5,138.4,-1.0,1,3,H,0.4896907216494845,-77.3,-33.4,12.0,13.0,0.48,2.019825353220798,21,23,7,16,0.035436842797804825,1,0,0,0,0,0,0,0,0,-1,0,0,0,0,0
1oxp,A,208,LEU,3.8,166.7,0.0,0,0,H,0.042682926829268296,-65.1,-51.2,17.0,18.0,0.4857142857142857,5.36935449528304,37,23,16,7,0.045694876239274644,1,0,0,0,0,0,0,0,0,-1,0,0,0,0,0
1oxp,A,209,ALA,1.8,88.6,0.0,0,0,H,0.009433962264150943,-45.4,-58.4,17.0,18.0,0.4857142857142857,2.414197338619528,33,39,13,26,0.04709369898129325,1,0,0,0,0,0,0,0,0,-1,0,0,0,0,0
1oxp,A,210,SER,-0.8,89.0,0.0,1,1,H,0.4153846153846154,-52.3,-53.8,8.0,17.0,0.32,1.8031963149386305,23,37,11,26,0.03683566553982344,1,0,0,0,0,0,0,0,0,-1,0,0,0,0,0
1oxp,A,211,VAL,4.2,140.0,0.0,0,0,H,0.09154929577464789,-66.2,-35.0,14.0,15.0,0.4827586206896552,2.6736915993436874,26,34,17,17,0.04103213376587927,1,0,0,0,0,0,0,0,0,-1,0,0,0,0,0
1oxp,A,212,VAL,4.2,140.0,0.0,0,0,H,0.007042253521126761,-65.9,-49.1,20.0,18.0,0.5263157894736842,3.228656111717971,36,35,12,23,0.045694876239274644,1,0,0,0,0,0,0,0,0,-1,0,0,0,0,0
1oxp,A,213,LYS,-3.9,168.6,1.0,2,0,H,0.526829268292683,-59.4,-51.6,12.0,18.0,0.4,1.9779057154154371,22,19,13,6,0.03823448828184205,1,0,0,0,0,0,0,0,0,-1,0,0,0,0,0
1oxp,A,214,LYS,-3.9,168.6,1.0,2,0,H,0.7268292682926829,-55.8,-41.8,9.0,13.0,0.4090909090909091,1.9721556559213562,18,23,11,12,0.03170664881908853,1,0,0,0,0,0,0,0,0,-1,0,0,0,0,0
1oxp,A,215,ARG,-4.5,173.4,1.0,5,0,H,0.2620967741935484,-86.6,-8.7,18.0,5.0,0.782608695652174,2.386891874535852,22,31,12,19,0.04243095650789788,1,0,0,0,0,0,0,0,0,20,13,5,0,0,1
1oxp,A,216,ASN,-3.5,114.1,0.0,2,2,T,0.5222929936305732,54.1,65.4,3.0,23.0,0.11538461538461539,1.8349995232967822,22,36,12,24,0.03776821403450251,0,0,0,0,0,1,0,0,0,-1,0,0,0,0,0
1oxp,A,217,LEU,3.8,166.7,0.0,0,0,-,0.06097560975609756,-105.7,150.1,24.0,12.0,0.6666666666666666,3.2184010341166474,34,36,15,21,0.048958795970651406,0,0,0,0,0,0,0,0,0,20,13,5,0,0,1
1oxp,A,218,LEU,3.8,166.7,0.0,0,0,E,0.23780487804878048,-89.9,111.0,17.0,23.0,0.425,2.3973454576994855,35,12,13,-1,0.04429605349725603,0,0,1,0,0,0,0,0,0,-1,0,0,0,0,0
1oxp,A,219,ALA,1.8,88.6,0.0,0,0,E,0.0,-82.0,123.3,24.0,19.0,0.5581395348837209,3.2202383429929986,37,6,9,-3,0.048492521723311866,0,0,1,0,0,0,0,0,0,-1,0,0,0,0,0
1oxp,A,220,TYR,-1.3,193.6,0.0,1,1,E,0.0,-117.9,108.4,18.0,22.0,0.45,6.5152189426917495,40,17,10,7,0.048958795970651406,0,0,1,0,0,0,0,0,0,-1,0,0,0,0,0
1oxp,A,221,PHE,2.8,189.9,0.0,0,0,E,0.0,-99.5,126.9,24.0,21.0,0.5333333333333333,6.153311440052399,38,15,12,3,0.04755997322863279,0,0,1,0,0,0,0,0,0,-1,0,0,0,0,0
1oxp,A,222,ASP,-3.5,111.1,-1.0,1,3,E,0.07975460122699386,-102.1,101.3,19.0,26.0,0.4222222222222222,2.0429806344525057,39,26,0,26,0.048958795970651406,0,0,1,0,0,0,0,0,0,-1,0,0,0,0,0
1oxp,A,223,MET,1.9,162.9,0.0,0,0,E,0.02127659574468085,-115.3,87.6,25.0,23.0,0.5208333333333334,3.3487794979324153,39,11,16,-5,0.045694876239274644,0,0,1,0,0,0,0,0,0,-1,0,0,0,0,0
1oxp,A,224,ALA,1.8,88.6,0.0,0,0,S,0.14150943396226415,-103.7,-20.0,19.0,26.0,0.4222222222222222,2.4868229001352185,40,24,12,12,0.04289723075523742,0,0,0,0,0,0,1,0,0,19,3,19,0,0,1
1oxp,A,225,TYR,-1.3,193.6,0.0,1,1,-,0.06306306306306306,-114.5,31.1,20.0,25.0,0.4444444444444444,2.7639506305626043,38,24,17,7,0.04662742473395372,0,0,0,0,0,0,0,0,0,19,3,19,0,0,1
1oxp,A,226,GLN,-3.5,143.8,0.0,2,2,T,0.020202020202020204,-66.4,115.2,23.0,21.0,0.5227272727272727,4.36257131803604,39,17,19,-2,0.04755997322863279,0,0,0,0,0,1,0,0,0,-1,0,0,0,0,0
1oxp,A,227,GLY,-0.4,60.1,0.0,0,0,T,0.0,105.3,7.7,16.0,22.0,0.42105263157894735,4.765317259585231,35,22,21,1,0.05035761871267001,0,0,0,0,0,1,0,0,0,-1,0,0,0,0,0
1oxp,A,228,PHE,2.8,189.9,0.0,0,0,S,0.025380710659898477,-105.1,-15.7,27.0,20.0,0.574468085106383,3.4497575412858286,42,22,17,5,0.05175644145468863,0,0,0,0,0,0,1,0,0,-1,0,0,0,0,0
1oxp,A,229,ALA,1.8,88.6,0.0,0,0,S,0.20754716981132076,-87.6,-40.0,21.0,19.0,0.525,2.067962702676581,35,20,28,-8,0.04103213376587927,0,0,0,0,0,0,1,0,0,-1,0,0,0,0,0
1oxp,A,230,SER,-0.8,89.0,0.0,1,1,S,0.36923076923076925,-126.0,-9.2,9.0,22.0,0.2903225806451613,2.026489821822949,24,20,24,-4,0.03450429430312575,0,0,0,0,0,0,1,0,0,14,24,7,0,1,1
1oxp,A,231,GLY,-0.4,60.1,0.0,0,0,S,0.023809523809523808,94.2,-3.6,10.0,21.0,0.3225806451612903,2.035966002234295,28,19,27,-8,0.04243095650789788,0,0,0,0,0,0,1,0,0,14,24,7,0,1,1
1oxp,A,232,ASP,-3.5,111.1,-1.0,1,3,-,0.4723926380368098,-127.7,117.0,4.0,23.0,0.14814814814814814,2.1020622824030215,22,23,8,15,0.03963331102386066,0,0,0,0,0,0,0,0,0,14,24,7,0,1,1
1oxp,A,233,ILE,4.5,166.7,0.0,0,0,H,0.03550295857988166,-60.8,-38.3,15.0,19.0,0.4411764705882353,2.474280324583538,30,26,18,8,0.045228601991935104,1,0,0,0,0,0,0,0,0,14,24,7,0,1,1
1oxp,A,234,ASN,-3.5,114.1,0.0,2,2,H,0.5796178343949044,-72.7,-38.0,3.0,24.0,0.1111111111111111,1.8274065221251243,24,22,20,2,0.03403802005578621,1,0,0,0,0,0,0,0,0,14,24,7,0,1,1
1oxp,A,235,ARG,-4.5,173.4,1.0,5,0,H,0.657258064516129,-63.8,-40.7,7.0,17.0,0.2916666666666667,1.842700866099044,22,6,17,-11,0.034970568550465285,1,0,0,0,0,0,0,0,0,14,24,7,0,1,1
1oxp,A,236,ASP,-3.5,111.1,-1.0,1,3,H,0.05521472392638037,-61.4,-34.8,21.0,16.0,0.5675675675675675,2.2052847290804385,34,21,12,9,0.04755997322863279,1,0,0,0,0,0,0,0,0,14,24,7,0,1,1
1oxp,A,237,ALA,1.8,88.6,0.0,0,0,T,0.0,-85.0,1.7,14.0,23.0,0.3783783783783784,2.995780470592019,33,27,18,9,0.04709369898129325,0,0,0,0,0,1,0,0,0,-1,0,0,0,0,0
1oxp,A,238,TRP,-0.9,227.8,0.0,1,0,H,0.32599118942731276,-48.4,-65.4,11.0,20.0,0.3548387096774194,2.0761590371056116,25,45,17,28,0.03916703677652112,1,0,0,0,0,0,0,0,0,10,116,2,0,4,1
1oxp,A,239,ALA,1.8,88.6,0.0,0,0,H,0.03773584905660377,-50.6,-45.5,22.0,16.0,0.5789473684210527,2.8597377147759664,34,44,19,25,0.048958795970651406,1,0,0,0,0,0,0,0,0,10,116,2,0,4,1
1oxp,A,240,LEU,3.8,166.7,0.0,0,0,H,0.006097560975609756,-56.9,-62.8,25.0,18.0,0.5813953488372093,4.748984382469275,42,26,19,7,0.04755997322863279,1,0,0,0,0,0,0,0,0,-1,0,0,0,0,0
1oxp,A,241,ARG,-4.5,173.4,1.0,5,0,H,0.17338709677419356,-61.7,-34.7,18.0,22.0,0.45,2.1360759362192914,33,13,21,-8,0.04289723075523742,1,0,0,0,0,0,0,0,0,-1,0,0,0,0,0
1oxp,A,242,HIS,-3.2,153.2,0.1,2,1,H,0.07065217391304347,-59.0,-39.1,16.0,16.0,0.5,2.327236607556127,23,18,16,2,0.04243095650789788,1,0,0,0,0,0,0,0,0,-1,0,0,0,0,0
1oxp,A,243,PHE,2.8,189.9,0.0,0,0,H,0.0,-62.4,-52.1,23.0,13.0,0.6388888888888888,5.080015423904891,35,31,19,12,0.05035761871267001,1,0,0,0,0,0,0,0,0,-1,0,0,0,0,0
1oxp,A,244,ILE,4.5,166.7,0.0,0,0,H,0.0650887573964497,-59.4,-44.5,23.0,14.0,0.6216216216216216,2.536381668297776,32,28,26,2,0.045694876239274644,1,0,0,0,0,0,0,0,0,-1,0,0,0,0,0
1oxp,A,245,GLU,-3.5,138.4,-1.0,1,3,T,0.7731958762886598,-75.4,-7.3,12.0,12.0,0.5,1.7665748636655298,21,23,9,14,0.03124037457174899,0,0,0,0,0,1,0,0,0,-1,0,0,0,0,0
1oxp,A,246,GLN,-3.5,143.8,0.0,2,2,T,0.4444444444444444,-94.4,0.9,17.0,6.0,0.7391304347826086,1.848511646739387,22,33,13,20,0.03170664881908853,0,0,0,0,0,1,0,0,0,-1,0,0,0,0,0
1oxp,A,247,GLY,-0.4,60.1,0.0,0,0,T,0.4642857142857143,95.5,12.4,5.0,19.0,0.20833333333333334,1.779323743339566,24,26,20,6,0.027510180593032695,0,0,0,0,0,1,0,0,0,-1,0,0,0,0,0
1oxp,A,248,ILE,4.5,166.7,0.0,0,0,-,0.05325443786982249,-91.7,121.8,22.0,9.0,0.7096774193548387,2.448764607703382,30,29,14,15,0.040099585271200194,0,0,0,0,0,0,0,0,0,22,3,11,0,0,1
1oxp,A,249,ASP,-3.5,111.1,-1.0,1,3,-,0.3312883435582822,-94.3,109.8,10.0,23.0,0.30303030303030304,1.7143812316913487,29,23,9,14,0.03730193978716297,0,0,0,0,0,0,0,0,0,22,3,11,0,0,1
1oxp,A,250,VAL,4.2,140.0,0.0,0,0,-,0.014084507042253521,-100.8,-179.3,26.0,17.0,0.6046511627906976,2.8790886110980405,35,12,10,2,0.04616115048661418,0,0,0,0,0,0,0,0,0,22,3,11,0,0,1
1oxp,A,251,VAL,4.2,140.0,0.0,0,0,E,0.028169014084507043,-133.0,144.6,17.0,27.0,0.38636363636363635,3.471358652823908,40,0,12,-12,0.04709369898129325,0,0,1,0,0,0,0,0,0,-1,0,0,0,0,0
1oxp,A,252,LEU,3.8,166.7,0.0,0,0,E,0.006097560975609756,-149.4,153.5,24.0,24.0,0.5,6.974346068900774,40,3,10,-7,0.05129016720734909,0,0,1,0,0,0,0,0,0,-1,0,0,0,0,0
1oxp,A,253,SER,-0.8,89.0,0.0,1,1,E,0.0,-117.0,136.8,21.0,25.0,0.45652173913043476,4.204656492329444,45,8,8,0,0.053621538444046775,0,0,1,0,0,0,0,0,0,-1,0,0,0,0,0
1oxp,A,254,GLN,-3.5,143.8,0.0,2,2,E,0.020202020202020204,-128.6,147.2,20.0,30.0,0.4,5.809484255831765,43,0,10,-10,0.04989134446533048,0,0,1,0,0,0,0,0,0,-1,0,0,0,0,0
1oxp,A,255,SER,-0.8,89.0,0.0,1,1,E,0.06153846153846154,-128.4,145.5,20.0,23.0,0.46511627906976744,3.319506866483719,38,19,7,12,0.048026247475972325,0,0,1,0,0,0,0,0,0,-1,0,0,0,0,0
1oxp,A,256,TYR,-1.3,193.6,0.0,1,1,-,0.0045045045045045045,-115.2,5.8,25.0,20.0,0.5555555555555556,6.439102269652111,44,14,2,12,0.04709369898129325,0,0,0,0,0,0,0,0,0,-1,0,0,0,0,0
1oxp,A,257,ALA,1.8,88.6,0.0,0,0,T,0.0660377358490566,-57.9,-46.3,19.0,17.0,0.5277777777777778,3.167052919390334,35,20,6,14,0.04755997322863279,0,0,0,0,0,1,0,0,0,19,3,19,0,0,1
1oxp,A,258,LYS,-3.9,168.6,1.0,2,0,T,0.15121951219512195,-96.2,-38.8,19.0,19.0,0.5,4.052664863371842,38,4,0,4,0.048026247475972325,0,0,0,0,0,1,0,0,0,19,3,19,0,0,1
1oxp,A,259,ASN,-3.5,114.1,0.0,2,2,T,0.01910828025477707,-76.0,-22.7,24.0,22.0,0.5217391304347826,7.251760866708716,36,10,7,3,0.050823892960009553,0,0,0,0,0,1,0,0,0,-1,0,0,0,0,0
1oxp,A,260,MET,1.9,162.9,0.0,0,0,S,0.0,-109.0,-11.5,26.0,21.0,0.5531914893617021,5.476582349996555,41,10,12,-2,0.04476232774459557,0,0,0,0,0,0,1,0,0,-1,0,0,0,0,0
1oxp,A,261,GLY,-0.4,60.1,0.0,0,0,-,0.16666666666666666,65.8,35.0,16.0,21.0,0.43243243243243246,2.6696879250384775,36,16,11,5,0.04476232774459557,0,0,0,0,0,0,0,0,0,-1,0,0,0,0,0
1oxp,A,262,LEU,3.8,166.7,0.0,0,0,-,0.036585365853658534,-93.6,18.8,23.0,12.0,0.6571428571428571,2.545588588073303,34,21,13,8,0.045694876239274644,0,0,0,0,0,0,0,0,0,6,39,21,0,9,1
1oxp,A,263,TYR,-1.3,193.6,0.0,1,1,T,0.25675675675675674,-22.8,-74.9,10.0,19.0,0.3448275862068966,1.9799506072153603,28,24,8,16,0.03403802005578621,0,0,0,0,0,1,0,0,0,6,39,21,0,9,1
1oxp,A,264,GLY,-0.4,60.1,0.0,0,0,T,0.8690476190476191,-79.5,-1.8,3.0,19.0,0.13636363636363635,1.7096157130794394,16,12,9,3,0.021914889624958248,0,0,0,0,0,1,0,0,0,6,39,21,0,9,1
1oxp,A,265,GLU,-3.5,138.4,-1.0,1,3,T,0.3711340206185567,-88.9,-23.6,19.0,8.0,0.7037037037037037,1.7943516471953593,24,15,4,11,0.030307826077069916,0,0,0,0,0,1,0,0,0,6,39,21,0,9,1
1oxp,A,266,ARG,-4.5,173.4,1.0,5,0,-,0.3225806451612903,56.9,93.4,9.0,22.0,0.2903225806451613,2.3607843930313397,28,2,9,-7,0.03963331102386066,0,0,0,0,0,0,0,0,0,21,2,21,0,0,1
1oxp,A,267,ALA,1.8,88.6,0.0,0,0,-,0.0,-127.2,135.1,20.0,22.0,0.47619047619047616,5.253840445233753,39,16,9,7,0.05688545817542354,0,0,0,0,0,0,0,0,0,6,39,21,0,9,1
1oxp,A,268,GLY,-0.4,60.1,0.0,0,0,E,0.0,-162.5,-172.5,26.0,30.0,0.4642857142857143,6.4175738754268075,47,12,2,10,0.05129016720734909,0,0,1,0,0,0,0,0,0,-1,0,0,0,0,0
1oxp,A,269,ALA,1.8,88.6,0.0,0,0,E,0.0,-159.5,157.6,23.0,26.0,0.46938775510204084,7.175850040613926,49,4,1,3,0.05595290968074446,0,0,1,0,0,0,0,0,0,-1,0,0,0,0,0
1oxp,A,270,PHE,2.8,189.9,0.0,0,0,E,0.0,-130.0,131.8,21.0,28.0,0.42857142857142855,6.116491779140477,42,5,2,3,0.053155264196707235,0,0,1,0,0,0,0,0,0,-1,0,0,0,0,0
1oxp,A,271,THR,-0.7,116.1,0.0,1,1,E,0.014084507042253521,-127.0,141.3,27.0,21.0,0.5625,5.542453739860435,40,3,4,-1,0.04709369898129325,0,0,1,0,0,0,0,0,0,-1,0,0,0,0,0
1oxp,A,272,VAL,4.2,140.0,0.0,0,0,E,0.1056338028169014,-119.6,126.5,22.0,24.0,0.4782608695652174,3.2079151291879806,36,13,21,-8,0.045228601991935104,0,0,1,0,0,0,0,0,0,22,3,11,0,0,1
1oxp,A,273,ILE,4.5,166.7,0.0,0,0,E,0.03550295857988166,-95.4,112.0,22.0,19.0,0.5365853658536586,3.2421744119107454,37,17,25,-8,0.045228601991935104,0,0,1,0,0,0,0,0,0,22,3,11,0,0,1
1oxp,A,274,CYS,2.5,108.5,0.0,1,0,-,0.022222222222222223,-103.6,-172.7,17.0,12.0,0.5862068965517241,2.2671485156331626,31,32,34,-2,0.040099585271200194,0,0,0,0,0,0,0,0,0,22,3,11,0,0,1
1oxp,A,275,ARG,-4.5,173.4,1.0,5,0,S,0.7580645161290323,-89.7,-23.3,0.0,24.0,0.0,1.8626170829063016,15,15,33,-18,0.03124037457174899,0,0,0,0,0,0,1,0,0,24,8,2,0,0,1
1oxp,A,276,ASP,-3.5,111.1,-1.0,1,3,S,0.4294478527607362,-140.8,-179.1,5.0,16.0,0.23809523809523808,2.0449111268580946,18,38,24,14,0.03450429430312575,0,0,0,0,0,0,1,0,0,24,8,2,0,0,1
1oxp,A,277,ALA,1.8,88.6,0.0,0,0,H,0.4811320754716981,-82.8,-32.1,4.0,17.0,0.19047619047619047,1.8414772051585344,21,37,30,7,0.03357174580844668,1,0,0,0,0,0,0,0,0,9,62,6,0,4,1
1oxp,A,278,GLU,-3.5,138.4,-1.0,1,3,H,0.5412371134020618,-75.9,-37.0,0.0,17.0,0.0,1.9265810297403563,13,31,20,11,0.02797645484037223,1,0,0,0,0,0,0,0,0,-1,0,0,0,0,0
1oxp,A,279,GLU,-3.5,138.4,-1.0,1,3,H,0.32989690721649484,-66.7,-46.7,8.0,11.0,0.42105263157894735,2.2363340727649197,19,40,25,15,0.03776821403450251,1,0,0,0,0,0,0,0,0,13,24,7,0,1,1
1oxp,A,280,ALA,1.8,88.6,0.0,0,0,H,0.04716981132075472,-54.6,-52.8,17.0,9.0,0.6538461538461539,2.3284733636174866,24,33,35,-2,0.04942507021799094,1,0,0,0,0,0,0,0,0,13,24,7,0,1,1
1oxp,A,281,LYS,-3.9,168.6,1.0,2,0,H,0.7317073170731707,-57.5,-27.2,3.0,19.0,0.13636363636363635,1.870746500523413,17,15,32,-17,0.0363693912924839,1,0,0,0,0,0,0,0,0,-1,0,0,0,0,0
1oxp,A,282,ARG,-4.5,173.4,1.0,5,0,H,0.4798387096774194,-83.0,-31.2,7.0,13.0,0.35,1.8358454518444887,16,10,33,-23,0.03450429430312575,1,0,0,0,0,0,0,0,0,13,24,7,0,1,1
1oxp,A,283,VAL,4.2,140.0,0.0,0,0,H,0.15492957746478872,-77.1,-41.4,21.0,11.0,0.65625,2.4041516804371716,28,27,28,-1,0.04289723075523742,1,0,0,0,0,0,0,0,0,13,24,7,0,1,1
1oxp,A,284,GLU,-3.5,138.4,-1.0,1,3,H,0.31443298969072164,-53.8,-53.3,14.0,16.0,0.4666666666666667,2.4695386334864695,28,23,6,17,0.03963331102386066,1,0,0,0,0,0,0,0,0,-1,0,0,0,0,0
1oxp,A,285,SER,-0.8,89.0,0.0,1,1,H,0.3923076923076923,-57.1,-46.1,4.0,17.0,0.19047619047619047,1.8835829272398597,21,29,13,16,0.032639197313767604,1,0,0,0,0,0,0,0,0,-1,0,0,0,0,0
1oxp,A,286,GLN,-3.5,143.8,0.0,2,2,H,0.3333333333333333,-68.4,-31.4,12.0,14.0,0.46153846153846156,2.652260600175692,21,32,9,23,0.03823448828184205,1,0,0,0,0,0,0,0,0,-1,0,0,0,0,0
1oxp,A,287,LEU,3.8,166.7,0.0,0,0,H,0.0,-66.8,-44.1,21.0,16.0,0.5675675675675675,4.989762691759495,35,27,10,17,0.048026247475972325,1,0,0,0,0,0,0,0,0,-1,0,0,0,0,0
1oxp,A,288,LYS,-3.9,168.6,1.0,2,0,H,0.3804878048780488,-70.4,-40.4,11.0,19.0,0.36666666666666664,2.295029051057486,29,14,9,5,0.04243095650789788,1,0,0,0,0,0,0,0,0,-1,0,0,0,0,0
1oxp,A,289,ILE,4.5,166.7,0.0,0,0,H,0.5325443786982249,-62.5,-34.8,7.0,15.0,0.3181818181818182,1.9744678204766881,17,27,5,22,0.03590311704514436,1,0,0,0,0,0,0,0,0,-1,0,0,0,0,0
1oxp,A,290,LEU,3.8,166.7,0.0,0,0,H,0.07317073170731707,-70.7,-39.4,18.0,10.0,0.6428571428571429,2.4693141202079176,26,27,2,25,0.04243095650789788,1,0,0,0,0,0,0,0,0,-1,0,0,0,0,0
1oxp,A,291,ILE,4.5,166.7,0.0,0,0,H,0.0,-80.2,-36.3,22.0,8.0,0.7333333333333333,4.626033753875692,32,23,3,20,0.043829779249916496,1,0,0,0,0,0,0,0,0,-1,0,0,0,0,0
1oxp,A,292,ARG,-4.5,173.4,1.0,5,0,H,0.5846774193548387,-53.1,-52.8,7.0,13.0,0.35,2.0749064553362797,17,8,0,8,0.03916703677652112,1,0,0,0,0,0,0,0,0,-1,0,0,0,0,0
1oxp,A,293,PRO,-1.6,112.7,0.0,0,0,H,0.8382352941176471,-79.7,14.3,4.0,9.0,0.3076923076923077,1.9222135456387917,14,20,0,20,0.02611135785101408,1,0,0,0,0,0,0,0,0,-1,0,0,0,0,0
1oxp,A,294,MET,1.9,162.9,0.0,0,0,H,0.4095744680851064,-102.0,-65.0,15.0,3.0,0.8333333333333334,1.9536994660497662,18,26,0,26,0.02611135785101408,1,0,0,0,0,0,0,0,0,-1,0,0,0,0,0
1oxp,A,295,TYR,-1.3,193.6,0.0,1,1,H,0.2747747747747748,-152.2,18.0,10.0,11.0,0.47619047619047616,2.088174639109578,25,12,0,12,0.029375277582390842,1,0,0,0,0,0,0,0,0,-1,0,0,0,0,0
1oxp,A,296,SER,-0.8,89.0,0.0,1,1,S,0.2153846153846154,55.5,-52.2,2.0,18.0,0.1,2.1047426601987325,19,16,0,16,0.03590311704514436,0,0,0,0,0,0,1,0,0,-1,0,0,0,0,0
1oxp,A,297,ASN,-3.5,114.1,0.0,2,2,S,0.22929936305732485,-157.0,154.2,9.0,16.0,0.36,1.8033551565950414,21,13,3,10,0.043363505002576956,0,0,0,0,0,0,1,0,0,-1,0,0,0,0,0
1oxp,A,298,PRO,-1.6,112.7,0.0,0,0,-,0.07352941176470588,-93.1,165.3,24.0,12.0,0.6666666666666666,2.47715694494759,32,7,4,3,0.04196468226055834,0,0,0,0,0,0,0,0,0,-1,0,0,0,0,0
1oxp,A,299,PRO,-1.6,112.7,0.0,0,0,-,0.375,-63.3,112.6,11.0,20.0,0.3548387096774194,2.0972666577198265,28,15,10,5,0.03310547156110714,0,0,0,0,0,0,0,0,0,-1,0,0,0,0,0
1oxp,A,300,MET,1.9,162.9,0.0,0,0,H,0.15425531914893617,-64.7,-32.9,12.0,22.0,0.35294117647058826,2.277966056691064,24,22,20,2,0.034970568550465285,1,0,0,0,0,0,0,0,0,2,2950,6,0,192,1
1oxp,A,301,ASN,-3.5,114.1,0.0,2,2,H,0.33121019108280253,-58.0,-67.3,8.0,26.0,0.23529411764705882,2.2516158891886486,27,23,19,4,0.035436842797804825,1,0,0,0,0,0,0,0,0,-1,0,0,0,0,0
1oxp,A,302,GLY,-0.4,60.1,0.0,0,0,H,0.0,-47.1,-45.0,20.0,17.0,0.5405405405405406,4.398186212148567,34,17,15,2,0.04429605349725603,1,0,0,0,0,0,0,0,0,-1,0,0,0,0,0
1oxp,A,303,ALA,1.8,88.6,0.0,0,0,H,0.0,-60.0,-35.7,19.0,24.0,0.4418604651162791,4.342718674213481,38,17,15,2,0.05175644145468863,1,0,0,0,0,0,0,0,0,-1,0,0,0,0,0
1oxp,A,304,ARG,-4.5,173.4,1.0,5,0,H,0.11693548387096774,-74.9,-49.6,16.0,24.0,0.4,2.1345258330460943,31,15,24,-9,0.043363505002576956,1,0,0,0,0,0,0,0,0,2,2950,6,0,192,1
1oxp,A,305,ILE,4.5,166.7,0.0,0,0,H,0.011834319526627219,-58.7,-59.7,21.0,19.0,0.525,3.290062761255939,36,22,18,4,0.048026247475972325,1,0,0,0,0,0,0,0,0,-1,0,0,0,0,0
1oxp,A,306,ALA,1.8,88.6,0.0,0,0,H,0.0,-54.4,-45.7,26.0,19.0,0.5777777777777777,4.9661255676890095,39,15,7,8,0.04709369898129325,1,0,0,0,0,0,0,0,0,-1,0,0,0,0,0
1oxp,A,307,SER,-0.8,89.0,0.0,1,1,H,0.1,-66.6,-37.4,18.0,20.0,0.47368421052631576,2.1958347539081253,31,23,8,15,0.048026247475972325,1,0,0,0,0,0,0,0,0,-1,0,0,0,0,0
1oxp,A,308,LEU,3.8,166.7,0.0,0,0,H,0.15853658536585366,-65.3,-41.9,14.0,17.0,0.45161290322580644,2.129849537533311,31,20,15,5,0.04103213376587927,1,0,0,0,0,0,0,0,0,-1,0,0,0,0,0
1oxp,A,309,ILE,4.5,166.7,0.0,0,0,H,0.0,-64.4,-55.9,21.0,15.0,0.5833333333333334,5.2261706824338825,37,31,18,13,0.05035761871267001,1,0,0,0,0,0,0,0,0,-1,0,0,0,0,0
1oxp,A,310,LEU,3.8,166.7,0.0,0,0,H,0.04878048780487805,-58.3,-38.3,17.0,15.0,0.53125,2.9285032024832427,36,23,16,7,0.04662742473395372,1,0,0,0,0,0,0,0,0,-1,0,0,0,0,0
1oxp,A,311,ASN,-3.5,114.1,0.0,2,2,T,0.4713375796178344,-98.1,10.1,14.0,11.0,0.56,1.8279757167691313,26,25,17,8,0.0363693912924839,0,0,0,0,0,1,0,0,0,-1,0,0,0,0,0
1oxp,A,312,THR,-0.7,116.1,0.0,1,1,S,0.28169014084507044,-120.6,102.3,15.0,8.0,0.6521739130434783,2.0520197492347765,22,24,12,12,0.03310547156110714,0,0,0,0,0,0,1,0,0,-1,0,0,0,0,0
1oxp,A,313,PRO,-1.6,112.7,0.0,0,0,H,0.6102941176470589,-26.5,-61.4,0.0,14.0,0.0,1.874589249092922,14,20,13,7,0.028909003335051305,1,0,0,0,0,0,0,0,0,-1,0,0,0,0,0
1oxp,A,314,GLU,-3.5,138.4,-1.0,1,3,H,0.5309278350515464,-65.4,-35.0,3.0,14.0,0.17647058823529413,1.8671562214836834,15,22,9,13,0.027510180593032695,1,0,0,0,0,0,0,0,0,-1,0,0,0,0,0
1oxp,A,315,LEU,3.8,166.7,0.0,0,0,H,0.042682926829268296,-73.2,-51.5,16.0,11.0,0.5925925925925926,2.635760852677856,28,31,22,9,0.048026247475972325,1,0,0,0,0,0,0,0,0,-1,0,0,0,0,0
1oxp,A,316,ARG,-4.5,173.4,1.0,5,0,H,0.2540322580645161,-57.7,-40.0,9.0,19.0,0.32142857142857145,2.24932913941077,25,8,22,-14,0.04709369898129325,1,0,0,0,0,0,0,0,0,-1,0,0,0,0,0
1oxp,A,317,LYS,-3.9,168.6,1.0,2,0,H,0.6731707317073171,-55.8,-55.9,2.0,15.0,0.11764705882352941,1.9013097802030654,14,12,23,-11,0.035436842797804825,1,0,0,0,0,0,0,0,0,-1,0,0,0,0,0
1oxp,A,318,GLU,-3.5,138.4,-1.0,1,3,H,0.26288659793814434,-56.1,-44.9,12.0,11.0,0.5217391304347826,2.059356831211462,22,27,16,11,0.03823448828184205,1,0,0,0,0,0,0,0,0,-1,0,0,0,0,0
1oxp,A,319,TRP,-0.9,227.8,0.0,1,0,H,0.0,-48.4,-52.7,22.0,15.0,0.5945945945945946,5.550686570932363,37,24,22,2,0.04989134446533048,1,0,0,0,0,0,0,0,0,-1,0,0,0,0,0
1oxp,A,320,LEU,3.8,166.7,0.0,0,0,H,0.2865853658536585,-70.4,-26.8,11.0,19.0,0.36666666666666664,2.168188243642087,27,27,27,0,0.03916703677652112,1,0,0,0,0,0,0,0,0,-1,0,0,0,0,0
1oxp,A,321,VAL,4.2,140.0,0.0,0,0,H,0.7746478873239436,-65.5,-48.0,7.0,16.0,0.30434782608695654,1.908394532612336,20,22,24,-2,0.03124037457174899,1,0,0,0,0,0,0,0,0,-1,0,0,0,0,0
1oxp,A,322,GLU,-3.5,138.4,-1.0,1,3,H,0.07216494845360824,-74.5,-16.5,15.0,14.0,0.5172413793103449,2.1767806484559626,29,20,10,10,0.04196468226055834,1,0,0,0,0,0,0,0,0,-1,0,0,0,0,0
1oxp,A,323,VAL,4.2,140.0,0.0,0,0,H,0.0,-88.8,-14.1,22.0,15.0,0.5945945945945946,4.171669600947956,36,19,32,-13,0.05035761871267001,1,0,0,0,0,0,0,0,0,-1,0,0,0,0,0
1oxp,A,324,LYS,-3.9,168.6,1.0,2,0,H,0.44390243902439025,-88.7,-42.8,7.0,18.0,0.28,2.2758631348177008,23,5,25,-20,0.03590311704514436,1,0,0,0,0,0,0,0,0,-1,0,0,0,0,0
1oxp,A,325,GLY,-0.4,60.1,0.0,0,0,H,0.40476190476190477,-62.4,-38.4,11.0,16.0,0.4074074074074074,1.7401065274693657,25,21,21,0,0.03450429430312575,1,0,0,0,0,0,0,0,0,-1,0,0,0,0,0
1oxp,A,326,MET,1.9,162.9,0.0,0,0,H,0.015957446808510637,-67.3,-45.6,25.0,15.0,0.625,2.909470234592912,38,28,25,3,0.043363505002576956,1,0,0,0,0,0,0,0,0,-1,0,0,0,0,0
1oxp,A,327,ALA,1.8,88.6,0.0,0,0,H,0.07547169811320754,-63.0,-43.7,19.0,17.0,0.5277777777777778,2.177907340559061,31,27,19,8,0.04755997322863279,1,0,0,0,0,0,0,0,0,-1,0,0,0,0,0
1oxp,A,328,ASP,-3.5,111.1,-1.0,1,3,H,0.5214723926380368,-57.6,-56.6,7.0,21.0,0.25,1.7571277659260869,22,23,5,18,0.032639197313767604,1,0,0,0,0,0,0,0,0,3,1329,11,0,181,1
1oxp,A,329,ARG,-4.5,173.4,1.0,5,0,H,0.10080645161290322,-58.1,-42.0,16.0,15.0,0.5161290322580645,2.783155674197775,35,16,25,-9,0.03683566553982344,1,0,0,0,0,0,0,0,0,3,1329,11,0,181,1
1oxp,A,330,ILE,4.5,166.7,0.0,0,0,H,0.023668639053254437,-60.9,-38.5,24.0,17.0,0.5853658536585366,2.7050224362259283,36,28,9,19,0.05035761871267001,1,0,0,0,0,0,0,0,0,3,1329,11,0,181,1
1oxp,A,331,ILE,4.5,166.7,0.0,0,0,H,0.591715976331361,-62.3,-45.4,11.0,22.0,0.3333333333333333,2.0711367173002886,29,24,12,12,0.03776821403450251,1,0,0,0,0,0,0,0,0,3,1329,11,0,181,1
1oxp,A,332,SER,-0.8,89.0,0.0,1,1,H,0.3769230769230769,-59.5,-40.1,7.0,16.0,0.30434782608695654,2.0533846348008438,24,20,12,8,0.03124037457174899,1,0,0,0,0,0,0,0,0,3,1329,11,0,181,1
1oxp,A,333,MET,1.9,162.9,0.0,0,0,H,0.0,-65.2,-37.7,26.0,13.0,0.6666666666666666,4.11264024783484,37,23,15,8,0.048026247475972325,1,0,0,0,0,0,0,0,0,3,1329,11,0,181,1
1oxp,A,334,ARG,-4.5,173.4,1.0,5,0,H,0.028225806451612902,-62.2,-54.7,19.0,21.0,0.475,2.666944393136001,38,13,11,2,0.04755997322863279,1,0,0,0,0,0,0,0,0,-1,0,0,0,0,0
1oxp,A,335,THR,-0.7,116.1,0.0,1,1,H,0.5422535211267606,-41.7,-67.6,8.0,21.0,0.27586206896551724,1.8959092558717237,21,16,3,13,0.03730193978716297,1,0,0,0,0,0,0,0,0,-1,0,0,0,0,0
1oxp,A,336,GLN,-3.5,143.8,0.0,2,2,H,0.29797979797979796,-55.4,-31.2,15.0,15.0,0.5,2.0062656993472623,27,14,4,10,0.034970568550465285,1,0,0,0,0,0,0,0,0,3,1329,11,0,181,1
1oxp,A,337,LEU,3.8,166.7,0.0,0,0,H,0.006097560975609756,-62.2,-54.4,21.0,17.0,0.5526315789473685,5.513092557849488,38,26,5,21,0.048958795970651406,1,0,0,0,0,0,0,0,0,-1,0,0,0,0,0
1oxp,A,338,VAL,4.2,140.0,0.0,0,0,H,0.1056338028169014,-50.9,-45.4,15.0,19.0,0.4411764705882353,2.516758323615181,27,35,4,31,0.045694876239274644,1,0,0,0,0,0,0,0,0,26,1,1,0,0,1
1oxp,A,339,SER,-0.8,89.0,0.0,1,1,H,0.5,-58.8,-57.1,9.0,17.0,0.34615384615384615,1.8247112018424074,21,24,7,17,0.032639197313767604,1,0,0,0,0,0,0,0,0,26,1,1,0,0,1
1oxp,A,340,ASN,-3.5,114.1,0.0,2,2,H,0.15286624203821655,-64.8,-36.3,16.0,10.0,0.6153846153846154,2.580486608275554,27,33,9,24,0.04149840801321881,1,0,0,0,0,0,0,0,0,26,1,1,0,0,1
1oxp,A,341,LEU,3.8,166.7,0.0,0,0,H,0.0,-50.9,-53.7,16.0,15.0,0.5161290322580645,4.164107486527951,32,46,9,37,0.05502036118606539,1,0,0,0,0,0,0,0,0,26,1,1,0,0,1
1oxp,A,342,LYS,-3.9,168.6,1.0,2,0,H,0.7268292682926829,-61.4,-42.5,7.0,15.0,0.3181818181818182,2.0457197478033087,20,21,8,13,0.035436842797804825,1,0,0,0,0,0,0,0,0,26,1,1,0,0,1
1oxp,A,343,LYS,-3.9,168.6,1.0,2,0,H,0.6487804878048781,-64.3,-29.6,8.0,9.0,0.47058823529411764,1.9005958697020293,15,24,9,15,0.027043906345693154,1,0,0,0,0,0,0,0,0,26,1,1,0,0,1
1oxp,A,344,GLU,-3.5,138.4,-1.0,1,3,H,0.27835051546391754,-83.8,-12.0,21.0,4.0,0.84,1.9362405366622457,24,41,0,41,0.034970568550465285,1,0,0,0,0,0,0,0,0,-1,0,0,0,0,0
1oxp,A,345,GLY,-0.4,60.1,0.0,0,0,T,0.6071428571428571,102.5,24.1,2.0,18.0,0.1,1.775656014246377,20,50,9,41,0.025645083603674543,0,0,0,0,0,1,0,0,0,-1,0,0,0,0,0
1oxp,A,346,SER,-0.8,89.0,0.0,1,1,-,0.14615384615384616,-62.5,127.0,18.0,5.0,0.782608695652174,1.9602543265455388,21,48,9,39,0.03963331102386066,0,0,0,0,0,0,0,0,0,5,251,5,0,11,1
1oxp,A,347,SER,-0.8,89.0,0.0,1,1,-,0.8538461538461538,-83.0,-25.7,3.0,14.0,0.17647058823529413,1.7395357122636554,12,36,3,33,0.022847438119637322,0,0,0,0,0,0,0,0,0,5,251,5,0,11,1
1oxp,A,348,HIS,-3.2,153.2,0.1,2,1,S,0.5815217391304348,-77.5,169.9,10.0,11.0,0.47619047619047616,1.8350524214491792,18,25,0,25,0.02471253510899547,0,0,0,0,0,0,1,0,0,5,251,5,0,11,1
1oxp,A,349,ASN,-3.5,114.1,0.0,2,2,-,0.7961783439490446,-88.1,110.2,4.0,16.0,0.2,1.7906778181048366,16,27,4,23,0.027510180593032695,0,0,0,0,0,0,0,0,0,5,251,5,0,11,1
1oxp,A,350,TRP,-0.9,227.8,0.0,1,0,-,0.08370044052863436,-107.8,23.1,20.0,10.0,0.6666666666666666,2.1393467016499765,31,36,1,35,0.040099585271200194,0,0,0,0,0,0,0,0,0,5,251,5,0,11,1
1oxp,A,351,GLN,-3.5,143.8,0.0,2,2,T,0.5757575757575758,-57.9,-36.8,6.0,19.0,0.24,1.9632340607825118,15,18,8,10,0.03170664881908853,0,0,0,0,0,1,0,0,0,-1,0,0,0,0,0
1oxp,A,352,HIS,-3.2,153.2,0.1,2,1,H,0.11956521739130435,-59.3,-32.2,16.0,11.0,0.5925925925925926,2.1374885105334847,30,16,9,7,0.04289723075523742,1,0,0,0,0,0,0,0,0,11,24,8,0,2,1
1oxp,A,353,ILE,4.5,166.7,0.0,0,0,H,0.005917159763313609,-51.6,-45.7,19.0,18.0,0.5135135135135135,4.751967563115007,35,21,8,13,0.048958795970651406,1,0,0,0,0,0,0,0,0,-1,0,0,0,0,0
1oxp,A,354,THR,-0.7,116.1,0.0,1,1,H,0.3732394366197183,-97.5,-9.9,11.0,18.0,0.3793103448275862,2.0104327822123054,26,22,8,14,0.040565859518539735,1,0,0,0,0,0,0,0,0,-1,0,0,0,0,0
1oxp,A,355,ASP,-3.5,111.1,-1.0,1,3,H,0.5766871165644172,-77.1,-53.1,13.0,14.0,0.48148148148148145,1.7291991670434284,24,20,1,19,0.030307826077069916,1,0,0,0,0,0,0,0,0,-1,0,0,0,0,0
1oxp,A,356,GLN,-3.5,143.8,0.0,2,2,S,0.030303030303030304,-59.0,151.8,24.0,14.0,0.631578947368421,2.332860906866277,35,27,15,12,0.04103213376587927,0,0,0,0,0,0,1,0,0,-1,0,0,0,0,0
1oxp,A,357,ILE,4.5,166.7,0.0,0,0,-,0.33136094674556216,-124.8,160.0,17.0,22.0,0.4358974358974359,2.302239976457245,33,17,18,-1,0.04149840801321881,0,0,0,0,0,0,0,0,0,-1,0,0,0,0,0
1oxp,A,358,GLY,-0.4,60.1,0.0,0,0,S,0.05952380952380952,97.5,-155.1,24.0,25.0,0.4897959183673469,1.7755351450611607,42,19,16,3,0.048492521723311866,0,0,0,0,0,0,1,0,0,-1,0,0,0,0,0
1oxp,A,359,MET,1.9,162.9,0.0,0,0,S,0.005319148936170213,-79.9,-23.6,21.0,27.0,0.4375,4.444680744397789,39,30,0,30,0.04942507021799094,0,0,0,0,0,0,1,0,0,19,3,19,0,0,1
1oxp,A,360,PHE,2.8,189.9,0.0,0,0,E,0.025380710659898477,-108.4,176.5,20.0,24.0,0.45454545454545453,4.241197596044588,40,29,3,26,0.053621538444046775,0,0,1,0,0,0,0,0,0,19,3,19,0,0,1
1oxp,A,361,CYS,2.5,108.5,0.0,1,0,E,0.007407407407407408,-139.6,149.5,24.0,22.0,0.5217391304347826,5.849145380758429,40,34,10,24,0.05502036118606539,0,0,1,0,0,0,0,0,0,-1,0,0,0,0,0
1oxp,A,362,PHE,2.8,189.9,0.0,0,0,E,0.1218274111675127,-121.2,82.5,17.0,23.0,0.425,2.2614480948729723,35,34,11,23,0.048492521723311866,0,0,1,0,0,0,0,0,0,11,24,8,0,2,1
1oxp,A,363,THR,-0.7,116.1,0.0,1,1,-,0.04225352112676056,-61.9,-27.5,20.0,18.0,0.5263157894736842,2.69686547089184,37,27,7,20,0.04196468226055834,0,0,0,0,0,0,0,0,0,11,24,8,0,2,1
1oxp,A,364,GLY,-0.4,60.1,0.0,0,0,-,0.7142857142857143,86.9,-2.3,14.0,18.0,0.4375,1.709585553107809,29,25,10,15,0.03124037457174899,0,0,0,0,0,0,0,0,0,11,24,8,0,2,1
1oxp,A,365,LEU,3.8,166.7,0.0,0,0,-,0.06707317073170732,-57.3,144.2,23.0,5.0,0.8214285714285714,2.0412242357639463,28,27,19,8,0.0363693912924839,0,0,0,0,0,0,0,0,0,18,9,8,0,0,1
1oxp,A,366,LYS,-3.9,168.6,1.0,2,0,-,0.5804878048780487,-87.8,158.8,2.0,18.0,0.1,2.2736239659285813,17,7,19,-12,0.030307826077069916,0,0,0,0,0,0,0,0,0,18,9,8,0,0,1
1oxp,A,367,PRO,-1.6,112.7,0.0,0,0,H,0.4264705882352941,-52.5,-27.6,2.0,17.0,0.10526315789473684,2.3594498045250654,18,25,25,0,0.03450429430312575,1,0,0,0,0,0,0,0,0,18,9,8,0,0,1
1oxp,A,368,GLU,-3.5,138.4,-1.0,1,3,H,0.5567010309278351,-78.0,-27.1,1.0,17.0,0.05555555555555555,1.805937041646468,12,27,9,18,0.029375277582390842,1,0,0,0,0,0,0,0,0,-1,0,0,0,0,0
1oxp,A,369,GLN,-3.5,143.8,0.0,2,2,H,0.21212121212121213,-80.2,-35.0,13.0,15.0,0.4642857142857143,2.494037582899002,24,33,22,11,0.04243095650789788,1,0,0,0,0,0,0,0,0,-1,0,0,0,0,0
1oxp,A,370,VAL,4.2,140.0,0.0,0,0,H,0.0,-69.8,-41.6,15.0,16.0,0.4838709677419355,4.228590210502118,29,33,26,7,0.050823892960009553,1,0,0,0,0,0,0,0,0,18,9,8,0,0,1
1oxp,A,371,GLU,-3.5,138.4,-1.0,1,3,H,0.5309278350515464,-67.0,-40.6,3.0,20.0,0.13043478260869565,1.8964292871796629,18,33,15,18,0.03730193978716297,1,0,0,0,0,0,0,0,0,23,24,1,0,0,1
1oxp,A,372,ARG,-4.5,173.4,1.0,5,0,H,0.4032258064516129,-68.2,-39.2,12.0,11.0,0.5217391304347826,2.0923704865375767,23,17,26,-9,0.040565859518539735,1,0,0,0,0,0,0,0,0,12,72,2,0,2,1
1oxp,A,373,LEU,3.8,166.7,0.0,0,0,H,0.0,-55.3,-44.6,27.0,8.0,0.7714285714285715,5.637778070194961,34,31,22,9,0.04942507021799094,1,0,0,0,0,0,0,0,0,12,72,2,0,2,1
1oxp,A,374,THR,-0.7,116.1,0.0,1,1,H,0.19718309859154928,-69.5,-48.7,16.0,17.0,0.48484848484848486,2.3189989679177145,29,29,27,2,0.043829779249916496,1,0,0,0,0,0,0,0,0,-1,0,0,0,0,0
1oxp,A,375,LYS,-3.9,168.6,1.0,2,0,H,0.8390243902439024,-73.7,-50.3,6.0,17.0,0.2608695652173913,1.9686586840856428,17,11,25,-14,0.032172923066428064,1,0,0,0,0,0,0,0,0,23,24,1,0,0,1
1oxp,A,376,GLU,-3.5,138.4,-1.0,1,3,H,0.4948453608247423,-89.2,-33.6,12.0,10.0,0.5454545454545454,1.778684958672919,18,24,7,17,0.02984155182973038,1,0,0,0,0,0,0,0,0,12,72,2,0,2,1
1oxp,A,377,PHE,2.8,189.9,0.0,0,0,S,0.12690355329949238,-113.3,-3.8,20.0,11.0,0.6451612903225806,2.3401625746322927,27,44,13,31,0.04289723075523742,0,0,0,0,0,0,1,0,0,12,72,2,0,2,1
1oxp,A,378,SER,-0.8,89.0,0.0,1,1,-,0.03076923076923077,68.6,27.3,10.0,20.0,0.3333333333333333,3.1807731710325076,28,31,17,14,0.04755997322863279,0,0,0,0,0,0,0,0,0,8,156,4,0,7,1
1oxp,A,379,ILE,4.5,166.7,0.0,0,0,E,0.0,-98.0,112.7,22.0,23.0,0.4888888888888889,4.725026803251133,36,26,14,12,0.0526889899493677,0,0,1,0,0,0,0,0,0,-1,0,0,0,0,0
1oxp,A,380,TYR,-1.3,193.6,0.0,1,1,E,0.0990990990990991,-93.7,116.0,21.0,21.0,0.5,2.606952333017331,37,35,19,16,0.05129016720734909,0,0,1,0,0,0,0,0,0,8,156,4,0,7,1
1oxp,A,381,MET,1.9,162.9,0.0,0,0,-,0.02127659574468085,-143.0,168.4,26.0,20.0,0.5652173913043478,3.418125081214104,38,28,14,14,0.05129016720734909,0,0,0,0,0,0,0,0,0,-1,0,0,0,0,0
1oxp,A,382,THR,-0.7,116.1,0.0,1,1,-,0.06338028169014084,-78.2,152.3,18.0,22.0,0.45,2.32042707067209,33,22,12,10,0.03963331102386066,0,0,0,0,0,0,0,0,0,18,9,8,0,0,1
1oxp,A,383,LYS,-3.9,168.6,1.0,2,0,T,0.5219512195121951,-67.3,-5.0,7.0,23.0,0.23333333333333334,1.8966418941510343,25,11,27,-16,0.03170664881908853,0,0,0,0,0,1,0,0,0,18,9,8,0,0,1
1oxp,A,384,ASP,-3.5,111.1,-1.0,1,3,T,0.4785276073619632,-82.7,-0.1,15.0,15.0,0.5,1.7030908174944859,28,25,0,25,0.03310547156110714,0,0,0,0,0,1,0,0,0,18,9,8,0,0,1
1oxp,A,385,GLY,-0.4,60.1,0.0,0,0,S,0.0,86.6,4.0,12.0,18.0,0.4,2.8257661858933663,30,29,10,19,0.043829779249916496,0,0,0,0,0,0,1,0,0,18,9,8,0,0,1
1oxp,A,386,ARG,-4.5,173.4,1.0,5,0,E,0.024193548387096774,-75.0,129.8,20.0,21.0,0.4878048780487805,3.12694141893063,37,7,8,-1,0.048026247475972325,0,0,1,0,0,0,0,0,0,-1,0,0,0,0,0
1oxp,A,387,ILE,4.5,166.7,0.0,0,0,E,0.011834319526627219,-123.5,148.6,19.0,23.0,0.4523809523809524,6.47231589704896,40,19,8,11,0.04989134446533048,0,0,1,0,0,0,0,0,0,-1,0,0,0,0,0
1oxp,A,388,SER,-0.8,89.0,0.0,1,1,E,0.007692307692307693,-98.6,106.4,17.0,23.0,0.425,2.8650347595422097,39,27,0,27,0.04755997322863279,0,0,1,0,0,0,0,0,0,-1,0,0,0,0,0
1oxp,A,389,VAL,4.2,140.0,0.0,0,0,G,0.007042253521126761,-74.1,-20.9,25.0,25.0,0.5,5.142294191698489,42,33,1,32,0.048492521723311866,0,0,0,1,0,0,0,0,0,-1,0,0,0,0,0
1oxp,A,390,ALA,1.8,88.6,0.0,0,0,G,0.0,-52.1,-41.6,20.0,23.0,0.46511627906976744,3.8296896440927917,38,37,9,28,0.05222271570202816,0,0,0,1,0,0,0,0,0,-1,0,0,0,0,0
1oxp,A,391,GLY,-0.4,60.1,0.0,0,0,G,0.09523809523809523,-74.2,-5.1,18.0,23.0,0.43902439024390244,2.006821398650928,39,26,14,12,0.048026247475972325,0,0,0,1,0,0,0,0,0,-1,0,0,0,0,0
1oxp,A,392,VAL,4.2,140.0,0.0,0,0,-,0.007042253521126761,-92.1,132.7,23.0,20.0,0.5348837209302325,4.007860849075891,37,25,13,12,0.04942507021799094,0,0,0,0,0,0,0,0,0,3,1329,11,0,181,1
1oxp,A,393,ALA,1.8,88.6,0.0,0,0,-,0.0,-105.9,162.4,12.0,21.0,0.36363636363636365,3.52192508138763,28,25,16,9,0.043363505002576956,0,0,0,0,0,0,0,0,0,-1,0,0,0,0,0
1oxp,A,394,SER,-0.8,89.0,0.0,1,1,T,0.45384615384615384,-54.2,-29.6,4.0,24.0,0.14285714285714285,1.9699488626777901,22,12,12,0,0.032639197313767604,0,0,0,0,0,1,0,0,0,3,1329,11,0,181,1
1oxp,A,395,SER,-0.8,89.0,0.0,1,1,T,0.7153846153846154,-76.8,-26.0,8.0,13.0,0.38095238095238093,1.772074585655977,19,5,11,-6,0.02611135785101408,0,0,0,0,0,1,0,0,0,-1,0,0,0,0,0
1oxp,A,396,ASN,-3.5,114.1,0.0,2,2,T,0.2229299363057325,-121.0,7.2,20.0,11.0,0.6451612903225806,2.348707529910055,33,18,10,8,0.03124037457174899,0,0,0,0,0,1,0,0,0,-1,0,0,0,0,0
1oxp,A,397,VAL,4.2,140.0,0.0,0,0,H,0.04929577464788732,-62.4,-38.5,20.0,14.0,0.5882352941176471,2.8786695236571176,32,14,6,8,0.043363505002576956,1,0,0,0,0,0,0,0,0,-1,0,0,0,0,0
1oxp,A,398,GLY,-0.4,60.1,0.0,0,0,H,0.34523809523809523,-57.6,-56.2,4.0,22.0,0.15384615384615385,1.7096720020819236,25,20,7,13,0.03450429430312575,1,0,0,0,0,0,0,0,0,-1,0,0,0,0,0
1oxp,A,399,TYR,-1.3,193.6,0.0,1,1,H,0.21171171171171171,-53.8,-46.4,12.0,14.0,0.46153846153846156,2.096465538869032,27,25,8,17,0.03730193978716297,1,0,0,0,0,0,0,0,0,-1,0,0,0,0,0
1oxp,A,400,LEU,3.8,166.7,0.0,0,0,H,0.006097560975609756,-64.6,-43.7,23.0,19.0,0.5476190476190477,5.473491771303242,40,15,5,10,0.043829779249916496,1,0,0,0,0,0,0,0,0,-1,0,0,0,0,0
1oxp,A,401,ALA,1.8,88.6,0.0,0,0,H,0.0,-50.8,-58.1,20.0,16.0,0.5555555555555556,4.340989765867112,35,35,9,26,0.048958795970651406,1,0,0,0,0,0,0,0,0,-1,0,0,0,0,0
1oxp,A,402,HIS,-3.2,153.2,0.1,2,1,H,0.3695652173913043,-49.5,-47.6,7.0,20.0,0.25925925925925924,2.4820958924462753,26,25,12,13,0.04755997322863279,1,0,0,0,0,0,0,0,0,-1,0,0,0,0,0
1oxp,A,403,ALA,1.8,88.6,0.0,0,0,H,0.0,-64.0,-52.5,21.0,14.0,0.6,4.780214325616981,33,36,17,19,0.048958795970651406,1,0,0,0,0,0,0,0,0,12,72,2,0,2,1
1oxp,A,404,ILE,4.5,166.7,0.0,0,0,H,0.01775147928994083,-55.6,-48.3,23.0,18.0,0.5609756097560976,5.618586155218392,36,33,9,24,0.048958795970651406,1,0,0,0,0,0,0,0,0,-1,0,0,0,0,0
1oxp,A,405,HIS,-3.2,153.2,0.1,2,1,H,0.10326086956521739,-60.1,-52.8,16.0,14.0,0.5333333333333333,3.025579300865743,26,43,9,34,0.053155264196707235,1,0,0,0,0,0,0,0,0,-1,0,0,0,0,0
1oxp,A,406,GLN,-3.5,143.8,0.0,2,2,H,0.2676767676767677,-46.7,-57.4,9.0,12.0,0.42857142857142855,2.0619429436514034,20,39,16,23,0.03963331102386066,1,0,0,0,0,0,0,0,0,12,72,2,0,2,1
1oxp,A,408,VAL,4.2,140.0,0.0,0,0,T,0.04225352112676056,-65.2,-9.6,20.0,6.0,0.7692307692307693,2.6823583246923937,28,50,19,31,0.04429605349725603,0,0,0,0,0,1,0,0,0,12,72,2,0,2,1
1oxp,A,409,THR,-0.7,116.1,0.0,1,1,T,0.15492957746478872,-119.5,-34.0,20.0,7.0,0.7407407407407407,1.8702832233653106,27,47,3,44,0.03730193978716297,0,0,0,0,0,1,0,0,0,-1,0,0,0,0,0
1oxp,A,410,LYS,-3.9,168.6,1.0,2,0,-,0.8,-54.8,360.0,11.0,6.0,0.6470588235294118,1.9462219552360351,17,28,5,23,0.030307826077069916,0,0,0,0,0,0,0,0,0,-1,0,0,0,0,0
1ojz,A,1,ALA,1.8,88.6,0.0,0,0,-,1.0,360.0,153.4,7.0,1.0,0.875,1.7676022562454548,8,14,17,-3,0.013988227420186116,0,0,0,0,0,0,0,0,0,5,135,3,0,5,1
1ojz,A,2,GLU,-3.5,138.4,-1.0,1,3,P,0.8298969072164949,-95.5,166.8,1.0,12.0,0.07692307692307693,1.708495357515513,9,11,9,2,0.018650969893581486,0,0,0,0,0,0,0,0,0,5,135,3,0,5,1
1ojz,A,3,THR,-0.7,116.1,0.0,1,1,P,0.36619718309859156,-55.9,138.0,9.0,9.0,0.5,1.860572759641084,20,16,26,-10,0.032172923066428064,0,0,0,0,0,0,0,0,0,5,135,3,0,5,1
1ojz,A,4,LYS,-3.9,168.6,1.0,2,0,B,0.40487804878048783,-88.8,147.0,18.0,7.0,0.72,2.1785580748894073,22,1,26,-25,0.0363693912924839,0,1,0,0,0,0,0,0,0,5,135,3,0,5,1
1ojz,A,5,ASN,-3.5,114.1,0.0,2,2,-,0.4968152866242038,-148.9,104.9,5.0,19.0,0.20833333333333334,1.767086608987769,21,14,13,1,0.03683566553982344,0,0,0,0,0,0,0,0,0,-1,0,0,0,0,0
1ojz,A,6,PHE,2.8,189.9,0.0,0,0,-,0.08121827411167512,-87.2,136.2,20.0,5.0,0.8,2.2039748037818074,27,14,21,-7,0.03730193978716297,0,0,0,0,0,0,0,0,0,-1,0,0,0,0,0
1ojz,A,7,THR,-0.7,116.1,0.0,1,1,-,0.8732394366197183,-128.2,-14.6,0.0,19.0,0.0,1.7767428623632202,17,2,17,-15,0.02844272908771177,0,0,0,0,0,0,0,0,0,-1,0,0,0,0,0
1ojz,A,8,ASP,-3.5,111.1,-1.0,1,3,-,0.48466257668711654,-105.8,125.1,5.0,12.0,0.29411764705882354,1.8871991664251957,14,4,9,-5,0.02844272908771177,0,0,0,0,0,0,0,0,0,-1,0,0,0,0,0
1ojz,A,9,LEU,3.8,166.7,0.0,0,0,H,0.5487804878048781,-62.9,-39.7,7.0,16.0,0.30434782608695654,1.9226622230071875,20,3,22,-19,0.03357174580844668,1,0,0,0,0,0,0,0,0,-1,0,0,0,0,0
1ojz,A,10,VAL,4.2,140.0,0.0,0,0,H,0.7535211267605634,-63.6,-41.7,0.0,16.0,0.0,1.9316604107209794,15,9,17,-8,0.027510180593032695,1,0,0,0,0,0,0,0,0,18,0,7,0,0,1
1ojz,A,11,GLU,-3.5,138.4,-1.0,1,3,H,0.520618556701031,-67.0,-38.1,7.0,10.0,0.4117647058823529,1.8748303635270638,17,14,8,6,0.03450429430312575,1,0,0,0,0,0,0,0,0,12,24,1,0,0,1
1ojz,A,12,ALA,1.8,88.6,0.0,0,0,H,0.0,-65.1,-46.9,21.0,10.0,0.6774193548387096,4.0448038401031265,28,16,29,-13,0.04989134446533048,1,0,0,0,0,0,0,0,0,18,0,7,0,0,1
1ojz,A,13,THR,-0.7,116.1,0.0,1,1,H,0.34507042253521125,-58.1,-45.0,8.0,21.0,0.27586206896551724,2.4051328166261734,24,9,27,-18,0.043829779249916496,1,0,0,0,0,0,0,0,0,18,0,7,0,0,1
1ojz,A,14,LYS,-3.9,168.6,1.0,2,0,H,0.7414634146341463,-60.4,-46.8,5.0,14.0,0.2631578947368421,1.9048032777591632,18,3,14,-11,0.03450429430312575,1,0,0,0,0,0,0,0,0,18,0,7,0,0,1
1ojz,A,15,TRP,-0.9,227.8,0.0,1,0,H,0.09251101321585903,-64.3,-45.8,18.0,13.0,0.5806451612903226,3.0269897996558837,34,18,18,0,0.043829779249916496,1,0,0,0,0,0,0,0,0,18,0,7,0,0,1
1ojz,A,16,GLY,-0.4,60.1,0.0,0,0,H,0.0,-61.7,-41.7,20.0,17.0,0.5405405405405406,4.366246333644288,33,14,18,-4,0.04989134446533048,1,0,0,0,0,0,0,0,0,18,0,7,0,0,1
1ojz,A,17,ASN,-3.5,114.1,0.0,2,2,H,0.45222929936305734,-56.8,-32.5,8.0,20.0,0.2857142857142857,1.973164873722092,24,17,14,3,0.03776821403450251,1,0,0,0,0,0,0,0,0,18,0,7,0,0,1
1ojz,A,18,SER,-0.8,89.0,0.0,1,1,H,0.38461538461538464,-63.1,-36.9,8.0,16.0,0.3333333333333333,1.739669901225377,25,19,3,16,0.0363693912924839,1,0,0,0,0,0,0,0,0,-1,0,0,0,0,0
1ojz,A,19,LEU,3.8,166.7,0.0,0,0,H,0.006097560975609756,-68.4,-43.5,24.0,9.0,0.7272727272727273,2.5182848573613437,35,22,5,17,0.04709369898129325,1,0,0,0,0,0,0,0,0,1,1358,7,0,98,1
1ojz,A,20,ILE,4.5,166.7,0.0,0,0,H,0.15384615384615385,-58.5,-44.1,15.0,20.0,0.42857142857142855,2.425292300405349,31,27,11,16,0.04429605349725603,1,0,0,0,0,0,0,0,0,1,1358,7,0,98,1
1ojz,A,21,LYS,-3.9,168.6,1.0,2,0,H,0.8390243902439024,-64.7,-41.8,7.0,14.0,0.3333333333333333,1.9346108221198908,13,11,0,11,0.028909003335051305,1,0,0,0,0,0,0,0,0,1,1358,7,0,98,1
1ojz,A,22,SER,-0.8,89.0,0.0,1,1,H,0.5076923076923077,-69.2,-25.1,16.0,7.0,0.6956521739130435,1.8287967461100665,21,26,0,26,0.029375277582390842,1,0,0,0,0,0,0,0,0,1,1358,7,0,98,1
1ojz,A,23,ALA,1.8,88.6,0.0,0,0,H,0.05660377358490566,-66.6,-41.6,22.0,3.0,0.88,2.425638266779676,24,29,7,22,0.03776821403450251,1,0,0,0,0,0,0,0,0,1,1358,7,0,98,1
1ojz,A,24,LYS,-3.9,168.6,1.0,2,0,T,0.8341463414634146,56.9,52.6,2.0,17.0,0.10526315789473684,1.9171191932384792,14,20,4,16,0.029375277582390842,0,0,0,0,0,1,0,0,0,1,1358,7,0,98,1
1ojz,A,25,TYR,-1.3,193.6,0.0,1,1,-,0.12162162162162163,-60.4,143.3,20.0,7.0,0.7407407407407407,2.750574008278566,33,37,15,22,0.03683566553982344,0,0,0,0,0,0,0,0,0,13,24,1,0,0,1
1ojz,A,26,SER,-0.8,89.0,0.0,1,1,-,0.3923076923076923,-100.4,178.9,5.0,14.0,0.2631578947368421,2.099794196426957,17,30,10,20,0.02611135785101408,0,0,0,0,0,0,0,0,0,13,24,1,0,0,1
1ojz,A,27,SER,-0.8,89.0,0.0,1,1,H,0.7076923076923077,-63.3,-32.7,0.0,13.0,0.0,1.7868376487803725,15,22,12,10,0.023779986614316396,1,0,0,0,0,0,0,0,0,17,3,2,0,0,1
1ojz,A,28,LYS,-3.9,168.6,1.0,2,0,H,0.5219512195121951,-67.4,-34.9,5.0,12.0,0.29411764705882354,1.9624768020741696,18,12,12,0,0.028909003335051305,1,0,0,0,0,0,0,0,0,17,3,2,0,0,1
1ojz,A,29,ASP,-3.5,111.1,-1.0,1,3,H,0.012269938650306749,-69.4,-47.7,13.0,18.0,0.41935483870967744,2.77603164760978,27,33,6,27,0.045228601991935104,1,0,0,0,0,0,0,0,0,-1,0,0,0,0,0
1ojz,A,30,LYS,-3.9,168.6,1.0,2,0,H,0.424390243902439,-58.9,-39.2,8.0,23.0,0.25806451612903225,2.2350959130189505,22,17,17,0,0.043363505002576956,1,0,0,0,0,0,0,0,0,17,3,2,0,0,1
1ojz,A,31,MET,1.9,162.9,0.0,0,0,H,0.5957446808510638,-66.6,-41.5,5.0,18.0,0.21739130434782608,1.9454791566130305,19,19,12,7,0.034970568550465285,1,0,0,0,0,0,0,0,0,17,3,2,0,0,1
1ojz,A,32,ALA,1.8,88.6,0.0,0,0,H,0.1792452830188679,-64.2,-47.6,18.0,16.0,0.5294117647058824,1.841068839180041,33,21,15,6,0.043829779249916496,1,0,0,0,0,0,0,0,0,17,3,2,0,0,1
1ojz,A,33,ILE,4.5,166.7,0.0,0,0,H,0.0,-63.2,-52.1,24.0,17.0,0.5853658536585366,4.495387102237417,38,17,25,-8,0.05035761871267001,1,0,0,0,0,0,0,0,0,-1,0,0,0,0,0
1ojz,A,34,TYR,-1.3,193.6,0.0,1,1,H,0.36036036036036034,-55.9,-54.2,11.0,17.0,0.39285714285714285,2.3398252624776545,22,21,11,10,0.045694876239274644,1,0,0,0,0,0,0,0,0,-1,0,0,0,0,0
1ojz,A,35,ASN,-3.5,114.1,0.0,2,2,H,0.4968152866242038,-58.1,-30.9,11.0,13.0,0.4583333333333333,1.825541193575892,24,16,4,12,0.03870076252918159,1,0,0,0,0,0,0,0,0,17,3,2,0,0,1
1ojz,A,36,TYR,-1.3,193.6,0.0,1,1,H,0.04504504504504504,-71.2,-46.3,22.0,11.0,0.6666666666666666,2.1658473175537294,36,11,6,5,0.04196468226055834,1,0,0,0,0,0,0,0,0,4,102,5,0,6,1
1ojz,A,37,THR,-0.7,116.1,0.0,1,1,H,0.14084507042253522,-63.3,-30.2,19.0,14.0,0.5757575757575758,2.1981437962608963,28,12,10,2,0.04616115048661418,1,0,0,0,0,0,0,0,0,-1,0,0,0,0,0
1ojz,A,38,LYS,-3.9,168.6,1.0,2,0,H,0.5707317073170731,-84.8,-35.3,9.0,9.0,0.5,2.048973179990561,16,1,0,1,0.03683566553982344,1,0,0,0,0,0,0,0,0,-1,0,0,0,0,0
1ojz,A,39,ASN,-3.5,114.1,0.0,2,2,-,0.6114649681528662,-152.7,80.0,3.0,14.0,0.17647058823529413,1.8147650465382246,18,9,0,9,0.03170664881908853,0,0,0,0,0,0,0,0,0,4,102,5,0,6,1
1ojz,A,40,SER,-0.8,89.0,0.0,1,1,-,0.27692307692307694,-91.7,-15.1,13.0,12.0,0.52,2.203534468980386,26,12,1,11,0.03403802005578621,0,0,0,0,0,0,0,0,0,4,102,5,0,6,1
1ojz,A,41,SER,-0.8,89.0,0.0,1,1,H,0.4846153846153846,-56.1,-39.6,0.0,17.0,0.0,1.7397173123284844,16,12,0,12,0.02844272908771177,1,0,0,0,0,0,0,0,0,4,102,5,0,6,1
1ojz,A,42,PRO,-1.6,112.7,0.0,0,0,H,0.38235294117647056,-59.5,-21.7,12.0,10.0,0.5454545454545454,1.9818804317103225,19,2,0,2,0.030774100324409453,1,0,0,0,0,0,0,0,0,4,102,5,0,6,1
1ojz,A,43,ILE,4.5,166.7,0.0,0,0,H,0.0650887573964497,-100.6,-52.5,20.0,15.0,0.5714285714285714,3.3558096536478255,30,17,6,11,0.04709369898129325,1,0,0,0,0,0,0,0,0,4,102,5,0,6,1
1ojz,A,44,ASN,-3.5,114.1,0.0,2,2,H,0.11464968152866242,-73.5,-29.1,14.0,18.0,0.4375,2.806039153380696,26,17,7,10,0.045694876239274644,1,0,0,0,0,0,0,0,0,4,102,5,0,6,1
1ojz,A,45,THR,-0.7,116.1,0.0,1,1,H,0.5140845070422535,-64.6,-51.1,4.0,17.0,0.19047619047619047,2.0710998251816086,18,11,1,10,0.032172923066428064,1,0,0,0,0,0,0,0,0,4,102,5,0,6,1
1ojz,A,46,PRO,-1.6,112.7,0.0,0,0,H,0.27205882352941174,-64.3,-33.3,13.0,12.0,0.52,1.9569492054708046,25,17,5,12,0.035436842797804825,1,0,0,0,0,0,0,0,0,-1,0,0,0,0,0
1ojz,A,47,LEU,3.8,166.7,0.0,0,0,H,0.0,-64.3,-45.3,16.0,12.0,0.5714285714285714,4.75088396967743,30,30,19,11,0.05035761871267001,1,0,0,0,0,0,0,0,0,11,7,5,0,0,1
1ojz,A,48,ARG,-4.5,173.4,1.0,5,0,H,0.41935483870967744,-66.2,-34.8,10.0,14.0,0.4166666666666667,1.9982695403702926,25,11,10,1,0.03823448828184205,1,0,0,0,0,0,0,0,0,7,24,12,0,3,1
1ojz,A,49,SER,-0.8,89.0,0.0,1,1,H,0.7846153846153846,-67.0,-21.2,8.0,10.0,0.4444444444444444,1.7701244437002976,16,19,5,14,0.02331371236697686,1,0,0,0,0,0,0,0,0,-1,0,0,0,0,0
1ojz,A,50,ALA,1.8,88.6,0.0,0,0,T,0.19811320754716982,-128.5,37.6,9.0,10.0,0.47368421052631576,1.856354188233451,17,18,8,10,0.032639197313767604,0,0,0,0,0,1,0,0,0,11,7,5,0,0,1
1ojz,A,51,ASN,-3.5,114.1,0.0,2,2,T,0.732484076433121,54.1,-154.6,2.0,19.0,0.09523809523809523,2.15862416745444,19,28,13,15,0.030307826077069916,0,0,0,0,0,1,0,0,0,11,7,5,0,0,1
1ojz,A,52,GLY,-0.4,60.1,0.0,0,0,T,0.30952380952380953,-84.5,22.3,11.0,17.0,0.39285714285714285,1.7094773403013392,25,37,16,21,0.03870076252918159,0,0,0,0,0,1,0,0,0,11,7,5,0,0,1
1ojz,A,53,ASP,-3.5,111.1,-1.0,1,3,-,0.3128834355828221,-83.7,92.8,5.0,16.0,0.23809523809523808,2.0503477000006862,18,21,0,21,0.03403802005578621,0,0,0,0,0,0,0,0,0,11,7,5,0,0,1
1ojz,A,54,VAL,4.2,140.0,0.0,0,0,G,0.11971830985915492,-64.9,-21.0,13.0,15.0,0.4642857142857143,2.6625153416660434,24,27,23,4,0.04103213376587927,0,0,0,1,0,0,0,0,0,11,7,5,0,0,1
1ojz,A,55,ASN,-3.5,114.1,0.0,2,2,G,0.7707006369426752,-71.9,-10.1,0.0,17.0,0.0,1.8508567976432397,16,19,15,4,0.026577632098353617,0,0,0,1,0,0,0,0,0,11,7,5,0,0,1
1ojz,A,56,LYS,-3.9,168.6,1.0,2,0,G,0.7121951219512195,-97.9,-1.2,8.0,8.0,0.5,1.93228755354906,14,3,9,-6,0.025645083603674543,0,0,0,1,0,0,0,0,0,-1,0,0,0,0,0
1ojz,A,57,LEU,3.8,166.7,0.0,0,0,S,0.10365853658536585,-88.9,161.5,21.0,3.0,0.875,2.1767634964205316,25,19,21,-2,0.0363693912924839,0,0,0,0,0,0,1,0,0,-1,0,0,0,0,0
1ojz,A,58,SER,-0.8,89.0,0.0,1,1,-,0.4846153846153846,-67.1,158.7,5.0,12.0,0.29411764705882354,2.0915416567199743,17,9,17,-8,0.026577632098353617,0,0,0,0,0,0,0,0,0,-1,0,0,0,0,0
1ojz,A,59,GLU,-3.5,138.4,-1.0,1,3,H,0.6958762886597938,-56.5,-44.7,0.0,13.0,0.0,1.7430680089228392,12,10,9,1,0.027043906345693154,1,0,0,0,0,0,0,0,0,-1,0,0,0,0,0
1ojz,A,60,ASN,-3.5,114.1,0.0,2,2,H,0.5796178343949044,-59.8,-43.2,2.0,14.0,0.125,1.7797342976707329,13,5,18,-13,0.02797645484037223,1,0,0,0,0,0,0,0,0,-1,0,0,0,0,0
1ojz,A,61,ILE,4.5,166.7,0.0,0,0,H,0.0650887573964497,-69.8,-35.6,14.0,12.0,0.5384615384615384,3.0997260303026763,26,14,20,-6,0.03963331102386066,1,0,0,0,0,0,0,0,0,-1,0,0,0,0,0
1ojz,A,62,GLN,-3.5,143.8,0.0,2,2,H,0.08585858585858586,-63.2,-40.6,7.0,15.0,0.3181818181818182,2.9212370071690725,22,22,24,-2,0.04476232774459557,1,0,0,0,0,0,0,0,0,-1,0,0,0,0,0
1ojz,A,63,GLU,-3.5,138.4,-1.0,1,3,H,0.6494845360824743,-64.0,-44.1,3.0,14.0,0.17647058823529413,1.8929267849311096,15,14,10,4,0.03590311704514436,1,0,0,0,0,0,0,0,0,-1,0,0,0,0,0
1ojz,A,64,GLN,-3.5,143.8,0.0,2,2,H,0.45454545454545453,-65.5,-35.2,15.0,12.0,0.5555555555555556,1.8642422280108748,28,14,20,-6,0.03963331102386066,1,0,0,0,0,0,0,0,0,-1,0,0,0,0,0
1ojz,A,65,VAL,4.2,140.0,0.0,0,0,H,0.0,-68.9,-48.4,20.0,16.0,0.5555555555555556,3.6449078576111886,31,22,21,1,0.04755997322863279,1,0,0,0,0,0,0,0,0,-1,0,0,0,0,0
1ojz,A,66,ARG,-4.5,173.4,1.0,5,0,H,0.49193548387096775,-58.8,-38.6,7.0,17.0,0.2916666666666667,1.9247837587057226,19,6,23,-17,0.034970568550465285,1,0,0,0,0,0,0,0,0,-1,0,0,0,0,0
1ojz,A,67,GLN,-3.5,143.8,0.0,2,2,H,0.25252525252525254,-63.8,-52.0,15.0,11.0,0.5769230769230769,2.0863095165280843,25,28,25,3,0.03870076252918159,1,0,0,0,0,0,0,0,0,-1,0,0,0,0,0
1ojz,A,68,LEU,3.8,166.7,0.0,0,0,H,0.012195121951219513,-64.8,-34.2,20.0,15.0,0.5714285714285714,2.598179828483308,35,26,20,6,0.04476232774459557,1,0,0,0,0,0,0,0,0,-1,0,0,0,0,0
1ojz,A,69,ASP,-3.5,111.1,-1.0,1,3,H,0.26993865030674846,-59.9,-45.6,14.0,20.0,0.4117647058823529,1.854859362137622,29,34,5,29,0.04196468226055834,1,0,0,0,0,0,0,0,0,-1,0,0,0,0,0
1ojz,A,70,SER,-0.8,89.0,0.0,1,1,H,0.4461538461538462,-64.1,-38.3,11.0,15.0,0.4230769230769231,1.8396686071391812,24,26,18,8,0.03310547156110714,1,0,0,0,0,0,0,0,0,-1,0,0,0,0,0
1ojz,A,71,THR,-0.7,116.1,0.0,1,1,H,0.0,-66.3,-48.1,24.0,14.0,0.631578947368421,3.338999845083059,33,36,16,20,0.04429605349725603,1,0,0,0,0,0,0,0,0,1,1358,7,0,98,1
1ojz,A,72,ILE,4.5,166.7,0.0,0,0,H,0.005917159763313609,-60.0,-41.8,19.0,19.0,0.5,2.7067112224995507,34,34,15,19,0.04989134446533048,1,0,0,0,0,0,0,0,0,-1,0,0,0,0,0
1ojz,A,73,SER,-0.8,89.0,0.0,1,1,T,0.36153846153846153,-67.5,-4.1,7.0,23.0,0.23333333333333334,1.8261923351826121,27,28,12,16,0.03730193978716297,0,0,0,0,0,1,0,0,0,1,1358,7,0,98,1
1ojz,A,74,LYS,-3.9,168.6,1.0,2,0,T,0.4,-75.8,-9.6,17.0,13.0,0.5666666666666667,1.9223830308364174,24,20,12,8,0.04103213376587927,0,0,0,0,0,1,0,0,0,1,1358,7,0,98,1
1ojz,A,75,SER,-0.8,89.0,0.0,1,1,-,0.023076923076923078,-142.1,150.2,22.0,11.0,0.6666666666666666,2.5962682769920797,34,30,2,28,0.043363505002576956,0,0,0,0,0,0,0,0,0,1,1358,7,0,98,1
1ojz,A,76,VAL,4.2,140.0,0.0,0,0,B,0.4154929577464789,-133.6,161.2,10.0,23.0,0.30303030303030304,2.090742175674551,33,33,5,28,0.03776821403450251,0,1,0,0,0,0,0,0,0,-1,0,0,0,0,0
1ojz,A,77,THR,-0.7,116.1,0.0,1,1,-,0.014084507042253521,-69.6,131.6,21.0,16.0,0.5675675675675675,3.417389815342505,32,30,10,20,0.04662742473395372,0,0,0,0,0,0,0,0,0,-1,0,0,0,0,0
1ojz,A,78,PRO,-1.6,112.7,0.0,0,0,S,0.375,-82.1,-13.0,11.0,16.0,0.4074074074074074,1.951117430531651,24,18,9,9,0.032639197313767604,0,0,0,0,0,0,1,0,0,-1,0,0,0,0,0
1ojz,A,79,ASP,-3.5,111.1,-1.0,1,3,S,0.2085889570552147,-141.0,162.7,11.0,13.0,0.4583333333333333,2.1750790016658854,23,18,8,10,0.04149840801321881,0,0,0,0,0,0,1,0,0,5,135,3,0,5,1
1ojz,A,80,SER,-0.8,89.0,0.0,1,1,-,0.19230769230769232,-71.4,144.7,8.0,19.0,0.2962962962962963,2.235116972974271,24,18,25,-7,0.04476232774459557,0,0,0,0,0,0,0,0,0,10,15,7,0,1,1
1ojz,A,81,VAL,4.2,140.0,0.0,0,0,E,0.0,-161.9,153.3,19.0,15.0,0.5588235294117647,5.173409229679079,33,20,20,0,0.050823892960009553,0,0,1,0,0,0,0,0,0,-1,0,0,0,0,0
1ojz,A,82,TYR,-1.3,193.6,0.0,1,1,E,0.2072072072072072,-98.3,136.4,14.0,19.0,0.42424242424242425,3.3849216007898355,28,17,16,1,0.05035761871267001,0,0,1,0,0,0,0,0,0,-1,0,0,0,0,0
1ojz,A,83,VAL,4.2,140.0,0.0,0,0,E,0.007042253521126761,-128.1,153.9,22.0,23.0,0.4888888888888889,6.405084048355391,43,22,22,0,0.05175644145468863,0,0,1,0,0,0,0,0,0,-1,0,0,0,0,0
1ojz,A,84,TYR,-1.3,193.6,0.0,1,1,E,0.05855855855855856,-116.7,127.6,20.0,21.0,0.4878048780487805,2.7959327309482345,35,19,13,6,0.050823892960009553,0,0,1,0,0,0,0,0,0,-1,0,0,0,0,0
1ojz,A,85,ARG,-4.5,173.4,1.0,5,0,E,0.06854838709677419,-108.7,103.9,14.0,26.0,0.35,2.359632643231624,31,16,17,-1,0.04662742473395372,0,0,1,0,0,0,0,0,0,-1,0,0,0,0,0
1ojz,A,86,LEU,3.8,166.7,0.0,0,0,E,0.04878048780487805,-81.5,129.0,15.0,20.0,0.42857142857142855,2.1577795333445478,31,32,9,23,0.05175644145468863,0,0,1,0,0,0,0,0,0,2,77,14,0,11,1
1ojz,A,87,LEU,3.8,166.7,0.0,0,0,E,0.09146341463414634,-132.8,162.2,17.0,12.0,0.5862068965517241,2.6649608721129945,29,28,18,10,0.043829779249916496,0,0,1,0,0,0,0,0,0,2,77,14,0,11,1
1ojz,A,88,ASN,-3.5,114.1,0.0,2,2,-,0.40764331210191085,-93.3,169.0,2.0,20.0,0.09090909090909091,1.9876511740978795,19,17,10,7,0.035436842797804825,0,0,0,0,0,0,0,0,0,2,77,14,0,11,1
1ojz,A,89,LEU,3.8,166.7,0.0,0,0,G,0.09146341463414634,-63.8,-18.6,13.0,16.0,0.4482758620689655,2.1133995169195208,27,12,11,1,0.03916703677652112,0,0,0,1,0,0,0,0,0,-1,0,0,0,0,0
1ojz,A,90,ASP,-3.5,111.1,-1.0,1,3,G,0.6441717791411042,-58.8,-27.8,2.0,16.0,0.1111111111111111,1.6720468583364732,18,9,0,9,0.02797645484037223,0,0,0,1,0,0,0,0,0,2,77,14,0,11,1
1ojz,A,91,TYR,-1.3,193.6,0.0,1,1,G,0.11711711711711711,-54.6,-36.3,14.0,8.0,0.6363636363636364,2.1696316229178585,30,17,19,-2,0.03357174580844668,0,0,0,1,0,0,0,0,0,2,77,14,0,11,1
1ojz,A,92,LEU,3.8,166.7,0.0,0,0,G,0.012195121951219513,-69.1,-10.9,25.0,8.0,0.7575757575757576,2.8752874273509494,29,4,15,-11,0.03916703677652112,0,0,0,1,0,0,0,0,0,-1,0,0,0,0,0
1ojz,A,93,SER,-0.8,89.0,0.0,1,1,G,0.7769230769230769,-69.5,-14.9,5.0,14.0,0.2631578947368421,1.8035395771813907,16,8,8,0,0.02984155182973038,0,0,0,1,0,0,0,0,0,-1,0,0,0,0,0
1ojz,A,94,SER,-0.8,89.0,0.0,1,1,G,0.5769230769230769,-91.3,7.2,7.0,12.0,0.3684210526315789,1.806342967986587,21,3,8,-5,0.025178809356335007,0,0,0,1,0,0,0,0,0,-1,0,0,0,0,0
1ojz,A,95,ILE,4.5,166.7,0.0,0,0,S,0.03550295857988166,-103.1,120.3,19.0,6.0,0.76,2.173468756632549,26,12,6,6,0.03730193978716297,0,0,0,0,0,0,1,0,0,3,213,4,0,9,1
1ojz,A,96,THR,-0.7,116.1,0.0,1,1,T,0.9014084507042254,-65.5,131.9,3.0,16.0,0.15789473684210525,1.8136163191615278,16,12,1,11,0.024246260861655933,0,0,0,0,0,1,0,0,0,3,213,4,0,9,1
1ojz,A,97,GLY,-0.4,60.1,0.0,0,0,T,0.4880952380952381,101.3,-20.5,8.0,10.0,0.4444444444444444,1.7096239578378984,19,18,9,9,0.024246260861655933,0,0,0,0,0,1,0,0,0,3,213,4,0,9,1
1ojz,A,98,PHE,2.8,189.9,0.0,0,0,-,0.1065989847715736,-91.1,108.1,21.0,5.0,0.8076923076923077,2.647279358430283,31,21,16,5,0.03963331102386066,0,0,0,0,0,0,0,0,0,3,213,4,0,9,1
1ojz,A,99,THR,-0.7,116.1,0.0,1,1,-,0.5,-73.9,163.3,3.0,15.0,0.16666666666666666,1.8248888916740633,17,22,17,5,0.028909003335051305,0,0,0,0,0,0,0,0,0,14,24,1,0,0,1
1ojz,A,100,ARG,-4.5,173.4,1.0,5,0,H,0.6733870967741935,-55.4,-34.8,0.0,17.0,0.0,1.986377785341264,12,10,17,-7,0.02797645484037223,1,0,0,0,0,0,0,0,0,14,24,1,0,0,1
1ojz,A,101,GLU,-3.5,138.4,-1.0,1,3,H,0.5051546391752577,-73.8,-33.3,0.0,14.0,0.0,2.1078867542998276,12,22,8,14,0.03124037457174899,1,0,0,0,0,0,0,0,0,14,24,1,0,0,1
1ojz,A,102,ASP,-3.5,111.1,-1.0,1,3,H,0.0736196319018405,-60.9,-42.2,15.0,10.0,0.6,2.8913539820569953,21,28,9,19,0.04149840801321881,1,0,0,0,0,0,0,0,0,-1,0,0,0,0,0
1ojz,A,103,LEU,3.8,166.7,0.0,0,0,H,0.15853658536585366,-68.1,-44.6,12.0,14.0,0.46153846153846156,2.5623972809044258,23,21,22,-1,0.04755997322863279,1,0,0,0,0,0,0,0,0,14,24,1,0,0,1
1ojz,A,104,HIS,-3.2,153.2,0.1,2,1,H,0.3967391304347826,-52.5,-49.7,3.0,15.0,0.16666666666666666,1.9968160878293453,13,11,16,-5,0.03823448828184205,1,0,0,0,0,0,0,0,0,14,24,1,0,0,1
1ojz,A,105,MET,1.9,162.9,0.0,0,0,H,0.5691489361702128,-68.9,-37.7,10.0,9.0,0.5263157894736842,1.8857838119469466,18,22,17,5,0.03776821403450251,1,0,0,0,0,0,0,0,0,6,65,5,0,3,1
1ojz,A,106,LEU,3.8,166.7,0.0,0,0,H,0.0,-57.5,-37.4,21.0,12.0,0.6363636363636364,4.003653617630982,32,15,17,-2,0.048492521723311866,1,0,0,0,0,0,0,0,0,6,65,5,0,3,1
1ojz,A,107,GLN,-3.5,143.8,0.0,2,2,T,0.5202020202020202,-68.9,-15.3,8.0,18.0,0.3076923076923077,1.9227796080438324,23,17,10,7,0.03450429430312575,0,0,0,0,0,1,0,0,0,6,65,5,0,3,1
1ojz,A,108,GLN,-3.5,143.8,0.0,2,2,-,0.601010101010101,-89.9,82.4,6.0,13.0,0.3157894736842105,1.7986514210282247,17,11,7,4,0.030307826077069916,0,0,0,0,0,0,0,0,0,6,65,5,0,3,1
1ojz,A,109,THR,-0.7,116.1,0.0,1,1,-,0.36619718309859156,-81.6,167.8,9.0,11.0,0.45,1.8417587103035555,21,14,1,13,0.03310547156110714,0,0,0,0,0,0,0,0,0,6,65,5,0,3,1
1ojz,A,110,ASN,-3.5,114.1,0.0,2,2,B,0.7579617834394905,-108.7,93.2,6.0,9.0,0.4,1.8603092169408177,14,11,1,10,0.022847438119637322,0,1,0,0,0,0,0,0,0,15,24,1,0,0,1
1ojz,A,111,ASN,-3.5,114.1,0.0,2,2,T,0.9617834394904459,58.3,44.0,1.0,11.0,0.08333333333333333,1.722189988790876,9,15,0,15,0.019117244140921023,0,0,0,0,0,1,0,0,0,15,24,1,0,0,1
1ojz,A,112,GLY,-0.4,60.1,0.0,0,0,T,0.3333333333333333,93.0,-31.5,6.0,13.0,0.3157894736842105,1.8093721112163643,19,25,0,25,0.030307826077069916,0,0,0,0,0,1,0,0,0,15,24,1,0,0,1
1ojz,A,113,GLN,-3.5,143.8,0.0,2,2,B,0.3787878787878788,-70.6,139.0,8.0,15.0,0.34782608695652173,1.9779783147113175,18,26,8,18,0.04149840801321881,0,1,0,0,0,0,0,0,0,6,65,5,0,3,1
1ojz,A,114,TYR,-1.3,193.6,0.0,1,1,P,0.14864864864864866,-91.4,149.0,20.0,11.0,0.6451612903225806,2.479452310173437,34,28,7,21,0.05035761871267001,0,0,0,0,0,0,0,0,0,-1,0,0,0,0,0
1ojz,A,115,ASN,-3.5,114.1,0.0,2,2,P,0.4585987261146497,-56.9,120.4,12.0,15.0,0.4444444444444444,2.0713818611118358,23,14,14,0,0.03730193978716297,0,0,0,0,0,0,0,0,0,-1,0,0,0,0,0
1ojz,A,116,GLU,-3.5,138.4,-1.0,1,3,H,0.6597938144329897,-66.8,-35.7,3.0,23.0,0.11538461538461539,1.751245234250713,18,19,0,19,0.02984155182973038,1,0,0,0,0,0,0,0,0,19,1,3,0,0,1
1ojz,A,117,ALA,1.8,88.6,0.0,0,0,H,0.6792452830188679,-62.8,-44.8,3.0,15.0,0.16666666666666666,1.7676245437390619,17,9,16,-7,0.02471253510899547,1,0,0,0,0,0,0,0,0,-1,0,0,0,0,0
1ojz,A,118,LEU,3.8,166.7,0.0,0,0,H,0.08536585365853659,-70.0,-29.0,16.0,13.0,0.5517241379310345,2.4184370315124517,26,13,19,-6,0.03916703677652112,1,0,0,0,0,0,0,0,0,-1,0,0,0,0,0
1ojz,A,119,VAL,4.2,140.0,0.0,0,0,H,0.028169014084507043,-72.0,-37.5,19.0,17.0,0.5277777777777778,2.6469076506419422,29,23,11,12,0.045694876239274644,1,0,0,0,0,0,0,0,0,-1,0,0,0,0,0
1ojz,A,120,SER,-0.8,89.0,0.0,1,1,H,0.46923076923076923,-65.1,-37.0,3.0,20.0,0.13043478260869565,1.7714475599689263,19,17,9,8,0.0363693912924839,1,0,0,0,0,0,0,0,0,-1,0,0,0,0,0
1ojz,A,121,LYS,-3.9,168.6,1.0,2,0,H,0.35609756097560974,-63.9,-44.5,13.0,12.0,0.52,2.1336402590935757,23,0,11,-11,0.03730193978716297,1,0,0,0,0,0,0,0,0,-1,0,0,0,0,0
1ojz,A,122,LEU,3.8,166.7,0.0,0,0,H,0.0,-56.9,-47.1,23.0,13.0,0.6388888888888888,5.35859633486041,34,17,10,7,0.04709369898129325,1,0,0,0,0,0,0,0,0,-1,0,0,0,0,0
1ojz,A,123,ASN,-3.5,114.1,0.0,2,2,H,0.28662420382165604,-53.9,-47.3,11.0,18.0,0.3793103448275862,2.431358496002719,26,22,2,20,0.043363505002576956,1,0,0,0,0,0,0,0,0,20,0,1,0,0,1
1ojz,A,124,ASN,-3.5,114.1,0.0,2,2,H,0.802547770700637,-63.8,-41.8,7.0,15.0,0.3181818181818182,1.6254556692654747,21,17,0,17,0.03124037457174899,1,0,0,0,0,0,0,0,0,-1,0,0,0,0,0
1ojz,A,125,LEU,3.8,166.7,0.0,0,0,H,0.17073170731707318,-71.5,-28.0,13.0,12.0,0.52,2.2352040568350553,23,18,3,15,0.04243095650789788,1,0,0,0,0,0,0,0,0,3,213,4,0,9,1
1ojz,A,126,MET,1.9,162.9,0.0,0,0,H,0.0,-108.1,-19.6,21.0,8.0,0.7241379310344828,3.9117477923463477,33,18,0,18,0.04709369898129325,1,0,0,0,0,0,0,0,0,8,63,4,0,3,1
1ojz,A,127,ASN,-3.5,114.1,0.0,2,2,T,0.3503184713375796,-58.4,135.2,9.0,16.0,0.36,2.109944447799484,20,14,0,14,0.040099585271200194,0,0,0,0,0,1,0,0,0,8,63,4,0,3,1
1ojz,A,128,SER,-0.8,89.0,0.0,1,1,T,0.7692307692307693,68.5,14.0,1.0,18.0,0.05263157894736842,1.7891057775787216,19,11,0,11,0.02797645484037223,0,0,0,0,0,1,0,0,0,8,63,4,0,3,1
1ojz,A,129,ARG,-4.5,173.4,1.0,5,0,-,0.5161290322580645,-103.7,140.4,12.0,12.0,0.5,2.112537042893795,20,2,0,2,0.032172923066428064,0,0,0,0,0,0,0,0,0,8,63,4,0,3,1
1ojz,A,130,ILE,4.5,166.7,0.0,0,0,E,0.6035502958579881,-93.4,122.9,5.0,17.0,0.22727272727272727,1.9335102477970865,18,20,10,10,0.03590311704514436,0,0,1,0,0,0,0,0,0,-1,0,0,0,0,0
1ojz,A,131,TYR,-1.3,193.6,0.0,1,1,E,0.18018018018018017,-111.9,157.4,17.0,11.0,0.6071428571428571,2.147557219374444,29,20,15,5,0.03590311704514436,0,0,1,0,0,0,0,0,0,-1,0,0,0,0,0
1ojz,A,132,ARG,-4.5,173.4,1.0,5,0,E,0.4435483870967742,-134.7,127.1,6.0,20.0,0.23076923076923078,1.8827545276021012,23,14,19,-5,0.0363693912924839,0,0,1,0,0,0,0,0,0,7,24,12,0,3,1
1ojz,A,133,GLU,-3.5,138.4,-1.0,1,3,E,0.10309278350515463,-90.6,114.2,16.0,13.0,0.5517241379310345,2.211182347025703,29,40,7,33,0.04196468226055834,0,0,1,0,0,0,0,0,0,7,24,12,0,3,1
1ojz,A,134,ASN,-3.5,114.1,0.0,2,2,S,0.17197452229299362,-73.0,-27.2,12.0,15.0,0.4444444444444444,2.2860819840024917,28,38,19,19,0.04616115048661418,0,0,0,0,0,0,1,0,0,7,24,12,0,3,1
1ojz,A,135,GLY,-0.4,60.1,0.0,0,0,S,0.0,-87.5,-172.0,13.0,19.0,0.40625,3.769712679901726,34,41,14,27,0.04989134446533048,0,0,0,0,0,0,1,0,0,7,24,12,0,3,1
1ojz,A,136,TYR,-1.3,193.6,0.0,1,1,-,0.009009009009009009,-80.1,160.1,19.0,16.0,0.5428571428571428,3.3225225975868216,37,28,18,10,0.04942507021799094,0,0,0,0,0,0,0,0,0,-1,0,0,0,0,0
1ojz,A,137,SER,-0.8,89.0,0.0,1,1,E,0.007692307692307693,-110.2,111.2,23.0,14.0,0.6216216216216216,3.1998397090885615,38,28,18,10,0.045228601991935104,0,0,1,0,0,0,0,0,0,-1,0,0,0,0,0
1ojz,A,138,SER,-0.8,89.0,0.0,1,1,E,0.45384615384615384,-89.0,114.0,13.0,25.0,0.34210526315789475,1.8229828412695541,33,20,14,6,0.03730193978716297,0,0,1,0,0,0,0,0,0,-1,0,0,0,0,0
1ojz,A,139,THR,-0.7,116.1,0.0,1,1,E,0.028169014084507043,-127.6,175.4,22.0,16.0,0.5789473684210527,2.622695149190395,36,15,9,6,0.04616115048661418,0,0,1,0,0,0,0,0,0,-1,0,0,0,0,0
1ojz,A,140,GLN,-3.5,143.8,0.0,2,2,E,0.050505050505050504,-129.1,136.2,17.0,25.0,0.40476190476190477,2.7567412287748314,35,12,19,-7,0.053621538444046775,0,0,1,0,0,0,0,0,0,0,3223,12,0,453,1
1ojz,A,141,LEU,3.8,166.7,0.0,0,0,S,0.0,-66.2,-29.7,23.0,21.0,0.5227272727272727,5.282764556156885,43,10,20,-10,0.05502036118606539,0,0,0,0,0,0,1,0,0,-1,0,0,0,0,0
1ojz,A,142,VAL,4.2,140.0,0.0,0,0,S,0.09154929577464789,-122.0,117.8,17.0,20.0,0.4594594594594595,2.8951399372430275,32,2,25,-23,0.04942507021799094,0,0,0,0,0,0,1,0,0,0,3223,12,0,453,1
1ojz,A,143,SER,-0.8,89.0,0.0,1,1,T,0.3384615384615385,-59.4,134.4,14.0,21.0,0.4,1.7975852540710548,31,15,12,3,0.03776821403450251,0,0,0,0,0,1,0,0,0,-1,0,0,0,0,0
1ojz,A,144,GLY,-0.4,60.1,0.0,0,0,T,0.40476190476190477,92.2,-10.3,6.0,24.0,0.2,1.7913131870820282,24,14,7,7,0.028909003335051305,0,0,0,0,0,1,0,0,0,0,3223,12,0,453,1
1ojz,A,145,ALA,1.8,88.6,0.0,0,0,S,0.2830188679245283,-63.7,-16.0,22.0,7.0,0.7586206896551724,1.7676427646130453,25,0,11,-11,0.034970568550465285,0,0,0,0,0,0,1,0,0,0,3223,12,0,453,1
1ojz,A,146,ALA,1.8,88.6,0.0,0,0,S,0.10377358490566038,-155.8,143.2,17.0,8.0,0.68,2.167594975553101,27,17,9,8,0.027510180593032695,0,0,0,0,0,0,1,0,0,0,3223,12,0,453,1
1ojz,A,147,LEU,3.8,166.7,0.0,0,0,S,0.4695121951219512,45.4,36.9,14.0,10.0,0.5833333333333334,1.9087183108964403,22,19,0,19,0.027510180593032695,0,0,0,0,0,0,1,0,0,0,3223,12,0,453,1
1ojz,A,148,ALA,1.8,88.6,0.0,0,0,T,0.44339622641509435,-57.5,-12.2,6.0,15.0,0.2857142857142857,1.7832389327755194,20,20,7,13,0.02844272908771177,0,0,0,0,0,1,0,0,0,-1,0,0,0,0,0
1ojz,A,149,GLY,-0.4,60.1,0.0,0,0,T,0.8809523809523809,-81.7,-12.4,1.0,17.0,0.05555555555555555,1.7096198572319006,20,27,4,23,0.01958351838826056,0,0,0,0,0,1,0,0,0,-1,0,0,0,0,0
1ojz,A,150,ARG,-4.5,173.4,1.0,5,0,-,0.3064516129032258,-62.2,143.2,18.0,6.0,0.75,2.050444845926567,23,14,11,3,0.035436842797804825,0,0,0,0,0,0,0,0,0,2,77,14,0,11,1
1ojz,A,151,PRO,-1.6,112.7,0.0,0,0,S,0.16911764705882354,-59.5,-46.4,13.0,20.0,0.3939393939393939,2.3689493500965964,31,30,13,17,0.040099585271200194,0,0,0,0,0,0,1,0,0,-1,0,0,0,0,0
1ojz,A,152,ILE,4.5,166.7,0.0,0,0,E,0.0,-102.3,141.3,15.0,21.0,0.4166666666666667,5.280972073591693,33,35,16,19,0.05222271570202816,0,0,1,0,0,0,0,0,0,-1,0,0,0,0,0
1ojz,A,153,GLU,-3.5,138.4,-1.0,1,3,E,0.12371134020618557,-124.9,109.9,21.0,17.0,0.5526315789473685,3.399372225569645,36,38,1,37,0.04989134446533048,0,0,1,0,0,0,0,0,0,-1,0,0,0,0,0
1ojz,A,154,LEU,3.8,166.7,0.0,0,0,E,0.0,-88.6,103.1,19.0,23.0,0.4523809523809524,5.861755086206292,38,19,14,5,0.05222271570202816,0,0,1,0,0,0,0,0,0,-1,0,0,0,0,0
1ojz,A,155,LYS,-3.9,168.6,1.0,2,0,E,0.25365853658536586,-88.4,106.1,12.0,24.0,0.3333333333333333,3.495070078063352,33,8,18,-10,0.048026247475972325,0,0,1,0,0,0,0,0,0,-1,0,0,0,0,0
1ojz,A,156,LEU,3.8,166.7,0.0,0,0,E,0.006097560975609756,-105.8,119.4,22.0,19.0,0.5365853658536586,6.218425158969345,37,20,20,0,0.053155264196707235,0,0,1,0,0,0,0,0,0,-1,0,0,0,0,0
1ojz,A,157,GLU,-3.5,138.4,-1.0,1,3,E,0.23711340206185566,-85.7,119.6,10.0,25.0,0.2857142857142857,2.5108059121388595,30,20,4,16,0.04616115048661418,0,0,1,0,0,0,0,0,0,10,15,7,0,1,1
1ojz,A,158,LEU,3.8,166.7,0.0,0,0,E,0.006097560975609756,-98.8,124.1,23.0,16.0,0.5897435897435898,4.573674409762134,40,33,16,17,0.05175644145468863,0,0,1,0,0,0,0,0,0,10,15,7,0,1,1
1ojz,A,159,PRO,-1.6,112.7,0.0,0,0,P,0.2426470588235294,-65.6,151.8,11.0,16.0,0.4074074074074074,2.387928192424703,27,28,15,13,0.04243095650789788,0,0,0,0,0,0,0,0,0,10,15,7,0,1,1
1ojz,A,160,LYS,-3.9,168.6,1.0,2,0,T,0.6682926829268293,-62.7,135.7,7.0,17.0,0.2916666666666667,1.9488195090279303,18,9,13,-4,0.0363693912924839,0,0,0,0,0,1,0,0,0,-1,0,0,0,0,0
1ojz,A,161,GLY,-0.4,60.1,0.0,0,0,T,0.25,85.1,7.0,1.0,20.0,0.047619047619047616,1.9388763876273105,21,33,6,27,0.034970568550465285,0,0,0,0,0,1,0,0,0,-1,0,0,0,0,0
1ojz,A,162,THR,-0.7,116.1,0.0,1,1,-,0.02112676056338028,-86.7,147.8,17.0,13.0,0.5666666666666667,3.7153140182528293,31,36,8,28,0.040565859518539735,0,0,0,0,0,0,0,0,0,9,24,9,0,2,1
1ojz,A,163,LYS,-3.9,168.6,1.0,2,0,B,0.3804878048780488,-62.1,130.4,13.0,22.0,0.37142857142857144,2.9599550096409057,28,28,4,24,0.043829779249916496,0,1,0,0,0,0,0,0,0,9,24,9,0,2,1
1ojz,A,164,ALA,1.8,88.6,0.0,0,0,-,0.0,-167.8,141.4,27.0,20.0,0.574468085106383,5.683144378158593,43,24,5,19,0.048492521723311866,0,0,0,0,0,0,0,0,0,-1,0,0,0,0,0
1ojz,A,165,ALA,1.8,88.6,0.0,0,0,E,0.0,-114.5,123.3,25.0,25.0,0.5,6.850228628473086,43,13,14,-1,0.0526889899493677,0,0,1,0,0,0,0,0,0,-1,0,0,0,0,0
1ojz,A,166,TYR,-1.3,193.6,0.0,1,1,E,0.0,-90.6,121.8,22.0,26.0,0.4583333333333333,4.8506373442546975,41,7,20,-13,0.05035761871267001,0,0,1,0,0,0,0,0,0,18,0,7,0,0,1
1ojz,A,167,ILE,4.5,166.7,0.0,0,0,-,0.0,-123.0,20.0,24.0,21.0,0.5333333333333333,5.249763252274904,41,10,28,-18,0.048492521723311866,0,0,0,0,0,0,0,0,0,-1,0,0,0,0,0
1ojz,A,168,ASP,-3.5,111.1,-1.0,1,3,-,0.1411042944785276,-82.1,74.3,22.0,17.0,0.5641025641025641,2.09271806084691,32,10,17,-7,0.05175644145468863,0,0,0,0,0,0,0,0,0,18,0,7,0,0,1
1ojz,A,169,SER,-0.8,89.0,0.0,1,1,S,0.2230769230769231,-144.0,136.5,14.0,14.0,0.5,2.22690514235885,23,16,22,-6,0.03683566553982344,0,0,0,0,0,0,1,0,0,-1,0,0,0,0,0
1ojz,A,170,LYS,-3.9,168.6,1.0,2,0,T,0.7902439024390244,-45.0,-30.5,0.0,19.0,0.0,1.8706589090596475,14,0,17,-17,0.03124037457174899,0,0,0,0,0,1,0,0,0,-1,0,0,0,0,0
1ojz,A,171,GLU,-3.5,138.4,-1.0,1,3,T,0.4484536082474227,-90.2,-11.2,7.0,15.0,0.3181818181818182,1.7674459230749753,21,18,8,10,0.027043906345693154,0,0,0,0,0,1,0,0,0,13,24,1,0,0,1
1ojz,A,172,LEU,3.8,166.7,0.0,0,0,T,0.0,-100.5,-30.6,18.0,16.0,0.5294117647058824,3.210791319751996,32,19,32,-13,0.04616115048661418,0,0,0,0,0,1,0,0,0,13,24,1,0,0,1
1ojz,A,173,THR,-0.7,116.1,0.0,1,1,-,0.028169014084507043,-126.1,144.8,15.0,15.0,0.5,2.9063446124691223,27,21,26,-5,0.05175644145468863,0,0,0,0,0,0,0,0,0,-1,0,0,0,0,0
1ojz,A,174,ALA,1.8,88.6,0.0,0,0,S,0.25471698113207547,-78.4,-12.8,10.0,13.0,0.43478260869565216,2.030621045219432,20,18,14,4,0.03683566553982344,0,0,0,0,0,0,1,0,0,-1,0,0,0,0,0
1ojz,A,175,TYR,-1.3,193.6,0.0,1,1,S,0.5495495495495496,-126.0,76.5,11.0,12.0,0.4782608695652174,1.9573352315391686,23,12,10,2,0.030774100324409453,0,0,0,0,0,0,1,0,0,-1,0,0,0,0,0
1ojz,A,176,PRO,-1.6,112.7,0.0,0,0,T,0.47058823529411764,-65.9,154.9,4.0,18.0,0.18181818181818182,1.9703175332373808,18,9,18,-9,0.03310547156110714,0,0,0,0,0,1,0,0,0,-1,0,0,0,0,0
1ojz,A,177,GLY,-0.4,60.1,0.0,0,0,T,0.5357142857142857,93.1,2.3,4.0,22.0,0.15384615384615385,1.7095547653534198,24,6,16,-10,0.02984155182973038,0,0,0,0,0,1,0,0,0,0,3223,12,0,453,1
1ojz,A,178,GLN,-3.5,143.8,0.0,2,2,S,0.24242424242424243,-97.2,6.0,19.0,16.0,0.5428571428571428,2.0251265334399258,28,0,17,-17,0.03963331102386066,0,0,0,0,0,0,1,0,0,0,3223,12,0,453,1
1ojz,A,179,GLN,-3.5,143.8,0.0,2,2,-,0.030303030303030304,43.0,40.4,22.0,18.0,0.55,2.706444344837861,37,3,25,-22,0.05129016720734909,0,0,0,0,0,0,0,0,0,0,3223,12,0,453,1
1ojz,A,180,GLU,-3.5,138.4,-1.0,1,3,E,0.04639175257731959,-66.2,135.9,20.0,22.0,0.47619047619047616,2.369063756176864,33,2,8,-6,0.053155264196707235,0,0,1,0,0,0,0,0,0,0,3223,12,0,453,1
1ojz,A,181,VAL,4.2,140.0,0.0,0,0,E,0.014084507042253521,-124.2,116.1,26.0,22.0,0.5416666666666666,5.175539978222915,40,7,15,-8,0.04989134446533048,0,0,1,0,0,0,0,0,0,-1,0,0,0,0,0
1ojz,A,182,LEU,3.8,166.7,0.0,0,0,E,0.0,-95.5,121.4,22.0,24.0,0.4782608695652174,4.672685403695337,38,11,15,-4,0.045694876239274644,0,0,1,0,0,0,0,0,0,-1,0,0,0,0,0
1ojz,A,183,LEU,3.8,166.7,0.0,0,0,E,0.018292682926829267,-95.7,153.7,24.0,22.0,0.5217391304347826,5.9304933585301995,38,31,19,12,0.04616115048661418,0,0,1,0,0,0,0,0,0,-1,0,0,0,0,0
1ojz,A,184,PRO,-1.6,112.7,0.0,0,0,P,0.11029411764705882,-55.1,152.4,18.0,21.0,0.46153846153846156,2.6951103147151514,36,38,21,17,0.048026247475972325,0,0,0,0,0,0,0,0,0,9,24,9,0,2,1
1ojz,A,185,ARG,-4.5,173.4,1.0,5,0,T,0.18951612903225806,-68.9,154.9,18.0,17.0,0.5142857142857142,2.0554591138126863,34,22,22,0,0.045228601991935104,0,0,0,0,0,1,0,0,0,11,7,5,0,0,1
1ojz,A,186,GLY,-0.4,60.1,0.0,0,0,T,0.023809523809523808,75.0,19.8,11.0,19.0,0.36666666666666664,2.4376179543241148,27,37,22,15,0.04243095650789788,0,0,0,0,0,1,0,0,0,9,24,9,0,2,1
1ojz,A,187,THR,-0.7,116.1,0.0,1,1,E,0.02112676056338028,-62.8,129.5,21.0,12.0,0.6363636363636364,3.21108335372529,33,41,19,22,0.04662742473395372,0,0,1,0,0,0,0,0,0,-1,0,0,0,0,0
1ojz,A,188,GLU,-3.5,138.4,-1.0,1,3,E,0.39690721649484534,-106.4,138.8,6.0,23.0,0.20689655172413793,2.0499740640197675,24,30,6,24,0.04476232774459557,0,0,1,0,0,0,0,0,0,-1,0,0,0,0,0
1ojz,A,189,TYR,-1.3,193.6,0.0,1,1,E,0.02702702702702703,-146.8,134.2,20.0,12.0,0.625,3.754277868276198,31,27,22,5,0.048026247475972325,0,0,1,0,0,0,0,0,0,-1,0,0,0,0,0
1ojz,A,190,ALA,1.8,88.6,0.0,0,0,E,0.25471698113207547,-95.0,117.8,5.0,22.0,0.18518518518518517,2.1811388731598287,24,11,16,-5,0.043829779249916496,0,0,1,0,0,0,0,0,0,8,63,4,0,3,1
1ojz,A,191,VAL,4.2,140.0,0.0,0,0,E,0.014084507042253521,-69.8,122.0,18.0,12.0,0.6,3.0890527096950917,31,16,3,13,0.04942507021799094,0,0,1,0,0,0,0,0,0,8,63,4,0,3,1
1ojz,A,192,GLY,-0.4,60.1,0.0,0,0,E,0.6190476190476191,-86.2,-43.2,9.0,17.0,0.34615384615384615,1.8062249237990922,26,17,1,16,0.03124037457174899,0,0,1,0,0,0,0,0,0,8,63,4,0,3,1
1ojz,A,193,SER,-0.8,89.0,0.0,1,1,E,0.18461538461538463,-164.6,164.6,5.0,25.0,0.16666666666666666,2.041311661913804,27,20,1,19,0.03776821403450251,0,0,1,0,0,0,0,0,0,20,0,1,0,0,1
1ojz,A,194,VAL,4.2,140.0,0.0,0,0,E,0.02112676056338028,-133.0,115.4,19.0,14.0,0.5757575757575758,3.1582876379230145,34,18,6,12,0.048026247475972325,0,0,1,0,0,0,0,0,0,20,0,1,0,0,1
1ojz,A,195,LYS,-3.9,168.6,1.0,2,0,E,0.6487804878048781,-140.0,169.4,8.0,25.0,0.24242424242424243,2.1292263503621975,24,11,14,-3,0.03730193978716297,0,0,1,0,0,0,0,0,0,20,0,1,0,0,1
1ojz,A,196,LEU,3.8,166.7,0.0,0,0,E,0.1524390243902439,-82.0,147.8,14.0,15.0,0.4827586206896552,2.1330205986236193,26,31,18,13,0.045228601991935104,0,0,1,0,0,0,0,0,0,21,0,1,0,0,1
1ojz,A,197,SER,-0.8,89.0,0.0,1,1,-,0.13846153846153847,-62.5,174.8,13.0,11.0,0.5416666666666666,2.011214173511649,21,38,19,19,0.0363693912924839,0,0,0,0,0,0,0,0,0,21,0,1,0,0,1
1ojz,A,198,ASP,-3.5,111.1,-1.0,1,3,T,1.0,-59.1,-37.4,0.0,11.0,0.0,1.672053596272698,11,30,1,29,0.020049792635600097,0,0,0,0,0,1,0,0,0,21,0,1,0,0,1
1ojz,A,199,ASN,-3.5,114.1,0.0,2,2,T,0.42038216560509556,-93.4,6.4,5.0,11.0,0.3125,1.7692824328281267,15,31,8,23,0.02797645484037223,0,0,0,0,0,1,0,0,0,21,0,1,0,0,1
1ojz,A,200,LYS,-3.9,168.6,1.0,2,0,S,0.3853658536585366,60.0,13.9,9.0,13.0,0.4090909090909091,2.592943929649043,19,21,17,4,0.03776821403450251,0,0,0,0,0,0,1,0,0,19,1,3,0,0,1
1ojz,A,201,ARG,-4.5,173.4,1.0,5,0,S,0.5645161290322581,-96.0,-2.5,6.0,21.0,0.2222222222222222,2.1016094440041146,18,20,5,15,0.04196468226055834,0,0,0,0,0,0,1,0,0,16,2,6,0,0,1
1ojz,A,202,LYS,-3.9,168.6,1.0,2,0,S,0.22439024390243903,-141.8,154.5,18.0,18.0,0.5,2.8259696338166567,30,27,16,11,0.048958795970651406,0,0,0,0,0,0,1,0,0,-1,0,0,0,0,0
1ojz,A,203,ILE,4.5,166.7,0.0,0,0,E,0.0,-104.7,119.8,23.0,18.0,0.5609756097560976,5.603898346160294,40,33,14,19,0.04755997322863279,0,0,1,0,0,0,0,0,0,-1,0,0,0,0,0
1ojz,A,204,ILE,4.5,166.7,0.0,0,0,E,0.14792899408284024,-100.2,122.2,14.0,23.0,0.3783783783783784,2.2622580219401294,33,39,16,23,0.048026247475972325,0,0,1,0,0,0,0,0,0,-1,0,0,0,0,0
1ojz,A,205,ILE,4.5,166.7,0.0,0,0,E,0.0,-108.9,104.7,22.0,18.0,0.55,4.235226389077475,37,28,10,18,0.04709369898129325,0,0,1,0,0,0,0,0,0,-1,0,0,0,0,0
1ojz,A,206,THR,-0.7,116.1,0.0,1,1,E,0.22535211267605634,-94.9,129.9,6.0,29.0,0.17142857142857143,2.1699974521024545,28,19,16,3,0.04243095650789788,0,0,1,0,0,0,0,0,0,8,63,4,0,3,1
1ojz,A,207,ALA,1.8,88.6,0.0,0,0,E,0.009433962264150943,-146.1,162.6,22.0,13.0,0.6285714285714286,2.5150233233913744,34,15,14,1,0.04616115048661418,0,0,1,0,0,0,0,0,0,-1,0,0,0,0,0
1ojz,A,208,VAL,4.2,140.0,0.0,0,0,E,0.4788732394366197,-113.9,125.6,9.0,25.0,0.2647058823529412,2.0999831528431216,28,12,14,-2,0.04289723075523742,0,0,1,0,0,0,0,0,0,10,15,7,0,1,1
1ojz,A,209,VAL,4.2,140.0,0.0,0,0,E,0.04225352112676056,-80.6,140.5,24.0,13.0,0.6486486486486487,3.2017664428271515,33,26,18,8,0.045228601991935104,0,0,1,0,0,0,0,0,0,10,15,7,0,1,1
1ojz,A,210,PHE,2.8,189.9,0.0,0,0,-,0.47715736040609136,-83.5,125.7,9.0,16.0,0.36,1.9057426391589345,20,25,14,11,0.03403802005578621,0,0,0,0,0,0,0,0,0,10,15,7,0,1,1
1ojz,A,211,LYS,-3.9,168.6,1.0,2,0,-,0.6878048780487804,-45.4,129.6,7.0,18.0,0.28,1.9070661551793506,16,24,4,20,0.032172923066428064,0,0,0,0,0,0,0,0,0,10,15,7,0,1,1
1ojz,A,212,LYS,-3.9,168.6,1.0,2,0,-,0.35121951219512193,-122.1,360.0,18.0,7.0,0.72,1.9543944683148338,23,29,10,19,0.02797645484037223,0,0,0,0,0,0,0,0,0,9,24,9,0,2,1
2fdx,A,1,MET,1.9,162.9,0.0,0,0,-,0.1702127659574468,360.0,168.0,21.0,11.0,0.65625,1.9707106707610125,27,18,25,-7,0.03823448828184205,0,0,0,0,0,0,0,0,0,14,1,1,0,0,1
2fdx,A,2,LYS,-3.9,168.6,1.0,2,0,E,0.17560975609756097,-134.2,143.7,15.0,22.0,0.40540540540540543,3.3235526883173208,28,0,35,-35,0.04196468226055834,0,0,1,0,0,0,0,0,0,9,2,8,0,0,1
2fdx,A,3,ILE,4.5,166.7,0.0,0,0,E,0.0,-123.3,121.8,24.0,17.0,0.5853658536585366,5.245479398817134,39,10,16,-6,0.04755997322863279,0,0,1,0,0,0,0,0,0,-1,0,0,0,0,0
2fdx,A,4,VAL,4.2,140.0,0.0,0,0,E,0.0,-114.1,134.3,18.0,25.0,0.4186046511627907,5.731466503814709,36,8,8,0,0.05222271570202816,0,0,1,0,0,0,0,0,0,-1,0,0,0,0,0
2fdx,A,5,TYR,-1.3,193.6,0.0,1,1,E,0.07207207207207207,-148.9,165.7,25.0,17.0,0.5952380952380952,3.337082334807978,33,7,22,-15,0.053621538444046775,0,0,1,0,0,0,0,0,0,-1,0,0,0,0,0
2fdx,A,6,TRP,-0.9,227.8,0.0,1,0,E,0.14537444933920704,-128.6,135.9,17.0,23.0,0.425,2.4637640460614803,32,0,31,-31,0.04942507021799094,0,0,1,0,0,0,0,0,0,13,1,1,0,0,1
2fdx,A,7,SER,-0.8,89.0,0.0,1,1,-,0.16923076923076924,-143.2,132.0,20.0,13.0,0.6060606060606061,1.8708405911666157,27,4,19,-15,0.04429605349725603,0,0,0,0,0,0,0,0,0,3,95,2,0,2,1
2fdx,A,8,GLY,-0.4,60.1,0.0,0,0,S,0.5833333333333334,-93.2,-28.5,14.0,13.0,0.5185185185185185,1.7095019268693292,17,1,15,-14,0.025645083603674543,0,0,0,0,0,0,1,0,0,3,95,2,0,2,1
2fdx,A,9,THR,-0.7,116.1,0.0,1,1,S,0.8661971830985915,-126.8,-4.8,9.0,9.0,0.5,1.7767303628350672,15,3,15,-12,0.017252147151562876,0,0,0,0,0,0,1,0,0,3,95,2,0,2,1
2fdx,A,10,GLY,-0.4,60.1,0.0,0,0,S,0.2261904761904762,109.4,-5.2,1.0,21.0,0.045454545454545456,1.7096813464550853,20,9,24,-15,0.030307826077069916,0,0,0,0,0,0,1,0,0,3,95,2,0,2,1
2fdx,A,11,ASN,-3.5,114.1,0.0,2,2,H,0.1910828025477707,-66.3,-51.4,18.0,14.0,0.5625,2.1327321285077523,28,9,22,-13,0.045228601991935104,1,0,0,0,0,0,0,0,0,3,95,2,0,2,1
2fdx,A,12,THR,-0.7,116.1,0.0,1,1,H,0.0,-69.1,-31.8,23.0,18.0,0.5609756097560976,2.9308099664506386,39,8,23,-15,0.053155264196707235,1,0,0,0,0,0,0,0,0,3,95,2,0,2,1
2fdx,A,13,GLU,-3.5,138.4,-1.0,1,3,H,0.39690721649484534,-63.5,-41.5,8.0,25.0,0.24242424242424243,2.1162538862676707,25,8,12,-4,0.043363505002576956,1,0,0,0,0,0,0,0,0,-1,0,0,0,0,0
2fdx,A,14,LYS,-3.9,168.6,1.0,2,0,H,0.22926829268292684,-66.5,-39.8,12.0,22.0,0.35294117647058826,2.08928843679113,27,2,43,-41,0.04196468226055834,1,0,0,0,0,0,0,0,0,-1,0,0,0,0,0
2fdx,A,15,MET,1.9,162.9,0.0,0,0,H,0.0,-57.7,-45.8,28.0,19.0,0.5957446808510638,5.207510765393882,44,10,40,-30,0.04989134446533048,1,0,0,0,0,0,0,0,0,-1,0,0,0,0,0
2fdx,A,16,ALA,1.8,88.6,0.0,0,0,H,0.0,-57.2,-44.9,22.0,24.0,0.4782608695652174,3.0143222663322984,39,16,19,-3,0.04942507021799094,1,0,0,0,0,0,0,0,0,-1,0,0,0,0,0
2fdx,A,17,GLU,-3.5,138.4,-1.0,1,3,H,0.5824742268041238,-61.8,-41.6,8.0,26.0,0.23529411764705882,1.7820557430726893,24,18,14,4,0.03683566553982344,1,0,0,0,0,0,0,0,0,-1,0,0,0,0,0
2fdx,A,18,LEU,3.8,166.7,0.0,0,0,H,0.0975609756097561,-68.2,-38.4,18.0,15.0,0.5454545454545454,2.5485014849757976,33,20,40,-20,0.045694876239274644,1,0,0,0,0,0,0,0,0,-1,0,0,0,0,0
2fdx,A,19,ILE,4.5,166.7,0.0,0,0,H,0.0,-64.6,-41.0,25.0,21.0,0.5434782608695652,5.64418599167502,43,28,27,1,0.05408781269138631,1,0,0,0,0,0,0,0,0,-1,0,0,0,0,0
2fdx,A,20,ALA,1.8,88.6,0.0,0,0,H,0.07547169811320754,-63.7,-41.2,16.0,22.0,0.42105263157894735,2.6340271417975636,34,28,29,-1,0.045694876239274644,1,0,0,0,0,0,0,0,0,7,24,1,0,0,1
2fdx,A,21,LYS,-3.9,168.6,1.0,2,0,H,0.5121951219512195,-56.8,-42.0,11.0,21.0,0.34375,2.01631267507719,25,10,28,-18,0.03963331102386066,1,0,0,0,0,0,0,0,0,7,24,1,0,0,1
2fdx,A,22,GLY,-0.4,60.1,0.0,0,0,H,0.0,-63.9,-40.8,18.0,11.0,0.6206896551724138,4.2428175217272335,31,32,29,3,0.05035761871267001,1,0,0,0,0,0,0,0,0,5,24,2,0,0,1
2fdx,A,23,ILE,4.5,166.7,0.0,0,0,H,0.0,-66.1,-43.0,18.0,13.0,0.5806451612903226,4.809295841135418,32,34,24,10,0.053155264196707235,1,0,0,0,0,0,0,0,0,7,24,1,0,0,1
2fdx,A,24,ILE,4.5,166.7,0.0,0,0,H,0.5502958579881657,-64.2,-43.5,9.0,16.0,0.36,2.196478204977825,22,24,19,5,0.03590311704514436,1,0,0,0,0,0,0,0,0,7,24,1,0,0,1
2fdx,A,25,GLU,-3.5,138.4,-1.0,1,3,H,0.5154639175257731,-60.6,-28.9,12.0,9.0,0.5714285714285714,1.79440293154322,20,25,8,17,0.02984155182973038,1,0,0,0,0,0,0,0,0,7,24,1,0,0,1
2fdx,A,26,SER,-0.8,89.0,0.0,1,1,T,0.45384615384615384,-78.0,-0.1,16.0,5.0,0.7619047619047619,1.846380611047816,22,28,15,13,0.030307826077069916,0,0,0,0,0,1,0,0,0,5,24,2,0,0,1
2fdx,A,27,GLY,-0.4,60.1,0.0,0,0,T,0.8214285714285714,97.4,3.7,2.0,13.0,0.13333333333333333,1.772898169654739,15,18,16,2,0.02144861537761871,0,0,0,0,0,1,0,0,0,-1,0,0,0,0,0
2fdx,A,28,LYS,-3.9,168.6,1.0,2,0,-,0.43902439024390244,-107.7,158.7,15.0,5.0,0.75,1.901832116898272,22,9,16,-7,0.02984155182973038,0,0,0,0,0,0,0,0,0,14,1,1,0,0,1
2fdx,A,29,ASP,-3.5,111.1,-1.0,1,3,-,0.6871165644171779,-92.2,156.3,1.0,17.0,0.05555555555555555,1.72147388159791,17,20,4,16,0.026577632098353617,0,0,0,0,0,0,0,0,0,14,1,1,0,0,1
2fdx,A,30,VAL,4.2,140.0,0.0,0,0,-,0.07746478873239436,-163.1,143.4,25.0,4.0,0.8620689655172413,2.492822749635322,26,21,17,4,0.03683566553982344,0,0,0,0,0,0,0,0,0,14,1,1,0,0,1
2fdx,A,31,ASN,-3.5,114.1,0.0,2,2,E,0.5222929936305732,-116.8,136.8,7.0,18.0,0.28,2.1417232074800694,19,11,13,-2,0.029375277582390842,0,0,1,0,0,0,0,0,0,14,1,1,0,0,1
2fdx,A,32,THR,-0.7,116.1,0.0,1,1,E,0.44366197183098594,-100.8,125.5,15.0,17.0,0.46875,1.8886009815591582,27,13,28,-15,0.03776821403450251,0,0,1,0,0,0,0,0,0,-1,0,0,0,0,0
2fdx,A,33,ILE,4.5,166.7,0.0,0,0,E,0.1834319526627219,-124.9,126.6,17.0,10.0,0.6296296296296297,2.290812932428068,27,9,14,-5,0.03916703677652112,0,0,1,0,0,0,0,0,0,-1,0,0,0,0,0
2fdx,A,34,ASN,-3.5,114.1,0.0,2,2,E,0.22929936305732485,-71.9,140.4,8.0,20.0,0.2857142857142857,2.169050845356203,21,0,25,-25,0.03870076252918159,0,0,1,0,0,0,0,0,0,-1,0,0,0,0,0
2fdx,A,35,VAL,4.2,140.0,0.0,0,0,G,0.07042253521126761,-50.0,-32.2,18.0,13.0,0.5806451612903226,2.4871713833144407,27,0,28,-28,0.048026247475972325,0,0,0,1,0,0,0,0,0,-1,0,0,0,0,0
2fdx,A,36,SER,-0.8,89.0,0.0,1,1,G,0.49230769230769234,-68.8,-18.1,4.0,14.0,0.2222222222222222,1.840703442583596,16,0,18,-18,0.02611135785101408,0,0,0,1,0,0,0,0,0,-1,0,0,0,0,0
2fdx,A,37,ASP,-3.5,111.1,-1.0,1,3,G,0.7484662576687117,-113.0,14.7,5.0,13.0,0.2777777777777778,1.7542519980818079,14,0,6,-6,0.02331371236697686,0,0,0,1,0,0,0,0,0,4,32,3,0,1,1
2fdx,A,38,VAL,4.2,140.0,0.0,0,0,-,0.176056338028169,-81.1,146.0,22.0,3.0,0.88,1.9574878578602015,23,5,33,-28,0.03683566553982344,0,0,0,0,0,0,0,0,0,4,32,3,0,1,1
2fdx,A,39,ASN,-3.5,114.1,0.0,2,2,-,0.4140127388535032,-112.0,105.7,4.0,14.0,0.2222222222222222,1.81915603069479,18,5,27,-22,0.029375277582390842,0,0,0,0,0,0,0,0,0,4,32,3,0,1,1
2fdx,A,40,ILE,4.5,166.7,0.0,0,0,H,0.13609467455621302,-51.6,-37.5,10.0,15.0,0.4,2.286751013067987,24,11,31,-20,0.03590311704514436,1,0,0,0,0,0,0,0,0,4,32,3,0,1,1
2fdx,A,41,ASP,-3.5,111.1,-1.0,1,3,H,0.7361963190184049,-64.5,-43.9,0.0,13.0,0.0,1.7439804033590705,13,8,15,-7,0.027510180593032695,1,0,0,0,0,0,0,0,0,4,32,3,0,1,1
2fdx,A,42,GLU,-3.5,138.4,-1.0,1,3,H,0.6185567010309279,-69.4,-40.3,7.0,9.0,0.4375,1.7743407153399493,14,6,17,-11,0.03124037457174899,1,0,0,0,0,0,0,0,0,9,2,8,0,0,1
2fdx,A,43,LEU,3.8,166.7,0.0,0,0,H,0.012195121951219513,-62.0,-35.0,19.0,9.0,0.6785714285714286,2.8533272531818272,27,19,33,-14,0.04243095650789788,1,0,0,0,0,0,0,0,0,10,1,6,0,0,1
2fdx,A,44,LEU,3.8,166.7,0.0,0,0,T,0.1951219512195122,-71.1,-9.1,11.0,15.0,0.4230769230769231,2.225228929782281,25,23,30,-7,0.0363693912924839,0,0,0,0,0,1,0,0,0,10,1,6,0,0,1
2fdx,A,45,ASN,-3.5,114.1,0.0,2,2,T,0.9363057324840764,-84.7,-8.1,3.0,14.0,0.17647058823529413,1.745960517794324,13,11,32,-21,0.026577632098353617,0,0,0,0,0,1,0,0,0,10,1,6,0,0,1
2fdx,A,46,GLU,-3.5,138.4,-1.0,1,3,-,0.15979381443298968,-74.1,140.5,17.0,5.0,0.7727272727272727,1.8670999459404065,23,23,19,4,0.0363693912924839,0,0,0,0,0,0,0,0,0,10,1,6,0,0,1
2fdx,A,47,ASP,-3.5,111.1,-1.0,1,3,S,0.5214723926380368,-65.6,-40.1,4.0,19.0,0.17391304347826086,1.7278454734526647,19,28,10,18,0.027043906345693154,0,0,0,0,0,0,1,0,0,9,2,8,0,0,1
2fdx,A,48,ILE,4.5,166.7,0.0,0,0,E,0.005917159763313609,-130.0,134.0,17.0,14.0,0.5483870967741935,3.6396419727917806,31,29,18,11,0.04289723075523742,0,0,1,0,0,0,0,0,0,12,0,2,0,0,1
2fdx,A,49,LEU,3.8,166.7,0.0,0,0,E,0.0,-100.8,122.7,21.0,19.0,0.525,6.270110529457998,37,28,19,9,0.04755997322863279,0,0,1,0,0,0,0,0,0,10,1,6,0,0,1
2fdx,A,50,ILE,4.5,166.7,0.0,0,0,E,0.0,-109.9,112.0,20.0,27.0,0.425531914893617,7.889617294017282,36,12,14,-2,0.04662742473395372,0,0,1,0,0,0,0,0,0,-1,0,0,0,0,0
2fdx,A,51,LEU,3.8,166.7,0.0,0,0,E,0.0,-122.1,134.3,20.0,26.0,0.43478260869565216,8.992936735433466,40,7,1,6,0.04989134446533048,0,0,1,0,0,0,0,0,0,-1,0,0,0,0,0
2fdx,A,52,GLY,-0.4,60.1,0.0,0,0,E,0.0,-136.4,143.1,28.0,20.0,0.5833333333333334,7.276113395571396,42,3,9,-6,0.05175644145468863,0,0,1,0,0,0,0,0,0,-1,0,0,0,0,0
2fdx,A,53,CYS,2.5,108.5,0.0,1,0,E,0.0,-162.5,136.3,17.0,29.0,0.3695652173913043,5.527299291149093,39,0,18,-18,0.053621538444046775,0,0,1,0,0,0,0,0,0,-1,0,0,0,0,0
2fdx,A,54,SER,-0.8,89.0,0.0,1,1,-,0.1,-72.6,167.0,19.0,26.0,0.4222222222222222,2.745274773622958,34,0,19,-19,0.04662742473395372,0,0,0,0,0,0,0,0,0,11,0,7,0,0,1
2fdx,A,55,ALA,1.8,88.6,0.0,0,0,-,0.20754716981132076,-78.8,124.6,18.0,20.0,0.47368421052631576,1.9195635644274556,35,6,24,-18,0.04662742473395372,0,0,0,0,0,0,0,0,0,11,0,7,0,0,1
2fdx,A,56,MET,1.9,162.9,0.0,0,0,B,0.44680851063829785,-108.4,177.1,13.0,15.0,0.4642857142857143,1.6967885890661885,23,0,37,-37,0.03683566553982344,0,1,0,0,0,0,0,0,0,15,0,1,0,0,1
2fdx,A,57,GLY,-0.4,60.1,0.0,0,0,T,0.5119047619047619,-41.3,135.4,8.0,9.0,0.47058823529411764,1.4059160038517893,12,0,31,-31,0.02471253510899547,0,0,0,0,0,1,0,0,0,15,0,1,0,0,1
2fdx,A,58,ASP,-3.5,111.1,-1.0,1,3,T,1.0,68.0,20.4,0.0,17.0,0.0,1.3891703127639143,11,6,14,-8,0.01958351838826056,0,0,0,0,0,1,0,0,0,15,0,1,0,0,1
2fdx,A,59,GLU,-3.5,138.4,-1.0,1,3,T,0.15463917525773196,57.1,59.0,10.0,13.0,0.43478260869565216,1.7832789211595834,22,18,24,-6,0.03403802005578621,0,0,0,0,0,1,0,0,0,15,0,1,0,0,1
2fdx,A,60,VAL,4.2,140.0,0.0,0,0,B,0.30985915492957744,-131.1,169.9,7.0,18.0,0.28,2.242583649311307,20,12,50,-38,0.040099585271200194,0,1,0,0,0,0,0,0,0,11,0,7,0,0,1
2fdx,A,61,LEU,3.8,166.7,0.0,0,0,-,0.036585365853658534,-72.8,156.2,21.0,17.0,0.5526315789473685,2.3165086958373973,30,9,55,-46,0.05129016720734909,0,0,0,0,0,0,0,0,0,-1,0,0,0,0,0
2fdx,A,62,GLU,-3.5,138.4,-1.0,1,3,-,0.08762886597938144,-56.9,131.4,16.0,14.0,0.5333333333333333,2.4942536063555987,24,1,28,-27,0.04942507021799094,0,0,0,0,0,0,0,0,0,13,1,1,0,0,1
2fdx,A,63,GLU,-3.5,138.4,-1.0,1,3,T,0.6855670103092784,-78.2,-37.3,5.0,15.0,0.25,1.7428023464506448,19,2,34,-32,0.032639197313767604,0,0,0,0,0,1,0,0,0,13,1,1,0,0,1
2fdx,A,64,SER,-0.8,89.0,0.0,1,1,T,0.7,-80.5,-28.1,2.0,15.0,0.11764705882352941,1.8055614251709866,14,0,38,-38,0.02611135785101408,0,0,0,0,0,1,0,0,0,13,1,1,0,0,1
2fdx,A,65,GLU,-3.5,138.4,-1.0,1,3,T,0.39690721649484534,-124.6,-49.7,11.0,12.0,0.4782608695652174,1.8720536841874997,21,0,24,-24,0.03590311704514436,0,0,0,0,0,1,0,0,0,13,1,1,0,0,1
2fdx,A,66,PHE,2.8,189.9,0.0,0,0,H,0.0,-70.7,-47.3,16.0,14.0,0.5333333333333333,5.137145629747399,36,5,42,-37,0.05175644145468863,1,0,0,0,0,0,0,0,0,13,1,1,0,0,1
2fdx,A,67,GLU,-3.5,138.4,-1.0,1,3,H,0.21649484536082475,-59.9,-47.2,10.0,17.0,0.37037037037037035,2.3382968712615773,22,7,37,-30,0.04429605349725603,1,0,0,0,0,0,0,0,0,-1,0,0,0,0,0
2fdx,A,68,PRO,-1.6,112.7,0.0,0,0,H,0.3897058823529412,-57.4,-36.3,6.0,11.0,0.35294117647058826,1.9252385092895303,19,4,52,-48,0.03403802005578621,1,0,0,0,0,0,0,0,0,13,1,1,0,0,1
2fdx,A,69,PHE,2.8,189.9,0.0,0,0,H,0.04568527918781726,-61.4,-46.9,21.0,9.0,0.7,2.9506960598948115,38,4,39,-35,0.04103213376587927,1,0,0,0,0,0,0,0,0,-1,0,0,0,0,0
2fdx,A,70,ILE,4.5,166.7,0.0,0,0,H,0.0,-63.3,-42.2,17.0,14.0,0.5483870967741935,4.813489408483443,32,11,34,-23,0.048958795970651406,1,0,0,0,0,0,0,0,0,-1,0,0,0,0,0
2fdx,A,71,GLU,-3.5,138.4,-1.0,1,3,H,0.5257731958762887,-63.0,-37.7,7.0,13.0,0.35,1.8668040879356944,19,7,25,-18,0.03870076252918159,1,0,0,0,0,0,0,0,0,-1,0,0,0,0,0
2fdx,A,72,GLU,-3.5,138.4,-1.0,1,3,H,0.5463917525773195,-66.8,-43.1,10.0,8.0,0.5555555555555556,1.7514853367438423,20,8,20,-12,0.03310547156110714,1,0,0,0,0,0,0,0,0,-1,0,0,0,0,0
2fdx,A,73,ILE,4.5,166.7,0.0,0,0,H,0.0,-84.9,-12.9,20.0,7.0,0.7407407407407407,4.6634806775660795,29,15,21,-6,0.04196468226055834,1,0,0,0,0,0,0,0,0,-1,0,0,0,0,0
2fdx,A,74,SER,-0.8,89.0,0.0,1,1,G,0.16923076923076924,-48.0,-36.9,12.0,11.0,0.5217391304347826,2.1166922829735393,23,20,19,1,0.03963331102386066,0,0,0,1,0,0,0,0,0,-1,0,0,0,0,0
2fdx,A,75,THR,-0.7,116.1,0.0,1,1,G,0.8169014084507042,-83.5,-6.4,2.0,17.0,0.10526315789473684,1.825226825299643,15,9,12,-3,0.027043906345693154,0,0,0,1,0,0,0,0,0,-1,0,0,0,0,0
2fdx,A,76,LYS,-3.9,168.6,1.0,2,0,G,0.4926829268292683,-120.9,19.4,10.0,10.0,0.5,1.9330327546337982,19,6,20,-14,0.027043906345693154,0,0,0,1,0,0,0,0,0,10,1,6,0,0,1
2fdx,A,77,ILE,4.5,166.7,0.0,0,0,-,0.0,-123.1,12.9,24.0,6.0,0.8,2.9765159268764214,30,25,10,15,0.03823448828184205,0,0,0,0,0,0,0,0,0,10,1,6,0,0,1
2fdx,A,78,SER,-0.8,89.0,0.0,1,1,T,0.7153846153846154,-58.7,132.6,2.0,19.0,0.09523809523809523,1.7956179858459036,18,20,0,20,0.028909003335051305,0,0,0,0,0,1,0,0,0,-1,0,0,0,0,0
2fdx,A,79,GLY,-0.4,60.1,0.0,0,0,T,0.6666666666666666,85.0,-12.4,2.0,20.0,0.09090909090909091,1.709645950016636,21,22,5,17,0.023779986614316396,0,0,0,0,0,1,0,0,0,2,199,2,0,5,1
2fdx,A,80,LYS,-3.9,168.6,1.0,2,0,-,0.24878048780487805,-73.9,148.9,19.0,8.0,0.7037037037037037,2.30647054609611,26,14,14,0,0.03776821403450251,0,0,0,0,0,0,0,0,0,10,1,6,0,0,1
2fdx,A,81,LYS,-3.9,168.6,1.0,2,0,E,0.36097560975609755,-91.2,138.8,7.0,20.0,0.25925925925925924,2.5792573137029478,20,9,16,-7,0.040565859518539735,0,0,1,0,0,0,0,0,0,12,0,2,0,0,1
2fdx,A,82,VAL,4.2,140.0,0.0,0,0,E,0.0,-136.8,148.6,22.0,15.0,0.5945945945945946,6.026168351083,36,20,20,0,0.04662742473395372,0,0,1,0,0,0,0,0,0,2,199,2,0,5,1
2fdx,A,83,ALA,1.8,88.6,0.0,0,0,E,0.0,-128.9,131.6,19.0,22.0,0.4634146341463415,6.983287993717599,38,15,17,-2,0.048026247475972325,0,0,1,0,0,0,0,0,0,-1,0,0,0,0,0
2fdx,A,84,LEU,3.8,166.7,0.0,0,0,E,0.0,-117.6,145.4,19.0,26.0,0.4222222222222222,5.769405182579829,39,7,19,-12,0.0526889899493677,0,0,1,0,0,0,0,0,0,-1,0,0,0,0,0
2fdx,A,85,PHE,2.8,189.9,0.0,0,0,E,0.0,-154.8,166.9,27.0,22.0,0.5510204081632653,6.535922670728393,44,5,5,0,0.04989134446533048,0,0,1,0,0,0,0,0,0,-1,0,0,0,0,0
2fdx,A,86,GLY,-0.4,60.1,0.0,0,0,E,0.0,167.0,161.4,27.0,21.0,0.5625,5.442615412275272,41,4,6,-2,0.053621538444046775,0,0,1,0,0,0,0,0,0,-1,0,0,0,0,0
2fdx,A,87,SER,-0.8,89.0,0.0,1,1,E,0.023076923076923078,-98.9,152.7,18.0,25.0,0.4186046511627907,2.2184582426517463,34,4,11,-7,0.053621538444046775,0,0,1,0,0,0,0,0,0,-1,0,0,0,0,0
2fdx,A,88,TYR,-1.3,193.6,0.0,1,1,E,0.19369369369369369,-144.1,171.6,18.0,18.0,0.5,2.145056974163194,27,5,16,-11,0.04989134446533048,0,0,1,0,0,0,0,0,0,0,541,3,0,18,1
2fdx,A,89,GLY,-0.4,60.1,0.0,0,0,S,0.2619047619047619,-113.8,-92.6,8.0,16.0,0.3333333333333333,1.8215253960974436,20,1,13,-12,0.03170664881908853,0,0,0,0,0,0,1,0,0,0,541,3,0,18,1
2fdx,A,90,TRP,-0.9,227.8,0.0,1,0,S,0.9779735682819384,-88.2,-11.0,3.0,14.0,0.17647058823529413,1.7895808023885376,14,0,17,-17,0.022381163872297785,0,0,0,0,0,0,1,0,0,0,541,3,0,18,1
2fdx,A,91,GLY,-0.4,60.1,0.0,0,0,S,0.2619047619047619,-86.2,-163.1,15.0,6.0,0.7142857142857143,1.709513697756384,17,11,17,-6,0.02844272908771177,0,0,0,0,0,0,1,0,0,0,541,3,0,18,1
2fdx,A,92,ASP,-3.5,111.1,-1.0,1,3,-,0.6809815950920245,-128.2,26.8,0.0,17.0,0.0,1.6721557057379424,13,18,6,12,0.025645083603674543,0,0,0,0,0,0,0,0,0,0,541,3,0,18,1
2fdx,A,93,GLY,-0.4,60.1,0.0,0,0,S,0.011904761904761904,99.6,10.1,9.0,19.0,0.32142857142857145,2.0391468780243005,26,20,29,-9,0.03823448828184205,0,0,0,0,0,0,1,0,0,0,541,3,0,18,1
2fdx,A,94,LYS,-3.9,168.6,1.0,2,0,H,0.4292682926829268,-53.8,-43.7,7.0,18.0,0.28,2.4890805045842526,18,11,39,-28,0.03590311704514436,1,0,0,0,0,0,0,0,0,8,7,3,0,0,1
2fdx,A,95,TRP,-0.9,227.8,0.0,1,0,H,0.013215859030837005,-60.1,-34.6,19.0,12.0,0.6129032258064516,3.125208872668338,33,20,34,-14,0.04662742473395372,1,0,0,0,0,0,0,0,0,-1,0,0,0,0,0
2fdx,A,96,MET,1.9,162.9,0.0,0,0,H,0.03723404255319149,-76.8,-35.3,19.0,14.0,0.5757575757575758,2.680321509637032,34,24,35,-11,0.05035761871267001,1,0,0,0,0,0,0,0,0,-1,0,0,0,0,0
2fdx,A,97,ARG,-4.5,173.4,1.0,5,0,H,0.46774193548387094,-62.7,-39.5,5.0,20.0,0.2,1.830557883416928,16,10,41,-31,0.03683566553982344,1,0,0,0,0,0,0,0,0,8,7,3,0,0,1
2fdx,A,98,ASP,-3.5,111.1,-1.0,1,3,H,0.34355828220858897,-71.7,-39.8,9.0,11.0,0.45,1.7245706514276813,18,31,29,2,0.03823448828184205,1,0,0,0,0,0,0,0,0,8,7,3,0,0,1
2fdx,A,99,PHE,2.8,189.9,0.0,0,0,H,0.015228426395939087,-61.2,-45.4,25.0,13.0,0.6578947368421053,3.1412957944339244,36,20,35,-15,0.04476232774459557,1,0,0,0,0,0,0,0,0,8,7,3,0,0,1
2fdx,A,100,GLU,-3.5,138.4,-1.0,1,3,H,0.3402061855670103,-62.7,-44.9,16.0,18.0,0.47058823529411764,2.2183423456044005,26,18,21,-3,0.043363505002576956,1,0,0,0,0,0,0,0,0,8,7,3,0,0,1
2fdx,A,101,GLU,-3.5,138.4,-1.0,1,3,H,0.7164948453608248,-60.8,-41.9,5.0,14.0,0.2631578947368421,1.7410868775056236,16,24,17,7,0.032639197313767604,1,0,0,0,0,0,0,0,0,8,7,3,0,0,1
2fdx,A,102,ARG,-4.5,173.4,1.0,5,0,H,0.23387096774193547,-60.5,-50.0,13.0,13.0,0.5,1.8905978385917641,27,4,41,-37,0.0363693912924839,1,0,0,0,0,0,0,0,0,8,7,3,0,0,1
2fdx,A,103,MET,1.9,162.9,0.0,0,0,H,0.0,-62.8,-37.3,19.0,14.0,0.5757575757575758,4.953101006836578,34,22,23,-1,0.04709369898129325,1,0,0,0,0,0,0,0,0,1,133,5,0,7,1
2fdx,A,104,ASN,-3.5,114.1,0.0,2,2,H,0.5222929936305732,-65.3,-40.7,7.0,16.0,0.30434782608695654,1.9703595192760048,21,12,21,-9,0.034970568550465285,1,0,0,0,0,0,0,0,0,1,133,5,0,7,1
2fdx,A,105,GLY,-0.4,60.1,0.0,0,0,H,0.7976190476190477,-62.2,-26.0,5.0,13.0,0.2777777777777778,1.7095855107389428,18,10,16,-6,0.027510180593032695,1,0,0,0,0,0,0,0,0,1,133,5,0,7,1
2fdx,A,106,TYR,-1.3,193.6,0.0,1,1,T,0.3108108108108108,-84.1,-1.8,19.0,5.0,0.7916666666666666,2.1857853089711807,27,19,22,-3,0.034970568550465285,0,0,0,0,0,1,0,0,0,1,133,5,0,7,1
2fdx,A,107,GLY,-0.4,60.1,0.0,0,0,T,0.38095238095238093,93.6,10.7,8.0,12.0,0.4,1.7094727056108154,20,22,4,18,0.02984155182973038,0,0,0,0,0,1,0,0,0,2,199,2,0,5,1
2fdx,A,108,CYS,2.5,108.5,0.0,1,0,-,0.02962962962962963,-81.2,158.5,23.0,5.0,0.8214285714285714,2.9123509601424584,26,24,11,13,0.04289723075523742,0,0,0,0,0,0,0,0,0,2,199,2,0,5,1
2fdx,A,109,VAL,4.2,140.0,0.0,0,0,E,0.5633802816901409,-107.7,115.7,6.0,20.0,0.23076923076923078,2.3942499166174835,22,16,11,5,0.03310547156110714,0,0,1,0,0,0,0,0,0,2,199,2,0,5,1
2fdx,A,110,VAL,4.2,140.0,0.0,0,0,E,0.18309859154929578,-82.6,104.2,16.0,16.0,0.5,2.0399116071318435,28,16,22,-6,0.040099585271200194,0,0,1,0,0,0,0,0,0,2,199,2,0,5,1
2fdx,A,111,VAL,4.2,140.0,0.0,0,0,-,0.24647887323943662,-63.1,-38.5,17.0,12.0,0.5862068965517241,2.1434355905518094,24,19,14,5,0.03124037457174899,0,0,0,0,0,0,0,0,0,2,199,2,0,5,1
2fdx,A,112,GLU,-3.5,138.4,-1.0,1,3,S,0.30927835051546393,-134.4,171.0,18.0,7.0,0.72,1.798608629143262,22,12,6,6,0.03357174580844668,0,0,0,0,0,0,1,0,0,-1,0,0,0,0,0
2fdx,A,113,THR,-0.7,116.1,0.0,1,1,P,0.7746478873239436,-66.7,134.5,2.0,18.0,0.1,1.8255689491882785,15,5,15,-10,0.027043906345693154,0,0,0,0,0,0,0,0,0,-1,0,0,0,0,0
2fdx,A,114,PRO,-1.6,112.7,0.0,0,0,P,0.1323529411764706,-59.0,141.7,20.0,14.0,0.5882352941176471,2.058475804824805,26,9,20,-11,0.03916703677652112,0,0,0,0,0,0,0,0,0,-1,0,0,0,0,0
2fdx,A,115,LEU,3.8,166.7,0.0,0,0,E,0.15853658536585366,-93.7,116.4,24.0,17.0,0.5853658536585366,2.533440926636603,35,4,22,-18,0.03730193978716297,0,0,1,0,0,0,0,0,0,-1,0,0,0,0,0
2fdx,A,116,ILE,4.5,166.7,0.0,0,0,E,0.3431952662721893,-122.0,135.8,17.0,22.0,0.4358974358974359,2.0810183343470072,30,7,8,-1,0.03916703677652112,0,0,1,0,0,0,0,0,0,-1,0,0,0,0,0
2fdx,A,117,VAL,4.2,140.0,0.0,0,0,E,0.08450704225352113,-130.3,138.1,22.0,14.0,0.6111111111111112,2.3942219361314074,33,3,32,-29,0.04103213376587927,0,0,1,0,0,0,0,0,0,-1,0,0,0,0,0
2fdx,A,118,GLN,-3.5,143.8,0.0,2,2,E,0.5252525252525253,-80.1,124.7,5.0,19.0,0.20833333333333334,1.839223302128384,20,0,20,-20,0.03450429430312575,0,0,1,0,0,0,0,0,0,0,541,3,0,18,1
2fdx,A,119,ASN,-3.5,114.1,0.0,2,2,S,0.5477707006369427,55.1,-146.4,4.0,23.0,0.14814814814814814,2.1302843730777736,22,0,18,-18,0.034970568550465285,0,0,0,0,0,0,1,0,0,-1,0,0,0,0,0
2fdx,A,120,GLU,-3.5,138.4,-1.0,1,3,S,0.5257731958762887,-70.5,140.2,3.0,23.0,0.11538461538461539,1.7963152888894482,20,9,27,-18,0.03776821403450251,0,0,0,0,0,0,1,0,0,-1,0,0,0,0,0
2fdx,A,121,PRO,-1.6,112.7,0.0,0,0,-,0.0,-71.5,101.9,21.0,8.0,0.7241379310344828,3.235850132877115,27,9,51,-42,0.045694876239274644,0,0,0,0,0,0,0,0,0,6,21,3,0,0,1
2fdx,A,122,ASP,-3.5,111.1,-1.0,1,3,S,0.6196319018404908,-106.6,-72.3,3.0,14.0,0.17647058823529413,1.7373469949808342,14,5,30,-25,0.02611135785101408,0,0,0,0,0,0,1,0,0,6,21,3,0,0,1
2fdx,A,123,GLU,-3.5,138.4,-1.0,1,3,T,0.8144329896907216,-74.7,-20.4,3.0,10.0,0.23076923076923078,1.752811240020814,13,2,31,-29,0.021914889624958248,0,0,0,0,0,1,0,0,0,6,21,3,0,0,1
2fdx,A,124,ALA,1.8,88.6,0.0,0,0,T,0.10377358490566038,-87.8,7.8,14.0,8.0,0.6363636363636364,2.222886623304597,21,7,46,-39,0.03310547156110714,0,0,0,0,0,1,0,0,0,6,21,3,0,0,1
2fdx,A,125,GLU,-3.5,138.4,-1.0,1,3,H,0.37628865979381443,-54.8,-48.3,5.0,23.0,0.17857142857142858,2.0316711587648766,20,14,42,-28,0.03963331102386066,1,0,0,0,0,0,0,0,0,6,21,3,0,0,1
2fdx,A,126,GLN,-3.5,143.8,0.0,2,2,H,0.5151515151515151,-63.3,-36.3,1.0,20.0,0.047619047619047616,1.8856674481339464,18,15,37,-22,0.029375277582390842,1,0,0,0,0,0,0,0,0,6,21,3,0,0,1
2fdx,A,127,ASP,-3.5,111.1,-1.0,1,3,H,0.6012269938650306,-57.5,-40.7,10.0,14.0,0.4166666666666667,1.7265711011579652,20,5,27,-22,0.03124037457174899,1,0,0,0,0,0,0,0,0,-1,0,0,0,0,0
2fdx,A,128,CYS,2.5,108.5,0.0,1,0,H,0.0,-65.1,-47.7,23.0,14.0,0.6216216216216216,4.186458668329261,35,28,41,-13,0.050823892960009553,1,0,0,0,0,0,0,0,0,-1,0,0,0,0,0
2fdx,A,129,ILE,4.5,166.7,0.0,0,0,H,0.05325443786982249,-57.6,-45.2,8.0,20.0,0.2857142857142857,3.4773528920657806,27,25,41,-16,0.04989134446533048,1,0,0,0,0,0,0,0,0,5,24,2,0,0,1
2fdx,A,130,GLU,-3.5,138.4,-1.0,1,3,H,0.422680412371134,-64.5,-33.9,5.0,20.0,0.2,1.977305673927304,21,23,20,3,0.040099585271200194,1,0,0,0,0,0,0,0,0,5,24,2,0,0,1
2fdx,A,131,PHE,2.8,189.9,0.0,0,0,H,0.050761421319796954,-63.4,-43.1,22.0,15.0,0.5945945945945946,2.749206062257406,37,16,27,-11,0.04429605349725603,1,0,0,0,0,0,0,0,0,-1,0,0,0,0,0
2fdx,A,132,GLY,-0.4,60.1,0.0,0,0,H,0.0,-61.1,-43.1,24.0,17.0,0.5853658536585366,4.643730308173236,37,31,29,2,0.05175644145468863,1,0,0,0,0,0,0,0,0,-1,0,0,0,0,0
2fdx,A,133,LYS,-3.9,168.6,1.0,2,0,H,0.3170731707317073,-63.2,-34.8,8.0,18.0,0.3076923076923077,2.2226200093218798,24,22,23,-1,0.04429605349725603,1,0,0,0,0,0,0,0,0,5,24,2,0,0,1
2fdx,A,134,LYS,-3.9,168.6,1.0,2,0,H,0.5317073170731708,-65.1,-43.7,13.0,13.0,0.5,1.9407474368655109,22,8,21,-13,0.03403802005578621,1,0,0,0,0,0,0,0,0,12,0,2,0,0,1
2fdx,A,135,ILE,4.5,166.7,0.0,0,0,H,0.0,-66.5,-36.8,30.0,8.0,0.7894736842105263,3.6449893396699204,35,32,18,14,0.043829779249916496,1,0,0,0,0,0,0,0,0,12,0,2,0,0,1
2fdx,A,136,ALA,1.8,88.6,0.0,0,0,H,0.04716981132075472,-65.7,-22.5,17.0,13.0,0.5666666666666667,2.0928071255200864,29,27,17,10,0.03776821403450251,1,0,0,0,0,0,0,0,0,12,0,2,0,0,1
2fdx,A,137,ALA,1.8,88.6,0.0,0,0,T,0.8207547169811321,-89.2,9.1,7.0,11.0,0.3888888888888889,1.7887339024385192,18,22,8,14,0.02144861537761871,0,0,0,0,0,1,0,0,0,12,0,2,0,0,1
2fdx,A,138,ILE,4.5,166.7,0.0,0,0,-,0.5857988165680473,-82.8,360.0,17.0,3.0,0.85,1.9694356776995496,18,23,14,9,0.02331371236697686,0,0,0,0,0,0,0,0,0,12,0,2,0,0,1
1qzr,A,7,SER,-0.8,89.0,0.0,1,1,-,0.8461538461538461,360.0,120.3,5.0,7.0,0.4166666666666667,1.739576761429228,12,16,13,3,0.017718421398902413,0,0,0,0,0,0,0,0,0,56,24,1,0,0,1
1qzr,A,8,ALA,1.8,88.6,0.0,0,0,H,0.16981132075471697,-55.0,-46.2,14.0,9.0,0.6086956521739131,2.281144393963494,24,23,17,6,0.03357174580844668,1,0,0,0,0,0,0,0,0,74,0,7,0,0,1
1qzr,A,9,SER,-0.8,89.0,0.0,1,1,H,0.1076923076923077,-62.6,-32.1,8.0,18.0,0.3076923076923077,1.8331856454005537,21,27,24,3,0.03730193978716297,1,0,0,0,0,0,0,0,0,56,24,1,0,0,1
1qzr,A,10,ASP,-3.5,111.1,-1.0,1,3,H,0.7484662576687117,-80.2,-31.9,1.0,18.0,0.05263157894736842,1.6799835298829837,15,22,3,19,0.02611135785101408,1,0,0,0,0,0,0,0,0,56,24,1,0,0,1
1qzr,A,11,LYS,-3.9,168.6,1.0,2,0,H,0.4097560975609756,-72.3,-41.7,6.0,16.0,0.2727272727272727,1.9224142442796877,21,16,21,-5,0.03124037457174899,1,0,0,0,0,0,0,0,0,56,24,1,0,0,1
1qzr,A,12,TYR,-1.3,193.6,0.0,1,1,S,0.06756756756756757,-100.3,118.9,19.0,13.0,0.59375,2.53269454054758,31,28,18,10,0.045694876239274644,0,0,0,0,0,0,1,0,0,64,1,10,0,0,1
1qzr,A,13,GLN,-3.5,143.8,0.0,2,2,E,0.3282828282828283,-120.1,141.3,12.0,18.0,0.4,2.2023503607561565,29,32,24,8,0.04289723075523742,0,0,1,0,0,0,0,0,0,-1,0,0,0,0,0
1qzr,A,14,LYS,-3.9,168.6,1.0,2,0,E,0.4,-109.8,133.8,15.0,20.0,0.42857142857142855,1.9337752425954575,27,29,16,13,0.04103213376587927,0,0,1,0,0,0,0,0,0,15,74,7,0,7,1
1qzr,A,15,ILE,4.5,166.7,0.0,0,0,-,0.10059171597633136,-129.3,160.7,18.0,10.0,0.6428571428571429,2.3442630817952144,25,36,13,23,0.03776821403450251,0,0,0,0,0,0,0,0,0,-1,0,0,0,0,0
1qzr,A,16,SER,-0.8,89.0,0.0,1,1,-,0.38461538461538464,-79.8,159.7,4.0,16.0,0.2,2.143356105037243,18,26,10,16,0.030774100324409453,0,0,0,0,0,0,0,0,0,11,137,16,0,25,1
1qzr,A,17,GLN,-3.5,143.8,0.0,2,2,H,0.0707070707070707,-61.9,-36.9,11.0,17.0,0.39285714285714285,2.4599709446709417,20,17,9,8,0.03963331102386066,1,0,0,0,0,0,0,0,0,11,137,16,0,25,1
1qzr,A,18,LEU,3.8,166.7,0.0,0,0,H,0.524390243902439,-64.7,-41.5,9.0,18.0,0.3333333333333333,1.9424887138065374,24,21,9,12,0.035436842797804825,1,0,0,0,0,0,0,0,0,-1,0,0,0,0,0
1qzr,A,19,GLU,-3.5,138.4,-1.0,1,3,H,0.5670103092783505,-65.1,-39.5,8.0,13.0,0.38095238095238093,1.7638795202446615,17,32,0,32,0.03450429430312575,1,0,0,0,0,0,0,0,0,-1,0,0,0,0,0
1qzr,A,20,HIS,-3.2,153.2,0.1,2,1,H,0.005434782608695652,-63.8,-40.7,16.0,12.0,0.5714285714285714,4.0490167582699135,28,26,14,12,0.048958795970651406,1,0,0,0,0,0,0,0,0,-1,0,0,0,0,0
1qzr,A,21,ILE,4.5,166.7,0.0,0,0,H,0.0,-58.6,-47.2,16.0,15.0,0.5161290322580645,4.299672454664183,31,34,13,21,0.048026247475972325,1,0,0,0,0,0,0,0,0,-1,0,0,0,0,0
1qzr,A,22,LEU,3.8,166.7,0.0,0,0,H,0.29878048780487804,-70.8,-34.7,15.0,17.0,0.46875,2.293684355932882,27,39,15,24,0.04196468226055834,1,0,0,0,0,0,0,0,0,33,26,8,0,2,1
1qzr,A,23,LYS,-3.9,168.6,1.0,2,0,H,0.4097560975609756,-72.6,-39.0,13.0,13.0,0.5,1.9418603523150901,24,30,26,4,0.032639197313767604,1,0,0,0,0,0,0,0,0,-1,0,0,0,0,0
1qzr,A,24,ARG,-4.5,173.4,1.0,5,0,-,0.08064516129032258,-136.2,73.8,20.0,15.0,0.5714285714285714,2.068880681204112,33,31,24,7,0.04196468226055834,0,0,0,0,0,0,0,0,0,-1,0,0,0,0,0
1qzr,A,25,PRO,-1.6,112.7,0.0,0,0,T,0.0661764705882353,-65.6,-21.4,18.0,18.0,0.5,2.789683513376726,34,37,15,22,0.045694876239274644,0,0,0,0,0,1,0,0,0,24,24,19,0,5,1
1qzr,A,26,ASP,-3.5,111.1,-1.0,1,3,H,0.2392638036809816,-52.4,-47.2,16.0,20.0,0.4444444444444444,1.850862776570914,35,26,9,17,0.040565859518539735,1,0,0,0,0,0,0,0,0,24,24,19,0,5,1
1qzr,A,27,THR,-0.7,116.1,0.0,1,1,H,0.2112676056338028,-81.6,-7.7,16.0,21.0,0.43243243243243246,2.428071292070238,25,24,8,16,0.043829779249916496,1,0,0,0,0,0,0,0,0,24,24,19,0,5,1
1qzr,A,28,TYR,-1.3,193.6,0.0,1,1,H,0.07657657657657657,-94.3,-52.0,22.0,23.0,0.4888888888888889,4.494428449000896,33,25,12,13,0.04196468226055834,1,0,0,0,0,0,0,0,0,-1,0,0,0,0,0
1qzr,A,29,ILE,4.5,166.7,0.0,0,0,H,0.005917159763313609,-127.9,-0.5,26.0,13.0,0.6666666666666666,3.757269293956565,37,17,22,-5,0.050823892960009553,1,0,0,0,0,0,0,0,0,24,24,19,0,5,1
1qzr,A,30,GLY,-0.4,60.1,0.0,0,0,-,0.16666666666666666,92.1,-174.9,14.0,22.0,0.3888888888888889,2.4335405178892064,34,16,20,-4,0.043829779249916496,0,0,0,0,0,0,0,0,0,24,24,19,0,5,1
1qzr,A,31,SER,-0.8,89.0,0.0,1,1,-,0.12307692307692308,-66.1,142.6,15.0,21.0,0.4166666666666667,2.23792901160336,32,18,20,-2,0.04103213376587927,0,0,0,0,0,0,0,0,0,24,24,19,0,5,1
1qzr,A,32,VAL,4.2,140.0,0.0,0,0,S,0.16901408450704225,-100.3,12.5,18.0,17.0,0.5142857142857142,2.0506333231006257,32,22,20,2,0.045228601991935104,0,0,0,0,0,0,1,0,0,62,1,12,0,0,1
1qzr,A,33,GLU,-3.5,138.4,-1.0,1,3,S,0.4948453608247423,-96.3,154.7,10.0,19.0,0.3448275862068966,2.0154747810302123,25,18,13,5,0.035436842797804825,0,0,0,0,0,0,1,0,0,-1,0,0,0,0,0
1qzr,A,34,THR,-0.7,116.1,0.0,1,1,-,0.4154929577464789,-65.7,139.6,8.0,18.0,0.3076923076923077,1.8726107374266012,22,14,23,-9,0.03823448828184205,0,0,0,0,0,0,0,0,0,62,1,12,0,0,1
1qzr,A,35,GLN,-3.5,143.8,0.0,2,2,E,0.1717171717171717,-128.1,136.2,16.0,13.0,0.5517241379310345,1.987422261259043,24,15,21,-6,0.03870076252918159,0,0,1,0,0,0,0,0,0,3,693,17,0,122,1
1qzr,A,36,GLU,-3.5,138.4,-1.0,1,3,E,0.7938144329896907,-84.8,125.7,3.0,15.0,0.16666666666666666,1.7445833275841822,16,13,6,7,0.030307826077069916,0,0,1,0,0,0,0,0,0,19,26,21,0,6,1
1qzr,A,37,GLN,-3.5,143.8,0.0,2,2,E,0.2828282828282828,-141.9,149.6,12.0,7.0,0.631578947368421,1.8168383703043256,23,6,20,-14,0.03357174580844668,0,0,1,0,0,0,0,0,0,19,26,21,0,6,1
1qzr,A,38,LEU,3.8,166.7,0.0,0,0,E,0.573170731707317,-87.4,115.8,2.0,14.0,0.125,2.0142698201823728,16,6,17,-11,0.03124037457174899,0,0,1,0,0,0,0,0,0,19,26,21,0,6,1
1qzr,A,39,GLN,-3.5,143.8,0.0,2,2,E,0.16161616161616163,-128.4,144.1,18.0,9.0,0.6666666666666666,2.2728565777879464,28,17,22,-5,0.04149840801321881,0,0,1,0,0,0,0,0,0,19,26,21,0,6,1
1qzr,A,40,TRP,-0.9,227.8,0.0,1,0,E,0.1277533039647577,-77.3,133.2,12.0,17.0,0.41379310344827586,2.4119493974805626,29,16,13,3,0.04429605349725603,0,0,1,0,0,0,0,0,0,-1,0,0,0,0,0
1qzr,A,41,ILE,4.5,166.7,0.0,0,0,E,0.1834319526627219,-127.1,138.0,17.0,16.0,0.5151515151515151,2.5496103012876787,32,26,32,-6,0.048958795970651406,0,0,1,0,0,0,0,0,0,-1,0,0,0,0,0
1qzr,A,42,TYR,-1.3,193.6,0.0,1,1,E,0.11261261261261261,-79.1,115.2,14.0,17.0,0.45161290322580644,2.0677746594112985,28,23,32,-9,0.04662742473395372,0,0,1,0,0,0,0,0,0,-1,0,0,0,0,0
1qzr,A,43,ASP,-3.5,111.1,-1.0,1,3,E,0.31901840490797545,-93.1,116.0,11.0,11.0,0.5,2.1500783233710603,18,8,26,-18,0.034970568550465285,0,0,1,0,0,0,0,0,0,-1,0,0,0,0,0
1qzr,A,44,GLU,-3.5,138.4,-1.0,1,3,T,0.711340206185567,-78.3,-24.9,4.0,10.0,0.2857142857142857,1.7878658124915208,15,12,21,-9,0.02611135785101408,0,0,0,0,0,1,0,0,0,-1,0,0,0,0,0
1qzr,A,45,GLU,-3.5,138.4,-1.0,1,3,T,0.4845360824742268,-70.5,-26.5,1.0,8.0,0.1111111111111111,1.8382937442473541,9,3,25,-22,0.019117244140921023,0,0,0,0,0,1,0,0,0,-1,0,0,0,0,0
1qzr,A,46,THR,-0.7,116.1,0.0,1,1,T,0.2746478873239437,-119.8,-3.7,11.0,3.0,0.7857142857142857,1.8566722716382706,13,9,30,-21,0.024246260861655933,0,0,0,0,0,1,0,0,0,-1,0,0,0,0,0
1qzr,A,47,ASP,-3.5,111.1,-1.0,1,3,T,0.44171779141104295,57.9,46.3,4.0,17.0,0.19047619047619047,1.7590233544426306,19,12,26,-14,0.03403802005578621,0,0,0,0,0,1,0,0,0,-1,0,0,0,0,0
1qzr,A,48,CYS,2.5,108.5,0.0,1,0,E,0.05185185185185185,-158.1,164.2,9.0,16.0,0.36,2.8065032209921754,24,12,36,-24,0.045228601991935104,0,0,1,0,0,0,0,0,0,-1,0,0,0,0,0
1qzr,A,49,MET,1.9,162.9,0.0,0,0,E,0.0,-76.8,134.3,17.0,12.0,0.5862068965517241,4.317746027120878,32,24,34,-10,0.0526889899493677,0,0,1,0,0,0,0,0,0,-1,0,0,0,0,0
1qzr,A,50,ILE,4.5,166.7,0.0,0,0,E,0.39644970414201186,-128.9,139.6,11.0,14.0,0.44,2.388920718790569,24,16,25,-9,0.040565859518539735,0,0,1,0,0,0,0,0,0,-1,0,0,0,0,0
1qzr,A,51,GLU,-3.5,138.4,-1.0,1,3,E,0.36597938144329895,-86.3,129.5,6.0,16.0,0.2727272727272727,1.8592063612972076,19,8,0,8,0.03450429430312575,0,0,1,0,0,0,0,0,0,-1,0,0,0,0,0
1qzr,A,52,LYS,-3.9,168.6,1.0,2,0,E,0.16097560975609757,-137.8,147.8,14.0,7.0,0.6666666666666666,2.4622016785737983,20,2,20,-18,0.032172923066428064,0,0,1,0,0,0,0,0,0,-1,0,0,0,0,0
1qzr,A,53,ASN,-3.5,114.1,0.0,2,2,E,0.7961783439490446,-82.5,118.3,1.0,17.0,0.05555555555555555,1.7629525226195115,15,5,23,-18,0.02844272908771177,0,0,1,0,0,0,0,0,0,-1,0,0,0,0,0
1qzr,A,54,VAL,4.2,140.0,0.0,0,0,E,0.02112676056338028,-129.4,159.7,17.0,6.0,0.7391304347826086,2.4677380855263373,23,6,28,-22,0.03823448828184205,0,0,1,0,0,0,0,0,0,19,26,21,0,6,1
1qzr,A,55,THR,-0.7,116.1,0.0,1,1,E,0.352112676056338,-118.9,116.8,4.0,21.0,0.16,1.8979773840940566,22,5,28,-23,0.034970568550465285,0,0,1,0,0,0,0,0,0,35,24,9,0,2,1
1qzr,A,56,ILE,4.5,166.7,0.0,0,0,E,0.029585798816568046,-137.7,162.5,20.0,13.0,0.6060606060606061,2.485128536673542,31,4,29,-25,0.04662742473395372,0,0,1,0,0,0,0,0,0,19,26,21,0,6,1
1qzr,A,57,VAL,4.2,140.0,0.0,0,0,-,0.02112676056338028,-99.6,112.4,17.0,17.0,0.5,2.8904882069294002,34,11,21,-10,0.048492521723311866,0,0,0,0,0,0,0,0,0,62,1,12,0,0,1
1qzr,A,58,PRO,-1.6,112.7,0.0,0,0,H,0.16911764705882354,-57.7,-39.0,17.0,18.0,0.4857142857142857,2.2235500009181774,34,11,23,-12,0.04755997322863279,1,0,0,0,0,0,0,0,0,24,24,19,0,5,1
1qzr,A,59,GLY,-0.4,60.1,0.0,0,0,H,0.0,-60.7,-36.2,25.0,16.0,0.6097560975609756,3.4730714123105875,38,13,27,-14,0.04989134446533048,1,0,0,0,0,0,0,0,0,24,24,19,0,5,1
1qzr,A,60,LEU,3.8,166.7,0.0,0,0,H,0.006097560975609756,-66.4,-44.8,26.0,23.0,0.5306122448979592,4.8053018265235306,39,16,18,-2,0.048492521723311866,1,0,0,0,0,0,0,0,0,-1,0,0,0,0,0
1qzr,A,61,PHE,2.8,189.9,0.0,0,0,H,0.15736040609137056,-60.3,-41.7,22.0,17.0,0.5641025641025641,2.3352436511276378,39,32,19,13,0.048026247475972325,1,0,0,0,0,0,0,0,0,-1,0,0,0,0,0
1qzr,A,62,LYS,-3.9,168.6,1.0,2,0,H,0.1024390243902439,-64.5,-40.4,19.0,19.0,0.5,2.3231602365302617,38,16,25,-9,0.043363505002576956,1,0,0,0,0,0,0,0,0,-1,0,0,0,0,0
1qzr,A,63,ILE,4.5,166.7,0.0,0,0,H,0.0,-66.7,-33.0,25.0,18.0,0.5813953488372093,6.206323301892527,41,17,22,-5,0.053621538444046775,1,0,0,0,0,0,0,0,0,-1,0,0,0,0,0
1qzr,A,64,PHE,2.8,189.9,0.0,0,0,H,0.0,-63.2,-50.4,20.0,24.0,0.45454545454545453,5.733572477105924,36,28,21,7,0.04616115048661418,1,0,0,0,0,0,0,0,0,-1,0,0,0,0,0
1qzr,A,65,ASP,-3.5,111.1,-1.0,1,3,H,0.05521472392638037,-55.0,-39.0,21.0,21.0,0.5,2.3345580506753563,38,30,15,15,0.04616115048661418,1,0,0,0,0,0,0,0,0,-1,0,0,0,0,0
1qzr,A,66,GLU,-3.5,138.4,-1.0,1,3,H,0.07216494845360824,-57.7,-40.8,21.0,21.0,0.5,1.9720031718950075,41,29,12,17,0.043829779249916496,1,0,0,0,0,0,0,0,0,-1,0,0,0,0,0
1qzr,A,67,ILE,4.5,166.7,0.0,0,0,H,0.023668639053254437,-73.8,-38.8,26.0,20.0,0.5652173913043478,2.7008755354444576,41,19,27,-8,0.04755997322863279,1,0,0,0,0,0,0,0,0,-1,0,0,0,0,0
1qzr,A,68,LEU,3.8,166.7,0.0,0,0,H,0.006097560975609756,-61.3,-46.9,24.0,24.0,0.5,4.6973323036494,46,23,37,-14,0.04662742473395372,1,0,0,0,0,0,0,0,0,-1,0,0,0,0,0
1qzr,A,69,VAL,4.2,140.0,0.0,0,0,H,0.04929577464788732,-65.7,-36.7,19.0,20.0,0.48717948717948717,2.4986827815912034,40,22,27,-5,0.045694876239274644,1,0,0,0,0,0,0,0,0,-1,0,0,0,0,0
1qzr,A,70,ASN,-3.5,114.1,0.0,2,2,H,0.36942675159235666,-57.3,-40.1,22.0,21.0,0.5116279069767442,1.7896916623791759,44,9,25,-16,0.034970568550465285,1,0,0,0,0,0,0,0,0,-1,0,0,0,0,0
1qzr,A,71,ALA,1.8,88.6,0.0,0,0,H,0.018867924528301886,-67.4,-43.8,24.0,23.0,0.5106382978723404,2.2822538445242,40,27,26,1,0.045228601991935104,1,0,0,0,0,0,0,0,0,-1,0,0,0,0,0
1qzr,A,72,ALA,1.8,88.6,0.0,0,0,H,0.02830188679245283,-60.2,-38.5,22.0,24.0,0.4782608695652174,2.2944669037158554,38,27,22,5,0.045228601991935104,1,0,0,0,0,0,0,0,0,-1,0,0,0,0,0
1qzr,A,73,ASP,-3.5,111.1,-1.0,1,3,H,0.09815950920245399,-59.3,-27.7,15.0,23.0,0.39473684210526316,1.7464933278604131,31,27,8,19,0.04196468226055834,1,0,0,0,0,0,0,0,0,-1,0,0,0,0,0
1qzr,A,74,ASN,-3.5,114.1,0.0,2,2,H,0.08917197452229299,-68.1,-24.4,20.0,17.0,0.5405405405405406,2.1839032529356825,33,36,24,12,0.04429605349725603,1,0,0,0,0,0,0,0,0,36,18,10,0,2,1
1qzr,A,75,LYS,-3.9,168.6,1.0,2,0,H,0.12682926829268293,-66.4,-32.1,19.0,16.0,0.5428571428571428,2.2928190620011812,30,30,31,-1,0.04476232774459557,1,0,0,0,0,0,0,0,0,36,18,10,0,2,1
1qzr,A,76,VAL,4.2,140.0,0.0,0,0,H,0.43661971830985913,-68.7,-51.1,15.0,13.0,0.5357142857142857,2.000739204543479,27,32,17,15,0.03357174580844668,1,0,0,0,0,0,0,0,0,36,18,10,0,2,1
1qzr,A,77,ARG,-4.5,173.4,1.0,5,0,H,0.32661290322580644,-67.1,-34.0,16.0,8.0,0.6666666666666666,1.9142167576522815,26,21,19,2,0.02844272908771177,1,0,0,0,0,0,0,0,0,36,18,10,0,2,1
1qzr,A,78,ASP,-3.5,111.1,-1.0,1,3,-,0.17791411042944785,-132.4,93.9,14.0,9.0,0.6086956521739131,2.2159503458550716,20,37,14,23,0.03730193978716297,0,0,0,0,0,0,0,0,0,36,18,10,0,2,1
1qzr,A,79,PRO,-1.6,112.7,0.0,0,0,T,0.6764705882352942,-58.2,-18.8,0.0,18.0,0.0,1.9363657559743501,17,32,21,11,0.027043906345693154,0,0,0,0,0,1,0,0,0,36,18,10,0,2,1
1qzr,A,80,SER,-0.8,89.0,0.0,1,1,T,0.5769230769230769,-78.5,-8.4,5.0,15.0,0.25,1.7800594670428682,18,36,23,13,0.027510180593032695,0,0,0,0,0,1,0,0,0,50,24,1,0,0,1
1qzr,A,81,MET,1.9,162.9,0.0,0,0,-,0.0,-60.0,133.9,23.0,6.0,0.7931034482758621,3.251845143769258,30,45,29,16,0.04289723075523742,0,0,0,0,0,0,0,0,0,50,24,1,0,0,1
1qzr,A,82,LYS,-3.9,168.6,1.0,2,0,-,0.6487804878048781,-120.3,-21.9,2.0,27.0,0.06896551724137931,2.195428904083609,20,22,23,-1,0.03683566553982344,0,0,0,0,0,0,0,0,0,50,24,1,0,0,1
1qzr,A,83,ARG,-4.5,173.4,1.0,5,0,E,0.375,-141.3,133.8,12.0,25.0,0.32432432432432434,2.3274789881870435,26,20,18,2,0.04429605349725603,0,0,1,0,0,0,0,0,0,40,24,7,0,1,1
1qzr,A,84,ILE,4.5,166.7,0.0,0,0,E,0.005917159763313609,-124.5,129.2,21.0,20.0,0.5121951219512195,5.087061365913604,36,31,21,10,0.048492521723311866,0,0,1,0,0,0,0,0,0,-1,0,0,0,0,0
1qzr,A,85,ASP,-3.5,111.1,-1.0,1,3,E,0.1165644171779141,-110.5,131.7,13.0,23.0,0.3611111111111111,2.5812719692208415,31,34,17,17,0.04755997322863279,0,0,1,0,0,0,0,0,0,-1,0,0,0,0,0
1qzr,A,86,VAL,4.2,140.0,0.0,0,0,E,0.0,-122.8,118.1,20.0,19.0,0.5128205128205128,4.632224898502272,33,36,17,19,0.04616115048661418,0,0,1,0,0,0,0,0,0,-1,0,0,0,0,0
1qzr,A,87,ASN,-3.5,114.1,0.0,2,2,E,0.2229299363057325,-114.5,121.4,12.0,19.0,0.3870967741935484,2.730002615087742,26,28,17,11,0.040099585271200194,0,0,1,0,0,0,0,0,0,14,148,7,0,13,1
1qzr,A,88,ILE,4.5,166.7,0.0,0,0,E,0.029585798816568046,-110.4,116.7,13.0,18.0,0.41935483870967744,2.2860632486835177,29,26,23,3,0.04289723075523742,0,0,1,0,0,0,0,0,0,14,148,7,0,13,1
1qzr,A,89,HIS,-3.2,153.2,0.1,2,1,E,0.358695652173913,-107.6,89.2,9.0,13.0,0.4090909090909091,2.009111036230283,21,14,23,-9,0.03590311704514436,0,0,1,0,0,0,0,0,0,14,148,7,0,13,1
1qzr,A,90,ALA,1.8,88.6,0.0,0,0,T,0.3018867924528302,-60.5,-50.1,11.0,14.0,0.44,1.8447667757651018,23,29,28,1,0.035436842797804825,0,0,0,0,0,1,0,0,0,-1,0,0,0,0,0
1qzr,A,91,GLU,-3.5,138.4,-1.0,1,3,T,0.44329896907216493,-57.4,-35.3,0.0,14.0,0.0,1.7675070374478996,14,26,19,7,0.025645083603674543,0,0,0,0,0,1,0,0,0,-1,0,0,0,0,0
1qzr,A,92,GLU,-3.5,138.4,-1.0,1,3,T,0.6288659793814433,-91.1,-1.8,9.0,9.0,0.5,1.7615131033596656,18,27,9,18,0.02471253510899547,0,0,0,0,0,1,0,0,0,14,148,7,0,13,1
1qzr,A,93,HIS,-3.2,153.2,0.1,2,1,T,0.2826086956521739,55.6,29.8,14.0,14.0,0.5,2.3136894593454427,23,22,30,-8,0.040099585271200194,0,0,0,0,0,1,0,0,0,43,26,3,0,1,1
1qzr,A,94,THR,-0.7,116.1,0.0,1,1,E,0.1267605633802817,-116.2,143.0,11.0,17.0,0.39285714285714285,2.979984436098569,27,29,32,-3,0.04709369898129325,0,0,1,0,0,0,0,0,0,14,148,7,0,13,1
1qzr,A,95,ILE,4.5,166.7,0.0,0,0,E,0.0,-126.7,131.2,18.0,20.0,0.47368421052631576,5.446198756682549,36,28,20,8,0.04709369898129325,0,0,1,0,0,0,0,0,0,14,148,7,0,13,1
1qzr,A,96,GLU,-3.5,138.4,-1.0,1,3,E,0.1958762886597938,-119.0,134.5,14.0,21.0,0.4,2.5142606456556384,28,31,11,20,0.04755997322863279,0,0,1,0,0,0,0,0,0,14,148,7,0,13,1
1qzr,A,97,VAL,4.2,140.0,0.0,0,0,E,0.014084507042253521,-125.3,119.9,15.0,27.0,0.35714285714285715,2.506184006356334,39,20,26,-6,0.04989134446533048,0,0,1,0,0,0,0,0,0,-1,0,0,0,0,0
1qzr,A,98,LYS,-3.9,168.6,1.0,2,0,E,0.36585365853658536,-122.5,134.4,16.0,25.0,0.3902439024390244,2.5374734397152157,27,21,34,-13,0.04616115048661418,0,0,1,0,0,0,0,0,0,-1,0,0,0,0,0
1qzr,A,99,ASN,-3.5,114.1,0.0,2,2,E,0.08917197452229299,-126.5,149.4,18.0,23.0,0.43902439024390244,2.746379772991392,39,41,28,13,0.04616115048661418,0,0,1,0,0,0,0,0,0,40,24,7,0,1,1
1qzr,A,100,ASP,-3.5,111.1,-1.0,1,3,E,0.26993865030674846,-94.4,-164.0,10.0,25.0,0.2857142857142857,2.521235773619778,27,45,16,29,0.045694876239274644,0,0,1,0,0,0,0,0,0,50,24,1,0,0,1
1qzr,A,101,GLY,-0.4,60.1,0.0,0,0,S,0.09523809523809523,76.7,-172.1,17.0,14.0,0.5483870967741935,2.001386604894933,30,51,20,31,0.04289723075523742,0,0,0,0,0,0,1,0,0,40,24,7,0,1,1
1qzr,A,102,LYS,-3.9,168.6,1.0,2,0,S,0.5317073170731708,-51.2,130.8,11.0,19.0,0.36666666666666664,1.949732911232202,27,19,25,-6,0.04103213376587927,0,0,0,0,0,0,1,0,0,-1,0,0,0,0,0
1qzr,A,103,GLY,-0.4,60.1,0.0,0,0,-,0.05952380952380952,-85.8,-164.0,23.0,15.0,0.6052631578947368,1.7097721565335828,34,24,23,1,0.04755997322863279,0,0,0,0,0,0,0,0,0,-1,0,0,0,0,0
1qzr,A,104,ILE,4.5,166.7,0.0,0,0,-,0.10059171597633136,-91.1,135.2,23.0,21.0,0.5227272727272727,2.511469770380654,35,25,23,2,0.045694876239274644,0,0,0,0,0,0,0,0,0,-1,0,0,0,0,0
1qzr,A,105,PRO,-1.6,112.7,0.0,0,0,-,0.07352941176470588,-57.4,126.3,14.0,20.0,0.4117647058823529,2.4360751448168734,33,26,19,7,0.04476232774459557,0,0,0,0,0,0,0,0,0,39,24,7,0,1,1
1qzr,A,106,ILE,4.5,166.7,0.0,0,0,-,0.029585798816568046,-92.6,81.7,24.0,14.0,0.631578947368421,3.0716334689747304,33,9,19,-10,0.05222271570202816,0,0,0,0,0,0,0,0,0,-1,0,0,0,0,0
1qzr,A,107,GLU,-3.5,138.4,-1.0,1,3,S,0.30927835051546393,-149.8,148.4,15.0,18.0,0.45454545454545453,2.1262697786938833,25,13,10,3,0.03683566553982344,0,0,0,0,0,0,1,0,0,39,24,7,0,1,1
1qzr,A,108,ILE,4.5,166.7,0.0,0,0,B,0.46153846153846156,-71.6,129.2,4.0,18.0,0.18181818181818182,1.9508122880454664,21,15,21,-6,0.03916703677652112,0,1,0,0,0,0,0,0,0,26,38,7,0,4,1
1qzr,A,109,HIS,-3.2,153.2,0.1,2,1,-,0.02717391304347826,-68.9,125.9,16.0,7.0,0.6956521739130435,2.8972494848954953,23,21,29,-8,0.04616115048661418,0,0,0,0,0,0,0,0,0,65,1,6,0,0,1
1qzr,A,110,ASN,-3.5,114.1,0.0,2,2,T,0.7197452229299363,-70.9,-12.2,4.0,13.0,0.23529411764705882,1.791956017848462,15,20,24,-4,0.02797645484037223,0,0,0,0,0,1,0,0,0,76,0,1,0,0,1
1qzr,A,111,LYS,-3.9,168.6,1.0,2,0,T,0.7073170731707317,-101.3,-47.4,9.0,9.0,0.5,1.9554944748413396,13,19,13,6,0.02611135785101408,0,0,0,0,0,1,0,0,0,65,1,6,0,0,1
1qzr,A,112,GLU,-3.5,138.4,-1.0,1,3,T,0.2268041237113402,-84.3,-16.6,18.0,3.0,0.8571428571428571,1.8541192738658563,20,35,7,28,0.032172923066428064,0,0,0,0,0,1,0,0,0,67,0,10,0,0,1
1qzr,A,113,ASN,-3.5,114.1,0.0,2,2,-,0.7898089171974523,65.2,25.0,0.0,14.0,0.0,1.9182970243064683,13,19,13,6,0.02797645484037223,0,0,0,0,0,0,0,0,0,26,38,7,0,4,1
1qzr,A,114,ILE,4.5,166.7,0.0,0,0,S,0.2485207100591716,-135.7,166.8,12.0,11.0,0.5217391304347826,2.408903144408356,25,28,23,5,0.03823448828184205,0,0,0,0,0,0,1,0,0,67,0,10,0,0,1
1qzr,A,115,TYR,-1.3,193.6,0.0,1,1,B,0.31981981981981983,-66.7,139.8,14.0,15.0,0.4827586206896552,2.418376866847994,31,13,22,-9,0.04709369898129325,0,1,0,0,0,0,0,0,0,26,38,7,0,4,1
1qzr,A,116,ILE,4.5,166.7,0.0,0,0,H,0.0,-55.8,-44.3,19.0,17.0,0.5277777777777778,5.050817825774521,37,23,29,-6,0.05781800667010261,1,0,0,0,0,0,0,0,0,39,24,7,0,1,1
1qzr,A,117,PRO,-1.6,112.7,0.0,0,0,H,0.0,-58.7,-43.3,25.0,22.0,0.5319148936170213,5.826402000658827,37,14,21,-7,0.05502036118606539,1,0,0,0,0,0,0,0,0,-1,0,0,0,0,0
1qzr,A,118,GLU,-3.5,138.4,-1.0,1,3,H,0.1958762886597938,-59.2,-41.1,16.0,25.0,0.3902439024390244,2.5405540885195697,35,27,7,20,0.04942507021799094,1,0,0,0,0,0,0,0,0,-1,0,0,0,0,0
1qzr,A,119,MET,1.9,162.9,0.0,0,0,H,0.0,-62.3,-51.8,21.0,16.0,0.5675675675675675,4.193118145992842,38,41,20,21,0.05129016720734909,1,0,0,0,0,0,0,0,0,67,0,10,0,0,1
1qzr,A,120,ILE,4.5,166.7,0.0,0,0,H,0.10059171597633136,-87.7,-10.7,18.0,21.0,0.46153846153846156,2.3453269340002176,40,29,10,19,0.05222271570202816,1,0,0,0,0,0,0,0,0,-1,0,0,0,0,0
1qzr,A,121,PHE,2.8,189.9,0.0,0,0,H,0.08121827411167512,-110.2,-11.9,20.0,20.0,0.5,2.7804884408749446,39,20,11,9,0.048492521723311866,1,0,0,0,0,0,0,0,0,-1,0,0,0,0,0
1qzr,A,122,GLY,-0.4,60.1,0.0,0,0,H,0.14285714285714285,-123.7,3.6,19.0,20.0,0.48717948717948717,2.1439637425309,35,28,10,18,0.048492521723311866,1,0,0,0,0,0,0,0,0,67,0,10,0,0,1
1qzr,A,123,HIS,-3.2,153.2,0.1,2,1,S,0.3532608695652174,-136.9,131.7,16.0,20.0,0.4444444444444444,2.129955338142666,28,18,17,1,0.040565859518539735,0,0,0,0,0,0,1,0,0,67,0,10,0,0,1
1qzr,A,124,LEU,3.8,166.7,0.0,0,0,S,0.10365853658536585,-60.0,148.2,11.0,20.0,0.3548387096774194,2.077857924098782,30,33,2,31,0.04476232774459557,0,0,0,0,0,0,1,0,0,67,0,10,0,0,1
1qzr,A,125,LEU,3.8,166.7,0.0,0,0,S,0.042682926829268296,70.1,45.9,12.0,22.0,0.35294117647058826,3.0507662784087586,30,42,10,32,0.048026247475972325,0,0,0,0,0,0,1,0,0,11,137,16,0,25,1
1qzr,A,126,THR,-0.7,116.1,0.0,1,1,E,0.014084507042253521,-128.3,133.8,16.0,21.0,0.43243243243243246,3.065583049038111,34,39,9,30,0.048026247475972325,0,0,1,0,0,0,0,0,0,67,0,10,0,0,1
1qzr,A,127,SER,-0.8,89.0,0.0,1,1,E,0.09230769230769231,-166.1,156.1,18.0,18.0,0.5,1.9528177777044078,37,43,10,33,0.04662742473395372,0,0,1,0,0,0,0,0,0,75,0,9,0,0,1
1qzr,A,128,SER,-0.8,89.0,0.0,1,1,S,0.34615384615384615,-96.9,7.0,16.0,19.0,0.45714285714285713,1.7396431403416308,32,37,23,14,0.03870076252918159,0,0,0,0,0,0,1,0,0,46,5,11,0,0,1
1qzr,A,129,ASN,-3.5,114.1,0.0,2,2,-,0.12101910828025478,-109.6,21.5,19.0,17.0,0.5277777777777778,2.383398476175265,35,44,33,11,0.04289723075523742,0,0,0,0,0,0,0,0,0,46,5,11,0,0,1
1qzr,A,130,TYR,-1.3,193.6,0.0,1,1,-,0.013513513513513514,-93.4,-6.2,18.0,12.0,0.6,3.0854933243668845,30,52,27,25,0.043363505002576956,0,0,0,0,0,0,0,0,0,75,0,9,0,0,1
1qzr,A,131,ASP,-3.5,111.1,-1.0,1,3,-,0.4294478527607362,-102.3,97.0,7.0,17.0,0.2916666666666667,1.978975282538866,17,35,29,6,0.03403802005578621,0,0,0,0,0,0,0,0,0,75,0,9,0,0,1
1qzr,A,132,ASP,-3.5,111.1,-1.0,1,3,T,0.25766871165644173,-86.4,10.9,9.0,11.0,0.45,1.928643247521005,17,45,31,14,0.035436842797804825,0,0,0,0,0,1,0,0,0,48,6,10,0,0,1
1qzr,A,133,ASP,-3.5,111.1,-1.0,1,3,T,0.8773006134969326,-67.3,-29.9,1.0,8.0,0.1111111111111111,1.6721668948880557,10,19,25,-6,0.023779986614316396,0,0,0,0,0,1,0,0,0,-1,0,0,0,0,0
1qzr,A,134,GLU,-3.5,138.4,-1.0,1,3,S,0.4690721649484536,-84.9,128.2,8.0,6.0,0.5714285714285714,1.9689956345410309,19,28,32,-4,0.025178809356335007,0,0,0,0,0,0,1,0,0,12,196,7,0,18,1
1qzr,A,135,LYS,-3.9,168.6,1.0,2,0,-,0.6146341463414634,-88.6,103.8,7.0,14.0,0.3333333333333333,1.9382271578369168,17,18,46,-28,0.032172923066428064,0,0,0,0,0,0,0,0,0,12,196,7,0,18,1
1qzr,A,136,LYS,-3.9,168.6,1.0,2,0,-,0.08292682926829269,-109.7,147.0,14.0,10.0,0.5833333333333334,2.543757748399493,26,30,44,-14,0.03963331102386066,0,0,0,0,0,0,0,0,0,48,6,10,0,0,1
1qzr,A,137,VAL,4.2,140.0,0.0,0,0,-,0.1619718309859155,-109.2,28.0,14.0,18.0,0.4375,2.1282725273052185,28,36,21,15,0.04243095650789788,0,0,0,0,0,0,0,0,0,27,24,11,0,3,1
1qzr,A,138,THR,-0.7,116.1,0.0,1,1,-,0.09859154929577464,-71.2,152.5,18.0,18.0,0.5,2.4174307191719926,35,40,23,17,0.040565859518539735,0,0,0,0,0,0,0,0,0,12,196,7,0,18,1
1qzr,A,139,GLY,-0.4,60.1,0.0,0,0,S,0.011904761904761904,-73.9,-28.8,27.0,21.0,0.5625,1.9984707780146098,41,30,20,10,0.045228601991935104,0,0,0,0,0,0,1,0,0,-1,0,0,0,0,0
1qzr,A,140,GLY,-0.4,60.1,0.0,0,0,-,0.15476190476190477,-70.4,134.3,22.0,21.0,0.5116279069767442,2.2541485768873795,37,30,18,12,0.040565859518539735,0,0,0,0,0,0,0,0,0,-1,0,0,0,0,0
1qzr,A,141,ARG,-4.5,173.4,1.0,5,0,-,0.06451612903225806,-137.2,-44.6,19.0,21.0,0.475,2.3571994369752414,35,38,23,15,0.043829779249916496,0,0,0,0,0,0,0,0,0,48,6,10,0,0,1
1qzr,A,142,ASN,-3.5,114.1,0.0,2,2,S,0.09554140127388536,-105.8,-16.9,22.0,22.0,0.5,2.2091298486713207,37,49,11,38,0.048026247475972325,0,0,0,0,0,0,1,0,0,-1,0,0,0,0,0
1qzr,A,143,GLY,-0.4,60.1,0.0,0,0,S,0.11904761904761904,76.3,33.7,19.0,16.0,0.5428571428571428,2.1694097295212016,33,42,5,37,0.04989134446533048,0,0,0,0,0,0,1,0,0,-1,0,0,0,0,0
1qzr,A,144,TYR,-1.3,193.6,0.0,1,1,-,0.04954954954954955,-117.6,-35.9,15.0,25.0,0.375,3.865620005287759,32,31,5,26,0.04709369898129325,0,0,0,0,0,0,0,0,0,-1,0,0,0,0,0
1qzr,A,145,GLY,-0.4,60.1,0.0,0,0,H,0.09523809523809523,-40.5,-61.5,19.0,20.0,0.48717948717948717,2.4453201314033692,41,26,17,9,0.043829779249916496,1,0,0,0,0,0,0,0,0,-1,0,0,0,0,0
1qzr,A,146,ALA,1.8,88.6,0.0,0,0,H,0.04716981132075472,-66.2,-33.8,24.0,22.0,0.5217391304347826,2.9540738908372006,39,15,12,3,0.04616115048661418,1,0,0,0,0,0,0,0,0,-1,0,0,0,0,0
1qzr,A,147,LYS,-3.9,168.6,1.0,2,0,H,0.03902439024390244,-70.3,-35.4,18.0,22.0,0.45,4.038319578480887,37,9,11,-2,0.048026247475972325,1,0,0,0,0,0,0,0,0,-1,0,0,0,0,0
1qzr,A,148,LEU,3.8,166.7,0.0,0,0,H,0.0,-63.7,-41.7,23.0,22.0,0.5111111111111111,6.121865414522903,38,20,9,11,0.05129016720734909,1,0,0,0,0,0,0,0,0,-1,0,0,0,0,0
1qzr,A,149,CYS,2.5,108.5,0.0,1,0,H,0.0,-59.0,-50.6,21.0,26.0,0.44680851063829785,7.039972067881915,42,21,20,1,0.0526889899493677,1,0,0,0,0,0,0,0,0,-1,0,0,0,0,0
1qzr,A,150,ASN,-3.5,114.1,0.0,2,2,H,0.006369426751592357,-53.1,-48.0,22.0,22.0,0.5,5.445481866280328,41,22,17,5,0.05921682941212122,1,0,0,0,0,0,0,0,0,-1,0,0,0,0,0
1qzr,A,151,ILE,4.5,166.7,0.0,0,0,H,0.01775147928994083,-61.3,-33.9,18.0,25.0,0.4186046511627907,2.932926131930738,39,23,18,5,0.048492521723311866,1,0,0,0,0,0,0,0,0,33,26,8,0,2,1
1qzr,A,152,PHE,2.8,189.9,0.0,0,0,T,0.01015228426395939,-99.6,23.8,21.0,20.0,0.5121951219512195,4.212798437554031,44,31,11,20,0.0526889899493677,0,0,0,0,0,1,0,0,0,33,26,8,0,2,1
1qzr,A,153,SER,-0.8,89.0,0.0,1,1,E,0.0,-120.5,146.6,22.0,15.0,0.5945945945945946,4.643328714637264,37,22,24,-2,0.05688545817542354,0,0,1,0,0,0,0,0,0,33,26,8,0,2,1
1qzr,A,154,THR,-0.7,116.1,0.0,1,1,E,0.323943661971831,-81.7,-21.2,8.0,19.0,0.2962962962962963,2.012779672414963,29,25,27,-2,0.04196468226055834,0,0,1,0,0,0,0,0,0,33,26,8,0,2,1
1qzr,A,155,GLU,-3.5,138.4,-1.0,1,3,E,0.211340206185567,-151.2,136.0,8.0,24.0,0.25,2.5601756342447057,27,26,14,12,0.048026247475972325,0,0,1,0,0,0,0,0,0,-1,0,0,0,0,0
1qzr,A,156,PHE,2.8,189.9,0.0,0,0,E,0.0,-146.1,121.7,25.0,18.0,0.5813953488372093,5.8559675664051785,39,24,19,5,0.05548663543340492,0,0,1,0,0,0,0,0,0,66,1,11,0,0,1
1qzr,A,157,ILE,4.5,166.7,0.0,0,0,E,0.21301775147928995,-122.1,125.3,12.0,31.0,0.27906976744186046,2.997328700346647,28,28,32,-4,0.04662742473395372,0,0,1,0,0,0,0,0,0,66,1,11,0,0,1
1qzr,A,158,LEU,3.8,166.7,0.0,0,0,E,0.0,-104.5,128.7,25.0,19.0,0.5681818181818182,4.3537635137535275,35,21,15,6,0.053155264196707235,0,0,1,0,0,0,0,0,0,66,1,11,0,0,1
1qzr,A,159,GLU,-3.5,138.4,-1.0,1,3,E,0.20103092783505155,-128.1,133.8,12.0,24.0,0.3333333333333333,2.750143588025371,32,33,6,27,0.04476232774459557,0,0,1,0,0,0,0,0,0,66,1,11,0,0,1
1qzr,A,160,THR,-0.7,116.1,0.0,1,1,E,0.0,-149.2,151.8,20.0,22.0,0.47619047619047616,5.035990116449054,39,28,19,9,0.05129016720734909,0,0,1,0,0,0,0,0,0,-1,0,0,0,0,0
1qzr,A,161,ALA,1.8,88.6,0.0,0,0,E,0.0,-122.9,134.8,15.0,22.0,0.40540540540540543,3.606089031737534,35,28,21,7,0.056419183928083996,0,0,1,0,0,0,0,0,0,-1,0,0,0,0,0
1qzr,A,162,ASP,-3.5,111.1,-1.0,1,3,E,0.09815950920245399,-122.8,113.0,16.0,17.0,0.48484848484848486,2.10609676450819,32,25,9,16,0.05035761871267001,0,0,1,0,0,0,0,0,0,34,24,7,0,2,1
1qzr,A,163,LEU,3.8,166.7,0.0,0,0,T,0.5853658536585366,-78.7,-18.2,8.0,16.0,0.3333333333333333,1.8221181568294855,22,27,8,19,0.03357174580844668,0,0,0,0,0,1,0,0,0,34,24,7,0,2,1
1qzr,A,164,ASN,-3.5,114.1,0.0,2,2,T,0.8662420382165605,-67.0,-40.0,7.0,14.0,0.3333333333333333,1.7523399064324205,15,6,15,-9,0.020049792635600097,0,0,0,0,0,1,0,0,0,34,24,7,0,2,1
1qzr,A,165,VAL,4.2,140.0,0.0,0,0,T,0.3873239436619718,-99.6,-17.5,15.0,7.0,0.6818181818181818,1.9967245446952935,19,11,16,-5,0.027510180593032695,0,0,0,0,0,1,0,0,0,34,24,7,0,2,1
1qzr,A,166,GLY,-0.4,60.1,0.0,0,0,T,0.08333333333333333,68.5,51.5,3.0,20.0,0.13043478260869565,2.0448309399746702,20,21,8,13,0.03730193978716297,0,0,0,0,0,1,0,0,0,34,24,7,0,2,1
1qzr,A,167,GLN,-3.5,143.8,0.0,2,2,E,0.31313131313131315,-139.9,154.7,12.0,16.0,0.42857142857142855,2.9819365334281835,22,20,12,8,0.04616115048661418,0,0,1,0,0,0,0,0,0,7,815,5,0,56,1
1qzr,A,168,LYS,-3.9,168.6,1.0,2,0,E,0.3073170731707317,-112.1,144.6,11.0,22.0,0.3333333333333333,2.7012751572806244,25,14,15,-1,0.05035761871267001,0,0,1,0,0,0,0,0,0,-1,0,0,0,0,0
1qzr,A,169,TYR,-1.3,193.6,0.0,1,1,E,0.0,-131.3,125.0,21.0,14.0,0.6,4.2815336870974985,35,20,26,-6,0.04989134446533048,0,0,1,0,0,0,0,0,0,-1,0,0,0,0,0
1qzr,A,170,VAL,4.2,140.0,0.0,0,0,E,0.29577464788732394,-128.2,125.9,5.0,28.0,0.15151515151515152,2.153557079088875,24,39,10,29,0.045228601991935104,0,0,1,0,0,0,0,0,0,66,1,11,0,0,1
1qzr,A,171,GLN,-3.5,143.8,0.0,2,2,E,0.005050505050505051,-136.7,130.8,22.0,15.0,0.5945945945945946,2.7425018819661084,29,29,17,12,0.05035761871267001,0,0,1,0,0,0,0,0,0,66,1,11,0,0,1
1qzr,A,172,LYS,-3.9,168.6,1.0,2,0,E,0.375609756097561,-111.2,130.6,7.0,25.0,0.21875,2.329077846131608,22,13,19,-6,0.04755997322863279,0,0,1,0,0,0,0,0,0,66,1,11,0,0,1
1qzr,A,173,TRP,-0.9,227.8,0.0,1,0,E,0.00881057268722467,-108.6,153.7,22.0,12.0,0.6470588235294118,3.792463337297369,36,31,26,5,0.05595290968074446,0,0,1,0,0,0,0,0,0,13,419,3,0,17,1
1qzr,A,174,GLU,-3.5,138.4,-1.0,1,3,E,0.28865979381443296,-137.6,165.1,3.0,24.0,0.1111111111111111,2.611836052883731,18,26,9,17,0.050823892960009553,0,0,1,0,0,0,0,0,0,13,419,3,0,17,1
1qzr,A,175,ASN,-3.5,114.1,0.0,2,2,T,0.5668789808917197,53.9,63.0,4.0,22.0,0.15384615384615385,1.8651597151418973,20,14,23,-9,0.0363693912924839,0,0,0,0,0,1,0,0,0,-1,0,0,0,0,0
1qzr,A,176,ASN,-3.5,114.1,0.0,2,2,T,0.19745222929936307,59.6,42.6,9.0,24.0,0.2727272727272727,2.0928023273696628,28,14,20,-6,0.050823892960009553,0,0,0,0,0,1,0,0,0,33,26,8,0,2,1
1qzr,A,177,MET,1.9,162.9,0.0,0,0,T,0.11170212765957446,70.6,1.5,16.0,19.0,0.45714285714285713,2.1982566779059773,30,22,13,9,0.05129016720734909,0,0,0,0,0,1,0,0,0,-1,0,0,0,0,0
1qzr,A,178,SER,-0.8,89.0,0.0,1,1,T,0.7153846153846154,-78.1,-23.3,7.0,15.0,0.3181818181818182,1.785204757744757,18,10,10,0,0.02844272908771177,0,0,0,0,0,1,0,0,0,13,419,3,0,17,1
1qzr,A,179,ILE,4.5,166.7,0.0,0,0,E,0.35502958579881655,-109.7,119.9,10.0,11.0,0.47619047619047616,2.3080841197268875,16,19,14,5,0.03310547156110714,0,0,1,0,0,0,0,0,0,13,419,3,0,17,1
1qzr,A,180,CYS,2.5,108.5,0.0,1,0,E,0.4148148148148148,-123.0,102.6,10.0,17.0,0.37037037037037035,1.8271404590696794,22,24,18,6,0.04149840801321881,0,0,1,0,0,0,0,0,0,13,419,3,0,17,1
1qzr,A,181,HIS,-3.2,153.2,0.1,2,1,P,0.375,-76.6,146.2,12.0,7.0,0.631578947368421,1.8780739762465886,17,12,15,-3,0.034970568550465285,0,0,0,0,0,0,0,0,0,13,419,3,0,17,1
1qzr,A,182,PRO,-1.6,112.7,0.0,0,0,P,0.7867647058823529,-61.8,149.1,1.0,18.0,0.05263157894736842,1.90908547931063,13,24,6,18,0.026577632098353617,0,0,0,0,0,0,0,0,0,13,419,3,0,17,1
1qzr,A,183,PRO,-1.6,112.7,0.0,0,0,P,0.2426470588235294,-70.4,146.9,19.0,8.0,0.7037037037037037,2.1005487907542597,20,24,8,16,0.03916703677652112,0,0,0,0,0,0,0,0,0,-1,0,0,0,0,0
1qzr,A,184,LYS,-3.9,168.6,1.0,2,0,E,0.7024390243902439,-94.8,117.1,6.0,16.0,0.2727272727272727,1.9198678308367947,16,15,6,9,0.030774100324409453,0,0,1,0,0,0,0,0,0,69,3,2,0,0,1
1qzr,A,185,ILE,4.5,166.7,0.0,0,0,E,0.2958579881656805,-117.6,125.4,10.0,12.0,0.45454545454545453,1.9224180365141565,22,18,3,15,0.0363693912924839,0,0,1,0,0,0,0,0,0,69,3,2,0,0,1
1qzr,A,186,THR,-0.7,116.1,0.0,1,1,E,0.3380281690140845,-132.1,160.5,8.0,10.0,0.4444444444444444,1.9767386579168134,18,25,5,20,0.028909003335051305,0,0,1,0,0,0,0,0,0,69,3,2,0,0,1
1qzr,A,187,SER,-0.8,89.0,0.0,1,1,E,0.7230769230769231,-67.0,135.8,2.0,17.0,0.10526315789473684,1.7395752049246933,16,24,3,21,0.02611135785101408,0,0,1,0,0,0,0,0,0,7,815,5,0,56,1
1qzr,A,188,TYR,-1.3,193.6,0.0,1,1,-,0.17567567567567569,-138.5,102.6,18.0,3.0,0.8571428571428571,2.0477342834486856,21,27,10,17,0.03590311704514436,0,0,0,0,0,0,0,0,0,7,815,5,0,56,1
1qzr,A,189,LYS,-3.9,168.6,1.0,2,0,-,0.5902439024390244,-118.6,149.2,1.0,14.0,0.06666666666666667,1.9200532606247427,14,12,4,8,0.025645083603674543,0,0,0,0,0,0,0,0,0,7,815,5,0,56,1
1qzr,A,190,LYS,-3.9,168.6,1.0,2,0,S,1.0,55.8,46.8,0.0,14.0,0.0,1.8706495273979071,7,9,0,9,0.018650969893581486,0,0,0,0,0,0,1,0,0,7,815,5,0,56,1
1qzr,A,191,GLY,-0.4,60.1,0.0,0,0,S,0.2857142857142857,-147.5,168.3,11.0,6.0,0.6470588235294118,1.7095258999871588,15,22,4,18,0.021914889624958248,0,0,0,0,0,0,1,0,0,34,24,7,0,2,1
1qzr,A,192,PRO,-1.6,112.7,0.0,0,0,-,0.6617647058823529,-76.4,157.2,9.0,15.0,0.375,2.125295131884023,19,19,12,7,0.027510180593032695,0,0,0,0,0,0,0,0,0,-1,0,0,0,0,0
1qzr,A,193,SER,-0.8,89.0,0.0,1,1,-,0.17692307692307693,-79.0,156.5,15.0,19.0,0.4411764705882353,1.9056480055813212,30,22,22,0,0.04149840801321881,0,0,0,0,0,0,0,0,0,40,24,7,0,1,1
1qzr,A,194,TYR,-1.3,193.6,0.0,1,1,E,0.0945945945945946,-172.0,167.9,15.0,21.0,0.4166666666666667,2.541855295024464,29,33,23,10,0.045228601991935104,0,0,1,0,0,0,0,0,0,-1,0,0,0,0,0
1qzr,A,195,THR,-0.7,116.1,0.0,1,1,E,0.056338028169014086,-135.8,134.9,16.0,22.0,0.42105263157894735,2.201817209924873,36,31,21,10,0.04989134446533048,0,0,1,0,0,0,0,0,0,-1,0,0,0,0,0
1qzr,A,196,LYS,-3.9,168.6,1.0,2,0,E,0.2634146341463415,-129.1,125.7,14.0,23.0,0.3783783783783784,2.43362708578833,26,12,27,-15,0.04709369898129325,0,0,1,0,0,0,0,0,0,66,1,11,0,0,1
1qzr,A,197,VAL,4.2,140.0,0.0,0,0,E,0.06338028169014084,-111.7,123.2,21.0,23.0,0.4772727272727273,2.962746924146579,36,18,24,-6,0.048958795970651406,0,0,1,0,0,0,0,0,0,-1,0,0,0,0,0
1qzr,A,198,THR,-0.7,116.1,0.0,1,1,E,0.09859154929577464,-119.4,127.8,13.0,26.0,0.3333333333333333,2.9774691203850034,30,35,28,7,0.04709369898129325,0,0,1,0,0,0,0,0,0,66,1,11,0,0,1
1qzr,A,199,PHE,2.8,189.9,0.0,0,0,E,0.005076142131979695,-138.0,150.8,26.0,19.0,0.5777777777777777,5.8411959899083845,42,22,27,-5,0.0526889899493677,0,0,1,0,0,0,0,0,0,-1,0,0,0,0,0
1qzr,A,200,LYS,-3.9,168.6,1.0,2,0,E,0.3170731707317073,-116.9,102.4,13.0,24.0,0.35135135135135137,2.76339382544978,31,18,35,-17,0.04616115048661418,0,0,1,0,0,0,0,0,0,-1,0,0,0,0,0
1qzr,A,201,PRO,-1.6,112.7,0.0,0,0,E,0.022058823529411766,-59.7,140.8,22.0,19.0,0.5365853658536586,3.2326697331434526,37,28,24,4,0.05035761871267001,0,0,1,0,0,0,0,0,0,-1,0,0,0,0,0
1qzr,A,202,ASP,-3.5,111.1,-1.0,1,3,-,0.10429447852760736,-76.6,86.5,18.0,15.0,0.5454545454545454,2.2387500625803223,29,26,6,20,0.043829779249916496,0,0,0,0,0,0,0,0,0,33,26,8,0,2,1
1qzr,A,203,LEU,3.8,166.7,0.0,0,0,G,0.06707317073170732,-66.9,-24.2,11.0,21.0,0.34375,2.2141861338393687,28,30,18,12,0.04103213376587927,0,0,0,1,0,0,0,0,0,62,1,12,0,0,1
1qzr,A,204,THR,-0.7,116.1,0.0,1,1,G,0.8450704225352113,-56.8,-41.7,6.0,16.0,0.2727272727272727,1.8209727241600626,16,19,9,10,0.027043906345693154,0,0,0,1,0,0,0,0,0,62,1,12,0,0,1
1qzr,A,205,ARG,-4.5,173.4,1.0,5,0,G,0.41935483870967744,-74.7,-11.5,16.0,10.0,0.6153846153846154,1.8665845464691473,26,7,9,-2,0.032639197313767604,0,0,0,1,0,0,0,0,0,62,1,12,0,0,1
1qzr,A,206,PHE,2.8,189.9,0.0,0,0,G,0.005076142131979695,-107.6,7.2,21.0,10.0,0.6774193548387096,3.4200630148673357,35,19,20,-1,0.04196468226055834,0,0,0,1,0,0,0,0,0,62,1,12,0,0,1
1qzr,A,207,GLY,-0.4,60.1,0.0,0,0,T,0.8333333333333334,64.3,32.9,9.0,11.0,0.45,1.7096624998675816,19,13,22,-9,0.02844272908771177,0,0,0,0,0,1,0,0,0,62,1,12,0,0,1
1qzr,A,208,MET,1.9,162.9,0.0,0,0,-,0.18617021276595744,-124.7,154.3,17.0,4.0,0.8095238095238095,1.8295973164055455,20,17,28,-11,0.028909003335051305,0,0,0,0,0,0,0,0,0,62,1,12,0,0,1
1qzr,A,209,LYS,-3.9,168.6,1.0,2,0,S,0.4195121951219512,-107.5,-26.5,0.0,15.0,0.0,1.8341636579013287,16,9,21,-12,0.02144861537761871,0,0,0,0,0,0,1,0,0,62,1,12,0,0,1
1qzr,A,210,GLU,-3.5,138.4,-1.0,1,3,S,0.7164948453608248,-146.3,165.8,6.0,17.0,0.2608695652173913,1.7757464244825323,16,17,17,0,0.029375277582390842,0,0,0,0,0,0,1,0,0,43,26,3,0,1,1
1qzr,A,211,LEU,3.8,166.7,0.0,0,0,-,0.06707317073170732,-86.5,105.1,18.0,13.0,0.5806451612903226,2.6400057525843064,26,27,32,-5,0.03870076252918159,0,0,0,0,0,0,0,0,0,43,26,3,0,1,1
1qzr,A,212,ASP,-3.5,111.1,-1.0,1,3,-,0.49079754601226994,-84.5,179.0,7.0,15.0,0.3181818181818182,1.9396358217390008,21,8,17,-9,0.02844272908771177,0,0,0,0,0,0,0,0,0,35,24,9,0,2,1
1qzr,A,213,ASN,-3.5,114.1,0.0,2,2,H,0.8535031847133758,-65.8,-29.2,3.0,16.0,0.15789473684210525,1.7220362871035928,17,7,23,-16,0.025178809356335007,1,0,0,0,0,0,0,0,0,35,24,9,0,2,1
1qzr,A,214,ASP,-3.5,111.1,-1.0,1,3,H,0.3374233128834356,-67.7,-51.8,14.0,17.0,0.45161290322580644,1.8953028990848517,23,8,11,-3,0.0363693912924839,1,0,0,0,0,0,0,0,0,35,24,9,0,2,1
1qzr,A,215,ILE,4.5,166.7,0.0,0,0,H,0.005917159763313609,-63.8,-43.5,19.0,18.0,0.5135135135135135,3.0817503100728216,33,15,19,-4,0.04616115048661418,1,0,0,0,0,0,0,0,0,35,24,9,0,2,1
1qzr,A,216,LEU,3.8,166.7,0.0,0,0,H,0.042682926829268296,-60.3,-37.9,13.0,20.0,0.3939393939393939,2.968862512581749,32,19,23,-4,0.03730193978716297,1,0,0,0,0,0,0,0,0,-1,0,0,0,0,0
1qzr,A,217,GLY,-0.4,60.1,0.0,0,0,H,0.11904761904761904,-61.3,-47.5,17.0,13.0,0.5666666666666667,1.939197870797071,29,31,23,8,0.04196468226055834,1,0,0,0,0,0,0,0,0,-1,0,0,0,0,0
1qzr,A,218,VAL,4.2,140.0,0.0,0,0,H,0.0,-73.7,-36.2,21.0,15.0,0.5833333333333334,4.188263448521915,35,34,18,16,0.04755997322863279,1,0,0,0,0,0,0,0,0,19,26,21,0,6,1
1qzr,A,219,MET,1.9,162.9,0.0,0,0,H,0.0,-60.4,-44.7,22.0,15.0,0.5945945945945946,5.6906137123876,38,37,17,20,0.048026247475972325,1,0,0,0,0,0,0,0,0,-1,0,0,0,0,0
1qzr,A,220,ARG,-4.5,173.4,1.0,5,0,H,0.32661290322580644,-63.6,-40.8,16.0,21.0,0.43243243243243246,2.34997288194958,31,17,16,1,0.048958795970651406,1,0,0,0,0,0,0,0,0,-1,0,0,0,0,0
1qzr,A,221,ARG,-4.5,173.4,1.0,5,0,H,0.056451612903225805,-62.3,-37.2,18.0,18.0,0.5,2.7424775673109227,36,18,11,7,0.04989134446533048,1,0,0,0,0,0,0,0,0,-1,0,0,0,0,0
1qzr,A,222,ARG,-4.5,173.4,1.0,5,0,H,0.016129032258064516,-63.7,-29.4,18.0,20.0,0.47368421052631576,3.5258366125005867,39,23,19,4,0.04709369898129325,1,0,0,0,0,0,0,0,0,-1,0,0,0,0,0
1qzr,A,223,VAL,4.2,140.0,0.0,0,0,H,0.0,-71.1,-38.5,22.0,23.0,0.4888888888888889,6.108064844108456,44,31,19,12,0.05175644145468863,1,0,0,0,0,0,0,0,0,-1,0,0,0,0,0
1qzr,A,224,TYR,-1.3,193.6,0.0,1,1,H,0.0945945945945946,-57.9,-44.5,21.0,24.0,0.4666666666666667,3.814485533661039,39,39,20,19,0.05035761871267001,1,0,0,0,0,0,0,0,0,-1,0,0,0,0,0
1qzr,A,225,ASP,-3.5,111.1,-1.0,1,3,H,0.018404907975460124,-50.2,-46.9,24.0,21.0,0.5333333333333333,3.4955895122771743,43,27,4,23,0.050823892960009553,1,0,0,0,0,0,0,0,0,-1,0,0,0,0,0
1qzr,A,226,ILE,4.5,166.7,0.0,0,0,H,0.005917159763313609,-61.5,-48.1,26.0,21.0,0.5531914893617021,5.70067634790626,42,24,17,7,0.050823892960009553,1,0,0,0,0,0,0,0,0,-1,0,0,0,0,0
1qzr,A,227,ASN,-3.5,114.1,0.0,2,2,H,0.012738853503184714,-57.9,-41.0,21.0,20.0,0.5121951219512195,3.080984768997313,39,34,13,21,0.0526889899493677,1,0,0,0,0,0,0,0,0,-1,0,0,0,0,0
1qzr,A,228,GLY,-0.4,60.1,0.0,0,0,H,0.023809523809523808,-66.0,-37.5,19.0,20.0,0.48717948717948717,2.63430312379684,38,29,17,12,0.05595290968074446,1,0,0,0,0,0,0,0,0,1,6334,12,0,854,1
1qzr,A,229,SER,-0.8,89.0,0.0,1,1,H,0.06923076923076923,-95.2,-31.9,23.0,21.0,0.5227272727272727,2.1223773178115994,39,26,19,7,0.05175644145468863,1,0,0,0,0,0,0,0,0,-1,0,0,0,0,0
1qzr,A,230,VAL,4.2,140.0,0.0,0,0,S,0.07746478873239436,-85.3,125.0,27.0,19.0,0.5869565217391305,1.9692099047328142,40,32,21,11,0.03963331102386066,0,0,0,0,0,0,1,0,0,-1,0,0,0,0,0
1qzr,A,231,ARG,-4.5,173.4,1.0,5,0,T,0.4314516129032258,-67.8,138.1,11.0,25.0,0.3055555555555556,1.9219350557741945,27,24,14,10,0.03124037457174899,0,0,0,0,0,1,0,0,0,-1,0,0,0,0,0
1qzr,A,232,ASP,-3.5,111.1,-1.0,1,3,T,0.6932515337423313,62.9,42.7,6.0,17.0,0.2608695652173913,1.6721428754244427,20,44,3,41,0.029375277582390842,0,0,0,0,0,1,0,0,0,-1,0,0,0,0,0
1qzr,A,233,ILE,4.5,166.7,0.0,0,0,-,0.01775147928994083,-130.3,166.6,26.0,9.0,0.7428571428571429,3.0818279201745087,35,46,16,30,0.043363505002576956,0,0,0,0,0,0,0,0,0,-1,0,0,0,0,0
1qzr,A,234,ASN,-3.5,114.1,0.0,2,2,E,0.3375796178343949,-123.8,121.4,8.0,25.0,0.24242424242424243,2.147029717269033,26,46,19,27,0.04616115048661418,0,0,1,0,0,0,0,0,0,-1,0,0,0,0,0
1qzr,A,235,VAL,4.2,140.0,0.0,0,0,E,0.0,-113.7,140.7,24.0,16.0,0.6,2.794209338974919,35,41,14,27,0.053155264196707235,0,0,1,0,0,0,0,0,0,-1,0,0,0,0,0
1qzr,A,236,TYR,-1.3,193.6,0.0,1,1,E,0.21621621621621623,-125.4,138.4,12.0,16.0,0.42857142857142855,2.8920196064606998,20,31,8,23,0.04662742473395372,0,0,1,0,0,0,0,0,0,-1,0,0,0,0,0
1qzr,A,237,LEU,3.8,166.7,0.0,0,0,E,0.12195121951219512,-118.2,115.4,11.0,18.0,0.3793103448275862,2.095601910974257,30,30,10,20,0.04476232774459557,0,0,1,0,0,0,0,0,0,72,1,2,0,0,1
1qzr,A,238,ASN,-3.5,114.1,0.0,2,2,T,0.4968152866242038,46.2,44.7,6.0,15.0,0.2857142857142857,1.8378897749644656,21,28,17,11,0.03170664881908853,0,0,0,0,0,1,0,0,0,72,1,2,0,0,1
1qzr,A,239,GLY,-0.4,60.1,0.0,0,0,T,0.5952380952380952,85.7,-6.2,1.0,18.0,0.05263157894736842,1.709646111332109,16,18,8,10,0.02984155182973038,0,0,0,0,0,1,0,0,0,72,1,2,0,0,1
1qzr,A,240,LYS,-3.9,168.6,1.0,2,0,E,0.7951219512195122,-102.1,129.3,7.0,11.0,0.3888888888888889,2.083870678639675,16,12,2,10,0.027510180593032695,0,0,1,0,0,0,0,0,0,72,1,2,0,0,1
1qzr,A,241,SER,-0.8,89.0,0.0,1,1,E,0.43846153846153846,-61.8,134.2,5.0,15.0,0.25,1.8741248450587282,19,29,3,26,0.03310547156110714,0,0,1,0,0,0,0,0,0,72,1,2,0,0,1
1qzr,A,242,LEU,3.8,166.7,0.0,0,0,-,0.036585365853658534,-80.0,-5.9,27.0,6.0,0.8181818181818182,2.4191862279635536,31,35,7,28,0.04243095650789788,0,0,0,0,0,0,0,0,0,-1,0,0,0,0,0
1qzr,A,243,LYS,-3.9,168.6,1.0,2,0,-,0.6292682926829268,73.1,-39.3,3.0,18.0,0.14285714285714285,1.8706714075407171,18,18,7,11,0.029375277582390842,0,0,0,0,0,0,0,0,0,-1,0,0,0,0,0
1qzr,A,244,ILE,4.5,166.7,0.0,0,0,-,0.08284023668639054,-68.8,146.5,19.0,10.0,0.6551724137931034,2.44523159064475,29,26,16,10,0.03776821403450251,0,0,0,0,0,0,0,0,0,-1,0,0,0,0,0
1qzr,A,245,ARG,-4.5,173.4,1.0,5,0,-,0.6290322580645161,-120.0,-16.0,0.0,27.0,0.0,1.9127270953680544,19,14,8,6,0.03590311704514436,0,0,0,0,0,0,0,0,0,-1,0,0,0,0,0
1qzr,A,246,ASN,-3.5,114.1,0.0,2,2,S,0.43312101910828027,-157.2,-179.0,5.0,23.0,0.17857142857142858,2.179023269922416,25,37,17,20,0.04243095650789788,0,0,0,0,0,0,1,0,0,1,6334,12,0,854,1
1qzr,A,247,PHE,2.8,189.9,0.0,0,0,H,0.005076142131979695,-69.3,-34.6,18.0,18.0,0.5,3.6946365535194974,36,27,28,-1,0.04755997322863279,1,0,0,0,0,0,0,0,0,1,6334,12,0,854,1
1qzr,A,248,LYS,-3.9,168.6,1.0,2,0,H,0.4634146341463415,-59.3,-46.7,4.0,25.0,0.13793103448275862,2.325950055956772,22,10,21,-11,0.040565859518539735,1,0,0,0,0,0,0,0,0,1,6334,12,0,854,1
1qzr,A,249,ASN,-3.5,114.1,0.0,2,2,H,0.27388535031847133,-58.6,-40.0,11.0,13.0,0.4583333333333333,1.8730033396545267,19,25,11,14,0.03916703677652112,1,0,0,0,0,0,0,0,0,1,6334,12,0,854,1
1qzr,A,250,TYR,-1.3,193.6,0.0,1,1,H,0.0045045045045045045,-64.1,-48.7,22.0,16.0,0.5789473684210527,4.080277845679938,37,23,19,4,0.053155264196707235,1,0,0,0,0,0,0,0,0,1,6334,12,0,854,1
1qzr,A,251,VAL,4.2,140.0,0.0,0,0,H,0.007042253521126761,-62.7,-34.5,22.0,17.0,0.5641025641025641,4.441728161110769,34,10,16,-6,0.048026247475972325,1,0,0,0,0,0,0,0,0,-1,0,0,0,0,0
1qzr,A,252,GLU,-3.5,138.4,-1.0,1,3,H,0.3711340206185567,-59.8,-23.8,8.0,20.0,0.2857142857142857,1.9918218162662866,22,14,3,11,0.03730193978716297,1,0,0,0,0,0,0,0,0,-1,0,0,0,0,0
1qzr,A,253,LEU,3.8,166.7,0.0,0,0,T,0.11585365853658537,-65.6,-19.9,22.0,11.0,0.6666666666666666,2.2678115513813206,31,21,25,-4,0.04616115048661418,0,0,0,0,0,1,0,0,0,-1,0,0,0,0,0
1qzr,A,254,TYR,-1.3,193.6,0.0,1,1,T,0.009009009009009009,-90.1,1.2,20.0,14.0,0.5882352941176471,3.496311132499573,36,16,19,-3,0.04942507021799094,0,0,0,0,0,1,0,0,0,-1,0,0,0,0,0
1qzr,A,255,LEU,3.8,166.7,0.0,0,0,T,0.5,-61.7,-46.4,12.0,13.0,0.48,1.9060908171141155,22,10,11,-1,0.0363693912924839,0,0,0,0,0,1,0,0,0,-1,0,0,0,0,0
1qzr,A,256,LYS,-3.9,168.6,1.0,2,0,T,0.751219512195122,-58.9,-42.1,9.0,9.0,0.5,1.8707482740856491,16,0,15,-15,0.026577632098353617,0,0,0,0,0,1,0,0,0,-1,0,0,0,0,0
1qzr,A,257,SER,-0.8,89.0,0.0,1,1,T,0.4461538461538462,-74.6,-35.3,17.0,8.0,0.68,1.777959158075206,21,9,13,-4,0.029375277582390842,0,0,0,0,0,1,0,0,0,-1,0,0,0,0,0
1qzr,A,258,LEU,3.8,166.7,0.0,0,0,-,0.3170731707317073,-71.2,360.0,19.0,6.0,0.76,2.1015655460481746,25,7,11,-4,0.030307826077069916,0,0,0,0,0,0,0,0,0,-1,0,0,0,0,0
1qzr,A,276,ILE,4.5,166.7,0.0,0,0,-,0.7159763313609467,360.0,107.5,9.0,4.0,0.6923076923076923,1.7676009053323107,12,14,6,8,0.01492077591486519,0,0,0,0,0,0,0,0,0,23,96,5,0,5,1
1qzr,A,277,PRO,-1.6,112.7,0.0,0,0,-,0.7573529411764706,-68.8,142.2,8.0,9.0,0.47058823529411764,1.833832665227281,14,17,1,16,0.01678587290422334,0,0,0,0,0,0,0,0,0,23,96,5,0,5,1
1qzr,A,278,THR,-0.7,116.1,0.0,1,1,S,0.5070422535211268,-64.2,-43.1,8.0,18.0,0.3076923076923077,1.8137513295278003,22,5,11,-6,0.027510180593032695,0,0,0,0,0,0,1,0,0,23,96,5,0,5,1
1qzr,A,279,ILE,4.5,166.7,0.0,0,0,-,0.17159763313609466,-114.3,125.7,17.0,14.0,0.5483870967741935,2.0121284365514955,26,10,11,-1,0.03776821403450251,0,0,0,0,0,0,0,0,0,23,96,5,0,5,1
1qzr,A,280,LEU,3.8,166.7,0.0,0,0,E,0.1524390243902439,-109.7,113.3,17.0,16.0,0.5151515151515151,2.280163207543288,31,17,12,5,0.03916703677652112,0,0,1,0,0,0,0,0,0,-1,0,0,0,0,0
1qzr,A,281,TYR,-1.3,193.6,0.0,1,1,E,0.26126126126126126,-111.9,142.7,11.0,20.0,0.3548387096774194,2.184588029839942,23,21,25,-4,0.040099585271200194,0,0,1,0,0,0,0,0,0,1,6334,12,0,854,1
1qzr,A,282,GLU,-3.5,138.4,-1.0,1,3,E,0.26288659793814434,-149.1,133.2,12.0,17.0,0.41379310344827586,2.1996140648402895,23,20,16,4,0.03823448828184205,0,0,1,0,0,0,0,0,0,-1,0,0,0,0,0
1qzr,A,283,ARG,-4.5,173.4,1.0,5,0,E,0.3064516129032258,-82.3,116.8,6.0,18.0,0.25,1.902944275558324,18,18,18,0,0.035436842797804825,0,0,1,0,0,0,0,0,0,1,6334,12,0,854,1
1qzr,A,284,ILE,4.5,166.7,0.0,0,0,E,0.23668639053254437,-82.7,-42.2,18.0,5.0,0.782608695652174,2.1602595511883442,23,22,26,-4,0.03823448828184205,0,0,1,0,0,0,0,0,0,-1,0,0,0,0,0
1qzr,A,285,ASN,-3.5,114.1,0.0,2,2,E,0.3630573248407643,-160.2,-173.3,8.0,9.0,0.47058823529411764,1.9783890082862097,22,32,21,11,0.029375277582390842,0,0,1,0,0,0,0,0,0,-1,0,0,0,0,0
1qzr,A,286,ASN,-3.5,114.1,0.0,2,2,T,0.7197452229299363,-66.9,-4.9,1.0,16.0,0.058823529411764705,1.7998041298733916,13,30,7,23,0.02797645484037223,0,0,0,0,0,1,0,0,0,-1,0,0,0,0,0
1qzr,A,287,ARG,-4.5,173.4,1.0,5,0,T,0.28225806451612906,-119.5,-6.4,13.0,16.0,0.4482758620689655,1.8068890419059291,21,20,13,7,0.04243095650789788,0,0,0,0,0,1,0,0,0,22,45,11,0,5,1
1qzr,A,288,TRP,-0.9,227.8,0.0,1,0,E,0.0,-137.6,122.9,15.0,19.0,0.4411764705882353,4.216892843671488,35,39,17,22,0.04942507021799094,0,0,1,0,0,0,0,0,0,22,45,11,0,5,1
1qzr,A,289,GLU,-3.5,138.4,-1.0,1,3,E,0.020618556701030927,-123.9,139.6,19.0,19.0,0.5,2.5655988958619895,34,33,8,25,0.05222271570202816,0,0,1,0,0,0,0,0,0,1,6334,12,0,854,1
1qzr,A,290,VAL,4.2,140.0,0.0,0,0,E,0.0,-134.8,137.2,18.0,23.0,0.43902439024390244,6.58451077304495,35,17,20,-3,0.053621538444046775,0,0,1,0,0,0,0,0,0,-1,0,0,0,0,0
1qzr,A,291,ALA,1.8,88.6,0.0,0,0,E,0.0,-126.8,152.6,18.0,24.0,0.42857142857142855,5.5285636580481015,36,11,19,-8,0.048958795970651406,0,0,1,0,0,0,0,0,0,-1,0,0,0,0,0
1qzr,A,292,PHE,2.8,189.9,0.0,0,0,E,0.01015228426395939,-132.9,138.4,18.0,25.0,0.4186046511627907,3.032520349037531,38,10,3,7,0.04755997322863279,0,0,1,0,0,0,0,0,0,-1,0,0,0,0,0
1qzr,A,293,ALA,1.8,88.6,0.0,0,0,E,0.018867924528301886,-139.5,159.7,18.0,21.0,0.46153846153846156,2.5022547664248718,36,6,9,-3,0.04662742473395372,0,0,1,0,0,0,0,0,0,-1,0,0,0,0,0
1qzr,A,294,VAL,4.2,140.0,0.0,0,0,E,0.22535211267605634,-77.4,133.5,15.0,22.0,0.40540540540540543,1.922059792296429,34,16,13,3,0.043829779249916496,0,0,1,0,0,0,0,0,0,-1,0,0,0,0,0
1qzr,A,295,SER,-0.8,89.0,0.0,1,1,-,0.03076923076923077,-92.6,148.6,16.0,13.0,0.5517241379310345,2.1941530835352707,29,16,12,4,0.04429605349725603,0,0,0,0,0,0,0,0,0,2,770,20,0,157,1
1qzr,A,296,ASP,-3.5,111.1,-1.0,1,3,S,0.44785276073619634,-77.3,-38.7,2.0,18.0,0.1,1.8528281417075483,20,16,4,12,0.02611135785101408,0,0,0,0,0,0,1,0,0,2,770,20,0,157,1
1qzr,A,297,ILE,4.5,166.7,0.0,0,0,S,0.6804733727810651,-122.2,-43.9,3.0,17.0,0.15,2.1138372885348926,19,15,8,7,0.030774100324409453,0,0,0,0,0,0,1,0,0,2,770,20,0,157,1
1qzr,A,298,SER,-0.8,89.0,0.0,1,1,S,0.26153846153846155,-166.7,179.8,8.0,18.0,0.3076923076923077,2.170543959806001,21,20,8,12,0.04196468226055834,0,0,0,0,0,0,1,0,0,2,770,20,0,157,1
1qzr,A,299,PHE,2.8,189.9,0.0,0,0,-,0.20812182741116753,-60.2,131.6,14.0,17.0,0.45161290322580644,2.3218531015472794,30,9,2,7,0.04149840801321881,0,0,0,0,0,0,0,0,0,2,770,20,0,157,1
1qzr,A,300,GLN,-3.5,143.8,0.0,2,2,E,0.30808080808080807,-130.5,143.5,13.0,14.0,0.48148148148148145,2.1073627037682714,25,7,10,-3,0.03730193978716297,0,0,1,0,0,0,0,0,0,2,770,20,0,157,1
1qzr,A,301,GLN,-3.5,143.8,0.0,2,2,E,0.1919191919191919,-142.6,142.6,19.0,15.0,0.5588235294117647,2.072612584132385,30,11,3,8,0.043363505002576956,0,0,1,0,0,0,0,0,0,20,24,24,0,5,1
1qzr,A,302,ILE,4.5,166.7,0.0,0,0,E,0.1242603550295858,-130.1,118.4,15.0,25.0,0.375,2.3717067589106087,34,9,7,2,0.04755997322863279,0,0,1,0,0,0,0,0,0,-1,0,0,0,0,0
1qzr,A,303,SER,-0.8,89.0,0.0,1,1,E,0.03076923076923077,-139.6,151.9,25.0,18.0,0.5813953488372093,2.2746784111773146,44,16,12,4,0.050823892960009553,0,0,1,0,0,0,0,0,0,-1,0,0,0,0,0
1qzr,A,304,PHE,2.8,189.9,0.0,0,0,E,0.01015228426395939,-134.6,132.5,21.0,23.0,0.4772727272727273,2.8136234688369792,38,19,16,3,0.05035761871267001,0,0,1,0,0,0,0,0,0,-1,0,0,0,0,0
1qzr,A,305,VAL,4.2,140.0,0.0,0,0,E,0.0,-118.7,114.5,23.0,24.0,0.48936170212765956,4.130998279224069,45,26,9,17,0.05035761871267001,0,0,1,0,0,0,0,0,0,27,24,11,0,3,1
1qzr,A,306,ASN,-3.5,114.1,0.0,2,2,T,0.03184713375796178,47.8,41.6,21.0,22.0,0.4883720930232558,2.4032752244149074,36,29,14,15,0.048492521723311866,0,0,0,0,0,1,0,0,0,27,24,11,0,3,1
1qzr,A,307,SER,-0.8,89.0,0.0,1,1,T,0.08461538461538462,76.2,-1.6,26.0,19.0,0.5777777777777777,2.595097607479808,43,14,24,-10,0.05035761871267001,0,0,0,0,0,1,0,0,0,27,24,11,0,3,1
1qzr,A,308,ILE,4.5,166.7,0.0,0,0,E,0.01775147928994083,-79.5,132.1,24.0,23.0,0.5106382978723404,2.99288996858887,43,26,30,-4,0.04616115048661418,0,0,1,0,0,0,0,0,0,-1,0,0,0,0,0
1qzr,A,309,ALA,1.8,88.6,0.0,0,0,E,0.12264150943396226,-77.1,110.6,15.0,25.0,0.375,2.1103084603552653,35,31,25,6,0.043829779249916496,0,0,1,0,0,0,0,0,0,20,24,24,0,5,1
1qzr,A,310,THR,-0.7,116.1,0.0,1,1,-,0.007042253521126761,-93.0,77.7,23.0,12.0,0.6571428571428571,2.684811531698695,33,23,12,11,0.048958795970651406,0,0,0,0,0,0,0,0,0,20,24,24,0,5,1
1qzr,A,311,THR,-0.7,116.1,0.0,1,1,T,0.6197183098591549,-70.2,-18.0,5.0,22.0,0.18518518518518517,1.849526162062608,31,19,11,8,0.03357174580844668,0,0,0,0,0,1,0,0,0,20,24,24,0,5,1
1qzr,A,312,MET,1.9,162.9,0.0,0,0,T,0.4521276595744681,-101.6,12.4,13.0,16.0,0.4482758620689655,1.961697271471496,21,7,9,-2,0.030774100324409453,0,0,0,0,0,1,0,0,0,20,24,24,0,5,1
1qzr,A,313,GLY,-0.4,60.1,0.0,0,0,-,0.047619047619047616,67.4,-128.4,11.0,21.0,0.34375,2.430970199556799,31,16,8,8,0.04709369898129325,0,0,0,0,0,0,0,0,0,20,24,24,0,5,1
1qzr,A,314,GLY,-0.4,60.1,0.0,0,0,B,0.07142857142857142,125.6,-156.6,21.0,11.0,0.65625,1.9961372722463622,35,17,9,8,0.040565859518539735,0,1,0,0,0,0,0,0,0,-1,0,0,0,0,0
1qzr,A,315,THR,-0.7,116.1,0.0,1,1,H,0.22535211267605634,-67.0,-30.0,14.0,18.0,0.4375,2.097814958486651,32,18,8,10,0.04149840801321881,1,0,0,0,0,0,0,0,0,-1,0,0,0,0,0
1qzr,A,316,HIS,-3.2,153.2,0.1,2,1,H,0.0,-70.9,-42.0,34.0,13.0,0.723404255319149,4.9597604759161085,45,6,4,2,0.04989134446533048,1,0,0,0,0,0,0,0,0,-1,0,0,0,0,0
1qzr,A,317,VAL,4.2,140.0,0.0,0,0,H,0.02112676056338028,-64.3,-44.8,22.0,21.0,0.5116279069767442,3.057039901754688,37,14,8,6,0.04709369898129325,1,0,0,0,0,0,0,0,0,-1,0,0,0,0,0
1qzr,A,318,ASN,-3.5,114.1,0.0,2,2,H,0.445859872611465,-65.4,-40.7,10.0,17.0,0.37037037037037035,2.0334648521049585,25,15,8,7,0.0363693912924839,1,0,0,0,0,0,0,0,0,-1,0,0,0,0,0
1qzr,A,319,TYR,-1.3,193.6,0.0,1,1,H,0.0945945945945946,-52.4,-50.8,20.0,10.0,0.6666666666666666,2.443004892878776,28,27,17,10,0.04289723075523742,1,0,0,0,0,0,0,0,0,-1,0,0,0,0,0
1qzr,A,320,ILE,4.5,166.7,0.0,0,0,H,0.0,-70.8,-50.0,20.0,17.0,0.5405405405405406,5.075742984073273,39,21,20,1,0.04662742473395372,1,0,0,0,0,0,0,0,0,-1,0,0,0,0,0
1qzr,A,321,THR,-0.7,116.1,0.0,1,1,H,0.0,-68.8,-40.0,22.0,16.0,0.5789473684210527,2.5600220418744293,34,22,8,14,0.043363505002576956,1,0,0,0,0,0,0,0,0,-1,0,0,0,0,0
1qzr,A,322,ASP,-3.5,111.1,-1.0,1,3,H,0.5828220858895705,-55.3,-43.8,7.0,17.0,0.2916666666666667,1.6977513822778638,23,27,0,27,0.03590311704514436,1,0,0,0,0,0,0,0,0,-1,0,0,0,0,0
1qzr,A,323,GLN,-3.5,143.8,0.0,2,2,H,0.1111111111111111,-60.6,-47.7,13.0,12.0,0.52,2.0552912595181496,28,25,17,8,0.043363505002576956,1,0,0,0,0,0,0,0,0,-1,0,0,0,0,0
1qzr,A,324,ILE,4.5,166.7,0.0,0,0,H,0.0,-66.0,-45.2,23.0,15.0,0.6052631578947368,5.289043968719499,37,24,14,10,0.045228601991935104,1,0,0,0,0,0,0,0,0,-1,0,0,0,0,0
1qzr,A,325,VAL,4.2,140.0,0.0,0,0,H,0.07746478873239436,-60.1,-45.9,18.0,16.0,0.5294117647058824,2.451893839632131,32,31,12,19,0.04243095650789788,1,0,0,0,0,0,0,0,0,-1,0,0,0,0,0
1qzr,A,326,LYS,-3.9,168.6,1.0,2,0,H,0.8,-60.7,-44.9,7.0,18.0,0.28,1.9194913050151559,20,10,16,-6,0.03357174580844668,1,0,0,0,0,0,0,0,0,-1,0,0,0,0,0
1qzr,A,327,LYS,-3.9,168.6,1.0,2,0,H,0.2146341463414634,-68.9,-42.1,15.0,12.0,0.5555555555555556,2.0088113740056457,26,10,20,-10,0.035436842797804825,1,0,0,0,0,0,0,0,0,-1,0,0,0,0,0
1qzr,A,328,ILE,4.5,166.7,0.0,0,0,H,0.0,-61.8,-47.6,25.0,13.0,0.6578947368421053,4.811729682505205,35,29,8,21,0.04149840801321881,1,0,0,0,0,0,0,0,0,-1,0,0,0,0,0
1qzr,A,329,SER,-0.8,89.0,0.0,1,1,H,0.25384615384615383,-55.2,-43.4,13.0,14.0,0.48148148148148145,2.1135071738036655,26,37,7,30,0.040565859518539735,1,0,0,0,0,0,0,0,0,54,24,1,0,0,1
1qzr,A,330,GLU,-3.5,138.4,-1.0,1,3,H,0.2268041237113402,-62.6,-37.2,8.0,11.0,0.42105263157894735,1.9109459714479626,17,35,0,35,0.03124037457174899,1,0,0,0,0,0,0,0,0,73,0,0,0,0,1
1qzr,A,331,ILE,4.5,166.7,0.0,0,0,H,0.33136094674556216,-68.3,-40.0,13.0,8.0,0.6190476190476191,2.081130713982019,20,28,5,23,0.030307826077069916,1,0,0,0,0,0,0,0,0,73,0,0,0,0,1
1qzr,A,332,LEU,3.8,166.7,0.0,0,0,H,0.21341463414634146,-64.4,-43.7,20.0,6.0,0.7692307692307693,2.153618290517719,27,31,7,24,0.03403802005578621,1,0,0,0,0,0,0,0,0,32,24,8,0,2,1
1qzr,A,333,LYS,-3.9,168.6,1.0,2,0,-,0.8585365853658536,-87.5,88.0,7.0,8.0,0.4666666666666667,1.8875703510024688,12,14,5,9,0.021914889624958248,0,0,0,0,0,0,0,0,0,73,0,0,0,0,1
1qzr,A,334,LYS,-3.9,168.6,1.0,2,0,-,1.0,-156.9,360.0,6.0,2.0,0.75,1.8706618574256046,9,11,5,6,0.017252147151562876,0,0,0,0,0,0,0,0,0,73,0,0,0,0,1
1qzr,A,340,VAL,4.2,140.0,0.0,0,0,-,0.36619718309859156,360.0,160.2,20.0,6.0,0.7692307692307693,2.0883488241944144,27,19,9,10,0.03357174580844668,0,0,0,0,0,0,0,0,0,32,24,8,0,2,1
1qzr,A,341,LYS,-3.9,168.6,1.0,2,0,-,0.3170731707317073,-73.0,146.2,11.0,15.0,0.4230769230769231,2.1407478074433106,22,10,7,3,0.02984155182973038,0,0,0,0,0,0,0,0,0,32,24,8,0,2,1
1qzr,A,342,SER,-0.8,89.0,0.0,1,1,H,0.5307692307692308,-59.0,-38.1,12.0,18.0,0.4,1.9040469386202419,24,25,11,14,0.03357174580844668,1,0,0,0,0,0,0,0,0,32,24,8,0,2,1
1qzr,A,343,PHE,2.8,189.9,0.0,0,0,H,0.07106598984771574,-64.5,-24.9,10.0,19.0,0.3448275862068966,2.4938885811513654,18,26,3,23,0.043363505002576956,1,0,0,0,0,0,0,0,0,-1,0,0,0,0,0
1qzr,A,344,GLN,-3.5,143.8,0.0,2,2,H,0.05555555555555555,-69.0,-39.9,15.0,23.0,0.39473684210526316,3.0792293294686774,23,28,1,27,0.045228601991935104,1,0,0,0,0,0,0,0,0,-1,0,0,0,0,0
1qzr,A,345,ILE,4.5,166.7,0.0,0,0,H,0.0,-71.0,-50.2,20.0,21.0,0.4878048780487805,4.689668653969477,33,32,6,26,0.048492521723311866,1,0,0,0,0,0,0,0,0,32,24,8,0,2,1
1qzr,A,346,LYS,-3.9,168.6,1.0,2,0,H,0.2682926829268293,-51.1,-46.0,15.0,26.0,0.36585365853658536,2.682240202328468,28,4,8,-4,0.048026247475972325,1,0,0,0,0,0,0,0,0,2,770,20,0,157,1
1qzr,A,347,ASN,-3.5,114.1,0.0,2,2,T,0.1337579617834395,-77.8,5.5,13.0,19.0,0.40625,3.182378092685277,26,24,4,20,0.048026247475972325,0,0,0,0,0,1,0,0,0,2,770,20,0,157,1
1qzr,A,348,ASN,-3.5,114.1,0.0,2,2,T,0.025477707006369428,-107.0,11.2,17.0,19.0,0.4722222222222222,3.680486834031274,32,24,12,12,0.05408781269138631,0,0,0,0,0,1,0,0,0,2,770,20,0,157,1
1qzr,A,349,MET,1.9,162.9,0.0,0,0,E,0.0,-110.9,134.4,21.0,20.0,0.5121951219512195,5.541478544839465,38,11,3,8,0.053155264196707235,0,0,1,0,0,0,0,0,0,2,770,20,0,157,1
1qzr,A,350,PHE,2.8,189.9,0.0,0,0,E,0.03553299492385787,-113.4,111.2,14.0,23.0,0.3783783783783784,3.34895592904469,32,2,7,-5,0.050823892960009553,0,0,1,0,0,0,0,0,0,2,770,20,0,157,1
1qzr,A,351,ILE,4.5,166.7,0.0,0,0,E,0.0,-108.5,137.4,22.0,18.0,0.55,6.057600466016424,37,11,3,8,0.05129016720734909,0,0,1,0,0,0,0,0,0,-1,0,0,0,0,0
1qzr,A,352,PHE,2.8,189.9,0.0,0,0,E,0.0,-115.4,130.2,20.0,23.0,0.46511627906976744,6.1454585843134995,36,4,9,-5,0.048026247475972325,0,0,1,0,0,0,0,0,0,-1,0,0,0,0,0
1qzr,A,353,ILE,4.5,166.7,0.0,0,0,E,0.0,-133.3,128.4,26.0,22.0,0.5416666666666666,6.153217587104744,45,12,11,1,0.05455408693872585,0,0,1,0,0,0,0,0,0,-1,0,0,0,0,0
1qzr,A,354,ASN,-3.5,114.1,0.0,2,2,E,0.07643312101910828,-123.6,113.7,20.0,24.0,0.45454545454545453,2.1750404411529995,40,31,14,17,0.050823892960009553,0,0,1,0,0,0,0,0,0,-1,0,0,0,0,0
1qzr,A,355,CYS,2.5,108.5,0.0,1,0,E,0.014814814814814815,-136.7,160.3,23.0,21.0,0.5227272727272727,2.49476961645535,38,28,11,17,0.048492521723311866,0,0,1,0,0,0,0,0,0,27,24,11,0,3,1
1qzr,A,356,LEU,3.8,166.7,0.0,0,0,-,0.2865853658536585,-117.6,122.3,14.0,23.0,0.3783783783783784,2.711979388287037,33,32,16,16,0.04476232774459557,0,0,0,0,0,0,0,0,0,27,24,11,0,3,1
1qzr,A,357,ILE,4.5,166.7,0.0,0,0,-,0.0,-120.6,135.7,25.0,13.0,0.6578947368421053,5.16640524018972,37,39,14,25,0.0526889899493677,0,0,0,0,0,0,0,0,0,27,24,11,0,3,1
1qzr,A,358,GLU,-3.5,138.4,-1.0,1,3,S,0.2268041237113402,-73.0,131.4,12.0,18.0,0.4,2.0938971916032143,28,34,22,12,0.04709369898129325,0,0,0,0,0,0,1,0,0,48,6,10,0,0,1
1qzr,A,359,ASN,-3.5,114.1,0.0,2,2,S,0.14012738853503184,37.8,59.4,10.0,21.0,0.3225806451612903,2.2973962770835517,29,38,41,-3,0.04616115048661418,0,0,0,0,0,0,1,0,0,48,6,10,0,0,1
1qzr,A,360,PRO,-1.6,112.7,0.0,0,0,-,0.007352941176470588,-67.7,155.5,24.0,20.0,0.5454545454545454,3.182661535242727,37,40,22,18,0.043829779249916496,0,0,0,0,0,0,0,0,0,48,6,10,0,0,1
1qzr,A,361,ALA,1.8,88.6,0.0,0,0,-,0.20754716981132076,-124.2,147.0,17.0,26.0,0.3953488372093023,2.408089631463363,40,39,23,16,0.03963331102386066,0,0,0,0,0,0,0,0,0,48,6,10,0,0,1
1qzr,A,362,PHE,2.8,189.9,0.0,0,0,B,0.050761421319796954,-133.8,165.6,20.0,19.0,0.5128205128205128,2.6067935249912733,36,27,15,12,0.04476232774459557,0,1,0,0,0,0,0,0,0,-1,0,0,0,0,0
1qzr,A,363,THR,-0.7,116.1,0.0,1,1,S,0.1267605633802817,-66.4,-29.6,18.0,20.0,0.47368421052631576,1.9373149293997989,24,12,25,-13,0.04476232774459557,0,0,0,0,0,0,1,0,0,-1,0,0,0,0,0
1qzr,A,364,SER,-0.8,89.0,0.0,1,1,S,0.023076923076923078,-147.9,169.9,18.0,20.0,0.47368421052631576,2.278697257310689,24,14,21,-7,0.045694876239274644,0,0,0,0,0,0,1,0,0,-1,0,0,0,0,0
1qzr,A,365,GLN,-3.5,143.8,0.0,2,2,T,0.0707070707070707,-56.1,-30.5,18.0,22.0,0.45,2.6839337593521932,29,28,17,11,0.04476232774459557,0,0,0,0,0,1,0,0,0,-1,0,0,0,0,0
1qzr,A,366,THR,-0.7,116.1,0.0,1,1,T,0.07042253521126761,-70.9,-16.5,20.0,21.0,0.4878048780487805,2.049026844582395,32,18,27,-9,0.03963331102386066,0,0,0,0,0,1,0,0,0,-1,0,0,0,0,0
1qzr,A,367,LYS,-3.9,168.6,1.0,2,0,-,0.07317073170731707,57.7,38.5,19.0,22.0,0.4634146341463415,2.5325328779562315,36,16,23,-7,0.045228601991935104,0,0,0,0,0,0,0,0,0,-1,0,0,0,0,0
1qzr,A,368,GLU,-3.5,138.4,-1.0,1,3,-,0.31958762886597936,-79.8,-19.8,12.0,25.0,0.32432432432432434,2.2134770415671143,28,17,4,13,0.045694876239274644,0,0,0,0,0,0,0,0,0,20,24,24,0,5,1
1qzr,A,369,GLN,-3.5,143.8,0.0,2,2,S,0.21212121212121213,-138.0,115.2,12.0,21.0,0.36363636363636365,2.5312304974099527,25,14,11,3,0.05129016720734909,0,0,0,0,0,0,1,0,0,16,24,26,0,6,1
1qzr,A,370,LEU,3.8,166.7,0.0,0,0,B,0.006097560975609756,-75.1,135.4,27.0,15.0,0.6428571428571429,4.024225094400947,36,23,10,13,0.050823892960009553,0,1,0,0,0,0,0,0,0,-1,0,0,0,0,0
1qzr,A,371,THR,-0.7,116.1,0.0,1,1,-,0.22535211267605634,-118.8,-7.9,14.0,22.0,0.3888888888888889,1.9246263854246712,35,19,22,-3,0.04243095650789788,0,0,0,0,0,0,0,0,0,-1,0,0,0,0,0
1qzr,A,372,THR,-0.7,116.1,0.0,1,1,-,0.09859154929577464,-50.1,128.6,17.0,16.0,0.5151515151515151,2.1383372111389667,31,31,23,8,0.04429605349725603,0,0,0,0,0,0,0,0,0,-1,0,0,0,0,0
1qzr,A,373,ARG,-4.5,173.4,1.0,5,0,-,0.13709677419354838,-65.2,144.6,8.0,20.0,0.2857142857142857,2.0939266413697877,23,9,27,-18,0.0363693912924839,0,0,0,0,0,0,0,0,0,-1,0,0,0,0,0
1qzr,A,374,VAL,4.2,140.0,0.0,0,0,G,0.30985915492957744,-48.7,-42.7,10.0,15.0,0.4,1.9815695025369708,23,38,9,29,0.040099585271200194,0,0,0,1,0,0,0,0,0,-1,0,0,0,0,0
1qzr,A,375,LYS,-3.9,168.6,1.0,2,0,G,0.6829268292682927,-64.3,-16.5,3.0,16.0,0.15789473684210525,1.870669910142861,15,17,18,-1,0.02844272908771177,0,0,0,1,0,0,0,0,0,-1,0,0,0,0,0
1qzr,A,376,ASP,-3.5,111.1,-1.0,1,3,G,0.43558282208588955,-103.3,11.4,11.0,10.0,0.5238095238095238,1.7700789856532217,21,27,15,12,0.032172923066428064,0,0,0,1,0,0,0,0,0,-1,0,0,0,0,0
1qzr,A,377,PHE,2.8,189.9,0.0,0,0,S,0.0,-65.2,-33.9,14.0,14.0,0.5,3.1911787072672535,29,44,17,27,0.043829779249916496,0,0,0,0,0,0,1,0,0,22,45,11,0,5,1
1qzr,A,378,GLY,-0.4,60.1,0.0,0,0,S,0.4642857142857143,88.0,2.7,13.0,10.0,0.5652173913043478,1.709757048670198,22,41,17,24,0.03310547156110714,0,0,0,0,0,0,1,0,0,22,45,11,0,5,1
1qzr,A,379,SER,-0.8,89.0,0.0,1,1,S,0.18461538461538463,-159.1,168.8,15.0,8.0,0.6521739130434783,1.9541948761345262,23,30,16,14,0.034970568550465285,0,0,0,0,0,0,1,0,0,22,45,11,0,5,1
1qzr,A,380,ARG,-4.5,173.4,1.0,5,0,-,0.6088709677419355,-120.7,162.6,4.0,20.0,0.16666666666666666,1.8553420017255717,19,10,12,-2,0.032172923066428064,0,0,0,0,0,0,0,0,0,22,45,11,0,5,1
1qzr,A,381,CYS,2.5,108.5,0.0,1,0,-,0.0,-140.9,87.3,24.0,7.0,0.7741935483870968,2.798241989863879,30,27,15,12,0.04243095650789788,0,0,0,0,0,0,0,0,0,-1,0,0,0,0,0
1qzr,A,382,GLU,-3.5,138.4,-1.0,1,3,P,0.6030927835051546,-84.1,123.7,3.0,22.0,0.12,1.796505627916733,19,16,2,14,0.03124037457174899,0,0,0,0,0,0,0,0,0,-1,0,0,0,0,0
1qzr,A,383,ILE,4.5,166.7,0.0,0,0,P,0.005917159763313609,-78.7,123.3,20.0,11.0,0.6451612903225806,3.7284334042162124,28,15,28,-13,0.040565859518539735,0,0,0,0,0,0,0,0,0,-1,0,0,0,0,0
1qzr,A,384,PRO,-1.6,112.7,0.0,0,0,P,0.3235294117647059,-77.4,154.7,8.0,12.0,0.4,2.204535615978798,18,15,23,-8,0.03124037457174899,0,0,0,0,0,0,0,0,0,-1,0,0,0,0,0
1qzr,A,385,LEU,3.8,166.7,0.0,0,0,H,0.6951219512195121,-58.4,-34.9,2.0,16.0,0.1111111111111111,2.032747692132407,16,16,12,4,0.026577632098353617,1,0,0,0,0,0,0,0,0,45,24,3,0,0,1
1qzr,A,386,GLU,-3.5,138.4,-1.0,1,3,H,0.28865979381443296,-58.6,-41.4,3.0,15.0,0.16666666666666666,1.8535981500894252,16,19,6,13,0.027510180593032695,1,0,0,0,0,0,0,0,0,45,24,3,0,0,1
1qzr,A,387,TYR,-1.3,193.6,0.0,1,1,H,0.0,-66.1,-46.5,15.0,10.0,0.6,4.2631808389492685,32,19,17,2,0.03870076252918159,1,0,0,0,0,0,0,0,0,-1,0,0,0,0,0
1qzr,A,388,ILE,4.5,166.7,0.0,0,0,H,0.0,-58.3,-43.9,16.0,16.0,0.5,4.235488596781841,28,26,13,13,0.04755997322863279,1,0,0,0,0,0,0,0,0,45,24,3,0,0,1
1qzr,A,389,ASN,-3.5,114.1,0.0,2,2,H,0.5222929936305732,-59.1,-35.6,3.0,17.0,0.15,1.9260271626538383,16,24,5,19,0.034970568550465285,1,0,0,0,0,0,0,0,0,52,24,1,0,0,1
1qzr,A,390,LYS,-3.9,168.6,1.0,2,0,H,0.4926829268292683,-68.2,-40.1,15.0,12.0,0.5555555555555556,1.9174551879955846,18,9,12,-3,0.03683566553982344,1,0,0,0,0,0,0,0,0,52,24,1,0,0,1
1qzr,A,391,ILE,4.5,166.7,0.0,0,0,H,0.0,-59.3,-37.9,23.0,13.0,0.6388888888888888,3.9092707264515667,36,21,9,12,0.04616115048661418,1,0,0,0,0,0,0,0,0,-1,0,0,0,0,0
1qzr,A,392,MET,1.9,162.9,0.0,0,0,T,0.1595744680851064,-67.5,-7.5,14.0,18.0,0.4375,2.3030612046875194,27,21,8,13,0.03916703677652112,0,0,0,0,0,1,0,0,0,49,2,13,0,0,1
1qzr,A,393,LYS,-3.9,168.6,1.0,2,0,T,0.8585365853658536,-93.0,-6.0,9.0,13.0,0.4090909090909091,1.9258048994714043,18,8,8,0,0.02844272908771177,0,0,0,0,0,1,0,0,0,52,24,1,0,0,1
1qzr,A,394,THR,-0.7,116.1,0.0,1,1,S,0.176056338028169,-92.6,175.7,17.0,9.0,0.6538461538461539,2.0678729562266343,26,25,8,17,0.03450429430312575,0,0,0,0,0,0,1,0,0,49,2,13,0,0,1
1qzr,A,395,ASP,-3.5,111.1,-1.0,1,3,H,0.6134969325153374,-53.7,-30.0,9.0,14.0,0.391304347826087,1.8228079606867351,22,18,5,13,0.03124037457174899,1,0,0,0,0,0,0,0,0,49,2,13,0,0,1
1qzr,A,396,LEU,3.8,166.7,0.0,0,0,H,0.0,-51.8,-43.2,27.0,10.0,0.7297297297297297,5.26532953240477,33,23,10,13,0.04709369898129325,1,0,0,0,0,0,0,0,0,49,2,13,0,0,1
1qzr,A,397,ALA,1.8,88.6,0.0,0,0,H,0.02830188679245283,-66.4,-46.5,10.0,18.0,0.35714285714285715,2.753637092176714,25,19,16,3,0.03963331102386066,1,0,0,0,0,0,0,0,0,49,2,13,0,0,1
1qzr,A,398,THR,-0.7,116.1,0.0,1,1,H,0.5633802816901409,-55.2,-46.6,4.0,14.0,0.2222222222222222,1.8844418395274691,17,15,20,-5,0.03357174580844668,1,0,0,0,0,0,0,0,0,49,2,13,0,0,1
1qzr,A,399,ARG,-4.5,173.4,1.0,5,0,H,0.2620967741935484,-63.2,-36.4,12.0,14.0,0.46153846153846156,1.9348907128971873,23,5,22,-17,0.03683566553982344,1,0,0,0,0,0,0,0,0,49,2,13,0,0,1
1qzr,A,400,MET,1.9,162.9,0.0,0,0,H,0.005319148936170213,-74.4,-41.1,24.0,9.0,0.7272727272727273,3.761854317238342,30,20,20,0,0.045228601991935104,1,0,0,0,0,0,0,0,0,49,2,13,0,0,1
1qzr,A,401,PHE,2.8,189.9,0.0,0,0,H,0.5228426395939086,-58.5,-39.8,7.0,17.0,0.2916666666666667,1.9573381560995549,20,8,20,-12,0.03683566553982344,1,0,0,0,0,0,0,0,0,49,2,13,0,0,1
1qzr,A,402,GLU,-3.5,138.4,-1.0,1,3,H,0.6597938144329897,-59.5,-50.2,8.0,11.0,0.42105263157894735,1.7084701986558193,17,8,12,-4,0.030307826077069916,1,0,0,0,0,0,0,0,0,49,2,13,0,0,1
1qzr,A,403,ILE,4.5,166.7,0.0,0,0,H,0.17159763313609466,-57.5,-45.1,13.0,13.0,0.5,2.073584074977638,21,15,30,-15,0.03776821403450251,1,0,0,0,0,0,0,0,0,21,69,7,0,5,1
1qzr,A,404,ALA,1.8,88.6,0.0,0,0,H,0.33962264150943394,-56.4,-52.9,11.0,12.0,0.4782608695652174,2.0311941540867435,18,8,32,-24,0.0363693912924839,1,0,0,0,0,0,0,0,0,60,24,1,0,0,1
1qzr,A,405,ASP,-3.5,111.1,-1.0,1,3,H,0.5276073619631901,-78.9,-18.9,4.0,13.0,0.23529411764705882,1.6935413391373644,15,3,28,-25,0.030307826077069916,1,0,0,0,0,0,0,0,0,60,24,1,0,0,1
1qzr,A,406,ALA,1.8,88.6,0.0,0,0,H,0.2641509433962264,-66.4,-41.6,12.0,6.0,0.6666666666666666,2.0504667499987694,13,2,47,-45,0.03403802005578621,1,0,0,0,0,0,0,0,0,58,24,1,0,0,1
1qzr,A,407,ASN,-3.5,114.1,0.0,2,2,H,0.4840764331210191,-64.3,-29.1,7.0,8.0,0.4666666666666667,1.815208253565775,14,10,39,-29,0.03170664881908853,1,0,0,0,0,0,0,0,0,21,69,7,0,5,1
1qzr,A,408,GLU,-3.5,138.4,-1.0,1,3,H,0.8505154639175257,-78.3,-41.7,4.0,7.0,0.36363636363636365,1.7230700537344057,9,0,19,-19,0.02471253510899547,1,0,0,0,0,0,0,0,0,60,24,1,0,0,1
1qzr,A,409,GLU,-3.5,138.4,-1.0,1,3,H,0.8762886597938144,-52.7,-45.3,8.0,3.0,0.7272727272727273,1.7379787688209982,9,0,29,-29,0.021914889624958248,1,0,0,0,0,0,0,0,0,60,24,1,0,0,1
1qzr,A,410,ASN,-3.5,114.1,0.0,2,2,-,0.7961783439490446,-76.6,360.0,10.0,3.0,0.7692307692307693,1.7672761195453863,11,3,35,-32,0.01958351838826056,0,0,0,0,0,0,0,0,0,58,24,1,0,0,1
1qzr,B,8,ALA,1.8,88.6,0.0,0,0,-,0.42452830188679247,360.0,-40.6,14.0,8.0,0.6363636363636364,2.160773218081508,26,25,19,6,0.03310547156110714,0,0,0,0,0,0,0,0,0,76,0,1,0,0,1
1qzr,B,9,SER,-0.8,89.0,0.0,1,1,T,0.11538461538461539,-58.0,-29.0,9.0,16.0,0.36,1.796906348419706,20,28,24,4,0.03776821403450251,0,0,0,0,0,1,0,0,0,76,0,1,0,0,1
1qzr,B,10,ASP,-3.5,111.1,-1.0,1,3,T,0.8773006134969326,-86.0,-24.5,0.0,20.0,0.0,1.672083347121107,17,23,5,18,0.023779986614316396,0,0,0,0,0,1,0,0,0,76,0,1,0,0,1
1qzr,B,11,LYS,-3.9,168.6,1.0,2,0,T,0.3951219512195122,-68.8,-35.7,7.0,15.0,0.3181818181818182,1.9069627593449896,22,17,19,-2,0.02984155182973038,0,0,0,0,0,1,0,0,0,76,0,1,0,0,1
1qzr,B,12,TYR,-1.3,193.6,0.0,1,1,S,0.04954954954954955,-112.6,132.3,21.0,10.0,0.6774193548387096,2.5753203662737953,33,29,21,8,0.04476232774459557,0,0,0,0,0,0,1,0,0,75,0,9,0,0,1
1qzr,B,13,GLN,-3.5,143.8,0.0,2,2,E,0.4090909090909091,-127.6,141.5,11.0,18.0,0.3793103448275862,2.139633921917935,30,33,28,5,0.043829779249916496,0,0,1,0,0,0,0,0,0,75,0,9,0,0,1
1qzr,B,14,LYS,-3.9,168.6,1.0,2,0,E,0.36585365853658536,-109.8,132.6,15.0,20.0,0.42857142857142855,1.9957200481496333,27,30,16,14,0.04196468226055834,0,0,1,0,0,0,0,0,0,75,0,9,0,0,1
1qzr,B,15,ILE,4.5,166.7,0.0,0,0,-,0.09467455621301775,-126.5,165.8,18.0,10.0,0.6428571428571429,2.3709183224044454,27,41,13,28,0.03823448828184205,0,0,0,0,0,0,0,0,0,75,0,9,0,0,1
1qzr,B,16,SER,-0.8,89.0,0.0,1,1,-,0.4,-84.1,159.2,4.0,17.0,0.19047619047619047,2.2168577677821655,19,26,10,16,0.030774100324409453,0,0,0,0,0,0,0,0,0,-1,0,0,0,0,0
1qzr,B,17,GLN,-3.5,143.8,0.0,2,2,H,0.2828282828282828,-50.1,-42.1,11.0,18.0,0.3793103448275862,2.161629938133156,18,15,9,6,0.03916703677652112,1,0,0,0,0,0,0,0,0,11,137,16,0,25,1
1qzr,B,18,LEU,3.8,166.7,0.0,0,0,H,0.4878048780487805,-70.5,-42.5,10.0,17.0,0.37037037037037035,1.9887676151239828,24,21,9,12,0.035436842797804825,1,0,0,0,0,0,0,0,0,-1,0,0,0,0,0
1qzr,B,19,GLU,-3.5,138.4,-1.0,1,3,H,0.5567010309278351,-59.1,-40.3,8.0,13.0,0.38095238095238093,1.7533150768600598,18,33,0,33,0.03357174580844668,1,0,0,0,0,0,0,0,0,-1,0,0,0,0,0
1qzr,B,20,HIS,-3.2,153.2,0.1,2,1,H,0.005434782608695652,-65.8,-43.2,16.0,12.0,0.5714285714285714,4.0653557977966885,28,26,14,12,0.04942507021799094,1,0,0,0,0,0,0,0,0,-1,0,0,0,0,0
1qzr,B,21,ILE,4.5,166.7,0.0,0,0,H,0.005917159763313609,-54.5,-46.6,16.0,15.0,0.5161290322580645,4.45162036995005,30,35,13,22,0.045694876239274644,1,0,0,0,0,0,0,0,0,-1,0,0,0,0,0
1qzr,B,22,LEU,3.8,166.7,0.0,0,0,H,0.2804878048780488,-73.6,-35.3,14.0,18.0,0.4375,2.312169794759131,26,39,15,24,0.04196468226055834,1,0,0,0,0,0,0,0,0,44,12,9,0,1,1
1qzr,B,23,LYS,-3.9,168.6,1.0,2,0,H,0.4097560975609756,-70.3,-45.2,13.0,13.0,0.5,1.986337776315671,25,34,26,8,0.03310547156110714,1,0,0,0,0,0,0,0,0,-1,0,0,0,0,0
1qzr,B,24,ARG,-4.5,173.4,1.0,5,0,-,0.0846774193548387,-128.0,71.0,20.0,15.0,0.5714285714285714,2.2486083569695117,34,32,22,10,0.04149840801321881,0,0,0,0,0,0,0,0,0,48,6,10,0,0,1
1qzr,B,25,PRO,-1.6,112.7,0.0,0,0,T,0.0661764705882353,-67.5,-19.0,18.0,18.0,0.5,2.8045303152377383,33,37,16,21,0.04616115048661418,0,0,0,0,0,1,0,0,0,-1,0,0,0,0,0
1qzr,B,26,ASP,-3.5,111.1,-1.0,1,3,H,0.22699386503067484,-57.6,-47.4,16.0,20.0,0.4444444444444444,1.8177787557466518,34,26,8,18,0.04103213376587927,1,0,0,0,0,0,0,0,0,-1,0,0,0,0,0
1qzr,B,27,THR,-0.7,116.1,0.0,1,1,H,0.21830985915492956,-75.6,-10.7,19.0,20.0,0.48717948717948717,2.4498514296655087,25,27,8,19,0.04429605349725603,1,0,0,0,0,0,0,0,0,-1,0,0,0,0,0
1qzr,B,28,TYR,-1.3,193.6,0.0,1,1,H,0.0945945945945946,-93.8,-51.9,22.0,23.0,0.4888888888888889,4.652844767330406,33,25,12,13,0.04243095650789788,1,0,0,0,0,0,0,0,0,-1,0,0,0,0,0
1qzr,B,29,ILE,4.5,166.7,0.0,0,0,H,0.005917159763313609,-126.8,-0.1,25.0,13.0,0.6578947368421053,3.8154438900103838,36,16,23,-7,0.050823892960009553,1,0,0,0,0,0,0,0,0,-1,0,0,0,0,0
1qzr,B,30,GLY,-0.4,60.1,0.0,0,0,-,0.15476190476190477,91.3,-173.2,14.0,22.0,0.3888888888888889,2.411401710172658,34,15,20,-5,0.04429605349725603,0,0,0,0,0,0,0,0,0,-1,0,0,0,0,0
1qzr,B,31,SER,-0.8,89.0,0.0,1,1,-,0.12307692307692308,-66.2,141.2,14.0,21.0,0.4,2.25696521047849,32,18,21,-3,0.04149840801321881,0,0,0,0,0,0,0,0,0,-1,0,0,0,0,0
1qzr,B,32,VAL,4.2,140.0,0.0,0,0,S,0.15492957746478872,-102.2,19.3,18.0,17.0,0.5142857142857142,2.1539963395168837,33,25,20,5,0.045228601991935104,0,0,0,0,0,0,1,0,0,-1,0,0,0,0,0
1qzr,B,33,GLU,-3.5,138.4,-1.0,1,3,S,0.5051546391752577,-110.2,156.2,8.0,21.0,0.27586206896551724,2.101028388838488,26,18,13,5,0.03683566553982344,0,0,0,0,0,0,1,0,0,-1,0,0,0,0,0
1qzr,B,34,THR,-0.7,116.1,0.0,1,1,-,0.38028169014084506,-65.6,140.6,8.0,18.0,0.3076923076923077,1.8708982779217567,23,15,23,-8,0.03730193978716297,0,0,0,0,0,0,0,0,0,4,706,15,0,111,1
1qzr,B,35,GLN,-3.5,143.8,0.0,2,2,E,0.17676767676767677,-128.3,131.5,16.0,12.0,0.5714285714285714,2.0079937123128944,25,15,20,-5,0.03730193978716297,0,0,1,0,0,0,0,0,0,4,706,15,0,111,1
1qzr,B,36,GLU,-3.5,138.4,-1.0,1,3,E,0.8814432989690721,-82.5,121.9,2.0,15.0,0.11764705882352941,1.7455801548003425,17,13,4,9,0.02984155182973038,0,0,1,0,0,0,0,0,0,4,706,15,0,111,1
1qzr,B,37,GLN,-3.5,143.8,0.0,2,2,E,0.29292929292929293,-140.7,144.5,12.0,6.0,0.6666666666666666,1.8271583887948541,22,6,19,-13,0.03403802005578621,0,0,1,0,0,0,0,0,0,18,29,20,0,6,1
1qzr,B,38,LEU,3.8,166.7,0.0,0,0,E,0.5914634146341463,-82.9,123.3,3.0,14.0,0.17647058823529413,1.952538935120327,16,9,15,-6,0.03124037457174899,0,0,1,0,0,0,0,0,0,18,29,20,0,6,1
1qzr,B,39,GLN,-3.5,143.8,0.0,2,2,E,0.16161616161616163,-138.3,145.3,17.0,10.0,0.6296296296296297,2.196640224510636,28,20,22,-2,0.04196468226055834,0,0,1,0,0,0,0,0,0,18,29,20,0,6,1
1qzr,B,40,TRP,-0.9,227.8,0.0,1,0,E,0.09691629955947137,-79.7,137.0,14.0,17.0,0.45161290322580644,2.431473523590359,29,18,13,5,0.045694876239274644,0,0,1,0,0,0,0,0,0,18,29,20,0,6,1
1qzr,B,41,ILE,4.5,166.7,0.0,0,0,E,0.1242603550295858,-133.4,153.2,17.0,16.0,0.5151515151515151,2.799086305072025,32,33,29,4,0.05175644145468863,0,0,1,0,0,0,0,0,0,-1,0,0,0,0,0
1qzr,B,42,TYR,-1.3,193.6,0.0,1,1,E,0.18018018018018017,-87.6,115.9,14.0,17.0,0.45161290322580644,2.266990883725935,28,25,26,-1,0.045694876239274644,0,0,1,0,0,0,0,0,0,-1,0,0,0,0,0
1qzr,B,43,ASP,-3.5,111.1,-1.0,1,3,E,0.3006134969325153,-87.2,110.3,12.0,11.0,0.5217391304347826,2.137348777183336,20,14,19,-5,0.03403802005578621,0,0,1,0,0,0,0,0,0,-1,0,0,0,0,0
1qzr,B,44,GLU,-3.5,138.4,-1.0,1,3,T,0.44329896907216493,-65.3,-33.7,5.0,11.0,0.3125,1.7676004530653475,15,11,18,-7,0.025178809356335007,0,0,0,0,0,1,0,0,0,-1,0,0,0,0,0
1qzr,B,45,GLU,-3.5,138.4,-1.0,1,3,T,0.5257731958762887,-68.9,-36.8,1.0,8.0,0.1111111111111111,1.767750525154786,11,1,18,-17,0.017718421398902413,0,0,0,0,0,1,0,0,0,-1,0,0,0,0,0
1qzr,B,46,THR,-0.7,116.1,0.0,1,1,T,0.39436619718309857,-97.4,-10.6,11.0,3.0,0.7857142857142857,1.815317443267158,12,8,23,-15,0.02144861537761871,0,0,0,0,0,1,0,0,0,-1,0,0,0,0,0
1qzr,B,47,ASP,-3.5,111.1,-1.0,1,3,T,0.3496932515337423,58.2,44.8,2.0,18.0,0.1,1.9654788521651105,20,10,20,-10,0.027510180593032695,0,0,0,0,0,1,0,0,0,-1,0,0,0,0,0
1qzr,B,48,CYS,2.5,108.5,0.0,1,0,E,0.08148148148148149,-155.8,165.2,10.0,14.0,0.4166666666666667,2.854203937259854,24,11,30,-19,0.04149840801321881,0,0,1,0,0,0,0,0,0,-1,0,0,0,0,0
1qzr,B,49,MET,1.9,162.9,0.0,0,0,E,0.0,-79.7,135.7,18.0,14.0,0.5625,4.089743190029194,32,23,34,-11,0.05408781269138631,0,0,1,0,0,0,0,0,0,-1,0,0,0,0,0
1qzr,B,50,ILE,4.5,166.7,0.0,0,0,E,0.34911242603550297,-128.4,139.3,11.0,16.0,0.4074074074074074,2.5420945484440605,25,19,24,-5,0.04243095650789788,0,0,1,0,0,0,0,0,0,-1,0,0,0,0,0
1qzr,B,51,GLU,-3.5,138.4,-1.0,1,3,E,0.36082474226804123,-86.7,130.2,8.0,16.0,0.3333333333333333,1.7974675253568115,19,11,0,11,0.03450429430312575,0,0,1,0,0,0,0,0,0,-1,0,0,0,0,0
1qzr,B,52,LYS,-3.9,168.6,1.0,2,0,E,0.43902439024390244,-137.3,143.9,14.0,7.0,0.6666666666666666,2.2997878598200545,20,1,22,-21,0.03403802005578621,0,0,1,0,0,0,0,0,0,-1,0,0,0,0,0
1qzr,B,53,ASN,-3.5,114.1,0.0,2,2,E,0.8535031847133758,-77.2,119.0,1.0,17.0,0.05555555555555555,1.7617776313739126,15,9,23,-14,0.02844272908771177,0,0,1,0,0,0,0,0,0,-1,0,0,0,0,0
1qzr,B,54,VAL,4.2,140.0,0.0,0,0,E,0.028169014084507043,-124.2,165.0,17.0,6.0,0.7391304347826086,2.4065636682174834,23,10,28,-18,0.03823448828184205,0,0,1,0,0,0,0,0,0,18,29,20,0,6,1
1qzr,B,55,THR,-0.7,116.1,0.0,1,1,E,0.4084507042253521,-123.8,117.3,4.0,21.0,0.16,1.8949603412499552,22,8,28,-20,0.035436842797804825,0,0,1,0,0,0,0,0,0,4,706,15,0,111,1
1qzr,B,56,ILE,4.5,166.7,0.0,0,0,E,0.023668639053254437,-142.0,157.0,21.0,13.0,0.6176470588235294,2.5300272080095,31,3,28,-25,0.04662742473395372,0,0,1,0,0,0,0,0,0,18,29,20,0,6,1
1qzr,B,57,VAL,4.2,140.0,0.0,0,0,-,0.014084507042253521,-99.3,109.4,18.0,17.0,0.5142857142857142,2.9602965756312023,33,11,20,-9,0.048026247475972325,0,0,0,0,0,0,0,0,0,-1,0,0,0,0,0
1qzr,B,58,PRO,-1.6,112.7,0.0,0,0,H,0.15441176470588236,-54.4,-42.3,18.0,18.0,0.5,2.221136944775593,34,10,20,-10,0.048958795970651406,1,0,0,0,0,0,0,0,0,-1,0,0,0,0,0
1qzr,B,59,GLY,-0.4,60.1,0.0,0,0,H,0.0,-56.9,-38.2,25.0,16.0,0.6097560975609756,3.5984980473329227,37,12,29,-17,0.04989134446533048,1,0,0,0,0,0,0,0,0,-1,0,0,0,0,0
1qzr,B,60,LEU,3.8,166.7,0.0,0,0,H,0.0,-67.1,-43.8,26.0,23.0,0.5306122448979592,4.467024800093541,40,16,19,-3,0.048026247475972325,1,0,0,0,0,0,0,0,0,-1,0,0,0,0,0
1qzr,B,61,PHE,2.8,189.9,0.0,0,0,H,0.14720812182741116,-62.1,-37.1,22.0,17.0,0.5641025641025641,2.2484930374302237,38,33,20,13,0.04755997322863279,1,0,0,0,0,0,0,0,0,18,29,20,0,6,1
1qzr,B,62,LYS,-3.9,168.6,1.0,2,0,H,0.07804878048780488,-69.9,-43.1,20.0,19.0,0.5128205128205128,2.397944258239982,39,16,25,-9,0.043363505002576956,1,0,0,0,0,0,0,0,0,-1,0,0,0,0,0
1qzr,B,63,ILE,4.5,166.7,0.0,0,0,H,0.0,-61.2,-31.1,25.0,18.0,0.5813953488372093,6.288112641082573,42,17,22,-5,0.05455408693872585,1,0,0,0,0,0,0,0,0,-1,0,0,0,0,0
1qzr,B,64,PHE,2.8,189.9,0.0,0,0,H,0.0,-70.4,-48.0,20.0,23.0,0.46511627906976744,5.838922451524084,38,28,21,7,0.04616115048661418,1,0,0,0,0,0,0,0,0,-1,0,0,0,0,0
1qzr,B,65,ASP,-3.5,111.1,-1.0,1,3,H,0.05521472392638037,-54.2,-36.6,21.0,20.0,0.5121951219512195,2.6492109907240127,40,30,16,14,0.04476232774459557,1,0,0,0,0,0,0,0,0,-1,0,0,0,0,0
1qzr,B,66,GLU,-3.5,138.4,-1.0,1,3,H,0.030927835051546393,-59.9,-42.3,21.0,19.0,0.525,2.5413823023197875,42,29,12,17,0.04476232774459557,1,0,0,0,0,0,0,0,0,-1,0,0,0,0,0
1qzr,B,67,ILE,4.5,166.7,0.0,0,0,H,0.029585798816568046,-71.7,-39.1,25.0,19.0,0.5681818181818182,2.4307312926305435,40,19,26,-7,0.04755997322863279,1,0,0,0,0,0,0,0,0,-1,0,0,0,0,0
1qzr,B,68,LEU,3.8,166.7,0.0,0,0,H,0.006097560975609756,-62.4,-48.8,22.0,25.0,0.46808510638297873,4.727267675951089,45,23,36,-13,0.045694876239274644,1,0,0,0,0,0,0,0,0,-1,0,0,0,0,0
1qzr,B,69,VAL,4.2,140.0,0.0,0,0,H,0.02112676056338028,-65.2,-33.4,19.0,20.0,0.48717948717948717,2.6299581047847584,41,22,26,-4,0.04616115048661418,1,0,0,0,0,0,0,0,0,25,26,13,0,4,1
1qzr,B,70,ASN,-3.5,114.1,0.0,2,2,H,0.3630573248407643,-60.8,-43.9,23.0,19.0,0.5476190476190477,1.7812868779316517,45,12,25,-13,0.0363693912924839,1,0,0,0,0,0,0,0,0,-1,0,0,0,0,0
1qzr,B,71,ALA,1.8,88.6,0.0,0,0,H,0.018867924528301886,-61.6,-43.4,25.0,22.0,0.5319148936170213,2.2917049337884645,41,27,27,0,0.045228601991935104,1,0,0,0,0,0,0,0,0,-1,0,0,0,0,0
1qzr,B,72,ALA,1.8,88.6,0.0,0,0,H,0.02830188679245283,-65.2,-35.2,22.0,24.0,0.4782608695652174,2.3017416853272152,40,28,21,7,0.04476232774459557,1,0,0,0,0,0,0,0,0,25,26,13,0,4,1
1qzr,B,73,ASP,-3.5,111.1,-1.0,1,3,H,0.09815950920245399,-60.8,-32.4,14.0,23.0,0.3783783783783784,1.7570495028985498,33,28,9,19,0.04103213376587927,1,0,0,0,0,0,0,0,0,25,26,13,0,4,1
1qzr,B,74,ASN,-3.5,114.1,0.0,2,2,H,0.12101910828025478,-64.7,-21.0,19.0,16.0,0.5428571428571428,2.2124377790873613,32,37,24,13,0.043363505002576956,1,0,0,0,0,0,0,0,0,64,1,10,0,0,1
1qzr,B,75,LYS,-3.9,168.6,1.0,2,0,H,0.1024390243902439,-76.0,-31.4,18.0,16.0,0.5294117647058824,2.332597696473802,29,30,31,-1,0.04476232774459557,1,0,0,0,0,0,0,0,0,63,2,6,0,0,1
1qzr,B,76,VAL,4.2,140.0,0.0,0,0,H,0.4647887323943662,-66.7,-45.4,14.0,13.0,0.5185185185185185,1.9971162225703856,26,30,19,11,0.03403802005578621,1,0,0,0,0,0,0,0,0,25,26,13,0,4,1
1qzr,B,77,ARG,-4.5,173.4,1.0,5,0,H,0.3951612903225806,-72.0,-37.8,16.0,8.0,0.6666666666666666,1.9124974024035113,26,21,22,-1,0.02984155182973038,1,0,0,0,0,0,0,0,0,64,1,10,0,0,1
1qzr,B,78,ASP,-3.5,111.1,-1.0,1,3,-,0.11042944785276074,-131.6,88.8,14.0,9.0,0.6086956521739131,2.200576535044773,20,36,14,22,0.03683566553982344,0,0,0,0,0,0,0,0,0,28,115,2,0,3,1
1qzr,B,79,PRO,-1.6,112.7,0.0,0,0,T,0.6470588235294118,-60.1,-9.4,0.0,18.0,0.0,1.9867297659818648,17,32,21,11,0.02797645484037223,0,0,0,0,0,1,0,0,0,28,115,2,0,3,1
1qzr,B,80,SER,-0.8,89.0,0.0,1,1,T,0.6307692307692307,-80.4,-17.5,5.0,14.0,0.2631578947368421,1.7806820804693453,17,38,23,15,0.027510180593032695,0,0,0,0,0,1,0,0,0,28,115,2,0,3,1
1qzr,B,81,MET,1.9,162.9,0.0,0,0,-,0.0,-54.9,138.9,25.0,5.0,0.8333333333333334,3.295399334086394,30,46,29,17,0.04429605349725603,0,0,0,0,0,0,0,0,0,28,115,2,0,3,1
1qzr,B,82,LYS,-3.9,168.6,1.0,2,0,-,0.44878048780487806,-124.8,-19.7,3.0,25.0,0.10714285714285714,2.144731385969246,18,23,22,1,0.03823448828184205,0,0,0,0,0,0,0,0,0,28,115,2,0,3,1
1qzr,B,83,ARG,-4.5,173.4,1.0,5,0,E,0.3709677419354839,-150.8,143.3,11.0,27.0,0.2894736842105263,2.1250292359250897,26,20,18,2,0.04429605349725603,0,0,1,0,0,0,0,0,0,70,0,6,0,0,1
1qzr,B,84,ILE,4.5,166.7,0.0,0,0,E,0.005917159763313609,-114.1,132.0,25.0,18.0,0.5813953488372093,4.216377361913507,37,32,21,11,0.048958795970651406,0,0,1,0,0,0,0,0,0,-1,0,0,0,0,0
1qzr,B,85,ASP,-3.5,111.1,-1.0,1,3,E,0.11042944785276074,-112.0,124.9,12.0,25.0,0.32432432432432434,2.1840455921565662,29,33,17,16,0.048492521723311866,0,0,1,0,0,0,0,0,0,70,0,6,0,0,1
1qzr,B,86,VAL,4.2,140.0,0.0,0,0,E,0.0,-113.3,129.6,20.0,20.0,0.5,3.1156621785051173,34,36,17,19,0.04662742473395372,0,0,1,0,0,0,0,0,0,-1,0,0,0,0,0
1qzr,B,87,ASN,-3.5,114.1,0.0,2,2,E,0.19745222929936307,-124.9,119.0,11.0,20.0,0.3548387096774194,2.4415750348792895,26,27,18,9,0.03963331102386066,0,0,1,0,0,0,0,0,0,59,2,8,0,0,1
1qzr,B,88,ILE,4.5,166.7,0.0,0,0,E,0.05917159763313609,-108.0,117.9,13.0,19.0,0.40625,2.3533253226417434,29,26,25,1,0.04196468226055834,0,0,1,0,0,0,0,0,0,59,2,8,0,0,1
1qzr,B,89,HIS,-3.2,153.2,0.1,2,1,E,0.3967391304347826,-107.2,91.7,10.0,14.0,0.4166666666666667,2.1713208771945185,20,15,27,-12,0.03590311704514436,0,0,1,0,0,0,0,0,0,59,2,8,0,0,1
1qzr,B,90,ALA,1.8,88.6,0.0,0,0,T,0.20754716981132076,-62.4,-47.9,10.0,14.0,0.4166666666666667,2.1056043956895083,22,25,32,-7,0.03590311704514436,0,0,0,0,0,1,0,0,0,47,24,2,0,0,1
1qzr,B,91,GLU,-3.5,138.4,-1.0,1,3,T,0.6030927835051546,-57.3,-42.2,0.0,14.0,0.0,1.7582403232494017,14,21,17,4,0.02844272908771177,0,0,0,0,0,1,0,0,0,57,24,1,0,0,1
1qzr,B,92,GLU,-3.5,138.4,-1.0,1,3,T,0.5979381443298969,-93.7,12.4,9.0,10.0,0.47368421052631576,1.8553286170155667,16,29,16,13,0.02844272908771177,0,0,0,0,0,1,0,0,0,57,24,1,0,0,1
1qzr,B,93,HIS,-3.2,153.2,0.1,2,1,T,0.33152173913043476,31.6,47.9,15.0,12.0,0.5555555555555556,2.740517335341923,26,21,43,-22,0.045228601991935104,0,0,0,0,0,1,0,0,0,57,24,1,0,0,1
1qzr,B,94,THR,-0.7,116.1,0.0,1,1,E,0.1267605633802817,-114.9,136.1,11.0,17.0,0.39285714285714285,2.903198390838142,27,29,36,-7,0.04709369898129325,0,0,1,0,0,0,0,0,0,59,2,8,0,0,1
1qzr,B,95,ILE,4.5,166.7,0.0,0,0,E,0.0,-125.4,129.2,18.0,20.0,0.47368421052631576,5.069594531665054,37,29,20,9,0.04755997322863279,0,0,1,0,0,0,0,0,0,-1,0,0,0,0,0
1qzr,B,96,GLU,-3.5,138.4,-1.0,1,3,E,0.20103092783505155,-117.6,132.3,13.0,21.0,0.38235294117647056,2.749063727005168,28,30,14,16,0.048492521723311866,0,0,1,0,0,0,0,0,0,59,2,8,0,0,1
1qzr,B,97,VAL,4.2,140.0,0.0,0,0,E,0.014084507042253521,-131.8,116.7,16.0,26.0,0.38095238095238093,2.7483641587300047,39,21,27,-6,0.04942507021799094,0,0,1,0,0,0,0,0,0,-1,0,0,0,0,0
1qzr,B,98,LYS,-3.9,168.6,1.0,2,0,E,0.3902439024390244,-122.5,137.2,17.0,24.0,0.4146341463414634,2.2591632585927424,28,21,34,-13,0.04616115048661418,0,0,1,0,0,0,0,0,0,-1,0,0,0,0,0
1qzr,B,99,ASN,-3.5,114.1,0.0,2,2,E,0.08280254777070063,-129.9,155.0,18.0,23.0,0.43902439024390244,2.090195769532504,38,41,28,13,0.04755997322863279,0,0,1,0,0,0,0,0,0,-1,0,0,0,0,0
1qzr,B,100,ASP,-3.5,111.1,-1.0,1,3,E,0.25766871165644173,-99.8,-162.7,11.0,24.0,0.3142857142857143,2.221123013889253,30,49,17,32,0.045694876239274644,0,0,1,0,0,0,0,0,0,28,115,2,0,3,1
1qzr,B,101,GLY,-0.4,60.1,0.0,0,0,S,0.08333333333333333,75.9,-170.0,17.0,14.0,0.5483870967741935,2.0794760787094653,27,49,23,26,0.04289723075523742,0,0,0,0,0,0,1,0,0,28,115,2,0,3,1
1qzr,B,102,LYS,-3.9,168.6,1.0,2,0,S,0.4878048780487805,-55.1,133.8,12.0,18.0,0.4,2.039444692056771,24,16,24,-8,0.04196468226055834,0,0,0,0,0,0,1,0,0,64,1,10,0,0,1
1qzr,B,103,GLY,-0.4,60.1,0.0,0,0,-,0.0,-83.2,-163.2,23.0,14.0,0.6216216216216216,2.10860791604161,32,20,23,-3,0.04662742473395372,0,0,0,0,0,0,0,0,0,64,1,10,0,0,1
1qzr,B,104,ILE,4.5,166.7,0.0,0,0,-,0.09467455621301775,-89.5,129.8,23.0,20.0,0.5348837209302325,2.938681657540812,34,19,24,-5,0.043363505002576956,0,0,0,0,0,0,0,0,0,64,1,10,0,0,1
1qzr,B,105,PRO,-1.6,112.7,0.0,0,0,-,0.11029411764705882,-54.7,119.2,11.0,21.0,0.34375,2.364573669926504,32,22,18,4,0.04103213376587927,0,0,0,0,0,0,0,0,0,74,0,7,0,0,1
1qzr,B,106,ILE,4.5,166.7,0.0,0,0,-,0.05325443786982249,-84.4,72.1,23.0,15.0,0.6052631578947368,2.456553920350366,33,9,19,-10,0.04989134446533048,0,0,0,0,0,0,0,0,0,74,0,7,0,0,1
1qzr,B,107,GLU,-3.5,138.4,-1.0,1,3,S,0.4948453608247423,-131.9,152.3,13.0,18.0,0.41935483870967744,2.1135857867501984,23,10,7,3,0.034970568550465285,0,0,0,0,0,0,1,0,0,74,0,7,0,0,1
1qzr,B,108,ILE,4.5,166.7,0.0,0,0,B,0.5443786982248521,-76.5,127.8,5.0,17.0,0.22727272727272727,1.946086945110852,20,15,19,-4,0.03776821403450251,0,1,0,0,0,0,0,0,0,74,0,7,0,0,1
1qzr,B,109,HIS,-3.2,153.2,0.1,2,1,-,0.059782608695652176,-62.4,136.3,17.0,8.0,0.68,2.640799594192738,24,23,28,-5,0.045694876239274644,0,0,0,0,0,0,0,0,0,-1,0,0,0,0,0
1qzr,B,110,ASN,-3.5,114.1,0.0,2,2,T,0.821656050955414,-51.5,-45.4,8.0,10.0,0.4444444444444444,1.7830137199591207,15,20,24,-4,0.027510180593032695,0,0,0,0,0,1,0,0,0,-1,0,0,0,0,0
1qzr,B,111,LYS,-3.9,168.6,1.0,2,0,T,0.7317073170731707,-96.2,-45.4,9.0,9.0,0.5,1.9557795801570041,13,19,12,7,0.025178809356335007,0,0,0,0,0,1,0,0,0,55,24,1,0,0,1
1qzr,B,112,GLU,-3.5,138.4,-1.0,1,3,T,0.29381443298969073,-83.8,-14.5,18.0,3.0,0.8571428571428571,1.8364585248642713,20,35,6,29,0.03124037457174899,0,0,0,0,0,1,0,0,0,55,24,1,0,0,1
1qzr,B,113,ASN,-3.5,114.1,0.0,2,2,-,0.802547770700637,60.5,31.5,0.0,14.0,0.0,1.8963437436790007,13,20,13,7,0.027510180593032695,0,0,0,0,0,0,0,0,0,15,74,7,0,7,1
1qzr,B,114,ILE,4.5,166.7,0.0,0,0,S,0.2485207100591716,-137.3,164.1,11.0,10.0,0.5238095238095238,2.286059093327301,26,29,23,6,0.03776821403450251,0,0,0,0,0,0,1,0,0,61,6,2,0,0,1
1qzr,B,115,TYR,-1.3,193.6,0.0,1,1,B,0.32432432432432434,-61.7,142.0,14.0,15.0,0.4827586206896552,2.440318195186651,29,13,21,-8,0.04709369898129325,0,1,0,0,0,0,0,0,0,61,6,2,0,0,1
1qzr,B,116,ILE,4.5,166.7,0.0,0,0,H,0.0,-56.9,-46.8,17.0,18.0,0.4857142857142857,4.692596397355825,35,20,26,-6,0.05548663543340492,1,0,0,0,0,0,0,0,0,74,0,7,0,0,1
1qzr,B,117,PRO,-1.6,112.7,0.0,0,0,H,0.0,-59.3,-38.0,25.0,22.0,0.5319148936170213,5.920426839881666,34,12,19,-7,0.053155264196707235,1,0,0,0,0,0,0,0,0,-1,0,0,0,0,0
1qzr,B,118,GLU,-3.5,138.4,-1.0,1,3,H,0.1958762886597938,-58.1,-38.5,16.0,25.0,0.3902439024390244,2.5555586734671434,34,27,7,20,0.04989134446533048,1,0,0,0,0,0,0,0,0,-1,0,0,0,0,0
1qzr,B,119,MET,1.9,162.9,0.0,0,0,H,0.0,-70.6,-47.5,22.0,16.0,0.5789473684210527,4.168111863698985,38,41,20,21,0.05129016720734909,1,0,0,0,0,0,0,0,0,15,74,7,0,7,1
1qzr,B,120,ILE,4.5,166.7,0.0,0,0,H,0.09467455621301775,-89.6,-7.9,19.0,19.0,0.5,2.3464293165388974,40,29,10,19,0.05222271570202816,1,0,0,0,0,0,0,0,0,-1,0,0,0,0,0
1qzr,B,121,PHE,2.8,189.9,0.0,0,0,H,0.08629441624365482,-111.4,-15.2,19.0,22.0,0.4634146341463415,2.832132468582713,38,20,11,9,0.04755997322863279,1,0,0,0,0,0,0,0,0,-1,0,0,0,0,0
1qzr,B,122,GLY,-0.4,60.1,0.0,0,0,H,0.11904761904761904,-123.0,1.7,19.0,20.0,0.48717948717948717,2.1424563882088066,35,28,10,18,0.048958795970651406,1,0,0,0,0,0,0,0,0,-1,0,0,0,0,0
1qzr,B,123,HIS,-3.2,153.2,0.1,2,1,S,0.3641304347826087,-132.6,130.1,17.0,18.0,0.4857142857142857,2.1318610885385274,28,17,17,0,0.03963331102386066,0,0,0,0,0,0,1,0,0,15,74,7,0,7,1
1qzr,B,124,LEU,3.8,166.7,0.0,0,0,S,0.12195121951219512,-56.9,147.8,11.0,20.0,0.3548387096774194,2.0254622617463878,30,33,2,31,0.04429605349725603,0,0,0,0,0,0,1,0,0,11,137,16,0,25,1
1qzr,B,125,LEU,3.8,166.7,0.0,0,0,S,0.012195121951219513,68.7,47.1,12.0,22.0,0.35294117647058826,2.836447545293315,29,41,8,33,0.04755997322863279,0,0,0,0,0,0,1,0,0,11,137,16,0,25,1
1qzr,B,126,THR,-0.7,116.1,0.0,1,1,E,0.014084507042253521,-131.1,132.8,16.0,21.0,0.43243243243243246,3.087183420484149,34,39,9,30,0.04755997322863279,0,0,1,0,0,0,0,0,0,-1,0,0,0,0,0
1qzr,B,127,SER,-0.8,89.0,0.0,1,1,E,0.08461538461538462,-167.0,156.8,18.0,18.0,0.5,2.171403616307364,36,43,8,35,0.04755997322863279,0,0,1,0,0,0,0,0,0,42,14,10,0,1,1
1qzr,B,128,SER,-0.8,89.0,0.0,1,1,S,0.2692307692307692,-97.3,5.3,15.0,20.0,0.42857142857142855,1.778258447859595,31,34,23,11,0.03776821403450251,0,0,0,0,0,0,1,0,0,42,14,10,0,1,1
1qzr,B,129,ASN,-3.5,114.1,0.0,2,2,-,0.12738853503184713,-108.7,18.1,19.0,17.0,0.5277777777777778,2.3269184053747303,34,46,33,13,0.04289723075523742,0,0,0,0,0,0,0,0,0,42,14,10,0,1,1
1qzr,B,130,TYR,-1.3,193.6,0.0,1,1,-,0.013513513513513514,-85.8,-5.5,15.0,13.0,0.5357142857142857,3.4560141261733928,29,54,24,30,0.043829779249916496,0,0,0,0,0,0,0,0,0,42,14,10,0,1,1
1qzr,B,131,ASP,-3.5,111.1,-1.0,1,3,-,0.49079754601226994,-109.3,95.9,8.0,16.0,0.3333333333333333,1.7509710838270514,17,36,28,8,0.03403802005578621,0,0,0,0,0,0,0,0,0,-1,0,0,0,0,0
1qzr,B,132,ASP,-3.5,111.1,-1.0,1,3,T,0.34355828220858897,-87.9,9.1,9.0,11.0,0.45,1.8486412609027743,19,46,31,15,0.034970568550465285,0,0,0,0,0,1,0,0,0,-1,0,0,0,0,0
1qzr,B,133,ASP,-3.5,111.1,-1.0,1,3,T,0.8895705521472392,-62.1,-38.9,1.0,8.0,0.1111111111111111,1.6720934862166297,11,19,25,-6,0.02331371236697686,0,0,0,0,0,1,0,0,0,-1,0,0,0,0,0
1qzr,B,134,GLU,-3.5,138.4,-1.0,1,3,S,0.5824742268041238,-77.7,127.8,8.0,6.0,0.5714285714285714,2.027812241067378,16,25,31,-6,0.025178809356335007,0,0,0,0,0,0,1,0,0,-1,0,0,0,0,0
1qzr,B,135,LYS,-3.9,168.6,1.0,2,0,-,0.7365853658536585,-84.1,107.2,7.0,12.0,0.3684210526315789,1.9606796237833732,17,16,42,-26,0.03170664881908853,0,0,0,0,0,0,0,0,0,-1,0,0,0,0,0
1qzr,B,136,LYS,-3.9,168.6,1.0,2,0,-,0.05853658536585366,-113.0,145.5,16.0,8.0,0.6666666666666666,2.252691230530781,26,31,44,-13,0.040099585271200194,0,0,0,0,0,0,0,0,0,-1,0,0,0,0,0
1qzr,B,137,VAL,4.2,140.0,0.0,0,0,-,0.2112676056338028,-109.5,24.5,13.0,18.0,0.41935483870967744,2.1529734445827513,28,34,24,10,0.04103213376587927,0,0,0,0,0,0,0,0,0,25,26,13,0,4,1
1qzr,B,138,THR,-0.7,116.1,0.0,1,1,-,0.09859154929577464,-69.8,157.9,19.0,16.0,0.5428571428571428,2.4410860646672754,35,39,23,16,0.040565859518539735,0,0,0,0,0,0,0,0,0,25,26,13,0,4,1
1qzr,B,139,GLY,-0.4,60.1,0.0,0,0,S,0.0,-84.5,-24.2,25.0,20.0,0.5555555555555556,2.661505658455442,41,31,22,9,0.045228601991935104,0,0,0,0,0,0,1,0,0,25,26,13,0,4,1
1qzr,B,140,GLY,-0.4,60.1,0.0,0,0,-,0.07142857142857142,-72.5,135.4,22.0,21.0,0.5116279069767442,2.2945320740765185,38,31,19,12,0.040565859518539735,0,0,0,0,0,0,0,0,0,25,26,13,0,4,1
1qzr,B,141,ARG,-4.5,173.4,1.0,5,0,-,0.06048387096774194,-137.5,-41.6,18.0,21.0,0.46153846153846156,2.3047421416594434,35,37,23,14,0.04243095650789788,0,0,0,0,0,0,0,0,0,-1,0,0,0,0,0
1qzr,B,142,ASN,-3.5,114.1,0.0,2,2,S,0.1337579617834395,-114.6,-7.6,22.0,23.0,0.4888888888888889,2.303189707233648,37,48,13,35,0.04709369898129325,0,0,0,0,0,0,1,0,0,-1,0,0,0,0,0
1qzr,B,143,GLY,-0.4,60.1,0.0,0,0,S,0.13095238095238096,79.5,31.1,19.0,16.0,0.5428571428571428,2.1680446853951394,33,39,5,34,0.050823892960009553,0,0,0,0,0,0,1,0,0,-1,0,0,0,0,0
1qzr,B,144,TYR,-1.3,193.6,0.0,1,1,-,0.06756756756756757,-115.9,-35.8,15.0,25.0,0.375,3.8321507613204395,32,28,5,23,0.04755997322863279,0,0,0,0,0,0,0,0,0,-1,0,0,0,0,0
1qzr,B,145,GLY,-0.4,60.1,0.0,0,0,H,0.09523809523809523,-48.9,-52.3,20.0,19.0,0.5128205128205128,2.441951895277734,41,26,17,9,0.043363505002576956,1,0,0,0,0,0,0,0,0,-1,0,0,0,0,0
1qzr,B,146,ALA,1.8,88.6,0.0,0,0,H,0.05660377358490566,-66.8,-37.0,21.0,24.0,0.4666666666666667,2.9554758502654943,41,16,12,4,0.04662742473395372,1,0,0,0,0,0,0,0,0,-1,0,0,0,0,0
1qzr,B,147,LYS,-3.9,168.6,1.0,2,0,H,0.03414634146341464,-69.7,-37.1,18.0,23.0,0.43902439024390244,4.058118245429993,35,9,11,-2,0.048026247475972325,1,0,0,0,0,0,0,0,0,-1,0,0,0,0,0
1qzr,B,148,LEU,3.8,166.7,0.0,0,0,H,0.0,-60.6,-41.0,23.0,22.0,0.5111111111111111,6.152619624073476,38,19,9,10,0.04942507021799094,1,0,0,0,0,0,0,0,0,-1,0,0,0,0,0
1qzr,B,149,CYS,2.5,108.5,0.0,1,0,H,0.0,-60.5,-49.3,21.0,26.0,0.44680851063829785,6.670769735294546,42,20,20,0,0.05222271570202816,1,0,0,0,0,0,0,0,0,-1,0,0,0,0,0
1qzr,B,150,ASN,-3.5,114.1,0.0,2,2,H,0.006369426751592357,-54.7,-48.7,22.0,22.0,0.5,5.494226429487046,42,22,15,7,0.058284280917442144,1,0,0,0,0,0,0,0,0,-1,0,0,0,0,0
1qzr,B,151,ILE,4.5,166.7,0.0,0,0,H,0.005917159763313609,-59.1,-37.1,18.0,24.0,0.42857142857142855,3.0615566139081216,39,23,18,5,0.04942507021799094,1,0,0,0,0,0,0,0,0,44,12,9,0,1,1
1qzr,B,152,PHE,2.8,189.9,0.0,0,0,T,0.005076142131979695,-95.2,29.2,23.0,18.0,0.5609756097560976,4.543917765995021,44,28,11,17,0.053155264196707235,0,0,0,0,0,1,0,0,0,44,12,9,0,1,1
1qzr,B,153,SER,-0.8,89.0,0.0,1,1,E,0.007692307692307693,-122.3,143.5,23.0,14.0,0.6216216216216216,3.8551576490905695,33,24,24,0,0.05595290968074446,0,0,1,0,0,0,0,0,0,38,24,7,0,1,1
1qzr,B,154,THR,-0.7,116.1,0.0,1,1,E,0.323943661971831,-72.6,-28.3,9.0,19.0,0.32142857142857145,1.9442617046458732,29,27,27,0,0.04243095650789788,0,0,1,0,0,0,0,0,0,38,24,7,0,1,1
1qzr,B,155,GLU,-3.5,138.4,-1.0,1,3,E,0.20618556701030927,-153.3,137.5,8.0,24.0,0.25,1.9265265680386179,27,28,14,14,0.048492521723311866,0,0,1,0,0,0,0,0,0,38,24,7,0,1,1
1qzr,B,156,PHE,2.8,189.9,0.0,0,0,E,0.0,-144.3,122.4,24.0,17.0,0.5853658536585366,3.892521467715621,39,25,17,8,0.05548663543340492,0,0,1,0,0,0,0,0,0,30,24,10,0,2,1
1qzr,B,157,ILE,4.5,166.7,0.0,0,0,E,0.20710059171597633,-122.9,125.9,12.0,29.0,0.2926829268292683,2.6847289398799044,28,32,31,1,0.04662742473395372,0,0,1,0,0,0,0,0,0,30,24,10,0,2,1
1qzr,B,158,LEU,3.8,166.7,0.0,0,0,E,0.0,-105.6,128.2,26.0,18.0,0.5909090909090909,4.709159031016477,35,22,15,7,0.0526889899493677,0,0,1,0,0,0,0,0,0,30,24,10,0,2,1
1qzr,B,159,GLU,-3.5,138.4,-1.0,1,3,E,0.15463917525773196,-124.1,133.3,12.0,24.0,0.3333333333333333,3.042010822681897,32,33,6,27,0.04616115048661418,0,0,1,0,0,0,0,0,0,30,24,10,0,2,1
1qzr,B,160,THR,-0.7,116.1,0.0,1,1,E,0.0,-151.5,148.0,18.0,22.0,0.45,5.439210293005642,39,26,19,7,0.05035761871267001,0,0,1,0,0,0,0,0,0,-1,0,0,0,0,0
1qzr,B,161,ALA,1.8,88.6,0.0,0,0,E,0.0,-129.1,131.1,16.0,21.0,0.43243243243243246,5.301792751040476,35,31,22,9,0.05548663543340492,0,0,1,0,0,0,0,0,0,9,530,5,0,34,1
1qzr,B,162,ASP,-3.5,111.1,-1.0,1,3,E,0.12269938650306748,-119.1,135.8,11.0,20.0,0.3548387096774194,2.582450878539467,29,21,9,12,0.05175644145468863,0,0,1,0,0,0,0,0,0,9,530,5,0,34,1
1qzr,B,163,LEU,3.8,166.7,0.0,0,0,T,0.5426829268292683,-85.0,-21.6,7.0,16.0,0.30434782608695654,2.0051240776554486,22,26,8,18,0.03403802005578621,0,0,0,0,0,1,0,0,0,9,530,5,0,34,1
1qzr,B,164,ASN,-3.5,114.1,0.0,2,2,T,0.9171974522292994,-60.3,-39.6,7.0,12.0,0.3684210526315789,1.764881357178135,15,7,14,-7,0.01818469564624195,0,0,0,0,0,1,0,0,0,-1,0,0,0,0,0
1qzr,B,165,VAL,4.2,140.0,0.0,0,0,T,0.44366197183098594,-102.1,-18.7,14.0,6.0,0.7,1.8673858106966077,19,11,16,-5,0.026577632098353617,0,0,0,0,0,1,0,0,0,9,530,5,0,34,1
1qzr,B,166,GLY,-0.4,60.1,0.0,0,0,T,0.05952380952380952,69.0,49.6,2.0,20.0,0.09090909090909091,1.8855677317403905,20,21,8,13,0.03590311704514436,0,0,0,0,0,1,0,0,0,9,530,5,0,34,1
1qzr,B,167,GLN,-3.5,143.8,0.0,2,2,E,0.29797979797979796,-137.6,161.0,11.0,17.0,0.39285714285714285,2.8739943853014975,22,21,11,10,0.04476232774459557,0,0,1,0,0,0,0,0,0,9,530,5,0,34,1
1qzr,B,168,LYS,-3.9,168.6,1.0,2,0,E,0.28780487804878047,-119.1,142.4,12.0,21.0,0.36363636363636365,2.461643686926635,28,20,14,6,0.048958795970651406,0,0,1,0,0,0,0,0,0,9,530,5,0,34,1
1qzr,B,169,TYR,-1.3,193.6,0.0,1,1,E,0.0,-127.2,121.2,21.0,14.0,0.6,4.293678003242106,34,22,24,-2,0.05035761871267001,0,0,1,0,0,0,0,0,0,30,24,10,0,2,1
1qzr,B,170,VAL,4.2,140.0,0.0,0,0,E,0.2746478873239437,-127.1,126.1,4.0,28.0,0.125,2.150426544874398,24,41,10,31,0.045228601991935104,0,0,1,0,0,0,0,0,0,30,24,10,0,2,1
1qzr,B,171,GLN,-3.5,143.8,0.0,2,2,E,0.005050505050505051,-138.4,132.7,22.0,14.0,0.6111111111111112,2.7253153048344037,28,29,17,12,0.050823892960009553,0,0,1,0,0,0,0,0,0,30,24,10,0,2,1
1qzr,B,172,LYS,-3.9,168.6,1.0,2,0,E,0.3804878048780488,-114.1,129.2,6.0,26.0,0.1875,2.3557293312698837,23,16,19,-3,0.04709369898129325,0,0,1,0,0,0,0,0,0,30,24,10,0,2,1
1qzr,B,173,TRP,-0.9,227.8,0.0,1,0,E,0.013215859030837005,-105.9,156.9,22.0,12.0,0.6470588235294118,3.746271852243278,36,31,27,4,0.05502036118606539,0,0,1,0,0,0,0,0,0,10,848,3,0,28,1
1qzr,B,174,GLU,-3.5,138.4,-1.0,1,3,E,0.29381443298969073,-137.8,166.5,3.0,24.0,0.1111111111111111,2.6197498503720773,18,26,9,17,0.04942507021799094,0,0,1,0,0,0,0,0,0,10,848,3,0,28,1
1qzr,B,175,ASN,-3.5,114.1,0.0,2,2,T,0.5987261146496815,53.2,66.1,4.0,20.0,0.16666666666666666,1.8853541764972925,20,12,23,-11,0.03590311704514436,0,0,0,0,0,1,0,0,0,38,24,7,0,1,1
1qzr,B,176,ASN,-3.5,114.1,0.0,2,2,T,0.22929936305732485,53.9,44.6,9.0,21.0,0.3,1.9589932765831901,27,13,20,-7,0.04989134446533048,0,0,0,0,0,1,0,0,0,44,12,9,0,1,1
1qzr,B,177,MET,1.9,162.9,0.0,0,0,T,0.10106382978723404,67.6,6.5,16.0,19.0,0.45714285714285713,2.197016904758818,29,22,13,9,0.05129016720734909,0,0,0,0,0,1,0,0,0,-1,0,0,0,0,0
1qzr,B,178,SER,-0.8,89.0,0.0,1,1,T,0.676923076923077,-79.3,-27.4,6.0,16.0,0.2727272727272727,1.7900591003362634,17,8,11,-3,0.027510180593032695,0,0,0,0,0,1,0,0,0,-1,0,0,0,0,0
1qzr,B,179,ILE,4.5,166.7,0.0,0,0,E,0.4319526627218935,-104.3,119.9,10.0,10.0,0.5,2.3126409258055656,16,18,14,4,0.032172923066428064,0,0,1,0,0,0,0,0,0,10,848,3,0,28,1
1qzr,B,180,CYS,2.5,108.5,0.0,1,0,E,0.4,-117.3,107.1,10.0,16.0,0.38461538461538464,1.86563914416961,21,23,17,6,0.04103213376587927,0,0,1,0,0,0,0,0,0,10,848,3,0,28,1
1qzr,B,181,HIS,-3.2,153.2,0.1,2,1,P,0.3858695652173913,-76.6,142.0,12.0,7.0,0.631578947368421,1.8850535138729398,18,12,17,-5,0.034970568550465285,0,0,0,0,0,0,0,0,0,10,848,3,0,28,1
1qzr,B,182,PRO,-1.6,112.7,0.0,0,0,P,0.8088235294117647,-52.0,142.0,1.0,18.0,0.05263157894736842,1.8785658498220308,13,24,6,18,0.02611135785101408,0,0,0,0,0,0,0,0,0,10,848,3,0,28,1
1qzr,B,183,PRO,-1.6,112.7,0.0,0,0,P,0.25735294117647056,-68.1,148.9,19.0,8.0,0.7037037037037037,2.071174749690692,19,23,8,15,0.03870076252918159,0,0,0,0,0,0,0,0,0,-1,0,0,0,0,0
1qzr,B,184,LYS,-3.9,168.6,1.0,2,0,E,0.7317073170731707,-100.5,113.1,6.0,15.0,0.2857142857142857,1.9160823808394163,16,15,6,9,0.030774100324409453,0,0,1,0,0,0,0,0,0,-1,0,0,0,0,0
1qzr,B,185,ILE,4.5,166.7,0.0,0,0,E,0.2958579881656805,-112.2,121.7,10.0,12.0,0.45454545454545453,1.9254683356657127,20,18,2,16,0.0363693912924839,0,0,1,0,0,0,0,0,0,61,6,2,0,0,1
1qzr,B,186,THR,-0.7,116.1,0.0,1,1,E,0.352112676056338,-125.3,162.3,8.0,11.0,0.42105263157894735,1.9516469672389662,19,25,5,20,0.02844272908771177,0,0,1,0,0,0,0,0,0,-1,0,0,0,0,0
1qzr,B,187,SER,-0.8,89.0,0.0,1,1,E,0.7230769230769231,-69.3,139.9,1.0,17.0,0.05555555555555555,1.7395349747283273,15,26,3,23,0.026577632098353617,0,0,1,0,0,0,0,0,0,9,530,5,0,34,1
1qzr,B,188,TYR,-1.3,193.6,0.0,1,1,-,0.13513513513513514,-140.7,94.6,17.0,3.0,0.85,2.18070487854236,21,23,9,14,0.03357174580844668,0,0,0,0,0,0,0,0,0,9,530,5,0,34,1
1qzr,B,189,LYS,-3.9,168.6,1.0,2,0,-,0.7560975609756098,-102.8,5.1,0.0,15.0,0.0,1.8706471328922827,14,8,4,4,0.02331371236697686,0,0,0,0,0,0,0,0,0,9,530,5,0,34,1
1qzr,B,190,LYS,-3.9,168.6,1.0,2,0,S,0.35121951219512193,-63.6,-136.4,9.0,5.0,0.6428571428571429,1.7676166219913074,14,16,4,12,0.017718421398902413,0,0,0,0,0,0,1,0,0,9,530,5,0,34,1
1qzr,B,191,GLY,-0.4,60.1,0.0,0,0,S,0.4880952380952381,-83.9,-133.9,2.0,13.0,0.13333333333333333,1.7094983014749998,15,16,5,11,0.019117244140921023,0,0,0,0,0,0,1,0,0,9,530,5,0,34,1
1qzr,B,192,PRO,-1.6,112.7,0.0,0,0,-,0.6544117647058824,-80.7,167.5,10.0,14.0,0.4166666666666667,2.094056667439115,20,18,12,6,0.027043906345693154,0,0,0,0,0,0,0,0,0,-1,0,0,0,0,0
1qzr,B,193,SER,-0.8,89.0,0.0,1,1,-,0.13076923076923078,-71.8,152.3,15.0,18.0,0.45454545454545453,2.082566722260817,29,24,22,2,0.043363505002576956,0,0,0,0,0,0,0,0,0,-1,0,0,0,0,0
1qzr,B,194,TYR,-1.3,193.6,0.0,1,1,E,0.0990990990990991,-169.6,161.8,16.0,21.0,0.43243243243243246,2.5262192986586736,30,34,25,9,0.045694876239274644,0,0,1,0,0,0,0,0,0,-1,0,0,0,0,0
1qzr,B,195,THR,-0.7,116.1,0.0,1,1,E,0.04929577464788732,-129.1,136.6,16.0,23.0,0.41025641025641024,2.270493279598711,35,30,25,5,0.04989134446533048,0,0,1,0,0,0,0,0,0,-1,0,0,0,0,0
1qzr,B,196,LYS,-3.9,168.6,1.0,2,0,E,0.22439024390243903,-130.7,124.5,16.0,21.0,0.43243243243243246,2.590016508274663,28,13,27,-14,0.04755997322863279,0,0,1,0,0,0,0,0,0,30,24,10,0,2,1
1qzr,B,197,VAL,4.2,140.0,0.0,0,0,E,0.056338028169014086,-112.3,120.6,21.0,24.0,0.4666666666666667,3.1247850897928067,37,17,24,-7,0.04942507021799094,0,0,1,0,0,0,0,0,0,-1,0,0,0,0,0
1qzr,B,198,THR,-0.7,116.1,0.0,1,1,E,0.15492957746478872,-118.6,123.7,12.0,27.0,0.3076923076923077,2.227672730885389,29,37,29,8,0.04616115048661418,0,0,1,0,0,0,0,0,0,-1,0,0,0,0,0
1qzr,B,199,PHE,2.8,189.9,0.0,0,0,E,0.01015228426395939,-135.7,155.9,25.0,18.0,0.5813953488372093,4.333164953216,41,26,26,0,0.05175644145468863,0,0,1,0,0,0,0,0,0,-1,0,0,0,0,0
1qzr,B,200,LYS,-3.9,168.6,1.0,2,0,E,0.25853658536585367,-121.2,106.2,11.0,27.0,0.2894736842105263,2.6347635738079136,30,21,35,-14,0.04755997322863279,0,0,1,0,0,0,0,0,0,38,24,7,0,1,1
1qzr,B,201,PRO,-1.6,112.7,0.0,0,0,E,0.007352941176470588,-59.6,142.7,24.0,18.0,0.5714285714285714,3.517842996510161,35,28,21,7,0.05222271570202816,0,0,1,0,0,0,0,0,0,38,24,7,0,1,1
1qzr,B,202,ASP,-3.5,111.1,-1.0,1,3,-,0.1165644171779141,-74.8,80.3,18.0,15.0,0.5454545454545454,2.1848331784249213,28,29,6,23,0.043363505002576956,0,0,0,0,0,0,0,0,0,44,12,9,0,1,1
1qzr,B,203,LEU,3.8,166.7,0.0,0,0,G,0.06707317073170732,-60.5,-35.1,13.0,18.0,0.41935483870967744,2.3593835274054586,30,31,19,12,0.04196468226055834,0,0,0,1,0,0,0,0,0,41,16,9,0,1,1
1qzr,B,204,THR,-0.7,116.1,0.0,1,1,G,0.7887323943661971,-70.1,-27.7,2.0,18.0,0.1,1.7873518025877801,18,24,12,12,0.02844272908771177,0,0,0,1,0,0,0,0,0,41,16,9,0,1,1
1qzr,B,205,ARG,-4.5,173.4,1.0,5,0,G,0.3951612903225806,-63.1,-24.7,17.0,11.0,0.6071428571428571,1.8620803682564981,24,5,10,-5,0.03357174580844668,0,0,0,1,0,0,0,0,0,44,12,9,0,1,1
1qzr,B,206,PHE,2.8,189.9,0.0,0,0,G,0.01015228426395939,-99.6,7.4,24.0,8.0,0.75,3.7287341841197583,35,17,20,-3,0.04289723075523742,0,0,0,1,0,0,0,0,0,41,16,9,0,1,1
1qzr,B,207,GLY,-0.4,60.1,0.0,0,0,T,0.8095238095238095,68.8,31.2,9.0,11.0,0.45,1.7095657570411167,18,17,24,-7,0.02844272908771177,0,0,0,0,0,1,0,0,0,41,16,9,0,1,1
1qzr,B,208,MET,1.9,162.9,0.0,0,0,-,0.1276595744680851,-123.2,149.7,18.0,4.0,0.8181818181818182,1.8296081451374775,20,19,27,-8,0.02984155182973038,0,0,0,0,0,0,0,0,0,41,16,9,0,1,1
1qzr,B,209,LYS,-3.9,168.6,1.0,2,0,S,1.0,-89.4,-35.6,1.0,14.0,0.06666666666666667,1.9001097954988373,10,5,14,-9,0.022847438119637322,0,0,0,0,0,0,1,0,0,41,16,9,0,1,1
1qzr,B,210,GLU,-3.5,138.4,-1.0,1,3,S,0.5412371134020618,-160.7,163.5,6.0,18.0,0.25,1.7443522873873296,18,21,22,-1,0.03124037457174899,0,0,0,0,0,0,1,0,0,31,31,6,0,2,1
1qzr,B,211,LEU,3.8,166.7,0.0,0,0,-,0.03048780487804878,-75.7,97.2,18.0,13.0,0.5806451612903226,3.461738649554837,27,25,36,-11,0.040565859518539735,0,0,0,0,0,0,0,0,0,31,31,6,0,2,1
1qzr,B,212,ASP,-3.5,111.1,-1.0,1,3,-,0.4601226993865031,-78.7,176.0,7.0,16.0,0.30434782608695654,1.9400882391257193,22,10,17,-7,0.030307826077069916,0,0,0,0,0,0,0,0,0,-1,0,0,0,0,0
1qzr,B,213,ASN,-3.5,114.1,0.0,2,2,H,0.8280254777070064,-60.7,-34.7,4.0,16.0,0.2,1.7443615212211347,18,11,22,-11,0.02611135785101408,1,0,0,0,0,0,0,0,0,-1,0,0,0,0,0
1qzr,B,214,ASP,-3.5,111.1,-1.0,1,3,H,0.22085889570552147,-62.1,-52.8,16.0,16.0,0.5,1.8910106631825718,24,13,11,2,0.03963331102386066,1,0,0,0,0,0,0,0,0,4,706,15,0,111,1
1qzr,B,215,ILE,4.5,166.7,0.0,0,0,H,0.011834319526627219,-68.2,-36.8,19.0,18.0,0.5135135135135135,2.9627951305613127,33,16,21,-5,0.04662742473395372,1,0,0,0,0,0,0,0,0,-1,0,0,0,0,0
1qzr,B,216,LEU,3.8,166.7,0.0,0,0,H,0.06707317073170732,-62.2,-40.1,14.0,20.0,0.4117647058823529,3.006996335566187,32,20,22,-2,0.03776821403450251,1,0,0,0,0,0,0,0,0,-1,0,0,0,0,0
1qzr,B,217,GLY,-0.4,60.1,0.0,0,0,H,0.08333333333333333,-62.5,-45.5,17.0,13.0,0.5666666666666667,2.3674609615566404,29,35,20,15,0.04196468226055834,1,0,0,0,0,0,0,0,0,-1,0,0,0,0,0
1qzr,B,218,VAL,4.2,140.0,0.0,0,0,H,0.0,-73.0,-35.7,19.0,17.0,0.5277777777777778,4.200842963214077,35,37,18,19,0.04942507021799094,1,0,0,0,0,0,0,0,0,18,29,20,0,6,1
1qzr,B,219,MET,1.9,162.9,0.0,0,0,H,0.0,-57.3,-49.7,22.0,16.0,0.5789473684210527,5.782035595752653,39,36,16,20,0.04755997322863279,1,0,0,0,0,0,0,0,0,-1,0,0,0,0,0
1qzr,B,220,ARG,-4.5,173.4,1.0,5,0,H,0.3709677419354839,-60.0,-44.0,18.0,19.0,0.4864864864864865,2.512837439103091,31,19,13,6,0.048958795970651406,1,0,0,0,0,0,0,0,0,-1,0,0,0,0,0
1qzr,B,221,ARG,-4.5,173.4,1.0,5,0,H,0.06854838709677419,-59.7,-37.1,18.0,16.0,0.5294117647058824,3.0717434022977983,35,20,11,9,0.05035761871267001,1,0,0,0,0,0,0,0,0,-1,0,0,0,0,0
1qzr,B,222,ARG,-4.5,173.4,1.0,5,0,H,0.012096774193548387,-62.8,-32.4,17.0,20.0,0.4594594594594595,3.5408931083618906,41,23,19,4,0.04709369898129325,1,0,0,0,0,0,0,0,0,-1,0,0,0,0,0
1qzr,B,223,VAL,4.2,140.0,0.0,0,0,H,0.007042253521126761,-68.6,-37.8,21.0,23.0,0.4772727272727273,6.347274303095088,43,32,19,13,0.05035761871267001,1,0,0,0,0,0,0,0,0,-1,0,0,0,0,0
1qzr,B,224,TYR,-1.3,193.6,0.0,1,1,H,0.04954954954954955,-62.8,-40.5,18.0,27.0,0.4,3.81811627339548,36,40,18,22,0.0526889899493677,1,0,0,0,0,0,0,0,0,-1,0,0,0,0,0
1qzr,B,225,ASP,-3.5,111.1,-1.0,1,3,H,0.018404907975460124,-50.8,-49.3,24.0,23.0,0.5106382978723404,3.5144370929123374,43,29,4,25,0.04989134446533048,1,0,0,0,0,0,0,0,0,-1,0,0,0,0,0
1qzr,B,226,ILE,4.5,166.7,0.0,0,0,H,0.011834319526627219,-60.9,-47.3,23.0,23.0,0.5,5.675168128873825,40,29,16,13,0.05129016720734909,1,0,0,0,0,0,0,0,0,-1,0,0,0,0,0
1qzr,B,227,ASN,-3.5,114.1,0.0,2,2,H,0.01910828025477707,-59.0,-40.2,21.0,19.0,0.525,2.963614955792234,37,38,11,27,0.05222271570202816,1,0,0,0,0,0,0,0,0,63,2,6,0,0,1
1qzr,B,228,GLY,-0.4,60.1,0.0,0,0,H,0.0,-63.8,-43.0,19.0,20.0,0.48717948717948717,4.637379858450902,37,33,17,16,0.05548663543340492,1,0,0,0,0,0,0,0,0,-1,0,0,0,0,0
1qzr,B,229,SER,-0.8,89.0,0.0,1,1,H,0.09230769230769231,-89.9,-26.8,21.0,21.0,0.5,2.446413325669272,37,23,16,7,0.050823892960009553,1,0,0,0,0,0,0,0,0,63,2,6,0,0,1
1qzr,B,230,VAL,4.2,140.0,0.0,0,0,S,0.13380281690140844,-101.0,120.1,29.0,15.0,0.6590909090909091,2.0790259642641167,39,27,20,7,0.03823448828184205,0,0,0,0,0,0,1,0,0,63,2,6,0,0,1
1qzr,B,231,ARG,-4.5,173.4,1.0,5,0,T,0.28225806451612906,-79.1,159.0,8.0,27.0,0.22857142857142856,1.9687287877395647,25,18,15,3,0.03124037457174899,0,0,0,0,0,1,0,0,0,63,2,6,0,0,1
1qzr,B,232,ASP,-3.5,111.1,-1.0,1,3,T,0.7116564417177914,64.8,26.1,6.0,18.0,0.25,1.7644430481910292,19,37,3,34,0.02797645484037223,0,0,0,0,0,1,0,0,0,63,2,6,0,0,1
1qzr,B,233,ILE,4.5,166.7,0.0,0,0,-,0.05917159763313609,-128.2,147.5,26.0,8.0,0.7647058823529411,2.5450480985562267,35,46,17,29,0.04196468226055834,0,0,0,0,0,0,0,0,0,63,2,6,0,0,1
1qzr,B,234,ASN,-3.5,114.1,0.0,2,2,E,0.3630573248407643,-93.1,133.7,8.0,24.0,0.25,2.195763131006493,24,49,20,29,0.04289723075523742,0,0,1,0,0,0,0,0,0,70,0,6,0,0,1
1qzr,B,235,VAL,4.2,140.0,0.0,0,0,E,0.007042253521126761,-117.2,124.9,21.0,17.0,0.5526315789473685,3.5097780862459076,34,40,15,25,0.05175644145468863,0,0,1,0,0,0,0,0,0,-1,0,0,0,0,0
1qzr,B,236,TYR,-1.3,193.6,0.0,1,1,E,0.21171171171171171,-114.0,131.1,12.0,15.0,0.4444444444444444,2.2509792465185154,20,37,8,29,0.04755997322863279,0,0,1,0,0,0,0,0,0,70,0,6,0,0,1
1qzr,B,237,LEU,3.8,166.7,0.0,0,0,E,0.08536585365853659,-121.1,119.4,13.0,18.0,0.41935483870967744,2.1140807801908568,28,30,10,20,0.04662742473395372,0,0,1,0,0,0,0,0,0,53,7,4,0,0,1
1qzr,B,238,ASN,-3.5,114.1,0.0,2,2,T,0.5222929936305732,44.3,42.7,6.0,15.0,0.2857142857142857,1.798169980642905,22,28,16,12,0.030307826077069916,0,0,0,0,0,1,0,0,0,59,2,8,0,0,1
1qzr,B,239,GLY,-0.4,60.1,0.0,0,0,T,0.7023809523809523,93.0,-13.4,3.0,15.0,0.16666666666666666,1.7095251058513816,15,15,8,7,0.027510180593032695,0,0,0,0,0,1,0,0,0,53,7,4,0,0,1
1qzr,B,240,LYS,-3.9,168.6,1.0,2,0,E,0.4975609756097561,-98.7,127.5,9.0,10.0,0.47368421052631576,2.1377286598662604,21,12,3,9,0.02844272908771177,0,0,1,0,0,0,0,0,0,53,7,4,0,0,1
1qzr,B,241,SER,-0.8,89.0,0.0,1,1,E,0.2076923076923077,-67.9,124.7,6.0,14.0,0.3,1.8865523176072472,19,29,4,25,0.034970568550465285,0,0,1,0,0,0,0,0,0,53,7,4,0,0,1
1qzr,B,242,LEU,3.8,166.7,0.0,0,0,-,0.07317073170731707,-77.6,-34.6,26.0,6.0,0.8125,2.6726879699458626,28,34,3,31,0.04243095650789788,0,0,0,0,0,0,0,0,0,53,7,4,0,0,1
1qzr,B,243,LYS,-3.9,168.6,1.0,2,0,-,0.5707317073170731,54.9,39.8,2.0,23.0,0.08,1.9569141203826719,16,20,0,20,0.03450429430312575,0,0,0,0,0,0,0,0,0,-1,0,0,0,0,0
1qzr,B,244,ILE,4.5,166.7,0.0,0,0,-,0.08284023668639054,-77.8,121.9,20.0,8.0,0.7142857142857143,2.6085759678697027,29,33,10,23,0.04149840801321881,0,0,0,0,0,0,0,0,0,-1,0,0,0,0,0
1qzr,B,245,ARG,-4.5,173.4,1.0,5,0,-,0.6612903225806451,-73.9,-35.4,4.0,20.0,0.16666666666666666,1.9053786995120807,18,22,5,17,0.03170664881908853,0,0,0,0,0,0,0,0,0,63,2,6,0,0,1
1qzr,B,246,ASN,-3.5,114.1,0.0,2,2,S,0.4140127388535032,-171.2,-179.9,5.0,22.0,0.18518518518518517,2.4927558429908268,23,38,14,24,0.04196468226055834,0,0,0,0,0,0,1,0,0,-1,0,0,0,0,0
1qzr,B,247,PHE,2.8,189.9,0.0,0,0,H,0.0,-66.3,-30.5,18.0,17.0,0.5142857142857142,4.515013107155903,36,31,27,4,0.048492521723311866,1,0,0,0,0,0,0,0,0,-1,0,0,0,0,0
1qzr,B,248,LYS,-3.9,168.6,1.0,2,0,H,0.4585365853658537,-63.6,-44.4,5.0,23.0,0.17857142857142858,2.2433364220822454,23,12,21,-9,0.04196468226055834,1,0,0,0,0,0,0,0,0,-1,0,0,0,0,0
1qzr,B,249,ASN,-3.5,114.1,0.0,2,2,H,0.3057324840764331,-58.9,-39.3,11.0,14.0,0.44,1.8902468485524253,23,29,11,18,0.03916703677652112,1,0,0,0,0,0,0,0,0,-1,0,0,0,0,0
1qzr,B,250,TYR,-1.3,193.6,0.0,1,1,H,0.0045045045045045045,-62.7,-49.0,21.0,17.0,0.5526315789473685,4.155012910791609,37,26,18,8,0.05222271570202816,1,0,0,0,0,0,0,0,0,-1,0,0,0,0,0
1qzr,B,251,VAL,4.2,140.0,0.0,0,0,H,0.007042253521126761,-59.9,-39.8,21.0,18.0,0.5384615384615384,4.043183851082761,35,10,17,-7,0.048026247475972325,1,0,0,0,0,0,0,0,0,-1,0,0,0,0,0
1qzr,B,252,GLU,-3.5,138.4,-1.0,1,3,H,0.4381443298969072,-64.1,-15.6,9.0,19.0,0.32142857142857145,1.965474969298166,23,16,1,15,0.03730193978716297,1,0,0,0,0,0,0,0,0,-1,0,0,0,0,0
1qzr,B,253,LEU,3.8,166.7,0.0,0,0,T,0.10365853658536585,-65.4,-18.4,21.0,12.0,0.6363636363636364,2.2531701428565034,32,18,22,-4,0.04429605349725603,0,0,0,0,0,1,0,0,0,-1,0,0,0,0,0
1qzr,B,254,TYR,-1.3,193.6,0.0,1,1,T,0.009009009009009009,-90.4,-5.0,19.0,16.0,0.5428571428571428,3.589128867179238,35,15,20,-5,0.048958795970651406,0,0,0,0,0,1,0,0,0,-1,0,0,0,0,0
1qzr,B,255,LEU,3.8,166.7,0.0,0,0,H,0.4024390243902439,-58.4,-49.9,12.0,15.0,0.4444444444444444,2.1393774433709236,23,14,16,-2,0.03963331102386066,1,0,0,0,0,0,0,0,0,-1,0,0,0,0,0
1qzr,B,256,LYS,-3.9,168.6,1.0,2,0,H,0.7414634146341463,-58.8,-49.3,9.0,10.0,0.47368421052631576,1.8992330610215502,18,5,17,-12,0.03124037457174899,1,0,0,0,0,0,0,0,0,51,24,1,0,0,1
1qzr,B,257,SER,-0.8,89.0,0.0,1,1,H,0.3153846153846154,-67.0,-34.1,16.0,10.0,0.6153846153846154,1.8225714706240765,24,15,19,-4,0.03403802005578621,1,0,0,0,0,0,0,0,0,-1,0,0,0,0,0
1qzr,B,258,LEU,3.8,166.7,0.0,0,0,H,0.23170731707317074,-74.3,-38.0,16.0,9.0,0.64,2.1425529052184333,26,12,22,-10,0.030774100324409453,1,0,0,0,0,0,0,0,0,-1,0,0,0,0,0
1qzr,B,259,GLU,-3.5,138.4,-1.0,1,3,H,0.33505154639175255,-72.7,-19.1,11.0,8.0,0.5789473684210527,1.9314483360225143,17,14,6,8,0.023779986614316396,1,0,0,0,0,0,0,0,0,-1,0,0,0,0,0
1qzr,B,260,LYS,-3.9,168.6,1.0,2,0,-,0.5756097560975609,-70.8,360.0,7.0,5.0,0.5833333333333334,1.7676209703686183,11,9,9,0,0.01492077591486519,0,0,0,0,0,0,0,0,0,-1,0,0,0,0,0
1qzr,B,276,ILE,4.5,166.7,0.0,0,0,-,0.8284023668639053,360.0,111.6,11.0,4.0,0.7333333333333333,1.8545737382227019,15,16,7,9,0.019117244140921023,0,0,0,0,0,0,0,0,0,8,666,5,0,36,1
1qzr,B,277,PRO,-1.6,112.7,0.0,0,0,-,0.5735294117647058,-68.9,153.9,8.0,10.0,0.4444444444444444,1.8338485817815988,17,19,4,15,0.019117244140921023,0,0,0,0,0,0,0,0,0,8,666,5,0,36,1
1qzr,B,278,THR,-0.7,116.1,0.0,1,1,S,0.4225352112676056,-72.6,-41.0,10.0,18.0,0.35714285714285715,1.8309988981865055,23,6,18,-12,0.030774100324409453,0,0,0,0,0,0,1,0,0,8,666,5,0,36,1
1qzr,B,279,ILE,4.5,166.7,0.0,0,0,-,0.14201183431952663,-114.6,130.2,18.0,16.0,0.5294117647058824,2.115405605119941,29,10,13,-3,0.03963331102386066,0,0,0,0,0,0,0,0,0,8,666,5,0,36,1
1qzr,B,280,LEU,3.8,166.7,0.0,0,0,E,0.10975609756097561,-106.1,114.5,16.0,16.0,0.5,2.3287471067237,29,23,13,10,0.03963331102386066,0,0,1,0,0,0,0,0,0,8,666,5,0,36,1
1qzr,B,281,TYR,-1.3,193.6,0.0,1,1,E,0.2702702702702703,-111.6,144.3,11.0,19.0,0.36666666666666664,2.187259521135547,23,21,25,-4,0.040099585271200194,0,0,1,0,0,0,0,0,0,-1,0,0,0,0,0
1qzr,B,282,GLU,-3.5,138.4,-1.0,1,3,E,0.29896907216494845,-150.9,131.5,13.0,17.0,0.43333333333333335,2.144846452132054,24,21,16,5,0.0363693912924839,0,0,1,0,0,0,0,0,0,-1,0,0,0,0,0
1qzr,B,283,ARG,-4.5,173.4,1.0,5,0,E,0.4112903225806452,-80.0,118.2,6.0,18.0,0.25,1.871901043190163,17,16,18,-2,0.034970568550465285,0,0,1,0,0,0,0,0,0,0,11806,9,0,1071,1
1qzr,B,284,ILE,4.5,166.7,0.0,0,0,E,0.21301775147928995,-76.6,-50.3,17.0,6.0,0.7391304347826086,2.3687174466382235,23,22,27,-5,0.03916703677652112,0,0,1,0,0,0,0,0,0,-1,0,0,0,0,0
1qzr,B,285,ASN,-3.5,114.1,0.0,2,2,E,0.2929936305732484,-157.1,-169.3,8.0,9.0,0.47058823529411764,1.9313285602707433,21,27,21,6,0.02844272908771177,0,0,1,0,0,0,0,0,0,-1,0,0,0,0,0
1qzr,B,286,ASN,-3.5,114.1,0.0,2,2,T,0.802547770700637,-67.0,-12.5,1.0,16.0,0.058823529411764705,1.7773967274192886,16,26,7,19,0.02611135785101408,0,0,0,0,0,1,0,0,0,0,11806,9,0,1071,1
1qzr,B,287,ARG,-4.5,173.4,1.0,5,0,T,0.23790322580645162,-119.6,0.3,13.0,16.0,0.4482758620689655,1.9593988707885854,21,14,13,1,0.03963331102386066,0,0,0,0,0,1,0,0,0,0,11806,9,0,1071,1
1qzr,B,288,TRP,-0.9,227.8,0.0,1,0,E,0.0,-142.2,125.6,15.0,18.0,0.45454545454545453,4.189268421762451,35,37,20,17,0.04989134446533048,0,0,1,0,0,0,0,0,0,0,11806,9,0,1071,1
1qzr,B,289,GLU,-3.5,138.4,-1.0,1,3,E,0.02577319587628866,-130.3,138.2,16.0,20.0,0.4444444444444444,2.4455074272914343,34,31,7,24,0.05175644145468863,0,0,1,0,0,0,0,0,0,0,11806,9,0,1071,1
1qzr,B,290,VAL,4.2,140.0,0.0,0,0,E,0.0,-132.8,146.2,18.0,23.0,0.43902439024390244,6.119599167908413,36,17,20,-3,0.0526889899493677,0,0,1,0,0,0,0,0,0,-1,0,0,0,0,0
1qzr,B,291,ALA,1.8,88.6,0.0,0,0,E,0.0,-135.6,150.6,19.0,23.0,0.4523809523809524,5.459945418018437,36,11,20,-9,0.04942507021799094,0,0,1,0,0,0,0,0,0,-1,0,0,0,0,0
1qzr,B,292,PHE,2.8,189.9,0.0,0,0,E,0.005076142131979695,-129.5,139.1,20.0,24.0,0.45454545454545453,4.036961081634751,39,10,4,6,0.048026247475972325,0,0,1,0,0,0,0,0,0,-1,0,0,0,0,0
1qzr,B,293,ALA,1.8,88.6,0.0,0,0,E,0.009433962264150943,-140.3,158.1,18.0,21.0,0.46153846153846156,2.7540414980648316,38,6,14,-8,0.04616115048661418,0,0,1,0,0,0,0,0,0,-1,0,0,0,0,0
1qzr,B,294,VAL,4.2,140.0,0.0,0,0,E,0.18309859154929578,-77.7,133.9,16.0,22.0,0.42105263157894735,1.926114390658089,33,13,18,-5,0.045228601991935104,0,0,1,0,0,0,0,0,0,68,0,10,0,0,1
1qzr,B,295,SER,-0.8,89.0,0.0,1,1,-,0.05384615384615385,-97.6,140.8,15.0,13.0,0.5357142857142857,2.3389015090681577,29,16,16,0,0.045694876239274644,0,0,0,0,0,0,0,0,0,5,357,20,0,74,1
1qzr,B,296,ASP,-3.5,111.1,-1.0,1,3,S,0.6503067484662577,-91.7,-29.6,4.0,20.0,0.16666666666666666,1.720322498165034,21,15,9,6,0.027043906345693154,0,0,0,0,0,0,1,0,0,68,0,10,0,0,1
1qzr,B,297,ILE,4.5,166.7,0.0,0,0,S,0.7751479289940828,-108.7,-59.0,3.0,15.0,0.16666666666666666,1.9438604720802268,19,15,11,4,0.030774100324409453,0,0,0,0,0,0,1,0,0,5,357,20,0,74,1
1qzr,B,298,SER,-0.8,89.0,0.0,1,1,S,0.24615384615384617,-155.6,-179.2,7.0,17.0,0.2916666666666667,2.2903986036451354,22,19,11,8,0.03870076252918159,0,0,0,0,0,0,1,0,0,5,357,20,0,74,1
1qzr,B,299,PHE,2.8,189.9,0.0,0,0,-,0.20812182741116753,-58.1,134.1,14.0,17.0,0.45161290322580644,2.3149574294634556,29,9,1,8,0.04103213376587927,0,0,0,0,0,0,0,0,0,5,357,20,0,74,1
1qzr,B,300,GLN,-3.5,143.8,0.0,2,2,E,0.3282828282828283,-133.9,145.9,13.0,15.0,0.4642857142857143,2.138997596026994,25,7,10,-3,0.0363693912924839,0,0,1,0,0,0,0,0,0,5,357,20,0,74,1
1qzr,B,301,GLN,-3.5,143.8,0.0,2,2,E,0.1919191919191919,-142.2,140.3,19.0,15.0,0.5588235294117647,2.0413523179395225,29,12,3,9,0.043363505002576956,0,0,1,0,0,0,0,0,0,17,24,26,0,6,1
1qzr,B,302,ILE,4.5,166.7,0.0,0,0,E,0.14792899408284024,-126.1,120.4,14.0,25.0,0.358974358974359,2.3885636459703385,34,9,7,2,0.04616115048661418,0,0,1,0,0,0,0,0,0,-1,0,0,0,0,0
1qzr,B,303,SER,-0.8,89.0,0.0,1,1,E,0.03076923076923077,-141.8,150.7,25.0,18.0,0.5813953488372093,2.269026121725428,43,16,11,5,0.04989134446533048,0,0,1,0,0,0,0,0,0,-1,0,0,0,0,0
1qzr,B,304,PHE,2.8,189.9,0.0,0,0,E,0.01015228426395939,-134.6,136.7,18.0,24.0,0.42857142857142855,2.754310404812636,39,19,16,3,0.04942507021799094,0,0,1,0,0,0,0,0,0,0,11806,9,0,1071,1
1qzr,B,305,VAL,4.2,140.0,0.0,0,0,E,0.0,-121.4,115.2,23.0,24.0,0.48936170212765956,3.891787020316651,45,26,9,17,0.050823892960009553,0,0,1,0,0,0,0,0,0,-1,0,0,0,0,0
1qzr,B,306,ASN,-3.5,114.1,0.0,2,2,T,0.03184713375796178,49.8,41.1,21.0,21.0,0.5,2.360187202230141,36,30,14,16,0.045694876239274644,0,0,0,0,0,1,0,0,0,-1,0,0,0,0,0
1qzr,B,307,SER,-0.8,89.0,0.0,1,1,T,0.06923076923076923,77.7,-10.5,25.0,19.0,0.5681818181818182,2.601819586335147,44,17,24,-7,0.048492521723311866,0,0,0,0,0,1,0,0,0,-1,0,0,0,0,0
1qzr,B,308,ILE,4.5,166.7,0.0,0,0,E,0.01775147928994083,-71.4,132.2,24.0,23.0,0.5106382978723404,4.2809368151364495,43,26,31,-5,0.045694876239274644,0,0,1,0,0,0,0,0,0,-1,0,0,0,0,0
1qzr,B,309,ALA,1.8,88.6,0.0,0,0,E,0.1320754716981132,-77.6,107.0,15.0,25.0,0.375,2.121323686831738,34,32,26,6,0.04429605349725603,0,0,1,0,0,0,0,0,0,17,24,26,0,6,1
1qzr,B,310,THR,-0.7,116.1,0.0,1,1,-,0.007042253521126761,-89.1,75.8,24.0,11.0,0.6857142857142857,2.7066462033272978,34,24,13,11,0.05035761871267001,0,0,0,0,0,0,0,0,0,17,24,26,0,6,1
1qzr,B,311,THR,-0.7,116.1,0.0,1,1,T,0.5915492957746479,-67.8,-20.3,7.0,22.0,0.2413793103448276,1.83745506520842,31,19,11,8,0.03403802005578621,0,0,0,0,0,1,0,0,0,17,24,26,0,6,1
1qzr,B,312,MET,1.9,162.9,0.0,0,0,T,0.2553191489361702,-101.3,11.6,13.0,16.0,0.4482758620689655,1.9228999038858783,20,8,9,-1,0.03170664881908853,0,0,0,0,0,1,0,0,0,17,24,26,0,6,1
1qzr,B,313,GLY,-0.4,60.1,0.0,0,0,-,0.05952380952380952,68.1,-127.7,11.0,21.0,0.34375,2.410852742686062,31,16,8,8,0.04616115048661418,0,0,0,0,0,0,0,0,0,17,24,26,0,6,1
1qzr,B,314,GLY,-0.4,60.1,0.0,0,0,B,0.08333333333333333,119.3,-153.7,19.0,13.0,0.59375,2.004704956097803,34,16,8,8,0.04103213376587927,0,1,0,0,0,0,0,0,0,-1,0,0,0,0,0
1qzr,B,315,THR,-0.7,116.1,0.0,1,1,H,0.24647887323943662,-68.0,-30.4,14.0,18.0,0.4375,2.1084352202756054,32,18,9,9,0.04196468226055834,1,0,0,0,0,0,0,0,0,-1,0,0,0,0,0
1qzr,B,316,HIS,-3.2,153.2,0.1,2,1,H,0.0,-71.4,-41.7,33.0,14.0,0.7021276595744681,4.944954159532925,45,6,4,2,0.04942507021799094,1,0,0,0,0,0,0,0,0,-1,0,0,0,0,0
1qzr,B,317,VAL,4.2,140.0,0.0,0,0,H,0.02112676056338028,-64.8,-47.1,21.0,22.0,0.4883720930232558,2.990584218774751,36,14,8,6,0.04709369898129325,1,0,0,0,0,0,0,0,0,-1,0,0,0,0,0
1qzr,B,318,ASN,-3.5,114.1,0.0,2,2,H,0.445859872611465,-59.5,-42.2,10.0,17.0,0.37037037037037035,2.0114013195779203,25,15,8,7,0.0363693912924839,1,0,0,0,0,0,0,0,0,-1,0,0,0,0,0
1qzr,B,319,TYR,-1.3,193.6,0.0,1,1,H,0.0990990990990991,-57.8,-44.4,19.0,10.0,0.6551724137931034,2.4391875406745034,28,26,17,9,0.04289723075523742,1,0,0,0,0,0,0,0,0,-1,0,0,0,0,0
1qzr,B,320,ILE,4.5,166.7,0.0,0,0,H,0.0,-74.8,-50.1,20.0,17.0,0.5405405405405406,5.0474890330294935,38,16,20,-4,0.04662742473395372,1,0,0,0,0,0,0,0,0,-1,0,0,0,0,0
1qzr,B,321,THR,-0.7,116.1,0.0,1,1,H,0.0,-65.7,-37.6,22.0,16.0,0.5789473684210527,2.4489394522538634,35,21,8,13,0.04289723075523742,1,0,0,0,0,0,0,0,0,-1,0,0,0,0,0
1qzr,B,322,ASP,-3.5,111.1,-1.0,1,3,H,0.50920245398773,-58.5,-41.9,8.0,17.0,0.32,1.7530815046765618,23,23,0,23,0.03590311704514436,1,0,0,0,0,0,0,0,0,29,24,11,0,3,1
1qzr,B,323,GLN,-3.5,143.8,0.0,2,2,H,0.19696969696969696,-59.9,-45.2,11.0,13.0,0.4583333333333333,1.8914327948191338,30,21,19,2,0.040099585271200194,1,0,0,0,0,0,0,0,0,29,24,11,0,3,1
1qzr,B,324,ILE,4.5,166.7,0.0,0,0,H,0.0,-70.1,-49.1,22.0,15.0,0.5945945945945946,4.458969808018083,36,25,11,14,0.043363505002576956,1,0,0,0,0,0,0,0,0,-1,0,0,0,0,0
1qzr,B,325,VAL,4.2,140.0,0.0,0,0,H,0.07746478873239436,-61.5,-41.0,18.0,16.0,0.5294117647058824,2.3939911648438135,32,29,16,13,0.04289723075523742,1,0,0,0,0,0,0,0,0,-1,0,0,0,0,0
1qzr,B,326,LYS,-3.9,168.6,1.0,2,0,H,0.6097560975609756,-60.4,-45.5,8.0,17.0,0.32,1.9304565369918822,17,9,17,-8,0.035436842797804825,1,0,0,0,0,0,0,0,0,29,24,11,0,3,1
1qzr,B,327,LYS,-3.9,168.6,1.0,2,0,H,0.2780487804878049,-67.0,-46.8,13.0,13.0,0.5,2.3211768400912383,23,14,12,2,0.03776821403450251,1,0,0,0,0,0,0,0,0,71,2,1,0,0,1
1qzr,B,328,ILE,4.5,166.7,0.0,0,0,H,0.0,-60.8,-37.2,26.0,9.0,0.7428571428571429,4.9157992421812695,33,26,12,14,0.04289723075523742,1,0,0,0,0,0,0,0,0,-1,0,0,0,0,0
1qzr,B,329,SER,-0.8,89.0,0.0,1,1,H,0.2923076923076923,-56.8,-48.0,12.0,14.0,0.46153846153846156,2.0078465330296953,26,34,11,23,0.04149840801321881,1,0,0,0,0,0,0,0,0,-1,0,0,0,0,0
1qzr,B,330,GLU,-3.5,138.4,-1.0,1,3,H,0.5360824742268041,-59.6,-43.3,5.0,11.0,0.3125,1.7380370506628098,18,28,1,27,0.02984155182973038,1,0,0,0,0,0,0,0,0,29,24,11,0,3,1
1qzr,B,331,ILE,4.5,166.7,0.0,0,0,H,0.2958579881656805,-59.5,-43.9,14.0,8.0,0.6363636363636364,2.0037222573704914,21,23,9,14,0.03124037457174899,1,0,0,0,0,0,0,0,0,-1,0,0,0,0,0
1qzr,B,332,LEU,3.8,166.7,0.0,0,0,H,0.14634146341463414,-71.0,-30.9,21.0,4.0,0.84,2.22262475625936,26,25,16,9,0.03403802005578621,1,0,0,0,0,0,0,0,0,6,666,8,0,70,1
1qzr,B,333,LYS,-3.9,168.6,1.0,2,0,H,0.4,-67.4,-33.3,7.0,9.0,0.4375,1.7676326217218705,14,10,10,0,0.02144861537761871,1,0,0,0,0,0,0,0,0,-1,0,0,0,0,0
1qzr,B,334,LYS,-3.9,168.6,1.0,2,0,-,0.6048780487804878,-47.2,360.0,6.0,5.0,0.5454545454545454,1.7982120714428753,10,6,11,-5,0.013988227420186116,0,0,0,0,0,0,0,0,0,-1,0,0,0,0,0
1qzr,B,340,VAL,4.2,140.0,0.0,0,0,-,0.47183098591549294,360.0,137.2,23.0,4.0,0.8518518518518519,1.9035096684323105,25,18,10,8,0.032172923066428064,0,0,0,0,0,0,0,0,0,6,666,8,0,70,1
1qzr,B,341,LYS,-3.9,168.6,1.0,2,0,-,0.2975609756097561,-74.0,148.6,11.0,15.0,0.4230769230769231,2.1376085096781696,20,9,5,4,0.03124037457174899,0,0,0,0,0,0,0,0,0,-1,0,0,0,0,0
1qzr,B,342,SER,-0.8,89.0,0.0,1,1,H,0.45384615384615384,-56.8,-33.8,12.0,19.0,0.3870967741935484,1.8649214252112163,25,26,9,17,0.034970568550465285,1,0,0,0,0,0,0,0,0,-1,0,0,0,0,0
1qzr,B,343,PHE,2.8,189.9,0.0,0,0,H,0.07614213197969544,-64.8,-28.9,12.0,17.0,0.41379310344827586,2.527746827717175,17,27,2,25,0.04289723075523742,1,0,0,0,0,0,0,0,0,-1,0,0,0,0,0
1qzr,B,344,GLN,-3.5,143.8,0.0,2,2,H,0.06565656565656566,-65.0,-42.2,15.0,24.0,0.38461538461538464,2.7097214951764825,22,33,4,29,0.045228601991935104,1,0,0,0,0,0,0,0,0,-1,0,0,0,0,0
1qzr,B,345,ILE,4.5,166.7,0.0,0,0,H,0.0,-66.3,-51.8,20.0,22.0,0.47619047619047616,4.490483331512083,32,31,7,24,0.048958795970651406,1,0,0,0,0,0,0,0,0,-1,0,0,0,0,0
1qzr,B,346,LYS,-3.9,168.6,1.0,2,0,H,0.28780487804878047,-59.0,-39.7,17.0,24.0,0.4146341463414634,2.6366785548033524,29,3,8,-5,0.04709369898129325,1,0,0,0,0,0,0,0,0,-1,0,0,0,0,0
1qzr,B,347,ASN,-3.5,114.1,0.0,2,2,T,0.1464968152866242,-75.8,-0.3,13.0,18.0,0.41935483870967744,3.1433338114007356,24,24,4,20,0.048958795970651406,0,0,0,0,0,1,0,0,0,5,357,20,0,74,1
1qzr,B,348,ASN,-3.5,114.1,0.0,2,2,T,0.012738853503184714,-101.8,7.1,16.0,19.0,0.45714285714285713,3.859516522767421,32,24,16,8,0.05455408693872585,0,0,0,0,0,1,0,0,0,-1,0,0,0,0,0
1qzr,B,349,MET,1.9,162.9,0.0,0,0,E,0.0,-104.7,139.0,21.0,19.0,0.525,5.5585118366560415,39,11,5,6,0.053155264196707235,0,0,1,0,0,0,0,0,0,5,357,20,0,74,1
1qzr,B,350,PHE,2.8,189.9,0.0,0,0,E,0.030456852791878174,-117.1,113.3,14.0,22.0,0.3888888888888889,3.4065820499034856,33,2,9,-7,0.05129016720734909,0,0,1,0,0,0,0,0,0,-1,0,0,0,0,0
1qzr,B,351,ILE,4.5,166.7,0.0,0,0,E,0.005917159763313609,-110.2,137.0,22.0,17.0,0.5641025641025641,6.075063225110762,38,12,3,9,0.05222271570202816,0,0,1,0,0,0,0,0,0,-1,0,0,0,0,0
1qzr,B,352,PHE,2.8,189.9,0.0,0,0,E,0.0,-115.0,130.0,20.0,23.0,0.46511627906976744,6.238639781754694,36,4,9,-5,0.048492521723311866,0,0,1,0,0,0,0,0,0,-1,0,0,0,0,0
1qzr,B,353,ILE,4.5,166.7,0.0,0,0,E,0.0,-132.3,132.0,25.0,22.0,0.5319148936170213,6.1032383053711445,45,12,11,1,0.053621538444046775,0,0,1,0,0,0,0,0,0,-1,0,0,0,0,0
1qzr,B,354,ASN,-3.5,114.1,0.0,2,2,E,0.08280254777070063,-123.7,117.1,20.0,24.0,0.45454545454545453,2.1601005594211555,41,31,13,18,0.04989134446533048,0,0,1,0,0,0,0,0,0,0,11806,9,0,1071,1
1qzr,B,355,CYS,2.5,108.5,0.0,1,0,E,0.014814814814814815,-140.7,157.9,23.0,21.0,0.5227272727272727,2.4499472077076985,38,25,11,14,0.04662742473395372,0,0,1,0,0,0,0,0,0,0,11806,9,0,1071,1
1qzr,B,356,LEU,3.8,166.7,0.0,0,0,-,0.3719512195121951,-114.5,126.6,14.0,23.0,0.3783783783783784,2.7551025108324607,32,24,16,8,0.043829779249916496,0,0,0,0,0,0,0,0,0,0,11806,9,0,1071,1
1qzr,B,357,ILE,4.5,166.7,0.0,0,0,-,0.0,-125.4,134.8,23.0,13.0,0.6388888888888888,5.17988655215626,37,41,14,27,0.053155264196707235,0,0,0,0,0,0,0,0,0,-1,0,0,0,0,0
1qzr,B,358,GLU,-3.5,138.4,-1.0,1,3,S,0.1958762886597938,-74.0,135.7,11.0,19.0,0.36666666666666664,2.009892048530531,28,34,23,11,0.045694876239274644,0,0,0,0,0,0,1,0,0,-1,0,0,0,0,0
1qzr,B,359,ASN,-3.5,114.1,0.0,2,2,S,0.1910828025477707,34.8,59.5,9.0,21.0,0.3,2.2329066523804544,28,36,41,-5,0.04429605349725603,0,0,0,0,0,0,1,0,0,-1,0,0,0,0,0
1qzr,B,360,PRO,-1.6,112.7,0.0,0,0,-,0.014705882352941176,-66.5,152.5,25.0,19.0,0.5681818181818182,3.1378301968394666,37,38,22,16,0.043363505002576956,0,0,0,0,0,0,0,0,0,-1,0,0,0,0,0
1qzr,B,361,ALA,1.8,88.6,0.0,0,0,-,0.19811320754716982,-117.7,144.6,17.0,25.0,0.40476190476190477,2.4499686106908887,40,38,24,14,0.03916703677652112,0,0,0,0,0,0,0,0,0,-1,0,0,0,0,0
1qzr,B,362,PHE,2.8,189.9,0.0,0,0,B,0.050761421319796954,-129.9,162.5,21.0,19.0,0.525,2.628181206777055,35,26,15,11,0.04429605349725603,0,1,0,0,0,0,0,0,0,24,24,19,0,5,1
1qzr,B,363,THR,-0.7,116.1,0.0,1,1,S,0.15492957746478872,-65.2,-27.5,18.0,20.0,0.47368421052631576,1.943215378848233,23,11,24,-13,0.04476232774459557,0,0,0,0,0,0,1,0,0,16,24,26,0,6,1
1qzr,B,364,SER,-0.8,89.0,0.0,1,1,S,0.023076923076923078,-152.5,172.9,18.0,20.0,0.47368421052631576,2.282716129571282,24,14,21,-7,0.045228601991935104,0,0,0,0,0,0,1,0,0,-1,0,0,0,0,0
1qzr,B,365,GLN,-3.5,143.8,0.0,2,2,T,0.0707070707070707,-55.9,-31.0,18.0,22.0,0.45,2.6572426208614406,28,27,17,10,0.04476232774459557,0,0,0,0,0,1,0,0,0,-1,0,0,0,0,0
1qzr,B,366,THR,-0.7,116.1,0.0,1,1,T,0.06338028169014084,-71.0,-17.1,20.0,21.0,0.4878048780487805,2.890375838280493,33,18,28,-10,0.03963331102386066,0,0,0,0,0,1,0,0,0,-1,0,0,0,0,0
1qzr,B,367,LYS,-3.9,168.6,1.0,2,0,-,0.05853658536585366,59.1,37.5,19.0,22.0,0.4634146341463415,2.9712901068391457,36,16,26,-10,0.045228601991935104,0,0,0,0,0,0,0,0,0,-1,0,0,0,0,0
1qzr,B,368,GLU,-3.5,138.4,-1.0,1,3,-,0.2422680412371134,-82.1,-19.3,11.0,24.0,0.3142857142857143,2.776811258344021,31,17,6,11,0.04616115048661418,0,0,0,0,0,0,0,0,0,17,24,26,0,6,1
1qzr,B,369,GLN,-3.5,143.8,0.0,2,2,S,0.15151515151515152,-136.3,114.2,12.0,21.0,0.36363636363636365,2.948074215186817,25,14,13,1,0.050823892960009553,0,0,0,0,0,0,1,0,0,16,24,26,0,6,1
1qzr,B,370,LEU,3.8,166.7,0.0,0,0,B,0.006097560975609756,-73.5,135.5,27.0,15.0,0.6428571428571429,4.0034491584630265,35,23,9,14,0.05035761871267001,0,1,0,0,0,0,0,0,0,-1,0,0,0,0,0
1qzr,B,371,THR,-0.7,116.1,0.0,1,1,-,0.23943661971830985,-116.8,-13.3,14.0,22.0,0.3888888888888889,1.9151466931618468,35,19,22,-3,0.04289723075523742,0,0,0,0,0,0,0,0,0,24,24,19,0,5,1
1qzr,B,372,THR,-0.7,116.1,0.0,1,1,-,0.08450704225352113,-47.7,132.4,17.0,16.0,0.5151515151515151,2.146055482423486,31,31,23,8,0.04429605349725603,0,0,0,0,0,0,0,0,0,-1,0,0,0,0,0
1qzr,B,373,ARG,-4.5,173.4,1.0,5,0,-,0.14919354838709678,-72.8,145.0,9.0,20.0,0.3103448275862069,2.0863737827719073,24,10,25,-15,0.03683566553982344,0,0,0,0,0,0,0,0,0,-1,0,0,0,0,0
1qzr,B,374,VAL,4.2,140.0,0.0,0,0,G,0.2605633802816901,-47.0,-41.7,10.0,15.0,0.4,1.9655424214354602,23,38,11,27,0.040099585271200194,0,0,0,1,0,0,0,0,0,-1,0,0,0,0,0
1qzr,B,375,LYS,-3.9,168.6,1.0,2,0,G,0.7219512195121951,-68.2,-15.8,3.0,16.0,0.15789473684210525,1.8706891123845446,14,17,17,0,0.02844272908771177,0,0,0,1,0,0,0,0,0,-1,0,0,0,0,0
1qzr,B,376,ASP,-3.5,111.1,-1.0,1,3,G,0.4110429447852761,-101.5,8.5,11.0,11.0,0.5,1.7686776967105646,21,27,16,11,0.032172923066428064,0,0,0,1,0,0,0,0,0,-1,0,0,0,0,0
1qzr,B,377,PHE,2.8,189.9,0.0,0,0,S,0.0,-64.7,-33.4,15.0,13.0,0.5357142857142857,3.17763434758287,29,44,17,27,0.04243095650789788,0,0,0,0,0,0,1,0,0,-1,0,0,0,0,0
1qzr,B,378,GLY,-0.4,60.1,0.0,0,0,S,0.47619047619047616,92.6,-3.2,14.0,9.0,0.6086956521739131,1.7096337518098228,23,41,17,24,0.032639197313767604,0,0,0,0,0,0,1,0,0,-1,0,0,0,0,0
1qzr,B,379,SER,-0.8,89.0,0.0,1,1,S,0.2076923076923077,-164.8,170.6,14.0,7.0,0.6666666666666666,1.9538044253610118,22,29,19,10,0.035436842797804825,0,0,0,0,0,0,1,0,0,-1,0,0,0,0,0
1qzr,B,380,ARG,-4.5,173.4,1.0,5,0,-,0.5080645161290323,-124.5,163.4,3.0,20.0,0.13043478260869565,1.8296174017591638,18,9,13,-4,0.034970568550465285,0,0,0,0,0,0,0,0,0,-1,0,0,0,0,0
1qzr,B,381,CYS,2.5,108.5,0.0,1,0,-,0.0,-138.5,83.9,25.0,7.0,0.78125,2.9433704297762557,29,24,14,10,0.04289723075523742,0,0,0,0,0,0,0,0,0,-1,0,0,0,0,0
1qzr,B,382,GLU,-3.5,138.4,-1.0,1,3,-,0.5412371134020618,-85.0,113.0,2.0,23.0,0.08,1.7656594741502443,16,11,0,11,0.02984155182973038,0,0,0,0,0,0,0,0,0,-1,0,0,0,0,0
1qzr,B,383,ILE,4.5,166.7,0.0,0,0,-,0.0650887573964497,-69.5,124.4,21.0,9.0,0.7,2.5404599694199366,26,12,28,-16,0.04103213376587927,0,0,0,0,0,0,0,0,0,-1,0,0,0,0,0
1qzr,B,384,PRO,-1.6,112.7,0.0,0,0,-,0.3382352941176471,-61.0,141.4,9.0,10.0,0.47368421052631576,2.3089623467869593,19,15,27,-12,0.028909003335051305,0,0,0,0,0,0,0,0,0,-1,0,0,0,0,0
1qzr,B,385,LEU,3.8,166.7,0.0,0,0,H,0.6036585365853658,-60.0,-31.0,2.0,15.0,0.11764705882352941,2.0566654961345563,17,14,20,-6,0.02797645484037223,1,0,0,0,0,0,0,0,0,71,2,1,0,0,1
1qzr,B,386,GLU,-3.5,138.4,-1.0,1,3,H,0.6237113402061856,-67.1,-27.9,2.0,14.0,0.125,1.868101616278238,12,17,4,13,0.029375277582390842,1,0,0,0,0,0,0,0,0,-1,0,0,0,0,0
1qzr,B,387,TYR,-1.3,193.6,0.0,1,1,H,0.009009009009009009,-68.4,-42.8,14.0,11.0,0.56,2.994853924624747,32,17,20,-3,0.040099585271200194,1,0,0,0,0,0,0,0,0,-1,0,0,0,0,0
1qzr,B,388,ILE,4.5,166.7,0.0,0,0,H,0.023668639053254437,-67.2,-31.9,16.0,16.0,0.5,3.797084057271719,30,27,15,12,0.04709369898129325,1,0,0,0,0,0,0,0,0,71,2,1,0,0,1
1qzr,B,389,ASN,-3.5,114.1,0.0,2,2,H,0.40764331210191085,-61.5,-38.9,3.0,16.0,0.15789473684210525,1.9589025257108135,18,26,10,16,0.0363693912924839,1,0,0,0,0,0,0,0,0,71,2,1,0,0,1
1qzr,B,390,LYS,-3.9,168.6,1.0,2,0,H,0.375609756097561,-65.0,-40.8,14.0,13.0,0.5185185185185185,1.9820306168385677,18,9,16,-7,0.03916703677652112,1,0,0,0,0,0,0,0,0,-1,0,0,0,0,0
1qzr,B,391,ILE,4.5,166.7,0.0,0,0,H,0.0,-56.3,-38.2,24.0,13.0,0.6486486486486487,4.847038689088784,37,21,9,12,0.04616115048661418,1,0,0,0,0,0,0,0,0,-1,0,0,0,0,0
1qzr,B,392,MET,1.9,162.9,0.0,0,0,T,0.18085106382978725,-70.7,-0.6,13.0,18.0,0.41935483870967744,2.323914961730875,27,24,8,16,0.03916703677652112,0,0,0,0,0,1,0,0,0,-1,0,0,0,0,0
1qzr,B,393,LYS,-3.9,168.6,1.0,2,0,T,0.6097560975609756,-95.1,-16.3,11.0,13.0,0.4583333333333333,1.9259421542437545,18,9,10,-1,0.030774100324409453,0,0,0,0,0,1,0,0,0,-1,0,0,0,0,0
1qzr,B,394,THR,-0.7,116.1,0.0,1,1,S,0.07042253521126761,-81.2,174.8,16.0,9.0,0.64,2.0972705553840045,26,25,8,17,0.03776821403450251,0,0,0,0,0,0,1,0,0,68,0,10,0,0,1
1qzr,B,395,ASP,-3.5,111.1,-1.0,1,3,H,0.6012269938650306,-53.8,-22.8,10.0,14.0,0.4166666666666667,1.822002703664733,22,18,9,9,0.032172923066428064,1,0,0,0,0,0,0,0,0,68,0,10,0,0,1
1qzr,B,396,LEU,3.8,166.7,0.0,0,0,H,0.0,-55.8,-48.5,26.0,9.0,0.7428571428571429,5.306860043504651,36,23,12,11,0.048026247475972325,1,0,0,0,0,0,0,0,0,68,0,10,0,0,1
1qzr,B,397,ALA,1.8,88.6,0.0,0,0,H,0.05660377358490566,-65.3,-46.3,10.0,19.0,0.3448275862068966,2.440661851806235,27,19,17,2,0.040099585271200194,1,0,0,0,0,0,0,0,0,-1,0,0,0,0,0
1qzr,B,398,THR,-0.7,116.1,0.0,1,1,H,0.6690140845070423,-53.0,-46.1,5.0,14.0,0.2631578947368421,1.8262170657509762,18,16,21,-5,0.03357174580844668,1,0,0,0,0,0,0,0,0,-1,0,0,0,0,0
1qzr,B,399,ARG,-4.5,173.4,1.0,5,0,H,0.17338709677419356,-64.2,-45.2,12.0,16.0,0.42857142857142855,2.0404703757263385,25,5,25,-20,0.034970568550465285,1,0,0,0,0,0,0,0,0,68,0,10,0,0,1
1qzr,B,400,MET,1.9,162.9,0.0,0,0,H,0.005319148936170213,-65.7,-40.1,24.0,7.0,0.7741935483870968,3.916895947814546,29,20,21,-1,0.04662742473395372,1,0,0,0,0,0,0,0,0,6,666,8,0,70,1
1qzr,B,401,PHE,2.8,189.9,0.0,0,0,H,0.4263959390862944,-68.0,-28.0,9.0,16.0,0.36,1.9993332840940186,20,11,19,-8,0.0363693912924839,1,0,0,0,0,0,0,0,0,6,666,8,0,70,1
1qzr,B,402,GLU,-3.5,138.4,-1.0,1,3,H,0.35051546391752575,-72.4,-28.2,12.0,9.0,0.5714285714285714,1.736514498854098,20,10,20,-10,0.032172923066428064,1,0,0,0,0,0,0,0,0,6,666,8,0,70,1
1qzr,B,403,ILE,4.5,166.7,0.0,0,0,H,0.3668639053254438,-73.1,-48.1,14.0,12.0,0.5384615384615384,2.008133555306326,19,14,22,-8,0.03403802005578621,1,0,0,0,0,0,0,0,0,6,666,8,0,70,1
1qzr,B,404,ALA,1.8,88.6,0.0,0,0,H,0.4528301886792453,-58.2,-67.8,13.0,7.0,0.65,1.8808060371661472,17,11,17,-6,0.027043906345693154,1,0,0,0,0,0,0,0,0,6,666,8,0,70,1
1qzr,B,405,ASP,-3.5,111.1,-1.0,1,3,-,1.0,-88.5,360.0,8.0,7.0,0.5333333333333333,1.7158312477504918,14,3,9,-6,0.01678587290422334,0,0,0,0,0,0,0,0,0,6,666,8,0,70,1
1i52,A,5,HIS,-3.2,153.2,0.1,2,1,-,0.5597826086956522,360.0,-33.1,2.0,13.0,0.13333333333333333,1.7537023022383262,16,10,18,-8,0.022381163872297785,0,0,0,0,0,0,0,0,0,-1,0,0,0,0,0
1i52,A,6,LEU,3.8,166.7,0.0,0,0,-,0.5060975609756098,-82.7,-0.9,6.0,14.0,0.3,2.09278890551959,17,33,15,18,0.030774100324409453,0,0,0,0,0,0,0,0,0,-1,0,0,0,0,0
1i52,A,7,ASP,-3.5,111.1,-1.0,1,3,-,0.5460122699386503,-71.8,130.0,10.0,14.0,0.4166666666666667,1.8010543034217694,23,40,9,31,0.03963331102386066,0,0,0,0,0,0,0,0,0,1,823,5,0,50,1
1i52,A,8,VAL,4.2,140.0,0.0,0,0,E,0.014084507042253521,-122.0,141.6,17.0,18.0,0.4857142857142857,2.9640356941456583,33,51,12,39,0.048958795970651406,0,0,1,0,0,0,0,0,0,-1,0,0,0,0,0
1i52,A,9,CYS,2.5,108.5,0.0,1,0,E,0.022222222222222223,-112.2,135.8,17.0,26.0,0.3953488372093023,2.7371060047109133,39,37,15,22,0.048492521723311866,0,0,1,0,0,0,0,0,0,-1,0,0,0,0,0
1i52,A,10,ALA,1.8,88.6,0.0,0,0,E,0.0,-102.9,147.7,25.0,26.0,0.49019607843137253,5.60273683419039,43,30,3,27,0.048958795970651406,0,0,1,0,0,0,0,0,0,-1,0,0,0,0,0
1i52,A,11,VAL,4.2,140.0,0.0,0,0,E,0.0,-125.1,127.5,29.0,25.0,0.5370370370370371,7.154971474436009,46,27,13,14,0.05035761871267001,0,0,1,0,0,0,0,0,0,-1,0,0,0,0,0
1i52,A,12,VAL,4.2,140.0,0.0,0,0,E,0.0,-118.6,102.9,23.0,29.0,0.4423076923076923,5.310678909938125,45,23,12,11,0.05035761871267001,0,0,1,0,0,0,0,0,0,-1,0,0,0,0,0
1i52,A,13,PRO,-1.6,112.7,0.0,0,0,E,0.09558823529411764,-71.8,121.1,20.0,24.0,0.45454545454545453,2.308402850153624,42,25,21,4,0.048958795970651406,0,0,1,0,0,0,0,0,0,-1,0,0,0,0,0
1i52,A,14,ALA,1.8,88.6,0.0,0,0,E,0.03773584905660377,-142.2,38.8,25.0,21.0,0.5434782608695652,2.100336570648705,38,21,18,3,0.04289723075523742,0,0,1,0,0,0,0,0,0,-1,0,0,0,0,0
1i52,A,15,ALA,1.8,88.6,0.0,0,0,-,0.11320754716981132,-104.6,4.6,24.0,17.0,0.5853658536585366,1.7675709152427417,33,11,31,-20,0.04196468226055834,0,0,0,0,0,0,0,0,0,8,12,9,0,1,1
1i52,A,16,GLY,-0.4,60.1,0.0,0,0,-,0.5357142857142857,-80.4,171.8,18.0,19.0,0.4864864864864865,1.7095262467338448,28,25,15,10,0.030307826077069916,0,0,0,0,0,0,0,0,0,8,12,9,0,1,1
1i52,A,17,PHE,2.8,189.9,0.0,0,0,-,0.7208121827411168,-110.1,-6.5,8.0,22.0,0.26666666666666666,1.8817144619408295,21,24,15,9,0.028909003335051305,0,0,0,0,0,0,0,0,0,8,12,9,0,1,1
1i52,A,18,GLY,-0.4,60.1,0.0,0,0,-,0.16666666666666666,51.2,55.4,19.0,5.0,0.7916666666666666,1.9701907732452457,21,37,6,31,0.040099585271200194,0,0,0,0,0,0,0,0,0,8,12,9,0,1,1
1i52,A,19,ARG,-4.5,173.4,1.0,5,0,G,0.8951612903225806,-62.8,-31.5,1.0,16.0,0.058823529411764705,1.8360758759190328,10,21,0,21,0.027510180593032695,0,0,0,1,0,0,0,0,0,3,67,8,0,6,1
1i52,A,20,ARG,-4.5,173.4,1.0,5,0,G,0.5604838709677419,-71.9,1.5,7.0,11.0,0.3888888888888889,1.8068741848922842,15,36,7,29,0.03170664881908853,0,0,0,1,0,0,0,0,0,3,67,8,0,6,1
1i52,A,21,MET,1.9,162.9,0.0,0,0,G,0.026595744680851064,-95.8,-13.0,17.0,6.0,0.7391304347826086,2.5674307790879607,24,40,22,18,0.03683566553982344,0,0,0,1,0,0,0,0,0,3,67,8,0,6,1
1i52,A,22,GLN,-3.5,143.8,0.0,2,2,-,0.46464646464646464,78.8,-18.2,4.0,12.0,0.25,1.7676660214271744,15,25,10,15,0.022381163872297785,0,0,0,0,0,0,0,0,0,-1,0,0,0,0,0
1i52,A,23,THR,-0.7,116.1,0.0,1,1,-,0.39436619718309857,-85.0,142.9,13.0,4.0,0.7647058823529411,2.011305811842374,19,26,9,17,0.02611135785101408,0,0,0,0,0,0,0,0,0,2,160,5,0,9,1
1i52,A,24,GLU,-3.5,138.4,-1.0,1,3,S,0.9948453608247423,-74.3,-21.7,0.0,14.0,0.0,1.7276846605425222,11,11,0,11,0.021914889624958248,0,0,0,0,0,0,1,0,0,2,160,5,0,9,1
1i52,A,25,CYS,2.5,108.5,0.0,1,0,S,0.24444444444444444,-81.2,129.4,9.0,12.0,0.42857142857142855,2.0618963058249684,18,21,10,11,0.030774100324409453,0,0,0,0,0,0,1,0,0,2,160,5,0,9,1
1i52,A,26,PRO,-1.6,112.7,0.0,0,0,-,0.13970588235294118,-57.8,134.7,16.0,16.0,0.5,2.644434866892806,26,26,16,10,0.04196468226055834,0,0,0,0,0,0,0,0,0,2,160,5,0,9,1
1i52,A,27,LYS,-3.9,168.6,1.0,2,0,G,0.13658536585365855,-51.4,-35.8,20.0,16.0,0.5555555555555556,3.0773931813571433,35,29,13,16,0.045694876239274644,0,0,0,1,0,0,0,0,0,-1,0,0,0,0,0
1i52,A,28,GLN,-3.5,143.8,0.0,2,2,G,0.03535353535353535,-63.7,-13.3,22.0,21.0,0.5116279069767442,2.6025697351146615,41,24,16,8,0.045228601991935104,0,0,0,1,0,0,0,0,0,8,12,9,0,1,1
1i52,A,29,TYR,-1.3,193.6,0.0,1,1,G,0.07207207207207207,-104.6,5.3,16.0,20.0,0.4444444444444444,2.4500553496764232,31,19,18,1,0.043363505002576956,0,0,0,1,0,0,0,0,0,-1,0,0,0,0,0
1i52,A,30,LEU,3.8,166.7,0.0,0,0,S,0.15853658536585366,-77.4,155.5,22.0,12.0,0.6470588235294118,2.3314390607100433,32,18,8,10,0.03730193978716297,0,0,0,0,0,0,1,0,0,-1,0,0,0,0,0
1i52,A,31,SER,-0.8,89.0,0.0,1,1,E,0.5,-111.9,155.6,4.0,20.0,0.16666666666666666,1.7767898975004115,23,13,15,-2,0.03357174580844668,0,0,1,0,0,0,0,0,0,12,15,3,0,0,1
1i52,A,32,ILE,4.5,166.7,0.0,0,0,E,0.0650887573964497,-133.3,112.6,22.0,7.0,0.7586206896551724,2.104004455589524,27,12,18,-6,0.03683566553982344,0,0,1,0,0,0,0,0,0,12,15,3,0,0,1
1i52,A,33,GLY,-0.4,60.1,0.0,0,0,T,0.7380952380952381,86.2,-105.7,10.0,8.0,0.5555555555555556,1.7758911109259377,14,7,10,-3,0.021914889624958248,0,0,0,0,0,1,0,0,0,12,15,3,0,0,1
1i52,A,34,ASN,-3.5,114.1,0.0,2,2,T,1.0,-150.0,22.2,0.0,13.0,0.0,1.7221490923748117,10,7,6,1,0.02144861537761871,0,0,0,0,0,1,0,0,0,12,15,3,0,0,1
1i52,A,35,GLN,-3.5,143.8,0.0,2,2,E,0.3181818181818182,-121.1,143.9,11.0,10.0,0.5238095238095238,1.969155151181332,21,19,9,10,0.03403802005578621,0,0,1,0,0,0,0,0,0,12,15,3,0,0,1
1i52,A,36,THR,-0.7,116.1,0.0,1,1,E,0.07042253521126761,-77.4,159.9,17.0,15.0,0.53125,3.074125448081623,29,26,9,17,0.04662742473395372,0,0,1,0,0,0,0,0,0,12,15,3,0,0,1
1i52,A,37,ILE,4.5,166.7,0.0,0,0,H,0.005917159763313609,-55.2,-43.5,20.0,19.0,0.5128205128205128,5.292956571998523,40,32,18,14,0.056419183928083996,1,0,0,0,0,0,0,0,0,-1,0,0,0,0,0
1i52,A,38,LEU,3.8,166.7,0.0,0,0,H,0.0,-58.0,-42.8,20.0,23.0,0.46511627906976744,5.588880154899988,39,39,16,23,0.05548663543340492,1,0,0,0,0,0,0,0,0,-1,0,0,0,0,0
1i52,A,39,GLU,-3.5,138.4,-1.0,1,3,H,0.08762886597938144,-65.2,-44.1,15.0,24.0,0.38461538461538464,2.938104328316807,29,22,0,22,0.04289723075523742,1,0,0,0,0,0,0,0,0,-1,0,0,0,0,0
1i52,A,40,HIS,-3.2,153.2,0.1,2,1,H,0.1956521739130435,-56.2,-46.3,21.0,12.0,0.6363636363636364,2.1997638570825786,31,18,12,6,0.045694876239274644,1,0,0,0,0,0,0,0,0,-1,0,0,0,0,0
1i52,A,41,SER,-0.8,89.0,0.0,1,1,H,0.0,-60.7,-50.0,27.0,17.0,0.6136363636363636,4.110324945198614,41,38,14,24,0.053621538444046775,1,0,0,0,0,0,0,0,0,-1,0,0,0,0,0
1i52,A,42,VAL,4.2,140.0,0.0,0,0,H,0.0,-64.0,-42.8,22.0,24.0,0.4782608695652174,4.922069854995138,41,41,13,28,0.045228601991935104,1,0,0,0,0,0,0,0,0,-1,0,0,0,0,0
1i52,A,43,HIS,-3.2,153.2,0.1,2,1,H,0.391304347826087,-66.8,-27.6,10.0,22.0,0.3125,1.8950879735810147,26,18,9,9,0.03590311704514436,1,0,0,0,0,0,0,0,0,17,2,7,0,0,1
1i52,A,44,ALA,1.8,88.6,0.0,0,0,H,0.11320754716981132,-68.1,-36.4,21.0,11.0,0.65625,2.3299032574303995,34,43,8,35,0.04196468226055834,1,0,0,0,0,0,0,0,0,17,2,7,0,0,1
1i52,A,45,LEU,3.8,166.7,0.0,0,0,H,0.0,-67.8,-44.8,29.0,18.0,0.6170212765957447,5.555389919106264,41,52,6,46,0.04616115048661418,1,0,0,0,0,0,0,0,0,17,2,7,0,0,1
1i52,A,46,LEU,3.8,166.7,0.0,0,0,H,0.17073170731707318,-67.2,-14.1,14.0,19.0,0.42424242424242425,2.1370168189781142,31,46,3,43,0.043363505002576956,1,0,0,0,0,0,0,0,0,18,2,4,0,0,1
1i52,A,47,ALA,1.8,88.6,0.0,0,0,T,0.5377358490566038,-70.5,-27.4,12.0,11.0,0.5217391304347826,1.809900172048102,23,33,1,32,0.02984155182973038,0,0,0,0,0,1,0,0,0,17,2,7,0,0,1
1i52,A,48,HIS,-3.2,153.2,0.1,2,1,S,0.16847826086956522,-82.6,127.4,24.0,5.0,0.8275862068965517,2.06015180226876,29,27,8,19,0.035436842797804825,0,0,0,0,0,0,1,0,0,17,2,7,0,0,1
1i52,A,49,PRO,-1.6,112.7,0.0,0,0,T,0.7352941176470589,-52.1,-29.0,1.0,18.0,0.05263157894736842,1.9117180218493794,18,32,6,26,0.025178809356335007,0,0,0,0,0,1,0,0,0,17,2,7,0,0,1
1i52,A,50,ARG,-4.5,173.4,1.0,5,0,T,0.11693548387096774,-73.7,-18.9,15.0,12.0,0.5555555555555556,2.5715109627402084,28,30,13,17,0.035436842797804825,0,0,0,0,0,1,0,0,0,7,24,5,0,1,1
1i52,A,51,VAL,4.2,140.0,0.0,0,0,E,0.02112676056338028,-79.8,102.9,20.0,13.0,0.6060606060606061,2.944079523098838,30,42,8,34,0.048492521723311866,0,0,1,0,0,0,0,0,0,18,2,4,0,0,1
1i52,A,52,LYS,-3.9,168.6,1.0,2,0,E,0.4585365853658537,-92.4,-17.1,12.0,19.0,0.3870967741935484,2.0527626337129123,24,32,9,23,0.03590311704514436,0,0,1,0,0,0,0,0,0,18,2,4,0,0,1
1i52,A,53,ARG,-4.5,173.4,1.0,5,0,E,0.31048387096774194,-152.8,151.3,16.0,21.0,0.43243243243243246,2.288003886894616,31,17,11,6,0.04196468226055834,0,0,1,0,0,0,0,0,0,-1,0,0,0,0,0
1i52,A,54,VAL,4.2,140.0,0.0,0,0,E,0.0,-136.4,127.2,23.0,23.0,0.5,4.935532447086283,37,36,0,36,0.05035761871267001,0,0,1,0,0,0,0,0,0,-1,0,0,0,0,0
1i52,A,55,VAL,4.2,140.0,0.0,0,0,E,0.0,-107.6,120.8,22.0,24.0,0.4782608695652174,5.528163867229025,41,20,4,16,0.050823892960009553,0,0,1,0,0,0,0,0,0,-1,0,0,0,0,0
1i52,A,56,ILE,4.5,166.7,0.0,0,0,E,0.0,-108.4,123.9,21.0,26.0,0.44680851063829785,4.856839901264296,41,9,9,0,0.05175644145468863,0,0,1,0,0,0,0,0,0,-1,0,0,0,0,0
1i52,A,57,ALA,1.8,88.6,0.0,0,0,E,0.0,-96.7,126.6,25.0,18.0,0.5813953488372093,4.6622927617898045,41,7,21,-14,0.05129016720734909,0,0,1,0,0,0,0,0,0,-1,0,0,0,0,0
1i52,A,58,ILE,4.5,166.7,0.0,0,0,E,0.08875739644970414,-123.4,164.1,16.0,22.0,0.42105263157894735,2.8636657463029445,31,5,16,-11,0.048492521723311866,0,0,1,0,0,0,0,0,0,9,46,2,0,1,1
1i52,A,59,SER,-0.8,89.0,0.0,1,1,-,0.18461538461538463,-71.8,149.6,12.0,16.0,0.42857142857142855,1.8453756469346454,24,4,21,-17,0.03730193978716297,0,0,0,0,0,0,0,0,0,9,46,2,0,1,1
1i52,A,60,PRO,-1.6,112.7,0.0,0,0,T,0.5735294117647058,-65.7,148.8,2.0,18.0,0.1,1.9603741558185759,17,0,19,-19,0.024246260861655933,0,0,0,0,0,1,0,0,0,9,46,2,0,1,1
1i52,A,61,GLY,-0.4,60.1,0.0,0,0,T,0.9166666666666666,85.7,-25.8,5.0,11.0,0.3125,1.7094388746999678,16,9,15,-6,0.01818469564624195,0,0,0,0,0,1,0,0,0,9,46,2,0,1,1
1i52,A,62,ASP,-3.5,111.1,-1.0,1,3,-,0.20245398773006135,-46.7,105.9,21.0,3.0,0.875,1.7228696608297471,24,11,7,4,0.03170664881908853,0,0,0,0,0,0,0,0,0,9,46,2,0,1,1
1i52,A,63,SER,-0.8,89.0,0.0,1,1,-,0.6538461538461539,-95.3,-1.0,1.0,15.0,0.0625,1.7395876275418507,12,11,8,3,0.025178809356335007,0,0,0,0,0,0,0,0,0,9,46,2,0,1,1
1i52,A,64,ARG,-4.5,173.4,1.0,5,0,S,0.3709677419354839,-83.6,-44.1,12.0,11.0,0.5217391304347826,1.8778499604564987,20,4,12,-8,0.03124037457174899,0,0,0,0,0,0,1,0,0,9,46,2,0,1,1
1i52,A,65,PHE,2.8,189.9,0.0,0,0,G,0.04568527918781726,-47.5,-47.9,18.0,14.0,0.5625,2.65780010604239,30,9,16,-7,0.03870076252918159,0,0,0,1,0,0,0,0,0,-1,0,0,0,0,0
1i52,A,66,ALA,1.8,88.6,0.0,0,0,G,0.5754716981132075,-55.1,-23.8,4.0,16.0,0.2,1.8552644969916439,16,8,8,0,0.032172923066428064,0,0,0,1,0,0,0,0,0,-1,0,0,0,0,0
1i52,A,67,GLN,-3.5,143.8,0.0,2,2,G,0.803030303030303,-88.4,2.9,5.0,8.0,0.38461538461538464,1.8648511993003254,13,8,7,1,0.023779986614316396,0,0,0,1,0,0,0,0,0,-1,0,0,0,0,0
1i52,A,68,LEU,3.8,166.7,0.0,0,0,S,0.1524390243902439,-99.2,159.3,18.0,4.0,0.8181818181818182,2.2359821112409164,25,13,13,0,0.03310547156110714,0,0,0,0,0,0,1,0,0,-1,0,0,0,0,0
1i52,A,69,PRO,-1.6,112.7,0.0,0,0,G,0.6764705882352942,-62.7,-28.1,6.0,12.0,0.3333333333333333,1.8339413283310944,20,17,9,8,0.027510180593032695,0,0,0,1,0,0,0,0,0,10,24,3,0,1,1
1i52,A,70,LEU,3.8,166.7,0.0,0,0,G,0.006097560975609756,-58.3,-25.4,20.0,7.0,0.7407407407407407,2.498649598037446,28,21,9,12,0.04243095650789788,0,0,0,1,0,0,0,0,0,10,24,3,0,1,1
1i52,A,71,ALA,1.8,88.6,0.0,0,0,G,0.330188679245283,-63.1,-24.7,8.0,15.0,0.34782608695652173,1.9994848505031495,21,12,3,9,0.03730193978716297,0,0,0,1,0,0,0,0,0,10,24,3,0,1,1
1i52,A,72,ASN,-3.5,114.1,0.0,2,2,G,0.9617834394904459,-116.6,13.1,3.0,10.0,0.23076923076923078,1.808559563340799,13,10,0,10,0.023779986614316396,0,0,0,1,0,0,0,0,0,10,24,3,0,1,1
1i52,A,73,HIS,-3.2,153.2,0.1,2,1,-,0.27717391304347827,-74.6,131.7,18.0,2.0,0.9,1.8614412687557493,19,16,0,16,0.02844272908771177,0,0,0,0,0,0,0,0,0,18,2,4,0,0,1
1i52,A,74,PRO,-1.6,112.7,0.0,0,0,T,0.9338235294117647,-62.8,-19.3,0.0,14.0,0.0,1.8777666189018978,12,20,0,20,0.02098234113027917,0,0,0,0,0,1,0,0,0,18,2,4,0,0,1
1i52,A,75,GLN,-3.5,143.8,0.0,2,2,T,0.3787878787878788,-101.4,3.9,15.0,13.0,0.5357142857142857,1.942432943932128,24,35,0,35,0.032172923066428064,0,0,0,0,0,1,0,0,0,18,2,4,0,0,1
1i52,A,76,ILE,4.5,166.7,0.0,0,0,E,0.10059171597633136,-115.8,132.7,17.0,15.0,0.53125,2.366615610138952,27,28,0,28,0.04616115048661418,0,0,1,0,0,0,0,0,0,18,2,4,0,0,1
1i52,A,77,THR,-0.7,116.1,0.0,1,1,E,0.30985915492957744,-124.4,137.1,15.0,16.0,0.4838709677419355,2.1147941423704397,29,22,1,21,0.03683566553982344,0,0,1,0,0,0,0,0,0,-1,0,0,0,0,0
1i52,A,78,VAL,4.2,140.0,0.0,0,0,E,0.4507042253521127,-112.4,146.6,13.0,23.0,0.3611111111111111,1.9478931355050169,27,5,12,-7,0.032639197313767604,0,0,1,0,0,0,0,0,0,-1,0,0,0,0,0
1i52,A,79,VAL,4.2,140.0,0.0,0,0,E,0.21830985915492956,-141.1,164.0,19.0,14.0,0.5757575757575758,2.0792900661145324,32,9,12,-3,0.032639197313767604,0,0,1,0,0,0,0,0,0,-1,0,0,0,0,0
1i52,A,80,ASP,-3.5,111.1,-1.0,1,3,E,0.5950920245398773,-83.4,134.7,6.0,26.0,0.1875,1.758397775192156,23,0,11,-11,0.032172923066428064,0,0,1,0,0,0,0,0,0,-1,0,0,0,0,0
1i52,A,81,GLY,-0.4,60.1,0.0,0,0,-,0.17857142857142858,-85.0,-167.2,20.0,12.0,0.625,2.1221434978861518,29,5,33,-28,0.04429605349725603,0,0,0,0,0,0,0,0,0,-1,0,0,0,0,0
1i52,A,82,GLY,-0.4,60.1,0.0,0,0,-,0.39285714285714285,-128.1,-165.2,9.0,14.0,0.391304347826087,1.7597333010893976,23,6,33,-27,0.032639197313767604,0,0,0,0,0,0,0,0,0,11,24,3,0,0,1
1i52,A,83,ASP,-3.5,111.1,-1.0,1,3,S,1.0,-60.8,-44.2,0.0,20.0,0.0,1.6720999708312685,16,5,19,-14,0.022381163872297785,0,0,0,0,0,0,1,0,0,11,24,3,0,0,1
1i52,A,84,GLU,-3.5,138.4,-1.0,1,3,S,0.6958762886597938,-118.6,164.3,6.0,18.0,0.25,1.822807158911857,17,10,16,-6,0.023779986614316396,0,0,0,0,0,0,1,0,0,11,24,3,0,0,1
1i52,A,85,ARG,-4.5,173.4,1.0,5,0,H,0.2903225806451613,-54.3,-44.2,11.0,21.0,0.34375,2.0050332491345957,33,7,46,-39,0.03590311704514436,1,0,0,0,0,0,0,0,0,11,24,3,0,0,1
1i52,A,86,ALA,1.8,88.6,0.0,0,0,H,0.07547169811320754,-59.4,-35.5,19.0,21.0,0.475,2.5009285136826245,33,12,39,-27,0.04196468226055834,1,0,0,0,0,0,0,0,0,-1,0,0,0,0,0
1i52,A,87,ASP,-3.5,111.1,-1.0,1,3,H,0.32515337423312884,-66.8,-40.2,9.0,24.0,0.2727272727272727,1.8885010893495084,22,11,20,-9,0.03590311704514436,1,0,0,0,0,0,0,0,0,11,24,3,0,0,1
1i52,A,88,SER,-0.8,89.0,0.0,1,1,H,0.038461538461538464,-68.3,-37.8,23.0,14.0,0.6216216216216216,2.8325290139194856,32,14,34,-20,0.04662742473395372,1,0,0,0,0,0,0,0,0,-1,0,0,0,0,0
1i52,A,89,VAL,4.2,140.0,0.0,0,0,H,0.0,-65.1,-42.1,23.0,26.0,0.46938775510204084,4.604352844998585,43,31,30,1,0.04755997322863279,1,0,0,0,0,0,0,0,0,-1,0,0,0,0,0
1i52,A,90,LEU,3.8,166.7,0.0,0,0,H,0.13414634146341464,-59.6,-41.8,15.0,24.0,0.38461538461538464,2.495666319529652,34,27,21,6,0.04243095650789788,1,0,0,0,0,0,0,0,0,-1,0,0,0,0,0
1i52,A,91,ALA,1.8,88.6,0.0,0,0,H,0.2641509433962264,-62.6,-40.7,20.0,14.0,0.5882352941176471,1.8484134586307064,31,17,16,1,0.040099585271200194,1,0,0,0,0,0,0,0,0,-1,0,0,0,0,0
1i52,A,92,GLY,-0.4,60.1,0.0,0,0,H,0.0,-66.4,-42.4,27.0,12.0,0.6923076923076923,3.6937830093287998,37,27,9,18,0.048958795970651406,1,0,0,0,0,0,0,0,0,-1,0,0,0,0,0
1i52,A,93,LEU,3.8,166.7,0.0,0,0,H,0.042682926829268296,-60.0,-31.3,22.0,24.0,0.4782608695652174,2.775587617193481,38,32,18,14,0.04476232774459557,1,0,0,0,0,0,0,0,0,-1,0,0,0,0,0
1i52,A,94,LYS,-3.9,168.6,1.0,2,0,H,0.697560975609756,-64.3,-27.0,11.0,19.0,0.36666666666666664,1.9419931608946375,21,17,4,13,0.03124037457174899,1,0,0,0,0,0,0,0,0,-1,0,0,0,0,0
1i52,A,95,ALA,1.8,88.6,0.0,0,0,T,0.22641509433962265,-104.6,11.9,18.0,12.0,0.6,1.8304623034536935,28,27,6,21,0.02984155182973038,0,0,0,0,0,1,0,0,0,-1,0,0,0,0,0
1i52,A,96,ALA,1.8,88.6,0.0,0,0,S,0.018867924528301886,-73.0,1.9,25.0,13.0,0.6578947368421053,2.0516245030595543,30,35,14,21,0.043363505002576956,0,0,0,0,0,0,1,0,0,1,823,5,0,50,1
1i52,A,97,GLY,-0.4,60.1,0.0,0,0,T,0.5119047619047619,67.5,-145.2,14.0,10.0,0.5833333333333334,1.709558456864933,21,29,17,12,0.024246260861655933,0,0,0,0,0,1,0,0,0,1,823,5,0,50,1
1i52,A,98,ASP,-3.5,111.1,-1.0,1,3,T,0.8773006134969326,-100.1,13.6,1.0,18.0,0.05263157894736842,1.706047144949044,16,24,13,11,0.02098234113027917,0,0,0,0,0,1,0,0,0,1,823,5,0,50,1
1i52,A,99,ALA,1.8,88.6,0.0,0,0,-,0.08490566037735849,-49.9,132.4,22.0,6.0,0.7857142857142857,2.038493737590506,28,36,24,12,0.03683566553982344,0,0,0,0,0,0,0,0,0,1,823,5,0,50,1
1i52,A,100,GLN,-3.5,143.8,0.0,2,2,S,0.5606060606060606,-78.5,-29.2,7.0,21.0,0.25,1.801688688022595,20,24,25,-1,0.04103213376587927,0,0,0,0,0,0,1,0,0,1,823,5,0,50,1
1i52,A,101,TRP,-0.9,227.8,0.0,1,0,E,0.07929515418502203,-125.2,142.9,22.0,18.0,0.55,3.080485407408729,32,34,20,14,0.04755997322863279,0,0,1,0,0,0,0,0,0,1,823,5,0,50,1
1i52,A,102,VAL,4.2,140.0,0.0,0,0,E,0.0,-126.3,143.2,23.0,26.0,0.46938775510204084,6.298215496496001,43,22,16,6,0.0526889899493677,0,0,1,0,0,0,0,0,0,-1,0,0,0,0,0
1i52,A,103,LEU,3.8,166.7,0.0,0,0,E,0.0,-111.9,117.6,25.0,25.0,0.5,8.061088290267024,45,32,8,24,0.04942507021799094,0,0,1,0,0,0,0,0,0,-1,0,0,0,0,0
1i52,A,104,VAL,4.2,140.0,0.0,0,0,E,0.0,-106.0,126.2,24.0,28.0,0.46153846153846156,6.347064793489531,40,19,23,-4,0.053621538444046775,0,0,1,0,0,0,0,0,0,-1,0,0,0,0,0
1i52,A,105,HIS,-3.2,153.2,0.1,2,1,-,0.0,-135.5,131.7,26.0,22.0,0.5416666666666666,5.689222245534856,42,25,12,13,0.05222271570202816,0,0,0,0,0,0,0,0,0,-1,0,0,0,0,0
1i52,A,106,ASP,-3.5,111.1,-1.0,1,3,-,0.10429447852760736,-64.4,133.3,19.0,26.0,0.4222222222222222,2.1970156301541297,37,44,7,37,0.04429605349725603,0,0,0,0,0,0,0,0,0,-1,0,0,0,0,0
1i52,A,107,ALA,1.8,88.6,0.0,0,0,T,0.04716981132075472,-60.6,-27.3,24.0,23.0,0.5106382978723404,2.36298807074217,40,51,13,38,0.048492521723311866,0,0,0,0,0,1,0,0,0,-1,0,0,0,0,0
1i52,A,108,ALA,1.8,88.6,0.0,0,0,T,0.08490566037735849,-84.3,11.8,17.0,24.0,0.4146341463414634,2.865210277980482,36,51,15,36,0.048026247475972325,0,0,0,0,0,1,0,0,0,-1,0,0,0,0,0
1i52,A,109,ARG,-4.5,173.4,1.0,5,0,-,0.08870967741935484,-117.6,80.1,16.0,25.0,0.3902439024390244,3.6805159710893487,34,29,14,15,0.05222271570202816,0,0,0,0,0,0,0,0,0,-1,0,0,0,0,0
1i52,A,110,PRO,-1.6,112.7,0.0,0,0,T,0.029411764705882353,-81.0,-4.7,25.0,21.0,0.5434782608695652,3.738353138896698,38,46,23,23,0.05035761871267001,0,0,0,0,0,1,0,0,0,-1,0,0,0,0,0
1i52,A,111,CYS,2.5,108.5,0.0,1,0,T,0.022222222222222223,-96.0,11.6,18.0,24.0,0.42857142857142855,2.1057511791525676,37,51,18,33,0.04709369898129325,0,0,0,0,0,1,0,0,0,-1,0,0,0,0,0
1i52,A,112,LEU,3.8,166.7,0.0,0,0,-,0.06707317073170732,-55.8,130.6,28.0,13.0,0.6829268292682927,3.2907889619882047,36,53,28,25,0.04942507021799094,0,0,0,0,0,0,0,0,0,-1,0,0,0,0,0
1i52,A,113,HIS,-3.2,153.2,0.1,2,1,-,0.3532608695652174,-96.3,148.7,12.0,19.0,0.3870967741935484,2.1048043167201134,25,17,24,-7,0.0363693912924839,0,0,0,0,0,0,0,0,0,-1,0,0,0,0,0
1i52,A,114,GLN,-3.5,143.8,0.0,2,2,H,0.37373737373737376,-63.6,-33.4,6.0,17.0,0.2608695652173913,1.8288177756411177,24,33,16,17,0.03357174580844668,1,0,0,0,0,0,0,0,0,17,2,7,0,0,1
1i52,A,115,ASP,-3.5,111.1,-1.0,1,3,H,0.5030674846625767,-65.7,-41.7,3.0,18.0,0.14285714285714285,1.7691835344186593,18,35,11,24,0.02797645484037223,1,0,0,0,0,0,0,0,0,-1,0,0,0,0,0
1i52,A,116,ASP,-3.5,111.1,-1.0,1,3,H,0.024539877300613498,-63.7,-44.9,21.0,10.0,0.6774193548387096,3.2951607416610234,29,34,19,15,0.043363505002576956,1,0,0,0,0,0,0,0,0,-1,0,0,0,0,0
1i52,A,117,LEU,3.8,166.7,0.0,0,0,H,0.0,-59.2,-45.3,18.0,21.0,0.46153846153846156,3.8067726960030415,36,44,17,27,0.04709369898129325,1,0,0,0,0,0,0,0,0,17,2,7,0,0,1
1i52,A,118,ALA,1.8,88.6,0.0,0,0,H,0.4056603773584906,-64.9,-36.8,6.0,22.0,0.21428571428571427,1.9743685510077236,25,35,17,18,0.034970568550465285,1,0,0,0,0,0,0,0,0,7,24,5,0,1,1
1i52,A,119,ARG,-4.5,173.4,1.0,5,0,H,0.45161290322580644,-70.0,-34.3,13.0,15.0,0.4642857142857143,1.8653652950470632,20,9,24,-15,0.03590311704514436,1,0,0,0,0,0,0,0,0,-1,0,0,0,0,0
1i52,A,120,LEU,3.8,166.7,0.0,0,0,H,0.0,-65.4,-45.0,29.0,13.0,0.6904761904761905,4.453930990656653,41,23,17,6,0.048492521723311866,1,0,0,0,0,0,0,0,0,-1,0,0,0,0,0
1i52,A,121,LEU,3.8,166.7,0.0,0,0,H,0.006097560975609756,-62.7,-26.7,16.0,22.0,0.42105263157894735,2.772829204999796,33,31,20,11,0.043829779249916496,1,0,0,0,0,0,0,0,0,7,24,5,0,1,1
1i52,A,122,ALA,1.8,88.6,0.0,0,0,G,0.5283018867924528,-61.0,-17.8,7.0,20.0,0.25925925925925924,1.855791222043237,24,25,12,13,0.034970568550465285,0,0,0,1,0,0,0,0,0,-1,0,0,0,0,0
1i52,A,123,LEU,3.8,166.7,0.0,0,0,G,0.08536585365853659,-58.7,-26.6,22.0,7.0,0.7586206896551724,2.7286724350991123,30,18,10,8,0.043829779249916496,0,0,0,1,0,0,0,0,0,-1,0,0,0,0,0
1i52,A,124,SER,-0.8,89.0,0.0,1,1,G,0.08461538461538462,-67.2,-15.5,16.0,14.0,0.5333333333333333,2.5214572900610803,24,28,12,16,0.04289723075523742,0,0,0,1,0,0,0,0,0,-1,0,0,0,0,0
1i52,A,125,GLU,-3.5,138.4,-1.0,1,3,G,0.6185567010309279,-96.8,-6.5,5.0,11.0,0.3125,1.8033228178988925,16,22,0,22,0.027043906345693154,0,0,0,1,0,0,0,0,0,-1,0,0,0,0,0
1i52,A,126,THR,-0.7,116.1,0.0,1,1,T,0.795774647887324,-136.9,4.7,8.0,7.0,0.5333333333333333,1.7948261158709022,17,14,9,5,0.021914889624958248,0,0,0,0,0,1,0,0,0,-1,0,0,0,0,0
1i52,A,127,SER,-0.8,89.0,0.0,1,1,-,0.19230769230769232,-142.2,151.9,19.0,3.0,0.8636363636363636,1.7395737426193179,21,15,9,6,0.032639197313767604,0,0,0,0,0,0,0,0,0,4,90,5,0,5,1
1i52,A,128,ARG,-4.5,173.4,1.0,5,0,S,0.9112903225806451,-112.7,1.8,1.0,22.0,0.043478260869565216,1.826948391686509,14,2,4,-2,0.026577632098353617,0,0,0,0,0,0,1,0,0,4,90,5,0,5,1
1i52,A,129,THR,-0.7,116.1,0.0,1,1,S,0.23943661971830985,-110.8,-37.1,14.0,18.0,0.4375,2.5093566465451107,26,19,3,16,0.04103213376587927,0,0,0,0,0,0,1,0,0,4,90,5,0,5,1
1i52,A,130,GLY,-0.4,60.1,0.0,0,0,-,0.0,101.7,-164.3,20.0,18.0,0.5263157894736842,3.350461870242253,33,14,4,10,0.050823892960009553,0,0,0,0,0,0,0,0,0,-1,0,0,0,0,0
1i52,A,131,GLY,-0.4,60.1,0.0,0,0,E,0.0,-179.4,-168.3,17.0,26.0,0.3953488372093023,3.8969797791189906,41,10,12,-2,0.05222271570202816,0,0,1,0,0,0,0,0,0,-1,0,0,0,0,0
1i52,A,132,ILE,4.5,166.7,0.0,0,0,E,0.05917159763313609,-142.4,158.9,17.0,24.0,0.4146341463414634,2.9896990907231515,36,8,24,-16,0.0526889899493677,0,0,1,0,0,0,0,0,0,-1,0,0,0,0,0
1i52,A,133,LEU,3.8,166.7,0.0,0,0,E,0.0,-80.4,142.6,21.0,22.0,0.4883720930232558,5.611655501449674,38,39,18,21,0.05408781269138631,0,0,1,0,0,0,0,0,0,-1,0,0,0,0,0
1i52,A,134,ALA,1.8,88.6,0.0,0,0,E,0.0,-152.6,151.7,16.0,18.0,0.47058823529411764,3.775379842626711,29,24,18,6,0.04989134446533048,0,0,1,0,0,0,0,0,0,-1,0,0,0,0,0
1i52,A,135,ALA,1.8,88.6,0.0,0,0,E,0.0660377358490566,-119.0,136.2,12.0,13.0,0.48,2.6619663314376423,26,31,15,16,0.04476232774459557,0,0,1,0,0,0,0,0,0,13,14,1,0,0,1
1i52,A,136,PRO,-1.6,112.7,0.0,0,0,E,0.19117647058823528,-63.6,145.7,4.0,17.0,0.19047619047619047,2.075535424324777,21,35,12,23,0.03730193978716297,0,0,1,0,0,0,0,0,0,13,14,1,0,0,1
1i52,A,137,VAL,4.2,140.0,0.0,0,0,-,0.04225352112676056,-71.6,133.9,11.0,9.0,0.55,2.088260719095298,18,32,14,18,0.04103213376587927,0,0,0,0,0,0,0,0,0,13,14,1,0,0,1
1i52,A,138,ARG,-4.5,173.4,1.0,5,0,-,0.6854838709677419,-105.2,-43.3,2.0,12.0,0.14285714285714285,1.8068641758745345,15,19,12,7,0.027510180593032695,0,0,0,0,0,0,0,0,0,13,14,1,0,0,1
1i52,A,139,ASP,-3.5,111.1,-1.0,1,3,S,0.7668711656441718,-74.1,156.9,3.0,12.0,0.2,1.8723788228264813,11,32,0,32,0.022381163872297785,0,0,0,0,0,0,1,0,0,-1,0,0,0,0,0
1i52,A,140,THR,-0.7,116.1,0.0,1,1,-,0.6619718309859155,-71.1,134.9,2.0,12.0,0.14285714285714285,1.8374209126339787,14,29,14,15,0.028909003335051305,0,0,0,0,0,0,0,0,0,-1,0,0,0,0,0
1i52,A,141,MET,1.9,162.9,0.0,0,0,E,0.30319148936170215,-109.6,141.7,9.0,8.0,0.5294117647058824,2.0891557167788393,17,48,15,33,0.032172923066428064,0,0,1,0,0,0,0,0,0,-1,0,0,0,0,0
1i52,A,142,LYS,-3.9,168.6,1.0,2,0,E,0.5560975609756098,-118.7,140.3,6.0,9.0,0.4,2.0069062637223247,16,23,10,13,0.035436842797804825,0,0,1,0,0,0,0,0,0,-1,0,0,0,0,0
1i52,A,143,ARG,-4.5,173.4,1.0,5,0,E,0.6048387096774194,-102.6,131.6,8.0,9.0,0.47058823529411764,2.0300476747104588,15,19,8,11,0.03403802005578621,0,0,1,0,0,0,0,0,0,-1,0,0,0,0,0
1i52,A,144,ALA,1.8,88.6,0.0,0,0,E,0.4811320754716981,-87.8,156.7,5.0,9.0,0.35714285714285715,1.8159610319978234,14,38,9,29,0.03683566553982344,0,0,1,0,0,0,0,0,0,14,16,1,0,0,1
1i52,A,145,GLU,-3.5,138.4,-1.0,1,3,P,0.4536082474226804,-74.6,143.3,5.0,7.0,0.4166666666666667,1.8427818682847428,11,30,0,30,0.030307826077069916,0,0,0,0,0,0,0,0,0,14,16,1,0,0,1
1i52,A,146,PRO,-1.6,112.7,0.0,0,0,T,0.9558823529411765,-43.3,118.4,0.0,10.0,0.0,1.8856141474912622,10,21,9,12,0.01678587290422334,0,0,0,0,0,1,0,0,0,14,16,1,0,0,1
1i52,A,147,GLY,-0.4,60.1,0.0,0,0,T,1.0,72.1,-2.5,0.0,9.0,0.0,1.709632941106378,8,10,9,1,0.01678587290422334,0,0,0,0,0,1,0,0,0,15,11,2,0,0,1
1i52,A,148,LYS,-3.9,168.6,1.0,2,0,S,0.5658536585365853,-125.5,153.6,4.0,5.0,0.4444444444444444,1.8707070678241127,9,2,9,-7,0.02144861537761871,0,0,0,0,0,0,1,0,0,15,11,2,0,0,1
1i52,A,149,ASN,-3.5,114.1,0.0,2,2,S,1.0,-91.2,48.5,0.0,11.0,0.0,1.7221104220849248,10,13,8,5,0.021914889624958248,0,0,0,0,0,0,1,0,0,15,11,2,0,0,1
1i52,A,150,ALA,1.8,88.6,0.0,0,0,S,0.2830188679245283,-121.2,143.0,5.0,7.0,0.4166666666666667,1.9470682727480029,11,27,9,18,0.024246260861655933,0,0,0,0,0,0,1,0,0,15,11,2,0,0,1
1i52,A,151,ILE,4.5,166.7,0.0,0,0,E,0.6094674556213018,-70.8,125.9,5.0,9.0,0.35714285714285715,1.9128558308398529,14,34,9,25,0.030307826077069916,0,0,1,0,0,0,0,0,0,15,11,2,0,0,1
1i52,A,152,ALA,1.8,88.6,0.0,0,0,E,0.41509433962264153,-83.6,-52.3,8.0,6.0,0.5714285714285714,2.0257816713932106,13,35,9,26,0.02844272908771177,0,0,1,0,0,0,0,0,0,-1,0,0,0,0,0
1i52,A,153,HIS,-3.2,153.2,0.1,2,1,E,0.5597826086956522,-168.4,171.2,2.0,12.0,0.14285714285714285,2.0318771539922347,13,20,13,7,0.028909003335051305,0,0,1,0,0,0,0,0,0,-1,0,0,0,0,0
1i52,A,154,THR,-0.7,116.1,0.0,1,1,E,0.5140845070422535,-87.8,137.1,5.0,10.0,0.3333333333333333,1.875979693811751,14,34,10,24,0.032172923066428064,0,0,1,0,0,0,0,0,0,-1,0,0,0,0,0
1i52,A,155,VAL,4.2,140.0,0.0,0,0,E,0.2746478873239437,-95.1,124.3,10.0,6.0,0.625,2.044080636947055,16,38,11,27,0.03357174580844668,0,0,1,0,0,0,0,0,0,-1,0,0,0,0,0
1i52,A,156,ASP,-3.5,111.1,-1.0,1,3,P,0.7177914110429447,-55.0,119.5,2.0,13.0,0.13333333333333333,1.7461276846691876,13,18,2,16,0.027043906345693154,0,0,0,0,0,0,0,0,0,5,73,4,0,2,1
1i52,A,157,ARG,-4.5,173.4,1.0,5,0,-,0.45161290322580644,-86.7,-5.0,10.0,7.0,0.5882352941176471,1.90301777269298,16,14,16,-2,0.03730193978716297,0,0,0,0,0,0,0,0,0,13,14,1,0,0,1
1i52,A,158,ASN,-3.5,114.1,0.0,2,2,T,0.8471337579617835,-69.8,119.6,1.0,12.0,0.07692307692307693,1.8039942019810384,10,12,9,3,0.023779986614316396,0,0,0,0,0,1,0,0,0,5,73,4,0,2,1
1i52,A,159,GLY,-0.4,60.1,0.0,0,0,T,0.7619047619047619,83.1,14.9,2.0,12.0,0.14285714285714285,1.709533825695317,14,13,8,5,0.024246260861655933,0,0,0,0,0,1,0,0,0,5,73,4,0,2,1
1i52,A,160,LEU,3.8,166.7,0.0,0,0,-,0.3902439024390244,-106.7,135.3,9.0,9.0,0.5,1.88356413881613,17,27,12,15,0.03310547156110714,0,0,0,0,0,0,0,0,0,5,73,4,0,2,1
1i52,A,161,TRP,-0.9,227.8,0.0,1,0,E,0.3744493392070485,-134.3,147.0,12.0,11.0,0.5217391304347826,2.049660713633185,21,24,10,14,0.034970568550465285,0,0,1,0,0,0,0,0,0,-1,0,0,0,0,0
1i52,A,162,HIS,-3.2,153.2,0.1,2,1,E,0.5271739130434783,-84.2,120.8,15.0,11.0,0.5769230769230769,1.967095399910643,24,16,7,9,0.032172923066428064,0,0,1,0,0,0,0,0,0,-1,0,0,0,0,0
1i52,A,163,ALA,1.8,88.6,0.0,0,0,E,0.46226415094339623,-75.3,131.2,12.0,20.0,0.375,1.7675760192000922,30,22,14,8,0.03310547156110714,0,0,1,0,0,0,0,0,0,-1,0,0,0,0,0
1i52,A,164,LEU,3.8,166.7,0.0,0,0,E,0.07926829268292683,-121.7,-170.8,23.0,15.0,0.6052631578947368,2.3400407272316888,34,42,25,17,0.040565859518539735,0,0,1,0,0,0,0,0,0,-1,0,0,0,0,0
1i52,A,165,THR,-0.7,116.1,0.0,1,1,E,0.035211267605633804,-132.9,163.0,21.0,25.0,0.45652173913043476,3.5603343035814463,41,37,26,11,0.04942507021799094,0,0,1,0,0,0,0,0,0,-1,0,0,0,0,0
1i52,A,166,PRO,-1.6,112.7,0.0,0,0,E,0.0,-62.6,163.4,23.0,26.0,0.46938775510204084,6.4240457416212635,41,27,24,3,0.05175644145468863,0,0,1,0,0,0,0,0,0,-1,0,0,0,0,0
1i52,A,167,GLN,-3.5,143.8,0.0,2,2,E,0.005050505050505051,-128.0,130.2,18.0,28.0,0.391304347826087,4.827541259279649,44,20,24,-4,0.0526889899493677,0,0,1,0,0,0,0,0,0,-1,0,0,0,0,0
1i52,A,168,PHE,2.8,189.9,0.0,0,0,E,0.0,-120.5,119.8,22.0,24.0,0.4782608695652174,6.898430307406608,43,19,7,12,0.053155264196707235,0,0,1,0,0,0,0,0,0,-1,0,0,0,0,0
1i52,A,169,PHE,2.8,189.9,0.0,0,0,E,0.0,-145.5,160.8,23.0,24.0,0.48936170212765956,5.690741147910648,43,15,16,-1,0.05129016720734909,0,0,1,0,0,0,0,0,0,-1,0,0,0,0,0
1i52,A,170,PRO,-1.6,112.7,0.0,0,0,E,0.16911764705882354,-61.5,135.7,11.0,27.0,0.2894736842105263,2.6342311642211427,31,24,15,9,0.045694876239274644,0,0,1,0,0,0,0,0,0,4,90,5,0,5,1
1i52,A,171,ARG,-4.5,173.4,1.0,5,0,H,0.18548387096774194,-54.2,-56.8,16.0,21.0,0.43243243243243246,2.267389407324099,27,15,23,-8,0.045694876239274644,1,0,0,0,0,0,0,0,0,1,823,5,0,50,1
1i52,A,172,GLU,-3.5,138.4,-1.0,1,3,H,0.6082474226804123,-69.5,-32.4,4.0,22.0,0.15384615384615385,1.7924162382097135,18,22,13,9,0.034970568550465285,1,0,0,0,0,0,0,0,0,-1,0,0,0,0,0
1i52,A,173,LEU,3.8,166.7,0.0,0,0,H,0.25,-64.3,-43.2,17.0,13.0,0.5666666666666667,2.2270975438437945,26,27,20,7,0.0363693912924839,1,0,0,0,0,0,0,0,0,-1,0,0,0,0,0
1i52,A,174,LEU,3.8,166.7,0.0,0,0,H,0.0,-63.2,-47.2,24.0,18.0,0.5714285714285714,5.6018965137256105,40,22,26,-4,0.048492521723311866,1,0,0,0,0,0,0,0,0,-1,0,0,0,0,0
1i52,A,175,HIS,-3.2,153.2,0.1,2,1,H,0.2717391304347826,-55.6,-48.3,13.0,21.0,0.38235294117647056,2.3886561892964226,24,24,17,7,0.043363505002576956,1,0,0,0,0,0,0,0,0,-1,0,0,0,0,0
1i52,A,176,ASP,-3.5,111.1,-1.0,1,3,H,0.5828220858895705,-63.3,-42.2,6.0,16.0,0.2727272727272727,1.8100628956976927,19,29,9,20,0.03357174580844668,1,0,0,0,0,0,0,0,0,-1,0,0,0,0,0
1i52,A,177,CYS,2.5,108.5,0.0,1,0,H,0.037037037037037035,-67.9,-39.7,19.0,14.0,0.5757575757575758,2.462326075401946,31,23,31,-8,0.048026247475972325,1,0,0,0,0,0,0,0,0,-1,0,0,0,0,0
1i52,A,178,LEU,3.8,166.7,0.0,0,0,H,0.0,-68.1,-37.5,18.0,18.0,0.5,4.1706224921836474,38,23,34,-11,0.04755997322863279,1,0,0,0,0,0,0,0,0,-1,0,0,0,0,0
1i52,A,179,THR,-0.7,116.1,0.0,1,1,H,0.4014084507042254,-66.0,-43.9,8.0,20.0,0.2857142857142857,2.043962673023484,24,25,20,5,0.0363693912924839,1,0,0,0,0,0,0,0,0,-1,0,0,0,0,0
1i52,A,180,ARG,-4.5,173.4,1.0,5,0,H,0.5685483870967742,-68.0,-47.2,11.0,13.0,0.4583333333333333,1.9763239299089106,22,2,19,-17,0.03823448828184205,1,0,0,0,0,0,0,0,0,19,1,4,0,0,1
1i52,A,181,ALA,1.8,88.6,0.0,0,0,H,0.0,-55.7,-47.8,22.0,6.0,0.7857142857142857,3.1237000088088047,25,13,20,-7,0.04709369898129325,1,0,0,0,0,0,0,0,0,19,1,4,0,0,1
1i52,A,182,LEU,3.8,166.7,0.0,0,0,H,0.3475609756097561,-64.4,-43.4,12.0,14.0,0.46153846153846156,2.058380588124792,25,11,27,-16,0.035436842797804825,1,0,0,0,0,0,0,0,0,-1,0,0,0,0,0
1i52,A,183,ASN,-3.5,114.1,0.0,2,2,H,0.8980891719745223,-64.8,-34.9,5.0,11.0,0.3125,1.7588074970476133,13,10,11,-1,0.025645083603674543,1,0,0,0,0,0,0,0,0,-1,0,0,0,0,0
1i52,A,184,GLU,-3.5,138.4,-1.0,1,3,T,0.4742268041237113,-88.3,11.4,11.0,3.0,0.7857142857142857,1.7988805240867392,15,11,1,10,0.025178809356335007,0,0,0,0,0,1,0,0,0,19,1,4,0,0,1
1i52,A,185,GLY,-0.4,60.1,0.0,0,0,T,0.7619047619047619,58.4,35.7,0.0,13.0,0.0,1.709608231292071,13,6,11,-5,0.024246260861655933,0,0,0,0,0,1,0,0,0,6,22,7,0,1,1
1i52,A,186,ALA,1.8,88.6,0.0,0,0,-,0.20754716981132076,-78.0,158.4,18.0,2.0,0.9,1.8552304506384953,20,7,14,-7,0.02797645484037223,0,0,0,0,0,0,0,0,0,19,1,4,0,0,1
1i52,A,187,THR,-0.7,116.1,0.0,1,1,-,0.9436619718309859,-83.9,107.1,0.0,20.0,0.0,1.8310261508365893,14,0,14,-14,0.02144861537761871,0,0,0,0,0,0,0,0,0,6,22,7,0,1,1
1i52,A,188,ILE,4.5,166.7,0.0,0,0,-,0.21301775147928995,-102.5,129.7,21.0,5.0,0.8076923076923077,1.9465500386526113,26,12,39,-27,0.03124037457174899,0,0,0,0,0,0,0,0,0,6,22,7,0,1,1
1i52,A,189,THR,-0.7,116.1,0.0,1,1,-,0.7323943661971831,-109.2,-79.5,6.0,16.0,0.2727272727272727,1.85370732621071,21,12,28,-16,0.025178809356335007,0,0,0,0,0,0,0,0,0,6,22,7,0,1,1
1i52,A,190,ASP,-3.5,111.1,-1.0,1,3,S,0.15337423312883436,-106.3,-177.2,16.0,20.0,0.4444444444444444,2.0871948767022976,31,14,20,-6,0.035436842797804825,0,0,0,0,0,0,1,0,0,-1,0,0,0,0,0
1i52,A,191,GLU,-3.5,138.4,-1.0,1,3,H,0.005154639175257732,-64.3,-36.4,29.0,22.0,0.5686274509803921,3.9669657183391576,38,16,21,-5,0.04755997322863279,1,0,0,0,0,0,0,0,0,-1,0,0,0,0,0
1i52,A,192,ALA,1.8,88.6,0.0,0,0,H,0.009433962264150943,-61.1,-35.7,15.0,25.0,0.375,2.929285742143855,36,9,26,-17,0.04289723075523742,1,0,0,0,0,0,0,0,0,-1,0,0,0,0,0
1i52,A,193,SER,-0.8,89.0,0.0,1,1,H,0.1076923076923077,-62.5,-27.0,9.0,18.0,0.3333333333333333,2.008636528965476,27,3,26,-23,0.03730193978716297,1,0,0,0,0,0,0,0,0,-1,0,0,0,0,0
1i52,A,194,ALA,1.8,88.6,0.0,0,0,H,0.0,-71.6,-42.4,20.0,16.0,0.5555555555555556,3.002086738791535,30,14,31,-17,0.05129016720734909,1,0,0,0,0,0,0,0,0,-1,0,0,0,0,0
1i52,A,195,LEU,3.8,166.7,0.0,0,0,H,0.0,-63.6,-38.6,20.0,18.0,0.5263157894736842,4.7490128655361,33,20,31,-11,0.050823892960009553,1,0,0,0,0,0,0,0,0,-1,0,0,0,0,0
1i52,A,196,GLU,-3.5,138.4,-1.0,1,3,H,0.5412371134020618,-61.8,-43.3,10.0,16.0,0.38461538461538464,1.88892708784582,23,10,13,-3,0.03683566553982344,1,0,0,0,0,0,0,0,0,16,13,1,0,0,1
1i52,A,197,TYR,-1.3,193.6,0.0,1,1,H,0.44144144144144143,-58.7,-33.9,20.0,7.0,0.7407407407407407,1.8785410835248921,22,11,21,-10,0.03310547156110714,1,0,0,0,0,0,0,0,0,19,1,4,0,0,1
1i52,A,198,CYS,2.5,108.5,0.0,1,0,T,0.2222222222222222,-88.0,10.9,18.0,7.0,0.72,1.921023092158635,23,19,19,0,0.035436842797804825,0,0,0,0,0,1,0,0,0,19,1,4,0,0,1
1i52,A,199,GLY,-0.4,60.1,0.0,0,0,T,0.6190476190476191,93.3,4.8,2.0,13.0,0.13333333333333333,1.7095652029357158,14,15,9,6,0.02471253510899547,0,0,0,0,0,1,0,0,0,16,13,1,0,0,1
1i52,A,200,PHE,2.8,189.9,0.0,0,0,-,0.3553299492385787,-92.5,162.7,17.0,4.0,0.8095238095238095,1.9947431797845647,23,17,11,6,0.032639197313767604,0,0,0,0,0,0,0,0,0,16,13,1,0,0,1
1i52,A,201,HIS,-3.2,153.2,0.1,2,1,-,0.8532608695652174,-132.6,84.9,0.0,20.0,0.0,1.7798331248558417,17,0,9,-9,0.030307826077069916,0,0,0,0,0,0,0,0,0,16,13,1,0,0,1
1i52,A,202,PRO,-1.6,112.7,0.0,0,0,-,0.16911764705882354,-59.7,153.2,24.0,10.0,0.7058823529411765,2.044476854163959,30,14,16,-2,0.04103213376587927,0,0,0,0,0,0,0,0,0,16,13,1,0,0,1
1i52,A,203,GLN,-3.5,143.8,0.0,2,2,E,0.5404040404040404,-79.8,150.1,16.0,13.0,0.5517241379310345,1.8484521991553662,25,12,2,10,0.032172923066428064,0,0,1,0,0,0,0,0,0,-1,0,0,0,0,0
1i52,A,204,LEU,3.8,166.7,0.0,0,0,E,0.5060975609756098,-104.3,119.5,9.0,21.0,0.3,1.9273286470442494,28,9,10,-1,0.035436842797804825,0,0,1,0,0,0,0,0,0,-1,0,0,0,0,0
1i52,A,205,VAL,4.2,140.0,0.0,0,0,E,0.11971830985915492,-111.1,116.1,20.0,11.0,0.6451612903225806,2.433518567074992,32,14,19,-5,0.04103213376587927,0,0,1,0,0,0,0,0,0,-1,0,0,0,0,0
1i52,A,206,GLU,-3.5,138.4,-1.0,1,3,E,0.4587628865979381,-63.7,130.5,4.0,25.0,0.13793103448275862,1.7989614478708813,21,24,12,12,0.03683566553982344,0,0,1,0,0,0,0,0,0,13,14,1,0,0,1
1i52,A,207,GLY,-0.4,60.1,0.0,0,0,-,0.08333333333333333,-128.7,170.2,26.0,6.0,0.8125,1.847501839492193,30,40,33,7,0.04196468226055834,0,0,0,0,0,0,0,0,0,-1,0,0,0,0,0
1i52,A,208,ARG,-4.5,173.4,1.0,5,0,-,0.3951612903225806,-64.9,139.0,11.0,15.0,0.4230769230769231,2.085551754591918,23,16,31,-15,0.03683566553982344,0,0,0,0,0,0,0,0,0,-1,0,0,0,0,0
1i52,A,209,ALA,1.8,88.6,0.0,0,0,T,0.7452830188679245,-74.0,-12.3,6.0,19.0,0.24,1.767593811811778,24,39,19,20,0.030774100324409453,0,0,0,0,0,1,0,0,0,-1,0,0,0,0,0
1i52,A,210,ASP,-3.5,111.1,-1.0,1,3,T,0.15337423312883436,-84.9,7.1,9.0,18.0,0.3333333333333333,2.1780805340835663,21,31,5,26,0.034970568550465285,0,0,0,0,0,1,0,0,0,0,1273,8,0,134,1
1i52,A,211,ASN,-3.5,114.1,0.0,2,2,-,0.012738853503184714,-83.0,73.6,22.0,16.0,0.5789473684210527,3.2484262481937454,32,50,23,27,0.04662742473395372,0,0,0,0,0,0,0,0,0,-1,0,0,0,0,0
1i52,A,212,ILE,4.5,166.7,0.0,0,0,-,0.16568047337278108,-91.4,161.0,14.0,24.0,0.3684210526315789,2.3626712636490845,33,30,23,7,0.043829779249916496,0,0,0,0,0,0,0,0,0,-1,0,0,0,0,0
1i52,A,213,LYS,-3.9,168.6,1.0,2,0,-,0.3853658536585366,-105.5,124.2,11.0,26.0,0.2972972972972973,2.0350883759634883,27,41,18,23,0.040099585271200194,0,0,0,0,0,0,0,0,0,-1,0,0,0,0,0
1i52,A,214,VAL,4.2,140.0,0.0,0,0,-,0.007042253521126761,-75.5,115.8,26.0,10.0,0.7222222222222222,3.9278637042996922,33,50,24,26,0.045228601991935104,0,0,0,0,0,0,0,0,0,-1,0,0,0,0,0
1i52,A,215,THR,-0.7,116.1,0.0,1,1,-,0.035211267605633804,-129.6,-37.7,3.0,26.0,0.10344827586206896,2.4404584372899008,23,52,18,34,0.040565859518539735,0,0,0,0,0,0,0,0,0,-1,0,0,0,0,0
1i52,A,216,ARG,-4.5,173.4,1.0,5,0,S,0.45564516129032256,-116.2,161.5,2.0,18.0,0.1,2.3861200922684325,15,29,17,12,0.03776821403450251,0,0,0,0,0,0,1,0,0,-1,0,0,0,0,0
1i52,A,217,PRO,-1.6,112.7,0.0,0,0,H,0.4852941176470588,-46.6,-46.1,2.0,17.0,0.10526315789473684,2.0083602541231236,17,25,17,8,0.032172923066428064,1,0,0,0,0,0,0,0,0,-1,0,0,0,0,0
1i52,A,218,GLU,-3.5,138.4,-1.0,1,3,H,0.6597938144329897,-63.6,-24.3,0.0,17.0,0.0,1.7327705635603532,13,16,8,8,0.025645083603674543,1,0,0,0,0,0,0,0,0,-1,0,0,0,0,0
1i52,A,219,ASP,-3.5,111.1,-1.0,1,3,H,0.15337423312883436,-63.3,-27.8,16.0,10.0,0.6153846153846154,2.427394956566299,24,27,14,13,0.03823448828184205,1,0,0,0,0,0,0,0,0,-1,0,0,0,0,0
1i52,A,220,LEU,3.8,166.7,0.0,0,0,H,0.2926829268292683,-61.1,-49.2,14.0,17.0,0.45161290322580644,2.1278854589630813,31,16,25,-9,0.03823448828184205,1,0,0,0,0,0,0,0,0,-1,0,0,0,0,0
1i52,A,221,ALA,1.8,88.6,0.0,0,0,H,0.5754716981132075,-68.0,-32.8,2.0,20.0,0.09090909090909091,1.767669430488814,22,6,25,-19,0.02797645484037223,1,0,0,0,0,0,0,0,0,-1,0,0,0,0,0
1i52,A,222,LEU,3.8,166.7,0.0,0,0,H,0.3902439024390244,-68.7,-42.7,11.0,12.0,0.4782608695652174,2.294217402548802,23,9,33,-24,0.035436842797804825,1,0,0,0,0,0,0,0,0,0,1273,8,0,134,1
1i52,A,223,ALA,1.8,88.6,0.0,0,0,H,0.0,-61.2,-41.6,23.0,10.0,0.696969696969697,4.382812452507984,29,20,30,-10,0.04942507021799094,1,0,0,0,0,0,0,0,0,0,1273,8,0,134,1
1i52,A,224,GLU,-3.5,138.4,-1.0,1,3,H,0.5463917525773195,-60.8,-38.4,11.0,17.0,0.39285714285714285,1.9881760097096708,23,15,6,9,0.04103213376587927,1,0,0,0,0,0,0,0,0,0,1273,8,0,134,1
1i52,A,225,PHE,2.8,189.9,0.0,0,0,H,0.5228426395939086,-65.0,-47.6,7.0,11.0,0.3888888888888889,1.8763076024145362,15,11,19,-8,0.03590311704514436,1,0,0,0,0,0,0,0,0,0,1273,8,0,134,1
1i52,A,226,TYR,-1.3,193.6,0.0,1,1,H,0.36936936936936937,-62.0,-41.5,16.0,7.0,0.6956521739130435,2.157988582231456,23,21,18,3,0.03870076252918159,1,0,0,0,0,0,0,0,0,0,1273,8,0,134,1
1i52,A,227,LEU,3.8,166.7,0.0,0,0,H,0.3902439024390244,-57.7,-40.1,15.0,9.0,0.625,1.9894903427169923,26,28,17,11,0.032172923066428064,1,0,0,0,0,0,0,0,0,0,1273,8,0,134,1
1i52,A,228,THR,-0.7,116.1,0.0,1,1,-,0.5070422535211268,158.7,160.6,1.0,12.0,0.07692307692307693,1.8201436592527274,15,16,10,6,0.022847438119637322,0,0,0,0,0,0,0,0,0,0,1273,8,0,134,1
1i52,A,229,ARG,-4.5,173.4,1.0,5,0,-,0.9838709677419355,-169.1,360.0,7.0,3.0,0.7,1.8068462904409321,8,0,9,-9,0.020516066882939634,0,0,0,0,0,0,0,0,0,-1,0,0,0,0,0
1swg,A,52,SER,-0.8,89.0,0.0,1,1,-,0.5076923076923077,360.0,-94.3,2.0,16.0,0.1111111111111111,1.8198351461602646,17,26,9,17,0.02611135785101408,0,0,0,0,0,0,0,0,0,-1,0,0,0,0,0
1swg,A,53,ARG,-4.5,173.4,1.0,5,0,E,0.5241935483870968,-99.7,146.7,7.0,16.0,0.30434782608695654,1.831879587330313,17,2,9,-7,0.03357174580844668,0,0,1,0,0,0,0,0,0,23,24,1,0,0,1
1swg,A,54,TYR,-1.3,193.6,0.0,1,1,E,0.04504504504504504,-133.1,148.5,23.0,12.0,0.6571428571428571,2.3742797510488973,27,33,9,24,0.04662742473395372,0,0,1,0,0,0,0,0,0,-1,0,0,0,0,0
1swg,A,55,VAL,4.2,140.0,0.0,0,0,E,0.4788732394366197,-71.5,139.2,12.0,22.0,0.35294117647058826,2.3745729995002662,29,26,9,17,0.0363693912924839,0,0,1,0,0,0,0,0,0,1,1781,9,0,183,1
1swg,A,56,LEU,3.8,166.7,0.0,0,0,E,0.006097560975609756,-123.3,154.4,24.0,19.0,0.5581395348837209,3.516677279482003,27,16,2,14,0.05035761871267001,0,0,1,0,0,0,0,0,0,1,1781,9,0,183,1
1swg,A,57,THR,-0.7,116.1,0.0,1,1,E,0.1619718309859155,-148.3,149.5,14.0,30.0,0.3181818181818182,2.7124911547254733,26,21,1,20,0.04662742473395372,0,0,1,0,0,0,0,0,0,1,1781,9,0,183,1
1swg,A,58,GLY,-0.4,60.1,0.0,0,0,E,0.0,-163.1,-163.9,27.0,20.0,0.574468085106383,2.5292775891544594,29,17,6,11,0.05502036118606539,0,0,1,0,0,0,0,0,0,1,1781,9,0,183,1
1swg,A,59,ARG,-4.5,173.4,1.0,5,0,E,0.10887096774193548,-144.7,154.8,20.0,28.0,0.4166666666666667,3.234777225813375,33,7,15,-8,0.04989134446533048,0,0,1,0,0,0,0,0,0,20,11,5,0,0,1
1swg,A,60,TYR,-1.3,193.6,0.0,1,1,E,0.13963963963963963,-147.3,159.4,23.0,29.0,0.4423076923076923,2.7462878214202573,36,20,16,4,0.048958795970651406,0,0,1,0,0,0,0,0,0,-1,0,0,0,0,0
1swg,A,61,ASP,-3.5,111.1,-1.0,1,3,-,0.012269938650306749,-76.5,107.4,23.0,20.0,0.5348837209302325,3.0746210579527986,38,31,4,27,0.050823892960009553,0,0,0,0,0,0,0,0,0,2,1359,8,0,132,1
1swg,A,62,SER,-0.8,89.0,0.0,1,1,S,0.3230769230769231,-82.4,-1.3,11.0,22.0,0.3333333333333333,1.768967805794606,26,25,15,10,0.03403802005578621,0,0,0,0,0,0,1,0,0,-1,0,0,0,0,0
1swg,A,63,ALA,1.8,88.6,0.0,0,0,S,0.4339622641509434,-140.7,66.2,9.0,19.0,0.32142857142857145,1.883527337589522,23,22,10,12,0.027510180593032695,0,0,0,0,0,0,1,0,0,-1,0,0,0,0,0
1swg,A,64,PRO,-1.6,112.7,0.0,0,0,-,0.3382352941176471,-67.8,163.4,21.0,10.0,0.6774193548387096,2.0514647510121318,21,16,15,1,0.0363693912924839,0,0,0,0,0,0,0,0,0,2,1359,8,0,132,1
1swg,A,65,ALA,1.8,88.6,0.0,0,0,-,0.27358490566037735,-61.5,159.7,13.0,8.0,0.6190476190476191,1.993623277441642,21,10,15,-5,0.030774100324409453,0,0,0,0,0,0,0,0,0,2,1359,8,0,132,1
1swg,A,66,THR,-0.7,116.1,0.0,1,1,S,1.0,-114.2,13.1,1.0,14.0,0.06666666666666667,1.776726445870734,10,5,8,-3,0.019117244140921023,0,0,0,0,0,0,1,0,0,2,1359,8,0,132,1
1swg,A,67,ASP,-3.5,111.1,-1.0,1,3,S,0.6503067484662577,-87.8,15.0,7.0,6.0,0.5384615384615384,1.7856751017880643,13,6,4,2,0.017252147151562876,0,0,0,0,0,0,1,0,0,2,1359,8,0,132,1
1swg,A,68,GLY,-0.4,60.1,0.0,0,0,S,0.5952380952380952,95.2,-4.2,5.0,13.0,0.2777777777777778,1.7096471829223105,17,0,16,-16,0.022381163872297785,0,0,0,0,0,0,1,0,0,-1,0,0,0,0,0
1swg,A,69,SER,-0.8,89.0,0.0,1,1,-,0.18461538461538463,-69.8,155.4,16.0,11.0,0.5925925925925926,1.8934140520294152,24,9,20,-11,0.03683566553982344,0,0,0,0,0,0,0,0,0,2,1359,8,0,132,1
1swg,A,70,GLY,-0.4,60.1,0.0,0,0,-,0.08333333333333333,-79.9,177.3,26.0,13.0,0.6666666666666666,2.153887938076571,33,12,24,-12,0.04289723075523742,0,0,0,0,0,0,0,0,0,2,1359,8,0,132,1
1swg,A,71,THR,-0.7,116.1,0.0,1,1,E,0.11971830985915492,-101.1,116.0,17.0,29.0,0.3695652173913043,2.744360818177488,37,14,9,5,0.04942507021799094,0,0,1,0,0,0,0,0,0,2,1359,8,0,132,1
1swg,A,72,ALA,1.8,88.6,0.0,0,0,E,0.0,-67.2,137.9,25.0,25.0,0.5,5.653895329097258,45,21,8,13,0.05175644145468863,0,0,1,0,0,0,0,0,0,2,1359,8,0,132,1
1swg,A,73,LEU,3.8,166.7,0.0,0,0,E,0.0,-156.1,167.6,23.0,30.0,0.4339622641509434,6.134106612214348,45,11,8,3,0.05455408693872585,0,0,1,0,0,0,0,0,0,-1,0,0,0,0,0
1swg,A,74,GLY,-0.4,60.1,0.0,0,0,E,0.0,-162.2,154.9,29.0,25.0,0.5370370370370371,7.197909106565032,39,9,3,6,0.05548663543340492,0,0,1,0,0,0,0,0,0,-1,0,0,0,0,0
1swg,A,75,TRP,-0.9,227.8,0.0,1,0,E,0.0,-154.2,160.5,20.0,35.0,0.36363636363636365,7.233761711706071,43,7,4,3,0.05688545817542354,0,0,1,0,0,0,0,0,0,-1,0,0,0,0,0
1swg,A,76,THR,-0.7,116.1,0.0,1,1,E,0.0,-123.2,138.4,27.0,25.0,0.5192307692307693,6.786913465663618,32,16,1,15,0.05735173242276307,0,0,1,0,0,0,0,0,0,-1,0,0,0,0,0
1swg,A,77,VAL,4.2,140.0,0.0,0,0,E,0.0,-116.6,124.7,19.0,32.0,0.37254901960784315,5.658955910277448,38,19,5,14,0.058750555164781684,0,0,1,0,0,0,0,0,0,-1,0,0,0,0,0
1swg,A,78,ALA,1.8,88.6,0.0,0,0,E,0.02830188679245283,-94.7,126.1,23.0,25.0,0.4791666666666667,4.345463864562502,40,31,10,21,0.05735173242276307,0,0,1,0,0,0,0,0,0,-1,0,0,0,0,0
1swg,A,79,TRP,-0.9,227.8,0.0,1,0,E,0.13215859030837004,-80.5,55.4,14.0,25.0,0.358974358974359,2.174446371985401,32,34,11,23,0.048958795970651406,0,0,1,0,0,0,0,0,0,-1,0,0,0,0,0
1swg,A,80,LYS,-3.9,168.6,1.0,2,0,E,0.3121951219512195,-131.7,129.4,18.0,18.0,0.5,2.3729730646632037,26,29,13,16,0.048492521723311866,0,0,1,0,0,0,0,0,0,3,1268,8,0,102,1
1swg,A,81,ASN,-3.5,114.1,0.0,2,2,-,0.18471337579617833,-135.6,-165.4,10.0,17.0,0.37037037037037035,1.9274324967160723,20,30,3,27,0.03683566553982344,0,0,0,0,0,0,0,0,0,-1,0,0,0,0,0
1swg,A,82,ASN,-3.5,114.1,0.0,2,2,S,0.9044585987261147,-64.1,-30.0,1.0,15.0,0.0625,1.7220221664644981,10,19,0,19,0.02144861537761871,0,0,0,0,0,0,1,0,0,-1,0,0,0,0,0
1swg,A,83,TYR,-1.3,193.6,0.0,1,1,S,0.8603603603603603,-103.5,-20.2,3.0,8.0,0.2727272727272727,1.779550826240455,8,20,0,20,0.022847438119637322,0,0,0,0,0,0,1,0,0,-1,0,0,0,0,0
1swg,A,84,ARG,-4.5,173.4,1.0,5,0,-,0.5766129032258065,-151.9,158.0,6.0,10.0,0.375,1.8499425675965802,15,13,0,13,0.02984155182973038,0,0,0,0,0,0,0,0,0,3,1268,8,0,102,1
1swg,A,85,ASN,-3.5,114.1,0.0,2,2,E,0.2802547770700637,-152.0,110.9,14.0,12.0,0.5384615384615384,2.0797198725337305,20,29,8,21,0.03683566553982344,0,0,1,0,0,0,0,0,0,3,1268,8,0,102,1
1swg,A,86,ALA,1.8,88.6,0.0,0,0,E,0.6132075471698113,-90.0,3.8,12.0,17.0,0.41379310344827586,1.7676396688089753,24,27,7,20,0.030774100324409453,0,0,1,0,0,0,0,0,0,3,1268,8,0,102,1
1swg,A,87,HIS,-3.2,153.2,0.1,2,1,E,0.31521739130434784,48.4,63.1,13.0,22.0,0.37142857142857144,2.164657949945538,29,12,13,-1,0.04289723075523742,0,0,1,0,0,0,0,0,0,3,1268,8,0,102,1
1swg,A,88,SER,-0.8,89.0,0.0,1,1,E,0.06153846153846154,-166.2,164.7,11.0,29.0,0.275,3.1324870187925957,40,22,8,14,0.048492521723311866,0,0,1,0,0,0,0,0,0,-1,0,0,0,0,0
1swg,A,89,ALA,1.8,88.6,0.0,0,0,E,0.0,-146.2,139.2,29.0,21.0,0.58,4.9816434369949025,36,17,7,10,0.05735173242276307,0,0,1,0,0,0,0,0,0,-1,0,0,0,0,0
1swg,A,90,THR,-0.7,116.1,0.0,1,1,E,0.035211267605633804,-109.9,140.4,18.0,36.0,0.3333333333333333,3.4150702047325594,38,8,3,5,0.05455408693872585,0,0,1,0,0,0,0,0,0,-1,0,0,0,0,0
1swg,A,91,THR,-0.7,116.1,0.0,1,1,E,0.0,-119.7,133.5,29.0,23.0,0.5576923076923077,6.203360225829919,29,6,1,5,0.05968310365946076,0,0,1,0,0,0,0,0,0,-1,0,0,0,0,0
1swg,A,92,TRP,-0.9,227.8,0.0,1,0,E,0.02643171806167401,-105.4,126.2,23.0,29.0,0.4423076923076923,3.8607586609411917,35,5,8,-3,0.056419183928083996,0,0,1,0,0,0,0,0,0,-1,0,0,0,0,0
1swg,A,93,SER,-0.8,89.0,0.0,1,1,E,0.0,-117.3,129.5,30.0,22.0,0.5769230769230769,3.104225721596396,35,7,5,2,0.05735173242276307,0,0,1,0,0,0,0,0,0,-1,0,0,0,0,0
1swg,A,94,GLY,-0.4,60.1,0.0,0,0,E,0.011904761904761904,-173.7,-155.7,19.0,33.0,0.36538461538461536,2.6878247650056877,43,7,5,2,0.053621538444046775,0,0,1,0,0,0,0,0,0,-1,0,0,0,0,0
1swg,A,95,GLN,-3.5,143.8,0.0,2,2,E,0.045454545454545456,-143.5,146.2,19.0,24.0,0.4418604651162791,2.5482486994628086,42,10,10,0,0.04755997322863279,0,0,1,0,0,0,0,0,0,-1,0,0,0,0,0
1swg,A,96,TYR,-1.3,193.6,0.0,1,1,E,0.17117117117117117,-87.1,131.6,19.0,25.0,0.4318181818181818,2.6279142284869264,33,13,7,6,0.04755997322863279,0,0,1,0,0,0,0,0,0,-1,0,0,0,0,0
1swg,A,97,VAL,4.2,140.0,0.0,0,0,E,0.30985915492957744,-120.5,104.8,16.0,16.0,0.5,2.021769278969131,28,11,14,-3,0.03916703677652112,0,0,1,0,0,0,0,0,0,-1,0,0,0,0,0
1swg,A,98,GLY,-0.4,60.1,0.0,0,0,-,0.5,-78.6,171.3,9.0,16.0,0.36,1.709605147501979,21,13,10,3,0.027510180593032695,0,0,0,0,0,0,0,0,0,15,43,2,0,0,1
1swg,A,99,GLY,-0.4,60.1,0.0,0,0,S,0.7142857142857143,146.6,-168.0,10.0,5.0,0.6666666666666666,1.709658710017749,11,16,9,7,0.016319598656883802,0,0,0,0,0,0,1,0,0,15,43,2,0,0,1
1swg,A,100,ALA,1.8,88.6,0.0,0,0,T,1.0,-52.8,-44.9,0.0,9.0,0.0,1.7676503881110732,9,13,9,4,0.012123130430827966,0,0,0,0,0,1,0,0,0,15,43,2,0,0,1
1swg,A,101,GLU,-3.5,138.4,-1.0,1,3,T,0.6288659793814433,-122.0,88.2,3.0,11.0,0.21428571428571427,1.7381355038551227,15,18,0,18,0.02331371236697686,0,0,0,0,0,1,0,0,0,15,43,2,0,0,1
1swg,A,102,ALA,1.8,88.6,0.0,0,0,-,0.14150943396226415,-59.4,146.3,12.0,11.0,0.5217391304347826,1.9628856983528677,20,20,9,11,0.040099585271200194,0,0,0,0,0,0,0,0,0,15,43,2,0,0,1
1swg,A,103,ARG,-4.5,173.4,1.0,5,0,E,0.31451612903225806,-141.7,146.6,12.0,17.0,0.41379310344827586,2.395870865757451,20,7,11,-4,0.04709369898129325,0,0,1,0,0,0,0,0,0,-1,0,0,0,0,0
1swg,A,104,ILE,4.5,166.7,0.0,0,0,E,0.0,-121.2,114.3,23.0,17.0,0.575,5.480433284368012,37,17,9,8,0.05175644145468863,0,0,1,0,0,0,0,0,0,-1,0,0,0,0,0
1swg,A,105,ASN,-3.5,114.1,0.0,2,2,E,0.3885350318471338,-101.9,123.7,18.0,22.0,0.45,1.9350280969423366,34,23,9,14,0.04196468226055834,0,0,1,0,0,0,0,0,0,-1,0,0,0,0,0
1swg,A,106,THR,-0.7,116.1,0.0,1,1,E,0.028169014084507043,-134.7,159.4,21.0,23.0,0.4772727272727273,2.519195419614206,32,21,8,13,0.05222271570202816,0,0,1,0,0,0,0,0,0,7,28,18,0,5,1
1swg,A,107,GLN,-3.5,143.8,0.0,2,2,E,0.050505050505050504,-118.6,147.0,23.0,23.0,0.5,2.463222500521358,27,20,8,12,0.0526889899493677,0,0,1,0,0,0,0,0,0,7,28,18,0,5,1
1swg,A,108,TRP,-0.9,227.8,0.0,1,0,E,0.048458149779735685,-137.2,156.7,19.0,29.0,0.3958333333333333,2.719999428004504,28,17,8,9,0.05035761871267001,0,0,1,0,0,0,0,0,0,-1,0,0,0,0,0
1swg,A,109,LEU,3.8,166.7,0.0,0,0,E,0.006097560975609756,-127.8,123.3,29.0,21.0,0.58,5.04536667262186,24,2,0,2,0.05688545817542354,0,0,1,0,0,0,0,0,0,-1,0,0,0,0,0
1swg,A,110,LEU,3.8,166.7,0.0,0,0,E,0.0975609756097561,-112.6,109.3,12.0,33.0,0.26666666666666666,2.345966186843919,29,11,0,11,0.05035761871267001,0,0,1,0,0,0,0,0,0,-1,0,0,0,0,0
1swg,A,111,THR,-0.7,116.1,0.0,1,1,E,0.007042253521126761,-104.3,125.1,27.0,22.0,0.5510204081632653,2.7747125248839923,39,10,1,9,0.04989134446533048,0,0,1,0,0,0,0,0,0,-1,0,0,0,0,0
1swg,A,112,SER,-0.8,89.0,0.0,1,1,E,0.35384615384615387,-97.0,148.0,12.0,31.0,0.27906976744186046,2.45354429527928,34,16,3,13,0.043363505002576956,0,0,1,0,0,0,0,0,0,-1,0,0,0,0,0
1swg,A,113,GLY,-0.4,60.1,0.0,0,0,-,0.17857142857142858,-69.6,131.2,23.0,23.0,0.5,2.1537475417609304,32,15,17,-2,0.04662742473395372,0,0,0,0,0,0,0,0,0,-1,0,0,0,0,0
1swg,A,114,THR,-0.7,116.1,0.0,1,1,-,0.1267605633802817,-135.7,164.8,12.0,19.0,0.3870967741935484,2.536793775606692,27,15,17,-2,0.03870076252918159,0,0,0,0,0,0,0,0,0,-1,0,0,0,0,0
1swg,A,115,THR,-0.7,116.1,0.0,1,1,-,0.28169014084507044,-74.6,163.5,5.0,19.0,0.20833333333333334,2.1928481900896313,20,8,17,-9,0.032172923066428064,0,0,0,0,0,0,0,0,0,27,0,11,0,0,1
1swg,A,116,GLU,-3.5,138.4,-1.0,1,3,G,0.634020618556701,-59.7,-35.2,5.0,18.0,0.21739130434782608,1.7354599630660648,23,8,2,6,0.026577632098353617,0,0,0,1,0,0,0,0,0,27,0,11,0,0,1
1swg,A,117,ALA,1.8,88.6,0.0,0,0,G,0.7358490566037735,-61.8,-26.8,1.0,13.0,0.07142857142857142,1.7993897570297477,15,9,9,0,0.02144861537761871,0,0,0,1,0,0,0,0,0,27,0,11,0,0,1
1swg,A,118,ASN,-3.5,114.1,0.0,2,2,G,0.4140127388535032,-108.6,8.7,10.0,7.0,0.5882352941176471,2.1190511651081128,18,9,9,0,0.032172923066428064,0,0,0,1,0,0,0,0,0,-1,0,0,0,0,0
1swg,A,119,ALA,1.8,88.6,0.0,0,0,G,0.29245283018867924,-62.0,-26.7,19.0,13.0,0.59375,1.945361852211272,28,16,10,6,0.0363693912924839,0,0,0,1,0,0,0,0,0,-1,0,0,0,0,0
1swg,A,120,TRP,-0.9,227.8,0.0,1,0,G,0.42731277533039647,-63.1,-23.1,9.0,20.0,0.3103448275862069,1.8108961230174483,26,13,7,6,0.03963331102386066,0,0,0,1,0,0,0,0,0,-1,0,0,0,0,0
1swg,A,121,LYS,-3.9,168.6,1.0,2,0,G,0.4878048780487805,-119.4,31.8,7.0,21.0,0.25,2.0339617356289565,20,0,4,-4,0.03776821403450251,0,0,0,1,0,0,0,0,0,-1,0,0,0,0,0
1swg,A,122,SER,-0.8,89.0,0.0,1,1,-,0.09230769230769231,-80.2,-19.8,25.0,12.0,0.6756756756756757,1.8446342324981566,30,14,4,10,0.04243095650789788,0,0,0,0,0,0,0,0,0,-1,0,0,0,0,0
1swg,A,123,THR,-0.7,116.1,0.0,1,1,E,0.02112676056338028,-124.5,120.4,23.0,18.0,0.5609756097560976,2.2357359550243556,26,13,0,13,0.04942507021799094,0,0,1,0,0,0,0,0,0,-1,0,0,0,0,0
1swg,A,124,LEU,3.8,166.7,0.0,0,0,E,0.18292682926829268,-91.2,147.7,15.0,23.0,0.39473684210526316,2.550980455392349,21,15,0,15,0.048026247475972325,0,0,1,0,0,0,0,0,0,-1,0,0,0,0,0
1swg,A,125,VAL,4.2,140.0,0.0,0,0,E,0.02112676056338028,-123.4,144.3,24.0,22.0,0.5217391304347826,3.5820163769239315,18,20,2,18,0.048492521723311866,0,0,1,0,0,0,0,0,0,-1,0,0,0,0,0
1swg,A,126,GLY,-0.4,60.1,0.0,0,0,E,0.03571428571428571,-163.2,-167.1,16.0,26.0,0.38095238095238093,2.7513807908563925,24,24,8,16,0.04616115048661418,0,0,1,0,0,0,0,0,0,7,28,18,0,5,1
1swg,A,127,HIS,-3.2,153.2,0.1,2,1,E,0.33152173913043476,-146.7,131.4,12.0,25.0,0.32432432432432434,1.8565535465347414,22,1,12,-11,0.04196468226055834,0,0,1,0,0,0,0,0,0,7,28,18,0,5,1
1swg,A,128,ASP,-3.5,111.1,-1.0,1,3,E,0.049079754601226995,-122.0,141.0,21.0,11.0,0.65625,1.9101673714840823,27,16,0,16,0.048958795970651406,0,0,1,0,0,0,0,0,0,7,28,18,0,5,1
1swg,A,129,THR,-0.7,116.1,0.0,1,1,E,0.352112676056338,-118.3,126.2,7.0,23.0,0.23333333333333334,1.9076374595772365,29,27,10,17,0.04289723075523742,0,0,1,0,0,0,0,0,0,11,24,8,0,2,1
1swg,A,130,PHE,2.8,189.9,0.0,0,0,E,0.0,-108.1,140.6,21.0,11.0,0.65625,4.006866692362338,34,21,8,13,0.0526889899493677,0,0,1,0,0,0,0,0,0,-1,0,0,0,0,0
1swg,A,131,THR,-0.7,116.1,0.0,1,1,E,0.1619718309859155,-115.2,141.9,6.0,23.0,0.20689655172413793,2.3986427894397866,23,20,11,9,0.043829779249916496,0,0,1,0,0,0,0,0,0,-1,0,0,0,0,0
1swg,A,132,LYS,-3.9,168.6,1.0,2,0,-,0.5170731707317073,-82.9,360.0,14.0,14.0,0.5,1.912798051171042,22,10,9,1,0.03730193978716297,0,0,0,0,0,0,0,0,0,-1,0,0,0,0,0
1swg,A,16,GLY,-0.4,60.1,0.0,0,0,-,0.7857142857142857,360.0,-49.6,13.0,12.0,0.52,2.0374771110158965,21,12,0,12,0.020049792635600097,0,0,0,0,0,0,0,0,0,-1,0,0,0,0,0
1swg,A,17,ILE,4.5,166.7,0.0,0,0,-,0.0650887573964497,-69.7,-41.6,22.0,15.0,0.5945945945945946,2.4767920881049967,33,13,3,10,0.04103213376587927,0,0,0,0,0,0,0,0,0,-1,0,0,0,0,0
1swg,A,18,THR,-0.7,116.1,0.0,1,1,-,0.44366197183098594,-57.9,130.6,6.0,19.0,0.24,1.9002545750459567,20,6,0,6,0.030774100324409453,0,0,0,0,0,0,0,0,0,-1,0,0,0,0,0
1swg,A,19,GLY,-0.4,60.1,0.0,0,0,E,0.27380952380952384,154.9,-161.0,10.0,13.0,0.43478260869565216,1.7853780550456286,22,9,0,9,0.03403802005578621,0,0,1,0,0,0,0,0,0,-1,0,0,0,0,0
1swg,A,20,THR,-0.7,116.1,0.0,1,1,E,0.5492957746478874,-115.6,128.5,4.0,22.0,0.15384615384615385,1.8506748207619717,20,13,0,13,0.03683566553982344,0,0,1,0,0,0,0,0,0,-1,0,0,0,0,0
1swg,A,21,TRP,-0.9,227.8,0.0,1,0,E,0.004405286343612335,-122.8,158.7,23.0,9.0,0.71875,3.5480588303945373,31,19,3,16,0.045694876239274644,0,0,1,0,0,0,0,0,0,-1,0,0,0,0,0
1swg,A,22,TYR,-1.3,193.6,0.0,1,1,E,0.5675675675675675,-137.6,148.9,4.0,21.0,0.16,2.004988645450832,20,13,5,8,0.04429605349725603,0,0,1,0,0,0,0,0,0,11,24,8,0,2,1
1swg,A,23,ASN,-3.5,114.1,0.0,2,2,E,0.025477707006369428,-107.7,-173.7,16.0,9.0,0.64,2.3660655458474302,26,6,12,-6,0.04429605349725603,0,0,1,0,0,0,0,0,0,11,24,8,0,2,1
1swg,A,24,GLN,-3.5,143.8,0.0,2,2,T,0.5353535353535354,-65.8,-10.7,11.0,13.0,0.4583333333333333,1.7735065816820128,22,11,9,2,0.030774100324409453,0,0,0,0,0,1,0,0,0,11,24,8,0,2,1
1swg,A,25,LEU,3.8,166.7,0.0,0,0,T,0.47560975609756095,-98.1,-8.3,15.0,8.0,0.6521739130434783,1.9778535694345263,22,3,11,-8,0.027043906345693154,0,0,0,0,0,1,0,0,0,16,7,11,0,0,1
1swg,A,26,GLY,-0.4,60.1,0.0,0,0,-,0.5119047619047619,87.3,13.4,1.0,17.0,0.05555555555555555,1.7930888873961055,17,0,13,-13,0.02984155182973038,0,0,0,0,0,0,0,0,0,16,7,11,0,0,1
1swg,A,27,SER,-0.8,89.0,0.0,1,1,-,0.015384615384615385,-66.2,154.2,15.0,8.0,0.6521739130434783,2.251839414142285,23,0,15,-15,0.040099585271200194,0,0,0,0,0,0,0,0,0,16,7,11,0,0,1
1swg,A,28,THR,-0.7,116.1,0.0,1,1,E,0.30985915492957744,-115.2,122.7,9.0,18.0,0.3333333333333333,2.479572223464617,29,12,9,3,0.04662742473395372,0,0,1,0,0,0,0,0,0,16,7,11,0,0,1
1swg,A,29,PHE,2.8,189.9,0.0,0,0,E,0.0,-116.3,114.1,21.0,17.0,0.5526315789473685,5.943975618315104,38,7,8,-1,0.0526889899493677,0,0,1,0,0,0,0,0,0,-1,0,0,0,0,0
1swg,A,30,ILE,4.5,166.7,0.0,0,0,E,0.2603550295857988,-113.2,116.7,9.0,20.0,0.3103448275862069,2.5671458343111064,26,11,8,3,0.04289723075523742,0,0,1,0,0,0,0,0,0,23,24,1,0,0,1
1swg,A,31,VAL,4.2,140.0,0.0,0,0,E,0.014084507042253521,-138.9,150.9,24.0,10.0,0.7058823529411765,2.6702980662478697,28,4,0,4,0.04616115048661418,0,0,1,0,0,0,0,0,0,-1,0,0,0,0,0
1swg,A,32,THR,-0.7,116.1,0.0,1,1,E,0.5352112676056338,-123.2,123.1,6.0,21.0,0.2222222222222222,1.9846047554317658,24,1,3,-2,0.03310547156110714,0,0,1,0,0,0,0,0,0,-1,0,0,0,0,0
1swg,A,33,ALA,1.8,88.6,0.0,0,0,E,0.20754716981132076,-96.4,115.7,14.0,14.0,0.5,2.2312039123524454,26,7,11,-4,0.03916703677652112,0,0,1,0,0,0,0,0,0,-1,0,0,0,0,0
1swg,A,34,GLY,-0.4,60.1,0.0,0,0,-,0.25,-83.4,158.4,9.0,12.0,0.42857142857142855,1.846038321106053,18,11,12,-1,0.02844272908771177,0,0,0,0,0,0,0,0,0,-1,0,0,0,0,0
1swg,A,35,ALA,1.8,88.6,0.0,0,0,T,0.9433962264150944,-69.3,-18.4,0.0,16.0,0.0,1.76764750423884,14,7,12,-5,0.020516066882939634,0,0,0,0,0,1,0,0,0,-1,0,0,0,0,0
1swg,A,36,ASP,-3.5,111.1,-1.0,1,3,T,0.6625766871165644,-80.7,-7.1,7.0,14.0,0.3333333333333333,1.6720858426863479,19,18,4,14,0.023779986614316396,0,0,0,0,0,1,0,0,0,20,11,5,0,0,1
1swg,A,37,GLY,-0.4,60.1,0.0,0,0,S,0.011904761904761904,102.7,1.0,24.0,14.0,0.631578947368421,2.621078372066725,32,20,16,4,0.04149840801321881,0,0,0,0,0,0,1,0,0,20,11,5,0,0,1
1swg,A,38,ALA,1.8,88.6,0.0,0,0,E,0.18867924528301888,-80.7,142.3,10.0,21.0,0.3225806451612903,2.3303001809880075,26,11,12,-1,0.04103213376587927,0,0,1,0,0,0,0,0,0,20,11,5,0,0,1
1swg,A,39,LEU,3.8,166.7,0.0,0,0,E,0.0,-115.4,130.2,29.0,11.0,0.725,3.4705168834964697,32,11,11,0,0.05175644145468863,0,0,1,0,0,0,0,0,0,1,1781,9,0,183,1
1swg,A,40,THR,-0.7,116.1,0.0,1,1,E,0.47183098591549294,-142.7,146.3,5.0,28.0,0.15151515151515152,1.9644783770478882,27,8,3,5,0.03450429430312575,0,0,1,0,0,0,0,0,0,1,1781,9,0,183,1
1swg,A,41,GLY,-0.4,60.1,0.0,0,0,E,0.23809523809523808,165.5,-157.1,20.0,9.0,0.6896551724137931,1.761852133793162,23,15,1,14,0.03730193978716297,0,0,1,0,0,0,0,0,0,1,1781,9,0,183,1
1swg,A,42,THR,-0.7,116.1,0.0,1,1,E,0.2746478873239437,-135.0,147.2,6.0,24.0,0.2,2.837693117963695,28,12,9,3,0.04196468226055834,0,0,1,0,0,0,0,0,0,23,24,1,0,0,1
1swg,A,43,TYR,-1.3,193.6,0.0,1,1,E,0.013513513513513514,-121.9,135.9,20.0,16.0,0.5555555555555556,3.553091608274906,32,10,13,-3,0.05502036118606539,0,0,1,0,0,0,0,0,0,-1,0,0,0,0,0
1swg,A,44,GLU,-3.5,138.4,-1.0,1,3,E,0.3865979381443299,-130.6,115.6,8.0,18.0,0.3076923076923077,2.1657920692181354,25,15,0,15,0.043363505002576956,0,0,1,0,0,0,0,0,0,23,24,1,0,0,1
1swg,A,45,SER,-0.8,89.0,0.0,1,1,-,0.45384615384615384,-85.8,132.0,7.0,16.0,0.30434782608695654,2.0251576623181555,22,12,12,0,0.03590311704514436,0,0,0,0,0,0,0,0,0,16,7,11,0,0,1
1swg,A,46,ALA,1.8,88.6,0.0,0,0,-,0.8773584905660378,-49.5,360.0,9.0,6.0,0.6,1.7676477240934723,16,3,9,-6,0.02144861537761871,0,0,0,0,0,0,0,0,0,16,7,11,0,0,1
1swg,B,52,SER,-0.8,89.0,0.0,1,1,-,0.7615384615384615,360.0,5.1,5.0,12.0,0.29411764705882354,1.8118496387340206,15,24,9,15,0.02331371236697686,0,0,0,0,0,0,0,0,0,5,170,9,0,17,1
1swg,B,53,ARG,-4.5,173.4,1.0,5,0,-,0.5564516129032258,-105.4,154.7,8.0,15.0,0.34782608695652173,1.8317772503314464,18,1,9,-8,0.03403802005578621,0,0,0,0,0,0,0,0,0,-1,0,0,0,0,0
1swg,B,54,TYR,-1.3,193.6,0.0,1,1,E,0.05855855855855856,-128.6,141.2,21.0,14.0,0.6,2.390222897318305,26,34,9,25,0.045694876239274644,0,0,1,0,0,0,0,0,0,-1,0,0,0,0,0
1swg,B,55,VAL,4.2,140.0,0.0,0,0,E,0.4647887323943662,-66.4,141.4,13.0,22.0,0.37142857142857144,2.507298329731622,29,27,9,18,0.03590311704514436,0,0,1,0,0,0,0,0,0,20,11,5,0,0,1
1swg,B,56,LEU,3.8,166.7,0.0,0,0,E,0.012195121951219513,-126.3,150.6,24.0,19.0,0.5581395348837209,3.482171520323932,27,16,2,14,0.04942507021799094,0,0,1,0,0,0,0,0,0,20,11,5,0,0,1
1swg,B,57,THR,-0.7,116.1,0.0,1,1,E,0.14084507042253522,-144.2,149.4,14.0,30.0,0.3181818181818182,2.845870128126763,25,21,0,21,0.04662742473395372,0,0,1,0,0,0,0,0,0,1,1781,9,0,183,1
1swg,B,58,GLY,-0.4,60.1,0.0,0,0,E,0.0,-171.4,-163.0,26.0,21.0,0.5531914893617021,3.2224530381691148,29,17,6,11,0.0526889899493677,0,0,1,0,0,0,0,0,0,1,1781,9,0,183,1
1swg,B,59,ARG,-4.5,173.4,1.0,5,0,E,0.09274193548387097,-141.3,159.6,20.0,28.0,0.4166666666666667,3.5291320132368384,33,9,15,-6,0.05129016720734909,0,0,1,0,0,0,0,0,0,-1,0,0,0,0,0
1swg,B,60,TYR,-1.3,193.6,0.0,1,1,E,0.14864864864864866,-151.1,158.5,23.0,29.0,0.4423076923076923,3.394596287099759,37,20,16,4,0.048958795970651406,0,0,1,0,0,0,0,0,0,-1,0,0,0,0,0
1swg,B,61,ASP,-3.5,111.1,-1.0,1,3,-,0.012269938650306749,-73.3,108.6,23.0,21.0,0.5227272727272727,3.6388157550195683,38,32,2,30,0.04942507021799094,0,0,0,0,0,0,0,0,0,3,1268,8,0,102,1
1swg,B,62,SER,-0.8,89.0,0.0,1,1,S,0.3230769230769231,-80.4,-3.7,11.0,21.0,0.34375,1.9775085789012934,25,27,16,11,0.03450429430312575,0,0,0,0,0,0,1,0,0,-1,0,0,0,0,0
1swg,B,63,ALA,1.8,88.6,0.0,0,0,S,0.4528301886792453,-139.7,68.7,9.0,18.0,0.3333333333333333,1.9323535429236802,22,22,9,13,0.025645083603674543,0,0,0,0,0,0,1,0,0,3,1268,8,0,102,1
1swg,B,64,PRO,-1.6,112.7,0.0,0,0,-,0.33088235294117646,-69.9,162.1,21.0,10.0,0.6774193548387096,2.0520853579140166,22,16,15,1,0.03683566553982344,0,0,0,0,0,0,0,0,0,3,1268,8,0,102,1
1swg,B,65,ALA,1.8,88.6,0.0,0,0,-,0.24528301886792453,-55.6,155.7,15.0,8.0,0.6521739130434783,2.0058462867521785,21,10,15,-5,0.032172923066428064,0,0,0,0,0,0,0,0,0,3,1268,8,0,102,1
1swg,B,66,THR,-0.7,116.1,0.0,1,1,S,1.0,-112.0,19.6,1.0,15.0,0.0625,1.7766374260293112,11,6,9,-3,0.019117244140921023,0,0,0,0,0,0,1,0,0,-1,0,0,0,0,0
1swg,B,67,ASP,-3.5,111.1,-1.0,1,3,S,0.6441717791411042,-94.9,4.9,8.0,5.0,0.6153846153846154,1.8457838362393673,13,6,1,5,0.016319598656883802,0,0,0,0,0,0,1,0,0,-1,0,0,0,0,0
1swg,B,68,GLY,-0.4,60.1,0.0,0,0,S,0.7619047619047619,104.1,-7.2,5.0,13.0,0.2777777777777778,1.7095650677879215,18,0,16,-16,0.020516066882939634,0,0,0,0,0,0,1,0,0,-1,0,0,0,0,0
1swg,B,69,SER,-0.8,89.0,0.0,1,1,-,0.17692307692307693,-67.7,150.1,15.0,12.0,0.5555555555555556,1.9208501362186,26,10,20,-10,0.03590311704514436,0,0,0,0,0,0,0,0,0,-1,0,0,0,0,0
1swg,B,70,GLY,-0.4,60.1,0.0,0,0,-,0.07142857142857142,-79.4,178.3,26.0,13.0,0.6666666666666666,2.346777657699946,33,12,24,-12,0.04429605349725603,0,0,0,0,0,0,0,0,0,-1,0,0,0,0,0
1swg,B,71,THR,-0.7,116.1,0.0,1,1,E,0.11971830985915492,-99.9,115.3,17.0,29.0,0.3695652173913043,2.7293968477197366,38,15,9,6,0.04989134446533048,0,0,1,0,0,0,0,0,0,-1,0,0,0,0,0
1swg,B,72,ALA,1.8,88.6,0.0,0,0,E,0.009433962264150943,-66.1,140.5,25.0,24.0,0.5102040816326531,5.65736427815501,45,22,8,14,0.05129016720734909,0,0,1,0,0,0,0,0,0,-1,0,0,0,0,0
1swg,B,73,LEU,3.8,166.7,0.0,0,0,E,0.0,-155.5,164.3,23.0,31.0,0.42592592592592593,6.086612733653136,46,11,8,3,0.05408781269138631,0,0,1,0,0,0,0,0,0,-1,0,0,0,0,0
1swg,B,74,GLY,-0.4,60.1,0.0,0,0,E,0.0,-156.4,153.6,28.0,26.0,0.5185185185185185,7.658581523579189,38,10,3,7,0.05595290968074446,0,0,1,0,0,0,0,0,0,-1,0,0,0,0,0
1swg,B,75,TRP,-0.9,227.8,0.0,1,0,E,0.0,-153.9,162.0,20.0,35.0,0.36363636363636365,7.422988909467476,40,7,4,3,0.05548663543340492,0,0,1,0,0,0,0,0,0,-1,0,0,0,0,0
1swg,B,76,THR,-0.7,116.1,0.0,1,1,E,0.0,-125.4,138.7,30.0,22.0,0.5769230769230769,6.7522825496221355,32,16,1,15,0.05688545817542354,0,0,1,0,0,0,0,0,0,-1,0,0,0,0,0
1swg,B,77,VAL,4.2,140.0,0.0,0,0,E,0.0,-121.6,120.3,19.0,33.0,0.36538461538461536,5.21733675123478,37,19,6,13,0.058284280917442144,0,0,1,0,0,0,0,0,0,-1,0,0,0,0,0
1swg,B,78,ALA,1.8,88.6,0.0,0,0,E,0.02830188679245283,-92.6,123.1,23.0,25.0,0.4791666666666667,2.3607504001392017,40,32,10,22,0.05735173242276307,0,0,1,0,0,0,0,0,0,-1,0,0,0,0,0
1swg,B,79,TRP,-0.9,227.8,0.0,1,0,E,0.10572687224669604,-80.8,54.8,14.0,25.0,0.358974358974359,2.273560223971135,33,35,11,24,0.05035761871267001,0,0,1,0,0,0,0,0,0,-1,0,0,0,0,0
1swg,B,80,LYS,-3.9,168.6,1.0,2,0,E,0.2780487804878049,-129.9,135.8,17.0,19.0,0.4722222222222222,2.043841432881536,26,31,13,18,0.048492521723311866,0,0,1,0,0,0,0,0,0,-1,0,0,0,0,0
1swg,B,81,ASN,-3.5,114.1,0.0,2,2,-,0.17834394904458598,-135.8,-159.8,10.0,16.0,0.38461538461538464,2.004021827727643,20,30,3,27,0.03683566553982344,0,0,0,0,0,0,0,0,0,17,23,2,0,0,1
1swg,B,82,ASN,-3.5,114.1,0.0,2,2,S,0.9490445859872612,-82.8,-5.4,1.0,15.0,0.0625,1.722116167915819,14,20,1,19,0.020516066882939634,0,0,0,0,0,0,1,0,0,17,23,2,0,0,1
1swg,B,83,TYR,-1.3,193.6,0.0,1,1,S,0.963963963963964,-117.4,-18.1,3.0,8.0,0.2727272727272727,1.8126680447975654,8,19,0,19,0.021914889624958248,0,0,0,0,0,0,1,0,0,17,23,2,0,0,1
1swg,B,84,ARG,-4.5,173.4,1.0,5,0,-,0.6048387096774194,-153.3,150.9,5.0,12.0,0.29411764705882354,1.839882581564221,13,22,0,22,0.030307826077069916,0,0,0,0,0,0,0,0,0,17,23,2,0,0,1
1swg,B,85,ASN,-3.5,114.1,0.0,2,2,E,0.267515923566879,-144.8,110.4,12.0,14.0,0.46153846153846156,2.114746556005895,20,30,8,22,0.03870076252918159,0,0,1,0,0,0,0,0,0,-1,0,0,0,0,0
1swg,B,86,ALA,1.8,88.6,0.0,0,0,E,0.41509433962264153,-87.6,1.1,11.0,17.0,0.39285714285714285,1.859270221985706,23,29,7,22,0.032639197313767604,0,0,1,0,0,0,0,0,0,-1,0,0,0,0,0
1swg,B,87,HIS,-3.2,153.2,0.1,2,1,E,0.32065217391304346,49.0,55.5,15.0,21.0,0.4166666666666667,2.1584816778997618,29,17,13,4,0.045228601991935104,0,0,1,0,0,0,0,0,0,2,1359,8,0,132,1
1swg,B,88,SER,-0.8,89.0,0.0,1,1,E,0.06153846153846154,-154.7,163.4,11.0,30.0,0.2682926829268293,3.0830829106565534,40,25,8,17,0.048026247475972325,0,0,1,0,0,0,0,0,0,-1,0,0,0,0,0
1swg,B,89,ALA,1.8,88.6,0.0,0,0,E,0.0,-140.6,137.4,29.0,20.0,0.5918367346938775,5.190413045224309,37,17,7,10,0.058750555164781684,0,0,1,0,0,0,0,0,0,-1,0,0,0,0,0
1swg,B,90,THR,-0.7,116.1,0.0,1,1,E,0.028169014084507043,-115.9,135.4,19.0,35.0,0.35185185185185186,3.3989639513999137,38,8,3,5,0.05502036118606539,0,0,1,0,0,0,0,0,0,-1,0,0,0,0,0
1swg,B,91,THR,-0.7,116.1,0.0,1,1,E,0.0,-115.3,133.9,30.0,22.0,0.5769230769230769,6.090260696878573,29,6,1,5,0.06014937790680029,0,0,1,0,0,0,0,0,0,-1,0,0,0,0,0
1swg,B,92,TRP,-0.9,227.8,0.0,1,0,E,0.02643171806167401,-109.5,128.8,23.0,31.0,0.42592592592592593,3.909445018573113,34,5,8,-3,0.05548663543340492,0,0,1,0,0,0,0,0,0,-1,0,0,0,0,0
1swg,B,93,SER,-0.8,89.0,0.0,1,1,E,0.0,-122.3,129.4,30.0,22.0,0.5769230769230769,3.462528056487321,35,7,5,2,0.05595290968074446,0,0,1,0,0,0,0,0,0,-1,0,0,0,0,0
1swg,B,94,GLY,-0.4,60.1,0.0,0,0,E,0.023809523809523808,180.0,-152.2,18.0,33.0,0.35294117647058826,2.727806684438655,43,7,5,2,0.053155264196707235,0,0,1,0,0,0,0,0,0,-1,0,0,0,0,0
1swg,B,95,GLN,-3.5,143.8,0.0,2,2,E,0.025252525252525252,-148.8,147.7,20.0,24.0,0.45454545454545453,2.6776744551968417,42,9,12,-3,0.04755997322863279,0,0,1,0,0,0,0,0,0,-1,0,0,0,0,0
1swg,B,96,TYR,-1.3,193.6,0.0,1,1,E,0.15315315315315314,-88.2,130.9,20.0,25.0,0.4444444444444444,2.6089876790708137,34,13,12,1,0.04755997322863279,0,0,1,0,0,0,0,0,0,22,13,2,0,0,1
1swg,B,97,VAL,4.2,140.0,0.0,0,0,E,0.14084507042253522,-118.0,110.0,16.0,16.0,0.5,2.244122976919671,29,11,17,-6,0.03963331102386066,0,0,1,0,0,0,0,0,0,27,0,11,0,0,1
1swg,B,98,GLY,-0.4,60.1,0.0,0,0,-,0.47619047619047616,-74.9,179.2,11.0,14.0,0.44,1.7096167922713243,21,11,15,-4,0.02844272908771177,0,0,0,0,0,0,0,0,0,22,13,2,0,0,1
1swg,B,99,GLY,-0.4,60.1,0.0,0,0,S,0.7261904761904762,122.0,-165.2,8.0,7.0,0.5333333333333333,1.7095713001356607,12,12,11,1,0.015853324409544265,0,0,0,0,0,0,1,0,0,13,42,3,0,1,1
1swg,B,100,ALA,1.8,88.6,0.0,0,0,S,1.0,-47.2,-71.4,0.0,9.0,0.0,1.7675386535673614,11,11,10,1,0.012123130430827966,0,0,0,0,0,0,1,0,0,13,42,3,0,1,1
1swg,B,101,GLU,-3.5,138.4,-1.0,1,3,S,0.520618556701031,-95.3,95.2,2.0,11.0,0.15384615384615385,1.8080885999468532,16,18,3,15,0.022381163872297785,0,0,0,0,0,0,1,0,0,13,42,3,0,1,1
1swg,B,102,ALA,1.8,88.6,0.0,0,0,-,0.14150943396226415,-71.2,151.0,14.0,9.0,0.6086956521739131,1.952120600152978,21,20,12,8,0.040565859518539735,0,0,0,0,0,0,0,0,0,22,13,2,0,0,1
1swg,B,103,ARG,-4.5,173.4,1.0,5,0,E,0.4274193548387097,-145.6,156.8,10.0,19.0,0.3448275862068966,2.4560507999795003,21,7,16,-9,0.048026247475972325,0,0,1,0,0,0,0,0,0,13,42,3,0,1,1
1swg,B,104,ILE,4.5,166.7,0.0,0,0,E,0.0,-123.5,112.4,22.0,20.0,0.5238095238095238,5.501517053584604,37,17,12,5,0.053621538444046775,0,0,1,0,0,0,0,0,0,-1,0,0,0,0,0
1swg,B,105,ASN,-3.5,114.1,0.0,2,2,E,0.2802547770700637,-101.1,121.4,17.0,24.0,0.4146341463414634,2.009572092689465,35,23,16,7,0.04103213376587927,0,0,1,0,0,0,0,0,0,27,0,11,0,0,1
1swg,B,106,THR,-0.7,116.1,0.0,1,1,E,0.028169014084507043,-130.6,161.1,21.0,23.0,0.4772727272727273,2.560988354691793,30,20,8,12,0.050823892960009553,0,0,1,0,0,0,0,0,0,10,12,17,0,2,1
1swg,B,107,GLN,-3.5,143.8,0.0,2,2,E,0.050505050505050504,-120.8,146.4,19.0,23.0,0.4523809523809524,2.660264942436346,28,20,8,12,0.053155264196707235,0,0,1,0,0,0,0,0,0,10,12,17,0,2,1
1swg,B,108,TRP,-0.9,227.8,0.0,1,0,E,0.039647577092511016,-138.6,158.8,19.0,29.0,0.3958333333333333,2.737785513839504,29,17,8,9,0.05035761871267001,0,0,1,0,0,0,0,0,0,-1,0,0,0,0,0
1swg,B,109,LEU,3.8,166.7,0.0,0,0,E,0.0,-128.1,121.9,30.0,20.0,0.6,4.806129873477267,24,2,0,2,0.05781800667010261,0,0,1,0,0,0,0,0,0,-1,0,0,0,0,0
1swg,B,110,LEU,3.8,166.7,0.0,0,0,E,0.11585365853658537,-112.9,111.7,13.0,32.0,0.28888888888888886,2.463492081993576,30,12,0,12,0.05035761871267001,0,0,1,0,0,0,0,0,0,-1,0,0,0,0,0
1swg,B,111,THR,-0.7,116.1,0.0,1,1,E,0.014084507042253521,-105.0,125.9,28.0,21.0,0.5714285714285714,2.6445225362073814,39,10,1,9,0.04989134446533048,0,0,1,0,0,0,0,0,0,-1,0,0,0,0,0
1swg,B,112,SER,-0.8,89.0,0.0,1,1,E,0.34615384615384615,-99.7,143.5,13.0,31.0,0.29545454545454547,2.4170580417543195,33,17,3,14,0.043829779249916496,0,0,1,0,0,0,0,0,0,-1,0,0,0,0,0
1swg,B,113,GLY,-0.4,60.1,0.0,0,0,-,0.19047619047619047,-70.1,136.9,22.0,23.0,0.4888888888888889,2.054512015349855,33,16,17,-1,0.045228601991935104,0,0,0,0,0,0,0,0,0,2,1359,8,0,132,1
1swg,B,114,THR,-0.7,116.1,0.0,1,1,-,0.13380281690140844,-146.5,156.2,12.0,17.0,0.41379310344827586,2.0070605956202723,27,15,17,-2,0.040565859518539735,0,0,0,0,0,0,0,0,0,2,1359,8,0,132,1
1swg,B,115,THR,-0.7,116.1,0.0,1,1,-,0.2605633802816901,-73.7,168.9,5.0,19.0,0.20833333333333334,1.8200808273057851,20,9,17,-8,0.032639197313767604,0,0,0,0,0,0,0,0,0,-1,0,0,0,0,0
1swg,B,116,GLU,-3.5,138.4,-1.0,1,3,G,0.7164948453608248,-61.5,-38.6,5.0,17.0,0.22727272727272727,1.7084922244919787,18,0,3,-3,0.025645083603674543,0,0,0,1,0,0,0,0,0,-1,0,0,0,0,0
1swg,B,117,ALA,1.8,88.6,0.0,0,0,G,0.7547169811320755,-67.7,-27.7,2.0,13.0,0.13333333333333333,1.8088745852115207,14,9,9,0,0.02331371236697686,0,0,0,1,0,0,0,0,0,-1,0,0,0,0,0
1swg,B,118,ASN,-3.5,114.1,0.0,2,2,G,0.43312101910828027,-96.9,-2.9,9.0,8.0,0.5294117647058824,2.2025281291444347,18,9,10,-1,0.032639197313767604,0,0,0,1,0,0,0,0,0,-1,0,0,0,0,0
1swg,B,119,ALA,1.8,88.6,0.0,0,0,G,0.3490566037735849,-55.7,-28.4,18.0,13.0,0.5806451612903226,1.9723635558277923,27,16,10,6,0.034970568550465285,0,0,0,1,0,0,0,0,0,-1,0,0,0,0,0
1swg,B,120,TRP,-0.9,227.8,0.0,1,0,G,0.44933920704845814,-61.8,-28.8,10.0,21.0,0.3225806451612903,1.8036768615923733,26,13,6,7,0.03730193978716297,0,0,0,1,0,0,0,0,0,-1,0,0,0,0,0
1swg,B,121,LYS,-3.9,168.6,1.0,2,0,G,0.48292682926829267,-111.6,28.0,7.0,21.0,0.25,2.0552369130275157,20,0,4,-4,0.03870076252918159,0,0,0,1,0,0,0,0,0,-1,0,0,0,0,0
1swg,B,122,SER,-0.8,89.0,0.0,1,1,-,0.1,-76.6,-15.4,27.0,11.0,0.7105263157894737,1.8117244535437493,30,14,4,10,0.043363505002576956,0,0,0,0,0,0,0,0,0,-1,0,0,0,0,0
1swg,B,123,THR,-0.7,116.1,0.0,1,1,E,0.02112676056338028,-129.3,116.6,22.0,19.0,0.5365853658536586,2.1464384580509757,27,12,0,12,0.048026247475972325,0,0,1,0,0,0,0,0,0,-1,0,0,0,0,0
1swg,B,124,LEU,3.8,166.7,0.0,0,0,E,0.1951219512195122,-87.9,150.4,15.0,23.0,0.39473684210526316,2.555089837931995,21,16,0,16,0.048026247475972325,0,0,1,0,0,0,0,0,0,-1,0,0,0,0,0
1swg,B,125,VAL,4.2,140.0,0.0,0,0,E,0.02112676056338028,-128.5,138.1,23.0,22.0,0.5111111111111111,3.557369640884289,18,20,3,17,0.04755997322863279,0,0,1,0,0,0,0,0,0,-1,0,0,0,0,0
1swg,B,126,GLY,-0.4,60.1,0.0,0,0,E,0.03571428571428571,-158.9,-173.6,16.0,26.0,0.38095238095238093,2.7300131847980236,24,24,8,16,0.04755997322863279,0,0,1,0,0,0,0,0,0,10,12,17,0,2,1
1swg,B,127,HIS,-3.2,153.2,0.1,2,1,E,0.30434782608695654,-141.5,132.8,15.0,22.0,0.40540540540540543,1.868459286189023,22,1,12,-11,0.04243095650789788,0,0,1,0,0,0,0,0,0,10,12,17,0,2,1
1swg,B,128,ASP,-3.5,111.1,-1.0,1,3,E,0.03067484662576687,-121.9,137.2,21.0,13.0,0.6176470588235294,2.0603105542720717,27,16,0,16,0.048958795970651406,0,0,1,0,0,0,0,0,0,10,12,17,0,2,1
1swg,B,129,THR,-0.7,116.1,0.0,1,1,E,0.31690140845070425,-116.9,125.0,5.0,24.0,0.1724137931034483,1.888940790805099,28,27,11,16,0.043829779249916496,0,0,1,0,0,0,0,0,0,-1,0,0,0,0,0
1swg,B,130,PHE,2.8,189.9,0.0,0,0,E,0.0,-109.4,140.5,20.0,11.0,0.6451612903225806,3.9282482328542914,36,21,10,11,0.05408781269138631,0,0,1,0,0,0,0,0,0,-1,0,0,0,0,0
1swg,B,131,THR,-0.7,116.1,0.0,1,1,E,0.176056338028169,-125.0,152.3,6.0,24.0,0.2,2.184641916882176,24,20,11,9,0.043829779249916496,0,0,1,0,0,0,0,0,0,-1,0,0,0,0,0
1swg,B,132,LYS,-3.9,168.6,1.0,2,0,-,0.5170731707317073,-79.2,360.0,13.0,15.0,0.4642857142857143,1.9033706921466396,22,7,9,-2,0.035436842797804825,0,0,0,0,0,0,0,0,0,22,13,2,0,0,1
1swg,B,16,GLY,-0.4,60.1,0.0,0,0,-,0.7738095238095238,360.0,-167.8,7.0,17.0,0.2916666666666667,2.0602391157545794,23,12,1,11,0.020516066882939634,0,0,0,0,0,0,0,0,0,22,13,2,0,0,1
1swg,B,17,ILE,4.5,166.7,0.0,0,0,-,0.07100591715976332,-69.6,-42.6,24.0,14.0,0.631578947368421,2.45774010820515,33,13,3,10,0.04103213376587927,0,0,0,0,0,0,0,0,0,22,13,2,0,0,1
1swg,B,18,THR,-0.7,116.1,0.0,1,1,S,0.47183098591549294,-53.5,130.1,6.0,20.0,0.23076923076923078,1.889946757290769,21,6,0,6,0.030307826077069916,0,0,0,0,0,0,1,0,0,22,13,2,0,0,1
1swg,B,19,GLY,-0.4,60.1,0.0,0,0,E,0.2619047619047619,151.1,-169.2,11.0,12.0,0.4782608695652174,1.814924358856513,22,9,0,9,0.032639197313767604,0,0,1,0,0,0,0,0,0,-1,0,0,0,0,0
1swg,B,20,THR,-0.7,116.1,0.0,1,1,E,0.5845070422535211,-110.0,123.5,3.0,21.0,0.125,1.8620968144673653,19,10,0,10,0.035436842797804825,0,0,1,0,0,0,0,0,0,-1,0,0,0,0,0
1swg,B,21,TRP,-0.9,227.8,0.0,1,0,E,0.00881057268722467,-123.1,157.0,22.0,10.0,0.6875,3.4962454818637285,31,16,3,13,0.04709369898129325,0,0,1,0,0,0,0,0,0,22,13,2,0,0,1
1swg,B,22,TYR,-1.3,193.6,0.0,1,1,E,0.5855855855855856,-133.1,148.0,5.0,21.0,0.19230769230769232,1.9048071550772188,20,11,6,5,0.043829779249916496,0,0,1,0,0,0,0,0,0,-1,0,0,0,0,0
1swg,B,23,ASN,-3.5,114.1,0.0,2,2,E,0.01910828025477707,-102.7,-173.5,17.0,9.0,0.6538461538461539,2.412634463137215,25,4,12,-8,0.045694876239274644,0,0,1,0,0,0,0,0,0,-1,0,0,0,0,0
1swg,B,24,GLN,-3.5,143.8,0.0,2,2,T,0.51010101010101,-67.4,-11.1,11.0,13.0,0.4583333333333333,1.778228915923317,23,10,9,1,0.03310547156110714,0,0,0,0,0,1,0,0,0,-1,0,0,0,0,0
1swg,B,25,LEU,3.8,166.7,0.0,0,0,T,0.4268292682926829,-91.7,-14.2,15.0,8.0,0.6521739130434783,1.9841983785707507,22,3,12,-9,0.027510180593032695,0,0,0,0,0,1,0,0,0,-1,0,0,0,0,0
1swg,B,26,GLY,-0.4,60.1,0.0,0,0,-,0.5357142857142857,92.8,10.4,2.0,17.0,0.10526315789473684,1.781849665752406,16,0,13,-13,0.028909003335051305,0,0,0,0,0,0,0,0,0,5,170,9,0,17,1
1swg,B,27,SER,-0.8,89.0,0.0,1,1,-,0.015384615384615385,-73.1,150.4,14.0,10.0,0.5833333333333334,2.2798844925003503,23,0,15,-15,0.040099585271200194,0,0,0,0,0,0,0,0,0,5,170,9,0,17,1
1swg,B,28,THR,-0.7,116.1,0.0,1,1,E,0.323943661971831,-109.6,126.2,9.0,18.0,0.3333333333333333,2.4493615073806807,28,10,10,0,0.045228601991935104,0,0,1,0,0,0,0,0,0,5,170,9,0,17,1
1swg,B,29,PHE,2.8,189.9,0.0,0,0,E,0.005076142131979695,-117.7,113.6,21.0,17.0,0.5526315789473685,5.751058716083005,39,8,8,0,0.0526889899493677,0,0,1,0,0,0,0,0,0,-1,0,0,0,0,0
1swg,B,30,ILE,4.5,166.7,0.0,0,0,E,0.3136094674556213,-109.0,117.8,8.0,21.0,0.27586206896551724,2.545773200041839,26,11,8,3,0.04243095650789788,0,0,1,0,0,0,0,0,0,-1,0,0,0,0,0
1swg,B,31,VAL,4.2,140.0,0.0,0,0,E,0.028169014084507043,-132.7,148.2,22.0,12.0,0.6470588235294118,2.7501975461417385,30,5,0,5,0.04662742473395372,0,0,1,0,0,0,0,0,0,-1,0,0,0,0,0
1swg,B,32,THR,-0.7,116.1,0.0,1,1,E,0.5140845070422535,-121.4,125.4,6.0,21.0,0.2222222222222222,1.9316552027233829,24,2,2,0,0.03310547156110714,0,0,1,0,0,0,0,0,0,-1,0,0,0,0,0
1swg,B,33,ALA,1.8,88.6,0.0,0,0,E,0.19811320754716982,-99.4,113.6,14.0,14.0,0.5,2.2301245238392515,27,9,11,-2,0.03870076252918159,0,0,1,0,0,0,0,0,0,-1,0,0,0,0,0
1swg,B,34,GLY,-0.4,60.1,0.0,0,0,-,0.23809523809523808,-80.4,157.0,9.0,11.0,0.45,1.9042030526451446,17,11,12,-1,0.02844272908771177,0,0,0,0,0,0,0,0,0,-1,0,0,0,0,0
1swg,B,35,ALA,1.8,88.6,0.0,0,0,T,0.9433962264150944,-68.7,-20.7,0.0,15.0,0.0,1.7676751299571574,14,7,12,-5,0.020516066882939634,0,0,0,0,0,1,0,0,0,-1,0,0,0,0,0
1swg,B,36,ASP,-3.5,111.1,-1.0,1,3,T,0.6319018404907976,-84.4,8.0,6.0,15.0,0.2857142857142857,1.6721686309447208,18,18,4,14,0.021914889624958248,0,0,0,0,0,1,0,0,0,-1,0,0,0,0,0
1swg,B,37,GLY,-0.4,60.1,0.0,0,0,S,0.011904761904761904,92.5,1.2,20.0,16.0,0.5555555555555556,3.367191953350396,30,20,15,5,0.040099585271200194,0,0,0,0,0,0,1,0,0,-1,0,0,0,0,0
1swg,B,38,ALA,1.8,88.6,0.0,0,0,E,0.16981132075471697,-78.3,147.4,10.0,22.0,0.3125,2.3930735500195373,26,11,12,-1,0.040099585271200194,0,0,1,0,0,0,0,0,0,-1,0,0,0,0,0
1swg,B,39,LEU,3.8,166.7,0.0,0,0,E,0.0,-119.1,127.4,29.0,10.0,0.7435897435897436,3.9502759864229415,32,11,11,0,0.05129016720734909,0,0,1,0,0,0,0,0,0,-1,0,0,0,0,0
1swg,B,40,THR,-0.7,116.1,0.0,1,1,E,0.5,-142.4,148.3,5.0,28.0,0.15151515151515152,1.9506303192493617,27,9,3,6,0.034970568550465285,0,0,1,0,0,0,0,0,0,-1,0,0,0,0,0
1swg,B,41,GLY,-0.4,60.1,0.0,0,0,E,0.27380952380952384,162.3,-160.2,21.0,7.0,0.75,1.763382848870228,23,16,1,15,0.03730193978716297,0,0,1,0,0,0,0,0,0,-1,0,0,0,0,0
1swg,B,42,THR,-0.7,116.1,0.0,1,1,E,0.2323943661971831,-136.8,152.5,6.0,25.0,0.1935483870967742,2.7284608470627876,28,13,9,4,0.04149840801321881,0,0,1,0,0,0,0,0,0,-1,0,0,0,0,0
1swg,B,43,TYR,-1.3,193.6,0.0,1,1,E,0.013513513513513514,-125.1,138.9,19.0,16.0,0.5428571428571428,3.5134364431487732,31,9,13,-4,0.05595290968074446,0,0,1,0,0,0,0,0,0,5,170,9,0,17,1
1swg,B,44,GLU,-3.5,138.4,-1.0,1,3,E,0.3247422680412371,-136.0,116.6,9.0,17.0,0.34615384615384615,2.1240792091535523,25,12,0,12,0.04289723075523742,0,0,1,0,0,0,0,0,0,5,170,9,0,17,1
1swg,B,45,SER,-0.8,89.0,0.0,1,1,-,0.5076923076923077,-80.2,146.6,5.0,18.0,0.21739130434782608,1.8231238094711475,22,12,12,0,0.03450429430312575,0,0,0,0,0,0,0,0,0,5,170,9,0,17,1
1swg,B,46,ALA,1.8,88.6,0.0,0,0,-,0.8773584905660378,-59.2,360.0,9.0,7.0,0.5625,1.7676105740291135,17,1,10,-9,0.02144861537761871,0,0,0,0,0,0,0,0,0,5,170,9,0,17,1
1swg,C,52,SER,-0.8,89.0,0.0,1,1,-,0.47692307692307695,360.0,-116.2,4.0,14.0,0.2222222222222222,1.8281491608475664,18,26,9,17,0.027043906345693154,0,0,0,0,0,0,0,0,0,18,22,4,0,0,1
1swg,C,53,ARG,-4.5,173.4,1.0,5,0,E,0.5080645161290323,-108.2,141.4,6.0,17.0,0.2608695652173913,1.831483355713816,18,1,9,-8,0.03403802005578621,0,0,1,0,0,0,0,0,0,18,22,4,0,0,1
1swg,C,54,TYR,-1.3,193.6,0.0,1,1,E,0.09009009009009009,-130.7,145.9,23.0,12.0,0.6571428571428571,2.38613027062774,27,35,9,26,0.04616115048661418,0,0,1,0,0,0,0,0,0,18,22,4,0,0,1
1swg,C,55,VAL,4.2,140.0,0.0,0,0,E,0.4788732394366197,-66.0,144.6,12.0,22.0,0.35294117647058826,2.4909338682080255,29,28,9,19,0.03683566553982344,0,0,1,0,0,0,0,0,0,-1,0,0,0,0,0
1swg,C,56,LEU,3.8,166.7,0.0,0,0,E,0.012195121951219513,-127.9,155.8,24.0,19.0,0.5581395348837209,3.5479603513775904,27,18,2,16,0.05035761871267001,0,0,1,0,0,0,0,0,0,-1,0,0,0,0,0
1swg,C,57,THR,-0.7,116.1,0.0,1,1,E,0.176056338028169,-150.0,151.3,14.0,30.0,0.3181818181818182,2.6866820520830244,25,21,0,21,0.04616115048661418,0,0,1,0,0,0,0,0,0,-1,0,0,0,0,0
1swg,C,58,GLY,-0.4,60.1,0.0,0,0,E,0.0,-172.9,-166.5,26.0,21.0,0.5531914893617021,2.2920781857837436,29,17,3,14,0.05455408693872585,0,0,1,0,0,0,0,0,0,-1,0,0,0,0,0
1swg,C,59,ARG,-4.5,173.4,1.0,5,0,E,0.11693548387096774,-141.4,151.4,20.0,31.0,0.39215686274509803,3.147566414011506,34,8,15,-7,0.05175644145468863,0,0,1,0,0,0,0,0,0,0,8571,6,0,718,1
1swg,C,60,TYR,-1.3,193.6,0.0,1,1,E,0.0045045045045045045,-139.7,156.7,25.0,29.0,0.46296296296296297,3.5157192289663546,40,20,25,-5,0.04989134446533048,0,0,1,0,0,0,0,0,0,0,8571,6,0,718,1
1swg,C,61,ASP,-3.5,111.1,-1.0,1,3,-,0.012269938650306749,-73.7,110.8,23.0,23.0,0.5,3.548261420738379,39,31,14,17,0.05222271570202816,0,0,0,0,0,0,0,0,0,0,8571,6,0,718,1
1swg,C,62,SER,-0.8,89.0,0.0,1,1,S,0.12307692307692308,-85.4,1.2,12.0,26.0,0.3157894736842105,1.9648035515607518,31,27,24,3,0.04149840801321881,0,0,0,0,0,0,1,0,0,0,8571,6,0,718,1
1swg,C,63,ALA,1.8,88.6,0.0,0,0,S,0.4339622641509434,-140.1,66.2,9.0,23.0,0.28125,1.9542848224296754,24,22,21,1,0.03170664881908853,0,0,0,0,0,0,1,0,0,-1,0,0,0,0,0
1swg,C,64,PRO,-1.6,112.7,0.0,0,0,-,0.19117647058823528,-61.6,167.3,21.0,15.0,0.5833333333333334,2.0768590866548418,26,16,22,-6,0.03823448828184205,0,0,0,0,0,0,0,0,0,-1,0,0,0,0,0
1swg,C,65,ALA,1.8,88.6,0.0,0,0,-,0.25471698113207547,-69.8,160.8,13.0,11.0,0.5416666666666666,2.0230551629334657,23,10,15,-5,0.03170664881908853,0,0,0,0,0,0,0,0,0,12,24,6,0,1,1
1swg,C,66,THR,-0.7,116.1,0.0,1,1,S,1.0,-111.7,15.4,1.0,15.0,0.0625,1.7768426230747771,12,6,9,-3,0.019117244140921023,0,0,0,0,0,0,1,0,0,12,24,6,0,1,1
1swg,C,67,ASP,-3.5,111.1,-1.0,1,3,S,0.6687116564417178,-91.9,4.7,7.0,5.0,0.5833333333333334,1.821641305500015,13,6,1,5,0.016319598656883802,0,0,0,0,0,0,1,0,0,12,24,6,0,1,1
1swg,C,68,GLY,-0.4,60.1,0.0,0,0,S,0.7261904761904762,104.5,-4.9,6.0,12.0,0.3333333333333333,1.7096574810972032,18,0,15,-15,0.02098234113027917,0,0,0,0,0,0,1,0,0,12,24,6,0,1,1
1swg,C,69,SER,-0.8,89.0,0.0,1,1,-,0.2,-69.8,156.6,16.0,12.0,0.5714285714285714,1.9004555354046768,25,10,20,-10,0.034970568550465285,0,0,0,0,0,0,0,0,0,12,24,6,0,1,1
1swg,C,70,GLY,-0.4,60.1,0.0,0,0,-,0.09523809523809523,-84.3,-175.3,27.0,14.0,0.6585365853658537,2.079203187094185,34,12,24,-12,0.04289723075523742,0,0,0,0,0,0,0,0,0,12,24,6,0,1,1
1swg,C,71,THR,-0.7,116.1,0.0,1,1,E,0.07042253521126761,-103.0,114.2,21.0,29.0,0.42,3.006352648738617,42,14,15,-1,0.053155264196707235,0,0,1,0,0,0,0,0,0,-1,0,0,0,0,0
1swg,C,72,ALA,1.8,88.6,0.0,0,0,E,0.0,-66.8,141.9,25.0,26.0,0.49019607843137253,5.749229709428253,46,20,8,12,0.05175644145468863,0,0,1,0,0,0,0,0,0,-1,0,0,0,0,0
1swg,C,73,LEU,3.8,166.7,0.0,0,0,E,0.0,-158.1,169.2,26.0,30.0,0.4642857142857143,6.588601969375102,46,12,8,4,0.053621538444046775,0,0,1,0,0,0,0,0,0,-1,0,0,0,0,0
1swg,C,74,GLY,-0.4,60.1,0.0,0,0,E,0.0,-164.1,157.9,29.0,25.0,0.5370370370370371,7.058400448468572,40,10,3,7,0.056419183928083996,0,0,1,0,0,0,0,0,0,-1,0,0,0,0,0
1swg,C,75,TRP,-0.9,227.8,0.0,1,0,E,0.0,-156.9,163.9,20.0,35.0,0.36363636363636365,7.164779444760612,41,7,4,3,0.05688545817542354,0,0,1,0,0,0,0,0,0,-1,0,0,0,0,0
1swg,C,76,THR,-0.7,116.1,0.0,1,1,E,0.0,-130.5,142.3,28.0,24.0,0.5384615384615384,6.900275141302896,32,16,1,15,0.05735173242276307,0,0,1,0,0,0,0,0,0,-1,0,0,0,0,0
1swg,C,77,VAL,4.2,140.0,0.0,0,0,E,0.0,-123.0,123.0,19.0,32.0,0.37254901960784315,5.4474811028012295,37,19,5,14,0.058284280917442144,0,0,1,0,0,0,0,0,0,-1,0,0,0,0,0
1swg,C,78,ALA,1.8,88.6,0.0,0,0,E,0.009433962264150943,-90.1,123.0,25.0,24.0,0.5102040816326531,2.9433507470065523,40,31,10,21,0.056419183928083996,0,0,1,0,0,0,0,0,0,-1,0,0,0,0,0
1swg,C,79,TRP,-0.9,227.8,0.0,1,0,E,0.13215859030837004,-80.0,54.8,15.0,24.0,0.38461538461538464,2.1578439941126013,32,33,11,22,0.048026247475972325,0,0,1,0,0,0,0,0,0,-1,0,0,0,0,0
1swg,C,80,LYS,-3.9,168.6,1.0,2,0,E,0.23414634146341465,-124.8,132.4,17.0,18.0,0.4857142857142857,2.1203172363683596,26,29,13,16,0.048958795970651406,0,0,1,0,0,0,0,0,0,-1,0,0,0,0,0
1swg,C,81,ASN,-3.5,114.1,0.0,2,2,-,0.1592356687898089,-133.5,-159.2,11.0,16.0,0.4074074074074074,2.071118210194851,20,30,3,27,0.03823448828184205,0,0,0,0,0,0,0,0,0,21,26,1,0,0,1
1swg,C,82,ASN,-3.5,114.1,0.0,2,2,S,0.9426751592356688,-89.6,4.5,1.0,16.0,0.058823529411764705,1.7220976705912576,14,21,3,18,0.022381163872297785,0,0,0,0,0,0,1,0,0,21,26,1,0,0,1
1swg,C,83,TYR,-1.3,193.6,0.0,1,1,S,0.8873873873873874,-115.6,-32.4,3.0,8.0,0.2727272727272727,1.7946410764682021,8,24,0,24,0.02471253510899547,0,0,0,0,0,0,1,0,0,21,26,1,0,0,1
1swg,C,84,ARG,-4.5,173.4,1.0,5,0,-,0.6330645161290323,-139.9,157.2,7.0,10.0,0.4117647058823529,1.8319047901693386,12,14,0,14,0.03124037457174899,0,0,0,0,0,0,0,0,0,21,26,1,0,0,1
1swg,C,85,ASN,-3.5,114.1,0.0,2,2,E,0.3057324840764331,-148.5,115.7,13.0,13.0,0.5,2.089471866337172,20,29,8,21,0.03776821403450251,0,0,1,0,0,0,0,0,0,4,507,6,0,31,1
1swg,C,86,ALA,1.8,88.6,0.0,0,0,E,0.6037735849056604,-93.0,-5.7,12.0,17.0,0.41379310344827586,1.7675157767812961,23,27,7,20,0.03124037457174899,0,0,1,0,0,0,0,0,0,-1,0,0,0,0,0
1swg,C,87,HIS,-3.2,153.2,0.1,2,1,E,0.30978260869565216,57.7,52.3,13.0,22.0,0.37142857142857144,2.189821008382888,28,13,13,0,0.04476232774459557,0,0,1,0,0,0,0,0,0,6,32,15,0,5,1
1swg,C,88,SER,-0.8,89.0,0.0,1,1,E,0.05384615384615385,-159.5,168.6,11.0,30.0,0.2682926829268293,3.107366580366826,40,22,8,14,0.04755997322863279,0,0,1,0,0,0,0,0,0,-1,0,0,0,0,0
1swg,C,89,ALA,1.8,88.6,0.0,0,0,E,0.0,-150.4,146.5,30.0,20.0,0.6,5.038824487028582,36,18,8,10,0.05735173242276307,0,0,1,0,0,0,0,0,0,-1,0,0,0,0,0
1swg,C,90,THR,-0.7,116.1,0.0,1,1,E,0.028169014084507043,-120.0,138.3,17.0,37.0,0.3148148148148148,3.3809122529389057,38,8,3,5,0.05502036118606539,0,0,1,0,0,0,0,0,0,-1,0,0,0,0,0
1swg,C,91,THR,-0.7,116.1,0.0,1,1,E,0.0,-117.6,135.3,30.0,22.0,0.5769230769230769,6.199949720671713,29,6,1,5,0.058750555164781684,0,0,1,0,0,0,0,0,0,-1,0,0,0,0,0
1swg,C,92,TRP,-0.9,227.8,0.0,1,0,E,0.022026431718061675,-110.8,126.5,21.0,30.0,0.4117647058823529,3.840206536128948,35,5,8,-3,0.05548663543340492,0,0,1,0,0,0,0,0,0,-1,0,0,0,0,0
1swg,C,93,SER,-0.8,89.0,0.0,1,1,E,0.0,-119.1,125.6,29.0,23.0,0.5576923076923077,3.1777309081130265,35,8,5,3,0.05735173242276307,0,0,1,0,0,0,0,0,0,-1,0,0,0,0,0
1swg,C,94,GLY,-0.4,60.1,0.0,0,0,E,0.011904761904761904,-174.4,-152.0,19.0,32.0,0.37254901960784315,2.6674902394465594,44,8,5,3,0.053621538444046775,0,0,1,0,0,0,0,0,0,-1,0,0,0,0,0
1swg,C,95,GLN,-3.5,143.8,0.0,2,2,E,0.025252525252525252,-148.3,149.1,21.0,25.0,0.45652173913043476,2.623063832856472,43,9,12,-3,0.048492521723311866,0,0,1,0,0,0,0,0,0,-1,0,0,0,0,0
1swg,C,96,TYR,-1.3,193.6,0.0,1,1,E,0.14414414414414414,-86.1,127.5,22.0,27.0,0.4489795918367347,2.6140625316758803,40,14,14,0,0.048958795970651406,0,0,1,0,0,0,0,0,0,-1,0,0,0,0,0
1swg,C,97,VAL,4.2,140.0,0.0,0,0,E,0.14788732394366197,-114.6,123.0,16.0,19.0,0.45714285714285713,2.3970938969092055,30,11,16,-5,0.04103213376587927,0,0,1,0,0,0,0,0,0,-1,0,0,0,0,0
1swg,C,98,GLY,-0.4,60.1,0.0,0,0,-,0.4166666666666667,-94.4,-158.3,19.0,17.0,0.5277777777777778,1.70960471862915,27,13,16,-3,0.029375277582390842,0,0,0,0,0,0,0,0,0,8,115,3,0,4,1
1swg,C,99,GLY,-0.4,60.1,0.0,0,0,G,0.8928571428571429,86.9,-151.1,8.0,14.0,0.36363636363636365,1.709666333419729,17,11,11,0,0.018650969893581486,0,0,0,1,0,0,0,0,0,8,115,3,0,4,1
1swg,C,100,ALA,1.8,88.6,0.0,0,0,G,0.9150943396226415,-57.6,-36.6,0.0,12.0,0.0,1.8016877619720642,11,9,10,-1,0.013521953172846577,0,0,0,1,0,0,0,0,0,8,115,3,0,4,1
1swg,C,101,GLU,-3.5,138.4,-1.0,1,3,G,0.6082474226804123,-130.3,79.1,3.0,16.0,0.15789473684210525,1.7403399012892915,16,14,4,10,0.02098234113027917,0,0,0,1,0,0,0,0,0,8,115,3,0,4,1
1swg,C,102,ALA,1.8,88.6,0.0,0,0,-,0.2830188679245283,-67.5,131.1,16.0,13.0,0.5517241379310345,1.9245083137794983,24,20,13,7,0.03870076252918159,0,0,0,0,0,0,0,0,0,8,115,3,0,4,1
1swg,C,103,ARG,-4.5,173.4,1.0,5,0,E,0.2862903225806452,-146.9,160.2,10.0,20.0,0.3333333333333333,2.530994975044808,23,7,15,-8,0.045228601991935104,0,0,1,0,0,0,0,0,0,8,115,3,0,4,1
1swg,C,104,ILE,4.5,166.7,0.0,0,0,E,0.0,-113.7,114.2,24.0,17.0,0.5853658536585366,5.230081286742954,38,18,10,8,0.0526889899493677,0,0,1,0,0,0,0,0,0,-1,0,0,0,0,0
1swg,C,105,ASN,-3.5,114.1,0.0,2,2,E,0.2802547770700637,-101.1,122.1,19.0,23.0,0.4523809523809524,1.9301916613845573,36,23,14,9,0.04243095650789788,0,0,1,0,0,0,0,0,0,-1,0,0,0,0,0
1swg,C,106,THR,-0.7,116.1,0.0,1,1,E,0.035211267605633804,-132.8,161.1,21.0,23.0,0.4772727272727273,2.511023534566604,31,20,8,12,0.05222271570202816,0,0,1,0,0,0,0,0,0,7,28,18,0,5,1
1swg,C,107,GLN,-3.5,143.8,0.0,2,2,E,0.05555555555555555,-121.9,146.7,19.0,23.0,0.4523809523809524,2.4639814209093114,26,20,8,12,0.0526889899493677,0,0,1,0,0,0,0,0,0,7,28,18,0,5,1
1swg,C,108,TRP,-0.9,227.8,0.0,1,0,E,0.048458149779735685,-136.7,162.0,19.0,29.0,0.3958333333333333,2.726889081512842,28,18,8,10,0.05035761871267001,0,0,1,0,0,0,0,0,0,-1,0,0,0,0,0
1swg,C,109,LEU,3.8,166.7,0.0,0,0,E,0.006097560975609756,-131.0,121.4,31.0,20.0,0.6078431372549019,4.9446374891662455,24,2,0,2,0.05735173242276307,0,0,1,0,0,0,0,0,0,-1,0,0,0,0,0
1swg,C,110,LEU,3.8,166.7,0.0,0,0,E,0.10975609756097561,-112.8,107.0,13.0,32.0,0.28888888888888886,2.391518935140962,30,13,0,13,0.04942507021799094,0,0,1,0,0,0,0,0,0,6,32,15,0,5,1
1swg,C,111,THR,-0.7,116.1,0.0,1,1,E,0.007042253521126761,-102.2,127.7,27.0,22.0,0.5510204081632653,2.693221029908822,39,10,1,9,0.048958795970651406,0,0,1,0,0,0,0,0,0,6,32,15,0,5,1
1swg,C,112,SER,-0.8,89.0,0.0,1,1,E,0.35384615384615387,-100.7,147.4,13.0,30.0,0.3023255813953488,2.44204217808714,33,17,3,14,0.04289723075523742,0,0,1,0,0,0,0,0,0,6,32,15,0,5,1
1swg,C,113,GLY,-0.4,60.1,0.0,0,0,P,0.17857142857142858,-68.3,133.0,21.0,24.0,0.4666666666666667,2.211958536070026,34,15,21,-6,0.04616115048661418,0,0,0,0,0,0,0,0,0,6,32,15,0,5,1
1swg,C,114,THR,-0.7,116.1,0.0,1,1,-,0.11971830985915492,-140.3,159.6,12.0,17.0,0.41379310344827586,2.496182731731783,27,15,16,-1,0.040565859518539735,0,0,0,0,0,0,0,0,0,6,32,15,0,5,1
1swg,C,115,THR,-0.7,116.1,0.0,1,1,-,0.323943661971831,-69.7,167.4,4.0,19.0,0.17391304347826086,2.1924706307809223,19,9,17,-8,0.03170664881908853,0,0,0,0,0,0,0,0,0,-1,0,0,0,0,0
1swg,C,116,GLU,-3.5,138.4,-1.0,1,3,G,0.4948453608247423,-61.4,-37.6,4.0,18.0,0.18181818181818182,1.7347670523908738,23,5,2,3,0.02611135785101408,0,0,0,1,0,0,0,0,0,-1,0,0,0,0,0
1swg,C,117,ALA,1.8,88.6,0.0,0,0,G,0.7641509433962265,-63.3,-25.6,2.0,14.0,0.125,1.7979352804210003,14,9,9,0,0.022847438119637322,0,0,0,1,0,0,0,0,0,-1,0,0,0,0,0
1swg,C,118,ASN,-3.5,114.1,0.0,2,2,G,0.43312101910828027,-104.0,5.4,10.0,8.0,0.5555555555555556,2.1648343086081736,17,9,9,0,0.03310547156110714,0,0,0,1,0,0,0,0,0,6,32,15,0,5,1
1swg,C,119,ALA,1.8,88.6,0.0,0,0,G,0.2830188679245283,-65.4,-21.8,20.0,13.0,0.6060606060606061,1.93150141041689,28,16,10,6,0.03730193978716297,0,0,0,1,0,0,0,0,0,6,32,15,0,5,1
1swg,C,120,TRP,-0.9,227.8,0.0,1,0,G,0.40969162995594716,-61.4,-28.4,12.0,22.0,0.35294117647058826,1.8409271442875048,27,14,9,5,0.040099585271200194,0,0,0,1,0,0,0,0,0,-1,0,0,0,0,0
1swg,C,121,LYS,-3.9,168.6,1.0,2,0,G,0.4975609756097561,-112.8,29.5,7.0,24.0,0.22580645161290322,2.049391215309304,20,0,4,-4,0.03776821403450251,0,0,0,1,0,0,0,0,0,6,32,15,0,5,1
1swg,C,122,SER,-0.8,89.0,0.0,1,1,-,0.1,-82.2,-10.7,26.0,12.0,0.6842105263157895,1.849489417540046,30,14,4,10,0.043363505002576956,0,0,0,0,0,0,0,0,0,6,32,15,0,5,1
1swg,C,123,THR,-0.7,116.1,0.0,1,1,E,0.028169014084507043,-125.4,124.1,24.0,17.0,0.5853658536585366,2.162862470788562,27,12,0,12,0.048026247475972325,0,0,1,0,0,0,0,0,0,6,32,15,0,5,1
1swg,C,124,LEU,3.8,166.7,0.0,0,0,E,0.1951219512195122,-93.8,148.2,13.0,24.0,0.35135135135135137,2.5617452487383523,20,15,0,15,0.04755997322863279,0,0,1,0,0,0,0,0,0,-1,0,0,0,0,0
1swg,C,125,VAL,4.2,140.0,0.0,0,0,E,0.02112676056338028,-123.4,147.4,24.0,21.0,0.5333333333333333,3.557012901005023,18,20,3,17,0.048492521723311866,0,0,1,0,0,0,0,0,0,-1,0,0,0,0,0
1swg,C,126,GLY,-0.4,60.1,0.0,0,0,E,0.047619047619047616,-165.5,-168.5,16.0,26.0,0.38095238095238093,2.729055547850604,24,25,8,17,0.045228601991935104,0,0,1,0,0,0,0,0,0,7,28,18,0,5,1
1swg,C,127,HIS,-3.2,153.2,0.1,2,1,E,0.32065217391304346,-146.8,132.7,13.0,24.0,0.35135135135135137,1.8698815408922755,22,1,12,-11,0.04196468226055834,0,0,1,0,0,0,0,0,0,7,28,18,0,5,1
1swg,C,128,ASP,-3.5,111.1,-1.0,1,3,E,0.03680981595092025,-125.8,139.5,20.0,12.0,0.625,1.9093462190849229,28,16,0,16,0.048026247475972325,0,0,1,0,0,0,0,0,0,7,28,18,0,5,1
1swg,C,129,THR,-0.7,116.1,0.0,1,1,E,0.352112676056338,-112.5,126.6,7.0,23.0,0.23333333333333334,1.872549236706044,27,27,9,18,0.04243095650789788,0,0,1,0,0,0,0,0,0,26,0,15,0,0,1
1swg,C,130,PHE,2.8,189.9,0.0,0,0,E,0.0,-110.2,139.6,22.0,11.0,0.6666666666666666,3.827667649345948,36,21,8,13,0.05035761871267001,0,0,1,0,0,0,0,0,0,-1,0,0,0,0,0
1swg,C,131,THR,-0.7,116.1,0.0,1,1,E,0.4507042253521127,-116.9,142.2,7.0,26.0,0.21212121212121213,2.2348914807581766,27,23,9,14,0.04196468226055834,0,0,1,0,0,0,0,0,0,-1,0,0,0,0,0
1swg,C,132,LYS,-3.9,168.6,1.0,2,0,E,0.11219512195121951,-90.2,130.6,18.0,15.0,0.5454545454545454,2.1093791662708465,29,19,4,15,0.04662742473395372,0,0,1,0,0,0,0,0,0,-1,0,0,0,0,0
1swg,C,133,VAL,4.2,140.0,0.0,0,0,E,0.44366197183098594,-117.8,-18.0,10.0,14.0,0.4166666666666667,2.104277293162401,18,18,0,18,0.035436842797804825,0,0,1,0,0,0,0,0,0,-1,0,0,0,0,0
1swg,C,134,LYS,-3.9,168.6,1.0,2,0,E,0.5317073170731708,-142.2,97.1,9.0,11.0,0.45,1.9869347652342313,16,9,0,9,0.028909003335051305,0,0,1,0,0,0,0,0,0,-1,0,0,0,0,0
1swg,C,135,PRO,-1.6,112.7,0.0,0,0,T,0.5735294117647058,-85.7,145.0,7.0,12.0,0.3684210526315789,1.927357717127137,19,18,1,17,0.02611135785101408,0,0,0,0,0,1,0,0,0,-1,0,0,0,0,0
1swg,C,136,SER,-0.8,89.0,0.0,1,1,-,0.7230769230769231,-85.1,-24.9,7.0,17.0,0.2916666666666667,1.7396365311687492,20,20,2,18,0.023779986614316396,0,0,0,0,0,0,0,0,0,-1,0,0,0,0,0
1swg,C,137,ALA,1.8,88.6,0.0,0,0,-,0.7735849056603774,-88.8,129.1,0.0,19.0,0.0,1.7678091326228376,16,14,0,14,0.016319598656883802,0,0,0,0,0,0,0,0,0,-1,0,0,0,0,0
1swg,C,138,ALA,1.8,88.6,0.0,0,0,-,0.8301886792452831,-154.1,146.5,19.0,2.0,0.9047619047619048,1.767633626998009,19,7,1,6,0.020516066882939634,0,0,0,0,0,0,0,0,0,-1,0,0,0,0,0
1swg,C,139,SER,-0.8,89.0,0.0,1,1,-,0.9692307692307692,-74.0,-31.5,2.0,12.0,0.14285714285714285,1.7395373602683204,14,0,0,0,0.011190581936148893,0,0,0,0,0,0,0,0,0,-1,0,0,0,0,0
1swg,C,140,GLY,-0.4,60.1,0.0,0,0,S,0.6785714285714286,105.0,-7.1,6.0,14.0,0.3,1.7095182440643764,19,1,4,-3,0.020516066882939634,0,0,0,0,0,0,1,0,0,-1,0,0,0,0,0
1swg,C,141,GLY,-0.4,60.1,0.0,0,0,T,0.6190476190476191,-71.5,158.1,1.0,12.0,0.07692307692307693,1.7096083112500815,15,1,6,-5,0.015853324409544265,0,0,0,0,0,1,0,0,0,-1,0,0,0,0,0
1swg,C,142,GLY,-0.4,60.1,0.0,0,0,T,0.6071428571428571,102.8,-6.5,11.0,5.0,0.6875,1.7097269500075347,18,1,9,-8,0.01818469564624195,0,0,0,0,0,1,0,0,0,-1,0,0,0,0,0
1swg,C,143,SER,-0.8,89.0,0.0,1,1,H,0.5,59.0,-151.4,12.0,15.0,0.4444444444444444,1.7395995509014286,23,1,11,-10,0.024246260861655933,1,0,0,0,0,0,0,0,0,-1,0,0,0,0,0
1swg,C,13,ALA,1.8,88.6,0.0,0,0,H,0.018867924528301886,-67.9,-34.9,25.0,15.0,0.625,2.62282690353302,36,3,20,-17,0.04243095650789788,1,0,0,0,0,0,0,0,0,-1,0,0,0,0,0
1swg,C,14,GLU,-3.5,138.4,-1.0,1,3,H,0.27835051546391754,-60.4,-44.9,8.0,23.0,0.25806451612903225,1.9535162529709937,28,1,12,-11,0.03823448828184205,1,0,0,0,0,0,0,0,0,0,8571,6,0,718,1
1swg,C,15,ALA,1.8,88.6,0.0,0,0,H,0.4339622641509434,-73.1,-35.8,8.0,20.0,0.2857142857142857,1.7815338707240138,29,7,9,-2,0.032639197313767604,1,0,0,0,0,0,0,0,0,-1,0,0,0,0,0
1swg,C,16,GLY,-0.4,60.1,0.0,0,0,H,0.11904761904761904,-66.9,-42.2,19.0,20.0,0.48717948717948717,1.8879301391549286,37,15,9,6,0.040565859518539735,1,0,0,0,0,0,0,0,0,-1,0,0,0,0,0
1swg,C,17,ILE,4.5,166.7,0.0,0,0,H,0.0,-77.3,-44.9,24.0,24.0,0.5,4.822784681362043,39,14,12,2,0.048958795970651406,1,0,0,0,0,0,0,0,0,0,8571,6,0,718,1
1swg,C,18,THR,-0.7,116.1,0.0,1,1,S,0.33098591549295775,-62.7,124.4,10.0,21.0,0.3225806451612903,2.1026042349224823,29,11,9,2,0.03776821403450251,0,0,0,0,0,0,1,0,0,-1,0,0,0,0,0
1swg,C,19,GLY,-0.4,60.1,0.0,0,0,E,0.16666666666666666,142.0,-162.6,17.0,13.0,0.5666666666666667,1.970396559965136,29,18,3,15,0.04103213376587927,0,0,1,0,0,0,0,0,0,-1,0,0,0,0,0
1swg,C,20,THR,-0.7,116.1,0.0,1,1,E,0.16901408450704225,-108.4,130.3,7.0,24.0,0.22580645161290322,2.7467751296088094,24,19,0,19,0.04755997322863279,0,0,1,0,0,0,0,0,0,-1,0,0,0,0,0
1swg,C,21,TRP,-0.9,227.8,0.0,1,0,E,0.0,-126.1,155.0,22.0,13.0,0.6285714285714286,4.427223237184188,35,25,0,25,0.05222271570202816,0,0,1,0,0,0,0,0,0,-1,0,0,0,0,0
1swg,C,22,TYR,-1.3,193.6,0.0,1,1,E,0.3738738738738739,-132.1,145.8,8.0,21.0,0.27586206896551724,1.9406146048135475,22,15,8,7,0.04755997322863279,0,0,1,0,0,0,0,0,0,26,0,15,0,0,1
1swg,C,23,ASN,-3.5,114.1,0.0,2,2,E,0.07643312101910828,-102.8,-176.1,16.0,10.0,0.6153846153846154,2.3117225467639884,27,5,12,-7,0.043829779249916496,0,0,1,0,0,0,0,0,0,26,0,15,0,0,1
1swg,C,24,GLN,-3.5,143.8,0.0,2,2,T,0.5353535353535354,-68.0,-12.1,11.0,13.0,0.4583333333333333,1.7998376399446008,23,11,9,2,0.02984155182973038,0,0,0,0,0,1,0,0,0,26,0,15,0,0,1
1swg,C,25,LEU,3.8,166.7,0.0,0,0,T,0.4695121951219512,-92.7,-11.2,15.0,8.0,0.6521739130434783,1.9866311111118558,22,3,12,-9,0.026577632098353617,0,0,0,0,0,1,0,0,0,26,0,15,0,0,1
1swg,C,26,GLY,-0.4,60.1,0.0,0,0,-,0.4523809523809524,91.2,9.9,1.0,18.0,0.05263157894736842,1.8081444964167683,17,0,13,-13,0.029375277582390842,0,0,0,0,0,0,0,0,0,26,0,15,0,0,1
1swg,C,27,SER,-0.8,89.0,0.0,1,1,-,0.007692307692307693,-70.4,156.3,15.0,9.0,0.625,2.3884695576331265,24,0,15,-15,0.04243095650789788,0,0,0,0,0,0,0,0,0,26,0,15,0,0,1
1swg,C,28,THR,-0.7,116.1,0.0,1,1,E,0.15492957746478872,-114.1,122.0,12.0,18.0,0.4,2.455378029044616,29,13,9,4,0.04755997322863279,0,0,1,0,0,0,0,0,0,-1,0,0,0,0,0
1swg,C,29,PHE,2.8,189.9,0.0,0,0,E,0.0,-114.8,107.2,21.0,19.0,0.525,6.161152828207762,42,10,8,2,0.05548663543340492,0,0,1,0,0,0,0,0,0,-1,0,0,0,0,0
1swg,C,30,ILE,4.5,166.7,0.0,0,0,E,0.3076923076923077,-110.1,111.6,9.0,23.0,0.28125,2.599958543761694,26,19,8,11,0.04243095650789788,0,0,1,0,0,0,0,0,0,-1,0,0,0,0,0
1swg,C,31,VAL,4.2,140.0,0.0,0,0,E,0.014084507042253521,-135.4,147.2,27.0,11.0,0.7105263157894737,2.7059871051075186,32,6,3,3,0.045228601991935104,0,0,1,0,0,0,0,0,0,-1,0,0,0,0,0
1swg,C,32,THR,-0.7,116.1,0.0,1,1,E,0.5492957746478874,-115.0,130.3,5.0,25.0,0.16666666666666666,1.9342090798996203,26,2,7,-5,0.03357174580844668,0,0,1,0,0,0,0,0,0,-1,0,0,0,0,0
1swg,C,33,ALA,1.8,88.6,0.0,0,0,E,0.04716981132075472,-111.5,121.9,20.0,13.0,0.6060606060606061,2.4671959195614046,32,7,17,-10,0.045694876239274644,0,0,1,0,0,0,0,0,0,0,8571,6,0,718,1
1swg,C,34,GLY,-0.4,60.1,0.0,0,0,E,0.25,-170.1,-169.9,7.0,19.0,0.2692307692307692,1.8099843173275554,20,11,21,-10,0.03357174580844668,0,0,1,0,0,0,0,0,0,0,8571,6,0,718,1
1swg,C,35,ALA,1.8,88.6,0.0,0,0,T,0.8962264150943396,53.9,40.6,7.0,10.0,0.4117647058823529,1.7675622036312941,17,11,16,-5,0.020516066882939634,0,0,0,0,0,1,0,0,0,0,8571,6,0,718,1
1swg,C,36,ASP,-3.5,111.1,-1.0,1,3,T,0.49693251533742333,61.2,46.6,4.0,19.0,0.17391304347826086,1.723012196485941,20,18,14,4,0.027510180593032695,0,0,0,0,0,1,0,0,0,0,8571,6,0,718,1
1swg,C,37,GLY,-0.4,60.1,0.0,0,0,T,0.011904761904761904,126.2,-3.2,20.0,19.0,0.5128205128205128,2.580320392939167,34,20,23,-3,0.043829779249916496,0,0,0,0,0,1,0,0,0,0,8571,6,0,718,1
1swg,C,38,ALA,1.8,88.6,0.0,0,0,E,0.2358490566037736,-92.5,139.6,8.0,25.0,0.24242424242424243,2.1679961705549537,28,11,21,-10,0.03963331102386066,0,0,1,0,0,0,0,0,0,0,8571,6,0,718,1
1swg,C,39,LEU,3.8,166.7,0.0,0,0,E,0.0,-119.9,126.9,27.0,14.0,0.6585365853658537,3.293661509225462,33,11,14,-3,0.05129016720734909,0,0,1,0,0,0,0,0,0,0,8571,6,0,718,1
1swg,C,40,THR,-0.7,116.1,0.0,1,1,E,0.49295774647887325,-136.8,156.9,4.0,30.0,0.11764705882352941,2.040756281487266,26,7,0,7,0.03403802005578621,0,0,1,0,0,0,0,0,0,-1,0,0,0,0,0
1swg,C,41,GLY,-0.4,60.1,0.0,0,0,E,0.2619047619047619,158.1,-156.2,21.0,7.0,0.75,1.7095931628702916,23,16,1,15,0.03870076252918159,0,0,1,0,0,0,0,0,0,-1,0,0,0,0,0
1swg,C,42,THR,-0.7,116.1,0.0,1,1,E,0.16901408450704225,-134.6,148.9,7.0,23.0,0.23333333333333334,2.7669232716663488,26,11,9,2,0.04243095650789788,0,0,1,0,0,0,0,0,0,-1,0,0,0,0,0
1swg,C,43,TYR,-1.3,193.6,0.0,1,1,E,0.009009009009009009,-124.0,139.4,17.0,17.0,0.5,3.544591918066939,31,10,13,-3,0.056419183928083996,0,0,1,0,0,0,0,0,0,-1,0,0,0,0,0
1swg,C,44,GLU,-3.5,138.4,-1.0,1,3,E,0.4020618556701031,-133.5,110.4,9.0,17.0,0.34615384615384615,2.1444763158295386,25,14,0,14,0.04429605349725603,0,0,1,0,0,0,0,0,0,18,22,4,0,0,1
1swg,C,45,SER,-0.8,89.0,0.0,1,1,-,0.47692307692307695,-78.6,147.6,7.0,16.0,0.30434782608695654,1.83131643114249,22,12,12,0,0.035436842797804825,0,0,0,0,0,0,0,0,0,18,22,4,0,0,1
1swg,C,46,ALA,1.8,88.6,0.0,0,0,-,0.8773584905660378,-81.9,360.0,10.0,5.0,0.6666666666666666,1.8145205922692167,18,1,10,-9,0.021914889624958248,0,0,0,0,0,0,0,0,0,9,27,12,0,3,1
1swg,D,51,GLU,-3.5,138.4,-1.0,1,3,-,0.6907216494845361,360.0,-31.1,2.0,13.0,0.13333333333333333,1.858744039479653,13,23,3,20,0.030774100324409453,0,0,0,0,0,0,0,0,0,19,24,3,0,0,1
1swg,D,52,SER,-0.8,89.0,0.0,1,1,-,0.3769230769230769,-96.7,5.4,5.0,14.0,0.2631578947368421,1.8615318877851788,18,24,18,6,0.03310547156110714,0,0,0,0,0,0,0,0,0,19,24,3,0,0,1
1swg,D,53,ARG,-4.5,173.4,1.0,5,0,E,0.5524193548387096,-105.5,140.7,6.0,17.0,0.2608695652173913,1.9179635801002635,18,1,17,-16,0.03730193978716297,0,0,1,0,0,0,0,0,0,19,24,3,0,0,1
1swg,D,54,TYR,-1.3,193.6,0.0,1,1,E,0.05855855855855856,-134.5,149.1,22.0,12.0,0.6470588235294118,2.3626387531419635,27,36,16,20,0.04616115048661418,0,0,1,0,0,0,0,0,0,-1,0,0,0,0,0
1swg,D,55,VAL,4.2,140.0,0.0,0,0,E,0.4788732394366197,-69.1,140.7,14.0,22.0,0.3888888888888889,2.476982323435769,30,26,9,17,0.034970568550465285,0,0,1,0,0,0,0,0,0,-1,0,0,0,0,0
1swg,D,56,LEU,3.8,166.7,0.0,0,0,E,0.018292682926829267,-125.5,149.7,23.0,19.0,0.5476190476190477,3.3911998393065557,28,15,3,12,0.050823892960009553,0,0,1,0,0,0,0,0,0,-1,0,0,0,0,0
1swg,D,57,THR,-0.7,116.1,0.0,1,1,E,0.1267605633802817,-146.6,148.6,15.0,29.0,0.3409090909090909,2.8651237980222137,25,21,0,21,0.04662742473395372,0,0,1,0,0,0,0,0,0,-1,0,0,0,0,0
1swg,D,58,GLY,-0.4,60.1,0.0,0,0,E,0.0,-165.2,-169.8,28.0,19.0,0.5957446808510638,3.387966138129733,29,17,6,11,0.0526889899493677,0,0,1,0,0,0,0,0,0,-1,0,0,0,0,0
1swg,D,59,ARG,-4.5,173.4,1.0,5,0,E,0.09274193548387097,-141.7,152.2,20.0,28.0,0.4166666666666667,3.3358869265479956,33,7,15,-8,0.050823892960009553,0,0,1,0,0,0,0,0,0,-1,0,0,0,0,0
1swg,D,60,TYR,-1.3,193.6,0.0,1,1,E,0.13513513513513514,-142.5,161.5,24.0,28.0,0.46153846153846156,2.7406043682795977,36,20,16,4,0.048958795970651406,0,0,1,0,0,0,0,0,0,-1,0,0,0,0,0
1swg,D,61,ASP,-3.5,111.1,-1.0,1,3,-,0.012269938650306749,-75.7,107.4,22.0,21.0,0.5116279069767442,3.369484945086704,38,32,3,29,0.05035761871267001,0,0,0,0,0,0,0,0,0,4,507,6,0,31,1
1swg,D,62,SER,-0.8,89.0,0.0,1,1,S,0.3076923076923077,-85.9,-0.8,10.0,23.0,0.30303030303030304,1.84424624853533,26,26,16,10,0.03403802005578621,0,0,0,0,0,0,1,0,0,-1,0,0,0,0,0
1swg,D,63,ALA,1.8,88.6,0.0,0,0,S,0.4339622641509434,-136.0,66.4,9.0,19.0,0.32142857142857145,1.898628278915173,23,22,10,12,0.02797645484037223,0,0,0,0,0,0,1,0,0,4,507,6,0,31,1
1swg,D,64,PRO,-1.6,112.7,0.0,0,0,-,0.3382352941176471,-66.9,162.5,21.0,10.0,0.6774193548387096,2.0600022250414063,22,16,15,1,0.03776821403450251,0,0,0,0,0,0,0,0,0,4,507,6,0,31,1
1swg,D,65,ALA,1.8,88.6,0.0,0,0,-,0.24528301886792453,-58.5,153.9,13.0,9.0,0.5909090909090909,2.005557709949419,21,10,15,-5,0.032172923066428064,0,0,0,0,0,0,0,0,0,4,507,6,0,31,1
1swg,D,66,THR,-0.7,116.1,0.0,1,1,S,1.0,-104.2,12.4,1.0,13.0,0.07142857142857142,1.7768267277220684,10,6,9,-3,0.019117244140921023,0,0,0,0,0,0,1,0,0,4,507,6,0,31,1
1swg,D,67,ASP,-3.5,111.1,-1.0,1,3,S,0.6748466257668712,-92.0,8.8,6.0,7.0,0.46153846153846156,1.7845573341152534,13,6,2,4,0.016319598656883802,0,0,0,0,0,0,1,0,0,-1,0,0,0,0,0
1swg,D,68,GLY,-0.4,60.1,0.0,0,0,S,0.6785714285714286,101.7,-3.6,5.0,13.0,0.2777777777777778,1.7096278022375486,18,0,16,-16,0.020516066882939634,0,0,0,0,0,0,1,0,0,-1,0,0,0,0,0
1swg,D,69,SER,-0.8,89.0,0.0,1,1,-,0.19230769230769232,-67.1,149.6,15.0,12.0,0.5555555555555556,1.958813024942738,25,10,20,-10,0.0363693912924839,0,0,0,0,0,0,0,0,0,-1,0,0,0,0,0
1swg,D,70,GLY,-0.4,60.1,0.0,0,0,-,0.08333333333333333,-78.4,-178.3,27.0,12.0,0.6923076923076923,2.3059210553516105,33,12,24,-12,0.043363505002576956,0,0,0,0,0,0,0,0,0,-1,0,0,0,0,0
1swg,D,71,THR,-0.7,116.1,0.0,1,1,E,0.11971830985915492,-103.6,115.1,17.0,29.0,0.3695652173913043,2.664832823568085,38,14,10,4,0.04989134446533048,0,0,1,0,0,0,0,0,0,-1,0,0,0,0,0
1swg,D,72,ALA,1.8,88.6,0.0,0,0,E,0.009433962264150943,-66.7,139.8,24.0,25.0,0.4897959183673469,5.602026267771403,46,22,8,14,0.050823892960009553,0,0,1,0,0,0,0,0,0,-1,0,0,0,0,0
1swg,D,73,LEU,3.8,166.7,0.0,0,0,E,0.0,-161.2,166.8,23.0,30.0,0.4339622641509434,6.158652506799933,45,11,8,3,0.053621538444046775,0,0,1,0,0,0,0,0,0,-1,0,0,0,0,0
1swg,D,74,GLY,-0.4,60.1,0.0,0,0,E,0.0,-164.8,157.6,30.0,24.0,0.5555555555555556,7.611896617389171,38,10,3,7,0.05595290968074446,0,0,1,0,0,0,0,0,0,-1,0,0,0,0,0
1swg,D,75,TRP,-0.9,227.8,0.0,1,0,E,0.0,-153.9,165.1,21.0,34.0,0.38181818181818183,7.45121550251431,41,7,4,3,0.05595290968074446,0,0,1,0,0,0,0,0,0,-1,0,0,0,0,0
1swg,D,76,THR,-0.7,116.1,0.0,1,1,E,0.0,-129.5,143.6,25.0,26.0,0.49019607843137253,6.764879216164654,32,16,1,15,0.056419183928083996,0,0,1,0,0,0,0,0,0,-1,0,0,0,0,0
1swg,D,77,VAL,4.2,140.0,0.0,0,0,E,0.0,-124.2,122.8,19.0,31.0,0.38,5.237655379463412,37,19,6,13,0.05781800667010261,0,0,1,0,0,0,0,0,0,-1,0,0,0,0,0
1swg,D,78,ALA,1.8,88.6,0.0,0,0,E,0.018867924528301886,-95.2,126.5,23.0,25.0,0.4791666666666667,2.48504355312684,40,31,11,20,0.05781800667010261,0,0,1,0,0,0,0,0,0,-1,0,0,0,0,0
1swg,D,79,TRP,-0.9,227.8,0.0,1,0,E,0.12334801762114538,-79.3,49.0,13.0,28.0,0.3170731707317073,2.158223985032515,33,35,12,23,0.048492521723311866,0,0,1,0,0,0,0,0,0,-1,0,0,0,0,0
1swg,D,80,LYS,-3.9,168.6,1.0,2,0,E,0.17073170731707318,-126.8,133.0,18.0,18.0,0.5,2.073766929903351,28,29,18,11,0.050823892960009553,0,0,1,0,0,0,0,0,0,-1,0,0,0,0,0
1swg,D,81,ASN,-3.5,114.1,0.0,2,2,-,0.15286624203821655,-140.9,-170.5,13.0,15.0,0.4642857142857143,2.156089872696082,21,31,17,14,0.04103213376587927,0,0,0,0,0,0,0,0,0,-1,0,0,0,0,0
1swg,D,82,ASN,-3.5,114.1,0.0,2,2,S,0.8535031847133758,-73.4,-3.0,0.0,17.0,0.0,1.7221378735355566,15,21,16,5,0.02331371236697686,0,0,0,0,0,0,1,0,0,-1,0,0,0,0,0
1swg,D,83,TYR,-1.3,193.6,0.0,1,1,S,0.7387387387387387,-115.9,-33.2,4.0,8.0,0.3333333333333333,1.8885004214402985,9,25,9,16,0.027510180593032695,0,0,0,0,0,0,1,0,0,-1,0,0,0,0,0
1swg,D,84,ARG,-4.5,173.4,1.0,5,0,-,0.5725806451612904,-137.6,153.0,8.0,10.0,0.4444444444444444,1.8370253563124541,15,19,9,10,0.03403802005578621,0,0,0,0,0,0,0,0,0,-1,0,0,0,0,0
1swg,D,85,ASN,-3.5,114.1,0.0,2,2,E,0.3057324840764331,-148.0,118.3,12.0,15.0,0.4444444444444444,2.122990557718665,22,30,10,20,0.03823448828184205,0,0,1,0,0,0,0,0,0,-1,0,0,0,0,0
1swg,D,86,ALA,1.8,88.6,0.0,0,0,E,0.5094339622641509,-99.2,-0.4,12.0,17.0,0.41379310344827586,1.8244510431765633,24,29,7,22,0.030774100324409453,0,0,1,0,0,0,0,0,0,-1,0,0,0,0,0
1swg,D,87,HIS,-3.2,153.2,0.1,2,1,E,0.32065217391304346,50.5,53.5,13.0,22.0,0.37142857142857144,2.1744691062851524,29,12,13,-1,0.04616115048661418,0,0,1,0,0,0,0,0,0,-1,0,0,0,0,0
1swg,D,88,SER,-0.8,89.0,0.0,1,1,E,0.05384615384615385,-154.1,166.0,10.0,31.0,0.24390243902439024,3.1211683988239343,39,23,8,15,0.04755997322863279,0,0,1,0,0,0,0,0,0,-1,0,0,0,0,0
1swg,D,89,ALA,1.8,88.6,0.0,0,0,E,0.0,-148.5,141.0,29.0,19.0,0.6041666666666666,5.130192341472611,36,17,7,10,0.05781800667010261,0,0,1,0,0,0,0,0,0,-1,0,0,0,0,0
1swg,D,90,THR,-0.7,116.1,0.0,1,1,E,0.02112676056338028,-117.1,138.3,17.0,37.0,0.3148148148148148,3.232219774055463,38,8,3,5,0.05502036118606539,0,0,1,0,0,0,0,0,0,-1,0,0,0,0,0
1swg,D,91,THR,-0.7,116.1,0.0,1,1,E,0.0,-119.1,135.1,30.0,22.0,0.5769230769230769,6.165613768567196,29,6,1,5,0.05921682941212122,0,0,1,0,0,0,0,0,0,-1,0,0,0,0,0
1swg,D,92,TRP,-0.9,227.8,0.0,1,0,E,0.030837004405286344,-110.3,125.1,24.0,28.0,0.46153846153846156,3.896749275331484,35,5,8,-3,0.05502036118606539,0,0,1,0,0,0,0,0,0,-1,0,0,0,0,0
1swg,D,93,SER,-0.8,89.0,0.0,1,1,E,0.0,-119.8,127.1,29.0,22.0,0.5686274509803921,3.271216852969546,35,7,5,2,0.056419183928083996,0,0,1,0,0,0,0,0,0,-1,0,0,0,0,0
1swg,D,94,GLY,-0.4,60.1,0.0,0,0,E,0.011904761904761904,-172.6,-158.7,19.0,32.0,0.37254901960784315,2.6548563898216577,43,7,6,1,0.053155264196707235,0,0,1,0,0,0,0,0,0,-1,0,0,0,0,0
1swg,D,95,GLN,-3.5,143.8,0.0,2,2,E,0.015151515151515152,-144.4,148.5,20.0,25.0,0.4444444444444444,2.697513197449906,42,10,12,-2,0.04755997322863279,0,0,1,0,0,0,0,0,0,6,32,15,0,5,1
1swg,D,96,TYR,-1.3,193.6,0.0,1,1,E,0.13963963963963963,-90.0,129.5,20.0,25.0,0.4444444444444444,2.5924468015201536,34,13,10,3,0.04662742473395372,0,0,1,0,0,0,0,0,0,-1,0,0,0,0,0
1swg,D,97,VAL,4.2,140.0,0.0,0,0,E,0.176056338028169,-121.4,111.9,17.0,14.0,0.5483870967741935,2.2591482420472087,29,10,17,-7,0.03916703677652112,0,0,1,0,0,0,0,0,0,14,35,3,0,1,1
1swg,D,98,GLY,-0.4,60.1,0.0,0,0,-,0.4166666666666667,-81.5,-172.5,9.0,17.0,0.34615384615384615,1.7095429581214026,21,13,13,0,0.028909003335051305,0,0,0,0,0,0,0,0,0,14,35,3,0,1,1
1swg,D,99,GLY,-0.4,60.1,0.0,0,0,S,0.7857142857142857,118.8,-156.4,8.0,7.0,0.5333333333333333,1.7095353447569028,12,12,10,2,0.01678587290422334,0,0,0,0,0,0,1,0,0,14,35,3,0,1,1
1swg,D,100,ALA,1.8,88.6,0.0,0,0,T,1.0,-68.5,-53.0,0.0,9.0,0.0,1.7676296846118902,11,13,9,4,0.013521953172846577,0,0,0,0,0,1,0,0,0,14,35,3,0,1,1
1swg,D,101,GLU,-3.5,138.4,-1.0,1,3,T,0.5721649484536082,-91.2,69.0,3.0,12.0,0.2,1.7084216487996706,16,18,1,17,0.021914889624958248,0,0,0,0,0,1,0,0,0,14,35,3,0,1,1
1swg,D,102,ALA,1.8,88.6,0.0,0,0,-,0.11320754716981132,-53.5,133.7,13.0,11.0,0.5416666666666666,1.9285741848054367,22,20,10,10,0.040565859518539735,0,0,0,0,0,0,0,0,0,14,35,3,0,1,1
1swg,D,103,ARG,-4.5,173.4,1.0,5,0,E,0.3629032258064516,-145.3,151.1,8.0,22.0,0.26666666666666666,2.412017010258062,21,7,16,-9,0.048492521723311866,0,0,1,0,0,0,0,0,0,14,35,3,0,1,1
1swg,D,104,ILE,4.5,166.7,0.0,0,0,E,0.0,-117.8,113.0,23.0,18.0,0.5609756097560976,5.477920459348237,38,19,11,8,0.053621538444046775,0,0,1,0,0,0,0,0,0,-1,0,0,0,0,0
1swg,D,105,ASN,-3.5,114.1,0.0,2,2,E,0.3057324840764331,-102.6,124.7,17.0,25.0,0.40476190476190477,2.0105296782020967,37,23,16,7,0.04289723075523742,0,0,1,0,0,0,0,0,0,-1,0,0,0,0,0
1swg,D,106,THR,-0.7,116.1,0.0,1,1,E,0.028169014084507043,-135.3,162.7,21.0,23.0,0.4772727272727273,2.5504006263175367,31,20,8,12,0.05175644145468863,0,0,1,0,0,0,0,0,0,10,12,17,0,2,1
1swg,D,107,GLN,-3.5,143.8,0.0,2,2,E,0.06060606060606061,-122.6,147.3,20.0,23.0,0.46511627906976744,2.433463385603691,27,20,8,12,0.0526889899493677,0,0,1,0,0,0,0,0,0,10,12,17,0,2,1
1swg,D,108,TRP,-0.9,227.8,0.0,1,0,E,0.04405286343612335,-132.3,159.5,17.0,31.0,0.3541666666666667,2.746713899067607,29,17,8,9,0.050823892960009553,0,0,1,0,0,0,0,0,0,-1,0,0,0,0,0
1swg,D,109,LEU,3.8,166.7,0.0,0,0,E,0.006097560975609756,-125.2,123.2,28.0,22.0,0.56,4.966617341224494,24,2,0,2,0.05735173242276307,0,0,1,0,0,0,0,0,0,-1,0,0,0,0,0
1swg,D,110,LEU,3.8,166.7,0.0,0,0,E,0.11585365853658537,-112.9,109.5,13.0,32.0,0.28888888888888886,2.4053303228631586,30,12,0,12,0.04989134446533048,0,0,1,0,0,0,0,0,0,-1,0,0,0,0,0
1swg,D,111,THR,-0.7,116.1,0.0,1,1,E,0.007042253521126761,-106.4,126.3,28.0,21.0,0.5714285714285714,2.7130002169039362,38,10,2,8,0.04942507021799094,0,0,1,0,0,0,0,0,0,-1,0,0,0,0,0
1swg,D,112,SER,-0.8,89.0,0.0,1,1,E,0.36153846153846153,-100.4,146.5,13.0,31.0,0.29545454545454547,2.4634885350145477,33,17,3,14,0.043363505002576956,0,0,1,0,0,0,0,0,0,-1,0,0,0,0,0
1swg,D,113,GLY,-0.4,60.1,0.0,0,0,-,0.17857142857142858,-71.5,134.1,24.0,23.0,0.5106382978723404,2.077681544578247,34,16,19,-3,0.045694876239274644,0,0,0,0,0,0,0,0,0,-1,0,0,0,0,0
1swg,D,114,THR,-0.7,116.1,0.0,1,1,-,0.1056338028169014,-143.4,162.9,12.0,18.0,0.4,2.262090260926953,27,15,17,-2,0.04103213376587927,0,0,0,0,0,0,0,0,0,12,24,6,0,1,1
1swg,D,115,THR,-0.7,116.1,0.0,1,1,-,0.2887323943661972,-74.6,163.6,5.0,19.0,0.20833333333333334,2.0191321041766477,20,9,17,-8,0.032172923066428064,0,0,0,0,0,0,0,0,0,12,24,6,0,1,1
1swg,D,116,GLU,-3.5,138.4,-1.0,1,3,G,0.5721649484536082,-59.4,-31.9,7.0,18.0,0.28,1.7461014359580123,21,5,3,2,0.02611135785101408,0,0,0,1,0,0,0,0,0,12,24,6,0,1,1
1swg,D,117,ALA,1.8,88.6,0.0,0,0,G,0.7358490566037735,-65.4,-26.8,1.0,14.0,0.06666666666666667,1.8025230305749342,15,9,9,0,0.022381163872297785,0,0,0,1,0,0,0,0,0,-1,0,0,0,0,0
1swg,D,118,ASN,-3.5,114.1,0.0,2,2,G,0.42038216560509556,-107.4,5.3,10.0,7.0,0.5882352941176471,2.257355916214484,18,9,10,-1,0.03310547156110714,0,0,0,1,0,0,0,0,0,-1,0,0,0,0,0
1swg,D,119,ALA,1.8,88.6,0.0,0,0,G,0.25471698113207547,-61.1,-29.1,18.0,13.0,0.5806451612903226,1.9704582655514096,27,16,10,6,0.03730193978716297,0,0,0,1,0,0,0,0,0,-1,0,0,0,0,0
1swg,D,120,TRP,-0.9,227.8,0.0,1,0,G,0.45374449339207046,-57.7,-28.7,10.0,21.0,0.3225806451612903,1.819504100331201,27,13,6,7,0.03823448828184205,0,0,0,1,0,0,0,0,0,-1,0,0,0,0,0
1swg,D,121,LYS,-3.9,168.6,1.0,2,0,G,0.48292682926829267,-111.7,27.8,7.0,21.0,0.25,2.0578929509569432,20,0,4,-4,0.03823448828184205,0,0,0,1,0,0,0,0,0,-1,0,0,0,0,0
1swg,D,122,SER,-0.8,89.0,0.0,1,1,-,0.1076923076923077,-76.4,-18.7,26.0,12.0,0.6842105263157895,1.815802188310264,30,14,5,9,0.04289723075523742,0,0,0,0,0,0,0,0,0,-1,0,0,0,0,0
1swg,D,123,THR,-0.7,116.1,0.0,1,1,E,0.02112676056338028,-126.5,121.1,24.0,17.0,0.5853658536585366,2.139734368451145,27,13,0,13,0.048026247475972325,0,0,1,0,0,0,0,0,0,-1,0,0,0,0,0
1swg,D,124,LEU,3.8,166.7,0.0,0,0,E,0.18902439024390244,-93.1,152.5,15.0,23.0,0.39473684210526316,2.5392236911166757,20,15,0,15,0.048492521723311866,0,0,1,0,0,0,0,0,0,-1,0,0,0,0,0
1swg,D,125,VAL,4.2,140.0,0.0,0,0,E,0.02112676056338028,-133.1,139.7,24.0,21.0,0.5333333333333333,3.575642194878147,18,20,3,17,0.04755997322863279,0,0,1,0,0,0,0,0,0,-1,0,0,0,0,0
1swg,D,126,GLY,-0.4,60.1,0.0,0,0,E,0.047619047619047616,-160.4,-168.1,15.0,26.0,0.36585365853658536,2.7255338922183796,24,24,8,16,0.04616115048661418,0,0,1,0,0,0,0,0,0,10,12,17,0,2,1
1swg,D,127,HIS,-3.2,153.2,0.1,2,1,E,0.32065217391304346,-149.4,134.6,15.0,22.0,0.40540540540540543,1.8719587604631613,22,1,12,-11,0.04103213376587927,0,0,1,0,0,0,0,0,0,10,12,17,0,2,1
1swg,D,128,ASP,-3.5,111.1,-1.0,1,3,E,0.024539877300613498,-126.7,138.9,19.0,12.0,0.6129032258064516,2.0340775366046757,28,17,0,17,0.048492521723311866,0,0,1,0,0,0,0,0,0,10,12,17,0,2,1
1swg,D,129,THR,-0.7,116.1,0.0,1,1,E,0.24647887323943662,-116.2,129.9,6.0,24.0,0.2,1.9205073895815288,28,27,13,14,0.043363505002576956,0,0,1,0,0,0,0,0,0,25,1,9,0,0,1
1swg,D,130,PHE,2.8,189.9,0.0,0,0,E,0.0,-115.0,137.6,22.0,11.0,0.6666666666666666,3.680615179907716,37,22,9,13,0.05035761871267001,0,0,1,0,0,0,0,0,0,-1,0,0,0,0,0
1swg,D,131,THR,-0.7,116.1,0.0,1,1,E,0.2887323943661972,-123.1,152.5,5.0,26.0,0.16129032258064516,1.9012567027271774,25,20,11,9,0.043363505002576956,0,0,1,0,0,0,0,0,0,24,6,2,0,0,1
1swg,D,132,LYS,-3.9,168.6,1.0,2,0,E,0.375609756097561,-79.0,139.0,14.0,15.0,0.4827586206896552,1.9047082457256483,23,7,9,-2,0.03776821403450251,0,0,1,0,0,0,0,0,0,24,6,2,0,0,1
1swg,D,133,VAL,4.2,140.0,0.0,0,0,-,0.8591549295774648,-96.5,360.0,10.0,10.0,0.5,1.8863773904017722,15,9,1,8,0.02471253510899547,0,0,0,0,0,0,0,0,0,24,6,2,0,0,1
1swg,D,16,GLY,-0.4,60.1,0.0,0,0,-,0.6309523809523809,360.0,-158.4,6.0,20.0,0.23076923076923078,2.0701313302339956,25,13,2,11,0.024246260861655933,0,0,0,0,0,0,0,0,0,-1,0,0,0,0,0
1swg,D,17,ILE,4.5,166.7,0.0,0,0,-,0.09467455621301775,-74.4,-43.6,24.0,16.0,0.6,2.4589707363563416,33,13,3,10,0.04103213376587927,0,0,0,0,0,0,0,0,0,-1,0,0,0,0,0
1swg,D,18,THR,-0.7,116.1,0.0,1,1,S,0.5,-56.3,128.3,6.0,21.0,0.2222222222222222,1.8820048495722033,22,6,0,6,0.030774100324409453,0,0,0,0,0,0,1,0,0,-1,0,0,0,0,0
1swg,D,19,GLY,-0.4,60.1,0.0,0,0,E,0.2619047619047619,150.7,-165.6,11.0,14.0,0.44,1.865716093107297,23,9,0,9,0.03590311704514436,0,0,1,0,0,0,0,0,0,-1,0,0,0,0,0
1swg,D,20,THR,-0.7,116.1,0.0,1,1,E,0.34507042253521125,-108.7,121.3,4.0,22.0,0.15384615384615385,2.0088179859773105,21,9,3,6,0.04196468226055834,0,0,1,0,0,0,0,0,0,24,6,2,0,0,1
1swg,D,21,TRP,-0.9,227.8,0.0,1,0,E,0.0,-117.6,157.6,21.0,10.0,0.6774193548387096,4.117531202365529,32,17,3,14,0.04989134446533048,0,0,1,0,0,0,0,0,0,24,6,2,0,0,1
1swg,D,22,TYR,-1.3,193.6,0.0,1,1,E,0.45045045045045046,-129.8,146.4,5.0,21.0,0.19230769230769232,1.90299804640042,19,6,9,-3,0.048026247475972325,0,0,1,0,0,0,0,0,0,25,1,9,0,0,1
1swg,D,23,ASN,-3.5,114.1,0.0,2,2,E,0.05732484076433121,-110.4,165.9,15.0,10.0,0.6,2.2891133849219703,25,6,12,-6,0.043829779249916496,0,0,1,0,0,0,0,0,0,25,1,9,0,0,1
1swg,D,24,GLN,-3.5,143.8,0.0,2,2,T,0.5656565656565656,-44.2,-19.6,10.0,12.0,0.45454545454545453,1.7529858223473438,21,13,9,4,0.028909003335051305,0,0,0,0,0,1,0,0,0,25,1,9,0,0,1
1swg,D,25,LEU,3.8,166.7,0.0,0,0,T,0.5365853658536586,-94.0,-8.2,14.0,8.0,0.6363636363636364,1.982624502082194,21,4,11,-7,0.02331371236697686,0,0,0,0,0,1,0,0,0,25,1,9,0,0,1
1swg,D,26,GLY,-0.4,60.1,0.0,0,0,-,0.5833333333333334,87.5,2.3,0.0,17.0,0.0,1.7095266877424653,15,0,12,-12,0.026577632098353617,0,0,0,0,0,0,0,0,0,25,1,9,0,0,1
1swg,D,27,SER,-0.8,89.0,0.0,1,1,-,0.05384615384615385,-66.4,145.3,14.0,9.0,0.6086956521739131,2.1846843947653176,22,0,15,-15,0.03870076252918159,0,0,0,0,0,0,0,0,0,25,1,9,0,0,1
1swg,D,28,THR,-0.7,116.1,0.0,1,1,E,0.11971830985915492,-113.3,134.6,9.0,18.0,0.3333333333333333,2.424594281802301,28,11,9,2,0.045694876239274644,0,0,1,0,0,0,0,0,0,-1,0,0,0,0,0
1swg,D,29,PHE,2.8,189.9,0.0,0,0,E,0.005076142131979695,-122.8,106.4,22.0,17.0,0.5641025641025641,6.433358313871664,38,7,11,-4,0.05548663543340492,0,0,1,0,0,0,0,0,0,-1,0,0,0,0,0
1swg,D,30,ILE,4.5,166.7,0.0,0,0,E,0.30177514792899407,-101.3,119.2,8.0,22.0,0.26666666666666666,2.6436996632276375,26,9,9,0,0.04149840801321881,0,0,1,0,0,0,0,0,0,-1,0,0,0,0,0
1swg,D,31,VAL,4.2,140.0,0.0,0,0,E,0.007042253521126761,-136.2,144.5,22.0,11.0,0.6666666666666666,3.0567301971148857,29,5,0,5,0.045228601991935104,0,0,1,0,0,0,0,0,0,-1,0,0,0,0,0
1swg,D,32,THR,-0.7,116.1,0.0,1,1,E,0.5352112676056338,-125.2,128.2,5.0,21.0,0.19230769230769232,2.1558407477911157,23,0,1,-1,0.03124037457174899,0,0,1,0,0,0,0,0,0,-1,0,0,0,0,0
1swg,D,33,ALA,1.8,88.6,0.0,0,0,E,0.19811320754716982,-105.9,102.0,14.0,14.0,0.5,2.1488998448598626,26,6,11,-5,0.03870076252918159,0,0,1,0,0,0,0,0,0,-1,0,0,0,0,0
1swg,D,34,GLY,-0.4,60.1,0.0,0,0,-,0.2976190476190476,-69.4,161.7,9.0,12.0,0.42857142857142855,1.9488325441431482,17,11,12,-1,0.02844272908771177,0,0,0,0,0,0,0,0,0,-1,0,0,0,0,0
1swg,D,35,ALA,1.8,88.6,0.0,0,0,T,0.9245283018867925,-73.7,-14.7,0.0,15.0,0.0,1.7675430658107998,15,7,12,-5,0.020516066882939634,0,0,0,0,0,1,0,0,0,-1,0,0,0,0,0
1swg,D,36,ASP,-3.5,111.1,-1.0,1,3,T,0.6503067484662577,-89.0,-0.6,6.0,15.0,0.2857142857142857,1.6721037010493476,19,17,4,13,0.023779986614316396,0,0,0,0,0,1,0,0,0,-1,0,0,0,0,0
1swg,D,37,GLY,-0.4,60.1,0.0,0,0,S,0.011904761904761904,100.5,3.6,21.0,17.0,0.5526315789473685,2.5994915760160597,30,20,16,4,0.040565859518539735,0,0,0,0,0,0,1,0,0,-1,0,0,0,0,0
1swg,D,38,ALA,1.8,88.6,0.0,0,0,E,0.19811320754716982,-88.3,146.5,11.0,22.0,0.3333333333333333,2.250225067931266,26,11,12,-1,0.040099585271200194,0,0,1,0,0,0,0,0,0,-1,0,0,0,0,0
1swg,D,39,LEU,3.8,166.7,0.0,0,0,E,0.006097560975609756,-113.2,127.2,28.0,10.0,0.7368421052631579,3.717669635617893,32,11,11,0,0.050823892960009553,0,0,1,0,0,0,0,0,0,-1,0,0,0,0,0
1swg,D,40,THR,-0.7,116.1,0.0,1,1,E,0.5,-139.1,145.2,7.0,27.0,0.20588235294117646,1.9619307327434308,27,10,3,7,0.034970568550465285,0,0,1,0,0,0,0,0,0,-1,0,0,0,0,0
1swg,D,41,GLY,-0.4,60.1,0.0,0,0,E,0.25,165.9,-156.2,20.0,8.0,0.7142857142857143,1.7595827806236868,23,12,4,8,0.03730193978716297,0,0,1,0,0,0,0,0,0,-1,0,0,0,0,0
1swg,D,42,THR,-0.7,116.1,0.0,1,1,E,0.3380281690140845,-138.1,155.9,7.0,24.0,0.22580645161290322,2.8284441582568474,25,11,9,2,0.04196468226055834,0,0,1,0,0,0,0,0,0,-1,0,0,0,0,0
1swg,D,43,TYR,-1.3,193.6,0.0,1,1,E,0.018018018018018018,-130.0,140.0,17.0,17.0,0.5,3.581261179062036,30,8,13,-5,0.053621538444046775,0,0,1,0,0,0,0,0,0,-1,0,0,0,0,0
1swg,D,44,GLU,-3.5,138.4,-1.0,1,3,E,0.18556701030927836,-130.3,121.8,11.0,15.0,0.4230769230769231,2.026563923346914,25,11,5,6,0.04243095650789788,0,0,1,0,0,0,0,0,0,19,24,3,0,0,1
1swg,D,45,SER,-0.8,89.0,0.0,1,1,-,0.7923076923076923,-103.6,360.0,5.0,15.0,0.25,1.8086500697164318,22,13,13,0,0.032639197313767604,0,0,0,0,0,0,0,0,0,-1,0,0,0,0,0
1pgt,A,0,MET,1.9,162.9,0.0,0,0,-,1.0,360.0,151.6,7.0,4.0,0.6363636363636364,1.8296168971764315,9,8,0,8,0.012123130430827966,0,0,0,0,0,0,0,0,0,-1,0,0,0,0,0
1pgt,A,1,PRO,-1.6,112.7,0.0,0,0,-,0.2647058823529412,-66.4,142.2,11.0,4.0,0.7333333333333333,1.9118990335828934,15,9,7,2,0.02611135785101408,0,0,0,0,0,0,0,0,0,21,5,10,0,0,1
1pgt,A,2,PRO,-1.6,112.7,0.0,0,0,S,0.5367647058823529,-66.5,-11.5,6.0,12.0,0.3333333333333333,1.8794533513274085,19,8,11,-3,0.030774100324409453,0,0,0,0,0,0,1,0,0,-1,0,0,0,0,0
1pgt,A,3,TYR,-1.3,193.6,0.0,1,1,E,0.07207207207207207,-108.3,136.5,11.0,16.0,0.4074074074074074,2.529469752458431,28,15,10,5,0.045694876239274644,0,0,1,0,0,0,0,0,0,21,5,10,0,0,1
1pgt,A,4,THR,-0.7,116.1,0.0,1,1,E,0.14788732394366197,-132.5,130.6,12.0,18.0,0.4,2.771733638658643,28,18,28,-10,0.048492521723311866,0,0,1,0,0,0,0,0,0,14,24,10,0,2,1
1pgt,A,5,VAL,4.2,140.0,0.0,0,0,E,0.007042253521126761,-108.8,122.9,17.0,18.0,0.4857142857142857,5.268551437497391,32,31,21,10,0.05175644145468863,0,0,1,0,0,0,0,0,0,-1,0,0,0,0,0
1pgt,A,6,VAL,4.2,140.0,0.0,0,0,E,0.0,-107.7,116.6,15.0,20.0,0.42857142857142855,4.050543092880464,30,21,18,3,0.048492521723311866,0,0,1,0,0,0,0,0,0,14,24,10,0,2,1
1pgt,A,7,TYR,-1.3,193.6,0.0,1,1,E,0.09009009009009009,-161.9,166.9,21.0,15.0,0.5833333333333334,3.078315782498723,33,27,12,15,0.048958795970651406,0,0,1,0,0,0,0,0,0,16,24,7,0,1,1
1pgt,A,8,PHE,2.8,189.9,0.0,0,0,-,0.25380710659898476,-67.2,160.4,15.0,15.0,0.5,2.2106940671133852,33,14,9,5,0.03916703677652112,0,0,0,0,0,0,0,0,0,16,24,7,0,1,1
1pgt,A,9,PRO,-1.6,112.7,0.0,0,0,S,0.39705882352941174,-78.6,65.5,8.0,23.0,0.25806451612903225,2.057558975206615,25,11,14,-3,0.0363693912924839,0,0,0,0,0,0,1,0,0,16,24,7,0,1,1
1pgt,A,10,VAL,4.2,140.0,0.0,0,0,S,0.09154929577464789,-144.7,164.0,15.0,15.0,0.5,2.842186411904335,29,23,5,18,0.04196468226055834,0,0,0,0,0,0,1,0,0,13,24,8,0,2,1
1pgt,A,11,ARG,-4.5,173.4,1.0,5,0,S,0.14516129032258066,-77.2,-54.2,17.0,15.0,0.53125,2.383953977025146,34,18,14,4,0.048026247475972325,0,0,0,0,0,0,1,0,0,24,4,6,0,0,1
1pgt,A,12,GLY,-0.4,60.1,0.0,0,0,G,0.14285714285714285,38.4,-128.7,15.0,18.0,0.45454545454545453,1.7097280681948492,31,41,8,33,0.04103213376587927,0,0,0,1,0,0,0,0,0,-1,0,0,0,0,0
1pgt,A,13,ARG,-4.5,173.4,1.0,5,0,G,0.2701612903225806,-81.1,2.5,20.0,21.0,0.4878048780487805,2.37613127790203,36,18,15,3,0.03730193978716297,0,0,0,1,0,0,0,0,0,12,13,21,0,2,1
1pgt,A,14,CYS,2.5,108.5,0.0,1,0,G,0.0,-103.4,-6.4,21.0,18.0,0.5384615384615384,4.064470244858011,39,38,10,28,0.043363505002576956,0,0,0,1,0,0,0,0,0,-1,0,0,0,0,0
1pgt,A,15,ALA,1.8,88.6,0.0,0,0,H,0.009433962264150943,-63.0,-38.5,19.0,20.0,0.48717948717948717,2.5352923592850187,37,34,13,21,0.04243095650789788,1,0,0,0,0,0,0,0,0,-1,0,0,0,0,0
1pgt,A,16,ALA,1.8,88.6,0.0,0,0,H,0.03773584905660377,-68.0,-47.3,26.0,15.0,0.6341463414634146,5.409453055300593,40,29,15,14,0.04616115048661418,1,0,0,0,0,0,0,0,0,-1,0,0,0,0,0
1pgt,A,17,LEU,3.8,166.7,0.0,0,0,H,0.012195121951219513,-67.7,-30.3,21.0,21.0,0.5,6.478873057174573,41,26,9,17,0.04709369898129325,1,0,0,0,0,0,0,0,0,-1,0,0,0,0,0
1pgt,A,18,ARG,-4.5,173.4,1.0,5,0,H,0.04838709677419355,-70.2,-41.0,18.0,23.0,0.43902439024390244,2.890917521736326,37,17,23,-6,0.043363505002576956,1,0,0,0,0,0,0,0,0,-1,0,0,0,0,0
1pgt,A,19,MET,1.9,162.9,0.0,0,0,H,0.0,-59.8,-39.6,21.0,20.0,0.5121951219512195,5.0478413677152725,39,27,21,6,0.05175644145468863,1,0,0,0,0,0,0,0,0,-1,0,0,0,0,0
1pgt,A,20,LEU,3.8,166.7,0.0,0,0,H,0.0,-64.4,-47.2,21.0,20.0,0.5121951219512195,6.206368442202044,38,15,13,2,0.050823892960009553,1,0,0,0,0,0,0,0,0,-1,0,0,0,0,0
1pgt,A,21,LEU,3.8,166.7,0.0,0,0,H,0.0,-66.7,-40.8,17.0,15.0,0.53125,4.463869800035651,33,14,11,3,0.05129016720734909,1,0,0,0,0,0,0,0,0,21,5,10,0,0,1
1pgt,A,22,ALA,1.8,88.6,0.0,0,0,H,0.1509433962264151,-64.4,-47.1,18.0,9.0,0.6666666666666666,2.0688454203966957,28,26,12,14,0.04709369898129325,1,0,0,0,0,0,0,0,0,28,0,1,0,0,1
1pgt,A,23,ASP,-3.5,111.1,-1.0,1,3,H,0.06748466257668712,-63.2,-33.3,19.0,10.0,0.6551724137931034,2.2833788714664434,29,28,0,28,0.04616115048661418,1,0,0,0,0,0,0,0,0,28,0,1,0,0,1
1pgt,A,24,GLN,-3.5,143.8,0.0,2,2,T,0.30303030303030304,-86.5,4.8,17.0,9.0,0.6538461538461539,1.9495500865858943,26,17,8,9,0.03590311704514436,0,0,0,0,0,1,0,0,0,28,0,1,0,0,1
1pgt,A,25,GLY,-0.4,60.1,0.0,0,0,T,0.6190476190476191,67.7,29.2,3.0,15.0,0.16666666666666666,1.7953405072296325,17,11,8,3,0.027510180593032695,0,0,0,0,0,1,0,0,0,28,0,1,0,0,1
1pgt,A,26,GLN,-3.5,143.8,0.0,2,2,-,0.3282828282828283,-94.2,149.8,16.0,6.0,0.7272727272727273,1.955286762571378,21,8,5,3,0.032172923066428064,0,0,0,0,0,0,0,0,0,21,5,10,0,0,1
1pgt,A,27,SER,-0.8,89.0,0.0,1,1,-,0.5692307692307692,-99.1,157.2,3.0,16.0,0.15789473684210525,2.060478071693874,21,8,4,4,0.030774100324409453,0,0,0,0,0,0,0,0,0,21,5,10,0,0,1
1pgt,A,28,TRP,-0.9,227.8,0.0,1,0,-,0.1762114537444934,-154.3,160.5,18.0,6.0,0.75,1.986021945807538,26,20,17,3,0.03963331102386066,0,0,0,0,0,0,0,0,0,21,5,10,0,0,1
1pgt,A,29,LYS,-3.9,168.6,1.0,2,0,E,0.6,-108.0,143.2,9.0,13.0,0.4090909090909091,2.2339194638060365,19,3,20,-17,0.032639197313767604,0,0,1,0,0,0,0,0,0,21,5,10,0,0,1
1pgt,A,30,GLU,-3.5,138.4,-1.0,1,3,E,0.1958762886597938,-103.7,129.6,9.0,15.0,0.375,1.8183081384632136,24,20,17,3,0.03590311704514436,0,0,1,0,0,0,0,0,0,16,24,7,0,1,1
1pgt,A,31,GLU,-3.5,138.4,-1.0,1,3,E,0.4587628865979381,-112.1,109.5,10.0,9.0,0.5263157894736842,2.0976053046050356,21,19,9,10,0.03124037457174899,0,0,1,0,0,0,0,0,0,16,24,7,0,1,1
1pgt,A,32,VAL,4.2,140.0,0.0,0,0,E,0.6197183098591549,-86.9,130.4,6.0,18.0,0.25,1.9411436267723639,20,11,19,-8,0.03403802005578621,0,0,1,0,0,0,0,0,0,16,24,7,0,1,1
1pgt,A,33,VAL,4.2,140.0,0.0,0,0,-,0.035211267605633804,-109.7,115.2,17.0,7.0,0.7083333333333334,2.5543062972987456,24,6,24,-18,0.04149840801321881,0,0,0,0,0,0,0,0,0,16,24,7,0,1,1
1pgt,A,34,THR,-0.7,116.1,0.0,1,1,-,0.33098591549295775,-79.1,156.3,3.0,15.0,0.16666666666666666,2.201972575875115,16,0,14,-14,0.032172923066428064,0,0,0,0,0,0,0,0,0,16,24,7,0,1,1
1pgt,A,35,VAL,4.2,140.0,0.0,0,0,H,0.5563380281690141,-52.3,-33.8,3.0,15.0,0.16666666666666666,2.011671975510996,15,0,13,-13,0.03124037457174899,1,0,0,0,0,0,0,0,0,4,1146,5,0,73,1
1pgt,A,36,GLU,-3.5,138.4,-1.0,1,3,H,0.6752577319587629,-66.9,-45.5,2.0,12.0,0.14285714285714285,1.7685427502391642,11,0,5,-5,0.025645083603674543,1,0,0,0,0,0,0,0,0,4,1146,5,0,73,1
1pgt,A,37,THR,-0.7,116.1,0.0,1,1,H,0.4859154929577465,-62.5,-40.1,9.0,7.0,0.5625,2.070410673266426,18,3,19,-16,0.035436842797804825,1,0,0,0,0,0,0,0,0,4,1146,5,0,73,1
1pgt,A,38,TRP,-0.9,227.8,0.0,1,0,H,0.1894273127753304,-64.6,-37.8,12.0,10.0,0.5454545454545454,2.580386938430469,22,9,15,-6,0.043363505002576956,1,0,0,0,0,0,0,0,0,4,1146,5,0,73,1
1pgt,A,39,GLN,-3.5,143.8,0.0,2,2,H,0.7727272727272727,-70.6,-21.7,3.0,11.0,0.21428571428571427,1.8332406088173105,12,7,18,-11,0.026577632098353617,1,0,0,0,0,0,0,0,0,4,1146,5,0,73,1
1pgt,A,40,GLU,-3.5,138.4,-1.0,1,3,H,0.634020618556701,-54.3,-48.6,7.0,5.0,0.5833333333333334,1.7565505861645434,13,6,5,1,0.023779986614316396,1,0,0,0,0,0,0,0,0,4,1146,5,0,73,1
1pgt,A,41,GLY,-0.4,60.1,0.0,0,0,-,0.3333333333333333,111.6,-20.6,1.0,15.0,0.0625,1.8819520338898768,15,9,12,-3,0.029375277582390842,0,0,0,0,0,0,0,0,0,4,1146,5,0,73,1
1pgt,A,42,SER,-0.8,89.0,0.0,1,1,H,0.5230769230769231,-69.1,-44.2,2.0,12.0,0.14285714285714285,1.7396820215321862,12,8,11,-3,0.025645083603674543,1,0,0,0,0,0,0,0,0,4,1146,5,0,73,1
1pgt,A,43,LEU,3.8,166.7,0.0,0,0,H,0.17073170731707318,-61.8,-42.3,15.0,9.0,0.625,2.2843505708707834,25,16,15,1,0.03403802005578621,1,0,0,0,0,0,0,0,0,4,1146,5,0,73,1
1pgt,A,44,LYS,-3.9,168.6,1.0,2,0,H,0.4292682926829268,-60.6,-47.9,9.0,14.0,0.391304347826087,2.2169684633684046,18,0,8,-8,0.03683566553982344,1,0,0,0,0,0,0,0,0,4,1146,5,0,73,1
1pgt,A,45,ALA,1.8,88.6,0.0,0,0,H,0.8490566037735849,-58.4,-28.3,4.0,13.0,0.23529411764705882,1.7675952197333948,15,9,5,4,0.02611135785101408,1,0,0,0,0,0,0,0,0,-1,0,0,0,0,0
1pgt,A,46,SER,-0.8,89.0,0.0,1,1,H,0.5076923076923077,-83.6,-10.7,5.0,12.0,0.29411764705882354,1.7549736426584917,19,15,1,14,0.026577632098353617,1,0,0,0,0,0,0,0,0,-1,0,0,0,0,0
1pgt,A,47,CYS,2.5,108.5,0.0,1,0,S,0.05185185185185185,-83.2,139.3,16.0,9.0,0.64,2.5456780988132777,24,17,0,17,0.03916703677652112,0,0,0,0,0,0,1,0,0,27,0,14,0,0,1
1pgt,A,48,LEU,3.8,166.7,0.0,0,0,T,0.18292682926829268,-52.6,-51.1,18.0,13.0,0.5806451612903226,1.9522659257178607,31,15,3,12,0.034970568550465285,0,0,0,0,0,1,0,0,0,27,0,14,0,0,1
1pgt,A,49,TYR,-1.3,193.6,0.0,1,1,T,0.1981981981981982,-105.1,20.3,16.0,14.0,0.5333333333333333,2.2448219195731514,34,9,20,-11,0.03310547156110714,0,0,0,0,0,1,0,0,0,27,0,14,0,0,1
1pgt,A,50,GLY,-0.4,60.1,0.0,0,0,S,0.16666666666666666,71.3,12.4,6.0,17.0,0.2608695652173913,1.9769329075280564,22,14,1,13,0.032172923066428064,0,0,0,0,0,0,1,0,0,27,0,14,0,0,1
1pgt,A,51,GLN,-3.5,143.8,0.0,2,2,-,0.601010101010101,-136.8,167.0,7.0,20.0,0.25925925925925924,1.8051155026368564,23,19,4,15,0.03776821403450251,0,0,0,0,0,0,0,0,0,27,0,14,0,0,1
1pgt,A,52,LEU,3.8,166.7,0.0,0,0,S,0.12195121951219512,-111.5,160.6,17.0,17.0,0.5,2.6453420855481267,30,27,2,25,0.04429605349725603,0,0,0,0,0,0,1,0,0,-1,0,0,0,0,0
1pgt,A,53,PRO,-1.6,112.7,0.0,0,0,-,0.03676470588235294,-77.1,162.1,25.0,13.0,0.6578947368421053,2.297373280448475,37,24,2,22,0.04709369898129325,0,0,0,0,0,0,0,0,0,-1,0,0,0,0,0
1pgt,A,54,LYS,-3.9,168.6,1.0,2,0,E,0.16097560975609757,-123.7,139.0,16.0,20.0,0.4444444444444444,3.7889431589199143,34,3,11,-8,0.048026247475972325,0,0,1,0,0,0,0,0,0,14,24,10,0,2,1
1pgt,A,55,PHE,2.8,189.9,0.0,0,0,E,0.005076142131979695,-136.2,136.8,20.0,19.0,0.5128205128205128,5.887467956864401,35,25,15,10,0.04989134446533048,0,0,1,0,0,0,0,0,0,-1,0,0,0,0,0
1pgt,A,56,GLN,-3.5,143.8,0.0,2,2,E,0.24242424242424243,-119.8,132.6,11.0,17.0,0.39285714285714285,2.230911952268944,23,17,26,-9,0.045694876239274644,0,0,1,0,0,0,0,0,0,14,24,10,0,2,1
1pgt,A,57,ASP,-3.5,111.1,-1.0,1,3,E,0.22699386503067484,-117.3,95.5,10.0,16.0,0.38461538461538464,2.0149054352159705,25,10,8,2,0.04149840801321881,0,0,1,0,0,0,0,0,0,9,152,5,0,9,1
1pgt,A,58,GLY,-0.4,60.1,0.0,0,0,T,0.5952380952380952,64.4,-133.0,3.0,13.0,0.1875,1.7096964645423336,14,3,16,-13,0.026577632098353617,0,0,0,0,0,1,0,0,0,9,152,5,0,9,1
1pgt,A,59,ASP,-3.5,111.1,-1.0,1,3,T,0.9141104294478528,-96.1,6.8,0.0,11.0,0.0,1.7058654989636572,10,1,8,-7,0.02144861537761871,0,0,0,0,0,1,0,0,0,9,152,5,0,9,1
1pgt,A,60,LEU,3.8,166.7,0.0,0,0,E,0.0975609756097561,-83.6,113.3,14.0,7.0,0.6666666666666666,2.237018792576537,23,10,21,-11,0.03124037457174899,0,0,1,0,0,0,0,0,0,9,152,5,0,9,1
1pgt,A,61,THR,-0.7,116.1,0.0,1,1,E,0.3873239436619718,-100.8,122.2,6.0,22.0,0.21428571428571427,1.907902177328195,26,13,16,-3,0.0363693912924839,0,0,1,0,0,0,0,0,0,9,152,5,0,9,1
1pgt,A,62,LEU,3.8,166.7,0.0,0,0,E,0.0,-121.2,146.3,26.0,13.0,0.6666666666666666,3.934173537718904,39,22,21,1,0.04616115048661418,0,0,1,0,0,0,0,0,0,-1,0,0,0,0,0
1pgt,A,63,TYR,-1.3,193.6,0.0,1,1,E,0.0990990990990991,-117.5,163.2,14.0,26.0,0.35,2.52561375217851,33,10,3,7,0.05129016720734909,0,0,1,0,0,0,0,0,0,-1,0,0,0,0,0
1pgt,A,64,GLN,-3.5,143.8,0.0,2,2,-,0.13636363636363635,88.6,106.3,19.0,20.0,0.48717948717948717,2.124879212532537,31,20,31,-11,0.048026247475972325,0,0,0,0,0,0,0,0,0,-1,0,0,0,0,0
1pgt,A,65,SER,-0.8,89.0,0.0,1,1,H,0.06153846153846154,-48.5,-42.3,17.0,20.0,0.4594594594594595,2.47416807539933,35,36,20,16,0.04289723075523742,1,0,0,0,0,0,0,0,0,12,13,21,0,2,1
1pgt,A,66,ASN,-3.5,114.1,0.0,2,2,H,0.07006369426751592,-74.6,-28.4,18.0,26.0,0.4090909090909091,2.6416915697347516,30,37,44,-7,0.04429605349725603,1,0,0,0,0,0,0,0,0,12,13,21,0,2,1
1pgt,A,67,THR,-0.7,116.1,0.0,1,1,H,0.0,-67.0,-42.8,21.0,19.0,0.525,5.309993854147409,35,35,18,17,0.053155264196707235,1,0,0,0,0,0,0,0,0,-1,0,0,0,0,0
1pgt,A,68,ILE,4.5,166.7,0.0,0,0,H,0.005917159763313609,-58.6,-46.1,24.0,22.0,0.5217391304347826,6.467372943161573,37,35,15,20,0.04755997322863279,1,0,0,0,0,0,0,0,0,-1,0,0,0,0,0
1pgt,A,69,LEU,3.8,166.7,0.0,0,0,H,0.03048780487804878,-59.0,-47.3,21.0,22.0,0.4883720930232558,6.995831897934942,40,36,10,26,0.048026247475972325,1,0,0,0,0,0,0,0,0,-1,0,0,0,0,0
1pgt,A,70,ARG,-4.5,173.4,1.0,5,0,H,0.008064516129032258,-61.7,-38.2,21.0,21.0,0.5,4.200524245928086,29,22,28,-6,0.05455408693872585,1,0,0,0,0,0,0,0,0,-1,0,0,0,0,0
1pgt,A,71,HIS,-3.2,153.2,0.1,2,1,H,0.03260869565217391,-63.0,-45.8,21.0,16.0,0.5675675675675675,4.073363133678816,36,18,20,-2,0.04989134446533048,1,0,0,0,0,0,0,0,0,23,2,8,0,0,1
1pgt,A,72,LEU,3.8,166.7,0.0,0,0,H,0.0,-64.6,-39.1,22.0,13.0,0.6285714285714286,5.198106652088938,35,30,7,23,0.048492521723311866,1,0,0,0,0,0,0,0,0,-1,0,0,0,0,0
1pgt,A,73,GLY,-0.4,60.1,0.0,0,0,H,0.0,-60.2,-42.1,24.0,11.0,0.6857142857142857,3.517367433180412,29,30,2,28,0.05129016720734909,1,0,0,0,0,0,0,0,0,-1,0,0,0,0,0
1pgt,A,74,ARG,-4.5,173.4,1.0,5,0,H,0.18951612903225806,-66.4,-50.7,12.0,16.0,0.42857142857142855,2.17594123556898,27,21,18,3,0.040565859518539735,1,0,0,0,0,0,0,0,0,23,2,8,0,0,1
1pgt,A,75,THR,-0.7,116.1,0.0,1,1,H,0.30985915492957744,-77.6,-26.1,12.0,11.0,0.5217391304347826,2.043380858965837,25,26,4,22,0.030774100324409453,1,0,0,0,0,0,0,0,0,23,2,8,0,0,1
1pgt,A,76,LEU,3.8,166.7,0.0,0,0,H,0.2621951219512195,-96.4,6.0,15.0,7.0,0.6818181818181818,2.107174649337335,25,20,3,17,0.02797645484037223,1,0,0,0,0,0,0,0,0,-1,0,0,0,0,0
1pgt,A,77,GLY,-0.4,60.1,0.0,0,0,T,0.5595238095238095,71.0,40.4,2.0,19.0,0.09523809523809523,1.709710433467086,23,17,2,15,0.027510180593032695,0,0,0,0,0,1,0,0,0,-1,0,0,0,0,0
1pgt,A,78,LEU,3.8,166.7,0.0,0,0,-,0.04878048780487805,-118.6,43.0,17.0,15.0,0.53125,3.023256190157868,30,19,11,8,0.04616115048661418,0,0,0,0,0,0,0,0,0,-1,0,0,0,0,0
1pgt,A,79,TYR,-1.3,193.6,0.0,1,1,S,0.10810810810810811,-132.2,34.8,14.0,21.0,0.4,1.9332049618381868,34,44,25,19,0.045228601991935104,0,0,0,0,0,0,1,0,0,-1,0,0,0,0,0
1pgt,A,80,GLY,-0.4,60.1,0.0,0,0,-,0.21428571428571427,84.5,169.0,14.0,15.0,0.4827586206896552,2.0999112585311868,25,20,26,-6,0.045694876239274644,0,0,0,0,0,0,0,0,0,-1,0,0,0,0,0
1pgt,A,81,LYS,-3.9,168.6,1.0,2,0,S,0.7073170731707317,-95.0,-10.5,5.0,15.0,0.25,1.945254783266896,17,0,25,-25,0.024246260861655933,0,0,0,0,0,0,1,0,0,-1,0,0,0,0,0
1pgt,A,82,ASP,-3.5,111.1,-1.0,1,3,S,0.36809815950920244,-157.1,-178.6,2.0,17.0,0.10526315789473684,1.7508154944485828,17,17,9,8,0.025645083603674543,0,0,0,0,0,0,1,0,0,29,0,8,0,0,1
1pgt,A,83,GLN,-3.5,143.8,0.0,2,2,H,0.48484848484848486,-62.9,-37.1,10.0,13.0,0.43478260869565216,2.0631660769885456,21,31,19,12,0.03450429430312575,1,0,0,0,0,0,0,0,0,29,0,8,0,0,1
1pgt,A,84,GLN,-3.5,143.8,0.0,2,2,H,0.48484848484848486,-64.2,-44.2,8.0,20.0,0.2857142857142857,2.1821970300636284,20,24,30,-6,0.03590311704514436,1,0,0,0,0,0,0,0,0,29,0,8,0,0,1
1pgt,A,85,GLU,-3.5,138.4,-1.0,1,3,H,0.10824742268041238,-64.0,-41.8,14.0,16.0,0.4666666666666667,2.587876234664674,27,15,19,-4,0.040565859518539735,1,0,0,0,0,0,0,0,0,18,9,7,0,0,1
1pgt,A,86,ALA,1.8,88.6,0.0,0,0,H,0.04716981132075472,-58.9,-42.0,16.0,21.0,0.43243243243243246,3.2419130193483574,30,45,25,20,0.04476232774459557,1,0,0,0,0,0,0,0,0,18,9,7,0,0,1
1pgt,A,87,ALA,1.8,88.6,0.0,0,0,H,0.0,-62.8,-39.8,20.0,19.0,0.5128205128205128,5.203285101978891,34,32,30,2,0.05175644145468863,1,0,0,0,0,0,0,0,0,-1,0,0,0,0,0
1pgt,A,88,LEU,3.8,166.7,0.0,0,0,H,0.3170731707317073,-69.0,-34.9,16.0,21.0,0.43243243243243246,2.7719410693543622,33,13,24,-11,0.040565859518539735,1,0,0,0,0,0,0,0,0,18,9,7,0,0,1
1pgt,A,89,VAL,4.2,140.0,0.0,0,0,H,0.0,-58.6,-47.0,24.0,22.0,0.5217391304347826,5.600435831983987,39,18,35,-17,0.05455408693872585,1,0,0,0,0,0,0,0,0,18,9,7,0,0,1
1pgt,A,90,ASP,-3.5,111.1,-1.0,1,3,H,0.0,-57.5,-43.8,19.0,24.0,0.4418604651162791,5.112991732152505,35,37,16,21,0.05129016720734909,1,0,0,0,0,0,0,0,0,-1,0,0,0,0,0
1pgt,A,91,MET,1.9,162.9,0.0,0,0,H,0.05851063829787234,-62.1,-39.9,20.0,19.0,0.5128205128205128,4.426559519871551,36,7,22,-15,0.050823892960009553,1,0,0,0,0,0,0,0,0,-1,0,0,0,0,0
1pgt,A,92,VAL,4.2,140.0,0.0,0,0,H,0.007042253521126761,-65.8,-52.5,23.0,18.0,0.5609756097560976,4.716607125619803,39,4,34,-30,0.0526889899493677,1,0,0,0,0,0,0,0,0,-1,0,0,0,0,0
1pgt,A,93,ASN,-3.5,114.1,0.0,2,2,H,0.0,-55.4,-41.3,21.0,18.0,0.5384615384615384,3.211255187984939,37,23,40,-17,0.050823892960009553,1,0,0,0,0,0,0,0,0,-1,0,0,0,0,0
1pgt,A,94,ASP,-3.5,111.1,-1.0,1,3,H,0.08588957055214724,-66.2,-31.3,17.0,20.0,0.4594594594594595,1.8954616797229629,30,16,30,-14,0.04942507021799094,1,0,0,0,0,0,0,0,0,-1,0,0,0,0,0
1pgt,A,95,GLY,-0.4,60.1,0.0,0,0,H,0.03571428571428571,-65.8,-45.0,20.0,16.0,0.5555555555555556,2.2072778597149583,32,18,30,-12,0.043363505002576956,1,0,0,0,0,0,0,0,0,-1,0,0,0,0,0
1pgt,A,96,VAL,4.2,140.0,0.0,0,0,H,0.0,-58.2,-48.9,19.0,16.0,0.5428571428571428,4.301875560657813,39,23,39,-16,0.04989134446533048,1,0,0,0,0,0,0,0,0,-1,0,0,0,0,0
1pgt,A,97,GLU,-3.5,138.4,-1.0,1,3,H,0.19072164948453607,-58.2,-40.5,16.0,16.0,0.5,2.265738707843079,25,31,25,6,0.04103213376587927,1,0,0,0,0,0,0,0,0,12,13,21,0,2,1
1pgt,A,98,ASP,-3.5,111.1,-1.0,1,3,H,0.3312883435582822,-58.6,-42.9,12.0,16.0,0.42857142857142855,1.7974470707788586,24,24,22,2,0.03590311704514436,1,0,0,0,0,0,0,0,0,-1,0,0,0,0,0
1pgt,A,99,LEU,3.8,166.7,0.0,0,0,H,0.03048780487804878,-73.6,-39.5,22.0,10.0,0.6875,2.506349447400193,33,29,22,7,0.04476232774459557,1,0,0,0,0,0,0,0,0,-1,0,0,0,0,0
1pgt,A,100,ARG,-4.5,173.4,1.0,5,0,H,0.04435483870967742,-57.0,-40.6,17.0,14.0,0.5483870967741935,3.135700389474757,38,28,27,1,0.04662742473395372,1,0,0,0,0,0,0,0,0,12,13,21,0,2,1
1pgt,A,101,CYS,2.5,108.5,0.0,1,0,H,0.43703703703703706,-60.6,-40.4,6.0,14.0,0.3,2.0457906438974702,22,27,20,7,0.034970568550465285,1,0,0,0,0,0,0,0,0,12,13,21,0,2,1
1pgt,A,102,LYS,-3.9,168.6,1.0,2,0,H,0.44390243902439025,-68.7,-41.6,15.0,11.0,0.5769230769230769,1.9713825425507183,22,13,17,-4,0.034970568550465285,1,0,0,0,0,0,0,0,0,-1,0,0,0,0,0
1pgt,A,103,TYR,-1.3,193.6,0.0,1,1,H,0.009009009009009009,-59.8,-44.6,19.0,16.0,0.5428571428571428,3.2962905473437583,35,39,10,29,0.043829779249916496,1,0,0,0,0,0,0,0,0,1,4447,5,0,233,1
1pgt,A,104,VAL,4.2,140.0,0.0,0,0,H,0.30985915492957744,-63.8,-40.6,9.0,20.0,0.3103448275862069,2.3772344203945686,28,30,7,23,0.040099585271200194,1,0,0,0,0,0,0,0,0,12,13,21,0,2,1
1pgt,A,105,SER,-0.8,89.0,0.0,1,1,H,0.4846153846153846,-60.4,-44.9,7.0,13.0,0.35,1.9543549706866132,19,15,1,14,0.034970568550465285,1,0,0,0,0,0,0,0,0,-1,0,0,0,0,0
1pgt,A,106,LEU,3.8,166.7,0.0,0,0,H,0.04878048780487805,-60.2,-59.3,15.0,11.0,0.5769230769230769,2.4055615615147334,26,29,18,11,0.045694876239274644,1,0,0,0,0,0,0,0,0,-1,0,0,0,0,0
1pgt,A,107,ILE,4.5,166.7,0.0,0,0,H,0.0,-52.5,-43.8,16.0,11.0,0.5925925925925926,3.4831552184192307,25,22,5,17,0.04989134446533048,1,0,0,0,0,0,0,0,0,-1,0,0,0,0,0
1pgt,A,108,TYR,-1.3,193.6,0.0,1,1,H,0.46846846846846846,-97.3,-16.0,9.0,13.0,0.4090909090909091,1.847396139327581,22,12,1,11,0.03450429430312575,1,0,0,0,0,0,0,0,0,-1,0,0,0,0,0
1pgt,A,109,THR,-0.7,116.1,0.0,1,1,H,0.7112676056338029,-133.6,-5.6,5.0,11.0,0.3125,1.7930386907560805,16,8,8,0,0.025178809356335007,1,0,0,0,0,0,0,0,0,-1,0,0,0,0,0
1pgt,A,110,ASN,-3.5,114.1,0.0,2,2,-,0.5477707006369427,-158.6,40.9,11.0,6.0,0.6470588235294118,1.8993838487851002,18,14,17,-3,0.03357174580844668,0,0,0,0,0,0,0,0,0,-1,0,0,0,0,0
1pgt,A,111,TYR,-1.3,193.6,0.0,1,1,H,0.17117117117117117,-64.5,-54.3,8.0,14.0,0.36363636363636365,2.279708408271206,23,19,17,2,0.03963331102386066,1,0,0,0,0,0,0,0,0,-1,0,0,0,0,0
1pgt,A,112,GLU,-3.5,138.4,-1.0,1,3,H,0.6804123711340206,-56.1,-50.3,1.0,14.0,0.06666666666666667,1.7084648461761291,15,16,6,10,0.02611135785101408,1,0,0,0,0,0,0,0,0,-1,0,0,0,0,0
1pgt,A,113,ALA,1.8,88.6,0.0,0,0,H,0.6509433962264151,-84.8,-28.9,4.0,10.0,0.2857142857142857,1.7970400178624473,15,10,25,-15,0.02471253510899547,1,0,0,0,0,0,0,0,0,-1,0,0,0,0,0
1pgt,A,114,GLY,-0.4,60.1,0.0,0,0,H,0.09523809523809523,-93.8,-17.3,10.0,9.0,0.5263157894736842,1.9005521299993302,18,18,25,-7,0.03357174580844668,1,0,0,0,0,0,0,0,0,-1,0,0,0,0,0
1pgt,A,115,LYS,-3.9,168.6,1.0,2,0,H,0.28780487804878047,-53.8,-40.4,9.0,16.0,0.36,2.285360345251411,22,12,25,-13,0.040565859518539735,1,0,0,0,0,0,0,0,0,-1,0,0,0,0,0
1pgt,A,116,ASP,-3.5,111.1,-1.0,1,3,H,0.7300613496932515,-67.6,-45.9,2.0,13.0,0.13333333333333333,1.7591314244567262,15,18,13,5,0.028909003335051305,1,0,0,0,0,0,0,0,0,-1,0,0,0,0,0
1pgt,A,117,ASP,-3.5,111.1,-1.0,1,3,H,0.558282208588957,-64.0,-41.0,8.0,9.0,0.47058823529411764,1.752795737176751,13,16,10,6,0.027043906345693154,1,0,0,0,0,0,0,0,0,-1,0,0,0,0,0
1pgt,A,118,TYR,-1.3,193.6,0.0,1,1,H,0.14864864864864866,-59.9,-51.0,16.0,10.0,0.6153846153846154,1.8818983018717699,30,41,17,24,0.0363693912924839,1,0,0,0,0,0,0,0,0,-1,0,0,0,0,0
1pgt,A,119,VAL,4.2,140.0,0.0,0,0,H,0.3591549295774648,-61.7,-35.9,13.0,13.0,0.5,2.170759299551236,22,27,16,11,0.03823448828184205,1,0,0,0,0,0,0,0,0,-1,0,0,0,0,0
1pgt,A,120,LYS,-3.9,168.6,1.0,2,0,H,0.697560975609756,-62.0,-42.7,4.0,10.0,0.2857142857142857,1.8707185206849732,12,6,16,-10,0.02611135785101408,1,0,0,0,0,0,0,0,0,8,93,9,0,9,1
1pgt,A,121,ALA,1.8,88.6,0.0,0,0,H,0.5283018867924528,-79.3,-9.0,9.0,9.0,0.5,1.8756823807560756,20,20,12,8,0.030774100324409453,1,0,0,0,0,0,0,0,0,8,93,9,0,9,1
1pgt,A,122,LEU,3.8,166.7,0.0,0,0,H,0.024390243902439025,-56.3,-49.3,19.0,10.0,0.6551724137931034,2.144469691403325,30,27,8,19,0.03870076252918159,1,0,0,0,0,0,0,0,0,8,93,9,0,9,1
1pgt,A,123,PRO,-1.6,112.7,0.0,0,0,H,0.45588235294117646,-52.6,-38.2,7.0,17.0,0.2916666666666667,2.071462109388129,23,19,4,15,0.03403802005578621,1,0,0,0,0,0,0,0,0,8,93,9,0,9,1
1pgt,A,124,GLY,-0.4,60.1,0.0,0,0,H,0.47619047619047616,-69.4,-33.6,6.0,16.0,0.2727272727272727,1.7097423597743222,22,16,3,13,0.027510180593032695,1,0,0,0,0,0,0,0,0,8,93,9,0,9,1
1pgt,A,125,GLN,-3.5,143.8,0.0,2,2,H,0.3686868686868687,-75.1,-26.7,17.0,13.0,0.5666666666666667,1.8356544284967222,28,28,9,19,0.03450429430312575,1,0,0,0,0,0,0,0,0,8,93,9,0,9,1
1pgt,A,126,LEU,3.8,166.7,0.0,0,0,H,0.006097560975609756,-87.1,-26.5,19.0,18.0,0.5135135135135135,3.711911642558837,31,20,10,10,0.04289723075523742,1,0,0,0,0,0,0,0,0,8,93,9,0,9,1
1pgt,A,127,LYS,-3.9,168.6,1.0,2,0,H,0.5902439024390244,-48.3,-43.1,10.0,17.0,0.37037037037037035,2.3095025786631926,22,0,9,-9,0.03683566553982344,1,0,0,0,0,0,0,0,0,-1,0,0,0,0,0
1pgt,A,128,PRO,-1.6,112.7,0.0,0,0,H,0.11029411764705882,-53.6,-37.7,18.0,13.0,0.5806451612903226,2.352049339345567,32,9,9,0,0.040565859518539735,1,0,0,0,0,0,0,0,0,-1,0,0,0,0,0
1pgt,A,129,PHE,2.8,189.9,0.0,0,0,H,0.01015228426395939,-75.1,-29.3,28.0,14.0,0.6666666666666666,3.7828966807615596,36,7,14,-7,0.045228601991935104,1,0,0,0,0,0,0,0,0,-1,0,0,0,0,0
1pgt,A,130,GLU,-3.5,138.4,-1.0,1,3,H,0.14432989690721648,-67.1,-42.1,12.0,22.0,0.35294117647058826,2.486875872530528,28,9,0,9,0.045228601991935104,1,0,0,0,0,0,0,0,0,-1,0,0,0,0,0
1pgt,A,131,THR,-0.7,116.1,0.0,1,1,H,0.3380281690140845,-61.3,-45.6,10.0,16.0,0.38461538461538464,2.253320962976127,25,9,9,0,0.03730193978716297,1,0,0,0,0,0,0,0,0,-1,0,0,0,0,0
1pgt,A,132,LEU,3.8,166.7,0.0,0,0,H,0.14634146341463414,-59.7,-45.9,21.0,11.0,0.65625,2.3822565607711113,30,6,10,-4,0.040099585271200194,1,0,0,0,0,0,0,0,0,-1,0,0,0,0,0
1pgt,A,133,LEU,3.8,166.7,0.0,0,0,H,0.0,-58.6,-45.1,18.0,13.0,0.5806451612903226,4.272401343840396,33,13,11,2,0.05408781269138631,1,0,0,0,0,0,0,0,0,-1,0,0,0,0,0
1pgt,A,134,SER,-0.8,89.0,0.0,1,1,H,0.4230769230769231,-60.3,-29.7,8.0,16.0,0.3333333333333333,1.9993301984139726,20,8,9,-1,0.03450429430312575,1,0,0,0,0,0,0,0,0,-1,0,0,0,0,0
1pgt,A,135,GLN,-3.5,143.8,0.0,2,2,H,0.7272727272727273,-83.6,-14.4,7.0,12.0,0.3684210526315789,1.7995954946803856,19,1,6,-5,0.027043906345693154,1,0,0,0,0,0,0,0,0,-1,0,0,0,0,0
1pgt,A,136,ASN,-3.5,114.1,0.0,2,2,T,0.15286624203821655,-103.5,92.1,17.0,4.0,0.8095238095238095,2.1347477533010775,25,11,15,-4,0.03776821403450251,0,0,0,0,0,1,0,0,0,-1,0,0,0,0,0
1pgt,A,137,GLN,-3.5,143.8,0.0,2,2,G,0.4393939393939394,49.6,47.9,7.0,9.0,0.4375,1.8135969946310366,18,13,9,4,0.026577632098353617,0,0,0,1,0,0,0,0,0,-1,0,0,0,0,0
1pgt,A,138,GLY,-0.4,60.1,0.0,0,0,G,0.5476190476190477,56.9,31.8,0.0,21.0,0.0,1.7810116381957535,21,13,5,8,0.027043906345693154,0,0,0,1,0,0,0,0,0,-1,0,0,0,0,0
1pgt,A,139,GLY,-0.4,60.1,0.0,0,0,G,0.03571428571428571,65.8,17.3,15.0,11.0,0.5769230769230769,2.1840176494883226,26,16,10,6,0.043829779249916496,0,0,0,1,0,0,0,0,0,-1,0,0,0,0,0
1pgt,A,140,LYS,-3.9,168.6,1.0,2,0,T,0.6390243902439025,-86.5,-15.8,3.0,23.0,0.11538461538461539,1.9636920293651658,16,7,4,3,0.03310547156110714,0,0,0,0,0,1,0,0,0,-1,0,0,0,0,0
1pgt,A,141,THR,-0.7,116.1,0.0,1,1,S,0.19014084507042253,-118.1,-115.0,9.0,17.0,0.34615384615384615,2.272070848448873,24,21,12,9,0.04103213376587927,0,0,0,0,0,0,1,0,0,2,2087,6,0,173,1
1pgt,A,142,PHE,2.8,189.9,0.0,0,0,-,0.16243654822335024,-111.8,175.5,16.0,22.0,0.42105263157894735,2.917312153103194,27,22,20,2,0.04942507021799094,0,0,0,0,0,0,0,0,0,2,2087,6,0,173,1
1pgt,A,143,ILE,4.5,166.7,0.0,0,0,S,0.023668639053254437,-63.5,-33.0,25.0,20.0,0.5555555555555556,3.5539128005761995,43,6,20,-14,0.04942507021799094,0,0,0,0,0,0,1,0,0,2,2087,6,0,173,1
1pgt,A,144,VAL,4.2,140.0,0.0,0,0,S,0.07042253521126761,-138.3,124.0,21.0,18.0,0.5384615384615384,2.40597496871192,33,7,30,-23,0.04616115048661418,0,0,0,0,0,0,1,0,0,18,9,7,0,0,1
1pgt,A,145,GLY,-0.4,60.1,0.0,0,0,T,0.11904761904761904,65.1,-155.0,16.0,15.0,0.5161290322580645,2.2867777201230823,29,14,25,-11,0.03916703677652112,0,0,0,0,0,1,0,0,0,18,9,7,0,0,1
1pgt,A,146,ASP,-3.5,111.1,-1.0,1,3,T,0.6625766871165644,-124.3,35.6,3.0,18.0,0.14285714285714285,1.7756282867593463,15,13,8,5,0.032172923066428064,0,0,0,0,0,1,0,0,0,2,2087,6,0,173,1
1pgt,A,147,GLN,-3.5,143.8,0.0,2,2,S,0.26262626262626265,-135.5,147.1,12.0,12.0,0.5,2.2248354011407288,27,13,24,-11,0.03403802005578621,0,0,0,0,0,0,1,0,0,2,2087,6,0,173,1
1pgt,A,148,ILE,4.5,166.7,0.0,0,0,-,0.08284023668639054,-66.7,150.0,14.0,18.0,0.4375,2.4064286190203488,30,7,23,-16,0.04429605349725603,0,0,0,0,0,0,0,0,0,2,2087,6,0,173,1
1pgt,A,149,SER,-0.8,89.0,0.0,1,1,-,0.0,-129.7,169.4,21.0,22.0,0.4883720930232558,4.910142958144167,41,9,23,-14,0.05035761871267001,0,0,0,0,0,0,0,0,0,2,2087,6,0,173,1
1pgt,A,150,PHE,2.8,189.9,0.0,0,0,H,0.0,-59.0,-29.8,23.0,23.0,0.5,6.517683846930589,40,26,21,5,0.05455408693872585,1,0,0,0,0,0,0,0,0,-1,0,0,0,0,0
1pgt,A,151,ALA,1.8,88.6,0.0,0,0,H,0.0,-67.0,-32.6,21.0,23.0,0.4772727272727273,8.07595718381322,43,9,24,-15,0.05035761871267001,1,0,0,0,0,0,0,0,0,-1,0,0,0,0,0
1pgt,A,152,ASP,-3.5,111.1,-1.0,1,3,H,0.0,-62.0,-42.4,22.0,24.0,0.4782608695652174,7.13071261318135,41,8,6,2,0.04662742473395372,1,0,0,0,0,0,0,0,0,2,2087,6,0,173,1
1pgt,A,153,TYR,-1.3,193.6,0.0,1,1,H,0.009009009009009009,-64.5,-36.9,24.0,20.0,0.5454545454545454,6.813197858982291,39,13,23,-10,0.04989134446533048,1,0,0,0,0,0,0,0,0,-1,0,0,0,0,0
1pgt,A,154,ASN,-3.5,114.1,0.0,2,2,H,0.025477707006369428,-69.7,-41.0,22.0,20.0,0.5238095238095238,6.430114335075408,39,21,30,-9,0.04942507021799094,1,0,0,0,0,0,0,0,0,-1,0,0,0,0,0
1pgt,A,155,LEU,3.8,166.7,0.0,0,0,H,0.0,-64.5,-43.0,25.0,21.0,0.5434782608695652,7.595762393026732,41,12,20,-8,0.05035761871267001,1,0,0,0,0,0,0,0,0,-1,0,0,0,0,0
1pgt,A,156,LEU,3.8,166.7,0.0,0,0,H,0.0,-58.5,-46.9,22.0,17.0,0.5641025641025641,5.839256107690334,36,10,19,-9,0.048958795970651406,1,0,0,0,0,0,0,0,0,-1,0,0,0,0,0
1pgt,A,157,ASP,-3.5,111.1,-1.0,1,3,H,0.018404907975460124,-60.7,-45.9,21.0,15.0,0.5833333333333334,3.1985797568798784,37,36,5,31,0.04476232774459557,1,0,0,0,0,0,0,0,0,-1,0,0,0,0,0
1pgt,A,158,LEU,3.8,166.7,0.0,0,0,H,0.0,-59.5,-37.6,21.0,18.0,0.5384615384615384,5.119745140957538,41,22,25,-3,0.048492521723311866,1,0,0,0,0,0,0,0,0,-1,0,0,0,0,0
1pgt,A,159,LEU,3.8,166.7,0.0,0,0,H,0.0,-71.4,-38.3,19.0,20.0,0.48717948717948717,4.9853037819595265,37,13,22,-9,0.045228601991935104,1,0,0,0,0,0,0,0,0,1,4447,5,0,233,1
1pgt,A,160,LEU,3.8,166.7,0.0,0,0,H,0.23170731707317074,-64.6,-43.7,14.0,17.0,0.45161290322580644,2.104880411843828,30,18,18,0,0.03916703677652112,1,0,0,0,0,0,0,0,0,1,4447,5,0,233,1
1pgt,A,161,ILE,4.5,166.7,0.0,0,0,H,0.023668639053254437,-71.1,-28.7,19.0,13.0,0.59375,2.661982147507326,34,32,16,16,0.043363505002576956,1,0,0,0,0,0,0,0,0,1,4447,5,0,233,1
1pgt,A,162,HIS,-3.2,153.2,0.1,2,1,H,0.0,-75.1,-24.1,19.0,14.0,0.5757575757575758,4.693124283886673,36,15,17,-2,0.048492521723311866,1,0,0,0,0,0,0,0,0,1,4447,5,0,233,1
1pgt,A,163,GLU,-3.5,138.4,-1.0,1,3,H,0.29896907216494845,-74.9,-24.2,10.0,12.0,0.45454545454545453,1.9820382996116506,25,10,9,1,0.03870076252918159,1,0,0,0,0,0,0,0,0,1,4447,5,0,233,1
1pgt,A,164,VAL,4.2,140.0,0.0,0,0,H,0.43661971830985913,-77.8,-37.6,9.0,10.0,0.47368421052631576,1.9947719224145477,24,19,11,8,0.03403802005578621,1,0,0,0,0,0,0,0,0,1,4447,5,0,233,1
1pgt,A,165,LEU,3.8,166.7,0.0,0,0,H,0.012195121951219513,-73.2,-42.7,21.0,5.0,0.8076923076923077,2.8738439742859194,26,24,12,12,0.04196468226055834,1,0,0,0,0,0,0,0,0,1,4447,5,0,233,1
1pgt,A,166,ALA,1.8,88.6,0.0,0,0,S,0.09433962264150944,-137.0,80.9,15.0,8.0,0.6521739130434783,2.1335218812365735,24,19,14,5,0.03450429430312575,0,0,0,0,0,0,1,0,0,1,4447,5,0,233,1
1pgt,A,167,PRO,-1.6,112.7,0.0,0,0,T,0.7647058823529411,-54.1,134.5,2.0,14.0,0.125,1.9291986240125378,16,10,15,-5,0.02471253510899547,0,0,0,0,0,1,0,0,0,1,4447,5,0,233,1
1pgt,A,168,GLY,-0.4,60.1,0.0,0,0,T,0.32142857142857145,83.7,3.3,0.0,20.0,0.0,1.7096866596481026,18,5,17,-12,0.023779986614316396,0,0,0,0,0,1,0,0,0,-1,0,0,0,0,0
1pgt,A,169,CYS,2.5,108.5,0.0,1,0,G,0.18518518518518517,-63.2,-24.6,19.0,8.0,0.7037037037037037,2.0376953501117776,28,13,17,-4,0.03823448828184205,0,0,0,1,0,0,0,0,0,1,4447,5,0,233,1
1pgt,A,170,LEU,3.8,166.7,0.0,0,0,G,0.036585365853658534,-86.1,-6.8,17.0,15.0,0.53125,2.4778536742416826,27,9,24,-15,0.03916703677652112,0,0,0,1,0,0,0,0,0,-1,0,0,0,0,0
1pgt,A,171,ASP,-3.5,111.1,-1.0,1,3,G,0.8220858895705522,-60.3,-22.6,4.0,14.0,0.2222222222222222,1.7342436984838205,15,0,7,-7,0.025645083603674543,0,0,0,1,0,0,0,0,0,-1,0,0,0,0,0
1pgt,A,172,ALA,1.8,88.6,0.0,0,0,G,0.6981132075471698,-84.1,-3.8,7.0,10.0,0.4117647058823529,1.7675808595005584,16,7,17,-10,0.024246260861655933,0,0,0,1,0,0,0,0,0,-1,0,0,0,0,0
1pgt,A,173,PHE,2.8,189.9,0.0,0,0,-,0.07106598984771574,-128.2,89.2,21.0,5.0,0.8076923076923077,2.2419702912002504,25,9,19,-10,0.03590311704514436,0,0,0,0,0,0,0,0,0,-1,0,0,0,0,0
1pgt,A,174,PRO,-1.6,112.7,0.0,0,0,H,0.6691176470588235,-56.8,-40.7,4.0,19.0,0.17391304347826086,1.9248779467875423,19,1,16,-15,0.028909003335051305,1,0,0,0,0,0,0,0,0,-1,0,0,0,0,0
1pgt,A,175,LEU,3.8,166.7,0.0,0,0,H,0.2865853658536585,-72.8,-36.6,18.0,12.0,0.6,2.4854247416422255,31,14,10,4,0.03916703677652112,1,0,0,0,0,0,0,0,0,-1,0,0,0,0,0
1pgt,A,176,LEU,3.8,166.7,0.0,0,0,H,0.0,-71.9,-33.9,20.0,18.0,0.5263157894736842,4.968735076680671,32,11,16,-5,0.04709369898129325,1,0,0,0,0,0,0,0,0,-1,0,0,0,0,0
1pgt,A,177,SER,-0.8,89.0,0.0,1,1,H,0.36153846153846153,-64.2,-48.7,7.0,19.0,0.2692307692307692,1.982696601150348,23,10,19,-9,0.03870076252918159,1,0,0,0,0,0,0,0,0,-1,0,0,0,0,0
1pgt,A,178,ALA,1.8,88.6,0.0,0,0,H,0.5,-66.2,-35.3,10.0,15.0,0.4,1.8669760494843923,21,17,3,14,0.029375277582390842,1,0,0,0,0,0,0,0,0,-1,0,0,0,0,0
1pgt,A,179,TYR,-1.3,193.6,0.0,1,1,H,0.0,-64.5,-48.1,22.0,10.0,0.6875,5.182455514478995,37,18,15,3,0.04196468226055834,1,0,0,0,0,0,0,0,0,-1,0,0,0,0,0
1pgt,A,180,VAL,4.2,140.0,0.0,0,0,H,0.15492957746478872,-58.5,-42.7,17.0,20.0,0.4594594594594595,2.480785737186205,29,14,14,0,0.043829779249916496,1,0,0,0,0,0,0,0,0,-1,0,0,0,0,0
1pgt,A,181,GLY,-0.4,60.1,0.0,0,0,H,0.5357142857142857,-67.3,-39.3,7.0,13.0,0.35,1.7096319475703718,21,25,0,25,0.02844272908771177,1,0,0,0,0,0,0,0,0,-1,0,0,0,0,0
1pgt,A,182,ARG,-4.5,173.4,1.0,5,0,H,0.33064516129032256,-67.9,-39.1,12.0,10.0,0.5454545454545454,2.0431005537928577,23,16,3,13,0.030307826077069916,1,0,0,0,0,0,0,0,0,-1,0,0,0,0,0
1pgt,A,183,LEU,3.8,166.7,0.0,0,0,H,0.018292682926829267,-77.0,-39.7,22.0,12.0,0.6470588235294118,3.063438612122754,34,31,14,17,0.043829779249916496,1,0,0,0,0,0,0,0,0,-1,0,0,0,0,0
1pgt,A,184,SER,-0.8,89.0,0.0,1,1,H,0.24615384615384617,-62.1,-20.5,11.0,16.0,0.4074074074074074,2.087124563850926,26,31,5,26,0.03683566553982344,1,0,0,0,0,0,0,0,0,26,0,4,0,0,1
1pgt,A,185,ALA,1.8,88.6,0.0,0,0,T,0.41509433962264153,-87.0,-5.8,5.0,13.0,0.2777777777777778,1.7880269794920085,17,33,4,29,0.030307826077069916,0,0,0,0,0,1,0,0,0,-1,0,0,0,0,0
1pgt,A,186,ARG,-4.5,173.4,1.0,5,0,S,0.2782258064516129,-64.4,128.5,17.0,5.0,0.7727272727272727,2.0144145273565344,25,26,10,16,0.03310547156110714,0,0,0,0,0,0,1,0,0,26,0,4,0,0,1
1pgt,A,187,PRO,-1.6,112.7,0.0,0,0,H,0.7352941176470589,-44.0,-54.2,1.0,16.0,0.058823529411764705,1.8961138109365974,15,31,8,23,0.027043906345693154,1,0,0,0,0,0,0,0,0,28,0,1,0,0,1
1pgt,A,188,LYS,-3.9,168.6,1.0,2,0,H,0.5804878048780487,-70.7,-36.9,9.0,12.0,0.42857142857142855,1.9158966636582722,21,21,8,13,0.03403802005578621,1,0,0,0,0,0,0,0,0,28,0,1,0,0,1
1pgt,A,189,LEU,3.8,166.7,0.0,0,0,H,0.0,-69.2,-41.8,17.0,14.0,0.5483870967741935,4.0094229008350615,31,35,8,27,0.04942507021799094,1,0,0,0,0,0,0,0,0,26,0,4,0,0,1
1pgt,A,190,LYS,-3.9,168.6,1.0,2,0,H,0.5219512195121951,-58.4,-44.5,6.0,15.0,0.2857142857142857,2.0576283809247005,18,18,4,14,0.03450429430312575,1,0,0,0,0,0,0,0,0,26,0,4,0,0,1
1pgt,A,191,ALA,1.8,88.6,0.0,0,0,H,0.6132075471698113,-60.6,-41.8,6.0,14.0,0.3,1.7755898041370053,19,22,10,12,0.02844272908771177,1,0,0,0,0,0,0,0,0,26,0,4,0,0,1
1pgt,A,192,PHE,2.8,189.9,0.0,0,0,H,0.09137055837563451,-66.1,-45.5,16.0,10.0,0.6153846153846154,2.3728772283891173,33,28,17,11,0.043363505002576956,1,0,0,0,0,0,0,0,0,26,0,4,0,0,1
1pgt,A,193,LEU,3.8,166.7,0.0,0,0,H,0.17073170731707318,-63.3,-21.4,14.0,15.0,0.4827586206896552,2.1632294618983092,27,28,13,15,0.03870076252918159,1,0,0,0,0,0,0,0,0,26,0,4,0,0,1
1pgt,A,194,ALA,1.8,88.6,0.0,0,0,T,0.7264150943396226,-104.7,13.5,7.0,11.0,0.3888888888888889,1.81183831419492,15,12,8,4,0.028909003335051305,0,0,0,0,0,1,0,0,0,26,0,4,0,0,1
1pgt,A,195,SER,-0.8,89.0,0.0,1,1,S,0.17692307692307693,-94.9,154.1,10.0,5.0,0.6666666666666666,1.9735669999747774,16,11,9,2,0.032639197313767604,0,0,0,0,0,0,1,0,0,25,2,1,0,0,1
1pgt,A,196,PRO,-1.6,112.7,0.0,0,0,H,0.6838235294117647,-51.2,-38.8,0.0,11.0,0.0,1.8339663863421254,11,3,9,-6,0.02611135785101408,1,0,0,0,0,0,0,0,0,25,2,1,0,0,1
1pgt,A,197,GLU,-3.5,138.4,-1.0,1,3,H,0.5670103092783505,-65.9,-19.6,8.0,12.0,0.4,1.7465527484077377,18,17,7,10,0.030307826077069916,1,0,0,0,0,0,0,0,0,25,2,1,0,0,1
1pgt,A,198,TYR,-1.3,193.6,0.0,1,1,H,0.0990990990990991,-99.1,-55.9,14.0,11.0,0.56,2.2671018937168523,28,25,15,10,0.043829779249916496,1,0,0,0,0,0,0,0,0,25,2,1,0,0,1
1pgt,A,199,VAL,4.2,140.0,0.0,0,0,H,0.49295774647887325,-54.9,-40.5,7.0,10.0,0.4117647058823529,2.1192573359548015,15,10,7,3,0.034970568550465285,1,0,0,0,0,0,0,0,0,25,2,1,0,0,1
1pgt,A,200,ASN,-3.5,114.1,0.0,2,2,T,0.7961783439490446,-86.5,7.6,3.0,12.0,0.2,1.8207764386653298,14,8,7,1,0.026577632098353617,0,0,0,0,0,1,0,0,0,25,2,1,0,0,1
1pgt,A,201,LEU,3.8,166.7,0.0,0,0,S,0.2682926829268293,-102.4,136.6,17.0,6.0,0.7391304347826086,2.126346324643591,24,18,11,7,0.035436842797804825,0,0,0,0,0,0,1,0,0,24,4,6,0,0,1
1pgt,A,202,PRO,-1.6,112.7,0.0,0,0,-,0.5,-66.4,157.1,9.0,14.0,0.391304347826087,2.212018433152838,24,18,2,16,0.03590311704514436,0,0,0,0,0,0,0,0,0,13,24,8,0,2,1
1pgt,A,203,ILE,4.5,166.7,0.0,0,0,S,0.047337278106508875,-72.4,-45.7,13.0,18.0,0.41935483870967744,2.1580027214978865,31,22,7,15,0.04103213376587927,0,0,0,0,0,0,1,0,0,13,24,8,0,2,1
1pgt,A,204,ASN,-3.5,114.1,0.0,2,2,S,0.050955414012738856,-122.5,171.6,13.0,13.0,0.5,1.953263695764169,26,24,2,22,0.04289723075523742,0,0,0,0,0,0,1,0,0,-1,0,0,0,0,0
1pgt,A,205,GLY,-0.4,60.1,0.0,0,0,T,0.6309523809523809,-74.7,-16.8,10.0,10.0,0.5,1.808162163828816,18,12,0,12,0.02984155182973038,0,0,0,0,0,1,0,0,0,-1,0,0,0,0,0
1pgt,A,206,ASN,-3.5,114.1,0.0,2,2,T,0.37579617834394907,-114.0,17.4,8.0,12.0,0.4,2.0320354136109233,17,9,3,6,0.023779986614316396,0,0,0,0,0,1,0,0,0,-1,0,0,0,0,0
1pgt,A,207,GLY,-0.4,60.1,0.0,0,0,S,0.8928571428571429,78.1,12.9,0.0,12.0,0.0,1.7095897742969957,15,9,3,6,0.022847438119637322,0,0,0,0,0,0,1,0,0,-1,0,0,0,0,0
1pgt,A,208,LYS,-3.9,168.6,1.0,2,0,-,0.28780487804878047,-114.9,138.3,12.0,11.0,0.5217391304347826,1.9018520711273297,19,5,8,-3,0.03357174580844668,0,0,0,0,0,0,0,0,0,-1,0,0,0,0,0
1pgt,A,209,GLN,-3.5,143.8,0.0,2,2,-,0.5,-155.6,360.0,13.0,13.0,0.5,1.8217192516688159,22,21,4,17,0.040565859518539735,0,0,0,0,0,0,0,0,0,1,4447,5,0,233,1
1pgt,B,1,PRO,-1.6,112.7,0.0,0,0,-,0.7279411764705882,360.0,121.9,11.0,4.0,0.7333333333333333,1.8338966475881386,14,9,7,2,0.023779986614316396,0,0,0,0,0,0,0,0,0,6,408,4,0,22,1
1pgt,B,2,PRO,-1.6,112.7,0.0,0,0,-,0.5808823529411765,-61.4,-7.5,6.0,12.0,0.3333333333333333,1.8338907356772558,19,7,10,-3,0.02797645484037223,0,0,0,0,0,0,0,0,0,6,408,4,0,22,1
1pgt,B,3,TYR,-1.3,193.6,0.0,1,1,E,0.05855855855855856,-120.0,136.9,14.0,12.0,0.5384615384615384,2.3382411474084206,27,15,10,5,0.045694876239274644,0,0,1,0,0,0,0,0,0,6,408,4,0,22,1
1pgt,B,4,THR,-0.7,116.1,0.0,1,1,E,0.19718309859154928,-125.8,128.2,10.0,19.0,0.3448275862068966,2.5176702521476115,26,18,27,-9,0.04755997322863279,0,0,1,0,0,0,0,0,0,6,408,4,0,22,1
1pgt,B,5,VAL,4.2,140.0,0.0,0,0,E,0.014084507042253521,-106.4,128.5,17.0,18.0,0.4857142857142857,3.672995365685991,32,29,21,8,0.050823892960009553,0,0,1,0,0,0,0,0,0,20,15,4,0,0,1
1pgt,B,6,VAL,4.2,140.0,0.0,0,0,E,0.0,-113.3,118.9,15.0,20.0,0.42857142857142855,2.9688564817909655,29,20,18,2,0.048492521723311866,0,0,1,0,0,0,0,0,0,-1,0,0,0,0,0
1pgt,B,7,TYR,-1.3,193.6,0.0,1,1,E,0.0945945945945946,-162.5,169.2,20.0,15.0,0.5714285714285714,2.2525921188305356,33,26,13,13,0.05035761871267001,0,0,1,0,0,0,0,0,0,-1,0,0,0,0,0
1pgt,B,8,PHE,2.8,189.9,0.0,0,0,-,0.233502538071066,-68.3,161.8,15.0,15.0,0.5,2.0421234925605956,33,15,8,7,0.040565859518539735,0,0,0,0,0,0,0,0,0,22,3,10,0,0,1
1pgt,B,9,PRO,-1.6,112.7,0.0,0,0,S,0.41911764705882354,-79.8,63.2,8.0,22.0,0.26666666666666666,2.028003139975015,25,10,13,-3,0.035436842797804825,0,0,0,0,0,0,1,0,0,22,3,10,0,0,1
1pgt,B,10,VAL,4.2,140.0,0.0,0,0,S,0.09154929577464789,-144.7,164.8,14.0,16.0,0.4666666666666667,2.815972569730436,28,23,5,18,0.04196468226055834,0,0,0,0,0,0,1,0,0,22,3,10,0,0,1
1pgt,B,11,ARG,-4.5,173.4,1.0,5,0,S,0.12903225806451613,-73.4,-63.5,18.0,15.0,0.5454545454545454,2.615136113446575,34,18,14,4,0.04755997322863279,0,0,0,0,0,0,1,0,0,22,3,10,0,0,1
1pgt,B,12,GLY,-0.4,60.1,0.0,0,0,G,0.15476190476190477,40.3,-125.0,16.0,19.0,0.45714285714285713,1.7095733338810915,30,41,8,33,0.04103213376587927,0,0,0,1,0,0,0,0,0,-1,0,0,0,0,0
1pgt,B,13,ARG,-4.5,173.4,1.0,5,0,G,0.2661290322580645,-80.3,7.9,20.0,20.0,0.5,2.3599249945835568,34,17,15,2,0.03730193978716297,0,0,0,1,0,0,0,0,0,11,24,21,0,4,1
1pgt,B,14,CYS,2.5,108.5,0.0,1,0,G,0.0,-112.4,-4.0,21.0,18.0,0.5384615384615384,4.842900248836723,38,38,11,27,0.04196468226055834,0,0,0,1,0,0,0,0,0,-1,0,0,0,0,0
1pgt,B,15,ALA,1.8,88.6,0.0,0,0,H,0.009433962264150943,-62.3,-44.8,19.0,20.0,0.48717948717948717,3.6863035176898196,36,35,13,22,0.04289723075523742,1,0,0,0,0,0,0,0,0,-1,0,0,0,0,0
1pgt,B,16,ALA,1.8,88.6,0.0,0,0,H,0.04716981132075472,-66.4,-41.0,25.0,16.0,0.6097560975609756,6.003378804009525,40,29,15,14,0.04616115048661418,1,0,0,0,0,0,0,0,0,-1,0,0,0,0,0
1pgt,B,17,LEU,3.8,166.7,0.0,0,0,H,0.012195121951219513,-73.5,-27.5,21.0,22.0,0.4883720930232558,7.191639059942621,41,27,9,18,0.04709369898129325,1,0,0,0,0,0,0,0,0,-1,0,0,0,0,0
1pgt,B,18,ARG,-4.5,173.4,1.0,5,0,H,0.06048387096774194,-70.9,-40.2,17.0,24.0,0.4146341463414634,3.0991462757883976,37,17,23,-6,0.043363505002576956,1,0,0,0,0,0,0,0,0,-1,0,0,0,0,0
1pgt,B,19,MET,1.9,162.9,0.0,0,0,H,0.0,-59.1,-39.4,22.0,19.0,0.5365853658536586,5.5568869343737095,43,30,23,7,0.05222271570202816,1,0,0,0,0,0,0,0,0,-1,0,0,0,0,0
1pgt,B,20,LEU,3.8,166.7,0.0,0,0,H,0.0,-65.0,-49.3,22.0,19.0,0.5365853658536586,6.103440829184028,38,15,13,2,0.05035761871267001,1,0,0,0,0,0,0,0,0,10,66,10,0,8,1
1pgt,B,21,LEU,3.8,166.7,0.0,0,0,H,0.0,-62.5,-44.5,17.0,16.0,0.5151515151515151,4.37671307558119,32,14,11,3,0.0526889899493677,1,0,0,0,0,0,0,0,0,-1,0,0,0,0,0
1pgt,B,22,ALA,1.8,88.6,0.0,0,0,H,0.1509433962264151,-65.1,-49.2,18.0,10.0,0.6428571428571429,2.0586135878840994,27,26,12,14,0.048026247475972325,1,0,0,0,0,0,0,0,0,-1,0,0,0,0,0
1pgt,B,23,ASP,-3.5,111.1,-1.0,1,3,H,0.0736196319018405,-62.2,-33.3,18.0,11.0,0.6206896551724138,2.20698200806738,29,29,0,29,0.045694876239274644,1,0,0,0,0,0,0,0,0,-1,0,0,0,0,0
1pgt,B,24,GLN,-3.5,143.8,0.0,2,2,T,0.26262626262626265,-86.1,8.0,18.0,8.0,0.6923076923076923,1.921989876672583,26,18,8,10,0.03730193978716297,0,0,0,0,0,1,0,0,0,10,66,10,0,8,1
1pgt,B,25,GLY,-0.4,60.1,0.0,0,0,T,0.5238095238095238,64.3,34.0,3.0,15.0,0.16666666666666666,1.8653232971255833,18,11,8,3,0.027043906345693154,0,0,0,0,0,1,0,0,0,-1,0,0,0,0,0
1pgt,B,26,GLN,-3.5,143.8,0.0,2,2,-,0.2878787878787879,-99.9,148.1,17.0,5.0,0.7727272727272727,1.9046347421482344,22,9,6,3,0.03310547156110714,0,0,0,0,0,0,0,0,0,10,66,10,0,8,1
1pgt,B,27,SER,-0.8,89.0,0.0,1,1,-,0.5692307692307692,-102.1,148.4,1.0,17.0,0.05555555555555555,1.977821206284455,20,8,4,4,0.03170664881908853,0,0,0,0,0,0,0,0,0,-1,0,0,0,0,0
1pgt,B,28,TRP,-0.9,227.8,0.0,1,0,E,0.18502202643171806,-151.0,161.4,19.0,4.0,0.8260869565217391,1.9971255617898862,26,20,17,3,0.03963331102386066,0,0,1,0,0,0,0,0,0,-1,0,0,0,0,0
1pgt,B,29,LYS,-3.9,168.6,1.0,2,0,E,0.6146341463414634,-108.9,136.3,10.0,10.0,0.5,2.2537781831542896,17,2,20,-18,0.032172923066428064,0,0,1,0,0,0,0,0,0,20,15,4,0,0,1
1pgt,B,30,GLU,-3.5,138.4,-1.0,1,3,E,0.25773195876288657,-97.8,124.4,9.0,14.0,0.391304347826087,1.7964635835973044,24,20,17,3,0.034970568550465285,0,0,1,0,0,0,0,0,0,20,15,4,0,0,1
1pgt,B,31,GLU,-3.5,138.4,-1.0,1,3,E,0.4536082474226804,-108.0,106.4,10.0,9.0,0.5263157894736842,1.8309726945821605,21,19,9,10,0.03124037457174899,0,0,1,0,0,0,0,0,0,20,15,4,0,0,1
1pgt,B,32,VAL,4.2,140.0,0.0,0,0,E,0.6267605633802817,-89.2,143.1,9.0,15.0,0.375,1.8928064180806898,20,11,19,-8,0.032639197313767604,0,0,1,0,0,0,0,0,0,20,15,4,0,0,1
1pgt,B,33,VAL,4.2,140.0,0.0,0,0,-,0.02112676056338028,-116.9,116.3,17.0,7.0,0.7083333333333334,2.485824838210065,24,5,24,-19,0.040565859518539735,0,0,0,0,0,0,0,0,0,-1,0,0,0,0,0
1pgt,B,34,THR,-0.7,116.1,0.0,1,1,-,0.33098591549295775,-81.3,156.1,3.0,15.0,0.16666666666666666,2.1887469764479253,16,0,18,-18,0.032172923066428064,0,0,0,0,0,0,0,0,0,-1,0,0,0,0,0
1pgt,B,35,VAL,4.2,140.0,0.0,0,0,H,0.5915492957746479,-56.7,-25.1,4.0,14.0,0.2222222222222222,2.0717084679017477,15,0,14,-14,0.03124037457174899,1,0,0,0,0,0,0,0,0,-1,0,0,0,0,0
1pgt,B,36,GLU,-3.5,138.4,-1.0,1,3,H,0.6701030927835051,-71.9,-50.4,1.0,13.0,0.07142857142857142,1.7676108227407201,11,0,9,-9,0.02611135785101408,1,0,0,0,0,0,0,0,0,-1,0,0,0,0,0
1pgt,B,37,THR,-0.7,116.1,0.0,1,1,H,0.528169014084507,-62.0,-39.9,8.0,8.0,0.5,2.0365258871922145,18,3,20,-17,0.03450429430312575,1,0,0,0,0,0,0,0,0,7,476,3,0,18,1
1pgt,B,38,TRP,-0.9,227.8,0.0,1,0,H,0.15859030837004406,-68.7,-45.8,12.0,10.0,0.5454545454545454,2.624563726302308,24,9,14,-5,0.04429605349725603,1,0,0,0,0,0,0,0,0,17,9,7,0,1,1
1pgt,B,39,GLN,-3.5,143.8,0.0,2,2,H,0.696969696969697,-54.4,-29.2,4.0,11.0,0.26666666666666666,1.839501231773484,12,7,18,-11,0.02984155182973038,1,0,0,0,0,0,0,0,0,17,9,7,0,1,1
1pgt,B,40,GLU,-3.5,138.4,-1.0,1,3,H,0.634020618556701,-57.6,-72.4,8.0,4.0,0.6666666666666666,1.7267679445032098,12,7,6,1,0.02471253510899547,1,0,0,0,0,0,0,0,0,7,476,3,0,18,1
1pgt,B,41,GLY,-0.4,60.1,0.0,0,0,S,0.34523809523809523,142.5,-25.0,1.0,15.0,0.0625,1.8612088951158934,15,9,12,-3,0.028909003335051305,0,0,0,0,0,0,1,0,0,7,476,3,0,18,1
1pgt,B,42,SER,-0.8,89.0,0.0,1,1,H,0.6076923076923076,-54.2,-59.3,4.0,10.0,0.2857142857142857,1.7396387475661343,12,8,11,-3,0.02611135785101408,1,0,0,0,0,0,0,0,0,7,476,3,0,18,1
1pgt,B,43,LEU,3.8,166.7,0.0,0,0,H,0.17682926829268292,-61.9,-45.3,15.0,9.0,0.625,2.2486518103274156,25,16,15,1,0.03357174580844668,1,0,0,0,0,0,0,0,0,7,476,3,0,18,1
1pgt,B,44,LYS,-3.9,168.6,1.0,2,0,H,0.43414634146341463,-51.6,-42.4,7.0,16.0,0.30434782608695654,2.2528216246338815,18,0,8,-8,0.03776821403450251,1,0,0,0,0,0,0,0,0,19,5,14,0,0,1
1pgt,B,45,ALA,1.8,88.6,0.0,0,0,H,0.839622641509434,-65.7,-23.7,4.0,13.0,0.23529411764705882,1.7677774746081532,17,14,5,9,0.02611135785101408,1,0,0,0,0,0,0,0,0,7,476,3,0,18,1
1pgt,B,46,SER,-0.8,89.0,0.0,1,1,H,0.5230769230769231,-92.7,-7.7,6.0,11.0,0.35294117647058826,1.7825315383989881,18,15,0,15,0.026577632098353617,1,0,0,0,0,0,0,0,0,-1,0,0,0,0,0
1pgt,B,47,CYS,2.5,108.5,0.0,1,0,S,0.05185185185185185,-86.1,133.1,16.0,9.0,0.64,2.458381508787131,23,17,0,17,0.03870076252918159,0,0,0,0,0,0,1,0,0,19,5,14,0,0,1
1pgt,B,48,LEU,3.8,166.7,0.0,0,0,T,0.20121951219512196,-44.8,-51.8,17.0,14.0,0.5483870967741935,1.9580948273976537,30,15,3,12,0.035436842797804825,0,0,0,0,0,1,0,0,0,19,5,14,0,0,1
1pgt,B,49,TYR,-1.3,193.6,0.0,1,1,T,0.1981981981981982,-109.7,20.6,15.0,15.0,0.5,2.2304993144082657,34,10,20,-10,0.03310547156110714,0,0,0,0,0,1,0,0,0,19,5,14,0,0,1
1pgt,B,50,GLY,-0.4,60.1,0.0,0,0,S,0.15476190476190477,62.2,27.7,8.0,15.0,0.34782608695652173,1.9701780456043174,22,15,1,14,0.03310547156110714,0,0,0,0,0,0,1,0,0,19,5,14,0,0,1
1pgt,B,51,GLN,-3.5,143.8,0.0,2,2,-,0.5858585858585859,-140.4,163.7,8.0,20.0,0.2857142857142857,1.7884188002549024,23,20,4,16,0.03870076252918159,0,0,0,0,0,0,0,0,0,19,5,14,0,0,1
1pgt,B,52,LEU,3.8,166.7,0.0,0,0,S,0.12195121951219512,-114.0,161.5,17.0,16.0,0.5151515151515151,2.629801084358436,29,26,3,23,0.04476232774459557,0,0,0,0,0,0,1,0,0,19,5,14,0,0,1
1pgt,B,53,PRO,-1.6,112.7,0.0,0,0,-,0.03676470588235294,-72.1,165.9,25.0,13.0,0.6578947368421053,2.312113543510784,36,24,2,22,0.04755997322863279,0,0,0,0,0,0,0,0,0,-1,0,0,0,0,0
1pgt,B,54,LYS,-3.9,168.6,1.0,2,0,E,0.17560975609756097,-126.4,137.9,16.0,20.0,0.4444444444444444,3.7193112903923953,32,3,10,-7,0.048492521723311866,0,0,1,0,0,0,0,0,0,-1,0,0,0,0,0
1pgt,B,55,PHE,2.8,189.9,0.0,0,0,E,0.005076142131979695,-136.4,140.3,19.0,20.0,0.48717948717948717,5.5794844555905945,35,25,13,12,0.05035761871267001,0,0,1,0,0,0,0,0,0,-1,0,0,0,0,0
1pgt,B,56,GLN,-3.5,143.8,0.0,2,2,E,0.2878787878787879,-121.4,130.9,9.0,19.0,0.32142857142857145,2.143500106102488,22,17,24,-7,0.04476232774459557,0,0,1,0,0,0,0,0,0,6,408,4,0,22,1
1pgt,B,57,ASP,-3.5,111.1,-1.0,1,3,E,0.2147239263803681,-120.7,92.7,11.0,15.0,0.4230769230769231,1.980103263645562,25,10,8,2,0.04149840801321881,0,0,1,0,0,0,0,0,0,6,408,4,0,22,1
1pgt,B,58,GLY,-0.4,60.1,0.0,0,0,T,0.5714285714285714,65.3,-124.4,3.0,12.0,0.2,1.7096021515313933,13,3,16,-13,0.026577632098353617,0,0,0,0,0,1,0,0,0,6,408,4,0,22,1
1pgt,B,59,ASP,-3.5,111.1,-1.0,1,3,T,1.0,-88.2,-4.6,1.0,10.0,0.09090909090909091,1.6721141390148107,9,0,8,-8,0.020049792635600097,0,0,0,0,0,1,0,0,0,6,408,4,0,22,1
1pgt,B,60,LEU,3.8,166.7,0.0,0,0,E,0.08536585365853659,-87.4,129.0,13.0,7.0,0.65,2.120366071462891,23,11,18,-7,0.03170664881908853,0,0,1,0,0,0,0,0,0,15,24,8,0,2,1
1pgt,B,61,THR,-0.7,116.1,0.0,1,1,E,0.3732394366197183,-114.6,128.2,7.0,21.0,0.25,1.8996351870903065,26,14,15,-1,0.035436842797804825,0,0,1,0,0,0,0,0,0,-1,0,0,0,0,0
1pgt,B,62,LEU,3.8,166.7,0.0,0,0,E,0.0,-127.8,153.0,26.0,13.0,0.6666666666666666,3.8189978116645644,38,22,20,2,0.045694876239274644,0,0,1,0,0,0,0,0,0,-1,0,0,0,0,0
1pgt,B,63,TYR,-1.3,193.6,0.0,1,1,E,0.0990990990990991,-122.5,171.3,14.0,26.0,0.35,2.4090245733929154,33,10,3,7,0.05222271570202816,0,0,1,0,0,0,0,0,0,-1,0,0,0,0,0
1pgt,B,64,GLN,-3.5,143.8,0.0,2,2,-,0.1414141414141414,81.4,109.5,19.0,20.0,0.48717948717948717,2.0805954254025525,31,23,31,-8,0.04616115048661418,0,0,0,0,0,0,0,0,0,-1,0,0,0,0,0
1pgt,B,65,SER,-0.8,89.0,0.0,1,1,H,0.06923076923076923,-54.5,-45.0,16.0,20.0,0.4444444444444444,2.341161753600253,36,36,20,16,0.04103213376587927,1,0,0,0,0,0,0,0,0,11,24,21,0,4,1
1pgt,B,66,ASN,-3.5,114.1,0.0,2,2,H,0.07643312101910828,-66.2,-31.1,18.0,25.0,0.4186046511627907,2.583170459036514,29,35,44,-9,0.043363505002576956,1,0,0,0,0,0,0,0,0,11,24,21,0,4,1
1pgt,B,67,THR,-0.7,116.1,0.0,1,1,H,0.0,-63.9,-41.6,21.0,17.0,0.5526315789473685,5.169640284270376,33,33,18,15,0.0526889899493677,1,0,0,0,0,0,0,0,0,-1,0,0,0,0,0
1pgt,B,68,ILE,4.5,166.7,0.0,0,0,H,0.005917159763313609,-65.7,-45.3,24.0,21.0,0.5333333333333333,6.31497120119213,37,35,15,20,0.04755997322863279,1,0,0,0,0,0,0,0,0,-1,0,0,0,0,0
1pgt,B,69,LEU,3.8,166.7,0.0,0,0,H,0.03048780487804878,-56.1,-47.7,23.0,20.0,0.5348837209302325,6.871804903625281,40,36,10,26,0.04709369898129325,1,0,0,0,0,0,0,0,0,-1,0,0,0,0,0
1pgt,B,70,ARG,-4.5,173.4,1.0,5,0,H,0.008064516129032258,-62.6,-40.4,22.0,20.0,0.5238095238095238,4.226404699749501,28,22,28,-6,0.053621538444046775,1,0,0,0,0,0,0,0,0,-1,0,0,0,0,0
1pgt,B,71,HIS,-3.2,153.2,0.1,2,1,H,0.005434782608695652,-59.5,-46.3,21.0,16.0,0.5675675675675675,3.9960570672004154,37,18,20,-2,0.048958795970651406,1,0,0,0,0,0,0,0,0,15,24,8,0,2,1
1pgt,B,72,LEU,3.8,166.7,0.0,0,0,H,0.0,-68.7,-33.8,22.0,14.0,0.6111111111111112,5.117652243525688,35,30,7,23,0.048958795970651406,1,0,0,0,0,0,0,0,0,10,66,10,0,8,1
1pgt,B,73,GLY,-0.4,60.1,0.0,0,0,H,0.0,-64.6,-42.2,24.0,11.0,0.6857142857142857,3.223729223742115,28,30,3,27,0.050823892960009553,1,0,0,0,0,0,0,0,0,-1,0,0,0,0,0
1pgt,B,74,ARG,-4.5,173.4,1.0,5,0,H,0.1935483870967742,-66.6,-49.1,12.0,15.0,0.4444444444444444,2.186658827947075,27,21,18,3,0.03963331102386066,1,0,0,0,0,0,0,0,0,29,0,8,0,0,1
1pgt,B,75,THR,-0.7,116.1,0.0,1,1,H,0.323943661971831,-78.6,-26.9,11.0,11.0,0.5,1.9837436529018686,26,26,5,21,0.030307826077069916,1,0,0,0,0,0,0,0,0,29,0,8,0,0,1
1pgt,B,76,LEU,3.8,166.7,0.0,0,0,H,0.3048780487804878,-104.8,6.3,16.0,6.0,0.7272727272727273,1.9902161240690563,24,20,4,16,0.02844272908771177,1,0,0,0,0,0,0,0,0,10,66,10,0,8,1
1pgt,B,77,GLY,-0.4,60.1,0.0,0,0,T,0.6666666666666666,68.2,51.2,2.0,19.0,0.09523809523809523,1.7096283631737952,22,20,1,19,0.026577632098353617,0,0,0,0,0,1,0,0,0,10,66,10,0,8,1
1pgt,B,78,LEU,3.8,166.7,0.0,0,0,-,0.04878048780487805,-123.6,45.9,20.0,14.0,0.5882352941176471,2.7006244763392098,30,20,9,11,0.04476232774459557,0,0,0,0,0,0,0,0,0,10,66,10,0,8,1
1pgt,B,79,TYR,-1.3,193.6,0.0,1,1,S,0.0990990990990991,-131.9,38.6,14.0,21.0,0.4,1.9353344966332733,34,44,25,19,0.043363505002576956,0,0,0,0,0,0,1,0,0,-1,0,0,0,0,0
1pgt,B,80,GLY,-0.4,60.1,0.0,0,0,-,0.42857142857142855,76.1,168.5,15.0,14.0,0.5172413793103449,1.7095285810596663,26,20,26,-6,0.043829779249916496,0,0,0,0,0,0,0,0,0,-1,0,0,0,0,0
1pgt,B,81,LYS,-3.9,168.6,1.0,2,0,S,0.7219512195121951,-89.1,-16.8,4.0,16.0,0.2,1.8706879396799185,16,0,25,-25,0.022847438119637322,0,0,0,0,0,0,1,0,0,-1,0,0,0,0,0
1pgt,B,82,ASP,-3.5,111.1,-1.0,1,3,S,0.4171779141104294,-154.6,-178.1,2.0,17.0,0.10526315789473684,1.7514206909613523,16,17,9,8,0.025178809356335007,0,0,0,0,0,0,1,0,0,23,2,8,0,0,1
1pgt,B,83,GLN,-3.5,143.8,0.0,2,2,H,0.494949494949495,-64.0,-32.0,11.0,14.0,0.44,1.9163670412356058,21,32,21,11,0.035436842797804825,1,0,0,0,0,0,0,0,0,23,2,8,0,0,1
1pgt,B,84,GLN,-3.5,143.8,0.0,2,2,H,0.5050505050505051,-64.9,-47.1,7.0,21.0,0.25,2.067336827526765,20,20,33,-13,0.0363693912924839,1,0,0,0,0,0,0,0,0,23,2,8,0,0,1
1pgt,B,85,GLU,-3.5,138.4,-1.0,1,3,H,0.1134020618556701,-64.4,-42.3,15.0,15.0,0.5,2.6355432850026563,27,15,18,-3,0.040565859518539735,1,0,0,0,0,0,0,0,0,-1,0,0,0,0,0
1pgt,B,86,ALA,1.8,88.6,0.0,0,0,H,0.0660377358490566,-55.8,-41.0,15.0,22.0,0.40540540540540543,3.233715302027561,29,44,25,19,0.045694876239274644,1,0,0,0,0,0,0,0,0,-1,0,0,0,0,0
1pgt,B,87,ALA,1.8,88.6,0.0,0,0,H,0.0,-61.5,-39.2,20.0,19.0,0.5128205128205128,5.049910598922008,34,32,30,2,0.050823892960009553,1,0,0,0,0,0,0,0,0,-1,0,0,0,0,0
1pgt,B,88,LEU,3.8,166.7,0.0,0,0,H,0.29878048780487804,-73.1,-33.7,17.0,22.0,0.4358974358974359,2.6939446309523105,34,13,23,-10,0.040565859518539735,1,0,0,0,0,0,0,0,0,-1,0,0,0,0,0
1pgt,B,89,VAL,4.2,140.0,0.0,0,0,H,0.0,-58.6,-47.5,25.0,20.0,0.5555555555555556,4.849388255270753,39,17,35,-18,0.05502036118606539,1,0,0,0,0,0,0,0,0,-1,0,0,0,0,0
1pgt,B,90,ASP,-3.5,111.1,-1.0,1,3,H,0.0,-55.4,-47.0,18.0,24.0,0.42857142857142855,5.070011897446345,35,36,16,20,0.05222271570202816,1,0,0,0,0,0,0,0,0,-1,0,0,0,0,0
1pgt,B,91,MET,1.9,162.9,0.0,0,0,H,0.0425531914893617,-57.0,-42.4,20.0,20.0,0.5,4.314655753054595,37,5,22,-17,0.05129016720734909,1,0,0,0,0,0,0,0,0,-1,0,0,0,0,0
1pgt,B,92,VAL,4.2,140.0,0.0,0,0,H,0.007042253521126761,-67.5,-48.0,23.0,18.0,0.5609756097560976,4.551088299158633,39,4,33,-29,0.0526889899493677,1,0,0,0,0,0,0,0,0,-1,0,0,0,0,0
1pgt,B,93,ASN,-3.5,114.1,0.0,2,2,H,0.0,-58.0,-45.5,21.0,18.0,0.5384615384615384,3.1042071119135426,38,23,40,-17,0.05035761871267001,1,0,0,0,0,0,0,0,0,-1,0,0,0,0,0
1pgt,B,94,ASP,-3.5,111.1,-1.0,1,3,H,0.08588957055214724,-62.2,-30.9,16.0,19.0,0.45714285714285713,1.9081968406130492,29,17,30,-13,0.04942507021799094,1,0,0,0,0,0,0,0,0,-1,0,0,0,0,0
1pgt,B,95,GLY,-0.4,60.1,0.0,0,0,H,0.03571428571428571,-72.0,-37.8,19.0,16.0,0.5428571428571428,2.2200717692534413,32,16,30,-14,0.04429605349725603,1,0,0,0,0,0,0,0,0,-1,0,0,0,0,0
1pgt,B,96,VAL,4.2,140.0,0.0,0,0,H,0.0,-62.4,-49.0,20.0,15.0,0.5714285714285714,4.343914146964601,40,22,39,-17,0.05035761871267001,1,0,0,0,0,0,0,0,0,-1,0,0,0,0,0
1pgt,B,97,GLU,-3.5,138.4,-1.0,1,3,H,0.18041237113402062,-55.6,-40.5,18.0,15.0,0.5454545454545454,2.1934613696569634,26,30,24,6,0.04103213376587927,1,0,0,0,0,0,0,0,0,11,24,21,0,4,1
1pgt,B,98,ASP,-3.5,111.1,-1.0,1,3,H,0.34355828220858897,-62.8,-43.7,12.0,16.0,0.42857142857142855,1.7922147462858122,23,24,22,2,0.034970568550465285,1,0,0,0,0,0,0,0,0,-1,0,0,0,0,0
1pgt,B,99,LEU,3.8,166.7,0.0,0,0,H,0.024390243902439025,-71.2,-40.9,22.0,10.0,0.6875,2.4108607321801747,33,29,21,8,0.043363505002576956,1,0,0,0,0,0,0,0,0,-1,0,0,0,0,0
1pgt,B,100,ARG,-4.5,173.4,1.0,5,0,H,0.04032258064516129,-57.5,-38.9,18.0,12.0,0.6,3.0390121342913035,38,28,27,1,0.04709369898129325,1,0,0,0,0,0,0,0,0,11,24,21,0,4,1
1pgt,B,101,CYS,2.5,108.5,0.0,1,0,H,0.43703703703703706,-62.0,-40.1,7.0,13.0,0.35,2.0452449098814616,22,27,21,6,0.03450429430312575,1,0,0,0,0,0,0,0,0,11,24,21,0,4,1
1pgt,B,102,LYS,-3.9,168.6,1.0,2,0,H,0.4682926829268293,-67.7,-40.2,14.0,12.0,0.5384615384615384,1.981498956071924,21,13,17,-4,0.035436842797804825,1,0,0,0,0,0,0,0,0,-1,0,0,0,0,0
1pgt,B,103,TYR,-1.3,193.6,0.0,1,1,H,0.009009009009009009,-61.4,-47.4,19.0,16.0,0.5428571428571428,3.2853030202592586,34,39,9,30,0.043829779249916496,1,0,0,0,0,0,0,0,0,-1,0,0,0,0,0
1pgt,B,104,VAL,4.2,140.0,0.0,0,0,H,0.3028169014084507,-60.7,-39.9,9.0,20.0,0.3103448275862069,2.3343279445797784,27,30,7,23,0.040099585271200194,1,0,0,0,0,0,0,0,0,-1,0,0,0,0,0
1pgt,B,105,SER,-0.8,89.0,0.0,1,1,H,0.5,-64.8,-38.6,7.0,13.0,0.35,1.8915731302287222,19,16,1,15,0.035436842797804825,1,0,0,0,0,0,0,0,0,-1,0,0,0,0,0
1pgt,B,106,LEU,3.8,166.7,0.0,0,0,H,0.06097560975609756,-63.7,-53.2,16.0,10.0,0.6153846153846154,2.3972985035834906,26,29,17,12,0.045694876239274644,1,0,0,0,0,0,0,0,0,3,960,5,1,82,1
1pgt,B,107,ILE,4.5,166.7,0.0,0,0,H,0.005917159763313609,-57.7,-53.4,16.0,11.0,0.5925925925925926,3.5328139797440055,26,24,5,19,0.05035761871267001,1,0,0,0,0,0,0,0,0,3,960,5,1,82,1
1pgt,B,108,TYR,-1.3,193.6,0.0,1,1,H,0.4594594594594595,-84.9,-15.6,9.0,13.0,0.4090909090909091,1.858026378227066,23,13,1,12,0.03590311704514436,1,0,0,0,0,0,0,0,0,3,960,5,1,82,1
1pgt,B,109,THR,-0.7,116.1,0.0,1,1,H,0.7323943661971831,-134.4,-10.2,5.0,12.0,0.29411764705882354,1.776750313675172,16,8,7,1,0.025178809356335007,1,0,0,0,0,0,0,0,0,-1,0,0,0,0,0
1pgt,B,110,ASN,-3.5,114.1,0.0,2,2,S,0.5095541401273885,-155.7,42.1,10.0,8.0,0.5555555555555556,1.917400785583973,18,13,17,-4,0.03310547156110714,0,0,0,0,0,0,1,0,0,-1,0,0,0,0,0
1pgt,B,111,TYR,-1.3,193.6,0.0,1,1,H,0.18018018018018017,-59.9,-67.7,8.0,14.0,0.36363636363636365,2.269781457194388,23,19,17,2,0.04103213376587927,1,0,0,0,0,0,0,0,0,3,960,5,1,82,1
1pgt,B,112,GLU,-3.5,138.4,-1.0,1,3,H,0.7010309278350515,-71.1,-24.4,1.0,15.0,0.0625,1.7902999344839121,14,16,6,10,0.026577632098353617,1,0,0,0,0,0,0,0,0,3,960,5,1,82,1
1pgt,B,113,ALA,1.8,88.6,0.0,0,0,H,0.7358490566037735,-88.2,-26.2,4.0,10.0,0.2857142857142857,1.8038743760715654,13,11,24,-13,0.02331371236697686,1,0,0,0,0,0,0,0,0,-1,0,0,0,0,0
1pgt,B,114,GLY,-0.4,60.1,0.0,0,0,H,0.13095238095238096,-105.9,-14.2,11.0,8.0,0.5789473684210527,1.904225755029703,18,14,25,-11,0.03450429430312575,1,0,0,0,0,0,0,0,0,-1,0,0,0,0,0
1pgt,B,115,LYS,-3.9,168.6,1.0,2,0,H,0.23414634146341465,-46.9,-50.8,10.0,15.0,0.4,2.273502319305677,22,9,25,-16,0.040565859518539735,1,0,0,0,0,0,0,0,0,-1,0,0,0,0,0
1pgt,B,116,ASP,-3.5,111.1,-1.0,1,3,H,0.7852760736196319,-67.0,-35.1,1.0,14.0,0.06666666666666667,1.6721406095785767,15,18,13,5,0.02844272908771177,1,0,0,0,0,0,0,0,0,-1,0,0,0,0,0
1pgt,B,117,ASP,-3.5,111.1,-1.0,1,3,H,0.6503067484662577,-68.1,-38.7,7.0,10.0,0.4117647058823529,1.7068962163404229,14,17,10,7,0.027043906345693154,1,0,0,0,0,0,0,0,0,5,325,8,0,26,1
1pgt,B,118,TYR,-1.3,193.6,0.0,1,1,H,0.14864864864864866,-60.1,-47.0,16.0,11.0,0.5925925925925926,1.9552734146268769,30,40,16,24,0.0363693912924839,1,0,0,0,0,0,0,0,0,5,325,8,0,26,1
1pgt,B,119,VAL,4.2,140.0,0.0,0,0,H,0.352112676056338,-66.8,-35.3,14.0,13.0,0.5185185185185185,2.2070988571997447,21,27,16,11,0.03916703677652112,1,0,0,0,0,0,0,0,0,5,325,8,0,26,1
1pgt,B,120,LYS,-3.9,168.6,1.0,2,0,H,0.7902439024390244,-66.7,-35.6,4.0,10.0,0.2857142857142857,1.9119470200175321,11,4,16,-12,0.02611135785101408,1,0,0,0,0,0,0,0,0,5,325,8,0,26,1
1pgt,B,121,ALA,1.8,88.6,0.0,0,0,H,0.49056603773584906,-86.5,-9.6,8.0,10.0,0.4444444444444444,1.9534347329596948,19,20,13,7,0.030307826077069916,1,0,0,0,0,0,0,0,0,5,325,8,0,26,1
1pgt,B,122,LEU,3.8,166.7,0.0,0,0,H,0.024390243902439025,-57.5,-44.0,19.0,9.0,0.6785714285714286,2.113436184868174,29,29,8,21,0.03916703677652112,1,0,0,0,0,0,0,0,0,5,325,8,0,26,1
1pgt,B,123,PRO,-1.6,112.7,0.0,0,0,H,0.4411764705882353,-58.3,-33.2,7.0,17.0,0.2916666666666667,2.041330313521298,23,19,4,15,0.03170664881908853,1,0,0,0,0,0,0,0,0,5,325,8,0,26,1
1pgt,B,124,GLY,-0.4,60.1,0.0,0,0,H,0.5952380952380952,-72.1,-23.9,6.0,16.0,0.2727272727272727,1.709514685657033,21,17,3,14,0.027510180593032695,1,0,0,0,0,0,0,0,0,5,325,8,0,26,1
1pgt,B,125,GLN,-3.5,143.8,0.0,2,2,H,0.3383838383838384,-84.0,-23.6,17.0,13.0,0.5666666666666667,1.8866620649530228,29,27,9,18,0.034970568550465285,1,0,0,0,0,0,0,0,0,5,325,8,0,26,1
1pgt,B,126,LEU,3.8,166.7,0.0,0,0,H,0.006097560975609756,-92.6,-24.4,20.0,18.0,0.5263157894736842,3.65577154434758,31,19,11,8,0.04289723075523742,1,0,0,0,0,0,0,0,0,-1,0,0,0,0,0
1pgt,B,127,LYS,-3.9,168.6,1.0,2,0,H,0.6097560975609756,-48.1,-40.7,10.0,18.0,0.35714285714285715,2.230120895948048,21,0,9,-9,0.0363693912924839,1,0,0,0,0,0,0,0,0,-1,0,0,0,0,0
1pgt,B,128,PRO,-1.6,112.7,0.0,0,0,H,0.11029411764705882,-57.1,-36.2,18.0,13.0,0.5806451612903226,2.349055342984824,32,9,9,0,0.03963331102386066,1,0,0,0,0,0,0,0,0,27,0,14,0,0,1
1pgt,B,129,PHE,2.8,189.9,0.0,0,0,H,0.01015228426395939,-75.1,-30.5,24.0,16.0,0.6,3.8079207422868846,36,7,13,-6,0.04429605349725603,1,0,0,0,0,0,0,0,0,-1,0,0,0,0,0
1pgt,B,130,GLU,-3.5,138.4,-1.0,1,3,H,0.13917525773195877,-70.3,-39.0,13.0,21.0,0.38235294117647056,2.4647442897988228,28,9,0,9,0.04476232774459557,1,0,0,0,0,0,0,0,0,-1,0,0,0,0,0
1pgt,B,131,THR,-0.7,116.1,0.0,1,1,H,0.39436619718309857,-62.8,-44.7,10.0,16.0,0.38461538461538464,2.188175005823724,25,8,9,-1,0.03590311704514436,1,0,0,0,0,0,0,0,0,-1,0,0,0,0,0
1pgt,B,132,LEU,3.8,166.7,0.0,0,0,H,0.10365853658536585,-58.4,-46.8,20.0,12.0,0.625,2.487523326529247,30,5,10,-5,0.03963331102386066,1,0,0,0,0,0,0,0,0,-1,0,0,0,0,0
1pgt,B,133,LEU,3.8,166.7,0.0,0,0,H,0.0,-60.9,-43.4,19.0,13.0,0.59375,4.556471268709343,34,16,11,5,0.053155264196707235,1,0,0,0,0,0,0,0,0,-1,0,0,0,0,0
1pgt,B,134,SER,-0.8,89.0,0.0,1,1,H,0.46153846153846156,-59.2,-24.2,7.0,16.0,0.30434782608695654,2.0318402234798207,20,9,9,0,0.034970568550465285,1,0,0,0,0,0,0,0,0,-1,0,0,0,0,0
1pgt,B,135,GLN,-3.5,143.8,0.0,2,2,T,0.7070707070707071,-93.4,-6.2,7.0,13.0,0.35,1.804685998028373,21,1,6,-5,0.027043906345693154,0,0,0,0,0,1,0,0,0,-1,0,0,0,0,0
1pgt,B,136,ASN,-3.5,114.1,0.0,2,2,T,0.15286624203821655,-113.5,89.1,17.0,4.0,0.8095238095238095,2.1678798706876385,25,10,15,-5,0.03776821403450251,0,0,0,0,0,1,0,0,0,-1,0,0,0,0,0
1pgt,B,137,GLN,-3.5,143.8,0.0,2,2,G,0.5202020202020202,52.9,47.2,7.0,9.0,0.4375,1.7529081553780617,18,12,9,3,0.02611135785101408,0,0,0,1,0,0,0,0,0,-1,0,0,0,0,0
1pgt,B,138,GLY,-0.4,60.1,0.0,0,0,G,0.4523809523809524,61.8,19.5,1.0,20.0,0.047619047619047616,1.795226022106067,21,13,7,6,0.027043906345693154,0,0,0,1,0,0,0,0,0,-1,0,0,0,0,0
1pgt,B,139,GLY,-0.4,60.1,0.0,0,0,G,0.011904761904761904,70.9,29.5,14.0,12.0,0.5384615384615384,3.5094537415275946,27,16,11,5,0.04476232774459557,0,0,0,1,0,0,0,0,0,-1,0,0,0,0,0
1pgt,B,140,LYS,-3.9,168.6,1.0,2,0,T,0.6439024390243903,-100.3,-3.5,2.0,24.0,0.07692307692307693,2.1274212201703353,19,9,1,8,0.032172923066428064,0,0,0,0,0,1,0,0,0,-1,0,0,0,0,0
1pgt,B,141,THR,-0.7,116.1,0.0,1,1,S,0.22535211267605634,-123.8,-118.2,10.0,16.0,0.38461538461538464,2.303316695402878,24,20,12,8,0.040099585271200194,0,0,0,0,0,0,1,0,0,-1,0,0,0,0,0
1pgt,B,142,PHE,2.8,189.9,0.0,0,0,-,0.17766497461928935,-105.4,-176.9,16.0,22.0,0.42105263157894735,2.9320201252601663,27,21,20,1,0.04942507021799094,0,0,0,0,0,0,0,0,0,-1,0,0,0,0,0
1pgt,B,143,ILE,4.5,166.7,0.0,0,0,S,0.023668639053254437,-70.9,-36.8,26.0,20.0,0.5652173913043478,3.483622182252829,42,6,21,-15,0.04942507021799094,0,0,0,0,0,0,1,0,0,-1,0,0,0,0,0
1pgt,B,144,VAL,4.2,140.0,0.0,0,0,S,0.07746478873239436,-132.1,131.3,20.0,18.0,0.5263157894736842,2.2798683856035353,33,7,30,-23,0.04476232774459557,0,0,0,0,0,0,1,0,0,-1,0,0,0,0,0
1pgt,B,145,GLY,-0.4,60.1,0.0,0,0,T,0.08333333333333333,68.5,-160.5,17.0,13.0,0.5666666666666667,2.2424127241166323,29,13,25,-12,0.03963331102386066,0,0,0,0,0,1,0,0,0,-1,0,0,0,0,0
1pgt,B,146,ASP,-3.5,111.1,-1.0,1,3,T,0.5337423312883436,-127.4,32.4,3.0,18.0,0.14285714285714285,1.8177402886239855,15,12,8,4,0.03170664881908853,0,0,0,0,0,1,0,0,0,-1,0,0,0,0,0
1pgt,B,147,GLN,-3.5,143.8,0.0,2,2,S,0.7070707070707071,-140.0,146.6,9.0,15.0,0.375,1.7920714043397465,24,13,18,-5,0.03310547156110714,0,0,0,0,0,0,1,0,0,-1,0,0,0,0,0
1pgt,B,148,ILE,4.5,166.7,0.0,0,0,-,0.07692307692307693,-66.8,150.0,14.0,18.0,0.4375,2.426201295294974,30,7,23,-16,0.045694876239274644,0,0,0,0,0,0,0,0,0,-1,0,0,0,0,0
1pgt,B,149,SER,-0.8,89.0,0.0,1,1,-,0.007692307692307693,-128.8,170.0,20.0,23.0,0.46511627906976744,3.1364500351292173,41,10,22,-12,0.04989134446533048,0,0,0,0,0,0,0,0,0,-1,0,0,0,0,0
1pgt,B,150,PHE,2.8,189.9,0.0,0,0,H,0.0,-60.6,-29.9,24.0,22.0,0.5217391304347826,6.009469626529039,40,24,20,4,0.05502036118606539,1,0,0,0,0,0,0,0,0,-1,0,0,0,0,0
1pgt,B,151,ALA,1.8,88.6,0.0,0,0,H,0.0,-66.2,-26.7,21.0,21.0,0.5,7.015328276404742,43,8,24,-16,0.05035761871267001,1,0,0,0,0,0,0,0,0,-1,0,0,0,0,0
1pgt,B,152,ASP,-3.5,111.1,-1.0,1,3,H,0.0,-65.8,-43.6,22.0,22.0,0.5,6.34239504199106,42,7,6,1,0.04662742473395372,1,0,0,0,0,0,0,0,0,-1,0,0,0,0,0
1pgt,B,153,TYR,-1.3,193.6,0.0,1,1,H,0.0,-64.5,-38.0,24.0,19.0,0.5581395348837209,6.725828051465442,39,13,23,-10,0.05035761871267001,1,0,0,0,0,0,0,0,0,-1,0,0,0,0,0
1pgt,B,154,ASN,-3.5,114.1,0.0,2,2,H,0.025477707006369428,-68.9,-40.4,23.0,19.0,0.5476190476190477,6.462209514299086,39,21,30,-9,0.05035761871267001,1,0,0,0,0,0,0,0,0,-1,0,0,0,0,0
1pgt,B,155,LEU,3.8,166.7,0.0,0,0,H,0.0,-65.2,-41.9,25.0,21.0,0.5434782608695652,7.605584189865404,41,12,20,-8,0.04942507021799094,1,0,0,0,0,0,0,0,0,-1,0,0,0,0,0
1pgt,B,156,LEU,3.8,166.7,0.0,0,0,H,0.0,-61.5,-46.5,23.0,17.0,0.575,5.744286575381078,37,11,19,-8,0.048958795970651406,1,0,0,0,0,0,0,0,0,0,5726,11,0,594,1
1pgt,B,157,ASP,-3.5,111.1,-1.0,1,3,H,0.018404907975460124,-55.4,-48.7,21.0,16.0,0.5675675675675675,3.1849809122268904,38,37,6,31,0.04429605349725603,1,0,0,0,0,0,0,0,0,-1,0,0,0,0,0
1pgt,B,158,LEU,3.8,166.7,0.0,0,0,H,0.0,-58.1,-41.1,21.0,18.0,0.5384615384615384,5.100669835948624,41,22,25,-3,0.048958795970651406,1,0,0,0,0,0,0,0,0,-1,0,0,0,0,0
1pgt,B,159,LEU,3.8,166.7,0.0,0,0,H,0.0,-68.1,-41.9,21.0,19.0,0.525,5.125629038887494,37,13,21,-8,0.045228601991935104,1,0,0,0,0,0,0,0,0,-1,0,0,0,0,0
1pgt,B,160,LEU,3.8,166.7,0.0,0,0,H,0.23780487804878048,-63.5,-37.2,16.0,16.0,0.5,2.1337888607447133,32,18,18,0,0.03963331102386066,1,0,0,0,0,0,0,0,0,-1,0,0,0,0,0
1pgt,B,161,ILE,4.5,166.7,0.0,0,0,H,0.029585798816568046,-75.9,-21.7,19.0,13.0,0.59375,2.6187994487485535,36,32,16,16,0.04289723075523742,1,0,0,0,0,0,0,0,0,-1,0,0,0,0,0
1pgt,B,162,HIS,-3.2,153.2,0.1,2,1,H,0.0,-79.7,-29.2,19.0,14.0,0.5757575757575758,4.8127551794903605,35,14,17,-3,0.048492521723311866,1,0,0,0,0,0,0,0,0,-1,0,0,0,0,0
1pgt,B,163,GLU,-3.5,138.4,-1.0,1,3,H,0.27835051546391754,-71.2,-31.1,10.0,12.0,0.45454545454545453,1.9418794703846258,24,10,9,1,0.03870076252918159,1,0,0,0,0,0,0,0,0,-1,0,0,0,0,0
1pgt,B,164,VAL,4.2,140.0,0.0,0,0,H,0.45774647887323944,-68.3,-37.8,9.0,10.0,0.47368421052631576,1.973628284651473,24,20,11,9,0.03310547156110714,1,0,0,0,0,0,0,0,0,-1,0,0,0,0,0
1pgt,B,165,LEU,3.8,166.7,0.0,0,0,H,0.036585365853658534,-72.9,-42.6,21.0,6.0,0.7777777777777778,2.866735111404778,27,24,12,12,0.04103213376587927,1,0,0,0,0,0,0,0,0,-1,0,0,0,0,0
1pgt,B,166,ALA,1.8,88.6,0.0,0,0,S,0.10377358490566038,-140.3,87.7,15.0,8.0,0.6521739130434783,2.1191115202146285,25,18,15,3,0.03357174580844668,0,0,0,0,0,0,1,0,0,-1,0,0,0,0,0
1pgt,B,167,PRO,-1.6,112.7,0.0,0,0,T,0.8235294117647058,-52.3,135.6,1.0,15.0,0.0625,1.88125202470572,16,9,15,-6,0.022847438119637322,0,0,0,0,0,1,0,0,0,-1,0,0,0,0,0
1pgt,B,168,GLY,-0.4,60.1,0.0,0,0,T,0.27380952380952384,77.7,7.5,0.0,20.0,0.0,1.709676481763043,17,5,17,-12,0.023779986614316396,0,0,0,0,0,1,0,0,0,-1,0,0,0,0,0
1pgt,B,169,CYS,2.5,108.5,0.0,1,0,T,0.18518518518518517,-63.0,-16.9,19.0,8.0,0.7037037037037037,2.070680337264346,28,12,17,-5,0.03870076252918159,0,0,0,0,0,1,0,0,0,-1,0,0,0,0,0
1pgt,B,170,LEU,3.8,166.7,0.0,0,0,T,0.03048780487804878,-98.2,0.9,19.0,14.0,0.5757575757575758,2.550075699865556,27,9,24,-15,0.03870076252918159,0,0,0,0,0,1,0,0,0,-1,0,0,0,0,0
1pgt,B,171,ASP,-3.5,111.1,-1.0,1,3,T,0.7914110429447853,-60.5,-32.5,5.0,13.0,0.2777777777777778,1.716878111967608,15,0,7,-7,0.02611135785101408,0,0,0,0,0,1,0,0,0,-1,0,0,0,0,0
1pgt,B,172,ALA,1.8,88.6,0.0,0,0,T,0.7641509433962265,-84.1,1.9,7.0,10.0,0.4117647058823529,1.7676962906645421,16,7,16,-9,0.022847438119637322,0,0,0,0,0,1,0,0,0,-1,0,0,0,0,0
1pgt,B,173,PHE,2.8,189.9,0.0,0,0,-,0.05583756345177665,-127.8,96.5,23.0,3.0,0.8846153846153846,2.2625682567101073,25,9,19,-10,0.03357174580844668,0,0,0,0,0,0,0,0,0,-1,0,0,0,0,0
1pgt,B,174,PRO,-1.6,112.7,0.0,0,0,H,0.6544117647058824,-62.6,-39.4,4.0,19.0,0.17391304347826086,1.8985715874547664,20,4,16,-12,0.027510180593032695,1,0,0,0,0,0,0,0,0,-1,0,0,0,0,0
1pgt,B,175,LEU,3.8,166.7,0.0,0,0,H,0.1951219512195122,-73.9,-40.1,18.0,12.0,0.6,2.495423537834238,31,16,11,5,0.040565859518539735,1,0,0,0,0,0,0,0,0,-1,0,0,0,0,0
1pgt,B,176,LEU,3.8,166.7,0.0,0,0,H,0.0,-66.8,-42.8,20.0,18.0,0.5263157894736842,4.978477373854015,33,11,16,-5,0.04709369898129325,1,0,0,0,0,0,0,0,0,0,5726,11,0,594,1
1pgt,B,177,SER,-0.8,89.0,0.0,1,1,H,0.34615384615384615,-55.5,-52.7,7.0,19.0,0.2692307692307692,1.9792211195748004,24,10,19,-9,0.03870076252918159,1,0,0,0,0,0,0,0,0,0,5726,11,0,594,1
1pgt,B,178,ALA,1.8,88.6,0.0,0,0,H,0.4339622641509434,-63.6,-36.2,11.0,15.0,0.4230769230769231,1.8592573628870468,21,20,3,17,0.030774100324409453,1,0,0,0,0,0,0,0,0,0,5726,11,0,594,1
1pgt,B,179,TYR,-1.3,193.6,0.0,1,1,H,0.0,-62.4,-43.2,25.0,8.0,0.7575757575757576,5.201653124232793,38,20,14,6,0.04149840801321881,1,0,0,0,0,0,0,0,0,0,5726,11,0,594,1
1pgt,B,180,VAL,4.2,140.0,0.0,0,0,H,0.14084507042253522,-64.4,-41.0,16.0,20.0,0.4444444444444444,2.4923545980297654,28,14,12,2,0.04289723075523742,1,0,0,0,0,0,0,0,0,0,5726,11,0,594,1
1pgt,B,181,GLY,-0.4,60.1,0.0,0,0,H,0.5357142857142857,-62.6,-45.9,7.0,13.0,0.35,1.7097440024575046,20,24,0,24,0.02797645484037223,1,0,0,0,0,0,0,0,0,0,5726,11,0,594,1
1pgt,B,182,ARG,-4.5,173.4,1.0,5,0,H,0.31048387096774194,-67.4,-47.3,11.0,10.0,0.5238095238095238,2.005513411604139,22,18,3,15,0.030774100324409453,1,0,0,0,0,0,0,0,0,0,5726,11,0,594,1
1pgt,B,183,LEU,3.8,166.7,0.0,0,0,H,0.006097560975609756,-66.9,-42.3,21.0,13.0,0.6176470588235294,3.0340696316190785,34,28,14,14,0.04289723075523742,1,0,0,0,0,0,0,0,0,0,5726,11,0,594,1
1pgt,B,184,SER,-0.8,89.0,0.0,1,1,H,0.23076923076923078,-62.4,-15.7,11.0,16.0,0.4074074074074074,2.1154230896110913,26,31,5,26,0.03730193978716297,1,0,0,0,0,0,0,0,0,0,5726,11,0,594,1
1pgt,B,185,ALA,1.8,88.6,0.0,0,0,T,0.5660377358490566,-96.6,-0.4,5.0,13.0,0.2777777777777778,1.809023071713289,17,33,4,29,0.030307826077069916,0,0,0,0,0,1,0,0,0,0,5726,11,0,594,1
1pgt,B,186,ARG,-4.5,173.4,1.0,5,0,S,0.27419354838709675,-62.1,134.3,15.0,7.0,0.6818181818181818,2.072680653649627,25,25,10,15,0.03357174580844668,0,0,0,0,0,0,1,0,0,-1,0,0,0,0,0
1pgt,B,187,PRO,-1.6,112.7,0.0,0,0,H,0.8161764705882353,-49.1,-58.1,2.0,15.0,0.11764705882352941,1.8976159083069206,16,31,8,23,0.027043906345693154,1,0,0,0,0,0,0,0,0,-1,0,0,0,0,0
1pgt,B,188,LYS,-3.9,168.6,1.0,2,0,H,0.6048780487804878,-66.1,-33.1,9.0,12.0,0.42857142857142855,1.9205648687588193,21,19,8,11,0.03403802005578621,1,0,0,0,0,0,0,0,0,-1,0,0,0,0,0
1pgt,B,189,LEU,3.8,166.7,0.0,0,0,H,0.006097560975609756,-72.5,-38.6,19.0,12.0,0.6129032258064516,4.046069183029866,31,35,8,27,0.048492521723311866,1,0,0,0,0,0,0,0,0,-1,0,0,0,0,0
1pgt,B,190,LYS,-3.9,168.6,1.0,2,0,H,0.624390243902439,-60.5,-42.1,7.0,14.0,0.3333333333333333,2.048794367549811,16,15,3,12,0.03450429430312575,1,0,0,0,0,0,0,0,0,-1,0,0,0,0,0
1pgt,B,191,ALA,1.8,88.6,0.0,0,0,H,0.6037735849056604,-63.2,-44.4,5.0,15.0,0.25,1.767741509904205,19,22,12,10,0.028909003335051305,1,0,0,0,0,0,0,0,0,-1,0,0,0,0,0
1pgt,B,192,PHE,2.8,189.9,0.0,0,0,H,0.08121827411167512,-63.1,-46.4,16.0,11.0,0.5925925925925926,2.439034202336424,34,28,17,11,0.043363505002576956,1,0,0,0,0,0,0,0,0,-1,0,0,0,0,0
1pgt,B,193,LEU,3.8,166.7,0.0,0,0,H,0.17073170731707318,-65.5,-23.1,15.0,14.0,0.5172413793103449,2.17537853742688,28,27,14,13,0.03823448828184205,1,0,0,0,0,0,0,0,0,-1,0,0,0,0,0
1pgt,B,194,ALA,1.8,88.6,0.0,0,0,H,0.7358490566037735,-91.3,-8.7,7.0,11.0,0.3888888888888889,1.79160875316695,15,13,8,5,0.029375277582390842,1,0,0,0,0,0,0,0,0,-1,0,0,0,0,0
1pgt,B,195,SER,-0.8,89.0,0.0,1,1,S,0.17692307692307693,-79.9,152.5,9.0,6.0,0.6,1.9666746824004226,16,11,9,2,0.032639197313767604,0,0,0,0,0,0,1,0,0,-1,0,0,0,0,0
1pgt,B,196,PRO,-1.6,112.7,0.0,0,0,H,0.6544117647058824,-58.4,-37.7,0.0,11.0,0.0,1.8338865533599527,11,3,9,-6,0.026577632098353617,1,0,0,0,0,0,0,0,0,-1,0,0,0,0,0
1pgt,B,197,GLU,-3.5,138.4,-1.0,1,3,H,0.5567010309278351,-60.7,-21.5,7.0,13.0,0.35,1.7495446233311458,18,18,7,11,0.030774100324409453,1,0,0,0,0,0,0,0,0,-1,0,0,0,0,0
1pgt,B,198,TYR,-1.3,193.6,0.0,1,1,H,0.1036036036036036,-98.2,-54.2,13.0,12.0,0.52,2.8150854289715004,29,25,15,10,0.04476232774459557,1,0,0,0,0,0,0,0,0,-1,0,0,0,0,0
1pgt,B,199,VAL,4.2,140.0,0.0,0,0,H,0.5,-65.2,-35.0,7.0,9.0,0.4375,2.1782030178760428,15,10,7,3,0.03403802005578621,1,0,0,0,0,0,0,0,0,-1,0,0,0,0,0
1pgt,B,200,ASN,-3.5,114.1,0.0,2,2,T,0.8089171974522293,-91.0,11.5,3.0,12.0,0.2,1.816401114425758,13,7,7,0,0.026577632098353617,0,0,0,0,0,1,0,0,0,-1,0,0,0,0,0
1pgt,B,201,LEU,3.8,166.7,0.0,0,0,S,0.25,-105.4,134.4,15.0,6.0,0.7142857142857143,2.0451984003969224,23,17,11,6,0.035436842797804825,0,0,0,0,0,0,1,0,0,22,3,10,0,0,1
1pgt,B,202,PRO,-1.6,112.7,0.0,0,0,-,0.47058823529411764,-65.2,154.4,9.0,14.0,0.391304347826087,2.219564634873665,24,18,3,15,0.035436842797804825,0,0,0,0,0,0,0,0,0,22,3,10,0,0,1
1pgt,B,203,ILE,4.5,166.7,0.0,0,0,S,0.03550295857988166,-74.3,-44.0,13.0,19.0,0.40625,2.2036489465291194,32,23,7,16,0.03963331102386066,0,0,0,0,0,0,1,0,0,-1,0,0,0,0,0
1pgt,B,204,ASN,-3.5,114.1,0.0,2,2,S,0.044585987261146494,-120.9,171.3,13.0,13.0,0.5,1.9816940380271746,26,24,1,23,0.04243095650789788,0,0,0,0,0,0,1,0,0,22,3,10,0,0,1
1pgt,B,205,GLY,-0.4,60.1,0.0,0,0,T,0.6428571428571429,-63.6,-46.7,10.0,11.0,0.47619047619047616,1.8330001526431747,19,12,0,12,0.029375277582390842,0,0,0,0,0,1,0,0,0,-1,0,0,0,0,0
1pgt,B,206,ASN,-3.5,114.1,0.0,2,2,T,0.3885350318471338,-95.0,22.0,8.0,11.0,0.42105263157894735,1.9978053140866745,17,9,3,6,0.024246260861655933,0,0,0,0,0,1,0,0,0,3,960,5,1,82,1
1pgt,B,207,GLY,-0.4,60.1,0.0,0,0,S,0.8690476190476191,70.2,8.7,0.0,14.0,0.0,1.7096419235670564,14,9,1,8,0.021914889624958248,0,0,0,0,0,0,1,0,0,-1,0,0,0,0,0
1pgt,B,208,LYS,-3.9,168.6,1.0,2,0,-,0.2975609756097561,-110.6,151.7,12.0,11.0,0.5217391304347826,1.9018813928860452,20,5,8,-3,0.03170664881908853,0,0,0,0,0,0,0,0,0,3,960,5,1,82,1
1pgt,B,209,GLN,-3.5,143.8,0.0,2,2,-,0.4696969696969697,-171.9,360.0,14.0,14.0,0.5,1.7986792050064118,22,21,4,17,0.040099585271200194,0,0,0,0,0,0,0,0,0,3,960,5,1,82,1
1ogi,A,9,ASP,-3.5,111.1,-1.0,1,3,-,1.0,360.0,-43.8,0.0,7.0,0.0,1.6720819289776083,11,10,3,7,0.01165685618348843,0,0,0,0,0,0,0,0,0,21,12,2,0,0,1
1ogi,A,10,VAL,4.2,140.0,0.0,0,0,-,0.28169014084507044,-70.9,123.1,14.0,7.0,0.6666666666666666,2.0023812887230585,18,16,13,3,0.024246260861655933,0,0,0,0,0,0,0,0,0,21,12,2,0,0,1
1ogi,A,11,PRO,-1.6,112.7,0.0,0,0,-,0.19117647058823528,-65.9,136.6,15.0,8.0,0.6521739130434783,2.2698601618737757,23,23,12,11,0.03683566553982344,0,0,0,0,0,0,0,0,0,21,12,2,0,0,1
1ogi,A,12,VAL,4.2,140.0,0.0,0,0,-,0.34507042253521125,-151.5,132.9,5.0,17.0,0.22727272727272727,1.9308749798113474,21,21,4,17,0.03683566553982344,0,0,0,0,0,0,0,0,0,-1,0,0,0,0,0
1ogi,A,13,ASN,-3.5,114.1,0.0,2,2,-,0.3630573248407643,49.4,52.3,4.0,22.0,0.15384615384615385,1.9924901666607788,24,17,0,17,0.03310547156110714,0,0,0,0,0,0,0,0,0,3,196,6,0,13,1
1ogi,A,14,LEU,3.8,166.7,0.0,0,0,S,0.4268292682926829,-72.8,-24.2,11.0,12.0,0.4782608695652174,2.033174898593961,22,19,0,19,0.03776821403450251,0,0,0,0,0,0,1,0,0,25,0,7,0,0,1
1ogi,A,15,TYR,-1.3,193.6,0.0,1,1,B,0.18468468468468469,-135.1,135.7,18.0,8.0,0.6923076923076923,2.101284884892173,26,20,0,20,0.045228601991935104,0,1,0,0,0,0,0,0,0,3,196,6,0,13,1
1ogi,A,16,ARG,-4.5,173.4,1.0,5,0,B,0.5443548387096774,-118.4,160.3,2.0,21.0,0.08695652173913043,2.0048876379389124,17,0,0,0,0.03590311704514436,0,1,0,0,0,0,0,0,0,3,196,6,0,13,1
1ogi,A,17,PRO,-1.6,112.7,0.0,0,0,T,0.5514705882352942,-48.0,-34.6,9.0,16.0,0.36,2.0086549081512017,21,26,2,24,0.02984155182973038,0,0,0,0,0,1,0,0,0,3,196,6,0,13,1
1ogi,A,18,ASN,-3.5,114.1,0.0,2,2,T,0.8980891719745223,-72.6,-18.8,0.0,16.0,0.0,1.7221523161903352,12,12,0,12,0.017252147151562876,0,0,0,0,0,1,0,0,0,-1,0,0,0,0,0
1ogi,A,19,ALA,1.8,88.6,0.0,0,0,B,0.5660377358490566,-153.5,70.2,4.0,11.0,0.26666666666666666,1.927284031741435,14,18,0,18,0.02471253510899547,0,1,0,0,0,0,0,0,0,3,196,6,0,13,1
1ogi,A,20,PRO,-1.6,112.7,0.0,0,0,-,0.20588235294117646,-67.9,164.1,15.0,12.0,0.5555555555555556,2.249424389094919,19,16,0,16,0.04243095650789788,0,0,0,0,0,0,0,0,0,3,196,6,0,13,1
1ogi,A,21,PHE,2.8,189.9,0.0,0,0,E,0.07106598984771574,-84.7,137.3,21.0,10.0,0.6774193548387096,2.527322489821054,28,21,14,7,0.04149840801321881,0,0,1,0,0,0,0,0,0,3,196,6,0,13,1
1ogi,A,22,ILE,4.5,166.7,0.0,0,0,E,0.4319526627218935,-98.5,102.0,4.0,25.0,0.13793103448275862,1.969757768124181,24,18,14,4,0.03590311704514436,0,0,1,0,0,0,0,0,0,-1,0,0,0,0,0
1ogi,A,23,GLY,-0.4,60.1,0.0,0,0,E,0.011904761904761904,-98.6,166.6,23.0,9.0,0.71875,2.5790432373575904,33,22,18,4,0.04616115048661418,0,0,1,0,0,0,0,0,0,-1,0,0,0,0,0
1ogi,A,24,LYS,-3.9,168.6,1.0,2,0,E,0.4195121951219512,-118.0,137.7,8.0,20.0,0.2857142857142857,2.201431508586699,25,8,19,-11,0.04289723075523742,0,0,1,0,0,0,0,0,0,26,0,2,0,0,1
1ogi,A,25,VAL,4.2,140.0,0.0,0,0,E,0.035211267605633804,-72.4,129.6,16.0,14.0,0.5333333333333333,3.246888975974317,29,23,25,-2,0.04942507021799094,0,0,1,0,0,0,0,0,0,-1,0,0,0,0,0
1ogi,A,26,ILE,4.5,166.7,0.0,0,0,E,0.42011834319526625,-96.6,-46.7,14.0,13.0,0.5185185185185185,2.03851707359546,26,24,24,0,0.0363693912924839,0,0,1,0,0,0,0,0,0,26,0,2,0,0,1
1ogi,A,27,SER,-0.8,89.0,0.0,1,1,E,0.17692307692307693,-150.7,155.9,9.0,17.0,0.34615384615384615,2.431764494689345,25,23,25,-2,0.034970568550465285,0,0,1,0,0,0,0,0,0,-1,0,0,0,0,0
1ogi,A,28,ASN,-3.5,114.1,0.0,2,2,E,0.21019108280254778,-144.1,103.0,13.0,14.0,0.48148148148148145,1.8387658576016923,27,25,18,7,0.04243095650789788,0,0,1,0,0,0,0,0,0,11,24,10,0,2,1
1ogi,A,29,GLU,-3.5,138.4,-1.0,1,3,E,0.5412371134020618,-119.2,144.2,8.0,19.0,0.2962962962962963,2.07712366784665,22,20,3,17,0.030774100324409453,0,0,1,0,0,0,0,0,0,11,24,10,0,2,1
1ogi,A,30,PRO,-1.6,112.7,0.0,0,0,E,0.6764705882352942,-74.0,140.5,8.0,21.0,0.27586206896551724,1.9872819115080496,19,18,11,7,0.03170664881908853,0,0,1,0,0,0,0,0,0,11,24,10,0,2,1
1ogi,A,31,LEU,3.8,166.7,0.0,0,0,-,0.17073170731707318,-109.5,-17.6,22.0,12.0,0.6470588235294118,2.2494294371385175,33,30,16,14,0.04243095650789788,0,0,0,0,0,0,0,0,0,11,24,10,0,2,1
1ogi,A,32,VAL,4.2,140.0,0.0,0,0,S,0.176056338028169,-93.4,120.0,18.0,12.0,0.6,1.9732461078551702,28,16,11,5,0.045228601991935104,0,0,0,0,0,0,1,0,0,-1,0,0,0,0,0
1ogi,A,33,LYS,-3.9,168.6,1.0,2,0,P,0.44390243902439025,-79.6,165.2,9.0,12.0,0.42857142857142855,1.9070803496397986,19,8,17,-9,0.02984155182973038,0,0,0,0,0,0,0,0,0,18,14,4,0,0,1
1ogi,A,34,GLU,-3.5,138.4,-1.0,1,3,T,0.9845360824742269,-51.9,136.4,0.0,15.0,0.0,1.7084501088847255,11,9,0,9,0.01818469564624195,0,0,0,0,0,1,0,0,0,18,14,4,0,0,1
1ogi,A,35,GLY,-0.4,60.1,0.0,0,0,T,0.8571428571428571,94.2,-2.0,5.0,10.0,0.3333333333333333,1.7096693636099183,15,12,12,0,0.02098234113027917,0,0,0,0,0,1,0,0,0,18,14,4,0,0,1
1ogi,A,36,GLY,-0.4,60.1,0.0,0,0,-,0.2976190476190476,-90.1,172.0,15.0,6.0,0.7142857142857143,1.7731784690443961,19,13,10,3,0.03450429430312575,0,0,0,0,0,0,0,0,0,18,14,4,0,0,1
1ogi,A,37,ILE,4.5,166.7,0.0,0,0,S,0.46745562130177515,-102.1,125.6,9.0,15.0,0.375,1.9763541852429967,22,18,9,9,0.025645083603674543,0,0,0,0,0,0,1,0,0,5,67,14,0,12,1
1ogi,A,38,GLY,-0.4,60.1,0.0,0,0,S,0.5476190476190477,79.5,-173.5,18.0,11.0,0.6206896551724138,1.7094799806740977,23,15,13,2,0.02797645484037223,0,0,0,0,0,0,1,0,0,5,67,14,0,12,1
1ogi,A,39,ILE,4.5,166.7,0.0,0,0,-,0.3609467455621302,-126.9,126.0,12.0,20.0,0.375,2.0984270807765033,27,24,9,15,0.0363693912924839,0,0,0,0,0,0,0,0,0,-1,0,0,0,0,0
1ogi,A,40,VAL,4.2,140.0,0.0,0,0,E,0.04929577464788732,-134.8,122.4,19.0,18.0,0.5135135135135135,2.330216920796238,34,24,5,19,0.04476232774459557,0,0,1,0,0,0,0,0,0,-1,0,0,0,0,0
1ogi,A,41,GLN,-3.5,143.8,0.0,2,2,E,0.12626262626262627,-114.9,146.3,15.0,19.0,0.4411764705882353,3.1478306613388645,28,28,9,19,0.05035761871267001,0,0,1,0,0,0,0,0,0,11,24,10,0,2,1
1ogi,A,42,HIS,-3.2,153.2,0.1,2,1,E,0.04891304347826087,-101.0,115.9,12.0,26.0,0.3157894736842105,2.5899274480732886,33,17,18,-1,0.04942507021799094,0,0,1,0,0,0,0,0,0,-1,0,0,0,0,0
1ogi,A,43,ILE,4.5,166.7,0.0,0,0,E,0.0,-117.9,126.3,24.0,17.0,0.5853658536585366,4.994258224588119,40,26,17,9,0.05175644145468863,0,0,1,0,0,0,0,0,0,-1,0,0,0,0,0
1ogi,A,44,LYS,-3.9,168.6,1.0,2,0,E,0.13170731707317074,-111.1,131.8,11.0,26.0,0.2972972972972973,2.938426490022806,31,24,34,-10,0.048958795970651406,0,0,1,0,0,0,0,0,0,9,24,12,0,3,1
1ogi,A,45,PHE,2.8,189.9,0.0,0,0,E,0.0,-114.9,146.9,23.0,19.0,0.5476190476190477,6.002888200461598,41,31,16,15,0.048958795970651406,0,0,1,0,0,0,0,0,0,-1,0,0,0,0,0
1ogi,A,46,ASP,-3.5,111.1,-1.0,1,3,E,0.1901840490797546,-85.3,129.1,12.0,23.0,0.34285714285714286,2.0789649859040535,26,27,8,19,0.043363505002576956,0,0,1,0,0,0,0,0,0,26,0,2,0,0,1
1ogi,A,47,LEU,3.8,166.7,0.0,0,0,-,0.06707317073170732,-104.2,-4.1,16.0,14.0,0.5333333333333333,2.3854634519684996,31,34,18,16,0.04289723075523742,0,0,0,0,0,0,0,0,0,26,0,2,0,0,1
1ogi,A,48,THR,-0.7,116.1,0.0,1,1,T,0.4788732394366197,-60.4,141.6,5.0,15.0,0.25,1.8143566153995123,18,18,16,2,0.02797645484037223,0,0,0,0,0,1,0,0,0,26,0,2,0,0,1
1ogi,A,49,GLY,-0.4,60.1,0.0,0,0,T,1.0,97.3,1.6,7.0,6.0,0.5384615384615384,1.7095602624075337,13,10,9,1,0.01818469564624195,0,0,0,0,0,1,0,0,0,-1,0,0,0,0,0
1ogi,A,50,GLY,-0.4,60.1,0.0,0,0,S,0.35714285714285715,-142.8,177.6,18.0,3.0,0.8571428571428571,1.7096529303985248,17,13,9,4,0.02797645484037223,0,0,0,0,0,0,1,0,0,-1,0,0,0,0,0
1ogi,A,51,ASN,-3.5,114.1,0.0,2,2,-,0.6242038216560509,-120.6,31.0,4.0,20.0,0.16666666666666666,1.7572374069363754,16,9,1,8,0.029375277582390842,0,0,0,0,0,0,0,0,0,25,0,7,0,0,1
1ogi,A,52,LEU,3.8,166.7,0.0,0,0,-,0.06707317073170732,-71.4,116.4,23.0,10.0,0.696969696969697,2.951813407495114,34,17,6,11,0.03823448828184205,0,0,0,0,0,0,0,0,0,25,0,7,0,0,1
1ogi,A,53,LYS,-3.9,168.6,1.0,2,0,-,0.7463414634146341,-122.9,155.7,4.0,31.0,0.11428571428571428,2.2573872528342713,26,18,11,7,0.0363693912924839,0,0,0,0,0,0,0,0,0,25,0,7,0,0,1
1ogi,A,54,TYR,-1.3,193.6,0.0,1,1,-,0.04054054054054054,-160.1,170.4,26.0,12.0,0.6842105263157895,2.4730686515630933,37,34,17,17,0.04662742473395372,0,0,0,0,0,0,0,0,0,25,0,7,0,0,1
1ogi,A,55,ILE,4.5,166.7,0.0,0,0,-,0.17751479289940827,-130.8,168.8,12.0,25.0,0.32432432432432434,2.4856151771176744,31,41,18,23,0.04476232774459557,0,0,0,0,0,0,0,0,0,13,24,11,0,2,1
1ogi,A,56,GLU,-3.5,138.4,-1.0,1,3,T,0.02577319587628866,-58.5,137.2,15.0,24.0,0.38461538461538464,2.1883764926158324,36,38,7,31,0.05595290968074446,0,0,0,0,0,1,0,0,0,13,24,11,0,2,1
1ogi,A,57,GLY,-0.4,60.1,0.0,0,0,T,0.023809523809523808,95.4,-11.9,17.0,26.0,0.3953488372093023,2.7026768671834307,37,19,23,-4,0.053621538444046775,0,0,0,0,0,1,0,0,0,-1,0,0,0,0,0
1ogi,A,58,GLN,-3.5,143.8,0.0,2,2,-,0.005050505050505051,-84.2,174.2,20.0,21.0,0.4878048780487805,3.3048457251579886,39,17,18,-1,0.05035761871267001,0,0,0,0,0,0,0,0,0,-1,0,0,0,0,0
1ogi,A,59,SER,-0.8,89.0,0.0,1,1,E,0.08461538461538462,-128.4,167.0,13.0,27.0,0.325,2.674980663150024,40,7,11,-4,0.043829779249916496,0,0,1,0,0,0,0,0,0,-1,0,0,0,0,0
1ogi,A,60,ILE,4.5,166.7,0.0,0,0,E,0.0,-134.4,159.3,24.0,18.0,0.5714285714285714,4.882691401465622,41,10,1,9,0.04709369898129325,0,0,1,0,0,0,0,0,0,-1,0,0,0,0,0
1ogi,A,61,GLY,-0.4,60.1,0.0,0,0,E,0.0,-102.9,150.2,16.0,19.0,0.45714285714285713,3.5858238396117015,33,21,0,21,0.045694876239274644,0,0,1,0,0,0,0,0,0,-1,0,0,0,0,0
1ogi,A,62,ILE,4.5,166.7,0.0,0,0,E,0.0,-126.6,127.0,18.0,20.0,0.47368421052631576,5.3058023929993094,33,25,5,20,0.053621538444046775,0,0,1,0,0,0,0,0,0,-1,0,0,0,0,0
1ogi,A,63,ILE,4.5,166.7,0.0,0,0,E,0.15384615384615385,-102.9,107.2,18.0,15.0,0.5454545454545454,2.563779020897556,30,30,10,20,0.04709369898129325,0,0,1,0,0,0,0,0,0,0,3621,11,1,638,1
1ogi,A,64,PRO,-1.6,112.7,0.0,0,0,-,0.029411764705882353,-75.6,154.8,17.0,13.0,0.5666666666666667,2.622297824082078,27,28,13,15,0.04662742473395372,0,0,0,0,0,0,0,0,0,0,3621,11,1,638,1
1ogi,A,65,PRO,-1.6,112.7,0.0,0,0,S,0.5808823529411765,-76.4,166.5,7.0,18.0,0.28,1.8766057194212775,22,20,13,7,0.025178809356335007,0,0,0,0,0,0,1,0,0,0,3621,11,1,638,1
1ogi,A,66,GLY,-0.4,60.1,0.0,0,0,S,0.6309523809523809,93.3,178.6,7.0,9.0,0.4375,1.7096686064757987,17,17,17,0,0.022381163872297785,0,0,0,0,0,0,1,0,0,-1,0,0,0,0,0
1ogi,A,67,VAL,4.2,140.0,0.0,0,0,B,0.6408450704225352,-118.7,159.5,4.0,11.0,0.26666666666666666,2.0659973142101262,13,20,17,3,0.02844272908771177,0,1,0,0,0,0,0,0,0,-1,0,0,0,0,0
1ogi,A,68,ASP,-3.5,111.1,-1.0,1,3,-,0.294478527607362,-83.1,-173.8,7.0,7.0,0.5,1.9432804694850851,13,31,9,22,0.030774100324409453,0,0,0,0,0,0,0,0,0,20,8,4,0,0,1
1ogi,A,69,LYS,-3.9,168.6,1.0,2,0,T,0.9658536585365853,-58.6,-17.7,0.0,9.0,0.0,1.8707257271215607,8,7,13,-6,0.020049792635600097,0,0,0,0,0,1,0,0,0,20,8,4,0,0,1
1ogi,A,70,ASN,-3.5,114.1,0.0,2,2,T,0.7898089171974523,-101.1,6.8,3.0,5.0,0.375,1.8105076933735698,7,18,13,5,0.020516066882939634,0,0,0,0,0,1,0,0,0,20,8,4,0,0,1
1ogi,A,71,GLY,-0.4,60.1,0.0,0,0,S,0.5595238095238095,79.3,9.3,0.0,10.0,0.0,1.7095717654070108,8,16,17,-1,0.024246260861655933,0,0,0,0,0,0,1,0,0,20,8,4,0,0,1
1ogi,A,72,LYS,-3.9,168.6,1.0,2,0,P,0.6097560975609756,-92.0,141.3,3.0,7.0,0.3,2.219615440899662,9,14,17,-3,0.02797645484037223,0,0,0,0,0,0,0,0,0,-1,0,0,0,0,0
1ogi,A,73,PRO,-1.6,112.7,0.0,0,0,B,0.7132352941176471,-54.3,140.4,4.0,11.0,0.26666666666666666,1.9604364130347316,14,24,17,7,0.028909003335051305,0,1,0,0,0,0,0,0,0,28,0,7,0,0,1
1ogi,A,74,GLU,-3.5,138.4,-1.0,1,3,P,0.14432989690721648,-68.7,140.7,14.0,7.0,0.6666666666666666,1.7943263441394062,20,33,8,25,0.03776821403450251,0,0,0,0,0,0,0,0,0,28,0,7,0,0,1
1ogi,A,75,LYS,-3.9,168.6,1.0,2,0,P,0.8,-93.2,169.7,1.0,23.0,0.041666666666666664,2.001288782178148,16,19,15,4,0.030774100324409453,0,0,0,0,0,0,0,0,0,28,0,7,0,0,1
1ogi,A,76,LEU,3.8,166.7,0.0,0,0,P,0.35365853658536583,-68.1,154.4,15.0,12.0,0.5555555555555556,2.0003971074377045,22,28,8,20,0.03730193978716297,0,0,0,0,0,0,0,0,0,28,0,7,0,0,1
1ogi,A,77,ARG,-4.5,173.4,1.0,5,0,E,0.31451612903225806,-123.8,138.2,13.0,15.0,0.4642857142857143,2.1269182632634744,23,10,9,1,0.03450429430312575,0,0,1,0,0,0,0,0,0,-1,0,0,0,0,0
1ogi,A,78,LEU,3.8,166.7,0.0,0,0,E,0.6097560975609756,-89.4,143.5,10.0,19.0,0.3448275862068966,1.8604634027332105,24,12,4,8,0.03403802005578621,0,0,1,0,0,0,0,0,0,-1,0,0,0,0,0
1ogi,A,79,TYR,-1.3,193.6,0.0,1,1,E,0.17117117117117117,-137.1,132.1,22.0,19.0,0.5365853658536586,2.1302373889236295,37,16,3,13,0.043829779249916496,0,0,1,0,0,0,0,0,0,-1,0,0,0,0,0
1ogi,A,80,SER,-0.8,89.0,0.0,1,1,E,0.08461538461538462,-62.6,139.9,23.0,22.0,0.5111111111111111,1.9000034131080101,40,7,11,-4,0.045694876239274644,0,0,1,0,0,0,0,0,0,-1,0,0,0,0,0
1ogi,A,81,ILE,4.5,166.7,0.0,0,0,B,0.0,-72.9,133.4,27.0,20.0,0.574468085106383,4.9642331894422576,48,21,15,6,0.053621538444046775,0,1,0,0,0,0,0,0,0,-1,0,0,0,0,0
1ogi,A,82,ALA,1.8,88.6,0.0,0,0,-,0.0,-95.6,-13.2,17.0,24.0,0.4146341463414634,3.931452681397748,40,30,15,15,0.053155264196707235,0,0,0,0,0,0,0,0,0,-1,0,0,0,0,0
1ogi,A,83,SER,-0.8,89.0,0.0,1,1,S,0.0,-106.5,158.1,20.0,23.0,0.46511627906976744,2.8873227248399775,44,44,27,17,0.05595290968074446,0,0,0,0,0,0,1,0,0,-1,0,0,0,0,0
1ogi,A,84,THR,-0.7,116.1,0.0,1,1,-,0.014084507042253521,-72.6,175.4,18.0,26.0,0.4090909090909091,2.547820116919117,37,52,41,11,0.05595290968074446,0,0,0,0,0,0,0,0,0,-1,0,0,0,0,0
1ogi,A,85,ARG,-4.5,173.4,1.0,5,0,T,0.3185483870967742,-56.9,-25.5,12.0,26.0,0.3157894736842105,2.1736289385492893,30,31,30,1,0.04429605349725603,0,0,0,0,0,1,0,0,0,13,24,11,0,2,1
1ogi,A,86,HIS,-3.2,153.2,0.1,2,1,T,0.11956521739130435,-87.5,-10.5,13.0,19.0,0.40625,2.259459979101991,27,36,45,-9,0.04476232774459557,0,0,0,0,0,1,0,0,0,13,24,11,0,2,1
1ogi,A,87,GLY,-0.4,60.1,0.0,0,0,T,0.011904761904761904,87.3,162.2,15.0,20.0,0.42857142857142855,2.2989880165133507,32,48,42,6,0.0526889899493677,0,0,0,0,0,1,0,0,0,9,24,12,0,3,1
1ogi,A,88,ASP,-3.5,111.1,-1.0,1,3,T,0.25766871165644173,-57.4,-26.8,13.0,17.0,0.43333333333333335,1.7747367475135096,32,48,29,19,0.043363505002576956,0,0,0,0,0,1,0,0,0,9,24,12,0,3,1
1ogi,A,89,ASP,-3.5,111.1,-1.0,1,3,T,0.5214723926380368,-98.7,5.2,9.0,14.0,0.391304347826087,1.7695445158173904,23,29,28,1,0.025645083603674543,0,0,0,0,0,1,0,0,0,9,24,12,0,3,1
1ogi,A,90,VAL,4.2,140.0,0.0,0,0,T,0.2887323943661972,50.7,52.1,10.0,14.0,0.4166666666666667,2.035765692775042,23,35,45,-10,0.03403802005578621,0,0,0,0,0,1,0,0,0,19,12,4,0,0,1
1ogi,A,91,ASP,-3.5,111.1,-1.0,1,3,S,0.3803680981595092,-127.4,1.8,7.0,11.0,0.3888888888888889,1.98946652031437,22,28,28,0,0.030307826077069916,0,0,0,0,0,0,1,0,0,19,12,4,0,0,1
1ogi,A,92,ASP,-3.5,111.1,-1.0,1,3,S,0.6625766871165644,58.8,28.4,4.0,21.0,0.16,1.7643382269493475,21,35,22,13,0.03590311704514436,0,0,0,0,0,0,1,0,0,19,12,4,0,0,1
1ogi,A,93,LYS,-3.9,168.6,1.0,2,0,S,0.551219512195122,-117.1,-6.1,7.0,20.0,0.25925925925925924,2.1147544135736194,22,13,35,-22,0.03730193978716297,0,0,0,0,0,0,1,0,0,19,12,4,0,0,1
1ogi,A,94,THR,-0.7,116.1,0.0,1,1,E,0.028169014084507043,-139.0,177.2,17.0,16.0,0.5151515151515151,2.4952423250797273,35,38,40,-2,0.050823892960009553,0,0,1,0,0,0,0,0,0,9,24,12,0,3,1
1ogi,A,95,ILE,4.5,166.7,0.0,0,0,E,0.005917159763313609,-149.4,143.7,19.0,24.0,0.4418604651162791,4.702965120238654,45,37,21,16,0.053155264196707235,0,0,1,0,0,0,0,0,0,-1,0,0,0,0,0
1ogi,A,96,SER,-0.8,89.0,0.0,1,1,E,0.0,-125.3,156.9,23.0,22.0,0.5111111111111111,4.526411633269779,42,37,15,22,0.050823892960009553,0,0,1,0,0,0,0,0,0,-1,0,0,0,0,0
1ogi,A,97,LEU,3.8,166.7,0.0,0,0,E,0.0,-130.1,158.1,21.0,25.0,0.45652173913043476,3.5041158677951474,42,25,5,20,0.05175644145468863,0,0,1,0,0,0,0,0,0,-1,0,0,0,0,0
1ogi,A,98,CYS,2.5,108.5,0.0,1,0,E,0.05185185185185185,-124.3,99.7,19.0,23.0,0.4523809523809524,2.4831418789807818,44,29,4,25,0.05175644145468863,0,0,1,0,0,0,0,0,0,-1,0,0,0,0,0
1ogi,A,99,VAL,4.2,140.0,0.0,0,0,E,0.0,-113.2,126.1,21.0,20.0,0.5121951219512195,2.6701350526249077,40,25,3,22,0.048492521723311866,0,0,1,0,0,0,0,0,0,-1,0,0,0,0,0
1ogi,A,100,ARG,-4.5,173.4,1.0,5,0,E,0.3588709677419355,-94.1,133.6,14.0,24.0,0.3684210526315789,1.8835421176854914,28,0,9,-9,0.03963331102386066,0,0,1,0,0,0,0,0,0,16,5,16,0,1,1
1ogi,A,101,GLN,-3.5,143.8,0.0,2,2,P,0.07575757575757576,-74.7,119.7,17.0,12.0,0.5862068965517241,2.137211114143018,25,20,9,11,0.048492521723311866,0,0,0,0,0,0,0,0,0,16,5,16,0,1,1
1ogi,A,102,LEU,3.8,166.7,0.0,0,0,P,0.4146341463414634,-77.6,130.1,9.0,15.0,0.375,2.531205021146226,22,16,9,7,0.035436842797804825,0,0,0,0,0,0,0,0,0,16,5,16,0,1,1
1ogi,A,103,GLU,-3.5,138.4,-1.0,1,3,E,0.4948453608247423,-153.2,139.2,10.0,12.0,0.45454545454545453,1.938355164851345,19,21,2,19,0.03823448828184205,0,0,1,0,0,0,0,0,0,12,24,11,0,2,1
1ogi,A,104,TYR,-1.3,193.6,0.0,1,1,E,0.42342342342342343,-154.1,-156.7,6.0,9.0,0.4,1.813074214686534,18,20,24,-4,0.03357174580844668,0,0,1,0,0,0,0,0,0,12,24,11,0,2,1
1ogi,A,105,LYS,-3.9,168.6,1.0,2,0,-,0.5414634146341464,-158.3,-142.0,4.0,9.0,0.3076923076923077,2.1880032778189316,11,10,26,-16,0.03823448828184205,0,0,0,0,0,0,0,0,0,10,102,2,0,2,1
1ogi,A,106,HIS,-3.2,153.2,0.1,2,1,T,0.6141304347826086,-5.5,-65.4,0.0,11.0,0.0,1.8612536737180476,9,9,17,-8,0.029375277582390842,0,0,0,0,0,1,0,0,0,10,102,2,0,2,1
1ogi,A,107,PRO,-1.6,112.7,0.0,0,0,T,0.8088235294117647,-37.6,-23.2,3.0,7.0,0.3,1.8522160307768438,10,19,16,3,0.021914889624958248,0,0,0,0,0,1,0,0,0,10,102,2,0,2,1
1ogi,A,108,GLU,-3.5,138.4,-1.0,1,3,T,0.7371134020618557,-128.4,-25.9,7.0,5.0,0.5833333333333334,1.755155368482605,11,16,4,12,0.02611135785101408,0,0,0,0,0,1,0,0,0,10,102,2,0,2,1
1ogi,A,109,SER,-0.8,89.0,0.0,1,1,S,0.5615384615384615,-159.5,165.8,6.0,6.0,0.5,1.8249531578921108,11,19,18,1,0.028909003335051305,0,0,0,0,0,0,1,0,0,10,102,2,0,2,1
1ogi,A,110,GLY,-0.4,60.1,0.0,0,0,S,0.8452380952380952,-12.7,-74.0,3.0,7.0,0.3,1.709659924381435,10,18,15,3,0.02144861537761871,0,0,0,0,0,0,1,0,0,10,102,2,0,2,1
1ogi,A,111,GLU,-3.5,138.4,-1.0,1,3,S,0.6288659793814433,-144.1,-126.9,0.0,11.0,0.0,1.7867648778820668,11,19,8,11,0.02797645484037223,0,0,0,0,0,0,1,0,0,10,102,2,0,2,1
1ogi,A,112,THR,-0.7,116.1,0.0,1,1,-,0.4154929577464789,-55.4,121.8,3.0,10.0,0.23076923076923078,1.8622609498936755,15,19,23,-4,0.03776821403450251,0,0,0,0,0,0,0,0,0,12,24,11,0,2,1
1ogi,A,113,VAL,4.2,140.0,0.0,0,0,E,0.19014084507042253,-109.5,138.3,9.0,8.0,0.5294117647058824,2.4112489658055516,17,16,26,-10,0.03870076252918159,0,0,1,0,0,0,0,0,0,12,24,11,0,2,1
1ogi,A,114,TYR,-1.3,193.6,0.0,1,1,E,0.5585585585585585,-113.4,128.2,11.0,13.0,0.4583333333333333,1.838644359926514,19,11,15,-4,0.03823448828184205,0,0,1,0,0,0,0,0,0,12,24,11,0,2,1
1ogi,A,115,GLY,-0.4,60.1,0.0,0,0,-,0.13095238095238096,-60.6,138.5,13.0,11.0,0.5416666666666666,2.072340068250096,21,17,12,5,0.034970568550465285,0,0,0,0,0,0,0,0,0,-1,0,0,0,0,0
1ogi,A,116,VAL,4.2,140.0,0.0,0,0,H,0.45774647887323944,-61.9,-61.0,13.0,14.0,0.48148148148148145,1.9521882707812819,29,16,14,2,0.03170664881908853,1,0,0,0,0,0,0,0,0,0,3621,11,1,638,1
1ogi,A,117,CYS,2.5,108.5,0.0,1,0,H,0.007407407407407408,-68.7,-41.5,13.0,18.0,0.41935483870967744,2.6270058694660743,30,24,8,16,0.045694876239274644,1,0,0,0,0,0,0,0,0,0,3621,11,1,638,1
1ogi,A,118,SER,-0.8,89.0,0.0,1,1,H,0.05384615384615385,-66.8,-33.8,14.0,18.0,0.4375,2.7127139636167112,29,31,6,25,0.04616115048661418,1,0,0,0,0,0,0,0,0,-1,0,0,0,0,0
1ogi,A,119,THR,-0.7,116.1,0.0,1,1,H,0.2535211267605634,-72.6,-39.6,7.0,17.0,0.2916666666666667,2.2169299918472656,24,17,6,11,0.04243095650789788,1,0,0,0,0,0,0,0,0,0,3621,11,1,638,1
1ogi,A,120,TYR,-1.3,193.6,0.0,1,1,H,0.25675675675675674,-58.9,-48.5,14.0,15.0,0.4827586206896552,2.1126815798274157,28,21,12,9,0.03916703677652112,1,0,0,0,0,0,0,0,0,0,3621,11,1,638,1
1ogi,A,121,LEU,3.8,166.7,0.0,0,0,H,0.0,-67.5,-48.5,26.0,17.0,0.6046511627906976,4.804009145503187,39,25,6,19,0.04755997322863279,1,0,0,0,0,0,0,0,0,0,3621,11,1,638,1
1ogi,A,122,THR,-0.7,116.1,0.0,1,1,H,0.056338028169014086,-63.0,-22.0,17.0,16.0,0.5151515151515151,2.740687490167477,31,20,9,11,0.05129016720734909,1,0,0,0,0,0,0,0,0,-1,0,0,0,0,0
1ogi,A,123,HIS,-3.2,153.2,0.1,2,1,T,0.5760869565217391,-108.4,8.0,8.0,18.0,0.3076923076923077,1.9153649923249496,20,1,9,-8,0.032172923066428064,0,0,0,0,0,1,0,0,0,-1,0,0,0,0,0
1ogi,A,124,ILE,4.5,166.7,0.0,0,0,P,0.047337278106508875,-69.4,138.3,25.0,4.0,0.8620689655172413,2.2642261057732793,28,19,14,5,0.03870076252918159,0,0,0,0,0,0,0,0,0,-1,0,0,0,0,0
1ogi,A,125,GLU,-3.5,138.4,-1.0,1,3,P,0.6752577319587629,-94.1,147.0,1.0,20.0,0.047619047619047616,1.9455252436670287,19,9,2,7,0.030774100324409453,0,0,0,0,0,0,0,0,0,-1,0,0,0,0,0
1ogi,A,126,PRO,-1.6,112.7,0.0,0,0,T,0.5220588235294118,-57.3,144.0,4.0,16.0,0.2,2.0034232818218007,18,17,14,3,0.03170664881908853,0,0,0,0,0,1,0,0,0,-1,0,0,0,0,0
1ogi,A,127,GLY,-0.4,60.1,0.0,0,0,T,0.6666666666666666,97.6,-21.2,1.0,16.0,0.058823529411764705,1.7095854439493783,18,11,24,-13,0.02611135785101408,0,0,0,0,0,1,0,0,0,-1,0,0,0,0,0
1ogi,A,128,SER,-0.8,89.0,0.0,1,1,-,0.3384615384615385,-69.8,146.8,13.0,9.0,0.5909090909090909,2.1893491157115563,21,14,20,-6,0.03124037457174899,0,0,0,0,0,0,0,0,0,-1,0,0,0,0,0
1ogi,A,129,GLU,-3.5,138.4,-1.0,1,3,E,0.7061855670103093,-92.4,136.2,5.0,20.0,0.2,1.7455475398689093,19,18,5,13,0.03170664881908853,0,0,1,0,0,0,0,0,0,-1,0,0,0,0,0
1ogi,A,130,VAL,4.2,140.0,0.0,0,0,E,0.007042253521126761,-128.4,142.9,25.0,6.0,0.8064516129032258,2.5449396158316797,31,18,17,1,0.045228601991935104,0,0,1,0,0,0,0,0,0,-1,0,0,0,0,0
1ogi,A,131,LYS,-3.9,168.6,1.0,2,0,E,0.47804878048780486,-87.8,116.9,15.0,19.0,0.4411764705882353,2.4326101004121132,30,6,12,-6,0.04149840801321881,0,0,1,0,0,0,0,0,0,-1,0,0,0,0,0
1ogi,A,132,ILE,4.5,166.7,0.0,0,0,E,0.0,-117.4,139.3,26.0,18.0,0.5909090909090909,5.839740604330049,35,20,8,12,0.05222271570202816,0,0,1,0,0,0,0,0,0,3,196,6,0,13,1
1ogi,A,133,THR,-0.7,116.1,0.0,1,1,E,0.035211267605633804,-128.2,161.3,15.0,22.0,0.40540540540540543,2.693295915332466,34,22,0,22,0.056419183928083996,0,0,1,0,0,0,0,0,0,3,196,6,0,13,1
1ogi,A,134,GLY,-0.4,60.1,0.0,0,0,E,0.0,116.0,-154.1,22.0,15.0,0.5945945945945946,2.549525390799067,33,18,0,18,0.048026247475972325,0,0,1,0,0,0,0,0,0,3,196,6,0,13,1
1ogi,A,135,PRO,-1.6,112.7,0.0,0,0,E,0.0,-76.6,168.0,18.0,16.0,0.5294117647058824,4.579149666479897,30,18,1,17,0.053155264196707235,0,0,1,0,0,0,0,0,0,-1,0,0,0,0,0
1ogi,A,136,VAL,4.2,140.0,0.0,0,0,E,0.22535211267605634,-138.3,156.3,12.0,20.0,0.375,2.2499992244585543,33,14,7,7,0.03730193978716297,0,0,1,0,0,0,0,0,0,-1,0,0,0,0,0
1ogi,A,137,GLY,-0.4,60.1,0.0,0,0,-,0.44047619047619047,103.6,135.2,23.0,5.0,0.8214285714285714,2.0215473861855173,26,9,18,-9,0.03170664881908853,0,0,0,0,0,0,0,0,0,-1,0,0,0,0,0
1ogi,A,138,LYS,-3.9,168.6,1.0,2,0,S,0.6926829268292682,-136.7,14.2,6.0,20.0,0.23076923076923078,1.8983927225938946,19,2,16,-14,0.028909003335051305,0,0,0,0,0,0,1,0,0,-1,0,0,0,0,0
1ogi,A,139,GLU,-3.5,138.4,-1.0,1,3,S,0.4690721649484536,-87.8,-26.0,10.0,20.0,0.3333333333333333,1.7560080050427276,26,31,10,21,0.032172923066428064,0,0,0,0,0,0,1,0,0,-1,0,0,0,0,0
1ogi,A,140,MET,1.9,162.9,0.0,0,0,S,0.005319148936170213,-118.2,37.0,22.0,14.0,0.6111111111111112,2.8764011095208994,36,24,24,0,0.045228601991935104,0,0,0,0,0,0,1,0,0,-1,0,0,0,0,0
1ogi,A,141,LEU,3.8,166.7,0.0,0,0,P,0.23170731707317074,-80.9,144.4,12.0,24.0,0.3333333333333333,2.0044837534531195,30,31,25,6,0.043829779249916496,0,0,0,0,0,0,0,0,0,-1,0,0,0,0,0
1ogi,A,142,LEU,3.8,166.7,0.0,0,0,P,0.13414634146341464,-88.7,140.1,25.0,17.0,0.5952380952380952,2.1625628964842196,33,33,26,7,0.04103213376587927,0,0,0,0,0,0,0,0,0,-1,0,0,0,0,0
1ogi,A,143,PRO,-1.6,112.7,0.0,0,0,P,0.16176470588235295,-68.7,150.8,17.0,13.0,0.5666666666666667,1.9577914561219214,27,36,28,8,0.030307826077069916,0,0,0,0,0,0,0,0,0,1,1445,8,0,147,1
1ogi,A,144,ASP,-3.5,111.1,-1.0,1,3,S,0.7914110429447853,-76.6,-17.8,2.0,22.0,0.08333333333333333,1.6721019298219035,18,15,22,-7,0.026577632098353617,0,0,0,0,0,0,1,0,0,1,1445,8,0,147,1
1ogi,A,145,ASP,-3.5,111.1,-1.0,1,3,-,0.25766871165644173,-64.1,114.0,11.0,10.0,0.5238095238095238,2.1096370906386666,23,26,19,7,0.03124037457174899,0,0,0,0,0,0,0,0,0,23,2,3,0,0,1
1ogi,A,146,PRO,-1.6,112.7,0.0,0,0,T,0.22058823529411764,-67.7,-13.1,9.0,17.0,0.34615384615384615,2.614356213150162,22,24,30,-6,0.03963331102386066,0,0,0,0,0,1,0,0,0,22,24,1,0,0,1
1ogi,A,147,GLU,-3.5,138.4,-1.0,1,3,T,0.5824742268041238,-104.3,5.1,3.0,19.0,0.13636363636363635,1.9198308610763029,17,18,12,6,0.03683566553982344,0,0,0,0,0,1,0,0,0,22,24,1,0,0,1
1ogi,A,148,ALA,1.8,88.6,0.0,0,0,-,0.009433962264150943,-69.0,155.6,14.0,14.0,0.5,2.6293045674142785,29,31,22,9,0.04942507021799094,0,0,0,0,0,0,0,0,0,-1,0,0,0,0,0
1ogi,A,149,ASN,-3.5,114.1,0.0,2,2,E,0.1464968152866242,-101.4,141.7,14.0,22.0,0.3888888888888889,2.712680252151436,32,34,15,19,0.04755997322863279,0,0,1,0,0,0,0,0,0,15,12,11,0,1,1
1ogi,A,150,VAL,4.2,140.0,0.0,0,0,E,0.007042253521126761,-130.9,113.2,23.0,19.0,0.5476190476190477,6.70948086441525,39,25,7,18,0.050823892960009553,0,0,1,0,0,0,0,0,0,15,12,11,0,1,1
1ogi,A,151,ILE,4.5,166.7,0.0,0,0,E,0.023668639053254437,-97.4,129.8,18.0,23.0,0.43902439024390244,7.663379761916492,39,26,0,26,0.048026247475972325,0,0,1,0,0,0,0,0,0,-1,0,0,0,0,0
1ogi,A,152,MET,1.9,162.9,0.0,0,0,E,0.0,-124.2,115.5,26.0,21.0,0.5531914893617021,9.355756036840965,42,16,0,16,0.05035761871267001,0,0,1,0,0,0,0,0,0,-1,0,0,0,0,0
1ogi,A,153,LEU,3.8,166.7,0.0,0,0,E,0.018292682926829267,-111.9,108.2,22.0,27.0,0.4489795918367347,6.065920610042757,42,13,9,4,0.045694876239274644,0,0,1,0,0,0,0,0,0,-1,0,0,0,0,0
1ogi,A,154,ALA,1.8,88.6,0.0,0,0,E,0.0,-129.3,142.0,18.0,26.0,0.4090909090909091,4.229257956553575,42,2,2,0,0.05129016720734909,0,0,1,0,0,0,0,0,0,-1,0,0,0,0,0
1ogi,A,155,GLY,-0.4,60.1,0.0,0,0,E,0.2261904761904762,-125.5,129.3,18.0,24.0,0.42857142857142855,1.925352672573014,36,7,2,5,0.040565859518539735,0,0,1,0,0,0,0,0,0,-1,0,0,0,0,0
1ogi,A,156,GLY,-0.4,60.1,0.0,0,0,G,0.3333333333333333,54.3,-128.0,16.0,29.0,0.35555555555555557,2.2002418510694963,36,9,1,8,0.04149840801321881,0,0,0,1,0,0,0,0,0,-1,0,0,0,0,0
1ogi,A,157,THR,-0.7,116.1,0.0,1,1,G,0.09859154929577464,-65.7,-3.2,20.0,22.0,0.47619047619047616,1.9668160482362118,38,13,5,8,0.043363505002576956,0,0,0,1,0,0,0,0,0,16,5,16,0,1,1
1ogi,A,158,GLY,-0.4,60.1,0.0,0,0,G,0.0,-66.0,-11.8,22.0,20.0,0.5238095238095238,3.542146340647035,39,10,9,1,0.045694876239274644,0,0,0,1,0,0,0,0,0,-1,0,0,0,0,0
1ogi,A,159,ILE,4.5,166.7,0.0,0,0,H,0.005917159763313609,-67.1,-22.7,22.0,25.0,0.46808510638297873,5.6390028791528115,42,14,0,14,0.04989134446533048,1,0,0,0,0,0,0,0,0,-1,0,0,0,0,0
1ogi,A,160,THR,-0.7,116.1,0.0,1,1,H,0.02112676056338028,-48.5,-58.1,24.0,22.0,0.5217391304347826,3.176201779675423,43,18,9,9,0.04616115048661418,1,0,0,0,0,0,0,0,0,-1,0,0,0,0,0
1ogi,A,161,PRO,-1.6,112.7,0.0,0,0,H,0.0,-67.2,-26.8,26.0,20.0,0.5652173913043478,5.474907484953856,43,12,18,-6,0.0526889899493677,1,0,0,0,0,0,0,0,0,-1,0,0,0,0,0
1ogi,A,162,MET,1.9,162.9,0.0,0,0,H,0.0,-63.9,-35.7,26.0,23.0,0.5306122448979592,7.920208644780545,43,10,7,3,0.04755997322863279,1,0,0,0,0,0,0,0,0,-1,0,0,0,0,0
1ogi,A,163,ARG,-4.5,173.4,1.0,5,0,H,0.04838709677419355,-61.9,-41.8,20.0,24.0,0.45454545454545453,4.045244820251408,37,19,23,-4,0.050823892960009553,1,0,0,0,0,0,0,0,0,14,11,13,0,2,1
1ogi,A,164,THR,-0.7,116.1,0.0,1,1,H,0.0,-63.9,-36.9,24.0,16.0,0.6,4.952416964740202,39,34,18,16,0.056419183928083996,1,0,0,0,0,0,0,0,0,-1,0,0,0,0,0
1ogi,A,165,TYR,-1.3,193.6,0.0,1,1,H,0.0,-70.0,-52.1,22.0,21.0,0.5116279069767442,5.3827925134798305,40,27,9,18,0.05035761871267001,1,0,0,0,0,0,0,0,0,-1,0,0,0,0,0
1ogi,A,166,LEU,3.8,166.7,0.0,0,0,H,0.0,-62.5,-37.9,23.0,20.0,0.5348837209302325,6.507568140313621,38,32,12,20,0.048492521723311866,1,0,0,0,0,0,0,0,0,-1,0,0,0,0,0
1ogi,A,167,TRP,-0.9,227.8,0.0,1,0,H,0.05286343612334802,-65.9,-45.5,21.0,20.0,0.5121951219512195,3.414373389834374,35,32,40,-8,0.048026247475972325,1,0,0,0,0,0,0,0,0,14,11,13,0,2,1
1ogi,A,168,ARG,-4.5,173.4,1.0,5,0,H,0.08064516129032258,-61.6,-36.9,21.0,17.0,0.5526315789473685,3.441131120389284,37,38,33,5,0.05222271570202816,1,0,0,0,0,0,0,0,0,13,24,11,0,2,1
1ogi,A,169,MET,1.9,162.9,0.0,0,0,H,0.0,-74.9,-43.2,26.0,17.0,0.6046511627906976,5.841967193121251,36,39,19,20,0.0526889899493677,1,0,0,0,0,0,0,0,0,-1,0,0,0,0,0
1ogi,A,170,PHE,2.8,189.9,0.0,0,0,H,0.015228426395939087,-116.8,-11.2,19.0,18.0,0.5135135135135135,3.187618622017926,35,41,27,14,0.048958795970651406,1,0,0,0,0,0,0,0,0,-1,0,0,0,0,0
1ogi,A,171,LYS,-3.9,168.6,1.0,2,0,-,0.24390243902439024,-71.7,134.9,18.0,14.0,0.5625,2.2215781137252746,27,31,41,-10,0.04243095650789788,0,0,0,0,0,0,0,0,0,14,11,13,0,2,1
1ogi,A,172,ASP,-3.5,111.1,-1.0,1,3,H,0.6503067484662577,-53.2,-49.6,2.0,19.0,0.09523809523809523,1.6720717568345778,18,29,13,16,0.027043906345693154,1,0,0,0,0,0,0,0,0,-1,0,0,0,0,0
1ogi,A,173,ALA,1.8,88.6,0.0,0,0,H,0.5,-61.4,-33.9,8.0,12.0,0.4,1.8591410794300416,24,35,27,8,0.02797645484037223,1,0,0,0,0,0,0,0,0,-1,0,0,0,0,0
1ogi,A,174,GLU,-3.5,138.4,-1.0,1,3,H,0.020618556701030927,-70.4,-47.4,17.0,12.0,0.5862068965517241,3.0654388049571333,30,53,26,27,0.04289723075523742,1,0,0,0,0,0,0,0,0,-1,0,0,0,0,0
1ogi,A,175,ARG,-4.5,173.4,1.0,5,0,H,0.12903225806451613,-58.0,-35.0,9.0,14.0,0.391304347826087,2.113142403284898,22,25,21,4,0.04476232774459557,1,0,0,0,0,0,0,0,0,-1,0,0,0,0,0
1ogi,A,176,ALA,1.8,88.6,0.0,0,0,H,0.7830188679245284,-73.8,-28.4,4.0,14.0,0.2222222222222222,1.7675574651192907,17,24,20,4,0.025645083603674543,1,0,0,0,0,0,0,0,0,-1,0,0,0,0,0
1ogi,A,177,ALA,1.8,88.6,0.0,0,0,H,0.4056603773584906,-87.7,-18.9,16.0,7.0,0.6956521739130435,1.859671792377857,21,38,27,11,0.028909003335051305,1,0,0,0,0,0,0,0,0,-1,0,0,0,0,0
1ogi,A,178,ASN,-3.5,114.1,0.0,2,2,-,0.08280254777070063,-118.8,74.0,18.0,4.0,0.8181818181818182,2.2684298188989627,24,44,29,15,0.03683566553982344,0,0,0,0,0,0,0,0,0,13,24,11,0,2,1
1ogi,A,179,PRO,-1.6,112.7,0.0,0,0,T,0.6838235294117647,-50.4,-38.6,0.0,15.0,0.0,1.9335356335560019,14,16,15,1,0.025178809356335007,0,0,0,0,0,1,0,0,0,-1,0,0,0,0,0
1ogi,A,180,GLU,-3.5,138.4,-1.0,1,3,T,0.8969072164948454,-76.8,-7.7,2.0,13.0,0.13333333333333333,1.734465705389795,15,9,10,-1,0.024246260861655933,0,0,0,0,0,1,0,0,0,1,1445,8,0,147,1
1ogi,A,181,TYR,-1.3,193.6,0.0,1,1,-,0.013513513513513514,-129.5,85.1,15.0,9.0,0.625,2.4446505116901185,30,38,41,-3,0.043363505002576956,0,0,0,0,0,0,0,0,0,1,1445,8,0,147,1
1ogi,A,182,GLN,-3.5,143.8,0.0,2,2,-,0.36363636363636365,-108.7,89.9,3.0,22.0,0.12,1.8544537655570177,21,33,22,11,0.03823448828184205,0,0,0,0,0,0,0,0,0,1,1445,8,0,147,1
1ogi,A,183,PHE,2.8,189.9,0.0,0,0,-,0.030456852791878174,-55.9,130.1,23.0,10.0,0.696969696969697,3.750402185819614,31,27,24,3,0.04476232774459557,0,0,0,0,0,0,0,0,0,-1,0,0,0,0,0
1ogi,A,184,LYS,-3.9,168.6,1.0,2,0,-,0.5560975609756098,-137.5,15.2,5.0,17.0,0.22727272727272727,2.0257385604561637,20,6,22,-16,0.034970568550465285,0,0,0,0,0,0,0,0,0,22,24,1,0,0,1
1ogi,A,185,GLY,-0.4,60.1,0.0,0,0,S,0.11904761904761904,-92.1,-153.8,20.0,10.0,0.6666666666666666,1.898000700582479,27,18,22,-4,0.040565859518539735,0,0,0,0,0,0,1,0,0,-1,0,0,0,0,0
1ogi,A,186,PHE,2.8,189.9,0.0,0,0,-,0.2639593908629442,-124.2,130.4,9.0,24.0,0.2727272727272727,2.2899280216954656,30,17,10,7,0.04103213376587927,0,0,0,0,0,0,0,0,0,15,12,11,0,1,1
1ogi,A,187,SER,-0.8,89.0,0.0,1,1,E,0.0,-121.7,138.0,23.0,19.0,0.5476190476190477,5.643853590938512,38,16,7,9,0.05129016720734909,0,0,1,0,0,0,0,0,0,-1,0,0,0,0,0
1ogi,A,188,TRP,-0.9,227.8,0.0,1,0,E,0.013215859030837005,-133.2,115.4,14.0,26.0,0.35,3.886880600097579,32,28,0,28,0.048492521723311866,0,0,1,0,0,0,0,0,0,8,62,11,0,7,1
1ogi,A,189,LEU,3.8,166.7,0.0,0,0,E,0.0,-104.8,126.7,21.0,19.0,0.525,6.781666196215054,38,12,1,11,0.05222271570202816,0,0,1,0,0,0,0,0,0,-1,0,0,0,0,0
1ogi,A,190,VAL,4.2,140.0,0.0,0,0,E,0.007042253521126761,-113.9,110.4,22.0,20.0,0.5238095238095238,6.150783801033617,41,28,4,24,0.05175644145468863,0,0,1,0,0,0,0,0,0,-1,0,0,0,0,0
1ogi,A,191,PHE,2.8,189.9,0.0,0,0,E,0.0,-115.4,120.5,21.0,24.0,0.4666666666666667,4.907148006287655,41,11,0,11,0.04942507021799094,0,0,1,0,0,0,0,0,0,-1,0,0,0,0,0
1ogi,A,192,GLY,-0.4,60.1,0.0,0,0,E,0.16666666666666666,-111.0,126.0,21.0,20.0,0.5121951219512195,1.972338833068422,37,6,1,5,0.04709369898129325,0,0,1,0,0,0,0,0,0,-1,0,0,0,0,0
1ogi,A,193,VAL,4.2,140.0,0.0,0,0,E,0.07042253521126761,-145.5,163.8,20.0,18.0,0.5263157894736842,2.110192773198441,31,8,7,1,0.045228601991935104,0,0,1,0,0,0,0,0,0,-1,0,0,0,0,0
1ogi,A,194,PRO,-1.6,112.7,0.0,0,0,S,0.25735294117647056,-73.0,-31.4,6.0,22.0,0.21428571428571427,2.3549301275076466,26,20,8,12,0.04149840801321881,0,0,0,0,0,0,1,0,0,5,67,14,0,12,1
1ogi,A,195,THR,-0.7,116.1,0.0,1,1,S,0.08450704225352113,-142.7,166.4,9.0,20.0,0.3103448275862069,3.0491109313735345,26,21,13,8,0.043363505002576956,0,0,0,0,0,0,1,0,0,5,67,14,0,12,1
1ogi,A,196,THR,-0.7,116.1,0.0,1,1,G,0.3028169014084507,-63.3,-42.7,3.0,24.0,0.1111111111111111,2.3538318877941804,27,24,21,3,0.03963331102386066,0,0,0,1,0,0,0,0,0,4,92,11,0,12,1
1ogi,A,197,PRO,-1.6,112.7,0.0,0,0,G,0.17647058823529413,-65.4,-13.2,10.0,15.0,0.4,1.9831379295973393,22,18,17,1,0.03963331102386066,0,0,0,1,0,0,0,0,0,18,14,4,0,0,1
1ogi,A,198,ASN,-3.5,114.1,0.0,2,2,G,0.07643312101910828,-89.2,-0.9,19.0,16.0,0.5428571428571428,2.3405968566579394,33,20,8,12,0.048026247475972325,0,0,0,1,0,0,0,0,0,5,67,14,0,12,1
1ogi,A,199,ILE,4.5,166.7,0.0,0,0,-,0.029585798816568046,-73.1,98.6,15.0,24.0,0.38461538461538464,2.8387962632843733,29,18,21,-3,0.0526889899493677,0,0,0,0,0,0,0,0,0,4,92,11,0,12,1
1ogi,A,200,LEU,3.8,166.7,0.0,0,0,T,0.024390243902439025,-64.6,129.9,24.0,18.0,0.5714285714285714,2.6160758199548284,38,33,10,23,0.04243095650789788,0,0,0,0,0,1,0,0,0,-1,0,0,0,0,0
1ogi,A,201,TYR,-1.3,193.6,0.0,1,1,T,0.05405405405405406,63.9,27.2,17.0,16.0,0.5151515151515151,2.6381752970717014,39,30,25,5,0.04103213376587927,0,0,0,0,0,1,0,0,0,14,11,13,0,2,1
1ogi,A,202,LYS,-3.9,168.6,1.0,2,0,H,0.18536585365853658,-48.7,-54.2,11.0,14.0,0.44,2.395683683431067,24,7,31,-24,0.04103213376587927,1,0,0,0,0,0,0,0,0,4,92,11,0,12,1
1ogi,A,203,GLU,-3.5,138.4,-1.0,1,3,H,0.5463917525773195,-54.6,-47.7,2.0,15.0,0.11764705882352941,1.7740996470270904,17,15,27,-12,0.030774100324409453,1,0,0,0,0,0,0,0,0,14,11,13,0,2,1
1ogi,A,204,GLU,-3.5,138.4,-1.0,1,3,H,0.30412371134020616,-70.9,-34.5,8.0,11.0,0.42105263157894735,1.9893508336532808,23,27,28,-1,0.03590311704514436,1,0,0,0,0,0,0,0,0,14,11,13,0,2,1
1ogi,A,205,LEU,3.8,166.7,0.0,0,0,H,0.006097560975609756,-66.0,-41.9,17.0,17.0,0.5,5.0544213350958636,28,27,36,-9,0.04709369898129325,1,0,0,0,0,0,0,0,0,14,11,13,0,2,1
1ogi,A,206,GLU,-3.5,138.4,-1.0,1,3,H,0.30927835051546393,-72.7,-28.8,6.0,16.0,0.2727272727272727,1.9512270730661996,22,14,25,-11,0.04103213376587927,1,0,0,0,0,0,0,0,0,4,92,11,0,12,1
1ogi,A,207,GLU,-3.5,138.4,-1.0,1,3,H,0.520618556701031,-66.5,-40.7,9.0,11.0,0.45,1.8140869578677399,17,21,31,-10,0.03403802005578621,1,0,0,0,0,0,0,0,0,7,196,3,0,7,1
1ogi,A,208,ILE,4.5,166.7,0.0,0,0,H,0.047337278106508875,-65.1,-42.5,19.0,9.0,0.6785714285714286,2.4953654113800456,32,30,35,-5,0.0526889899493677,1,0,0,0,0,0,0,0,0,7,196,3,0,7,1
1ogi,A,209,GLN,-3.5,143.8,0.0,2,2,H,0.30303030303030304,-64.7,-36.3,9.0,17.0,0.34615384615384615,2.1254944448572064,24,17,26,-9,0.048492521723311866,1,0,0,0,0,0,0,0,0,7,196,3,0,7,1
1ogi,A,210,GLN,-3.5,143.8,0.0,2,2,H,0.7828282828282829,-67.7,-36.8,5.0,11.0,0.3125,1.8063620198980432,14,10,23,-13,0.029375277582390842,1,0,0,0,0,0,0,0,0,7,196,3,0,7,1
1ogi,A,211,LYS,-3.9,168.6,1.0,2,0,H,0.4292682926829268,-80.2,-31.9,9.0,8.0,0.5294117647058824,1.933357751755702,18,11,23,-12,0.02984155182973038,1,0,0,0,0,0,0,0,0,7,196,3,0,7,1
1ogi,A,212,TYR,-1.3,193.6,0.0,1,1,-,0.21171171171171171,-126.4,59.0,17.0,7.0,0.7083333333333334,2.150345181810897,24,27,24,3,0.03870076252918159,0,0,0,0,0,0,0,0,0,7,196,3,0,7,1
1ogi,A,213,PRO,-1.6,112.7,0.0,0,0,T,0.6102941176470589,-57.5,-25.3,2.0,17.0,0.10526315789473684,1.9248007039268347,17,14,12,2,0.032172923066428064,0,0,0,0,0,1,0,0,0,7,196,3,0,7,1
1ogi,A,214,ASP,-3.5,111.1,-1.0,1,3,T,0.8404907975460123,-94.1,-10.1,2.0,15.0,0.11764705882352941,1.7242055791776354,15,14,0,14,0.024246260861655933,0,0,0,0,0,1,0,0,0,-1,0,0,0,0,0
1ogi,A,215,ASN,-3.5,114.1,0.0,2,2,T,0.25477707006369427,-116.4,-9.0,13.0,14.0,0.48148148148148145,2.4857377298336885,27,22,11,11,0.045228601991935104,0,0,0,0,0,1,0,0,0,-1,0,0,0,0,0
1ogi,A,216,PHE,2.8,189.9,0.0,0,0,E,0.0,-142.6,123.2,16.0,15.0,0.5161290322580645,4.320070649734471,31,14,17,-3,0.0526889899493677,0,0,1,0,0,0,0,0,0,-1,0,0,0,0,0
1ogi,A,217,ARG,-4.5,173.4,1.0,5,0,E,0.3467741935483871,-113.2,133.2,11.0,17.0,0.39285714285714285,2.2638802554479596,23,8,4,4,0.04476232774459557,0,0,1,0,0,0,0,0,0,8,62,11,0,7,1
1ogi,A,218,LEU,3.8,166.7,0.0,0,0,E,0.10975609756097561,-115.8,119.5,14.0,19.0,0.42424242424242425,2.270871172361768,30,18,14,4,0.04429605349725603,0,0,1,0,0,0,0,0,0,-1,0,0,0,0,0
1ogi,A,219,THR,-0.7,116.1,0.0,1,1,E,0.09859154929577464,-123.1,128.2,18.0,14.0,0.5625,2.33918191608553,32,30,8,22,0.04149840801321881,0,0,1,0,0,0,0,0,0,-1,0,0,0,0,0
1ogi,A,220,TYR,-1.3,193.6,0.0,1,1,E,0.16666666666666666,-105.0,151.3,16.0,23.0,0.41025641025641024,2.2722373258297357,31,20,11,9,0.03963331102386066,0,0,1,0,0,0,0,0,0,4,92,11,0,12,1
1ogi,A,221,ALA,1.8,88.6,0.0,0,0,E,0.009433962264150943,-132.4,95.9,21.0,14.0,0.6,2.541785828735736,32,23,19,4,0.04942507021799094,0,0,1,0,0,0,0,0,0,-1,0,0,0,0,0
1ogi,A,222,ILE,4.5,166.7,0.0,0,0,E,0.047337278106508875,-106.1,100.0,12.0,19.0,0.3870967741935484,2.992165250723195,25,31,9,22,0.050823892960009553,0,0,1,0,0,0,0,0,0,24,3,2,0,0,1
1ogi,A,223,SER,-0.8,89.0,0.0,1,1,T,0.06153846153846154,-55.4,-37.6,13.0,15.0,0.4642857142857143,2.286489354899714,24,34,12,22,0.05035761871267001,0,0,0,0,0,1,0,0,0,24,3,2,0,0,1
1ogi,A,224,ARG,-4.5,173.4,1.0,5,0,T,0.532258064516129,-88.3,0.0,9.0,13.0,0.4090909090909091,1.9557513768311274,19,17,9,8,0.03823448828184205,0,0,0,0,0,1,0,0,0,24,3,2,0,0,1
1ogi,A,225,GLU,-3.5,138.4,-1.0,1,3,T,0.5103092783505154,-126.2,-10.9,11.0,10.0,0.5238095238095238,1.7616418688244224,18,27,0,27,0.03124037457174899,0,0,0,0,0,1,0,0,0,24,3,2,0,0,1
1ogi,A,226,GLN,-3.5,143.8,0.0,2,2,-,0.2676767676767677,-133.8,150.4,16.0,7.0,0.6956521739130435,2.1970352809179228,26,33,14,19,0.035436842797804825,0,0,0,0,0,0,0,0,0,24,3,2,0,0,1
1ogi,A,227,LYS,-3.9,168.6,1.0,2,0,B,0.6390243902439025,-120.4,143.5,4.0,15.0,0.21052631578947367,1.9395074066644504,16,22,10,12,0.03590311704514436,0,1,0,0,0,0,0,0,0,24,3,2,0,0,1
1ogi,A,228,ASN,-3.5,114.1,0.0,2,2,-,0.10828025477707007,-83.6,169.8,14.0,7.0,0.6666666666666666,2.037584336569231,19,25,16,9,0.035436842797804825,0,0,0,0,0,0,0,0,0,-1,0,0,0,0,0
1ogi,A,229,PRO,-1.6,112.7,0.0,0,0,T,0.8970588235294118,-53.1,-19.7,4.0,9.0,0.3076923076923077,1.8338556043783911,13,14,15,-1,0.01958351838826056,0,0,0,0,0,1,0,0,0,-1,0,0,0,0,0
1ogi,A,230,GLN,-3.5,143.8,0.0,2,2,T,0.7373737373737373,-91.5,1.5,7.0,5.0,0.5833333333333334,1.7953304894673434,10,12,8,4,0.01818469564624195,0,0,0,0,0,1,0,0,0,-1,0,0,0,0,0
1ogi,A,231,GLY,-0.4,60.1,0.0,0,0,S,0.6190476190476191,89.3,-6.0,0.0,12.0,0.0,1.7096322693912636,11,17,4,13,0.022381163872297785,0,0,0,0,0,0,1,0,0,-1,0,0,0,0,0
1ogi,A,232,GLY,-0.4,60.1,0.0,0,0,S,0.36904761904761907,-84.5,173.0,4.0,12.0,0.25,2.2046130935886747,14,23,9,14,0.028909003335051305,0,0,0,0,0,0,1,0,0,-1,0,0,0,0,0
1ogi,A,233,ARG,-4.5,173.4,1.0,5,0,B,0.4153225806451613,-66.8,147.4,9.0,13.0,0.4090909090909091,1.9114557178541502,17,20,10,10,0.03963331102386066,0,1,0,0,0,0,0,0,0,-1,0,0,0,0,0
1ogi,A,234,MET,1.9,162.9,0.0,0,0,P,0.047872340425531915,-79.4,121.1,20.0,10.0,0.6666666666666666,2.994904898278159,27,34,20,14,0.0526889899493677,0,0,0,0,0,0,0,0,0,24,3,2,0,0,1
1ogi,A,235,TYR,-1.3,193.6,0.0,1,1,-,0.45045045045045046,-123.7,167.5,10.0,28.0,0.2631578947368421,2.1386209501160742,28,32,9,23,0.04429605349725603,0,0,0,0,0,0,0,0,0,-1,0,0,0,0,0
1ogi,A,236,ILE,4.5,166.7,0.0,0,0,H,0.0650887573964497,-52.7,-42.3,22.0,21.0,0.5116279069767442,3.070804304129283,39,14,18,-4,0.048958795970651406,1,0,0,0,0,0,0,0,0,-1,0,0,0,0,0
1ogi,A,237,GLN,-3.5,143.8,0.0,2,2,H,0.31313131313131315,-58.1,-32.7,11.0,24.0,0.3142857142857143,2.072076763960145,27,11,27,-16,0.03870076252918159,1,0,0,0,0,0,0,0,0,-1,0,0,0,0,0
1ogi,A,238,ASP,-3.5,111.1,-1.0,1,3,H,0.1656441717791411,-70.3,-36.2,15.0,21.0,0.4166666666666667,1.7581980268170116,29,27,9,18,0.04243095650789788,1,0,0,0,0,0,0,0,0,-1,0,0,0,0,0
1ogi,A,239,ARG,-4.5,173.4,1.0,5,0,H,0.14516129032258066,-72.9,-31.8,19.0,18.0,0.5135135135135135,3.047344029766998,30,20,17,3,0.045694876239274644,1,0,0,0,0,0,0,0,0,8,62,11,0,7,1
1ogi,A,240,VAL,4.2,140.0,0.0,0,0,H,0.0,-70.7,-37.9,25.0,15.0,0.625,4.159563083758893,37,20,28,-8,0.048492521723311866,1,0,0,0,0,0,0,0,0,-1,0,0,0,0,0
1ogi,A,241,ALA,1.8,88.6,0.0,0,0,H,0.5283018867924528,-67.5,-39.0,13.0,16.0,0.4482758620689655,2.023039650247852,29,21,29,-8,0.035436842797804825,1,0,0,0,0,0,0,0,0,-1,0,0,0,0,0
1ogi,A,242,GLU,-3.5,138.4,-1.0,1,3,H,0.520618556701031,-59.8,-35.4,13.0,15.0,0.4642857142857143,1.7349743793809804,24,26,14,12,0.02844272908771177,1,0,0,0,0,0,0,0,0,8,62,11,0,7,1
1ogi,A,243,HIS,-3.2,153.2,0.1,2,1,T,0.08695652173913043,-118.7,29.9,10.0,12.0,0.45454545454545453,2.289740416682968,26,18,22,-4,0.03776821403450251,0,0,0,0,0,1,0,0,0,8,62,11,0,7,1
1ogi,A,244,ALA,1.8,88.6,0.0,0,0,H,0.11320754716981132,-53.7,-50.0,17.0,11.0,0.6071428571428571,2.466847664884019,30,20,20,0,0.043363505002576956,1,0,0,0,0,0,0,0,0,8,62,11,0,7,1
1ogi,A,245,ASP,-3.5,111.1,-1.0,1,3,H,0.4662576687116564,-60.9,-43.5,2.0,20.0,0.09090909090909091,1.8044157980612898,23,22,11,11,0.03683566553982344,1,0,0,0,0,0,0,0,0,-1,0,0,0,0,0
1ogi,A,246,GLN,-3.5,143.8,0.0,2,2,H,0.3838383838383838,-63.2,-47.4,7.0,13.0,0.35,1.8152957336163915,20,19,16,3,0.03450429430312575,1,0,0,0,0,0,0,0,0,8,62,11,0,7,1
1ogi,A,247,LEU,3.8,166.7,0.0,0,0,H,0.024390243902439025,-60.5,-42.7,20.0,15.0,0.5714285714285714,4.662733388807167,35,24,13,11,0.04289723075523742,1,0,0,0,0,0,0,0,0,-1,0,0,0,0,0
1ogi,A,248,TRP,-0.9,227.8,0.0,1,0,H,0.01762114537444934,-62.1,-43.0,21.0,13.0,0.6176470588235294,3.1920084128714543,31,18,18,0,0.048958795970651406,1,0,0,0,0,0,0,0,0,27,0,9,0,0,1
1ogi,A,249,GLN,-3.5,143.8,0.0,2,2,H,0.5808080808080808,-61.2,-38.7,4.0,15.0,0.21052631578947367,1.9630531585861186,19,13,13,0,0.03590311704514436,1,0,0,0,0,0,0,0,0,-1,0,0,0,0,0
1ogi,A,250,LEU,3.8,166.7,0.0,0,0,H,0.2621951219512195,-70.4,-40.9,17.0,9.0,0.6538461538461539,2.224439334153086,25,22,5,17,0.03916703677652112,1,0,0,0,0,0,0,0,0,15,12,11,0,1,1
1ogi,A,251,ILE,4.5,166.7,0.0,0,0,H,0.029585798816568046,-60.9,-26.5,18.0,14.0,0.5625,5.187015250413561,32,31,4,27,0.05175644145468863,1,0,0,0,0,0,0,0,0,27,0,9,0,0,1
1ogi,A,252,LYS,-3.9,168.6,1.0,2,0,T,0.4195121951219512,-69.4,-18.1,10.0,16.0,0.38461538461538464,2.065748737759418,22,6,10,-4,0.03776821403450251,0,0,0,0,0,1,0,0,0,27,0,9,0,0,1
1ogi,A,253,ASN,-3.5,114.1,0.0,2,2,S,0.46496815286624205,-70.1,130.0,16.0,5.0,0.7619047619047619,1.982184732364012,22,33,3,30,0.03310547156110714,0,0,0,0,0,0,1,0,0,27,0,9,0,0,1
1ogi,A,254,GLN,-3.5,143.8,0.0,2,2,T,0.7777777777777778,-58.3,-18.7,0.0,20.0,0.0,1.786209610729073,16,28,6,22,0.025645083603674543,0,0,0,0,0,1,0,0,0,23,2,3,0,0,1
1ogi,A,255,LYS,-3.9,168.6,1.0,2,0,T,0.3951219512195122,-103.0,5.0,10.0,16.0,0.38461538461538464,2.070020503072806,19,21,20,1,0.03590311704514436,0,0,0,0,0,1,0,0,0,23,2,3,0,0,1
1ogi,A,256,THR,-0.7,116.1,0.0,1,1,E,0.02112676056338028,-83.7,134.9,14.0,18.0,0.4375,3.954731769294805,33,39,7,32,0.04755997322863279,0,0,1,0,0,0,0,0,0,15,12,11,0,1,1
1ogi,A,257,HIS,-3.2,153.2,0.1,2,1,E,0.14673913043478262,-120.8,142.0,19.0,21.0,0.475,3.8040199196597997,33,30,11,19,0.053621538444046775,0,0,1,0,0,0,0,0,0,-1,0,0,0,0,0
1ogi,A,258,THR,-0.7,116.1,0.0,1,1,E,0.02112676056338028,-122.0,138.3,17.0,26.0,0.3953488372093023,6.316329680407024,38,37,3,34,0.05129016720734909,0,0,1,0,0,0,0,0,0,-1,0,0,0,0,0
1ogi,A,259,TYR,-1.3,193.6,0.0,1,1,E,0.0,-126.4,130.6,26.0,17.0,0.6046511627906976,5.446880944113405,34,27,19,8,0.056419183928083996,0,0,1,0,0,0,0,0,0,-1,0,0,0,0,0
1ogi,A,260,ILE,4.5,166.7,0.0,0,0,E,0.005917159763313609,-122.7,130.0,17.0,28.0,0.37777777777777777,4.210088302287644,40,17,28,-11,0.0526889899493677,0,0,1,0,0,0,0,0,0,-1,0,0,0,0,0
1ogi,A,261,CYS,2.5,108.5,0.0,1,0,E,0.0,-152.2,143.4,20.0,19.0,0.5128205128205128,4.482778692131669,38,11,17,-6,0.05035761871267001,0,0,1,0,0,0,0,0,0,-1,0,0,0,0,0
1ogi,A,262,GLY,-0.4,60.1,0.0,0,0,E,0.0,144.6,-162.4,18.0,15.0,0.5454545454545454,2.7065015783800557,30,12,16,-4,0.04476232774459557,0,0,1,0,0,0,0,0,0,-1,0,0,0,0,0
1ogi,A,263,LEU,3.8,166.7,0.0,0,0,S,0.5487804878048781,-71.5,138.6,8.0,15.0,0.34782608695652173,1.9084239751839331,21,15,8,7,0.03357174580844668,0,0,0,0,0,0,1,0,0,16,5,16,0,1,1
1ogi,A,264,ARG,-4.5,173.4,1.0,5,0,S,0.8346774193548387,-54.6,149.9,1.0,18.0,0.05263157894736842,1.8334696666283063,11,0,16,-16,0.028909003335051305,0,0,0,0,0,0,1,0,0,29,0,11,0,0,1
1ogi,A,265,GLY,-0.4,60.1,0.0,0,0,S,0.6904761904761905,109.6,1.7,4.0,16.0,0.2,1.7096818503077356,18,11,20,-9,0.025645083603674543,0,0,0,0,0,0,1,0,0,17,21,4,0,0,1
1ogi,A,266,MET,1.9,162.9,0.0,0,0,S,0.06914893617021277,-96.6,-20.6,22.0,8.0,0.7333333333333333,2.1241610367731054,29,8,29,-21,0.034970568550465285,0,0,0,0,0,0,1,0,0,17,21,4,0,0,1
1ogi,A,267,GLU,-3.5,138.4,-1.0,1,3,H,0.25773195876288657,-66.9,-37.1,13.0,18.0,0.41935483870967744,1.9273230044739786,26,16,21,-5,0.034970568550465285,1,0,0,0,0,0,0,0,0,17,21,4,0,0,1
1ogi,A,268,GLU,-3.5,138.4,-1.0,1,3,H,0.8505154639175257,-55.8,-53.2,2.0,17.0,0.10526315789473684,1.7598651246710553,12,4,17,-13,0.026577632098353617,1,0,0,0,0,0,0,0,0,17,21,4,0,0,1
1ogi,A,269,GLY,-0.4,60.1,0.0,0,0,H,0.2857142857142857,-63.1,-38.6,12.0,10.0,0.5454545454545454,1.7973060793218014,24,2,33,-31,0.032639197313767604,1,0,0,0,0,0,0,0,0,17,21,4,0,0,1
1ogi,A,270,ILE,4.5,166.7,0.0,0,0,H,0.0,-62.2,-45.1,16.0,21.0,0.43243243243243246,3.5322280330992606,35,5,30,-25,0.04616115048661418,1,0,0,0,0,0,0,0,0,-1,0,0,0,0,0
1ogi,A,271,ASP,-3.5,111.1,-1.0,1,3,H,0.2392638036809816,-64.7,-38.9,12.0,20.0,0.375,2.0026369851599712,26,2,19,-17,0.040099585271200194,1,0,0,0,0,0,0,0,0,-1,0,0,0,0,0
1ogi,A,272,ALA,1.8,88.6,0.0,0,0,H,0.6037735849056604,-61.5,-41.4,8.0,15.0,0.34782608695652173,1.7676037715682593,21,0,23,-23,0.028909003335051305,1,0,0,0,0,0,0,0,0,-1,0,0,0,0,0
1ogi,A,273,ALA,1.8,88.6,0.0,0,0,H,0.12264150943396226,-66.6,-48.8,18.0,11.0,0.6206896551724138,1.8621707150580533,31,12,31,-19,0.03776821403450251,1,0,0,0,0,0,0,0,0,-1,0,0,0,0,0
1ogi,A,274,LEU,3.8,166.7,0.0,0,0,H,0.012195121951219513,-68.2,-31.8,19.0,18.0,0.5135135135135135,4.72664858089237,40,10,21,-11,0.048958795970651406,1,0,0,0,0,0,0,0,0,2,650,5,0,36,1
1ogi,A,275,SER,-0.8,89.0,0.0,1,1,H,0.3230769230769231,-63.3,-44.0,9.0,19.0,0.32142857142857145,2.0278243310607125,27,7,16,-9,0.040099585271200194,1,0,0,0,0,0,0,0,0,2,650,5,0,36,1
1ogi,A,276,ALA,1.8,88.6,0.0,0,0,H,0.5660377358490566,-63.8,-36.6,10.0,15.0,0.4,1.8093293677668327,22,9,19,-10,0.026577632098353617,1,0,0,0,0,0,0,0,0,2,650,5,0,36,1
1ogi,A,277,ALA,1.8,88.6,0.0,0,0,H,0.02830188679245283,-68.5,-49.7,18.0,11.0,0.6206896551724138,1.8509654664973314,26,16,20,-4,0.04103213376587927,1,0,0,0,0,0,0,0,0,2,650,5,0,36,1
1ogi,A,278,ALA,1.8,88.6,0.0,0,0,H,0.0,-63.7,-34.2,17.0,10.0,0.6296296296296297,3.172110482926362,25,16,20,-4,0.048026247475972325,1,0,0,0,0,0,0,0,0,2,650,5,0,36,1
1ogi,A,279,ALA,1.8,88.6,0.0,0,0,H,0.5754716981132075,-60.3,-27.9,7.0,13.0,0.35,1.8995403382145972,17,9,12,-3,0.03310547156110714,1,0,0,0,0,0,0,0,0,2,650,5,0,36,1
1ogi,A,280,LYS,-3.9,168.6,1.0,2,0,T,0.751219512195122,-65.7,-19.6,8.0,8.0,0.5,1.896574024412474,15,1,17,-16,0.025178809356335007,0,0,0,0,0,1,0,0,0,2,650,5,0,36,1
1ogi,A,281,GLU,-3.5,138.4,-1.0,1,3,T,0.5,-111.7,19.7,10.0,5.0,0.6666666666666666,1.7779873465030613,16,15,6,9,0.024246260861655933,0,0,0,0,0,1,0,0,0,-1,0,0,0,0,0
1ogi,A,282,GLY,-0.4,60.1,0.0,0,0,T,0.8809523809523809,69.6,30.3,0.0,12.0,0.0,1.7096330962320903,15,9,10,-1,0.019117244140921023,0,0,0,0,0,1,0,0,0,-1,0,0,0,0,0
1ogi,A,283,VAL,4.2,140.0,0.0,0,0,-,0.2887323943661972,-116.5,135.5,13.0,4.0,0.7647058823529411,1.8902834495525485,18,11,18,-7,0.03170664881908853,0,0,0,0,0,0,0,0,0,2,650,5,0,36,1
1ogi,A,284,THR,-0.7,116.1,0.0,1,1,-,0.5422535211267606,-92.6,108.1,4.0,16.0,0.2,1.8221392640281628,19,8,17,-9,0.03170664881908853,0,0,0,0,0,0,0,0,0,2,650,5,0,36,1
1ogi,A,285,TRP,-0.9,227.8,0.0,1,0,H,0.01762114537444934,-51.7,-48.3,14.0,13.0,0.5185185185185185,3.367596251307073,31,16,23,-7,0.045694876239274644,1,0,0,0,0,0,0,0,0,2,650,5,0,36,1
1ogi,A,286,SER,-0.8,89.0,0.0,1,1,H,0.4307692307692308,-52.3,-36.5,2.0,21.0,0.08695652173913043,2.117243290063771,18,15,23,-8,0.03403802005578621,1,0,0,0,0,0,0,0,0,-1,0,0,0,0,0
1ogi,A,287,ASP,-3.5,111.1,-1.0,1,3,H,0.5030674846625767,-77.5,-43.4,5.0,12.0,0.29411764705882354,1.8531656648962476,15,12,8,4,0.03170664881908853,1,0,0,0,0,0,0,0,0,-1,0,0,0,0,0
1ogi,A,288,TYR,-1.3,193.6,0.0,1,1,H,0.28378378378378377,-61.1,-42.1,12.0,11.0,0.5217391304347826,1.8634088374373519,25,28,17,11,0.04149840801321881,1,0,0,0,0,0,0,0,0,27,0,9,0,0,1
1ogi,A,289,GLN,-3.5,143.8,0.0,2,2,H,0.06565656565656566,-61.2,-40.2,12.0,15.0,0.4444444444444444,2.7819455244027282,26,31,27,4,0.04616115048661418,1,0,0,0,0,0,0,0,0,6,178,6,0,11,1
1ogi,A,290,LYS,-3.9,168.6,1.0,2,0,H,0.5609756097560976,-61.0,-40.7,3.0,13.0,0.1875,2.0398387993441274,13,18,18,0,0.0363693912924839,1,0,0,0,0,0,0,0,0,6,178,6,0,11,1
1ogi,A,291,ASP,-3.5,111.1,-1.0,1,3,H,0.6503067484662577,-67.5,-38.8,6.0,10.0,0.375,1.7502619420340877,15,36,8,28,0.03310547156110714,1,0,0,0,0,0,0,0,0,6,178,6,0,11,1
1ogi,A,292,LEU,3.8,166.7,0.0,0,0,H,0.036585365853658534,-62.3,-42.0,18.0,6.0,0.75,2.550118938348832,25,61,13,48,0.045228601991935104,1,0,0,0,0,0,0,0,0,27,0,9,0,0,1
1ogi,A,293,LYS,-3.9,168.6,1.0,2,0,H,0.5170731707317073,-62.8,-45.0,7.0,13.0,0.35,2.0500357761011916,20,36,22,14,0.040565859518539735,1,0,0,0,0,0,0,0,0,6,178,6,0,11,1
1ogi,A,294,LYS,-3.9,168.6,1.0,2,0,H,0.7951219512195122,-60.5,-35.7,5.0,8.0,0.38461538461538464,1.9007545715745888,11,21,10,11,0.024246260861655933,1,0,0,0,0,0,0,0,0,6,178,6,0,11,1
1ogi,A,295,ALA,1.8,88.6,0.0,0,0,T,0.6226415094339622,-81.2,-4.5,12.0,5.0,0.7058823529411765,1.8289607689045575,14,46,8,38,0.02611135785101408,0,0,0,0,0,1,0,0,0,6,178,6,0,11,1
1ogi,A,296,GLY,-0.4,60.1,0.0,0,0,T,0.42857142857142855,75.4,28.0,5.0,18.0,0.21739130434782608,1.8259749522389954,24,52,14,38,0.030774100324409453,0,0,0,0,0,1,0,0,0,6,178,6,0,11,1
1ogi,A,297,ARG,-4.5,173.4,1.0,5,0,-,0.17338709677419356,-114.1,1.3,16.0,17.0,0.48484848484848486,2.6100253888289178,28,45,5,40,0.043829779249916496,0,0,0,0,0,0,0,0,0,27,0,9,0,0,1
1ogi,A,298,TRP,-0.9,227.8,0.0,1,0,E,0.022026431718061675,-125.1,103.7,13.0,22.0,0.37142857142857144,2.7803065726089513,30,48,24,24,0.05175644145468863,0,0,1,0,0,0,0,0,0,6,178,6,0,11,1
1ogi,A,299,HIS,-3.2,153.2,0.1,2,1,E,0.07608695652173914,-105.5,126.6,23.0,12.0,0.6571428571428571,2.424266301023477,31,32,17,15,0.05035761871267001,0,0,1,0,0,0,0,0,0,-1,0,0,0,0,0
1ogi,A,300,VAL,4.2,140.0,0.0,0,0,E,0.19718309859154928,-131.8,133.3,12.0,23.0,0.34285714285714286,1.9730374379923787,26,25,28,-3,0.04103213376587927,0,0,1,0,0,0,0,0,0,-1,0,0,0,0,0
1ogi,A,301,GLU,-3.5,138.4,-1.0,1,3,E,0.20618556701030927,-144.4,93.6,23.0,13.0,0.6388888888888888,2.037939726681953,35,12,13,-1,0.034970568550465285,0,0,1,0,0,0,0,0,0,-1,0,0,0,0,0
1ogi,A,302,THR,-0.7,116.1,0.0,1,1,E,0.2676056338028169,-119.1,154.1,12.0,16.0,0.42857142857142855,2.1358698583958127,21,13,20,-7,0.03683566553982344,0,0,1,0,0,0,0,0,0,-1,0,0,0,0,0
1ogi,A,303,TYR,-1.3,193.6,0.0,1,1,-,0.5405405405405406,-152.8,360.0,9.0,10.0,0.47368421052631576,1.7980016552527185,25,14,10,4,0.024246260861655933,0,0,0,0,0,0,0,0,0,-1,0,0,0,0,0
6gsy,A,1,PRO,-1.6,112.7,0.0,0,0,-,0.7573529411764706,360.0,161.9,9.0,6.0,0.6,1.8338252270413646,13,0,21,-21,0.025645083603674543,0,0,0,0,0,0,0,0,0,-1,0,0,0,0,0
6gsy,A,2,MET,1.9,162.9,0.0,0,0,E,0.05851063829787234,-66.2,157.4,17.0,7.0,0.7083333333333334,2.6031405853881378,26,11,24,-13,0.04103213376587927,0,0,1,0,0,0,0,0,0,22,24,8,0,2,1
6gsy,A,3,ILE,4.5,166.7,0.0,0,0,E,0.24260355029585798,-120.6,116.1,12.0,16.0,0.42857142857142855,2.9906438228604406,25,20,27,-7,0.04289723075523742,0,0,1,0,0,0,0,0,0,-1,0,0,0,0,0
6gsy,A,4,LEU,3.8,166.7,0.0,0,0,E,0.006097560975609756,-97.4,133.7,20.0,16.0,0.5555555555555556,5.136115445802574,32,29,20,9,0.050823892960009553,0,0,1,0,0,0,0,0,0,-1,0,0,0,0,0
6gsy,A,5,GLY,-0.4,60.1,0.0,0,0,E,0.0,-115.5,137.8,20.0,19.0,0.5128205128205128,5.402547055919792,32,27,19,8,0.05222271570202816,0,0,1,0,0,0,0,0,0,-1,0,0,0,0,0
6gsy,A,6,PHE,2.8,189.9,0.0,0,0,E,0.05583756345177665,-162.1,166.1,17.0,17.0,0.5,3.8921796432051896,30,35,7,28,0.056419183928083996,0,0,1,0,0,0,0,0,0,-1,0,0,0,0,0
6gsy,A,7,TRP,-0.9,227.8,0.0,1,0,E,0.16299559471365638,-60.5,168.6,17.0,15.0,0.53125,2.6919445394680666,33,34,2,32,0.045228601991935104,0,0,1,0,0,0,0,0,0,8,220,9,0,20,1
6gsy,A,8,ASN,-3.5,114.1,0.0,2,2,S,0.45222929936305734,-83.0,45.2,10.0,24.0,0.29411764705882354,1.9614375740247303,27,35,2,33,0.03730193978716297,0,0,0,0,0,0,1,0,0,8,220,9,0,20,1
6gsy,A,9,VAL,4.2,140.0,0.0,0,0,S,0.06338028169014084,-144.5,170.9,15.0,18.0,0.45454545454545453,3.1918948657193025,31,44,2,42,0.045694876239274644,0,0,0,0,0,0,1,0,0,-1,0,0,0,0,0
6gsy,A,10,ARG,-4.5,173.4,1.0,5,0,-,0.0,-70.9,-55.2,16.0,17.0,0.48484848484848486,4.004981727323547,35,29,16,13,0.0526889899493677,0,0,0,0,0,0,0,0,0,-1,0,0,0,0,0
6gsy,A,11,GLY,-0.4,60.1,0.0,0,0,T,0.14285714285714285,49.3,-111.0,13.0,22.0,0.37142857142857144,2.161776336913615,31,38,7,31,0.045694876239274644,0,0,0,0,0,1,0,0,0,-1,0,0,0,0,0
6gsy,A,12,LEU,3.8,166.7,0.0,0,0,T,0.27439024390243905,-115.5,2.4,15.0,25.0,0.375,2.8188140909378414,32,35,6,29,0.040099585271200194,0,0,0,0,0,1,0,0,0,-1,0,0,0,0,0
6gsy,A,13,THR,-0.7,116.1,0.0,1,1,T,0.0,-92.8,-10.0,22.0,17.0,0.5641025641025641,6.149533174086973,38,43,10,33,0.045228601991935104,0,0,0,0,0,1,0,0,0,-1,0,0,0,0,0
6gsy,A,14,HIS,-3.2,153.2,0.1,2,1,H,0.0,-46.9,-44.4,19.0,20.0,0.48717948717948717,5.724237476368359,40,31,21,10,0.048492521723311866,1,0,0,0,0,0,0,0,0,5,295,8,0,34,1
6gsy,A,15,PRO,-1.6,112.7,0.0,0,0,H,0.007352941176470588,-59.8,-31.0,25.0,14.0,0.6410256410256411,8.61484174416287,38,37,14,23,0.050823892960009553,1,0,0,0,0,0,0,0,0,-1,0,0,0,0,0
6gsy,A,16,ILE,4.5,166.7,0.0,0,0,H,0.0,-80.6,-34.6,23.0,19.0,0.5476190476190477,7.663926532643634,41,26,12,14,0.04662742473395372,1,0,0,0,0,0,0,0,0,-1,0,0,0,0,0
6gsy,A,17,ARG,-4.5,173.4,1.0,5,0,H,0.0,-67.7,-42.6,19.0,27.0,0.41304347826086957,5.700946361892275,36,40,22,18,0.04755997322863279,1,0,0,0,0,0,0,0,0,-1,0,0,0,0,0
6gsy,A,18,LEU,3.8,166.7,0.0,0,0,H,0.006097560975609756,-63.5,-41.0,22.0,18.0,0.55,6.585676292644475,37,32,24,8,0.053621538444046775,1,0,0,0,0,0,0,0,0,-1,0,0,0,0,0
6gsy,A,19,LEU,3.8,166.7,0.0,0,0,H,0.0,-73.6,-34.7,26.0,15.0,0.6341463414634146,5.879666740694779,40,33,18,15,0.04989134446533048,1,0,0,0,0,0,0,0,0,-1,0,0,0,0,0
6gsy,A,20,LEU,3.8,166.7,0.0,0,0,H,0.0,-59.2,-43.7,16.0,19.0,0.45714285714285713,3.8764059881829755,33,25,27,-2,0.04476232774459557,1,0,0,0,0,0,0,0,0,16,73,3,0,2,1
6gsy,A,21,GLU,-3.5,138.4,-1.0,1,3,H,0.1134020618556701,-65.2,-59.5,17.0,11.0,0.6071428571428571,2.002157054869925,29,32,11,21,0.048492521723311866,1,0,0,0,0,0,0,0,0,-1,0,0,0,0,0
6gsy,A,22,TYR,-1.3,193.6,0.0,1,1,H,0.2882882882882883,-46.4,-31.1,19.0,12.0,0.6129032258064516,2.293316033088161,29,29,18,11,0.04289723075523742,1,0,0,0,0,0,0,0,0,-1,0,0,0,0,0
6gsy,A,23,THR,-0.7,116.1,0.0,1,1,T,0.176056338028169,-97.4,-3.3,17.0,8.0,0.68,2.1798490300861944,22,35,17,18,0.03730193978716297,0,0,0,0,0,1,0,0,0,-1,0,0,0,0,0
6gsy,A,24,ASP,-3.5,111.1,-1.0,1,3,T,0.7607361963190185,57.4,44.5,3.0,17.0,0.15,1.7449585446357174,15,20,9,11,0.029375277582390842,0,0,0,0,0,1,0,0,0,16,73,3,0,2,1
6gsy,A,25,SER,-0.8,89.0,0.0,1,1,-,0.14615384615384616,-76.6,140.7,19.0,3.0,0.8636363636363636,1.8350290008745536,22,20,25,-5,0.03403802005578621,0,0,0,0,0,0,0,0,0,16,73,3,0,2,1
6gsy,A,26,SER,-0.8,89.0,0.0,1,1,-,0.7384615384615385,-92.0,111.2,3.0,15.0,0.16666666666666666,1.8050912849987084,20,7,29,-22,0.026577632098353617,0,0,0,0,0,0,0,0,0,16,73,3,0,2,1
6gsy,A,27,TYR,-1.3,193.6,0.0,1,1,E,0.17117117117117117,-153.3,158.6,19.0,4.0,0.8260869565217391,2.0300244762813073,25,22,34,-12,0.034970568550465285,0,0,1,0,0,0,0,0,0,16,73,3,0,2,1
6gsy,A,28,GLU,-3.5,138.4,-1.0,1,3,E,0.5360824742268041,-129.3,162.9,3.0,16.0,0.15789473684210525,1.9829599664154505,17,12,11,1,0.03124037457174899,0,0,1,0,0,0,0,0,0,-1,0,0,0,0,0
6gsy,A,29,GLU,-3.5,138.4,-1.0,1,3,E,0.2268041237113402,-126.7,152.1,13.0,12.0,0.52,1.8983223948773857,28,40,10,30,0.03730193978716297,0,0,1,0,0,0,0,0,0,-1,0,0,0,0,0
6gsy,A,30,LYS,-3.9,168.6,1.0,2,0,E,0.40487804878048783,-124.2,118.5,12.0,12.0,0.5,2.2410248038244425,20,11,23,-12,0.03916703677652112,0,0,1,0,0,0,0,0,0,-1,0,0,0,0,0
6gsy,A,31,ARG,-4.5,173.4,1.0,5,0,E,0.31048387096774194,-110.3,100.2,10.0,14.0,0.4166666666666667,1.85609132004126,22,26,13,13,0.03963331102386066,0,0,1,0,0,0,0,0,0,8,220,9,0,20,1
6gsy,A,32,TYR,-1.3,193.6,0.0,1,1,E,0.0,-75.5,136.2,18.0,8.0,0.6923076923076923,3.3279189264874716,27,28,15,13,0.04243095650789788,0,0,1,0,0,0,0,0,0,8,220,9,0,20,1
6gsy,A,33,ALA,1.8,88.6,0.0,0,0,-,0.4056603773584906,-99.5,146.2,2.0,18.0,0.1,1.9282045170660016,20,26,12,14,0.03403802005578621,0,0,0,0,0,0,0,0,0,8,220,9,0,20,1
6gsy,A,34,MET,1.9,162.9,0.0,0,0,-,0.11702127659574468,-112.6,167.9,15.0,10.0,0.6,1.97860554284037,26,22,22,0,0.04149840801321881,0,0,0,0,0,0,0,0,0,8,220,9,0,20,1
6gsy,A,35,GLY,-0.4,60.1,0.0,0,0,P,0.21428571428571427,-97.4,170.8,8.0,12.0,0.4,2.2446322972293693,18,17,24,-7,0.03124037457174899,0,0,0,0,0,0,0,0,0,38,0,7,0,0,1
6gsy,A,36,ASP,-3.5,111.1,-1.0,1,3,P,0.6687116564417178,-79.3,166.8,1.0,14.0,0.06666666666666667,1.7017484397681082,14,13,15,-2,0.030774100324409453,0,0,0,0,0,0,0,0,0,11,58,5,0,3,1
6gsy,A,37,ALA,1.8,88.6,0.0,0,0,T,0.5660377358490566,-65.2,166.5,7.0,7.0,0.5,1.8272499109425553,10,9,21,-12,0.02611135785101408,0,0,0,0,0,1,0,0,0,11,58,5,0,3,1
6gsy,A,38,PRO,-1.6,112.7,0.0,0,0,T,0.8529411764705882,-85.7,22.4,0.0,9.0,0.0,1.9139043923888934,8,2,19,-17,0.01818469564624195,0,0,0,0,0,1,0,0,0,11,58,5,0,3,1
6gsy,A,39,ASP,-3.5,111.1,-1.0,1,3,T,0.7484662576687117,-130.9,-14.5,2.0,9.0,0.18181818181818182,1.79461652097244,10,5,16,-11,0.022847438119637322,0,0,0,0,0,1,0,0,0,11,58,5,0,3,1
6gsy,A,40,TYR,-1.3,193.6,0.0,1,1,-,0.27927927927927926,46.8,57.2,5.0,11.0,0.3125,2.074276982087806,16,18,24,-6,0.03683566553982344,0,0,0,0,0,0,0,0,0,38,0,7,0,0,1
6gsy,A,41,ASP,-3.5,111.1,-1.0,1,3,-,0.5030674846625767,-49.3,126.7,5.0,13.0,0.2777777777777778,1.723509437600453,18,14,15,-1,0.028909003335051305,0,0,0,0,0,0,0,0,0,38,0,7,0,0,1
6gsy,A,42,ARG,-4.5,173.4,1.0,5,0,-,0.4032258064516129,-116.4,13.6,10.0,12.0,0.45454545454545453,1.9671197761983614,18,7,13,-6,0.03730193978716297,0,0,0,0,0,0,0,0,0,38,0,7,0,0,1
6gsy,A,43,SER,-0.8,89.0,0.0,1,1,H,0.33076923076923076,-42.3,-38.5,3.0,13.0,0.1875,1.963719567775332,15,15,16,-1,0.02984155182973038,1,0,0,0,0,0,0,0,0,38,0,7,0,0,1
6gsy,A,44,GLN,-3.5,143.8,0.0,2,2,H,0.3939393939393939,-50.7,-49.3,11.0,8.0,0.5789473684210527,1.8007180764163455,19,24,16,8,0.03916703677652112,1,0,0,0,0,0,0,0,0,38,0,7,0,0,1
6gsy,A,45,TRP,-0.9,227.8,0.0,1,0,H,0.022026431718061675,-71.1,-57.2,17.0,10.0,0.6296296296296297,3.403450803845971,26,36,11,25,0.048492521723311866,1,0,0,0,0,0,0,0,0,35,2,6,0,0,1
6gsy,A,46,LEU,3.8,166.7,0.0,0,0,H,0.45121951219512196,-54.1,-32.0,4.0,14.0,0.2222222222222222,2.189145105590413,16,24,17,7,0.03916703677652112,1,0,0,0,0,0,0,0,0,35,2,6,0,0,1
6gsy,A,47,ASN,-3.5,114.1,0.0,2,2,T,0.8152866242038217,-64.9,-15.4,4.0,8.0,0.3333333333333333,1.7780471733996734,13,22,12,10,0.02984155182973038,0,0,0,0,0,1,0,0,0,35,2,6,0,0,1
6gsy,A,48,GLU,-3.5,138.4,-1.0,1,3,T,0.20103092783505155,-134.4,2.1,9.0,9.0,0.5,2.1593349071551966,20,24,0,24,0.03776821403450251,0,0,0,0,0,1,0,0,0,-1,0,0,0,0,0
6gsy,A,49,LYS,-3.9,168.6,1.0,2,0,T,0.23902439024390243,-43.6,-43.0,12.0,11.0,0.5217391304347826,2.4528270387967397,22,16,12,4,0.045694876239274644,0,0,0,0,0,1,0,0,0,35,2,6,0,0,1
6gsy,A,50,PHE,2.8,189.9,0.0,0,0,T,0.700507614213198,-94.9,21.7,1.0,15.0,0.0625,1.8460843713168564,15,18,16,2,0.03310547156110714,0,0,0,0,0,1,0,0,0,-1,0,0,0,0,0
6gsy,A,51,LYS,-3.9,168.6,1.0,2,0,S,0.7853658536585366,-130.1,17.3,4.0,10.0,0.2857142857142857,1.8881888625547387,12,7,9,-2,0.025645083603674543,0,0,0,0,0,0,1,0,0,-1,0,0,0,0,0
6gsy,A,52,LEU,3.8,166.7,0.0,0,0,S,0.21951219512195122,-108.2,-0.8,20.0,4.0,0.8333333333333334,1.9362477873968413,27,29,12,17,0.02984155182973038,0,0,0,0,0,0,1,0,0,13,29,10,0,3,1
6gsy,A,53,GLY,-0.4,60.1,0.0,0,0,-,0.6785714285714286,70.1,31.6,6.0,16.0,0.2727272727272727,1.7096281957312807,22,25,12,13,0.023779986614316396,0,0,0,0,0,0,0,0,0,13,29,10,0,3,1
6gsy,A,54,LEU,3.8,166.7,0.0,0,0,-,0.0975609756097561,-82.9,134.5,18.0,8.0,0.6923076923076923,2.4474831111033937,26,27,13,14,0.03730193978716297,0,0,0,0,0,0,0,0,0,13,29,10,0,3,1
6gsy,A,55,ASP,-3.5,111.1,-1.0,1,3,S,0.4539877300613497,-57.2,-52.6,16.0,15.0,0.5161290322580645,1.7139877066954696,27,24,9,15,0.03590311704514436,0,0,0,0,0,0,1,0,0,13,29,10,0,3,1
6gsy,A,56,PHE,2.8,189.9,0.0,0,0,S,0.015228426395939087,-126.0,78.3,19.0,15.0,0.5588235294117647,2.478048488791311,35,18,24,-6,0.03683566553982344,0,0,0,0,0,0,1,0,0,13,29,10,0,3,1
6gsy,A,57,PRO,-1.6,112.7,0.0,0,0,-,0.15441176470588236,-39.9,134.5,10.0,18.0,0.35714285714285715,2.0174732979860783,25,16,14,2,0.04149840801321881,0,0,0,0,0,0,0,0,0,13,29,10,0,3,1
6gsy,A,58,ASN,-3.5,114.1,0.0,2,2,-,0.3375796178343949,-175.6,167.0,12.0,16.0,0.42857142857142855,2.1390588518648896,29,11,8,3,0.0363693912924839,0,0,0,0,0,0,0,0,0,-1,0,0,0,0,0
6gsy,A,59,LEU,3.8,166.7,0.0,0,0,S,0.10975609756097561,-115.7,130.4,18.0,15.0,0.5454545454545454,2.134463654319952,32,22,1,21,0.045228601991935104,0,0,0,0,0,0,1,0,0,-1,0,0,0,0,0
6gsy,A,60,PRO,-1.6,112.7,0.0,0,0,S,0.029411764705882353,-87.7,160.1,25.0,13.0,0.6578947368421053,2.32518131827852,33,9,1,8,0.050823892960009553,0,0,0,0,0,0,1,0,0,-1,0,0,0,0,0
6gsy,A,61,TYR,-1.3,193.6,0.0,1,1,E,0.018018018018018018,-132.8,158.6,16.0,24.0,0.4,3.7567266293704553,36,28,17,11,0.04989134446533048,0,0,1,0,0,0,0,0,0,-1,0,0,0,0,0
6gsy,A,62,LEU,3.8,166.7,0.0,0,0,E,0.0,-132.2,146.2,19.0,21.0,0.475,6.104411059047366,38,19,13,6,0.048492521723311866,0,0,1,0,0,0,0,0,0,-1,0,0,0,0,0
6gsy,A,63,ILE,4.5,166.7,0.0,0,0,E,0.16568047337278108,-139.8,123.8,12.0,15.0,0.4444444444444444,2.6707611831280036,27,18,19,-1,0.04289723075523742,0,0,1,0,0,0,0,0,0,-1,0,0,0,0,0
6gsy,A,64,ASP,-3.5,111.1,-1.0,1,3,E,0.2883435582822086,-144.3,95.2,12.0,10.0,0.5454545454545454,1.8739300566441792,20,25,0,25,0.03683566553982344,0,0,1,0,0,0,0,0,0,40,0,5,0,0,1
6gsy,A,65,GLY,-0.4,60.1,0.0,0,0,T,0.75,76.7,-122.0,2.0,11.0,0.15384615384615385,1.7095993516706778,13,21,8,13,0.021914889624958248,0,0,0,0,0,1,0,0,0,-1,0,0,0,0,0
6gsy,A,66,SER,-0.8,89.0,0.0,1,1,T,0.7538461538461538,-78.0,-40.4,1.0,13.0,0.07142857142857142,1.73947609896659,14,20,12,8,0.018650969893581486,0,0,0,0,0,1,0,0,0,40,0,5,0,0,1
6gsy,A,67,ARG,-4.5,173.4,1.0,5,0,E,0.43548387096774194,-64.8,119.3,11.0,12.0,0.4782608695652174,2.0517251796733738,19,19,28,-9,0.03170664881908853,0,0,1,0,0,0,0,0,0,40,0,5,0,0,1
6gsy,A,68,LYS,-3.9,168.6,1.0,2,0,E,0.3804878048780488,-119.5,115.1,10.0,21.0,0.3225806451612903,2.008641589571867,22,10,14,-4,0.04196468226055834,0,0,1,0,0,0,0,0,0,13,29,10,0,3,1
6gsy,A,69,ILE,4.5,166.7,0.0,0,0,E,0.005917159763313609,-120.0,131.8,24.0,17.0,0.5853658536585366,3.5591723848794516,40,32,23,9,0.04709369898129325,0,0,1,0,0,0,0,0,0,-1,0,0,0,0,0
6gsy,A,70,THR,-0.7,116.1,0.0,1,1,-,0.035211267605633804,-121.5,174.6,13.0,27.0,0.325,3.3052709943785463,35,11,16,-5,0.04942507021799094,0,0,0,0,0,0,0,0,0,-1,0,0,0,0,0
6gsy,A,71,GLN,-3.5,143.8,0.0,2,2,S,0.09090909090909091,74.6,107.2,17.0,19.0,0.4722222222222222,2.1454557229694036,31,5,23,-18,0.04709369898129325,0,0,0,0,0,0,1,0,0,-1,0,0,0,0,0
6gsy,A,72,SER,-0.8,89.0,0.0,1,1,H,0.09230769230769231,-41.1,-40.4,17.0,21.0,0.4473684210526316,2.3353733005920785,37,16,13,3,0.04149840801321881,1,0,0,0,0,0,0,0,0,-1,0,0,0,0,0
6gsy,A,73,ASN,-3.5,114.1,0.0,2,2,H,0.06369426751592357,-74.9,-33.1,18.0,23.0,0.43902439024390244,2.59765856980741,31,21,32,-11,0.04289723075523742,1,0,0,0,0,0,0,0,0,-1,0,0,0,0,0
6gsy,A,74,ALA,1.8,88.6,0.0,0,0,H,0.009433962264150943,-71.2,-38.0,19.0,12.0,0.6129032258064516,4.6765038649460005,32,34,23,11,0.05222271570202816,1,0,0,0,0,0,0,0,0,-1,0,0,0,0,0
6gsy,A,75,ILE,4.5,166.7,0.0,0,0,H,0.0,-61.5,-48.4,22.0,18.0,0.55,5.8570240379764975,39,20,10,10,0.048492521723311866,1,0,0,0,0,0,0,0,0,-1,0,0,0,0,0
6gsy,A,76,MET,1.9,162.9,0.0,0,0,H,0.010638297872340425,-52.8,-49.9,20.0,22.0,0.47619047619047616,6.64259210846121,40,27,12,15,0.04709369898129325,1,0,0,0,0,0,0,0,0,-1,0,0,0,0,0
6gsy,A,77,ARG,-4.5,173.4,1.0,5,0,H,0.08064516129032258,-74.1,-30.8,17.0,23.0,0.425,3.056988119499685,29,22,32,-10,0.04616115048661418,1,0,0,0,0,0,0,0,0,33,2,15,0,0,1
6gsy,A,78,TYR,-1.3,193.6,0.0,1,1,H,0.013513513513513514,-63.1,-43.2,23.0,14.0,0.6216216216216216,2.6757183688659754,34,59,23,36,0.045228601991935104,1,0,0,0,0,0,0,0,0,40,0,5,0,0,1
6gsy,A,79,LEU,3.8,166.7,0.0,0,0,H,0.0,-66.2,-41.4,26.0,12.0,0.6842105263157895,4.6730013684962195,35,44,12,32,0.05035761871267001,1,0,0,0,0,0,0,0,0,22,24,8,0,2,1
6gsy,A,80,ALA,1.8,88.6,0.0,0,0,H,0.0,-65.8,-37.3,20.0,11.0,0.6451612903225806,3.4999567881822906,28,50,6,44,0.04989134446533048,1,0,0,0,0,0,0,0,0,30,24,1,0,0,1
6gsy,A,81,ARG,-4.5,173.4,1.0,5,0,H,0.2056451612903226,-62.3,-39.1,12.0,13.0,0.48,2.2424448407011917,25,58,20,38,0.03963331102386066,1,0,0,0,0,0,0,0,0,30,24,1,0,0,1
6gsy,A,82,LYS,-3.9,168.6,1.0,2,0,H,0.44878048780487806,-67.8,-41.8,14.0,7.0,0.6666666666666666,1.958588699480416,22,40,9,31,0.034970568550465285,1,0,0,0,0,0,0,0,0,30,24,1,0,0,1
6gsy,A,83,HIS,-3.2,153.2,0.1,2,1,H,0.3641304347826087,-105.1,-1.2,15.0,6.0,0.7142857142857143,2.082356523354573,21,27,7,20,0.030774100324409453,1,0,0,0,0,0,0,0,0,30,24,1,0,0,1
6gsy,A,84,HIS,-3.2,153.2,0.1,2,1,T,0.7391304347826086,63.8,55.4,2.0,16.0,0.1111111111111111,1.8268408579305782,19,29,7,22,0.02797645484037223,0,0,0,0,0,1,0,0,0,30,24,1,0,0,1
6gsy,A,85,LEU,3.8,166.7,0.0,0,0,-,0.09146341463414634,-122.1,41.6,17.0,11.0,0.6071428571428571,2.4030896600401657,26,46,15,31,0.04196468226055834,0,0,0,0,0,0,0,0,0,30,24,1,0,0,1
6gsy,A,86,CYS,2.5,108.5,0.0,1,0,S,0.2222222222222222,-112.9,167.8,13.0,19.0,0.40625,1.8487645123921175,28,59,24,35,0.04289723075523742,0,0,0,0,0,0,1,0,0,-1,0,0,0,0,0
6gsy,A,87,GLY,-0.4,60.1,0.0,0,0,-,0.047619047619047616,-64.4,144.8,15.0,15.0,0.5,2.001174489523972,23,44,38,6,0.04149840801321881,0,0,0,0,0,0,0,0,0,-1,0,0,0,0,0
6gsy,A,88,GLU,-3.5,138.4,-1.0,1,3,S,0.5463917525773195,-110.8,-5.7,8.0,12.0,0.4,1.9439448774738335,15,28,19,9,0.02471253510899547,0,0,0,0,0,0,1,0,0,30,24,1,0,0,1
6gsy,A,89,THR,-0.7,116.1,0.0,1,1,S,0.5,-125.1,168.8,7.0,8.0,0.4666666666666667,2.2557342086443826,16,30,36,-6,0.027510180593032695,0,0,0,0,0,0,1,0,0,34,24,1,0,0,1
6gsy,A,90,GLU,-3.5,138.4,-1.0,1,3,H,0.24742268041237114,-53.8,-45.6,7.0,13.0,0.35,2.000964855372886,20,46,27,19,0.03357174580844668,1,0,0,0,0,0,0,0,0,41,0,5,0,0,1
6gsy,A,91,GLU,-3.5,138.4,-1.0,1,3,H,0.7371134020618557,-53.1,-44.9,4.0,18.0,0.18181818181818182,1.7644897192923839,22,38,25,13,0.03590311704514436,1,0,0,0,0,0,0,0,0,41,0,5,0,0,1
6gsy,A,92,GLU,-3.5,138.4,-1.0,1,3,H,0.11855670103092783,-61.6,-42.7,13.0,12.0,0.52,2.3057357758233654,26,39,40,-1,0.04289723075523742,1,0,0,0,0,0,0,0,0,34,24,1,0,0,1
6gsy,A,93,ARG,-4.5,173.4,1.0,5,0,H,0.36693548387096775,-68.1,-37.7,10.0,20.0,0.3333333333333333,2.050930423727988,22,36,40,-4,0.04476232774459557,1,0,0,0,0,0,0,0,0,-1,0,0,0,0,0
6gsy,A,94,ILE,4.5,166.7,0.0,0,0,H,0.11242603550295859,-63.5,-50.6,12.0,23.0,0.34285714285714286,2.550284248505319,34,52,38,14,0.043829779249916496,1,0,0,0,0,0,0,0,0,41,0,5,0,0,1
6gsy,A,95,ARG,-4.5,173.4,1.0,5,0,H,0.13306451612903225,-58.8,-46.8,20.0,20.0,0.5,2.5155248155454264,33,16,42,-26,0.04243095650789788,1,0,0,0,0,0,0,0,0,-1,0,0,0,0,0
6gsy,A,96,ALA,1.8,88.6,0.0,0,0,H,0.02830188679245283,-58.5,-50.3,23.0,21.0,0.5227272727272727,2.9906958688467737,37,36,41,-5,0.050823892960009553,1,0,0,0,0,0,0,0,0,-1,0,0,0,0,0
6gsy,A,97,ASP,-3.5,111.1,-1.0,1,3,H,0.024539877300613498,-53.5,-53.3,16.0,21.0,0.43243243243243246,3.0649589942003876,33,40,26,14,0.048026247475972325,1,0,0,0,0,0,0,0,0,33,2,15,0,0,1
6gsy,A,98,ILE,4.5,166.7,0.0,0,0,H,0.023668639053254437,-56.9,-55.0,19.0,20.0,0.48717948717948717,4.111292276953881,38,25,32,-7,0.050823892960009553,1,0,0,0,0,0,0,0,0,-1,0,0,0,0,0
6gsy,A,99,VAL,4.2,140.0,0.0,0,0,H,0.007042253521126761,-59.0,-47.0,22.0,18.0,0.55,5.934220093758854,38,14,34,-20,0.0526889899493677,1,0,0,0,0,0,0,0,0,-1,0,0,0,0,0
6gsy,A,100,GLU,-3.5,138.4,-1.0,1,3,H,0.005154639175257732,-52.2,-50.2,19.0,20.0,0.48717948717948717,3.6899802750242734,31,25,17,8,0.048026247475972325,1,0,0,0,0,0,0,0,0,33,2,15,0,0,1
6gsy,A,101,ASN,-3.5,114.1,0.0,2,2,H,0.06369426751592357,-65.4,-51.0,18.0,16.0,0.5294117647058824,2.0836849097978076,30,15,29,-14,0.045694876239274644,1,0,0,0,0,0,0,0,0,-1,0,0,0,0,0
6gsy,A,102,GLN,-3.5,143.8,0.0,2,2,H,0.08080808080808081,-51.4,-43.0,19.0,15.0,0.5588235294117647,3.12142046061346,31,12,21,-9,0.045694876239274644,1,0,0,0,0,0,0,0,0,-1,0,0,0,0,0
6gsy,A,103,VAL,4.2,140.0,0.0,0,0,H,0.02112676056338028,-47.4,-49.6,20.0,16.0,0.5555555555555556,5.466242691788431,36,13,30,-17,0.04942507021799094,1,0,0,0,0,0,0,0,0,-1,0,0,0,0,0
6gsy,A,104,MET,1.9,162.9,0.0,0,0,H,0.2393617021276596,-60.9,-42.9,12.0,18.0,0.4,2.337112990281509,26,11,21,-10,0.040099585271200194,1,0,0,0,0,0,0,0,0,-1,0,0,0,0,0
6gsy,A,105,ASP,-3.5,111.1,-1.0,1,3,H,0.31901840490797545,-53.9,-58.2,11.0,13.0,0.4583333333333333,1.827287434734051,25,14,4,10,0.03730193978716297,1,0,0,0,0,0,0,0,0,-1,0,0,0,0,0
6gsy,A,106,ASN,-3.5,114.1,0.0,2,2,H,0.03184713375796178,-62.6,-43.5,20.0,11.0,0.6451612903225806,3.445484320580548,32,20,14,6,0.04662742473395372,1,0,0,0,0,0,0,0,0,-1,0,0,0,0,0
6gsy,A,107,ARG,-4.5,173.4,1.0,5,0,H,0.024193548387096774,-57.8,-44.3,19.0,11.0,0.6333333333333333,3.8266858094456975,34,8,18,-10,0.04662742473395372,1,0,0,0,0,0,0,0,0,-1,0,0,0,0,0
6gsy,A,108,MET,1.9,162.9,0.0,0,0,H,0.42021276595744683,-58.9,-47.6,7.0,14.0,0.3333333333333333,2.377011662444454,22,13,9,4,0.03590311704514436,1,0,0,0,0,0,0,0,0,-1,0,0,0,0,0
6gsy,A,109,GLN,-3.5,143.8,0.0,2,2,H,0.3838383838383838,-55.2,-37.6,12.0,10.0,0.5454545454545454,1.928819071317743,21,13,8,5,0.03870076252918159,1,0,0,0,0,0,0,0,0,-1,0,0,0,0,0
6gsy,A,110,LEU,3.8,166.7,0.0,0,0,H,0.006097560975609756,-66.4,-57.8,21.0,16.0,0.5675675675675675,4.911742104055872,32,15,6,9,0.04709369898129325,1,0,0,0,0,0,0,0,0,-1,0,0,0,0,0
6gsy,A,111,ILE,4.5,166.7,0.0,0,0,H,0.21893491124260356,-47.0,-52.2,10.0,20.0,0.3333333333333333,2.7468345171057718,27,10,3,7,0.03963331102386066,1,0,0,0,0,0,0,0,0,29,2,16,0,0,1
6gsy,A,112,MET,1.9,162.9,0.0,0,0,H,0.6914893617021277,-49.6,-36.3,9.0,15.0,0.375,1.9003863033071606,19,6,3,3,0.03310547156110714,1,0,0,0,0,0,0,0,0,29,2,16,0,0,1
6gsy,A,113,LEU,3.8,166.7,0.0,0,0,H,0.06707317073170732,-77.0,-47.2,14.0,13.0,0.5185185185185185,2.339452922240221,30,16,19,-3,0.045228601991935104,1,0,0,0,0,0,0,0,0,29,2,16,0,0,1
6gsy,A,114,CYS,2.5,108.5,0.0,1,0,H,0.0,-69.1,-19.8,18.0,13.0,0.5806451612903226,4.684327577130079,28,11,7,4,0.04989134446533048,1,0,0,0,0,0,0,0,0,29,2,16,0,0,1
6gsy,A,115,TYR,-1.3,193.6,0.0,1,1,T,0.35585585585585583,-100.6,18.0,10.0,14.0,0.4166666666666667,1.882399737517149,24,6,1,5,0.04243095650789788,0,0,0,0,0,1,0,0,0,29,2,16,0,0,1
6gsy,A,116,ASN,-3.5,114.1,0.0,2,2,-,0.24203821656050956,-115.9,134.1,11.0,7.0,0.6111111111111112,2.0507383323501305,18,9,16,-7,0.03450429430312575,0,0,0,0,0,0,0,0,0,36,1,8,0,0,1
6gsy,A,117,PRO,-1.6,112.7,0.0,0,0,T,0.8897058823529411,-60.7,-7.2,0.0,15.0,0.0,1.9429737605140456,15,5,15,-10,0.024246260861655933,0,0,0,0,0,1,0,0,0,36,1,8,0,0,1
6gsy,A,118,ASP,-3.5,111.1,-1.0,1,3,T,0.48466257668711654,-100.1,8.9,5.0,11.0,0.3125,1.8555086127704916,14,13,11,2,0.030774100324409453,0,0,0,0,0,1,0,0,0,36,1,8,0,0,1
6gsy,A,119,PHE,2.8,189.9,0.0,0,0,H,0.06091370558375635,-30.2,-73.4,11.0,9.0,0.55,2.573801225016768,26,16,18,-2,0.045694876239274644,1,0,0,0,0,0,0,0,0,36,1,8,0,0,1
6gsy,A,120,GLU,-3.5,138.4,-1.0,1,3,H,0.7061855670103093,-36.4,-50.8,2.0,14.0,0.125,1.7545273480640036,15,18,9,9,0.032639197313767604,1,0,0,0,0,0,0,0,0,2,1230,13,0,213,1
6gsy,A,121,LYS,-3.9,168.6,1.0,2,0,H,0.7414634146341463,-89.5,-11.0,2.0,11.0,0.15384615384615385,1.9853246982079886,10,7,24,-17,0.028909003335051305,1,0,0,0,0,0,0,0,0,-1,0,0,0,0,0
6gsy,A,122,GLN,-3.5,143.8,0.0,2,2,H,0.398989898989899,-90.4,-39.3,10.0,9.0,0.5263157894736842,2.0062012248302774,18,18,26,-8,0.03730193978716297,1,0,0,0,0,0,0,0,0,36,1,8,0,0,1
6gsy,A,123,LYS,-3.9,168.6,1.0,2,0,H,0.25853658536585367,-41.2,-49.9,9.0,16.0,0.36,2.4726421121564393,20,14,27,-13,0.04289723075523742,1,0,0,0,0,0,0,0,0,2,1230,13,0,213,1
6gsy,A,124,PRO,-1.6,112.7,0.0,0,0,H,0.47058823529411764,-55.4,-20.9,3.0,11.0,0.21428571428571427,2.0133367909972386,15,25,20,5,0.02984155182973038,1,0,0,0,0,0,0,0,0,-1,0,0,0,0,0
6gsy,A,125,GLU,-3.5,138.4,-1.0,1,3,H,0.5670103092783505,-92.6,-34.9,5.0,9.0,0.35714285714285715,1.8507469255499391,13,21,4,17,0.02984155182973038,1,0,0,0,0,0,0,0,0,-1,0,0,0,0,0
6gsy,A,126,PHE,2.8,189.9,0.0,0,0,H,0.1116751269035533,-66.9,-48.5,15.0,9.0,0.625,2.783842671974943,26,28,14,14,0.03776821403450251,1,0,0,0,0,0,0,0,0,-1,0,0,0,0,0
6gsy,A,127,LEU,3.8,166.7,0.0,0,0,T,0.3048780487804878,-42.4,-36.2,11.0,14.0,0.44,2.211553219451465,22,24,20,4,0.03870076252918159,0,0,0,0,0,1,0,0,0,-1,0,0,0,0,0
6gsy,A,128,LYS,-3.9,168.6,1.0,2,0,T,0.7219512195121951,-78.1,-11.9,3.0,11.0,0.21428571428571427,1.8999516558688991,12,7,15,-8,0.028909003335051305,0,0,0,0,0,1,0,0,0,-1,0,0,0,0,0
6gsy,A,129,THR,-0.7,116.1,0.0,1,1,S,0.33098591549295775,-81.3,-23.7,11.0,9.0,0.55,2.032992724340189,22,22,18,4,0.032172923066428064,0,0,0,0,0,0,1,0,0,-1,0,0,0,0,0
6gsy,A,130,ILE,4.5,166.7,0.0,0,0,H,0.01775147928994083,-52.6,-56.8,19.0,11.0,0.6333333333333333,2.7478854450807573,30,28,21,7,0.040565859518539735,1,0,0,0,0,0,0,0,0,-1,0,0,0,0,0
6gsy,A,131,PRO,-1.6,112.7,0.0,0,0,H,0.5367647058823529,-48.6,-44.3,6.0,16.0,0.2727272727272727,1.9779827637575271,22,29,16,13,0.03403802005578621,1,0,0,0,0,0,0,0,0,-1,0,0,0,0,0
6gsy,A,132,GLU,-3.5,138.4,-1.0,1,3,H,0.5154639175257731,-61.4,-46.6,8.0,13.0,0.38095238095238093,1.852405108596618,22,26,4,22,0.03310547156110714,1,0,0,0,0,0,0,0,0,9,89,13,0,15,1
6gsy,A,133,LYS,-3.9,168.6,1.0,2,0,H,0.12195121951219512,-59.2,-42.1,17.0,13.0,0.5666666666666667,2.375216465994324,29,12,14,-2,0.04289723075523742,1,0,0,0,0,0,0,0,0,-1,0,0,0,0,0
6gsy,A,134,MET,1.9,162.9,0.0,0,0,H,0.005319148936170213,-69.8,-38.0,19.0,16.0,0.5428571428571428,4.20739608672611,34,26,20,6,0.04662742473395372,1,0,0,0,0,0,0,0,0,-1,0,0,0,0,0
6gsy,A,135,LYS,-3.9,168.6,1.0,2,0,H,0.4585365853658537,-56.5,-43.6,4.0,20.0,0.16666666666666666,2.385222175706738,21,6,20,-14,0.03823448828184205,1,0,0,0,0,0,0,0,0,39,0,10,0,0,1
6gsy,A,136,LEU,3.8,166.7,0.0,0,0,H,0.22560975609756098,-62.6,-46.3,14.0,14.0,0.5,2.2534838221542013,28,18,26,-8,0.04429605349725603,1,0,0,0,0,0,0,0,0,39,0,10,0,0,1
6gsy,A,137,TYR,-1.3,193.6,0.0,1,1,H,0.013513513513513514,-59.1,-42.2,22.0,16.0,0.5789473684210527,4.9150483285876065,39,15,16,-1,0.048492521723311866,1,0,0,0,0,0,0,0,0,-1,0,0,0,0,0
6gsy,A,138,SER,-0.8,89.0,0.0,1,1,H,0.13076923076923078,-58.6,-46.2,15.0,16.0,0.4838709677419355,2.234168003993639,27,26,13,13,0.04662742473395372,1,0,0,0,0,0,0,0,0,32,9,3,0,0,1
6gsy,A,139,GLU,-3.5,138.4,-1.0,1,3,H,0.634020618556701,-72.9,-28.3,8.0,14.0,0.36363636363636365,1.758018069825176,23,18,10,8,0.03450429430312575,1,0,0,0,0,0,0,0,0,39,0,10,0,0,1
6gsy,A,140,PHE,2.8,189.9,0.0,0,0,H,0.025380710659898477,-68.0,-53.4,17.0,13.0,0.5666666666666667,2.2943227109776245,32,29,19,10,0.043829779249916496,1,0,0,0,0,0,0,0,0,-1,0,0,0,0,0
6gsy,A,141,LEU,3.8,166.7,0.0,0,0,H,0.006097560975609756,-64.6,-40.7,18.0,13.0,0.5806451612903226,2.986673163183182,32,34,16,18,0.04755997322863279,1,0,0,0,0,0,0,0,0,12,56,5,0,3,1
6gsy,A,142,GLY,-0.4,60.1,0.0,0,0,T,0.2857142857142857,60.6,-114.8,6.0,16.0,0.2727272727272727,1.9229469350266015,22,29,12,17,0.03170664881908853,0,0,0,0,0,1,0,0,0,12,56,5,0,3,1
6gsy,A,143,LYS,-3.9,168.6,1.0,2,0,T,1.0,-112.0,12.0,0.0,19.0,0.0,1.8706366203706795,15,16,11,5,0.025178809356335007,0,0,0,0,0,1,0,0,0,12,56,5,0,3,1
6gsy,A,144,ARG,-4.5,173.4,1.0,5,0,-,0.3346774193548387,-75.8,136.1,15.0,7.0,0.6818181818181818,1.8982989802926462,21,24,17,7,0.03450429430312575,0,0,0,0,0,0,0,0,0,12,56,5,0,3,1
6gsy,A,145,PRO,-1.6,112.7,0.0,0,0,S,0.22794117647058823,-65.3,-36.0,6.0,18.0,0.25,2.3508217087146006,21,38,19,19,0.03963331102386066,0,0,0,0,0,0,1,0,0,12,56,5,0,3,1
6gsy,A,146,TRP,-0.9,227.8,0.0,1,0,B,0.1277533039647577,-132.3,160.3,17.0,19.0,0.4722222222222222,3.4204139773624624,30,31,20,11,0.05035761871267001,0,1,0,0,0,0,0,0,0,3,438,10,0,63,1
6gsy,A,147,PHE,2.8,189.9,0.0,0,0,T,0.005076142131979695,-59.5,-29.4,23.0,18.0,0.5609756097560976,6.262365931574081,42,30,17,13,0.05548663543340492,0,0,0,0,0,1,0,0,0,-1,0,0,0,0,0
6gsy,A,148,ALA,1.8,88.6,0.0,0,0,T,0.02830188679245283,-106.6,3.2,23.0,12.0,0.6571428571428571,2.997439161061525,31,37,42,-5,0.04989134446533048,0,0,0,0,0,1,0,0,0,-1,0,0,0,0,0
6gsy,A,149,GLY,-0.4,60.1,0.0,0,0,B,0.17857142857142858,144.2,-151.5,14.0,13.0,0.5185185185185185,2.509609099739099,26,38,32,6,0.040099585271200194,0,1,0,0,0,0,0,0,0,-1,0,0,0,0,0
6gsy,A,150,ASP,-3.5,111.1,-1.0,1,3,S,0.8466257668711656,-82.8,0.8,1.0,17.0,0.05555555555555555,1.7397632787551034,15,28,8,20,0.028909003335051305,0,0,0,0,0,0,1,0,0,-1,0,0,0,0,0
6gsy,A,151,LYS,-3.9,168.6,1.0,2,0,S,0.36097560975609755,-121.6,141.3,10.0,10.0,0.5,2.1786224124614635,20,4,31,-27,0.032639197313767604,0,0,0,0,0,0,1,0,0,-1,0,0,0,0,0
6gsy,A,152,VAL,4.2,140.0,0.0,0,0,-,0.11267605633802817,-64.2,143.9,11.0,20.0,0.3548387096774194,2.040180543663407,26,17,17,0,0.04476232774459557,0,0,0,0,0,0,0,0,0,3,438,10,0,63,1
6gsy,A,153,THR,-0.7,116.1,0.0,1,1,-,0.0,-135.8,178.3,19.0,19.0,0.5,4.0828943975419145,35,24,31,-7,0.048492521723311866,0,0,0,0,0,0,0,0,0,-1,0,0,0,0,0
6gsy,A,154,TYR,-1.3,193.6,0.0,1,1,H,0.013513513513513514,-66.7,-15.8,25.0,20.0,0.5555555555555556,4.115404792361434,37,27,27,0,0.045694876239274644,1,0,0,0,0,0,0,0,0,33,2,15,0,0,1
6gsy,A,155,VAL,4.2,140.0,0.0,0,0,H,0.0,-76.7,-25.5,21.0,21.0,0.5,5.772260032142216,43,22,28,-6,0.048958795970651406,1,0,0,0,0,0,0,0,0,-1,0,0,0,0,0
6gsy,A,156,ASP,-3.5,111.1,-1.0,1,3,H,0.0,-60.9,-34.2,24.0,21.0,0.5333333333333333,7.413437521690016,41,15,8,7,0.053155264196707235,1,0,0,0,0,0,0,0,0,-1,0,0,0,0,0
6gsy,A,157,PHE,2.8,189.9,0.0,0,0,H,0.0,-69.0,-30.7,22.0,22.0,0.5,7.580472413423077,33,14,20,-6,0.05035761871267001,1,0,0,0,0,0,0,0,0,-1,0,0,0,0,0
6gsy,A,158,LEU,3.8,166.7,0.0,0,0,H,0.036585365853658534,-76.4,-49.1,19.0,21.0,0.475,7.935414129299201,37,18,27,-9,0.04942507021799094,1,0,0,0,0,0,0,0,0,-1,0,0,0,0,0
6gsy,A,159,ALA,1.8,88.6,0.0,0,0,H,0.0,-57.1,-54.1,22.0,19.0,0.5365853658536586,8.379849823595588,38,9,29,-20,0.04989134446533048,1,0,0,0,0,0,0,0,0,-1,0,0,0,0,0
6gsy,A,160,TYR,-1.3,193.6,0.0,1,1,H,0.0045045045045045045,-47.6,-49.4,20.0,17.0,0.5405405405405406,3.875813209567218,36,28,32,-4,0.05129016720734909,1,0,0,0,0,0,0,0,0,-1,0,0,0,0,0
6gsy,A,161,ASP,-3.5,111.1,-1.0,1,3,H,0.0,-61.5,-46.2,20.0,15.0,0.5714285714285714,6.093688870333764,37,33,13,20,0.05129016720734909,1,0,0,0,0,0,0,0,0,-1,0,0,0,0,0
6gsy,A,162,ILE,4.5,166.7,0.0,0,0,H,0.011834319526627219,-69.3,-35.4,21.0,18.0,0.5384615384615384,7.395156621568911,42,29,23,6,0.05175644145468863,1,0,0,0,0,0,0,0,0,-1,0,0,0,0,0
6gsy,A,163,LEU,3.8,166.7,0.0,0,0,H,0.006097560975609756,-70.5,-33.5,22.0,19.0,0.5365853658536586,5.744006165962952,40,27,21,6,0.04989134446533048,1,0,0,0,0,0,0,0,0,23,24,7,0,2,1
6gsy,A,164,ASP,-3.5,111.1,-1.0,1,3,H,0.11042944785276074,-68.8,-45.4,17.0,17.0,0.5,2.2938422300604784,35,27,17,10,0.045228601991935104,1,0,0,0,0,0,0,0,0,23,24,7,0,2,1
6gsy,A,165,GLN,-3.5,143.8,0.0,2,2,H,0.005050505050505051,-60.5,-45.7,23.0,13.0,0.6388888888888888,5.324756977200646,37,38,18,20,0.045694876239274644,1,0,0,0,0,0,0,0,0,-1,0,0,0,0,0
6gsy,A,166,TYR,-1.3,193.6,0.0,1,1,H,0.013513513513513514,-65.4,-39.4,21.0,12.0,0.6363636363636364,6.030171232849482,36,27,21,6,0.04942507021799094,1,0,0,0,0,0,0,0,0,-1,0,0,0,0,0
6gsy,A,167,HIS,-3.2,153.2,0.1,2,1,H,0.32065217391304346,-56.1,-39.7,11.0,13.0,0.4583333333333333,2.294348125169802,24,18,26,-8,0.043829779249916496,1,0,0,0,0,0,0,0,0,23,24,7,0,2,1
6gsy,A,168,ILE,4.5,166.7,0.0,0,0,H,0.38461538461538464,-69.9,-35.7,12.0,8.0,0.6,2.0200389697093364,25,17,20,-3,0.03357174580844668,1,0,0,0,0,0,0,0,0,23,24,7,0,2,1
6gsy,A,169,PHE,2.8,189.9,0.0,0,0,H,0.04060913705583756,-74.0,-38.9,17.0,8.0,0.68,2.7762797417519023,27,17,11,6,0.03870076252918159,1,0,0,0,0,0,0,0,0,2,1230,13,0,213,1
6gsy,A,170,GLU,-3.5,138.4,-1.0,1,3,-,0.27835051546391754,-143.7,92.1,15.0,7.0,0.6818181818181818,2.4046344519085654,21,25,8,17,0.03870076252918159,0,0,0,0,0,0,0,0,0,37,1,4,0,0,1
6gsy,A,171,PRO,-1.6,112.7,0.0,0,0,G,0.5073529411764706,-47.8,-35.3,0.0,16.0,0.0,2.065624277953993,17,22,18,4,0.03124037457174899,0,0,0,1,0,0,0,0,0,37,1,4,0,0,1
6gsy,A,172,LYS,-3.9,168.6,1.0,2,0,G,0.6682926829268293,-81.1,-4.4,2.0,17.0,0.10526315789473684,1.9276536609565196,15,13,17,-4,0.02797645484037223,0,0,0,1,0,0,0,0,0,37,1,4,0,0,1
6gsy,A,173,CYS,2.5,108.5,0.0,1,0,G,0.0962962962962963,-68.7,-13.4,18.0,9.0,0.6666666666666666,2.1304862721743576,27,34,24,10,0.04476232774459557,0,0,0,1,0,0,0,0,0,37,1,4,0,0,1
6gsy,A,174,LEU,3.8,166.7,0.0,0,0,G,0.0,-111.4,6.9,17.0,13.0,0.5666666666666667,2.782925032864431,28,30,24,6,0.04103213376587927,0,0,0,1,0,0,0,0,0,37,1,4,0,0,1
6gsy,A,175,ASP,-3.5,111.1,-1.0,1,3,T,0.5214723926380368,-67.2,-41.4,4.0,14.0,0.2222222222222222,1.7223753885120794,13,25,6,19,0.027510180593032695,0,0,0,0,0,1,0,0,0,37,1,4,0,0,1
6gsy,A,176,ALA,1.8,88.6,0.0,0,0,T,0.7830188679245284,-79.0,0.2,7.0,10.0,0.4117647058823529,1.821143204924309,16,20,9,11,0.022381163872297785,0,0,0,0,0,1,0,0,0,32,9,3,0,0,1
6gsy,A,177,PHE,2.8,189.9,0.0,0,0,-,0.15736040609137056,-127.5,67.2,22.0,6.0,0.7857142857142857,2.168175585560473,23,24,22,2,0.03730193978716297,0,0,0,0,0,0,0,0,0,32,9,3,0,0,1
6gsy,A,178,PRO,-1.6,112.7,0.0,0,0,H,0.5808823529411765,-44.7,-35.6,1.0,20.0,0.047619047619047616,1.979512785119775,18,13,16,-3,0.02984155182973038,1,0,0,0,0,0,0,0,0,32,9,3,0,0,1
6gsy,A,179,ASN,-3.5,114.1,0.0,2,2,H,0.20382165605095542,-68.9,-20.6,14.0,13.0,0.5185185185185185,1.93189151050238,27,33,16,17,0.03823448828184205,1,0,0,0,0,0,0,0,0,32,9,3,0,0,1
6gsy,A,180,LEU,3.8,166.7,0.0,0,0,H,0.0,-75.7,-45.4,19.0,17.0,0.5277777777777778,4.367235735812843,32,29,17,12,0.045694876239274644,1,0,0,0,0,0,0,0,0,32,9,3,0,0,1
6gsy,A,181,LYS,-3.9,168.6,1.0,2,0,H,0.40487804878048783,-61.5,-40.2,8.0,18.0,0.3076923076923077,2.032302778096305,20,14,17,-3,0.03730193978716297,1,0,0,0,0,0,0,0,0,-1,0,0,0,0,0
6gsy,A,182,ASP,-3.5,111.1,-1.0,1,3,H,0.5950920245398773,-63.5,-34.5,10.0,13.0,0.43478260869565216,1.7619192961288055,18,27,0,27,0.032639197313767604,1,0,0,0,0,0,0,0,0,-1,0,0,0,0,0
6gsy,A,183,PHE,2.8,189.9,0.0,0,0,H,0.0,-64.6,-54.2,22.0,9.0,0.7096774193548387,4.986791346596906,33,22,29,-7,0.04709369898129325,1,0,0,0,0,0,0,0,0,-1,0,0,0,0,0
6gsy,A,184,LEU,3.8,166.7,0.0,0,0,H,0.0975609756097561,-54.3,-51.1,12.0,17.0,0.41379310344827586,2.4248677401423118,30,28,31,-3,0.045228601991935104,1,0,0,0,0,0,0,0,0,23,24,7,0,2,1
6gsy,A,185,ALA,1.8,88.6,0.0,0,0,H,0.6132075471698113,-62.5,-39.4,5.0,14.0,0.2631578947368421,1.781931547147595,18,18,17,1,0.032172923066428064,1,0,0,0,0,0,0,0,0,-1,0,0,0,0,0
6gsy,A,186,ARG,-4.5,173.4,1.0,5,0,H,0.33064516129032256,-68.0,-32.3,10.0,11.0,0.47619047619047616,1.8520938264196767,22,11,19,-8,0.034970568550465285,1,0,0,0,0,0,0,0,0,3,438,10,0,63,1
6gsy,A,187,PHE,2.8,189.9,0.0,0,0,H,0.0,-64.6,-53.6,22.0,12.0,0.6470588235294118,5.291031982268739,35,21,26,-5,0.04429605349725603,1,0,0,0,0,0,0,0,0,3,438,10,0,63,1
6gsy,A,188,GLU,-3.5,138.4,-1.0,1,3,H,0.3402061855670103,-56.0,-43.0,10.0,14.0,0.4166666666666667,1.999625695725831,25,21,8,13,0.03730193978716297,1,0,0,0,0,0,0,0,0,-1,0,0,0,0,0
6gsy,A,189,GLY,-0.4,60.1,0.0,0,0,T,0.7738095238095238,-55.0,-9.5,6.0,10.0,0.375,1.7095803565676397,19,23,10,13,0.02844272908771177,0,0,0,0,0,1,0,0,0,-1,0,0,0,0,0
6gsy,A,190,LEU,3.8,166.7,0.0,0,0,S,0.18902439024390244,-75.7,138.2,17.0,5.0,0.7727272727272727,2.301464292500423,22,25,13,12,0.034970568550465285,0,0,0,0,0,0,1,0,0,3,438,10,0,63,1
6gsy,A,191,LYS,-3.9,168.6,1.0,2,0,H,0.8292682926829268,-43.1,-62.6,2.0,15.0,0.11764705882352941,1.925159412982087,14,11,11,0,0.027043906345693154,1,0,0,0,0,0,0,0,0,31,9,4,0,0,1
6gsy,A,192,LYS,-3.9,168.6,1.0,2,0,H,0.4146341463414634,-75.9,-20.9,9.0,12.0,0.42857142857142855,1.931455000235862,21,11,20,-9,0.03823448828184205,1,0,0,0,0,0,0,0,0,31,9,4,0,0,1
6gsy,A,193,ILE,4.5,166.7,0.0,0,0,H,0.0,-74.6,-45.4,13.0,16.0,0.4482758620689655,3.7440036847405453,27,36,18,18,0.050823892960009553,1,0,0,0,0,0,0,0,0,31,9,4,0,0,1
6gsy,A,194,SER,-0.8,89.0,0.0,1,1,H,0.3384615384615385,-57.2,-51.3,5.0,13.0,0.2777777777777778,2.109217376106758,20,28,13,15,0.03450429430312575,1,0,0,0,0,0,0,0,0,31,9,4,0,0,1
6gsy,A,195,ALA,1.8,88.6,0.0,0,0,H,0.5849056603773585,-55.1,-51.4,6.0,12.0,0.3333333333333333,1.767714394219659,18,33,13,20,0.03170664881908853,1,0,0,0,0,0,0,0,0,31,9,4,0,0,1
6gsy,A,196,TYR,-1.3,193.6,0.0,1,1,H,0.0045045045045045045,-55.6,-45.4,18.0,7.0,0.72,3.5671292288953453,29,51,13,38,0.04662742473395372,1,0,0,0,0,0,0,0,0,31,9,4,0,0,1
6gsy,A,197,MET,1.9,162.9,0.0,0,0,H,0.2765957446808511,-59.0,-18.9,8.0,14.0,0.36363636363636365,2.3057219522573114,22,27,15,12,0.035436842797804825,1,0,0,0,0,0,0,0,0,31,9,4,0,0,1
6gsy,A,198,LYS,-3.9,168.6,1.0,2,0,T,0.7560975609756098,-111.4,4.0,3.0,11.0,0.21428571428571427,1.9579792447815754,13,10,1,9,0.02844272908771177,0,0,0,0,0,1,0,0,0,31,9,4,0,0,1
6gsy,A,199,SER,-0.8,89.0,0.0,1,1,S,0.23846153846153847,-82.6,166.1,10.0,3.0,0.7692307692307693,1.9587948675458702,16,25,6,19,0.028909003335051305,0,0,0,0,0,0,1,0,0,31,9,4,0,0,1
6gsy,A,200,SER,-0.8,89.0,0.0,1,1,T,0.9230769230769231,-66.8,-25.4,0.0,9.0,0.0,1.7395645468737158,12,22,4,18,0.020049792635600097,0,0,0,0,0,1,0,0,0,-1,0,0,0,0,0
6gsy,A,201,ARG,-4.5,173.4,1.0,5,0,T,0.45564516129032256,-77.7,-13.1,13.0,10.0,0.5652173913043478,1.9822554446850091,18,20,17,3,0.032172923066428064,0,0,0,0,0,1,0,0,0,-1,0,0,0,0,0
6gsy,A,202,TYR,-1.3,193.6,0.0,1,1,-,0.24774774774774774,-65.4,127.2,9.0,13.0,0.4090909090909091,2.2975427358407723,25,51,9,42,0.03870076252918159,0,0,0,0,0,0,0,0,0,5,295,8,0,34,1
6gsy,A,203,LEU,3.8,166.7,0.0,0,0,-,0.1402439024390244,-133.8,99.6,16.0,9.0,0.64,2.3276175680821414,26,45,5,40,0.040099585271200194,0,0,0,0,0,0,0,0,0,5,295,8,0,34,1
6gsy,A,204,SER,-0.8,89.0,0.0,1,1,-,0.24615384615384617,-99.5,-37.4,9.0,20.0,0.3103448275862069,2.2743877352774002,25,32,13,19,0.0363693912924839,0,0,0,0,0,0,0,0,0,5,295,8,0,34,1
6gsy,A,205,THR,-0.7,116.1,0.0,1,1,-,0.5492957746478874,-135.8,159.2,8.0,15.0,0.34782608695652173,1.8545062671067607,20,25,3,22,0.03310547156110714,0,0,0,0,0,0,0,0,0,5,295,8,0,34,1
6gsy,A,206,PRO,-1.6,112.7,0.0,0,0,-,0.19852941176470587,-69.0,160.7,13.0,12.0,0.52,2.536336900736842,25,29,0,29,0.03963331102386066,0,0,0,0,0,0,0,0,0,-1,0,0,0,0,0
6gsy,A,207,ILE,4.5,166.7,0.0,0,0,-,0.0,-82.8,-47.7,16.0,18.0,0.47058823529411764,3.3455402378703125,34,30,11,19,0.04709369898129325,0,0,0,0,0,0,0,0,0,-1,0,0,0,0,0
6gsy,A,208,PHE,2.8,189.9,0.0,0,0,S,0.030456852791878174,-108.6,169.6,15.0,16.0,0.4838709677419355,2.7113099452445506,32,25,0,25,0.04942507021799094,0,0,0,0,0,0,1,0,0,-1,0,0,0,0,0
6gsy,A,209,SER,-0.8,89.0,0.0,1,1,-,0.12307692307692308,-71.9,159.1,15.0,16.0,0.4838709677419355,2.1180615348287515,27,19,3,16,0.04429605349725603,0,0,0,0,0,0,0,0,0,-1,0,0,0,0,0
6gsy,A,210,LYS,-3.9,168.6,1.0,2,0,T,0.3073170731707317,-64.2,-10.7,11.0,17.0,0.39285714285714285,1.9649097889598792,26,10,16,-6,0.04196468226055834,0,0,0,0,0,1,0,0,0,-1,0,0,0,0,0
6gsy,A,211,LEU,3.8,166.7,0.0,0,0,T,0.42073170731707316,-71.0,-32.6,13.0,14.0,0.48148148148148145,2.0530820687389033,23,12,10,2,0.0363693912924839,0,0,0,0,0,1,0,0,0,29,2,16,0,0,1
6gsy,A,212,ALA,1.8,88.6,0.0,0,0,S,0.009433962264150943,-63.7,163.9,15.0,11.0,0.5769230769230769,2.7002478136026924,24,12,0,12,0.045228601991935104,0,0,0,0,0,0,1,0,0,29,2,16,0,0,1
6gsy,A,213,GLN,-3.5,143.8,0.0,2,2,S,0.4494949494949495,-90.5,-13.6,13.0,11.0,0.5416666666666666,1.9139574820889327,23,7,13,-6,0.040099585271200194,0,0,0,0,0,0,1,0,0,29,2,16,0,0,1
6gsy,A,214,TRP,-0.9,227.8,0.0,1,0,S,0.22026431718061673,-142.9,149.7,15.0,12.0,0.5555555555555556,2.3259247151080897,25,10,4,6,0.0363693912924839,0,0,0,0,0,0,1,0,0,2,1230,13,0,213,1
6gsy,A,215,SER,-0.8,89.0,0.0,1,1,S,0.2,45.6,44.3,16.0,9.0,0.64,2.052664957731201,23,23,0,23,0.03730193978716297,0,0,0,0,0,0,1,0,0,2,1230,13,0,213,1
6gsy,A,216,ASN,-3.5,114.1,0.0,2,2,-,0.3248407643312102,-101.9,-4.2,13.0,11.0,0.5416666666666666,1.8953371618693622,22,18,3,15,0.04149840801321881,0,0,0,0,0,0,0,0,0,-1,0,0,0,0,0
6gsy,A,217,LYS,-3.9,168.6,1.0,2,0,-,1.0,-125.8,360.0,4.0,16.0,0.2,1.870714683871903,15,9,3,6,0.026577632098353617,0,0,0,0,0,0,0,0,0,-1,0,0,0,0,0
6gsy,B,1,PRO,-1.6,112.7,0.0,0,0,-,0.7573529411764706,360.0,-175.5,9.0,6.0,0.6,1.8338824213240184,14,1,21,-20,0.024246260861655933,0,0,0,0,0,0,0,0,0,-1,0,0,0,0,0
6gsy,B,2,MET,1.9,162.9,0.0,0,0,E,0.06914893617021277,-77.0,145.7,13.0,10.0,0.5652173913043478,2.6091126094692774,25,11,24,-13,0.04103213376587927,0,0,1,0,0,0,0,0,0,-1,0,0,0,0,0
6gsy,B,3,ILE,4.5,166.7,0.0,0,0,E,0.23076923076923078,-113.2,127.1,11.0,16.0,0.4074074074074074,3.1023438664271565,26,18,27,-9,0.043363505002576956,0,0,1,0,0,0,0,0,0,-1,0,0,0,0,0
6gsy,B,4,LEU,3.8,166.7,0.0,0,0,E,0.0,-100.4,120.4,19.0,17.0,0.5277777777777778,5.587027013068336,31,28,21,7,0.04942507021799094,0,0,1,0,0,0,0,0,0,-1,0,0,0,0,0
6gsy,B,5,GLY,-0.4,60.1,0.0,0,0,E,0.0,-108.5,148.1,19.0,18.0,0.5135135135135135,5.332718627022283,32,25,19,6,0.05175644145468863,0,0,1,0,0,0,0,0,0,-1,0,0,0,0,0
6gsy,B,6,PHE,2.8,189.9,0.0,0,0,E,0.05583756345177665,-177.6,165.6,18.0,16.0,0.5294117647058824,3.875881974666291,30,33,7,26,0.058284280917442144,0,0,1,0,0,0,0,0,0,18,24,10,0,2,1
6gsy,B,7,TRP,-0.9,227.8,0.0,1,0,E,0.15859030837004406,-64.8,165.0,16.0,15.0,0.5161290322580645,2.563872465182469,31,35,2,33,0.045228601991935104,0,0,1,0,0,0,0,0,0,18,24,10,0,2,1
6gsy,B,8,ASN,-3.5,114.1,0.0,2,2,S,0.39490445859872614,-87.1,45.9,11.0,23.0,0.3235294117647059,1.9754997369664933,26,33,3,30,0.03870076252918159,0,0,0,0,0,0,1,0,0,18,24,10,0,2,1
6gsy,B,9,VAL,4.2,140.0,0.0,0,0,S,0.07746478873239436,-131.0,173.0,16.0,15.0,0.5161290322580645,3.141863849372629,30,43,2,41,0.048026247475972325,0,0,0,0,0,0,1,0,0,-1,0,0,0,0,0
6gsy,B,10,ARG,-4.5,173.4,1.0,5,0,-,0.0,-68.7,-53.3,17.0,14.0,0.5483870967741935,4.249358668348533,35,26,16,10,0.053621538444046775,0,0,0,0,0,0,0,0,0,-1,0,0,0,0,0
6gsy,B,11,GLY,-0.4,60.1,0.0,0,0,T,0.023809523809523808,45.9,-129.8,12.0,21.0,0.36363636363636365,2.6613721938645023,32,38,7,31,0.043363505002576956,0,0,0,0,0,1,0,0,0,6,127,15,0,28,1
6gsy,B,12,LEU,3.8,166.7,0.0,0,0,T,0.23780487804878048,-108.8,21.1,16.0,23.0,0.41025641025641024,2.744183425321943,33,35,7,28,0.04149840801321881,0,0,0,0,0,1,0,0,0,-1,0,0,0,0,0
6gsy,B,13,THR,-0.7,116.1,0.0,1,1,T,0.0,-99.6,-9.1,22.0,18.0,0.55,5.983800551696639,40,44,10,34,0.04662742473395372,0,0,0,0,0,1,0,0,0,-1,0,0,0,0,0
6gsy,B,14,HIS,-3.2,153.2,0.1,2,1,H,0.0,-43.3,-54.8,20.0,20.0,0.5,6.058575910375206,41,31,23,8,0.04709369898129325,1,0,0,0,0,0,0,0,0,-1,0,0,0,0,0
6gsy,B,15,PRO,-1.6,112.7,0.0,0,0,H,0.007352941176470588,-59.3,-29.0,25.0,15.0,0.625,9.14546797548249,38,37,16,21,0.050823892960009553,1,0,0,0,0,0,0,0,0,-1,0,0,0,0,0
6gsy,B,16,ILE,4.5,166.7,0.0,0,0,H,0.005917159763313609,-72.4,-48.8,24.0,18.0,0.5714285714285714,7.665694027288362,39,27,12,15,0.04616115048661418,1,0,0,0,0,0,0,0,0,-1,0,0,0,0,0
6gsy,B,17,ARG,-4.5,173.4,1.0,5,0,H,0.0,-55.5,-44.5,19.0,27.0,0.41304347826086957,5.540128868591023,38,39,22,17,0.04662742473395372,1,0,0,0,0,0,0,0,0,18,24,10,0,2,1
6gsy,B,18,LEU,3.8,166.7,0.0,0,0,H,0.0,-65.4,-38.7,21.0,18.0,0.5384615384615384,6.735552907207529,36,33,23,10,0.053155264196707235,1,0,0,0,0,0,0,0,0,-1,0,0,0,0,0
6gsy,B,19,LEU,3.8,166.7,0.0,0,0,H,0.0,-71.8,-42.8,26.0,15.0,0.6341463414634146,5.82562324739347,39,30,19,11,0.048958795970651406,1,0,0,0,0,0,0,0,0,4,874,5,0,49,1
6gsy,B,20,LEU,3.8,166.7,0.0,0,0,H,0.0,-54.6,-47.9,17.0,18.0,0.4857142857142857,4.1490059830503565,34,28,28,0,0.04662742473395372,1,0,0,0,0,0,0,0,0,4,874,5,0,49,1
6gsy,B,21,GLU,-3.5,138.4,-1.0,1,3,H,0.09278350515463918,-58.3,-52.5,17.0,10.0,0.6296296296296297,1.9924809793934548,29,31,11,20,0.048958795970651406,1,0,0,0,0,0,0,0,0,27,24,6,0,1,1
6gsy,B,22,TYR,-1.3,193.6,0.0,1,1,H,0.32432432432432434,-55.9,-44.4,20.0,11.0,0.6451612903225806,2.223751605285108,28,31,17,14,0.04429605349725603,1,0,0,0,0,0,0,0,0,4,874,5,0,49,1
6gsy,B,23,THR,-0.7,116.1,0.0,1,1,T,0.15492957746478872,-73.1,-2.0,19.0,9.0,0.6785714285714286,2.2215056057803393,22,34,17,17,0.0363693912924839,0,0,0,0,0,1,0,0,0,4,874,5,0,49,1
6gsy,B,24,ASP,-3.5,111.1,-1.0,1,3,T,0.7791411042944786,56.0,43.3,1.0,18.0,0.05263157894736842,1.7549520683705253,15,20,9,11,0.030307826077069916,0,0,0,0,0,1,0,0,0,4,874,5,0,49,1
6gsy,B,25,SER,-0.8,89.0,0.0,1,1,-,0.12307692307692308,-73.9,149.7,18.0,4.0,0.8181818181818182,1.9684729214157226,23,22,25,-3,0.0363693912924839,0,0,0,0,0,0,0,0,0,4,874,5,0,49,1
6gsy,B,26,SER,-0.8,89.0,0.0,1,1,-,0.6307692307692307,-92.7,104.0,3.0,15.0,0.16666666666666666,1.9107825234235072,20,7,31,-24,0.027510180593032695,0,0,0,0,0,0,0,0,0,4,874,5,0,49,1
6gsy,B,27,TYR,-1.3,193.6,0.0,1,1,E,0.14864864864864866,-151.9,156.0,19.0,4.0,0.8260869565217391,2.0604376200563297,25,23,34,-11,0.0363693912924839,0,0,1,0,0,0,0,0,0,-1,0,0,0,0,0
6gsy,B,28,GLU,-3.5,138.4,-1.0,1,3,E,0.5463917525773195,-126.7,164.6,2.0,18.0,0.1,2.041456156262955,16,14,9,5,0.030774100324409453,0,0,1,0,0,0,0,0,0,-1,0,0,0,0,0
6gsy,B,29,GLU,-3.5,138.4,-1.0,1,3,E,0.2268041237113402,-126.5,152.6,13.0,13.0,0.5,1.9278098283283254,28,38,12,26,0.03730193978716297,0,0,1,0,0,0,0,0,0,18,24,10,0,2,1
6gsy,B,30,LYS,-3.9,168.6,1.0,2,0,E,0.4292682926829268,-120.1,111.1,10.0,13.0,0.43478260869565216,2.25651062685134,20,10,23,-13,0.03683566553982344,0,0,1,0,0,0,0,0,0,18,24,10,0,2,1
6gsy,B,31,ARG,-4.5,173.4,1.0,5,0,E,0.35080645161290325,-103.7,86.4,10.0,14.0,0.4166666666666667,1.8069554884366121,22,26,13,13,0.03823448828184205,0,0,1,0,0,0,0,0,0,18,24,10,0,2,1
6gsy,B,32,TYR,-1.3,193.6,0.0,1,1,E,0.0,-57.8,136.2,19.0,6.0,0.76,2.582439316416584,28,28,16,12,0.04149840801321881,0,0,1,0,0,0,0,0,0,18,24,10,0,2,1
6gsy,B,33,ALA,1.8,88.6,0.0,0,0,-,0.330188679245283,-103.0,146.8,2.0,18.0,0.1,1.9200852739151464,20,25,12,13,0.03357174580844668,0,0,0,0,0,0,0,0,0,14,98,3,0,3,1
6gsy,B,34,MET,1.9,162.9,0.0,0,0,-,0.2074468085106383,-105.5,130.2,13.0,10.0,0.5652173913043478,2.0544609701629044,25,22,23,-1,0.04196468226055834,0,0,0,0,0,0,0,0,0,14,98,3,0,3,1
6gsy,B,35,GLY,-0.4,60.1,0.0,0,0,-,0.35714285714285715,-63.0,-163.1,9.0,9.0,0.5,1.8747178520303698,18,16,24,-8,0.032639197313767604,0,0,0,0,0,0,0,0,0,14,98,3,0,3,1
6gsy,B,36,ASP,-3.5,111.1,-1.0,1,3,-,0.6319018404907976,-141.8,-175.7,5.0,9.0,0.35714285714285715,1.6719943405097883,12,12,16,-4,0.03170664881908853,0,0,0,0,0,0,0,0,0,10,89,4,0,4,1
6gsy,B,37,ALA,1.8,88.6,0.0,0,0,S,0.5283018867924528,-28.2,135.8,4.0,8.0,0.3333333333333333,1.969767824225731,9,9,22,-13,0.022847438119637322,0,0,0,0,0,0,1,0,0,10,89,4,0,4,1
6gsy,B,38,PRO,-1.6,112.7,0.0,0,0,S,0.8308823529411765,-77.2,-72.0,0.0,9.0,0.0,1.8642955489727064,9,1,21,-20,0.019117244140921023,0,0,0,0,0,0,1,0,0,10,89,4,0,4,1
6gsy,B,39,ASP,-3.5,111.1,-1.0,1,3,S,0.7484662576687117,-47.3,33.0,3.0,8.0,0.2727272727272727,1.6721228229206246,10,7,16,-9,0.022381163872297785,0,0,0,0,0,0,1,0,0,10,89,4,0,4,1
6gsy,B,40,TYR,-1.3,193.6,0.0,1,1,-,0.23873873873873874,-14.8,98.6,6.0,9.0,0.4,2.031446680151463,16,17,24,-7,0.035436842797804825,0,0,0,0,0,0,0,0,0,10,89,4,0,4,1
6gsy,B,41,ASP,-3.5,111.1,-1.0,1,3,-,0.4601226993865031,-70.3,142.2,5.0,13.0,0.2777777777777778,1.7446737375267798,17,14,16,-2,0.03170664881908853,0,0,0,0,0,0,0,0,0,14,98,3,0,3,1
6gsy,B,42,ARG,-4.5,173.4,1.0,5,0,-,0.4032258064516129,-129.5,9.6,7.0,14.0,0.3333333333333333,1.943293700560256,18,8,14,-6,0.03963331102386066,0,0,0,0,0,0,0,0,0,14,98,3,0,3,1
6gsy,B,43,SER,-0.8,89.0,0.0,1,1,H,0.33076923076923076,-43.1,-43.4,5.0,10.0,0.3333333333333333,1.8019289916572434,16,14,18,-4,0.02984155182973038,1,0,0,0,0,0,0,0,0,14,98,3,0,3,1
6gsy,B,44,GLN,-3.5,143.8,0.0,2,2,H,0.51010101010101,-47.9,-42.2,13.0,6.0,0.6842105263157895,1.786027768675991,19,22,16,6,0.040565859518539735,1,0,0,0,0,0,0,0,0,14,98,3,0,3,1
6gsy,B,45,TRP,-0.9,227.8,0.0,1,0,H,0.022026431718061675,-86.8,-46.0,17.0,9.0,0.6538461538461539,3.276296635300906,26,33,11,22,0.048026247475972325,1,0,0,0,0,0,0,0,0,14,98,3,0,3,1
6gsy,B,46,LEU,3.8,166.7,0.0,0,0,H,0.4573170731707317,-66.1,-37.0,4.0,13.0,0.23529411764705882,2.11127471027839,18,25,17,8,0.03730193978716297,1,0,0,0,0,0,0,0,0,-1,0,0,0,0,0
6gsy,B,47,ASN,-3.5,114.1,0.0,2,2,H,0.7707006369426752,-58.4,-24.2,5.0,7.0,0.4166666666666667,1.7673448358630417,13,22,12,10,0.02984155182973038,1,0,0,0,0,0,0,0,0,-1,0,0,0,0,0
6gsy,B,48,GLU,-3.5,138.4,-1.0,1,3,H,0.2268041237113402,-121.9,4.2,7.0,10.0,0.4117647058823529,1.9512213440430142,20,24,0,24,0.0363693912924839,1,0,0,0,0,0,0,0,0,-1,0,0,0,0,0
6gsy,B,49,LYS,-3.9,168.6,1.0,2,0,H,0.1951219512195122,-49.4,-51.8,11.0,12.0,0.4782608695652174,2.2744530114916186,23,15,16,-1,0.045694876239274644,1,0,0,0,0,0,0,0,0,9,89,13,0,15,1
6gsy,B,50,PHE,2.8,189.9,0.0,0,0,T,0.6294416243654822,-92.4,11.6,2.0,14.0,0.125,1.80681934257097,17,21,17,4,0.03310547156110714,0,0,0,0,0,1,0,0,0,9,89,13,0,15,1
6gsy,B,51,LYS,-3.9,168.6,1.0,2,0,T,0.8292682926829268,-103.4,-7.8,4.0,9.0,0.3076923076923077,1.952105249538925,13,8,9,-1,0.025645083603674543,0,0,0,0,0,1,0,0,0,7,220,11,0,28,1
6gsy,B,52,LEU,3.8,166.7,0.0,0,0,S,0.18292682926829268,-94.8,-5.9,19.0,5.0,0.7916666666666666,2.130080764892829,24,29,12,17,0.029375277582390842,0,0,0,0,0,0,1,0,0,7,220,11,0,28,1
6gsy,B,53,GLY,-0.4,60.1,0.0,0,0,-,0.6190476190476191,79.6,34.8,4.0,17.0,0.19047619047619047,1.7096265856148836,21,26,11,15,0.024246260861655933,0,0,0,0,0,0,0,0,0,7,220,11,0,28,1
6gsy,B,54,LEU,3.8,166.7,0.0,0,0,-,0.10365853658536585,-88.8,132.4,18.0,8.0,0.6923076923076923,2.647898729273151,27,26,12,14,0.03776821403450251,0,0,0,0,0,0,0,0,0,7,220,11,0,28,1
6gsy,B,55,ASP,-3.5,111.1,-1.0,1,3,S,0.4785276073619632,-55.4,-53.6,18.0,13.0,0.5806451612903226,1.7350387300618921,26,27,9,18,0.03450429430312575,0,0,0,0,0,0,1,0,0,7,220,11,0,28,1
6gsy,B,56,PHE,2.8,189.9,0.0,0,0,S,0.01015228426395939,-126.5,81.1,20.0,16.0,0.5555555555555556,2.7982030294004945,36,21,24,-3,0.03870076252918159,0,0,0,0,0,0,1,0,0,-1,0,0,0,0,0
6gsy,B,57,PRO,-1.6,112.7,0.0,0,0,-,0.11029411764705882,-42.6,127.6,11.0,20.0,0.3548387096774194,1.9921624879489301,24,15,18,-3,0.045228601991935104,0,0,0,0,0,0,0,0,0,9,89,13,0,15,1
6gsy,B,58,ASN,-3.5,114.1,0.0,2,2,-,0.39490445859872614,-173.9,167.1,12.0,18.0,0.4,2.1935284960204666,30,12,8,4,0.0363693912924839,0,0,0,0,0,0,0,0,0,-1,0,0,0,0,0
6gsy,B,59,LEU,3.8,166.7,0.0,0,0,S,0.0975609756097561,-115.1,124.1,16.0,20.0,0.4444444444444444,2.193710244700555,33,19,2,17,0.04289723075523742,0,0,0,0,0,0,1,0,0,-1,0,0,0,0,0
6gsy,B,60,PRO,-1.6,112.7,0.0,0,0,S,0.04411764705882353,-90.2,156.3,22.0,16.0,0.5789473684210527,2.5966163488261955,34,10,2,8,0.04942507021799094,0,0,0,0,0,0,1,0,0,-1,0,0,0,0,0
6gsy,B,61,TYR,-1.3,193.6,0.0,1,1,E,0.02252252252252252,-121.7,152.8,18.0,23.0,0.43902439024390244,3.8051793637786595,34,28,16,12,0.048958795970651406,0,0,1,0,0,0,0,0,0,-1,0,0,0,0,0
6gsy,B,62,LEU,3.8,166.7,0.0,0,0,E,0.0,-129.0,122.2,19.0,22.0,0.4634146341463415,6.336701983749727,36,18,13,5,0.04989134446533048,0,0,1,0,0,0,0,0,0,-1,0,0,0,0,0
6gsy,B,63,ILE,4.5,166.7,0.0,0,0,E,0.1893491124260355,-109.0,117.3,15.0,14.0,0.5172413793103449,2.8120780333258644,28,19,18,1,0.04149840801321881,0,0,1,0,0,0,0,0,0,-1,0,0,0,0,0
6gsy,B,64,ASP,-3.5,111.1,-1.0,1,3,E,0.20245398773006135,-132.3,88.1,12.0,11.0,0.5217391304347826,1.9099231895592177,23,26,1,25,0.0363693912924839,0,0,1,0,0,0,0,0,0,-1,0,0,0,0,0
6gsy,B,65,GLY,-0.4,60.1,0.0,0,0,T,0.7738095238095238,72.0,-112.4,2.0,11.0,0.15384615384615385,1.7097335351169467,13,22,8,14,0.021914889624958248,0,0,0,0,0,1,0,0,0,-1,0,0,0,0,0
6gsy,B,66,SER,-0.8,89.0,0.0,1,1,T,0.8923076923076924,-92.8,-9.5,1.0,13.0,0.07142857142857142,1.739658574067677,12,20,9,11,0.019117244140921023,0,0,0,0,0,1,0,0,0,41,0,5,0,0,1
6gsy,B,67,ARG,-4.5,173.4,1.0,5,0,E,0.41935483870967744,-90.5,121.5,14.0,10.0,0.5833333333333334,2.123872358799599,19,17,28,-11,0.030307826077069916,0,0,1,0,0,0,0,0,0,41,0,5,0,0,1
6gsy,B,68,LYS,-3.9,168.6,1.0,2,0,E,0.37073170731707317,-116.1,112.7,7.0,22.0,0.2413793103448276,1.9627421162019896,22,10,16,-6,0.040565859518539735,0,0,1,0,0,0,0,0,0,7,220,11,0,28,1
6gsy,B,69,ILE,4.5,166.7,0.0,0,0,E,0.011834319526627219,-109.9,145.0,22.0,19.0,0.5365853658536586,3.6916741576816126,39,28,22,6,0.048026247475972325,0,0,1,0,0,0,0,0,0,-1,0,0,0,0,0
6gsy,B,70,THR,-0.7,116.1,0.0,1,1,E,0.02112676056338028,-126.8,162.2,14.0,25.0,0.358974358974359,3.518861778862894,34,12,15,-3,0.05129016720734909,0,0,1,0,0,0,0,0,0,-1,0,0,0,0,0
6gsy,B,71,GLN,-3.5,143.8,0.0,2,2,S,0.07575757575757576,89.3,103.9,19.0,18.0,0.5135135135135135,2.155042710940558,31,7,23,-16,0.048026247475972325,0,0,0,0,0,0,1,0,0,-1,0,0,0,0,0
6gsy,B,72,SER,-0.8,89.0,0.0,1,1,H,0.06923076923076923,-39.2,-44.8,17.0,21.0,0.4473684210526316,2.3711582178071553,36,17,15,2,0.04196468226055834,1,0,0,0,0,0,0,0,0,-1,0,0,0,0,0
6gsy,B,73,ASN,-3.5,114.1,0.0,2,2,H,0.03821656050955414,-66.7,-48.7,18.0,24.0,0.42857142857142855,2.7308610560409647,30,21,30,-9,0.043829779249916496,1,0,0,0,0,0,0,0,0,-1,0,0,0,0,0
6gsy,B,74,ALA,1.8,88.6,0.0,0,0,H,0.02830188679245283,-61.5,-39.0,19.0,13.0,0.59375,4.959445031483936,32,33,23,10,0.05222271570202816,1,0,0,0,0,0,0,0,0,-1,0,0,0,0,0
6gsy,B,75,ILE,4.5,166.7,0.0,0,0,H,0.0,-55.9,-49.5,23.0,17.0,0.575,5.884186663981871,40,20,12,8,0.048492521723311866,1,0,0,0,0,0,0,0,0,-1,0,0,0,0,0
6gsy,B,76,MET,1.9,162.9,0.0,0,0,H,0.010638297872340425,-58.3,-49.5,21.0,22.0,0.4883720930232558,5.855457475086462,40,30,14,16,0.048026247475972325,1,0,0,0,0,0,0,0,0,-1,0,0,0,0,0
6gsy,B,77,ARG,-4.5,173.4,1.0,5,0,H,0.0967741935483871,-60.8,-34.6,18.0,21.0,0.46153846153846156,2.2439353658923187,28,22,33,-11,0.043829779249916496,1,0,0,0,0,0,0,0,0,33,2,15,0,0,1
6gsy,B,78,TYR,-1.3,193.6,0.0,1,1,H,0.04054054054054054,-59.4,-54.9,23.0,13.0,0.6388888888888888,2.6957544136487726,34,57,23,34,0.04429605349725603,1,0,0,0,0,0,0,0,0,41,0,5,0,0,1
6gsy,B,79,LEU,3.8,166.7,0.0,0,0,H,0.0,-62.1,-32.5,25.0,12.0,0.6756756756756757,5.14990848342158,36,43,11,32,0.04942507021799094,1,0,0,0,0,0,0,0,0,-1,0,0,0,0,0
6gsy,B,80,ALA,1.8,88.6,0.0,0,0,H,0.0,-71.6,-38.7,20.0,12.0,0.625,3.0083581267338833,27,53,6,47,0.04989134446533048,1,0,0,0,0,0,0,0,0,-1,0,0,0,0,0
6gsy,B,81,ARG,-4.5,173.4,1.0,5,0,H,0.1975806451612903,-70.7,-45.8,10.0,14.0,0.4166666666666667,2.2128109238617633,25,56,18,38,0.03776821403450251,1,0,0,0,0,0,0,0,0,33,2,15,0,0,1
6gsy,B,82,LYS,-3.9,168.6,1.0,2,0,H,0.375609756097561,-47.2,-40.9,14.0,7.0,0.6666666666666666,1.9058748808191355,22,42,14,28,0.0363693912924839,1,0,0,0,0,0,0,0,0,-1,0,0,0,0,0
6gsy,B,83,HIS,-3.2,153.2,0.1,2,1,T,0.3641304347826087,-115.3,13.5,14.0,5.0,0.7368421052631579,2.0719038868348183,23,29,7,22,0.02984155182973038,0,0,0,0,0,1,0,0,0,4,874,5,0,49,1
6gsy,B,84,HIS,-3.2,153.2,0.1,2,1,T,0.7880434782608695,59.0,50.0,1.0,17.0,0.05555555555555555,1.8594465209308553,15,30,5,25,0.02611135785101408,0,0,0,0,0,1,0,0,0,-1,0,0,0,0,0
6gsy,B,85,LEU,3.8,166.7,0.0,0,0,-,0.08536585365853659,-112.2,43.5,17.0,11.0,0.6071428571428571,2.716616512365103,24,46,8,38,0.04149840801321881,0,0,0,0,0,0,0,0,0,-1,0,0,0,0,0
6gsy,B,86,CYS,2.5,108.5,0.0,1,0,S,0.31851851851851853,-112.4,162.7,12.0,20.0,0.375,1.875336536299214,26,60,22,38,0.03916703677652112,0,0,0,0,0,0,1,0,0,-1,0,0,0,0,0
6gsy,B,87,GLY,-0.4,60.1,0.0,0,0,-,0.10714285714285714,-67.9,148.3,16.0,12.0,0.5714285714285714,1.8882034776082763,26,44,40,4,0.04149840801321881,0,0,0,0,0,0,0,0,0,26,24,5,0,1,1
6gsy,B,88,GLU,-3.5,138.4,-1.0,1,3,-,0.7731958762886598,-106.4,2.6,5.0,15.0,0.25,1.8246980925032206,14,23,25,-2,0.025645083603674543,0,0,0,0,0,0,0,0,0,26,24,5,0,1,1
6gsy,B,89,THR,-0.7,116.1,0.0,1,1,S,0.3873239436619718,-138.3,168.1,7.0,9.0,0.4375,2.323757982799929,17,29,40,-11,0.027043906345693154,0,0,0,0,0,0,1,0,0,26,24,5,0,1,1
6gsy,B,90,GLU,-3.5,138.4,-1.0,1,3,H,0.211340206185567,-55.7,-46.2,6.0,14.0,0.3,2.101008513813519,19,46,29,17,0.03403802005578621,1,0,0,0,0,0,0,0,0,40,0,5,0,0,1
6gsy,B,91,GLU,-3.5,138.4,-1.0,1,3,H,0.6649484536082474,-58.2,-39.5,4.0,18.0,0.18181818181818182,1.8935060508421335,24,43,26,17,0.034970568550465285,1,0,0,0,0,0,0,0,0,40,0,5,0,0,1
6gsy,B,92,GLU,-3.5,138.4,-1.0,1,3,H,0.13402061855670103,-71.4,-44.2,15.0,12.0,0.5555555555555556,2.3219780069630502,26,41,41,0,0.043829779249916496,1,0,0,0,0,0,0,0,0,26,24,5,0,1,1
6gsy,B,93,ARG,-4.5,173.4,1.0,5,0,H,0.3951612903225806,-59.0,-40.8,9.0,20.0,0.3103448275862069,2.0174927276074497,22,35,41,-6,0.043363505002576956,1,0,0,0,0,0,0,0,0,-1,0,0,0,0,0
6gsy,B,94,ILE,4.5,166.7,0.0,0,0,H,0.08875739644970414,-65.8,-45.6,14.0,21.0,0.4,2.7388172612471258,31,54,36,18,0.04429605349725603,1,0,0,0,0,0,0,0,0,40,0,5,0,0,1
6gsy,B,95,ARG,-4.5,173.4,1.0,5,0,H,0.08870967741935484,-62.6,-42.8,18.0,22.0,0.45,2.545797480925084,34,18,42,-24,0.043363505002576956,1,0,0,0,0,0,0,0,0,20,24,8,0,2,1
6gsy,B,96,ALA,1.8,88.6,0.0,0,0,H,0.02830188679245283,-58.5,-52.3,25.0,20.0,0.5555555555555556,3.1192429578784155,38,38,42,-4,0.048958795970651406,1,0,0,0,0,0,0,0,0,-1,0,0,0,0,0
6gsy,B,97,ASP,-3.5,111.1,-1.0,1,3,H,0.03680981595092025,-54.9,-46.0,16.0,21.0,0.43243243243243246,3.014370362166211,32,40,26,14,0.048026247475972325,1,0,0,0,0,0,0,0,0,33,2,15,0,0,1
6gsy,B,98,ILE,4.5,166.7,0.0,0,0,H,0.029585798816568046,-63.3,-54.4,17.0,21.0,0.4473684210526316,4.300242434890928,38,25,32,-7,0.04989134446533048,1,0,0,0,0,0,0,0,0,-1,0,0,0,0,0
6gsy,B,99,VAL,4.2,140.0,0.0,0,0,H,0.0,-54.3,-47.2,21.0,20.0,0.5121951219512195,6.065342260608865,38,15,31,-16,0.05175644145468863,1,0,0,0,0,0,0,0,0,-1,0,0,0,0,0
6gsy,B,100,GLU,-3.5,138.4,-1.0,1,3,H,0.0,-49.8,-50.4,20.0,20.0,0.5,4.024953769271903,30,26,16,10,0.048958795970651406,1,0,0,0,0,0,0,0,0,33,2,15,0,0,1
6gsy,B,101,ASN,-3.5,114.1,0.0,2,2,H,0.06369426751592357,-66.3,-44.1,18.0,16.0,0.5294117647058824,2.0782845695882846,28,19,29,-10,0.04662742473395372,1,0,0,0,0,0,0,0,0,-1,0,0,0,0,0
6gsy,B,102,GLN,-3.5,143.8,0.0,2,2,H,0.08585858585858586,-53.5,-48.0,22.0,12.0,0.6470588235294118,3.0189665060912594,31,16,21,-5,0.04243095650789788,1,0,0,0,0,0,0,0,0,-1,0,0,0,0,0
6gsy,B,103,VAL,4.2,140.0,0.0,0,0,H,0.0,-53.1,-50.8,20.0,16.0,0.5555555555555556,5.5143361889662765,34,11,30,-19,0.04942507021799094,1,0,0,0,0,0,0,0,0,-1,0,0,0,0,0
6gsy,B,104,MET,1.9,162.9,0.0,0,0,H,0.18617021276595744,-57.1,-42.7,15.0,17.0,0.46875,2.247152693407652,26,11,22,-11,0.040099585271200194,1,0,0,0,0,0,0,0,0,-1,0,0,0,0,0
6gsy,B,105,ASP,-3.5,111.1,-1.0,1,3,H,0.39263803680981596,-61.2,-50.0,9.0,15.0,0.375,1.7798013179189411,23,15,4,11,0.03776821403450251,1,0,0,0,0,0,0,0,0,-1,0,0,0,0,0
6gsy,B,106,ASN,-3.5,114.1,0.0,2,2,H,0.03184713375796178,-65.2,-40.8,20.0,11.0,0.6451612903225806,2.8234770463463494,32,20,13,7,0.045694876239274644,1,0,0,0,0,0,0,0,0,-1,0,0,0,0,0
6gsy,B,107,ARG,-4.5,173.4,1.0,5,0,H,0.008064516129032258,-56.7,-45.5,18.0,14.0,0.5625,4.874383373606728,33,10,19,-9,0.048958795970651406,1,0,0,0,0,0,0,0,0,-1,0,0,0,0,0
6gsy,B,108,MET,1.9,162.9,0.0,0,0,H,0.4574468085106383,-70.9,-38.0,6.0,13.0,0.3157894736842105,2.141515424711822,21,11,9,2,0.03590311704514436,1,0,0,0,0,0,0,0,0,-1,0,0,0,0,0
6gsy,B,109,GLN,-3.5,143.8,0.0,2,2,H,0.398989898989899,-52.4,-45.6,11.0,10.0,0.5238095238095238,1.800553059407721,21,14,8,6,0.03870076252918159,1,0,0,0,0,0,0,0,0,21,17,11,0,2,1
6gsy,B,110,LEU,3.8,166.7,0.0,0,0,H,0.006097560975609756,-58.6,-45.3,21.0,15.0,0.5833333333333334,4.850962363244078,30,14,5,9,0.043829779249916496,1,0,0,0,0,0,0,0,0,-1,0,0,0,0,0
6gsy,B,111,ILE,4.5,166.7,0.0,0,0,H,0.10650887573964497,-67.1,-42.3,12.0,16.0,0.42857142857142855,2.299684146881319,27,8,3,5,0.040565859518539735,1,0,0,0,0,0,0,0,0,6,127,15,0,28,1
6gsy,B,112,MET,1.9,162.9,0.0,0,0,H,0.5638297872340425,-48.4,-48.8,8.0,15.0,0.34782608695652173,1.9260206698349804,17,3,2,1,0.03310547156110714,1,0,0,0,0,0,0,0,0,-1,0,0,0,0,0
6gsy,B,113,LEU,3.8,166.7,0.0,0,0,H,0.07926829268292683,-64.7,-35.8,16.0,11.0,0.5925925925925926,2.424307861007752,28,14,14,0,0.04149840801321881,1,0,0,0,0,0,0,0,0,0,4749,8,0,595,1
6gsy,B,114,CYS,2.5,108.5,0.0,1,0,H,0.007407407407407408,-81.2,-55.7,16.0,12.0,0.5714285714285714,3.839107646525592,29,10,7,3,0.048492521723311866,1,0,0,0,0,0,0,0,0,0,4749,8,0,595,1
6gsy,B,115,TYR,-1.3,193.6,0.0,1,1,S,0.4144144144144144,-83.6,116.3,7.0,15.0,0.3181818181818182,1.8816614117473758,23,5,0,5,0.03683566553982344,0,0,0,0,0,0,1,0,0,6,127,15,0,28,1
6gsy,B,116,ASN,-3.5,114.1,0.0,2,2,S,0.5095541401273885,-175.2,-164.5,13.0,5.0,0.7222222222222222,1.7220256243657983,19,4,11,-7,0.02984155182973038,0,0,0,0,0,0,1,0,0,-1,0,0,0,0,0
6gsy,B,117,PRO,-1.6,112.7,0.0,0,0,S,0.7205882352941176,-92.2,-64.2,0.0,14.0,0.0,1.920102228877895,14,10,13,-3,0.01818469564624195,0,0,0,0,0,0,1,0,0,-1,0,0,0,0,0
6gsy,B,118,ASP,-3.5,111.1,-1.0,1,3,-,0.6257668711656442,-115.8,65.1,2.0,12.0,0.14285714285714285,1.680217934399633,12,15,9,6,0.029375277582390842,0,0,0,0,0,0,0,0,0,-1,0,0,0,0,0
6gsy,B,119,PHE,2.8,189.9,0.0,0,0,S,0.1116751269035533,-44.7,-24.5,11.0,9.0,0.55,2.3323152122110224,23,15,18,-3,0.04243095650789788,0,0,0,0,0,0,1,0,0,0,4749,8,0,595,1
6gsy,B,120,GLU,-3.5,138.4,-1.0,1,3,S,0.6597938144329897,-93.9,-49.1,0.0,16.0,0.0,1.7338088707938235,15,17,9,8,0.030307826077069916,0,0,0,0,0,0,1,0,0,-1,0,0,0,0,0
6gsy,B,121,LYS,-3.9,168.6,1.0,2,0,T,0.8,-80.6,52.4,2.0,10.0,0.16666666666666666,1.870654434235535,10,7,23,-16,0.025645083603674543,0,0,0,0,0,1,0,0,0,25,24,7,0,1,1
6gsy,B,122,GLN,-3.5,143.8,0.0,2,2,T,0.6464646464646465,171.4,3.3,7.0,9.0,0.4375,1.938726887769649,16,23,25,-2,0.03403802005578621,0,0,0,0,0,1,0,0,0,25,24,7,0,1,1
6gsy,B,123,LYS,-3.9,168.6,1.0,2,0,H,0.16097560975609757,-53.4,-94.5,7.0,13.0,0.35,2.4376353572563194,19,13,24,-11,0.03823448828184205,1,0,0,0,0,0,0,0,0,0,4749,8,0,595,1
6gsy,B,124,PRO,-1.6,112.7,0.0,0,0,H,0.5220588235294118,-22.8,-78.2,1.0,14.0,0.06666666666666667,2.2047076794433305,15,24,24,0,0.028909003335051305,1,0,0,0,0,0,0,0,0,-1,0,0,0,0,0
6gsy,B,125,GLU,-3.5,138.4,-1.0,1,3,H,0.7628865979381443,-25.6,-37.4,3.0,10.0,0.23076923076923078,1.7739867073456526,12,21,2,19,0.028909003335051305,1,0,0,0,0,0,0,0,0,25,24,7,0,1,1
6gsy,B,126,PHE,2.8,189.9,0.0,0,0,H,0.17258883248730963,-99.9,-3.0,12.0,12.0,0.5,2.1954764294682416,24,25,14,11,0.03590311704514436,1,0,0,0,0,0,0,0,0,21,17,11,0,2,1
6gsy,B,127,LEU,3.8,166.7,0.0,0,0,H,0.09146341463414634,-83.5,-41.5,13.0,14.0,0.48148148148148145,2.1965704328081124,22,22,18,4,0.04289723075523742,1,0,0,0,0,0,0,0,0,17,24,9,0,2,1
6gsy,B,128,LYS,-3.9,168.6,1.0,2,0,T,0.6536585365853659,-65.2,-5.1,5.0,12.0,0.29411764705882354,1.9327762027391227,12,11,18,-7,0.030307826077069916,0,0,0,0,0,1,0,0,0,24,24,6,0,1,1
6gsy,B,129,THR,-0.7,116.1,0.0,1,1,T,0.3591549295774648,-93.6,-34.1,8.0,13.0,0.38095238095238093,2.1601313891433147,21,21,22,-1,0.03403802005578621,0,0,0,0,0,1,0,0,0,21,17,11,0,2,1
6gsy,B,130,ILE,4.5,166.7,0.0,0,0,H,0.0,-43.8,-63.3,19.0,12.0,0.6129032258064516,4.05466850409559,32,30,20,10,0.043363505002576956,1,0,0,0,0,0,0,0,0,21,17,11,0,2,1
6gsy,B,131,PRO,-1.6,112.7,0.0,0,0,H,0.4117647058823529,-29.4,-55.2,6.0,19.0,0.24,2.085427575604011,23,29,23,6,0.03823448828184205,1,0,0,0,0,0,0,0,0,17,24,9,0,2,1
6gsy,B,132,GLU,-3.5,138.4,-1.0,1,3,H,0.7268041237113402,-75.7,-16.9,4.0,16.0,0.2,1.7191948521268698,20,23,5,18,0.03310547156110714,1,0,0,0,0,0,0,0,0,17,24,9,0,2,1
6gsy,B,133,LYS,-3.9,168.6,1.0,2,0,H,0.13658536585365855,-73.8,-42.0,17.0,15.0,0.53125,2.110714583466796,28,12,13,-1,0.04196468226055834,1,0,0,0,0,0,0,0,0,21,17,11,0,2,1
6gsy,B,134,MET,1.9,162.9,0.0,0,0,H,0.0,-51.8,-47.5,22.0,15.0,0.5945945945945946,4.355433485947883,34,26,22,4,0.04755997322863279,1,0,0,0,0,0,0,0,0,17,24,9,0,2,1
6gsy,B,135,LYS,-3.9,168.6,1.0,2,0,H,0.40487804878048783,-54.7,-44.8,5.0,19.0,0.20833333333333334,2.4557140326910147,22,6,20,-14,0.040565859518539735,1,0,0,0,0,0,0,0,0,15,24,11,0,3,1
6gsy,B,136,LEU,3.8,166.7,0.0,0,0,H,0.3170731707317073,-57.1,-51.6,16.0,12.0,0.5714285714285714,2.109813878126796,28,18,26,-8,0.04616115048661418,1,0,0,0,0,0,0,0,0,-1,0,0,0,0,0
6gsy,B,137,TYR,-1.3,193.6,0.0,1,1,H,0.0045045045045045045,-56.3,-46.9,24.0,14.0,0.631578947368421,3.2607268720063196,34,17,18,-1,0.048492521723311866,1,0,0,0,0,0,0,0,0,-1,0,0,0,0,0
6gsy,B,138,SER,-0.8,89.0,0.0,1,1,H,0.07692307692307693,-49.4,-57.5,15.0,16.0,0.4838709677419355,2.2620772732734826,27,25,14,11,0.048026247475972325,1,0,0,0,0,0,0,0,0,-1,0,0,0,0,0
6gsy,B,139,GLU,-3.5,138.4,-1.0,1,3,H,0.6288659793814433,-65.9,-38.2,8.0,14.0,0.36363636363636365,1.74647682707218,21,16,11,5,0.03683566553982344,1,0,0,0,0,0,0,0,0,-1,0,0,0,0,0
6gsy,B,140,PHE,2.8,189.9,0.0,0,0,H,0.030456852791878174,-55.6,-51.1,17.0,13.0,0.5666666666666667,2.3312188934408478,35,28,22,6,0.04196468226055834,1,0,0,0,0,0,0,0,0,-1,0,0,0,0,0
6gsy,B,141,LEU,3.8,166.7,0.0,0,0,H,0.006097560975609756,-64.6,-54.8,18.0,12.0,0.6,2.6097538640580606,30,32,14,18,0.04616115048661418,1,0,0,0,0,0,0,0,0,-1,0,0,0,0,0
6gsy,B,142,GLY,-0.4,60.1,0.0,0,0,T,0.30952380952380953,64.6,-118.5,6.0,17.0,0.2608695652173913,1.8198820709688173,24,33,13,20,0.03124037457174899,0,0,0,0,0,1,0,0,0,-1,0,0,0,0,0
6gsy,B,143,LYS,-3.9,168.6,1.0,2,0,T,1.0,-108.1,4.4,0.0,19.0,0.0,1.8706275205046425,13,15,5,10,0.025178809356335007,0,0,0,0,0,1,0,0,0,-1,0,0,0,0,0
6gsy,B,144,ARG,-4.5,173.4,1.0,5,0,-,0.375,-75.0,143.3,15.0,6.0,0.7142857142857143,1.8888676604663575,21,24,22,2,0.03310547156110714,0,0,0,0,0,0,0,0,0,20,24,8,0,2,1
6gsy,B,145,PRO,-1.6,112.7,0.0,0,0,S,0.38235294117647056,-61.0,-41.0,6.0,18.0,0.25,2.240490695702699,20,38,18,20,0.035436842797804825,0,0,0,0,0,0,1,0,0,-1,0,0,0,0,0
6gsy,B,146,TRP,-0.9,227.8,0.0,1,0,B,0.12334801762114538,-131.2,150.3,16.0,19.0,0.45714285714285713,3.326155737767474,27,30,17,13,0.048492521723311866,0,1,0,0,0,0,0,0,0,1,4498,10,0,581,1
6gsy,B,147,PHE,2.8,189.9,0.0,0,0,T,0.0,-56.0,-28.7,23.0,17.0,0.575,5.802697641342267,40,31,17,14,0.05595290968074446,0,0,0,0,0,1,0,0,0,-1,0,0,0,0,0
6gsy,B,148,ALA,1.8,88.6,0.0,0,0,T,0.018867924528301886,-105.6,33.0,23.0,11.0,0.6764705882352942,2.6989390540456206,29,37,41,-4,0.05129016720734909,0,0,0,0,0,1,0,0,0,-1,0,0,0,0,0
6gsy,B,149,GLY,-0.4,60.1,0.0,0,0,B,0.11904761904761904,89.4,-127.9,12.0,14.0,0.46153846153846156,2.0102520555015446,26,39,33,6,0.03916703677652112,0,1,0,0,0,0,0,0,0,-1,0,0,0,0,0
6gsy,B,150,ASP,-3.5,111.1,-1.0,1,3,S,0.852760736196319,-55.8,-58.4,2.0,18.0,0.1,1.672111371480386,17,23,18,5,0.027510180593032695,0,0,0,0,0,0,1,0,0,-1,0,0,0,0,0
6gsy,B,151,LYS,-3.9,168.6,1.0,2,0,S,0.37073170731707317,-99.2,151.0,9.0,11.0,0.45,2.206703369494875,24,8,31,-23,0.03310547156110714,0,0,0,0,0,0,1,0,0,-1,0,0,0,0,0
6gsy,B,152,VAL,4.2,140.0,0.0,0,0,-,0.09154929577464789,-66.6,132.1,15.0,17.0,0.46875,2.120920179621978,27,18,16,2,0.04429605349725603,0,0,0,0,0,0,0,0,0,-1,0,0,0,0,0
6gsy,B,153,THR,-0.7,116.1,0.0,1,1,-,0.007042253521126761,-128.4,174.6,19.0,19.0,0.5,4.334076232912506,36,22,26,-4,0.04755997322863279,0,0,0,0,0,0,0,0,0,-1,0,0,0,0,0
6gsy,B,154,TYR,-1.3,193.6,0.0,1,1,T,0.02252252252252252,-64.2,-21.9,22.0,22.0,0.5,3.895699570240628,37,29,27,2,0.045694876239274644,0,0,0,0,0,1,0,0,0,33,2,15,0,0,1
6gsy,B,155,VAL,4.2,140.0,0.0,0,0,T,0.0,-72.6,-26.9,20.0,21.0,0.4878048780487805,5.855943496522217,41,19,28,-9,0.048492521723311866,0,0,0,0,0,1,0,0,0,-1,0,0,0,0,0
6gsy,B,156,ASP,-3.5,111.1,-1.0,1,3,H,0.0,-59.6,-40.2,24.0,22.0,0.5217391304347826,7.301104752874451,39,14,9,5,0.050823892960009553,1,0,0,0,0,0,0,0,0,-1,0,0,0,0,0
6gsy,B,157,PHE,2.8,189.9,0.0,0,0,H,0.0,-68.1,-32.8,22.0,22.0,0.5,7.622327749553255,35,18,20,-2,0.050823892960009553,1,0,0,0,0,0,0,0,0,-1,0,0,0,0,0
6gsy,B,158,LEU,3.8,166.7,0.0,0,0,H,0.018292682926829267,-77.0,-38.0,21.0,21.0,0.5,8.424681653376902,37,19,26,-7,0.05129016720734909,1,0,0,0,0,0,0,0,0,-1,0,0,0,0,0
6gsy,B,159,ALA,1.8,88.6,0.0,0,0,H,0.0,-62.0,-49.9,21.0,18.0,0.5384615384615384,8.329497501553464,37,9,27,-18,0.04989134446533048,1,0,0,0,0,0,0,0,0,-1,0,0,0,0,0
6gsy,B,160,TYR,-1.3,193.6,0.0,1,1,H,0.0045045045045045045,-47.8,-48.8,21.0,17.0,0.5526315789473685,4.0443312457491185,36,26,32,-6,0.05129016720734909,1,0,0,0,0,0,0,0,0,1,4498,10,0,581,1
6gsy,B,161,ASP,-3.5,111.1,-1.0,1,3,H,0.0,-60.3,-52.3,22.0,14.0,0.6111111111111112,6.485259400873385,39,33,13,20,0.050823892960009553,1,0,0,0,0,0,0,0,0,-1,0,0,0,0,0
6gsy,B,162,ILE,4.5,166.7,0.0,0,0,H,0.0,-63.1,-47.7,21.0,19.0,0.525,6.4564080402370285,41,31,23,8,0.050823892960009553,1,0,0,0,0,0,0,0,0,-1,0,0,0,0,0
6gsy,B,163,LEU,3.8,166.7,0.0,0,0,H,0.0,-65.2,-26.3,20.0,21.0,0.4878048780487805,5.062635976914102,39,25,21,4,0.04989134446533048,1,0,0,0,0,0,0,0,0,19,24,10,0,2,1
6gsy,B,164,ASP,-3.5,111.1,-1.0,1,3,H,0.12883435582822086,-73.8,-41.8,17.0,17.0,0.5,1.9404814834773907,35,25,19,6,0.04709369898129325,1,0,0,0,0,0,0,0,0,19,24,10,0,2,1
6gsy,B,165,GLN,-3.5,143.8,0.0,2,2,H,0.010101010101010102,-67.9,-46.1,19.0,15.0,0.5588235294117647,5.26749057866001,35,36,19,17,0.04476232774459557,1,0,0,0,0,0,0,0,0,-1,0,0,0,0,0
6gsy,B,166,TYR,-1.3,193.6,0.0,1,1,H,0.0,-55.9,-42.5,24.0,12.0,0.6666666666666666,5.44959895842699,39,24,27,-3,0.048026247475972325,1,0,0,0,0,0,0,0,0,21,17,11,0,2,1
6gsy,B,167,HIS,-3.2,153.2,0.1,2,1,H,0.28804347826086957,-58.3,-43.8,11.0,14.0,0.44,2.004144287954407,23,18,26,-8,0.045694876239274644,1,0,0,0,0,0,0,0,0,19,24,10,0,2,1
6gsy,B,168,ILE,4.5,166.7,0.0,0,0,H,0.40828402366863903,-56.9,-48.1,11.0,11.0,0.5,1.9545952015216843,23,16,20,-4,0.03590311704514436,1,0,0,0,0,0,0,0,0,19,24,10,0,2,1
6gsy,B,169,PHE,2.8,189.9,0.0,0,0,H,0.17766497461928935,-84.6,-1.7,18.0,8.0,0.6923076923076923,2.3777913447368735,25,17,12,5,0.03730193978716297,1,0,0,0,0,0,0,0,0,0,4749,8,0,595,1
6gsy,B,170,GLU,-3.5,138.4,-1.0,1,3,-,0.26804123711340205,-156.9,76.8,17.0,4.0,0.8095238095238095,2.2896802871504067,23,26,7,19,0.03823448828184205,0,0,0,0,0,0,0,0,0,19,24,10,0,2,1
6gsy,B,171,PRO,-1.6,112.7,0.0,0,0,T,0.6397058823529411,-52.0,-23.0,0.0,17.0,0.0,2.002045918976259,17,22,17,5,0.030307826077069916,0,0,0,0,0,1,0,0,0,19,24,10,0,2,1
6gsy,B,172,LYS,-3.9,168.6,1.0,2,0,T,0.5804878048780487,-105.6,-24.2,3.0,18.0,0.14285714285714285,1.9926423291115793,14,14,17,-3,0.028909003335051305,0,0,0,0,0,1,0,0,0,-1,0,0,0,0,0
6gsy,B,173,CYS,2.5,108.5,0.0,1,0,T,0.06666666666666667,-30.9,-25.4,19.0,8.0,0.7037037037037037,2.3814562308765934,28,39,23,16,0.04429605349725603,0,0,0,0,0,1,0,0,0,17,24,9,0,2,1
6gsy,B,174,LEU,3.8,166.7,0.0,0,0,T,0.0,-103.3,-8.7,17.0,13.0,0.5666666666666667,3.2438182301750706,28,32,22,10,0.045228601991935104,0,0,0,0,0,1,0,0,0,19,24,10,0,2,1
6gsy,B,175,ASP,-3.5,111.1,-1.0,1,3,T,0.6319018404907976,-39.3,-44.1,4.0,14.0,0.2222222222222222,1.6842733148572893,14,21,4,17,0.027510180593032695,0,0,0,0,0,1,0,0,0,-1,0,0,0,0,0
6gsy,B,176,ALA,1.8,88.6,0.0,0,0,T,0.7075471698113207,-77.3,-10.1,8.0,10.0,0.4444444444444444,1.809489798338248,14,23,9,14,0.022381163872297785,0,0,0,0,0,1,0,0,0,-1,0,0,0,0,0
6gsy,B,177,PHE,2.8,189.9,0.0,0,0,-,0.1065989847715736,-121.2,84.2,21.0,6.0,0.7777777777777778,2.1045022675829332,24,24,20,4,0.03730193978716297,0,0,0,0,0,0,0,0,0,-1,0,0,0,0,0
6gsy,B,178,PRO,-1.6,112.7,0.0,0,0,H,0.6544117647058824,-45.2,-66.9,2.0,19.0,0.09523809523809523,1.9775908086463798,20,16,16,0,0.02984155182973038,1,0,0,0,0,0,0,0,0,-1,0,0,0,0,0
6gsy,B,179,ASN,-3.5,114.1,0.0,2,2,H,0.24203821656050956,-42.4,-35.5,14.0,13.0,0.5185185185185185,1.836403451665257,27,33,16,17,0.03730193978716297,1,0,0,0,0,0,0,0,0,-1,0,0,0,0,0
6gsy,B,180,LEU,3.8,166.7,0.0,0,0,H,0.0,-72.0,-43.7,21.0,17.0,0.5526315789473685,4.206151168358613,33,27,17,10,0.04616115048661418,1,0,0,0,0,0,0,0,0,-1,0,0,0,0,0
6gsy,B,181,LYS,-3.9,168.6,1.0,2,0,H,0.43414634146341463,-62.6,-40.3,8.0,19.0,0.2962962962962963,2.0459406629828774,23,15,19,-4,0.035436842797804825,1,0,0,0,0,0,0,0,0,19,24,10,0,2,1
6gsy,B,182,ASP,-3.5,111.1,-1.0,1,3,H,0.5950920245398773,-66.7,-29.6,10.0,14.0,0.4166666666666667,1.792990336774314,18,25,2,23,0.032639197313767604,1,0,0,0,0,0,0,0,0,-1,0,0,0,0,0
6gsy,B,183,PHE,2.8,189.9,0.0,0,0,H,0.0,-71.9,-51.7,22.0,9.0,0.7096774193548387,4.336284003298752,32,22,29,-7,0.04616115048661418,1,0,0,0,0,0,0,0,0,1,4498,10,0,581,1
6gsy,B,184,LEU,3.8,166.7,0.0,0,0,H,0.07317073170731707,-53.4,-46.1,13.0,18.0,0.41935483870967744,2.4013333416144182,30,29,31,-2,0.045694876239274644,1,0,0,0,0,0,0,0,0,19,24,10,0,2,1
6gsy,B,185,ALA,1.8,88.6,0.0,0,0,H,0.6132075471698113,-66.3,-43.4,5.0,13.0,0.2777777777777778,1.767549303760323,21,21,18,3,0.03170664881908853,1,0,0,0,0,0,0,0,0,1,4498,10,0,581,1
6gsy,B,186,ARG,-4.5,173.4,1.0,5,0,H,0.36693548387096775,-77.9,1.1,7.0,13.0,0.35,1.8624205809291696,22,9,21,-12,0.035436842797804825,1,0,0,0,0,0,0,0,0,1,4498,10,0,581,1
6gsy,B,187,PHE,2.8,189.9,0.0,0,0,H,0.0,-95.9,-51.1,22.0,12.0,0.6470588235294118,5.208901975136057,37,21,28,-7,0.045228601991935104,1,0,0,0,0,0,0,0,0,1,4498,10,0,581,1
6gsy,B,188,GLU,-3.5,138.4,-1.0,1,3,H,0.31443298969072164,-51.2,-16.2,8.0,16.0,0.3333333333333333,2.068219297927557,27,20,11,9,0.03683566553982344,1,0,0,0,0,0,0,0,0,1,4498,10,0,581,1
6gsy,B,189,GLY,-0.4,60.1,0.0,0,0,T,0.5952380952380952,-96.0,-14.7,6.0,11.0,0.35294117647058826,1.764331802541359,20,22,11,11,0.030774100324409453,0,0,0,0,0,1,0,0,0,1,4498,10,0,581,1
6gsy,B,190,LEU,3.8,166.7,0.0,0,0,S,0.1951219512195122,-63.0,136.1,12.0,10.0,0.5454545454545454,2.212010970289139,23,26,12,14,0.034970568550465285,0,0,0,0,0,0,1,0,0,1,4498,10,0,581,1
6gsy,B,191,LYS,-3.9,168.6,1.0,2,0,H,0.6829268292682927,-47.2,-49.5,2.0,15.0,0.11764705882352941,1.9319906677242464,15,12,12,0,0.025645083603674543,1,0,0,0,0,0,0,0,0,-1,0,0,0,0,0
6gsy,B,192,LYS,-3.9,168.6,1.0,2,0,H,0.3170731707317073,-78.6,-20.4,9.0,12.0,0.42857142857142855,2.0078870993063282,22,16,19,-3,0.03730193978716297,1,0,0,0,0,0,0,0,0,-1,0,0,0,0,0
6gsy,B,193,ILE,4.5,166.7,0.0,0,0,H,0.0,-72.4,-46.2,13.0,15.0,0.4642857142857143,3.8938795648163578,29,36,19,17,0.05035761871267001,1,0,0,0,0,0,0,0,0,-1,0,0,0,0,0
6gsy,B,194,SER,-0.8,89.0,0.0,1,1,H,0.4307692307692308,-46.0,-66.4,6.0,13.0,0.3157894736842105,1.9771594856307517,21,30,13,17,0.03450429430312575,1,0,0,0,0,0,0,0,0,-1,0,0,0,0,0
6gsy,B,195,ALA,1.8,88.6,0.0,0,0,H,0.3113207547169811,-48.0,-44.1,6.0,12.0,0.3333333333333333,1.8388205742905366,18,36,11,25,0.03170664881908853,1,0,0,0,0,0,0,0,0,27,24,6,0,1,1
6gsy,B,196,TYR,-1.3,193.6,0.0,1,1,H,0.0045045045045045045,-62.0,-41.8,17.0,7.0,0.7083333333333334,3.5388705306638486,29,50,14,36,0.04476232774459557,1,0,0,0,0,0,0,0,0,27,24,6,0,1,1
6gsy,B,197,MET,1.9,162.9,0.0,0,0,H,0.31382978723404253,-67.4,-20.5,10.0,12.0,0.45454545454545453,2.195504457602294,22,28,16,12,0.034970568550465285,1,0,0,0,0,0,0,0,0,-1,0,0,0,0,0
6gsy,B,198,LYS,-3.9,168.6,1.0,2,0,H,0.7707317073170732,-87.1,-17.7,5.0,9.0,0.35714285714285715,1.9090029450831116,14,13,2,11,0.026577632098353617,1,0,0,0,0,0,0,0,0,-1,0,0,0,0,0
6gsy,B,199,SER,-0.8,89.0,0.0,1,1,S,0.2230769230769231,-76.8,168.7,10.0,3.0,0.7692307692307693,2.024277227484674,15,25,5,20,0.030307826077069916,0,0,0,0,0,0,1,0,0,27,24,6,0,1,1
6gsy,B,200,SER,-0.8,89.0,0.0,1,1,S,0.9307692307692308,-75.4,-18.8,0.0,9.0,0.0,1.7396478301814833,12,21,4,17,0.02098234113027917,0,0,0,0,0,0,1,0,0,27,24,6,0,1,1
6gsy,B,201,ARG,-4.5,173.4,1.0,5,0,S,0.4153225806451613,-72.7,-30.5,13.0,9.0,0.5909090909090909,1.9750065055199462,21,21,18,3,0.032639197313767604,0,0,0,0,0,0,1,0,0,27,24,6,0,1,1
6gsy,B,202,TYR,-1.3,193.6,0.0,1,1,-,0.22522522522522523,-59.6,131.9,10.0,13.0,0.43478260869565216,2.292276749127545,25,51,13,38,0.04243095650789788,0,0,0,0,0,0,0,0,0,-1,0,0,0,0,0
6gsy,B,203,LEU,3.8,166.7,0.0,0,0,-,0.12195121951219512,-137.6,99.3,16.0,8.0,0.6666666666666666,2.253273173402096,26,44,5,39,0.040099585271200194,0,0,0,0,0,0,0,0,0,18,24,10,0,2,1
6gsy,B,204,SER,-0.8,89.0,0.0,1,1,-,0.3,-89.9,-32.7,8.0,21.0,0.27586206896551724,2.2237022821840884,27,33,12,21,0.032172923066428064,0,0,0,0,0,0,0,0,0,-1,0,0,0,0,0
6gsy,B,205,THR,-0.7,116.1,0.0,1,1,-,0.43661971830985913,-150.3,164.6,7.0,17.0,0.2916666666666667,1.9007829797138924,22,25,2,23,0.03403802005578621,0,0,0,0,0,0,0,0,0,-1,0,0,0,0,0
6gsy,B,206,PRO,-1.6,112.7,0.0,0,0,-,0.22794117647058823,-69.2,160.4,13.0,11.0,0.5416666666666666,2.7267147750499388,25,31,0,31,0.03870076252918159,0,0,0,0,0,0,0,0,0,-1,0,0,0,0,0
6gsy,B,207,ILE,4.5,166.7,0.0,0,0,S,0.0,-85.2,-40.1,17.0,17.0,0.5,4.194378441807335,34,29,9,20,0.04662742473395372,0,0,0,0,0,0,1,0,0,6,127,15,0,28,1
6gsy,B,208,PHE,2.8,189.9,0.0,0,0,S,0.06598984771573604,-141.7,129.5,13.0,19.0,0.40625,2.6199916176489464,31,23,0,23,0.04709369898129325,0,0,0,0,0,0,1,0,0,6,127,15,0,28,1
6gsy,B,209,SER,-0.8,89.0,0.0,1,1,-,0.07692307692307693,-4.0,160.6,14.0,15.0,0.4827586206896552,2.1049704708469608,27,19,5,14,0.04476232774459557,0,0,0,0,0,0,0,0,0,6,127,15,0,28,1
6gsy,B,210,LYS,-3.9,168.6,1.0,2,0,T,0.2926829268292683,-38.9,-66.8,10.0,16.0,0.38461538461538464,1.9190510472070612,23,8,10,-2,0.03730193978716297,0,0,0,0,0,1,0,0,0,-1,0,0,0,0,0
6gsy,B,211,LEU,3.8,166.7,0.0,0,0,T,0.5487804878048781,-27.8,-67.2,14.0,11.0,0.56,1.936777860778025,21,11,12,-1,0.032172923066428064,0,0,0,0,0,1,0,0,0,10,89,4,0,4,1
6gsy,B,212,ALA,1.8,88.6,0.0,0,0,S,0.10377358490566038,-24.0,-130.8,16.0,10.0,0.6153846153846154,2.2732009852070525,23,15,0,15,0.040565859518539735,0,0,0,0,0,0,1,0,0,-1,0,0,0,0,0
6gsy,B,213,GLN,-3.5,143.8,0.0,2,2,S,0.3838383838383838,-152.8,-68.6,13.0,10.0,0.5652173913043478,1.9248932657630122,23,14,12,2,0.03590311704514436,0,0,0,0,0,0,1,0,0,-1,0,0,0,0,0
6gsy,B,214,TRP,-0.9,227.8,0.0,1,0,S,0.16299559471365638,-87.2,171.0,15.0,11.0,0.5769230769230769,2.566848153158225,29,14,2,12,0.03916703677652112,0,0,0,0,0,0,1,0,0,0,4749,8,0,595,1
6gsy,B,215,SER,-0.8,89.0,0.0,1,1,S,0.13076923076923078,17.9,44.9,16.0,9.0,0.64,2.0174967000623374,24,22,0,22,0.03870076252918159,0,0,0,0,0,0,1,0,0,-1,0,0,0,0,0
6gsy,B,216,ASN,-3.5,114.1,0.0,2,2,-,0.2484076433121019,-115.4,10.8,9.0,11.0,0.45,1.927511890794854,17,18,0,18,0.040099585271200194,0,0,0,0,0,0,0,0,0,-1,0,0,0,0,0
6gsy,B,217,LYS,-3.9,168.6,1.0,2,0,-,1.0,-124.4,360.0,0.0,16.0,0.0,1.8706923070086594,13,9,0,9,0.025645083603674543,0,0,0,0,0,0,0,0,0,-1,0,0,0,0,0
1bg2,A,3,ASP,-3.5,111.1,-1.0,1,3,-,0.9263803680981595,360.0,-21.6,0.0,15.0,0.0,1.6720207346169398,11,3,9,-6,0.022381163872297785,0,0,0,0,0,0,0,0,0,5,57,5,0,2,1
1bg2,A,4,LEU,3.8,166.7,0.0,0,0,-,0.6219512195121951,-64.0,-59.9,9.0,3.0,0.75,1.8816027094574472,13,9,18,-9,0.025178809356335007,0,0,0,0,0,0,0,0,0,5,57,5,0,2,1
1bg2,A,5,ALA,1.8,88.6,0.0,0,0,S,0.6981132075471698,-140.2,-9.6,9.0,8.0,0.5294117647058824,1.8509562593699205,14,8,17,-9,0.02331371236697686,0,0,0,0,0,0,1,0,0,5,57,5,0,2,1
1bg2,A,6,GLU,-3.5,138.4,-1.0,1,3,S,0.33505154639175255,67.3,112.0,9.0,17.0,0.34615384615384615,1.8772014497923797,25,1,13,-12,0.03357174580844668,0,0,0,0,0,0,1,0,0,5,57,5,0,2,1
1bg2,A,7,CYS,2.5,108.5,0.0,1,0,-,0.21481481481481482,68.8,76.0,17.0,18.0,0.4857142857142857,2.2153314853616184,33,23,18,5,0.03870076252918159,0,0,0,0,0,0,0,0,0,5,57,5,0,2,1
1bg2,A,8,ASN,-3.5,114.1,0.0,2,2,E,0.17197452229299362,-95.2,55.2,16.0,16.0,0.5,1.994038053315989,27,20,18,2,0.03916703677652112,0,0,1,0,0,0,0,0,0,5,57,5,0,2,1
1bg2,A,9,ILE,4.5,166.7,0.0,0,0,E,0.029585798816568046,-102.1,117.4,25.0,17.0,0.5952380952380952,2.639845624866306,38,26,15,11,0.03963331102386066,0,0,1,0,0,0,0,0,0,-1,0,0,0,0,0
1bg2,A,10,LYS,-3.9,168.6,1.0,2,0,E,0.4926829268292683,-107.6,146.1,17.0,23.0,0.425,2.4479624218785996,28,24,12,12,0.040099585271200194,0,0,1,0,0,0,0,0,0,27,0,14,0,0,1
1bg2,A,11,VAL,4.2,140.0,0.0,0,0,E,0.02112676056338028,-129.4,126.2,21.0,23.0,0.4772727272727273,2.5760157802865047,36,28,14,14,0.048026247475972325,0,0,1,0,0,0,0,0,0,-1,0,0,0,0,0
1bg2,A,12,MET,1.9,162.9,0.0,0,0,E,0.02127659574468085,-122.1,135.6,19.0,26.0,0.4222222222222222,4.5562228013458945,36,28,24,4,0.05175644145468863,0,0,1,0,0,0,0,0,0,-1,0,0,0,0,0
1bg2,A,13,CYS,2.5,108.5,0.0,1,0,E,0.0,-103.7,124.5,26.0,24.0,0.52,5.8843148467823285,39,22,14,8,0.05222271570202816,0,0,1,0,0,0,0,0,0,-1,0,0,0,0,0
1bg2,A,14,ARG,-4.5,173.4,1.0,5,0,E,0.08064516129032258,-115.9,118.0,23.0,25.0,0.4791666666666667,2.1849923060349123,40,28,1,27,0.04989134446533048,0,0,1,0,0,0,0,0,0,4,86,3,0,3,1
1bg2,A,15,PHE,2.8,189.9,0.0,0,0,E,0.01015228426395939,-96.2,144.6,21.0,22.0,0.4883720930232558,4.383457267315577,39,27,1,26,0.050823892960009553,0,0,1,0,0,0,0,0,0,4,86,3,0,3,1
1bg2,A,16,ARG,-4.5,173.4,1.0,5,0,-,0.1532258064516129,-107.4,168.7,16.0,16.0,0.5,2.24244952895757,30,19,8,11,0.043829779249916496,0,0,0,0,0,0,0,0,0,20,1,13,0,0,1
1bg2,A,17,PRO,-1.6,112.7,0.0,0,0,P,0.5220588235294118,-72.9,153.7,5.0,23.0,0.17857142857142858,1.9905855560217554,23,26,7,19,0.03310547156110714,0,0,0,0,0,0,0,0,0,4,86,3,0,3,1
1bg2,A,18,LEU,3.8,166.7,0.0,0,0,P,0.2682926829268293,-62.1,139.7,17.0,12.0,0.5862068965517241,2.167058524105187,25,21,24,-3,0.04149840801321881,0,0,0,0,0,0,0,0,0,-1,0,0,0,0,0
1bg2,A,19,ASN,-3.5,114.1,0.0,2,2,P,0.33121019108280253,-92.3,167.6,8.0,14.0,0.36363636363636365,1.975929104891834,18,21,26,-5,0.03124037457174899,0,0,0,0,0,0,0,0,0,-1,0,0,0,0,0
1bg2,A,20,GLU,-3.5,138.4,-1.0,1,3,H,0.7061855670103093,-58.4,-33.0,0.0,12.0,0.0,1.9251280805169724,11,10,13,-3,0.024246260861655933,1,0,0,0,0,0,0,0,0,-1,0,0,0,0,0
1bg2,A,21,SER,-0.8,89.0,0.0,1,1,H,0.5076923076923077,-68.2,-37.7,3.0,12.0,0.2,1.8297419957571386,16,15,26,-11,0.02984155182973038,1,0,0,0,0,0,0,0,0,-1,0,0,0,0,0
1bg2,A,22,GLU,-3.5,138.4,-1.0,1,3,H,0.030927835051546393,-71.0,-42.8,14.0,6.0,0.7,2.7028735157262314,21,25,17,8,0.04476232774459557,1,0,0,0,0,0,0,0,0,-1,0,0,0,0,0
1bg2,A,23,VAL,4.2,140.0,0.0,0,0,H,0.6056338028169014,-65.5,-42.7,4.0,13.0,0.23529411764705882,2.0683839431044193,15,19,26,-7,0.035436842797804825,1,0,0,0,0,0,0,0,0,-1,0,0,0,0,0
1bg2,A,24,ASN,-3.5,114.1,0.0,2,2,H,0.7834394904458599,-60.9,-39.3,3.0,8.0,0.2727272727272727,1.816525432983247,8,11,24,-13,0.027510180593032695,1,0,0,0,0,0,0,0,0,-1,0,0,0,0,0
1bg2,A,25,ARG,-4.5,173.4,1.0,5,0,H,0.4798387096774194,-68.6,-27.7,10.0,3.0,0.7692307692307693,1.8878619503611467,15,6,25,-19,0.026577632098353617,1,0,0,0,0,0,0,0,0,15,6,9,0,0,1
1bg2,A,26,GLY,-0.4,60.1,0.0,0,0,T,0.4880952380952381,103.6,16.8,0.0,14.0,0.0,1.813631543459735,14,20,20,0,0.025645083603674543,0,0,0,0,0,1,0,0,0,19,24,1,0,0,1
1bg2,A,27,ASP,-3.5,111.1,-1.0,1,3,-,0.10429447852760736,-64.4,158.5,18.0,2.0,0.9,2.0534045452851117,20,22,14,8,0.040565859518539735,0,0,0,0,0,0,0,0,0,19,24,1,0,0,1
1bg2,A,28,LYS,-3.9,168.6,1.0,2,0,-,0.7121951219512195,-121.9,155.1,2.0,20.0,0.09090909090909091,2.2134525392160427,17,10,16,-6,0.03124037457174899,0,0,0,0,0,0,0,0,0,19,24,1,0,0,1
1bg2,A,29,TYR,-1.3,193.6,0.0,1,1,B,0.36486486486486486,-82.0,104.6,9.0,18.0,0.3333333333333333,1.8302387194510648,25,22,9,13,0.030774100324409453,0,1,0,0,0,0,0,0,0,13,24,6,0,1,1
1bg2,A,30,ILE,4.5,166.7,0.0,0,0,-,0.14792899408284024,-90.9,-15.4,15.0,11.0,0.5769230769230769,2.2174164880504845,25,23,15,8,0.03870076252918159,0,0,0,0,0,0,0,0,0,13,24,6,0,1,1
1bg2,A,31,ALA,1.8,88.6,0.0,0,0,-,0.04716981132075472,-76.4,124.9,24.0,12.0,0.6666666666666666,2.797922376325084,30,18,5,13,0.04103213376587927,0,0,0,0,0,0,0,0,0,9,24,6,0,1,1
1bg2,A,32,LYS,-3.9,168.6,1.0,2,0,E,0.5707317073170731,-112.3,144.1,7.0,19.0,0.2692307692307692,2.2562167760795404,20,6,1,5,0.03310547156110714,0,0,1,0,0,0,0,0,0,21,24,0,0,0,1
1bg2,A,33,PHE,2.8,189.9,0.0,0,0,E,0.233502538071066,-116.5,152.7,14.0,14.0,0.5,2.060485329857373,24,11,10,1,0.032639197313767604,0,0,1,0,0,0,0,0,0,21,24,0,0,0,1
1bg2,A,34,GLN,-3.5,143.8,0.0,2,2,E,0.5858585858585859,-148.6,127.7,10.0,10.0,0.5,1.7755105095419783,17,9,14,-5,0.026577632098353617,0,0,1,0,0,0,0,0,0,21,24,0,0,0,1
1bg2,A,35,GLY,-0.4,60.1,0.0,0,0,T,0.8690476190476191,62.8,-168.9,10.0,7.0,0.5882352941176471,1.7095715535078178,16,11,19,-8,0.02098234113027917,0,0,0,0,0,1,0,0,0,21,24,0,0,0,1
1bg2,A,36,GLU,-3.5,138.4,-1.0,1,3,T,0.5103092783505154,-99.4,13.6,4.0,16.0,0.2,1.8430905466796181,18,11,19,-8,0.02797645484037223,0,0,0,0,0,1,0,0,0,1,184,6,0,13,1
1bg2,A,37,ASP,-3.5,111.1,-1.0,1,3,T,0.37423312883435583,-143.4,5.1,6.0,16.0,0.2727272727272727,2.2876496809406306,20,12,17,-5,0.03730193978716297,0,0,0,0,0,1,0,0,0,1,184,6,0,13,1
1bg2,A,38,THR,-0.7,116.1,0.0,1,1,E,0.15492957746478872,-127.4,136.5,8.0,20.0,0.2857142857142857,2.1334073833914164,24,14,21,-7,0.045228601991935104,0,0,1,0,0,0,0,0,0,21,24,0,0,0,1
1bg2,A,39,VAL,4.2,140.0,0.0,0,0,E,0.0,-122.7,145.2,18.0,14.0,0.5625,4.412234246219699,32,25,11,14,0.05129016720734909,0,0,1,0,0,0,0,0,0,1,184,6,0,13,1
1bg2,A,40,VAL,4.2,140.0,0.0,0,0,E,0.13380281690140844,-119.8,120.4,5.0,20.0,0.2,2.3979641626889268,24,19,3,16,0.04662742473395372,0,0,1,0,0,0,0,0,0,21,24,0,0,0,1
1bg2,A,41,ILE,4.5,166.7,0.0,0,0,E,0.005917159763313609,-125.4,127.2,17.0,13.0,0.5666666666666667,2.6611077351476906,32,27,11,16,0.04709369898129325,0,0,1,0,0,0,0,0,0,10,17,8,0,1,1
1bg2,A,42,ALA,1.8,88.6,0.0,0,0,T,0.6037735849056604,49.7,47.4,5.0,12.0,0.29411764705882354,1.7675101616303277,15,24,8,16,0.025645083603674543,0,0,0,0,0,1,0,0,0,10,17,8,0,1,1
1bg2,A,43,SER,-0.8,89.0,0.0,1,1,T,0.8615384615384616,73.1,-19.4,0.0,14.0,0.0,1.7396341271532003,13,19,3,16,0.020516066882939634,0,0,0,0,0,1,0,0,0,-1,0,0,0,0,0
1bg2,A,44,LYS,-3.9,168.6,1.0,2,0,E,0.45365853658536587,-84.9,127.7,5.0,12.0,0.29411764705882354,2.283108776262856,16,10,0,10,0.025178809356335007,0,0,1,0,0,0,0,0,0,-1,0,0,0,0,0
1bg2,A,45,PRO,-1.6,112.7,0.0,0,0,E,0.5294117647058824,-84.5,143.2,5.0,16.0,0.23809523809523808,2.0537129101650184,18,14,3,11,0.0363693912924839,0,0,1,0,0,0,0,0,0,-1,0,0,0,0,0
1bg2,A,46,TYR,-1.3,193.6,0.0,1,1,E,0.05855855855855856,-135.1,113.6,21.0,13.0,0.6176470588235294,2.7936115071498886,28,20,3,17,0.03963331102386066,0,0,1,0,0,0,0,0,0,1,184,6,0,13,1
1bg2,A,47,ALA,1.8,88.6,0.0,0,0,E,0.5471698113207547,-98.6,152.8,5.0,25.0,0.16666666666666666,1.8296677027708494,26,17,22,-5,0.03450429430312575,0,0,1,0,0,0,0,0,0,1,184,6,0,13,1
1bg2,A,48,PHE,2.8,189.9,0.0,0,0,-,0.07106598984771574,-149.1,179.5,23.0,12.0,0.6571428571428571,2.466001985789991,36,22,21,1,0.045228601991935104,0,0,0,0,0,0,0,0,0,1,184,6,0,13,1
1bg2,A,49,ASP,-3.5,111.1,-1.0,1,3,S,0.25153374233128833,-61.1,-27.4,15.0,15.0,0.5,1.7451491881221899,27,22,23,-1,0.03730193978716297,0,0,0,0,0,0,1,0,0,-1,0,0,0,0,0
1bg2,A,50,ARG,-4.5,173.4,1.0,5,0,E,0.2782258064516129,-171.8,149.0,13.0,19.0,0.40625,2.713853506297331,25,11,33,-22,0.043829779249916496,0,0,1,0,0,0,0,0,0,-1,0,0,0,0,0
1bg2,A,51,VAL,4.2,140.0,0.0,0,0,E,0.1056338028169014,-125.4,119.8,17.0,21.0,0.4473684210526316,2.3149240758682197,33,21,26,-5,0.05175644145468863,0,0,1,0,0,0,0,0,0,1,184,6,0,13,1
1bg2,A,52,PHE,2.8,189.9,0.0,0,0,E,0.025380710659898477,-97.5,124.2,24.0,16.0,0.6,2.821012535634205,34,24,29,-5,0.04429605349725603,0,0,1,0,0,0,0,0,0,-1,0,0,0,0,0
1bg2,A,53,GLN,-3.5,143.8,0.0,2,2,-,0.5606060606060606,-75.0,171.7,8.0,23.0,0.25806451612903225,1.8798223584287546,25,20,6,14,0.03683566553982344,0,0,0,0,0,0,0,0,0,4,86,3,0,3,1
1bg2,A,54,SER,-0.8,89.0,0.0,1,1,T,0.16153846153846155,-51.1,-20.3,12.0,15.0,0.4444444444444444,1.8640707292722212,23,23,0,23,0.0363693912924839,0,0,0,0,0,1,0,0,0,9,24,6,0,1,1
1bg2,A,55,SER,-0.8,89.0,0.0,1,1,T,0.8769230769230769,-111.1,13.8,0.0,15.0,0.0,1.7395451417163057,16,15,0,15,0.02471253510899547,0,0,0,0,0,1,0,0,0,4,86,3,0,3,1
1bg2,A,56,THR,-0.7,116.1,0.0,1,1,-,0.14788732394366197,-61.2,142.2,18.0,4.0,0.8181818181818182,1.8218213972837407,22,22,9,13,0.03310547156110714,0,0,0,0,0,0,0,0,0,4,86,3,0,3,1
1bg2,A,57,SER,-0.8,89.0,0.0,1,1,-,0.36153846153846153,-86.1,160.8,6.0,20.0,0.23076923076923078,2.206747148778213,23,19,23,-4,0.03124037457174899,0,0,0,0,0,0,0,0,0,4,86,3,0,3,1
1bg2,A,58,GLN,-3.5,143.8,0.0,2,2,H,0.07575757575757576,-60.1,-35.8,20.0,17.0,0.5405405405405406,2.3932884938693904,32,33,29,4,0.04709369898129325,1,0,0,0,0,0,0,0,0,-1,0,0,0,0,0
1bg2,A,59,GLU,-3.5,138.4,-1.0,1,3,H,0.4742268041237113,-63.5,-40.9,3.0,24.0,0.1111111111111111,1.9367177545310748,22,20,19,1,0.03683566553982344,1,0,0,0,0,0,0,0,0,-1,0,0,0,0,0
1bg2,A,60,GLN,-3.5,143.8,0.0,2,2,H,0.45454545454545453,-66.1,-44.8,10.0,16.0,0.38461538461538464,1.9714876026337893,17,18,18,0,0.03730193978716297,1,0,0,0,0,0,0,0,0,4,86,3,0,3,1
1bg2,A,61,VAL,4.2,140.0,0.0,0,0,H,0.007042253521126761,-61.3,-42.4,30.0,13.0,0.6976744186046512,4.784071195439417,35,32,18,14,0.05175644145468863,1,0,0,0,0,0,0,0,0,-1,0,0,0,0,0
1bg2,A,62,TYR,-1.3,193.6,0.0,1,1,H,0.013513513513513514,-66.7,-45.6,19.0,17.0,0.5277777777777778,2.9805273065401825,33,27,24,3,0.04989134446533048,1,0,0,0,0,0,0,0,0,-1,0,0,0,0,0
1bg2,A,63,ASN,-3.5,114.1,0.0,2,2,H,0.4140127388535032,-63.1,-40.8,5.0,17.0,0.22727272727272727,1.9977263626426716,20,31,21,10,0.03683566553982344,1,0,0,0,0,0,0,0,0,-1,0,0,0,0,0
1bg2,A,64,ASP,-3.5,111.1,-1.0,1,3,H,0.38650306748466257,-81.5,-35.9,18.0,11.0,0.6206896551724138,1.8200822974072686,25,32,18,14,0.03590311704514436,1,0,0,0,0,0,0,0,0,-1,0,0,0,0,0
1bg2,A,65,CYS,2.5,108.5,0.0,1,0,H,0.02962962962962963,-96.1,-31.7,28.0,15.0,0.6511627906976745,2.441787367583769,36,39,18,21,0.04476232774459557,1,0,0,0,0,0,0,0,0,-1,0,0,0,0,0
1bg2,A,66,ALA,1.8,88.6,0.0,0,0,T,0.0,-122.7,-29.4,25.0,17.0,0.5952380952380952,2.2618152492804375,39,35,20,15,0.045228601991935104,0,0,0,0,0,1,0,0,0,-1,0,0,0,0,0
1bg2,A,67,LYS,-3.9,168.6,1.0,2,0,H,0.44390243902439025,-40.4,-59.3,7.0,25.0,0.21875,1.9659379582146213,25,24,27,-3,0.040565859518539735,1,0,0,0,0,0,0,0,0,-1,0,0,0,0,0
1bg2,A,68,LYS,-3.9,168.6,1.0,2,0,H,0.8,-60.7,-37.1,7.0,21.0,0.25,1.915707099284602,19,33,17,16,0.03170664881908853,1,0,0,0,0,0,0,0,0,27,0,14,0,0,1
1bg2,A,69,ILE,4.5,166.7,0.0,0,0,H,0.047337278106508875,-63.0,-40.6,25.0,13.0,0.6578947368421053,2.882810621118647,36,42,14,28,0.043363505002576956,1,0,0,0,0,0,0,0,0,-1,0,0,0,0,0
1bg2,A,70,VAL,4.2,140.0,0.0,0,0,H,0.035211267605633804,-60.4,-39.4,17.0,25.0,0.40476190476190477,2.560715967969815,37,34,23,11,0.04429605349725603,1,0,0,0,0,0,0,0,0,-1,0,0,0,0,0
1bg2,A,71,LYS,-3.9,168.6,1.0,2,0,H,0.4097560975609756,-64.1,-40.4,5.0,23.0,0.17857142857142858,2.1066880663004524,21,22,23,-1,0.03823448828184205,1,0,0,0,0,0,0,0,0,-1,0,0,0,0,0
1bg2,A,72,ASP,-3.5,111.1,-1.0,1,3,H,0.2147239263803681,-63.0,-42.2,15.0,11.0,0.5769230769230769,2.492708156123,27,36,9,27,0.043829779249916496,1,0,0,0,0,0,0,0,0,-1,0,0,0,0,0
1bg2,A,73,VAL,4.2,140.0,0.0,0,0,H,0.0,-60.3,-42.6,24.0,13.0,0.6486486486486487,5.5926722395461566,36,36,17,19,0.04989134446533048,1,0,0,0,0,0,0,0,0,-1,0,0,0,0,0
1bg2,A,74,LEU,3.8,166.7,0.0,0,0,H,0.036585365853658534,-70.8,-22.5,15.0,22.0,0.40540540540540543,2.9454375274402707,32,22,21,1,0.048026247475972325,1,0,0,0,0,0,0,0,0,-1,0,0,0,0,0
1bg2,A,75,GLU,-3.5,138.4,-1.0,1,3,T,0.4690721649484536,-80.8,-7.8,9.0,16.0,0.36,1.8830847719851371,20,18,8,10,0.03683566553982344,0,0,0,0,0,1,0,0,0,-1,0,0,0,0,0
1bg2,A,76,GLY,-0.4,60.1,0.0,0,0,T,0.19047619047619047,102.4,7.4,6.0,21.0,0.2222222222222222,1.9776822232437163,27,33,18,15,0.03916703677652112,0,0,0,0,0,1,0,0,0,-1,0,0,0,0,0
1bg2,A,77,TYR,-1.3,193.6,0.0,1,1,-,0.5045045045045045,-100.7,166.2,16.0,17.0,0.48484848484848486,2.122406122682842,26,26,18,8,0.03963331102386066,0,0,0,0,0,0,0,0,0,-1,0,0,0,0,0
1bg2,A,78,ASN,-3.5,114.1,0.0,2,2,-,0.19745222929936307,-98.7,161.7,13.0,25.0,0.34210526315789475,2.119962184969084,35,22,21,1,0.048958795970651406,0,0,0,0,0,0,0,0,0,25,0,13,0,0,1
1bg2,A,79,GLY,-0.4,60.1,0.0,0,0,E,0.011904761904761904,-161.4,167.7,26.0,19.0,0.5777777777777777,5.499317808561184,40,23,16,7,0.053621538444046775,0,0,1,0,0,0,0,0,0,-1,0,0,0,0,0
1bg2,A,80,THR,-0.7,116.1,0.0,1,1,E,0.0,-145.0,143.8,24.0,24.0,0.5,5.93844047581621,41,16,5,11,0.0526889899493677,0,0,1,0,0,0,0,0,0,-1,0,0,0,0,0
1bg2,A,81,ILE,4.5,166.7,0.0,0,0,E,0.0,-137.7,128.0,23.0,26.0,0.46938775510204084,5.53480732263462,43,14,4,10,0.04989134446533048,0,0,1,0,0,0,0,0,0,-1,0,0,0,0,0
1bg2,A,82,PHE,2.8,189.9,0.0,0,0,E,0.005076142131979695,-118.0,156.3,23.0,23.0,0.5,6.927694943457462,43,11,7,4,0.04616115048661418,0,0,1,0,0,0,0,0,0,-1,0,0,0,0,0
1bg2,A,83,ALA,1.8,88.6,0.0,0,0,E,0.0,-124.8,114.7,26.0,21.0,0.5531914893617021,5.355368389777172,41,23,9,14,0.050823892960009553,0,0,1,0,0,0,0,0,0,-1,0,0,0,0,0
1bg2,A,84,TYR,-1.3,193.6,0.0,1,1,E,0.07657657657657657,-119.5,146.9,21.0,28.0,0.42857142857142855,4.51657870657976,44,14,14,0,0.053155264196707235,0,0,1,0,0,0,0,0,0,3,24,12,0,3,1
1bg2,A,85,GLY,-0.4,60.1,0.0,0,0,-,0.0,151.3,169.4,23.0,21.0,0.5227272727272727,5.226823777160682,37,13,24,-11,0.05595290968074446,0,0,0,0,0,0,0,0,0,-1,0,0,0,0,0
1bg2,A,86,GLN,-3.5,143.8,0.0,2,2,S,0.07575757575757576,-68.6,168.1,17.0,23.0,0.425,2.68193624583089,36,18,24,-6,0.04662742473395372,0,0,0,0,0,0,1,0,0,20,1,13,0,0,1
1bg2,A,87,THR,-0.7,116.1,0.0,1,1,T,0.33098591549295775,-66.7,134.9,13.0,21.0,0.38235294117647056,1.898186196291348,31,19,20,-1,0.03310547156110714,0,0,0,0,0,1,0,0,0,20,1,13,0,0,1
1bg2,A,88,SER,-0.8,89.0,0.0,1,1,T,0.6692307692307692,80.8,6.9,12.0,24.0,0.3333333333333333,1.7395504754620987,25,24,11,13,0.027510180593032695,0,0,0,0,0,1,0,0,0,20,1,13,0,0,1
1bg2,A,89,SER,-0.8,89.0,0.0,1,1,S,0.007692307692307693,-71.6,-31.2,25.0,13.0,0.6578947368421053,2.168471200210938,35,38,17,21,0.04196468226055834,0,0,0,0,0,0,1,0,0,20,1,13,0,0,1
1bg2,A,90,GLY,-0.4,60.1,0.0,0,0,S,0.19047619047619047,127.9,19.1,17.0,19.0,0.4722222222222222,1.8916176932352315,29,41,10,31,0.04429605349725603,0,0,0,0,0,0,1,0,0,20,1,13,0,0,1
1bg2,A,91,LYS,-3.9,168.6,1.0,2,0,H,0.07317073170731707,-61.9,-52.8,21.0,19.0,0.525,2.439792326878521,35,21,17,4,0.04662742473395372,1,0,0,0,0,0,0,0,0,20,1,13,0,0,1
1bg2,A,92,THR,-0.7,116.1,0.0,1,1,H,0.4859154929577465,-68.2,-39.4,11.0,27.0,0.2894736842105263,1.9998518769058307,34,31,17,14,0.03310547156110714,1,0,0,0,0,0,0,0,0,16,5,11,0,0,1
1bg2,A,93,HIS,-3.2,153.2,0.1,2,1,H,0.5543478260869565,-58.1,-42.3,12.0,18.0,0.4,2.086485968238027,32,32,15,17,0.034970568550465285,1,0,0,0,0,0,0,0,0,16,5,11,0,0,1
1bg2,A,94,THR,-0.7,116.1,0.0,1,1,H,0.007042253521126761,-71.6,-48.6,29.0,18.0,0.6170212765957447,3.6405432458881153,41,38,17,21,0.045228601991935104,1,0,0,0,0,0,0,0,0,-1,0,0,0,0,0
1bg2,A,95,MET,1.9,162.9,0.0,0,0,H,0.010638297872340425,-72.9,-35.0,21.0,22.0,0.4883720930232558,2.7820938702445783,40,27,17,10,0.04989134446533048,1,0,0,0,0,0,0,0,0,-1,0,0,0,0,0
1bg2,A,96,GLU,-3.5,138.4,-1.0,1,3,T,0.12371134020618557,-129.9,-35.6,13.0,24.0,0.35135135135135137,2.4359061859898414,32,37,13,24,0.04709369898129325,0,0,0,0,0,1,0,0,0,16,5,11,0,0,1
1bg2,A,97,GLY,-0.4,60.1,0.0,0,0,B,0.2619047619047619,53.7,-140.9,17.0,9.0,0.6538461538461539,1.8290886866688605,27,44,24,20,0.043363505002576956,0,1,0,0,0,0,0,0,0,16,5,11,0,0,1
1bg2,A,98,LYS,-3.9,168.6,1.0,2,0,S,0.6585365853658537,-89.2,99.6,6.0,16.0,0.2727272727272727,2.0257262049368023,18,25,22,3,0.03590311704514436,0,0,0,0,0,0,1,0,0,12,28,4,0,1,1
1bg2,A,99,LEU,3.8,166.7,0.0,0,0,T,0.08536585365853659,-45.5,-29.6,10.0,21.0,0.3225806451612903,2.0535777389483885,30,31,35,-4,0.040099585271200194,0,0,0,0,0,1,0,0,0,12,28,4,0,1,1
1bg2,A,100,HIS,-3.2,153.2,0.1,2,1,T,0.6413043478260869,-116.0,1.5,6.0,17.0,0.2608695652173913,1.7536255014418884,21,11,31,-20,0.029375277582390842,0,0,0,0,0,1,0,0,0,12,28,4,0,1,1
1bg2,A,101,ASP,-3.5,111.1,-1.0,1,3,-,0.3803680981595092,-89.8,120.6,9.0,6.0,0.6,1.8251338208968648,14,25,11,14,0.02797645484037223,0,0,0,0,0,0,0,0,0,12,28,4,0,1,1
1bg2,A,102,PRO,-1.6,112.7,0.0,0,0,T,0.6470588235294118,-58.9,-28.5,0.0,17.0,0.0,1.8728996159834481,15,25,24,1,0.02611135785101408,0,0,0,0,0,1,0,0,0,12,28,4,0,1,1
1bg2,A,103,GLU,-3.5,138.4,-1.0,1,3,T,0.8092783505154639,-91.4,-46.9,0.0,18.0,0.0,1.7869676698538126,13,18,16,2,0.027510180593032695,0,0,0,0,0,1,0,0,0,-1,0,0,0,0,0
1bg2,A,104,GLY,-0.4,60.1,0.0,0,0,T,0.21428571428571427,-83.4,-4.1,3.0,22.0,0.12,1.8277818030868542,22,37,27,10,0.03870076252918159,0,0,0,0,0,1,0,0,0,-1,0,0,0,0,0
1bg2,A,105,MET,1.9,162.9,0.0,0,0,B,0.06914893617021277,-65.7,148.0,12.0,16.0,0.42857142857142855,3.144245054805013,28,38,32,6,0.048958795970651406,0,1,0,0,0,0,0,0,0,12,28,4,0,1,1
1bg2,A,106,GLY,-0.4,60.1,0.0,0,0,-,0.0,-89.2,-162.4,15.0,21.0,0.4166666666666667,5.254305737979212,35,37,28,9,0.05781800667010261,0,0,0,0,0,0,0,0,0,-1,0,0,0,0,0
1bg2,A,107,ILE,4.5,166.7,0.0,0,0,H,0.011834319526627219,-58.5,-47.4,24.0,21.0,0.5333333333333333,6.340437514922323,46,28,18,10,0.0526889899493677,1,0,0,0,0,0,0,0,0,-1,0,0,0,0,0
1bg2,A,108,ILE,4.5,166.7,0.0,0,0,H,0.05917159763313609,-57.7,-52.5,25.0,21.0,0.5434782608695652,4.046404316236423,39,15,13,2,0.04662742473395372,1,0,0,0,0,0,0,0,0,-1,0,0,0,0,0
1bg2,A,109,PRO,-1.6,112.7,0.0,0,0,H,0.03676470588235294,-56.7,-44.5,18.0,23.0,0.43902439024390244,2.5569323007840117,36,27,25,2,0.048492521723311866,1,0,0,0,0,0,0,0,0,6,24,9,0,2,1
1bg2,A,110,ARG,-4.5,173.4,1.0,5,0,H,0.04435483870967742,-64.0,-31.4,20.0,16.0,0.5555555555555556,2.1521549379465594,34,15,33,-18,0.04429605349725603,1,0,0,0,0,0,0,0,0,6,24,9,0,2,1
1bg2,A,111,ILE,4.5,166.7,0.0,0,0,H,0.0,-69.6,-48.0,24.0,17.0,0.5853658536585366,4.930205357174217,37,23,8,15,0.04709369898129325,1,0,0,0,0,0,0,0,0,-1,0,0,0,0,0
1bg2,A,112,VAL,4.2,140.0,0.0,0,0,H,0.028169014084507043,-56.7,-49.3,23.0,21.0,0.5227272727272727,2.785963160066124,36,7,19,-12,0.04616115048661418,1,0,0,0,0,0,0,0,0,-1,0,0,0,0,0
1bg2,A,113,GLN,-3.5,143.8,0.0,2,2,H,0.4090909090909091,-52.8,-51.3,12.0,16.0,0.42857142857142855,1.8860317589935782,27,14,14,0,0.040565859518539735,1,0,0,0,0,0,0,0,0,6,24,9,0,2,1
1bg2,A,114,ASP,-3.5,111.1,-1.0,1,3,H,0.22085889570552147,-67.7,-29.6,14.0,12.0,0.5384615384615384,1.8923968083410632,28,23,1,22,0.040565859518539735,1,0,0,0,0,0,0,0,0,6,24,9,0,2,1
1bg2,A,115,ILE,4.5,166.7,0.0,0,0,H,0.01775147928994083,-68.1,-54.0,26.0,13.0,0.6666666666666666,4.148628700854703,39,15,9,6,0.04662742473395372,1,0,0,0,0,0,0,0,0,-1,0,0,0,0,0
1bg2,A,116,PHE,2.8,189.9,0.0,0,0,H,0.050761421319796954,-60.6,-43.7,12.0,17.0,0.41379310344827586,3.1868290349751933,31,6,22,-16,0.04196468226055834,1,0,0,0,0,0,0,0,0,22,9,1,0,0,1
1bg2,A,117,ASN,-3.5,114.1,0.0,2,2,H,0.4713375796178344,-57.2,-39.0,7.0,12.0,0.3684210526315789,1.8862520925202269,19,5,11,-6,0.034970568550465285,1,0,0,0,0,0,0,0,0,6,24,9,0,2,1
1bg2,A,118,TYR,-1.3,193.6,0.0,1,1,H,0.2747747747747748,-65.2,-47.4,14.0,8.0,0.6363636363636364,2.267682010253676,24,9,25,-16,0.03963331102386066,1,0,0,0,0,0,0,0,0,-1,0,0,0,0,0
1bg2,A,119,ILE,4.5,166.7,0.0,0,0,H,0.08284023668639054,-55.0,-46.6,16.0,11.0,0.5925925925925926,3.027032568442291,26,6,22,-16,0.04476232774459557,1,0,0,0,0,0,0,0,0,-1,0,0,0,0,0
1bg2,A,120,TYR,-1.3,193.6,0.0,1,1,H,0.5045045045045045,-59.8,-32.9,8.0,10.0,0.4444444444444444,1.9216269135823711,16,0,13,-13,0.03170664881908853,1,0,0,0,0,0,0,0,0,-1,0,0,0,0,0
1bg2,A,121,SER,-0.8,89.0,0.0,1,1,H,0.7538461538461538,-83.1,-8.6,5.0,7.0,0.4166666666666667,1.779620630110652,14,0,18,-18,0.027510180593032695,1,0,0,0,0,0,0,0,0,14,47,1,0,0,1
1bg2,A,122,MET,1.9,162.9,0.0,0,0,H,0.21808510638297873,-92.6,-79.4,13.0,4.0,0.7647058823529411,2.3213646365688883,19,1,23,-22,0.035436842797804825,1,0,0,0,0,0,0,0,0,14,47,1,0,0,1
1bg2,A,123,ASP,-3.5,111.1,-1.0,1,3,-,0.6134969325153374,34.5,11.6,6.0,10.0,0.375,1.7852033721666418,13,0,18,-18,0.03124037457174899,0,0,0,0,0,0,0,0,0,14,47,1,0,0,1
1bg2,A,124,GLU,-3.5,138.4,-1.0,1,3,S,0.7216494845360825,-92.4,-84.9,4.0,12.0,0.25,1.7398570991953752,15,0,14,-14,0.02331371236697686,0,0,0,0,0,0,1,0,0,14,47,1,0,0,1
1bg2,A,125,ASN,-3.5,114.1,0.0,2,2,S,0.36942675159235666,-101.6,-6.2,7.0,11.0,0.3888888888888889,1.8464557823806484,15,0,35,-35,0.03170664881908853,0,0,0,0,0,0,1,0,0,14,47,1,0,0,1
1bg2,A,126,LEU,3.8,166.7,0.0,0,0,E,0.20121951219512196,-91.3,132.1,15.0,9.0,0.625,1.9914306930903072,24,9,39,-30,0.043363505002576956,0,0,1,0,0,0,0,0,0,14,47,1,0,0,1
1bg2,A,127,GLU,-3.5,138.4,-1.0,1,3,E,0.5,-110.3,112.8,8.0,16.0,0.3333333333333333,1.832761404461905,20,22,20,2,0.03683566553982344,0,0,1,0,0,0,0,0,0,18,11,4,0,0,1
1bg2,A,128,PHE,2.8,189.9,0.0,0,0,E,0.09644670050761421,-97.2,157.1,18.0,13.0,0.5806451612903226,2.4921452587083106,29,19,29,-10,0.03590311704514436,0,0,1,0,0,0,0,0,0,18,11,4,0,0,1
1bg2,A,129,HIS,-3.2,153.2,0.1,2,1,E,0.5163043478260869,-151.0,111.5,10.0,18.0,0.35714285714285715,2.0758299950986414,20,24,17,7,0.040099585271200194,0,0,1,0,0,0,0,0,0,18,11,4,0,0,1
1bg2,A,130,ILE,4.5,166.7,0.0,0,0,E,0.05325443786982249,-109.2,129.3,16.0,17.0,0.48484848484848486,2.4207161223960996,31,33,8,25,0.04662742473395372,0,0,1,0,0,0,0,0,0,-1,0,0,0,0,0
1bg2,A,131,LYS,-3.9,168.6,1.0,2,0,E,0.1073170731707317,-128.3,140.7,11.0,18.0,0.3793103448275862,2.4520488346104403,24,32,9,23,0.045694876239274644,0,0,1,0,0,0,0,0,0,11,24,7,0,1,1
1bg2,A,132,VAL,4.2,140.0,0.0,0,0,E,0.0,-123.5,158.5,19.0,19.0,0.5,3.3785709423479178,35,23,16,7,0.04662742473395372,0,0,1,0,0,0,0,0,0,-1,0,0,0,0,0
1bg2,A,133,SER,-0.8,89.0,0.0,1,1,E,0.08461538461538462,-142.8,146.6,19.0,19.0,0.5,2.9982378160791394,36,23,19,4,0.04942507021799094,0,0,1,0,0,0,0,0,0,11,24,7,0,1,1
1bg2,A,134,TYR,-1.3,193.6,0.0,1,1,E,0.04054054054054054,-142.6,114.9,18.0,25.0,0.4186046511627907,3.7564255830162767,38,30,40,-10,0.05175644145468863,0,0,1,0,0,0,0,0,0,-1,0,0,0,0,0
1bg2,A,135,PHE,2.8,189.9,0.0,0,0,E,0.02030456852791878,-142.5,164.8,24.0,22.0,0.5217391304347826,3.7764192844916966,38,27,21,6,0.0526889899493677,0,0,1,0,0,0,0,0,0,-1,0,0,0,0,0
1bg2,A,136,GLU,-3.5,138.4,-1.0,1,3,E,0.020618556701030927,-128.3,154.3,21.0,23.0,0.4772727272727273,2.4702495524658357,38,55,14,41,0.050823892960009553,0,0,1,0,0,0,0,0,0,-1,0,0,0,0,0
1bg2,A,137,ILE,4.5,166.7,0.0,0,0,E,0.0,-120.0,119.1,20.0,20.0,0.5,3.119388949455785,37,55,22,33,0.04942507021799094,0,0,1,0,0,0,0,0,0,-1,0,0,0,0,0
1bg2,A,138,TYR,-1.3,193.6,0.0,1,1,E,0.31981981981981983,-132.2,125.5,15.0,19.0,0.4411764705882353,1.981320538316077,23,56,24,32,0.04243095650789788,0,0,1,0,0,0,0,0,0,0,7590,10,0,706,1
1bg2,A,139,LEU,3.8,166.7,0.0,0,0,T,0.7378048780487805,56.7,37.4,3.0,18.0,0.14285714285714285,1.9026869405776436,20,44,15,29,0.027510180593032695,0,0,0,0,0,1,0,0,0,8,24,9,0,2,1
1bg2,A,140,ASP,-3.5,111.1,-1.0,1,3,T,0.13496932515337423,59.2,28.9,11.0,17.0,0.39285714285714285,1.996171954171231,26,38,5,33,0.03776821403450251,0,0,0,0,0,1,0,0,0,8,24,9,0,2,1
1bg2,A,141,LYS,-3.9,168.6,1.0,2,0,E,0.4878048780487805,-121.1,137.8,6.0,18.0,0.25,2.1550464210447084,20,26,17,9,0.035436842797804825,0,0,1,0,0,0,0,0,0,8,24,9,0,2,1
1bg2,A,142,ILE,4.5,166.7,0.0,0,0,E,0.0,-98.8,127.9,17.0,17.0,0.5,3.2612844281757507,30,43,26,17,0.048492521723311866,0,0,1,0,0,0,0,0,0,-1,0,0,0,0,0
1bg2,A,143,ARG,-4.5,173.4,1.0,5,0,E,0.11693548387096774,-122.9,135.5,16.0,22.0,0.42105263157894735,2.2965792703695134,32,36,24,12,0.05175644145468863,0,0,1,0,0,0,0,0,0,-1,0,0,0,0,0
1bg2,A,144,ASP,-3.5,111.1,-1.0,1,3,E,0.0,-76.0,122.2,17.0,20.0,0.4594594594594595,4.737130543684497,30,31,26,5,0.05688545817542354,0,0,1,0,0,0,0,0,0,-1,0,0,0,0,0
1bg2,A,145,LEU,3.8,166.7,0.0,0,0,S,0.0,-81.4,-11.2,21.0,18.0,0.5384615384615384,4.364055812582471,36,48,38,10,0.05455408693872585,0,0,0,0,0,0,1,0,0,-1,0,0,0,0,0
1bg2,A,146,LEU,3.8,166.7,0.0,0,0,S,0.06707317073170732,-96.4,-9.7,15.0,18.0,0.45454545454545453,3.189865048946086,31,33,38,-5,0.04662742473395372,0,0,0,0,0,0,1,0,0,-1,0,0,0,0,0
1bg2,A,147,ASP,-3.5,111.1,-1.0,1,3,-,0.32515337423312884,-155.3,100.4,11.0,17.0,0.39285714285714285,2.0832676337968725,22,24,14,10,0.03450429430312575,0,0,0,0,0,0,0,0,0,-1,0,0,0,0,0
1bg2,A,148,VAL,4.2,140.0,0.0,0,0,T,0.34507042253521125,-66.6,-4.9,10.0,17.0,0.37037037037037035,1.9694799232619555,23,30,24,6,0.0363693912924839,0,0,0,0,0,1,0,0,0,-1,0,0,0,0,0
1bg2,A,149,SER,-0.8,89.0,0.0,1,1,T,0.6230769230769231,-83.6,-26.4,2.0,16.0,0.1111111111111111,1.7877283849313095,16,19,16,3,0.02331371236697686,0,0,0,0,0,1,0,0,0,-1,0,0,0,0,0
1bg2,A,150,LYS,-3.9,168.6,1.0,2,0,-,0.33170731707317075,-80.2,82.8,17.0,5.0,0.7727272727272727,2.3997549544788326,20,16,17,-1,0.0363693912924839,0,0,0,0,0,0,0,0,0,-1,0,0,0,0,0
1bg2,A,151,THR,-0.7,116.1,0.0,1,1,-,0.5774647887323944,-109.4,154.8,6.0,20.0,0.23076923076923078,1.889467909236201,21,30,22,8,0.03310547156110714,0,0,0,0,0,0,0,0,0,-1,0,0,0,0,0
1bg2,A,152,ASN,-3.5,114.1,0.0,2,2,S,0.5796178343949044,46.9,53.3,1.0,23.0,0.041666666666666664,1.7960603193946514,20,33,12,21,0.030774100324409453,0,0,0,0,0,0,1,0,0,-1,0,0,0,0,0
1bg2,A,153,LEU,3.8,166.7,0.0,0,0,B,0.10975609756097561,-74.3,162.3,22.0,6.0,0.7857142857142857,2.3389229697903193,26,45,17,28,0.040565859518539735,0,1,0,0,0,0,0,0,0,24,4,3,0,0,1
1bg2,A,154,SER,-0.8,89.0,0.0,1,1,-,0.4153846153846154,-120.8,148.4,2.0,23.0,0.08,2.107314981874427,21,46,7,39,0.03590311704514436,0,0,0,0,0,0,0,0,0,24,4,3,0,0,1
1bg2,A,155,VAL,4.2,140.0,0.0,0,0,E,0.11267605633802817,-86.3,137.7,17.0,12.0,0.5862068965517241,2.123844724932288,29,41,12,29,0.043829779249916496,0,0,1,0,0,0,0,0,0,24,4,3,0,0,1
1bg2,A,156,HIS,-3.2,153.2,0.1,2,1,E,0.3695652173913043,-138.7,158.2,8.0,14.0,0.36363636363636365,2.2595477474465793,18,23,16,7,0.03683566553982344,0,0,1,0,0,0,0,0,0,24,4,3,0,0,1
1bg2,A,157,GLU,-3.5,138.4,-1.0,1,3,E,0.39690721649484534,-110.7,137.2,7.0,11.0,0.3888888888888889,1.776686237735546,17,41,12,29,0.0363693912924839,0,0,1,0,0,0,0,0,0,24,4,3,0,0,1
1bg2,A,158,ASP,-3.5,111.1,-1.0,1,3,-,0.3558282208588957,-83.8,-174.8,8.0,5.0,0.6153846153846154,1.9260486929197047,12,26,12,14,0.032639197313767604,0,0,0,0,0,0,0,0,0,23,24,0,0,0,1
1bg2,A,159,LYS,-3.9,168.6,1.0,2,0,T,0.9414634146341463,-48.0,-38.3,0.0,8.0,0.0,1.896690199003191,7,6,13,-7,0.01958351838826056,0,0,0,0,0,1,0,0,0,23,24,0,0,0,1
1bg2,A,160,ASN,-3.5,114.1,0.0,2,2,T,0.554140127388535,-106.9,42.7,1.0,8.0,0.1111111111111111,1.805384045468215,10,22,18,4,0.020516066882939634,0,0,0,0,0,1,0,0,0,23,24,0,0,0,1
1bg2,A,161,ARG,-4.5,173.4,1.0,5,0,S,0.7137096774193549,64.6,-22.4,2.0,11.0,0.15384615384615385,1.8207109365484302,14,12,25,-13,0.027510180593032695,0,0,0,0,0,0,1,0,0,26,0,9,0,0,1
1bg2,A,162,VAL,4.2,140.0,0.0,0,0,-,0.29577464788732394,-55.4,122.6,6.0,12.0,0.3333333333333333,1.97387965752196,19,32,25,7,0.03590311704514436,0,0,0,0,0,0,0,0,0,-1,0,0,0,0,0
1bg2,A,163,PRO,-1.6,112.7,0.0,0,0,E,0.04411764705882353,-74.0,162.9,14.0,11.0,0.56,2.2665632660374846,27,41,26,15,0.04755997322863279,0,0,1,0,0,0,0,0,0,-1,0,0,0,0,0
1bg2,A,164,TYR,-1.3,193.6,0.0,1,1,E,0.38288288288288286,-166.4,155.3,12.0,19.0,0.3870967741935484,2.1046518363280766,22,33,24,9,0.04196468226055834,0,0,1,0,0,0,0,0,0,24,4,3,0,0,1
1bg2,A,165,VAL,4.2,140.0,0.0,0,0,E,0.09154929577464789,-92.3,109.1,22.0,11.0,0.6666666666666666,2.135760120722852,32,44,20,24,0.04243095650789788,0,0,1,0,0,0,0,0,0,-1,0,0,0,0,0
1bg2,A,166,LYS,-3.9,168.6,1.0,2,0,T,0.5365853658536586,-51.4,115.5,9.0,14.0,0.391304347826087,2.0334073041617238,17,17,8,9,0.03310547156110714,0,0,0,0,0,1,0,0,0,24,4,3,0,0,1
1bg2,A,167,GLY,-0.4,60.1,0.0,0,0,T,0.40476190476190477,79.5,14.6,10.0,12.0,0.45454545454545453,1.7869734688912982,20,28,25,3,0.027510180593032695,0,0,0,0,0,1,0,0,0,-1,0,0,0,0,0
1bg2,A,168,CYS,2.5,108.5,0.0,1,0,-,0.1111111111111111,-82.5,131.7,23.0,10.0,0.696969696969697,1.872210916042082,28,25,26,-1,0.03963331102386066,0,0,0,0,0,0,0,0,0,11,24,7,0,1,1
1bg2,A,169,THR,-0.7,116.1,0.0,1,1,-,0.21830985915492956,-54.8,134.7,18.0,9.0,0.6666666666666666,2.149789178398774,25,30,28,2,0.034970568550465285,0,0,0,0,0,0,0,0,0,11,24,7,0,1,1
1bg2,A,170,GLU,-3.5,138.4,-1.0,1,3,-,0.6649484536082474,-125.8,114.7,8.0,18.0,0.3076923076923077,1.7987630224249445,22,24,3,21,0.03357174580844668,0,0,0,0,0,0,0,0,0,11,24,7,0,1,1
1bg2,A,171,ARG,-4.5,173.4,1.0,5,0,E,0.3064516129032258,-111.4,126.0,18.0,9.0,0.6666666666666666,2.177880401540937,26,7,36,-29,0.03450429430312575,0,0,1,0,0,0,0,0,0,-1,0,0,0,0,0
1bg2,A,172,PHE,2.8,189.9,0.0,0,0,E,0.6395939086294417,-76.3,119.8,3.0,18.0,0.14285714285714285,1.878855798203607,17,33,14,19,0.032172923066428064,0,0,1,0,0,0,0,0,0,22,9,1,0,0,1
1bg2,A,173,VAL,4.2,140.0,0.0,0,0,E,0.04225352112676056,-109.2,151.3,21.0,6.0,0.7777777777777778,2.43361283765102,29,27,22,5,0.03776821403450251,0,0,1,0,0,0,0,0,0,22,9,1,0,0,1
1bg2,A,174,CYS,2.5,108.5,0.0,1,0,-,0.6666666666666666,-128.1,3.9,1.0,25.0,0.038461538461538464,2.0036888927895755,21,14,17,-3,0.030307826077069916,0,0,0,0,0,0,0,0,0,22,9,1,0,0,1
1bg2,A,175,SER,-0.8,89.0,0.0,1,1,S,0.23076923076923078,-163.9,158.2,3.0,21.0,0.125,2.714063662279172,19,0,24,-24,0.03310547156110714,0,0,0,0,0,0,1,0,0,22,9,1,0,0,1
1bg2,A,176,PRO,-1.6,112.7,0.0,0,0,H,0.2647058823529412,-54.7,-43.6,14.0,14.0,0.5,2.29818076006467,28,8,27,-19,0.03776821403450251,1,0,0,0,0,0,0,0,0,22,9,1,0,0,1
1bg2,A,177,ASP,-3.5,111.1,-1.0,1,3,H,0.6687116564417178,-59.2,-37.7,0.0,17.0,0.0,1.77510119746425,18,8,20,-12,0.030307826077069916,1,0,0,0,0,0,0,0,0,22,9,1,0,0,1
1bg2,A,178,GLU,-3.5,138.4,-1.0,1,3,H,0.38144329896907214,-64.6,-40.3,9.0,12.0,0.42857142857142855,1.7747258576444969,19,9,17,-8,0.03683566553982344,1,0,0,0,0,0,0,0,0,22,9,1,0,0,1
1bg2,A,179,VAL,4.2,140.0,0.0,0,0,H,0.02112676056338028,-66.5,-44.7,22.0,14.0,0.6111111111111112,4.326281680246007,33,17,36,-19,0.04755997322863279,1,0,0,0,0,0,0,0,0,22,9,1,0,0,1
1bg2,A,180,MET,1.9,162.9,0.0,0,0,H,0.05319148936170213,-64.7,-34.9,15.0,15.0,0.5,2.5334830213071555,29,18,44,-26,0.04243095650789788,1,0,0,0,0,0,0,0,0,-1,0,0,0,0,0
1bg2,A,181,ASP,-3.5,111.1,-1.0,1,3,H,0.5766871165644172,-64.8,-40.0,7.0,16.0,0.30434782608695654,1.7693935150824338,21,15,34,-19,0.035436842797804825,1,0,0,0,0,0,0,0,0,-1,0,0,0,0,0
1bg2,A,182,THR,-0.7,116.1,0.0,1,1,H,0.035211267605633804,-61.8,-47.9,22.0,12.0,0.6470588235294118,2.641309658876597,34,22,41,-19,0.043363505002576956,1,0,0,0,0,0,0,0,0,-1,0,0,0,0,0
1bg2,A,183,ILE,4.5,166.7,0.0,0,0,H,0.005917159763313609,-61.0,-41.7,18.0,18.0,0.5,4.065961296570825,34,19,41,-22,0.045694876239274644,1,0,0,0,0,0,0,0,0,-1,0,0,0,0,0
1bg2,A,184,ASP,-3.5,111.1,-1.0,1,3,H,0.3312883435582822,-64.0,-37.5,9.0,14.0,0.391304347826087,1.8739642663449128,23,21,29,-8,0.03730193978716297,1,0,0,0,0,0,0,0,0,-1,0,0,0,0,0
1bg2,A,185,GLU,-3.5,138.4,-1.0,1,3,H,0.29896907216494845,-67.6,-45.9,13.0,9.0,0.5909090909090909,2.0030092970558124,24,22,27,-5,0.03963331102386066,1,0,0,0,0,0,0,0,0,-1,0,0,0,0,0
1bg2,A,186,GLY,-0.4,60.1,0.0,0,0,H,0.0,-56.4,-43.7,18.0,11.0,0.6206896551724138,4.012140662130829,30,41,43,-2,0.048958795970651406,1,0,0,0,0,0,0,0,0,-1,0,0,0,0,0
1bg2,A,187,LYS,-3.9,168.6,1.0,2,0,H,0.32682926829268294,-63.7,-32.8,8.0,20.0,0.2857142857142857,2.090623876939913,26,21,27,-6,0.04103213376587927,1,0,0,0,0,0,0,0,0,16,5,11,0,0,1
1bg2,A,188,SER,-0.8,89.0,0.0,1,1,H,0.49230769230769234,-79.1,-41.5,4.0,15.0,0.21052631578947367,1.7396143263155166,20,30,21,9,0.030774100324409453,1,0,0,0,0,0,0,0,0,-1,0,0,0,0,0
1bg2,A,189,ASN,-3.5,114.1,0.0,2,2,H,0.2356687898089172,-59.9,-31.1,17.0,8.0,0.68,2.2059205558617005,24,37,33,4,0.04103213376587927,1,0,0,0,0,0,0,0,0,-1,0,0,0,0,0
1bg2,A,190,ARG,-4.5,173.4,1.0,5,0,T,0.10080645161290322,-56.8,-25.6,19.0,14.0,0.5757575757575758,2.66943051165024,35,45,24,21,0.045228601991935104,0,0,0,0,0,1,0,0,0,-1,0,0,0,0,0
1bg2,A,191,HIS,-3.2,153.2,0.1,2,1,T,0.5815217391304348,-75.2,-14.7,4.0,18.0,0.18181818181818182,1.955626461836016,20,30,6,24,0.03823448828184205,0,0,0,0,0,1,0,0,0,-1,0,0,0,0,0
1bg2,A,192,VAL,4.2,140.0,0.0,0,0,T,0.4507042253521127,-64.8,122.5,14.0,7.0,0.6666666666666666,2.1196562824275067,20,34,11,23,0.027043906345693154,0,0,0,0,0,1,0,0,0,-1,0,0,0,0,0
1bg2,A,193,ALA,1.8,88.6,0.0,0,0,T,0.9528301886792453,69.2,20.6,5.0,10.0,0.3333333333333333,1.76764925876024,15,28,3,25,0.01818469564624195,0,0,0,0,0,1,0,0,0,-1,0,0,0,0,0
1bg2,A,194,VAL,4.2,140.0,0.0,0,0,-,0.2112676056338028,-119.5,115.5,15.0,2.0,0.8823529411764706,1.8878400809766283,20,35,11,24,0.030307826077069916,0,0,0,0,0,0,0,0,0,-1,0,0,0,0,0
1bg2,A,195,THR,-0.7,116.1,0.0,1,1,S,1.0,-74.5,-48.4,0.0,11.0,0.0,1.8188602239916511,11,19,8,11,0.01958351838826056,0,0,0,0,0,0,1,0,0,-1,0,0,0,0,0
1bg2,A,196,ASN,-3.5,114.1,0.0,2,2,-,0.5095541401273885,-115.2,104.7,5.0,8.0,0.38461538461538464,1.7810463007304524,13,24,9,15,0.026577632098353617,0,0,0,0,0,0,0,0,0,-1,0,0,0,0,0
1bg2,A,197,MET,1.9,162.9,0.0,0,0,H,0.17553191489361702,-70.6,-29.5,6.0,11.0,0.35294117647058826,1.9019431523321044,21,42,12,30,0.035436842797804825,1,0,0,0,0,0,0,0,0,-1,0,0,0,0,0
1bg2,A,198,ASN,-3.5,114.1,0.0,2,2,H,0.8407643312101911,-63.7,-58.4,1.0,15.0,0.0625,1.7440050777003029,14,20,9,11,0.025645083603674543,1,0,0,0,0,0,0,0,0,-1,0,0,0,0,0
1bg2,A,199,GLU,-3.5,138.4,-1.0,1,3,H,0.3556701030927835,-53.7,-48.7,6.0,13.0,0.3157894736842105,1.931264236865271,19,29,1,28,0.03310547156110714,1,0,0,0,0,0,0,0,0,0,7590,10,0,706,1
1bg2,A,200,HIS,-3.2,153.2,0.1,2,1,H,0.059782608695652176,-62.3,-44.4,11.0,13.0,0.4583333333333333,2.5658346019662295,26,44,18,26,0.043363505002576956,1,0,0,0,0,0,0,0,0,-1,0,0,0,0,0
1bg2,A,201,SER,-0.8,89.0,0.0,1,1,H,0.35384615384615387,-65.8,-41.3,10.0,17.0,0.37037037037037035,2.0589459965171755,30,49,24,25,0.040099585271200194,1,0,0,0,0,0,0,0,0,-1,0,0,0,0,0
1bg2,A,202,SER,-0.8,89.0,0.0,1,1,H,0.23076923076923078,-69.9,-26.1,12.0,19.0,0.3870967741935484,1.7396803622411543,31,44,24,20,0.03916703677652112,1,0,0,0,0,0,0,0,0,-1,0,0,0,0,0
1bg2,A,203,ARG,-4.5,173.4,1.0,5,0,H,0.23790322580645162,-98.6,0.1,11.0,22.0,0.3333333333333333,1.8984379964720177,28,36,18,18,0.045228601991935104,1,0,0,0,0,0,0,0,0,0,7590,10,0,706,1
1bg2,A,204,SER,-0.8,89.0,0.0,1,1,S,0.007692307692307693,-120.7,167.5,17.0,16.0,0.5151515151515151,2.8038158849478036,35,46,28,18,0.048958795970651406,0,0,0,0,0,0,1,0,0,-1,0,0,0,0,0
1bg2,A,205,HIS,-3.2,153.2,0.1,2,1,E,0.010869565217391304,-112.4,129.1,21.0,18.0,0.5384615384615384,3.002742006289835,41,34,24,10,0.048958795970651406,0,0,1,0,0,0,0,0,0,-1,0,0,0,0,0
1bg2,A,206,SER,-0.8,89.0,0.0,1,1,E,0.06153846153846154,-100.3,133.5,18.0,23.0,0.43902439024390244,1.837387880812235,37,37,22,15,0.048958795970651406,0,0,1,0,0,0,0,0,0,-1,0,0,0,0,0
1bg2,A,207,ILE,4.5,166.7,0.0,0,0,E,0.005917159763313609,-129.3,115.6,19.0,23.0,0.4523809523809524,3.442477187386737,36,20,20,0,0.048958795970651406,0,0,1,0,0,0,0,0,0,-1,0,0,0,0,0
1bg2,A,208,PHE,2.8,189.9,0.0,0,0,E,0.015228426395939087,-109.5,124.7,18.0,27.0,0.4,3.563271802490361,39,7,9,-2,0.05035761871267001,0,0,1,0,0,0,0,0,0,-1,0,0,0,0,0
1bg2,A,209,LEU,3.8,166.7,0.0,0,0,E,0.08536585365853659,-110.7,131.0,22.0,22.0,0.5,2.9958122763775203,38,21,9,12,0.04662742473395372,0,0,1,0,0,0,0,0,0,-1,0,0,0,0,0
1bg2,A,210,ILE,4.5,166.7,0.0,0,0,E,0.023668639053254437,-120.3,111.1,22.0,21.0,0.5116279069767442,5.859695108601085,37,23,0,23,0.050823892960009553,0,0,1,0,0,0,0,0,0,-1,0,0,0,0,0
1bg2,A,211,ASN,-3.5,114.1,0.0,2,2,E,0.10828025477707007,-102.6,118.0,10.0,26.0,0.2777777777777778,2.780534337433071,31,39,8,31,0.045228601991935104,0,0,1,0,0,0,0,0,0,-1,0,0,0,0,0
1bg2,A,212,VAL,4.2,140.0,0.0,0,0,E,0.0,-110.4,109.9,20.0,21.0,0.4878048780487805,5.4299431871589245,34,37,9,28,0.05035761871267001,0,0,1,0,0,0,0,0,0,-1,0,0,0,0,0
1bg2,A,213,LYS,-3.9,168.6,1.0,2,0,E,0.424390243902439,-110.5,148.2,7.0,23.0,0.23333333333333334,2.2609221988227453,24,34,14,20,0.04476232774459557,0,0,1,0,0,0,0,0,0,-1,0,0,0,0,0
1bg2,A,214,GLN,-3.5,143.8,0.0,2,2,E,0.045454545454545456,-153.5,147.7,18.0,12.0,0.6,1.8995993558324509,29,29,28,1,0.04662742473395372,0,0,1,0,0,0,0,0,0,17,9,5,0,0,1
1bg2,A,215,GLU,-3.5,138.4,-1.0,1,3,E,0.20618556701030927,-141.2,123.6,3.0,22.0,0.12,2.095583039487091,17,24,20,4,0.04662742473395372,0,0,1,0,0,0,0,0,0,-1,0,0,0,0,0
1bg2,A,216,ASN,-3.5,114.1,0.0,2,2,E,0.1910828025477707,-82.7,108.6,6.0,12.0,0.3333333333333333,2.4812195500681584,16,9,35,-26,0.04289723075523742,0,0,1,0,0,0,0,0,0,-1,0,0,0,0,0
1bg2,A,217,THR,-0.7,116.1,0.0,1,1,T,0.49295774647887325,-47.5,-31.6,6.0,8.0,0.42857142857142855,2.0279055402037223,14,5,35,-30,0.03403802005578621,0,0,0,0,0,1,0,0,0,-1,0,0,0,0,0
1bg2,A,218,GLN,-3.5,143.8,0.0,2,2,T,0.6868686868686869,-89.8,-58.6,3.0,8.0,0.2727272727272727,1.8469069415349528,10,0,23,-23,0.02611135785101408,0,0,0,0,0,1,0,0,0,-1,0,0,0,0,0
1bg2,A,219,THR,-0.7,116.1,0.0,1,1,T,0.5211267605633803,-62.3,-35.4,10.0,3.0,0.7692307692307693,1.8335241828085593,11,7,18,-11,0.027510180593032695,0,0,0,0,0,1,0,0,0,-1,0,0,0,0,0
1bg2,A,220,GLU,-3.5,138.4,-1.0,1,3,-,0.7216494845360825,78.0,-14.1,0.0,12.0,0.0,1.8739026460600943,11,9,9,0,0.030774100324409453,0,0,0,0,0,0,0,0,0,17,9,5,0,0,1
1bg2,A,221,GLN,-3.5,143.8,0.0,2,2,-,0.6919191919191919,-63.3,120.6,3.0,13.0,0.1875,1.844837265798581,12,9,18,-9,0.028909003335051305,0,0,0,0,0,0,0,0,0,17,9,5,0,0,1
1bg2,A,222,LYS,-3.9,168.6,1.0,2,0,E,0.7365853658536585,-93.3,156.4,3.0,19.0,0.13636363636363635,1.9028158293560995,18,10,24,-14,0.029375277582390842,0,0,1,0,0,0,0,0,0,17,9,5,0,0,1
1bg2,A,223,LEU,3.8,166.7,0.0,0,0,E,0.4329268292682927,-144.9,145.9,17.0,8.0,0.68,1.921897427032913,25,22,23,-1,0.03403802005578621,0,0,1,0,0,0,0,0,0,17,9,5,0,0,1
1bg2,A,224,SER,-0.8,89.0,0.0,1,1,E,0.3230769230769231,-149.3,129.9,3.0,22.0,0.12,1.795768382791514,28,34,12,22,0.03916703677652112,0,0,1,0,0,0,0,0,0,-1,0,0,0,0,0
1bg2,A,225,GLY,-0.4,60.1,0.0,0,0,E,0.0,-135.6,145.6,20.0,15.0,0.5714285714285714,2.366867591349938,32,34,16,18,0.045228601991935104,0,0,1,0,0,0,0,0,0,-1,0,0,0,0,0
1bg2,A,226,LYS,-3.9,168.6,1.0,2,0,E,0.13658536585365855,-121.2,133.6,14.0,28.0,0.3333333333333333,2.741821961397539,34,14,11,3,0.04755997322863279,0,0,1,0,0,0,0,0,0,25,0,13,0,0,1
1bg2,A,227,LEU,3.8,166.7,0.0,0,0,E,0.0,-125.0,115.9,24.0,24.0,0.5,6.673578521040452,44,19,7,12,0.05222271570202816,0,0,1,0,0,0,0,0,0,-1,0,0,0,0,0
1bg2,A,228,TYR,-1.3,193.6,0.0,1,1,E,0.04954954954954955,-98.7,125.9,22.0,24.0,0.4782608695652174,4.0271595779968505,40,13,9,4,0.05035761871267001,0,0,1,0,0,0,0,0,0,-1,0,0,0,0,0
1bg2,A,229,LEU,3.8,166.7,0.0,0,0,E,0.012195121951219513,-108.7,118.3,23.0,25.0,0.4791666666666667,3.12209692813577,38,4,12,-8,0.05035761871267001,0,0,1,0,0,0,0,0,0,-1,0,0,0,0,0
1bg2,A,230,VAL,4.2,140.0,0.0,0,0,E,0.0,-122.1,122.5,26.0,19.0,0.5777777777777777,3.022291395768361,38,18,11,7,0.048958795970651406,0,0,1,0,0,0,0,0,0,-1,0,0,0,0,0
1bg2,A,231,ASP,-3.5,111.1,-1.0,1,3,E,0.12269938650306748,-105.3,99.1,22.0,25.0,0.46808510638297873,1.7879576824424679,41,30,10,20,0.04616115048661418,0,0,1,0,0,0,0,0,0,16,5,11,0,0,1
1bg2,A,232,LEU,3.8,166.7,0.0,0,0,P,0.018292682926829267,-70.5,165.7,21.0,25.0,0.45652173913043476,4.037913184456227,39,26,10,16,0.048958795970651406,0,0,0,0,0,0,0,0,0,-1,0,0,0,0,0
1bg2,A,233,ALA,1.8,88.6,0.0,0,0,P,0.02830188679245283,-71.8,163.8,21.0,20.0,0.5121951219512195,2.405829752462002,39,40,19,21,0.04709369898129325,0,0,0,0,0,0,0,0,0,-1,0,0,0,0,0
1bg2,A,234,GLY,-0.4,60.1,0.0,0,0,P,0.14285714285714285,-63.0,135.3,16.0,24.0,0.4,1.825416549505162,35,40,22,18,0.045228601991935104,0,0,0,0,0,0,0,0,0,-1,0,0,0,0,0
1bg2,A,235,SER,-0.8,89.0,0.0,1,1,S,0.11538461538461539,-83.5,-1.1,25.0,18.0,0.5813953488372093,2.041939605167546,35,26,18,8,0.04429605349725603,0,0,0,0,0,0,1,0,0,-1,0,0,0,0,0
1bg2,A,236,GLU,-3.5,138.4,-1.0,1,3,-,0.21649484536082475,-93.2,95.4,16.0,15.0,0.5161290322580645,2.004246974000546,28,34,9,25,0.03683566553982344,0,0,0,0,0,0,0,0,0,-1,0,0,0,0,0
1bg2,A,237,LYS,-3.9,168.6,1.0,2,0,-,0.43414634146341463,-73.0,-34.6,10.0,15.0,0.4,1.9063476709968188,20,22,20,2,0.0363693912924839,0,0,0,0,0,0,0,0,0,-1,0,0,0,0,0
1bg2,A,238,VAL,4.2,140.0,0.0,0,0,-,0.647887323943662,-58.0,158.3,5.0,15.0,0.25,1.952029275042127,20,29,26,3,0.027510180593032695,0,0,0,0,0,0,0,0,0,-1,0,0,0,0,0
1bg2,A,239,SER,-0.8,89.0,0.0,1,1,-,0.7769230769230769,71.6,30.1,6.0,10.0,0.375,1.7396717098173935,15,28,24,4,0.01958351838826056,0,0,0,0,0,0,0,0,0,-1,0,0,0,0,0
1bg2,A,240,LYS,-3.9,168.6,1.0,2,0,-,0.5414634146341464,-72.7,104.0,15.0,5.0,0.75,1.8706694074644596,17,23,29,-6,0.026577632098353617,0,0,0,0,0,0,0,0,0,0,7590,10,0,706,1
1bg2,A,241,THR,-0.7,116.1,0.0,1,1,-,0.9577464788732394,-86.9,150.9,1.0,15.0,0.0625,1.7767260229207906,14,19,13,6,0.01678587290422334,0,0,0,0,0,0,0,0,0,-1,0,0,0,0,0
1bg2,A,242,GLY,-0.4,60.1,0.0,0,0,S,0.9404761904761905,147.4,-144.2,5.0,7.0,0.4166666666666667,1.7096105230549468,12,11,15,-4,0.01492077591486519,0,0,0,0,0,0,1,0,0,-1,0,0,0,0,0
1bg2,A,243,ALA,1.8,88.6,0.0,0,0,S,1.0,-99.9,122.5,0.0,10.0,0.0,1.7675313031986104,11,9,14,-5,0.013521953172846577,0,0,0,0,0,0,1,0,0,-1,0,0,0,0,0
1bg2,A,244,GLU,-3.5,138.4,-1.0,1,3,S,0.7371134020618557,177.3,-152.5,8.0,4.0,0.6666666666666666,1.7084638046927254,12,9,14,-5,0.01818469564624195,0,0,0,0,0,0,1,0,0,-1,0,0,0,0,0
1bg2,A,245,GLY,-0.4,60.1,0.0,0,0,-,0.2976190476190476,-68.4,97.4,5.0,6.0,0.45454545454545453,1.7097832450258847,11,2,25,-23,0.021914889624958248,0,0,0,0,0,0,0,0,0,-1,0,0,0,0,0
1bg2,A,246,ALA,1.8,88.6,0.0,0,0,T,1.0,-36.8,-77.0,0.0,11.0,0.0,1.7675327770547582,10,1,19,-18,0.01958351838826056,0,0,0,0,0,1,0,0,0,-1,0,0,0,0,0
1bg2,A,247,VAL,4.2,140.0,0.0,0,0,T,1.0,-96.3,33.2,0.0,9.0,0.0,1.8337827147893504,6,0,16,-16,0.014454501667525653,0,0,0,0,0,1,0,0,0,-1,0,0,0,0,0
1bg2,A,248,LEU,3.8,166.7,0.0,0,0,S,0.7621951219512195,-161.7,82.8,1.0,8.0,0.1111111111111111,1.8821186180493368,7,0,26,-26,0.020516066882939634,0,0,0,0,0,0,1,0,0,-1,0,0,0,0,0
1bg2,A,249,ASP,-3.5,111.1,-1.0,1,3,-,0.39263803680981596,-152.6,152.4,12.0,2.0,0.8571428571428571,1.672111065749104,15,16,18,-2,0.02471253510899547,0,0,0,0,0,0,0,0,0,-1,0,0,0,0,0
1bg2,A,250,GLU,-3.5,138.4,-1.0,1,3,-,0.7628865979381443,178.9,23.2,1.0,14.0,0.06666666666666667,1.7568617734609624,13,17,14,3,0.019117244140921023,0,0,0,0,0,0,0,0,0,-1,0,0,0,0,0
1bg2,A,251,ALA,1.8,88.6,0.0,0,0,-,0.5660377358490566,-96.0,106.9,7.0,9.0,0.4375,1.7676344786955311,14,26,25,1,0.020516066882939634,0,0,0,0,0,0,0,0,0,-1,0,0,0,0,0
1bg2,A,252,LYS,-3.9,168.6,1.0,2,0,-,0.35121951219512193,-178.5,133.6,12.0,3.0,0.8,1.925016746596403,18,25,24,1,0.02611135785101408,0,0,0,0,0,0,0,0,0,-1,0,0,0,0,0
1bg2,A,253,ASN,-3.5,114.1,0.0,2,2,-,0.8535031847133758,-95.4,174.5,5.0,10.0,0.3333333333333333,1.7221793105940435,14,31,5,26,0.022381163872297785,0,0,0,0,0,0,0,0,0,-1,0,0,0,0,0
1bg2,A,254,ILE,4.5,166.7,0.0,0,0,-,0.5088757396449705,-79.5,142.0,9.0,14.0,0.391304347826087,1.854668546309019,23,30,7,23,0.032639197313767604,0,0,0,0,0,0,0,0,0,-1,0,0,0,0,0
1bg2,A,255,ASN,-3.5,114.1,0.0,2,2,-,0.2611464968152866,-50.3,132.0,19.0,10.0,0.6551724137931034,2.079886147907136,29,43,13,30,0.034970568550465285,0,0,0,0,0,0,0,0,0,-1,0,0,0,0,0
1bg2,A,256,LYS,-3.9,168.6,1.0,2,0,H,0.5560975609756098,-48.7,-43.1,11.0,19.0,0.36666666666666664,1.942915565405842,23,19,16,3,0.03310547156110714,1,0,0,0,0,0,0,0,0,8,24,9,0,2,1
1bg2,A,257,SER,-0.8,89.0,0.0,1,1,H,0.015384615384615385,-73.6,-36.3,24.0,17.0,0.5853658536585366,2.7788571093920442,37,32,15,17,0.04476232774459557,1,0,0,0,0,0,0,0,0,-1,0,0,0,0,0
1bg2,A,258,LEU,3.8,166.7,0.0,0,0,H,0.018292682926829267,-65.9,-43.5,22.0,19.0,0.5365853658536586,2.554413604370489,37,28,7,21,0.045228601991935104,1,0,0,0,0,0,0,0,0,3,24,12,0,3,1
1bg2,A,259,SER,-0.8,89.0,0.0,1,1,H,0.3769230769230769,-66.4,-38.5,7.0,20.0,0.25925925925925924,1.8622239791576616,23,18,9,9,0.03823448828184205,1,0,0,0,0,0,0,0,0,-1,0,0,0,0,0
1bg2,A,260,ALA,1.8,88.6,0.0,0,0,H,0.009433962264150943,-65.4,-37.2,15.0,12.0,0.5555555555555556,2.580355801414112,32,30,11,19,0.04476232774459557,1,0,0,0,0,0,0,0,0,-1,0,0,0,0,0
1bg2,A,261,LEU,3.8,166.7,0.0,0,0,H,0.006097560975609756,-68.6,-40.4,18.0,22.0,0.45,4.833793074940694,36,17,7,10,0.048958795970651406,1,0,0,0,0,0,0,0,0,3,24,12,0,3,1
1bg2,A,262,GLY,-0.4,60.1,0.0,0,0,H,0.0,-57.9,-50.3,12.0,21.0,0.36363636363636365,2.3886494707656842,35,14,7,7,0.04103213376587927,1,0,0,0,0,0,0,0,0,3,24,12,0,3,1
1bg2,A,263,ASN,-3.5,114.1,0.0,2,2,H,0.5414012738853503,-61.6,-36.5,12.0,14.0,0.46153846153846156,1.778216220838942,25,14,12,2,0.03870076252918159,1,0,0,0,0,0,0,0,0,3,24,12,0,3,1
1bg2,A,264,VAL,4.2,140.0,0.0,0,0,H,0.0,-68.2,-42.1,19.0,17.0,0.5277777777777778,4.651150336559342,38,14,16,-2,0.04755997322863279,1,0,0,0,0,0,0,0,0,-1,0,0,0,0,0
1bg2,A,265,ILE,4.5,166.7,0.0,0,0,H,0.01775147928994083,-67.8,-44.5,19.0,22.0,0.4634146341463415,4.928344967134298,37,22,10,12,0.043363505002576956,1,0,0,0,0,0,0,0,0,-1,0,0,0,0,0
1bg2,A,266,SER,-0.8,89.0,0.0,1,1,H,0.15384615384615385,-60.9,-43.0,8.0,21.0,0.27586206896551724,2.108096401359771,29,20,12,8,0.040565859518539735,1,0,0,0,0,0,0,0,0,3,24,12,0,3,1
1bg2,A,267,ALA,1.8,88.6,0.0,0,0,H,0.09433962264150944,-60.9,-43.8,14.0,12.0,0.5384615384615384,2.333906594075726,27,11,18,-7,0.04149840801321881,1,0,0,0,0,0,0,0,0,-1,0,0,0,0,0
1bg2,A,268,LEU,3.8,166.7,0.0,0,0,H,0.006097560975609756,-66.9,-41.7,22.0,11.0,0.6666666666666666,3.169715862078796,33,6,19,-13,0.04429605349725603,1,0,0,0,0,0,0,0,0,-1,0,0,0,0,0
1bg2,A,269,ALA,1.8,88.6,0.0,0,0,H,0.32075471698113206,-60.6,-33.3,14.0,15.0,0.4827586206896552,2.0142558005983595,26,17,18,-1,0.04149840801321881,1,0,0,0,0,0,0,0,0,-1,0,0,0,0,0
1bg2,A,270,GLU,-3.5,138.4,-1.0,1,3,T,0.7731958762886598,-79.6,-3.1,9.0,11.0,0.45,1.7355461838485626,19,14,6,8,0.02471253510899547,0,0,0,0,0,1,0,0,0,-1,0,0,0,0,0
1bg2,A,271,GLY,-0.4,60.1,0.0,0,0,T,0.5476190476190477,70.1,22.6,3.0,19.0,0.13636363636363635,1.7653141908977399,16,1,18,-17,0.02844272908771177,0,0,0,0,0,1,0,0,0,-1,0,0,0,0,0
1bg2,A,272,SER,-0.8,89.0,0.0,1,1,-,0.3,-68.0,138.8,11.0,7.0,0.6111111111111112,1.8040900463896294,17,0,17,-17,0.028909003335051305,0,0,0,0,0,0,0,0,0,2,91,4,0,4,1
1bg2,A,273,THR,-0.7,116.1,0.0,1,1,S,1.0,-75.2,-24.3,0.0,16.0,0.0,1.776744629957485,11,0,13,-13,0.019117244140921023,0,0,0,0,0,0,1,0,0,2,91,4,0,4,1
1bg2,A,274,TYR,-1.3,193.6,0.0,1,1,-,0.7387387387387387,-108.1,121.1,2.0,17.0,0.10526315789473684,1.8300150680048752,15,5,5,0,0.022381163872297785,0,0,0,0,0,0,0,0,0,2,91,4,0,4,1
1bg2,A,275,VAL,4.2,140.0,0.0,0,0,-,0.14788732394366197,-113.2,130.9,21.0,7.0,0.75,2.170824281809411,27,8,15,-7,0.03450429430312575,0,0,0,0,0,0,0,0,0,2,91,4,0,4,1
1bg2,A,276,PRO,-1.6,112.7,0.0,0,0,-,0.1323529411764706,-75.6,55.8,12.0,15.0,0.4444444444444444,2.168089524539485,22,10,8,2,0.03683566553982344,0,0,0,0,0,0,0,0,0,2,91,4,0,4,1
1bg2,A,277,TYR,-1.3,193.6,0.0,1,1,G,0.11261261261261261,-59.8,-35.4,12.0,19.0,0.3870967741935484,2.344386037116444,30,24,16,8,0.04616115048661418,0,0,0,1,0,0,0,0,0,-1,0,0,0,0,0
1bg2,A,278,ARG,-4.5,173.4,1.0,5,0,G,0.2661290322580645,-64.4,-7.2,2.0,21.0,0.08695652173913043,1.8178038861180883,21,23,14,9,0.032639197313767604,0,0,0,1,0,0,0,0,0,-1,0,0,0,0,0
1bg2,A,279,ASP,-3.5,111.1,-1.0,1,3,G,0.4294478527607362,-60.6,-14.7,15.0,9.0,0.625,1.7080357189339317,23,29,3,26,0.03450429430312575,0,0,0,1,0,0,0,0,0,-1,0,0,0,0,0
1bg2,A,280,SER,-0.8,89.0,0.0,1,1,S,0.023076923076923078,-164.2,158.9,19.0,10.0,0.6551724137931034,2.5394236020769787,30,38,16,22,0.04289723075523742,0,0,0,0,0,0,1,0,0,8,24,9,0,2,1
1bg2,A,281,LYS,-3.9,168.6,1.0,2,0,H,0.23414634146341465,-62.0,-41.1,17.0,18.0,0.4857142857142857,2.5274969190103196,31,39,16,23,0.04476232774459557,1,0,0,0,0,0,0,0,0,8,24,9,0,2,1
1bg2,A,282,MET,1.9,162.9,0.0,0,0,H,0.0,-57.2,-55.0,26.0,23.0,0.5306122448979592,5.409289281452571,40,42,20,22,0.04476232774459557,1,0,0,0,0,0,0,0,0,-1,0,0,0,0,0
1bg2,A,283,THR,-0.7,116.1,0.0,1,1,H,0.0,-65.1,-26.0,17.0,18.0,0.4857142857142857,5.190891803623479,37,27,15,12,0.050823892960009553,1,0,0,0,0,0,0,0,0,-1,0,0,0,0,0
1bg2,A,284,ARG,-4.5,173.4,1.0,5,0,H,0.25,-71.9,-43.9,12.0,18.0,0.4,2.1079643918845075,27,27,22,5,0.04662742473395372,1,0,0,0,0,0,0,0,0,24,4,3,0,0,1
1bg2,A,285,ILE,4.5,166.7,0.0,0,0,H,0.0,-65.0,-44.1,20.0,17.0,0.5405405405405406,3.6137089767649533,35,31,15,16,0.050823892960009553,1,0,0,0,0,0,0,0,0,-1,0,0,0,0,0
1bg2,A,286,LEU,3.8,166.7,0.0,0,0,G,0.0,-74.8,-5.6,25.0,17.0,0.5952380952380952,5.6810497164614,40,22,9,13,0.048026247475972325,0,0,0,1,0,0,0,0,0,25,0,13,0,0,1
1bg2,A,287,GLN,-3.5,143.8,0.0,2,2,G,0.21212121212121213,-45.3,-40.0,17.0,22.0,0.4358974358974359,2.1980050870145873,33,30,15,15,0.04476232774459557,0,0,0,1,0,0,0,0,0,26,0,9,0,0,1
1bg2,A,288,ASP,-3.5,111.1,-1.0,1,3,G,0.2147239263803681,-87.9,6.2,11.0,20.0,0.3548387096774194,2.0774522778992885,34,27,4,23,0.04429605349725603,0,0,0,1,0,0,0,0,0,25,0,13,0,0,1
1bg2,A,289,SER,-0.8,89.0,0.0,1,1,T,0.0,-133.6,4.7,27.0,14.0,0.6585365853658537,3.4864422689535224,36,22,8,14,0.04942507021799094,0,0,0,0,0,1,0,0,0,25,0,13,0,0,1
1bg2,A,290,LEU,3.8,166.7,0.0,0,0,S,0.006097560975609756,-129.1,119.3,22.0,20.0,0.5238095238095238,3.8342220373736193,37,10,10,0,0.04616115048661418,0,0,0,0,0,0,1,0,0,25,0,13,0,0,1
1bg2,A,291,GLY,-0.4,60.1,0.0,0,0,S,0.03571428571428571,78.5,177.3,20.0,22.0,0.47619047619047616,2.2139502167508955,32,12,23,-11,0.04755997322863279,0,0,0,0,0,0,1,0,0,-1,0,0,0,0,0
1bg2,A,292,GLY,-0.4,60.1,0.0,0,0,S,0.2619047619047619,80.8,-110.4,12.0,19.0,0.3870967741935484,2.248746381618944,27,12,22,-10,0.03730193978716297,0,0,0,0,0,0,1,0,0,5,57,5,0,2,1
1bg2,A,293,ASN,-3.5,114.1,0.0,2,2,S,0.4140127388535032,-119.6,30.3,7.0,19.0,0.2692307692307692,1.8007783736287852,22,11,23,-12,0.03823448828184205,0,0,0,0,0,0,1,0,0,-1,0,0,0,0,0
1bg2,A,294,CYS,2.5,108.5,0.0,1,0,-,0.08148148148148149,-114.4,151.6,18.0,18.0,0.5,2.85046270372002,33,15,30,-15,0.04709369898129325,0,0,0,0,0,0,0,0,0,25,0,13,0,0,1
1bg2,A,295,ARG,-4.5,173.4,1.0,5,0,E,0.16129032258064516,-94.8,144.5,15.0,24.0,0.38461538461538464,2.4102259854882497,34,21,16,5,0.04709369898129325,0,0,1,0,0,0,0,0,0,-1,0,0,0,0,0
1bg2,A,296,THR,-0.7,116.1,0.0,1,1,E,0.014084507042253521,-143.4,127.6,20.0,23.0,0.46511627906976744,2.8546218402213985,36,19,5,14,0.04989134446533048,0,0,1,0,0,0,0,0,0,-1,0,0,0,0,0
1bg2,A,297,THR,-0.7,116.1,0.0,1,1,E,0.056338028169014086,-119.3,132.8,21.0,23.0,0.4772727272727273,3.0356817064739636,41,20,10,10,0.04755997322863279,0,0,1,0,0,0,0,0,0,-1,0,0,0,0,0
1bg2,A,298,ILE,4.5,166.7,0.0,0,0,E,0.011834319526627219,-118.4,122.4,20.0,27.0,0.425531914893617,6.202830435772914,41,15,6,9,0.04989134446533048,0,0,1,0,0,0,0,0,0,-1,0,0,0,0,0
1bg2,A,299,VAL,4.2,140.0,0.0,0,0,E,0.0,-106.8,105.3,25.0,21.0,0.5434782608695652,6.242456055685041,43,29,6,23,0.048492521723311866,0,0,1,0,0,0,0,0,0,-1,0,0,0,0,0
1bg2,A,300,ILE,4.5,166.7,0.0,0,0,E,0.0,-87.7,128.5,20.0,29.0,0.40816326530612246,5.741561122282432,42,24,2,22,0.04989134446533048,0,0,1,0,0,0,0,0,0,-1,0,0,0,0,0
1bg2,A,301,CYS,2.5,108.5,0.0,1,0,E,0.007407407407407408,-107.8,142.2,21.0,25.0,0.45652173913043476,3.0698094662366846,40,37,4,33,0.0526889899493677,0,0,1,0,0,0,0,0,0,-1,0,0,0,0,0
1bg2,A,302,CYS,2.5,108.5,0.0,1,0,E,0.007407407407407408,-141.4,150.3,29.0,21.0,0.58,3.721234609546768,43,29,14,15,0.0526889899493677,0,0,1,0,0,0,0,0,0,-1,0,0,0,0,0
1bg2,A,303,SER,-0.8,89.0,0.0,1,1,-,0.007692307692307693,-89.1,139.9,18.0,24.0,0.42857142857142855,3.331653243245873,39,21,23,-2,0.050823892960009553,0,0,0,0,0,0,0,0,0,-1,0,0,0,0,0
1bg2,A,304,PRO,-1.6,112.7,0.0,0,0,-,0.0,-85.4,9.2,18.0,21.0,0.46153846153846156,4.844529441387088,35,23,24,-1,0.05408781269138631,0,0,0,0,0,0,0,0,0,13,24,6,0,1,1
1bg2,A,305,SER,-0.8,89.0,0.0,1,1,B,0.0,-68.7,140.6,18.0,15.0,0.5454545454545454,4.248099621543774,29,26,31,-5,0.05129016720734909,0,1,0,0,0,0,0,0,0,13,24,6,0,1,1
1bg2,A,306,SER,-0.8,89.0,0.0,1,1,G,0.34615384615384615,-63.5,-29.0,8.0,16.0,0.3333333333333333,2.0891661142352267,24,22,26,-4,0.03916703677652112,0,0,0,1,0,0,0,0,0,19,24,1,0,0,1
1bg2,A,307,TYR,-1.3,193.6,0.0,1,1,G,0.6801801801801802,-68.6,-32.1,10.0,12.0,0.45454545454545453,1.8428300103582596,22,16,29,-13,0.03450429430312575,0,0,0,1,0,0,0,0,0,15,6,9,0,0,1
1bg2,A,308,ASN,-3.5,114.1,0.0,2,2,G,0.17197452229299362,-102.5,24.3,19.0,11.0,0.6333333333333333,2.213857048528634,32,21,35,-14,0.03916703677652112,0,0,0,1,0,0,0,0,0,13,24,6,0,1,1
1bg2,A,309,GLU,-3.5,138.4,-1.0,1,3,H,0.31443298969072164,-55.8,-50.9,10.0,14.0,0.4166666666666667,2.135347142107234,26,13,8,5,0.03823448828184205,1,0,0,0,0,0,0,0,0,13,24,6,0,1,1
1bg2,A,310,SER,-0.8,89.0,0.0,1,1,H,0.6076923076923076,-64.8,-37.6,2.0,20.0,0.09090909090909091,1.7396669790610433,21,9,20,-11,0.028909003335051305,1,0,0,0,0,0,0,0,0,10,17,8,0,1,1
1bg2,A,311,GLU,-3.5,138.4,-1.0,1,3,H,0.12371134020618557,-67.6,-40.7,21.0,10.0,0.6774193548387096,2.1474958749902777,27,17,15,2,0.03683566553982344,1,0,0,0,0,0,0,0,0,-1,0,0,0,0,0
1bg2,A,312,THR,-0.7,116.1,0.0,1,1,H,0.014084507042253521,-60.6,-45.4,20.0,18.0,0.5263157894736842,5.290093573126555,36,11,19,-8,0.04709369898129325,1,0,0,0,0,0,0,0,0,-1,0,0,0,0,0
1bg2,A,313,LYS,-3.9,168.6,1.0,2,0,H,0.32195121951219513,-53.4,-45.9,9.0,26.0,0.2571428571428571,2.4005390544352654,27,9,18,-9,0.03870076252918159,1,0,0,0,0,0,0,0,0,10,17,8,0,1,1
1bg2,A,314,SER,-0.8,89.0,0.0,1,1,H,0.4076923076923077,-58.8,-49.2,14.0,14.0,0.5,1.7999099725453245,27,19,19,0,0.03590311704514436,1,0,0,0,0,0,0,0,0,-1,0,0,0,0,0
1bg2,A,315,THR,-0.7,116.1,0.0,1,1,H,0.007042253521126761,-58.9,-48.5,27.0,12.0,0.6923076923076923,3.713916220432203,39,16,15,1,0.05035761871267001,1,0,0,0,0,0,0,0,0,-1,0,0,0,0,0
1bg2,A,316,LEU,3.8,166.7,0.0,0,0,H,0.0,-57.9,-43.1,18.0,22.0,0.45,5.154864292218658,38,21,10,11,0.04709369898129325,1,0,0,0,0,0,0,0,0,-1,0,0,0,0,0
1bg2,A,317,LEU,3.8,166.7,0.0,0,0,H,0.524390243902439,-62.8,-43.3,7.0,21.0,0.25,2.112910020055172,24,27,4,23,0.03963331102386066,1,0,0,0,0,0,0,0,0,3,24,12,0,3,1
1bg2,A,318,PHE,2.8,189.9,0.0,0,0,H,0.06598984771573604,-59.2,-47.8,24.0,13.0,0.6486486486486487,2.6770817950040704,36,16,1,15,0.04196468226055834,1,0,0,0,0,0,0,0,0,3,24,12,0,3,1
1bg2,A,319,GLY,-0.4,60.1,0.0,0,0,H,0.03571428571428571,-58.6,-34.0,26.0,15.0,0.6341463414634146,2.773876366962108,34,27,3,24,0.05175644145468863,1,0,0,0,0,0,0,0,0,3,24,12,0,3,1
1bg2,A,320,GLN,-3.5,143.8,0.0,2,2,H,0.22727272727272727,-67.5,-15.3,9.0,21.0,0.3,1.8986545086145017,26,27,3,24,0.03823448828184205,1,0,0,0,0,0,0,0,0,-1,0,0,0,0,0
1bg2,A,321,ARG,-4.5,173.4,1.0,5,0,T,0.35080645161290325,-54.4,-20.9,15.0,15.0,0.5,2.0847618757859525,29,8,6,2,0.03683566553982344,0,0,0,0,0,1,0,0,0,3,24,12,0,3,1
1bg2,A,322,ALA,1.8,88.6,0.0,0,0,S,0.05660377358490566,-101.5,72.5,19.0,15.0,0.5588235294117647,2.1569112925597045,33,25,11,14,0.04149840801321881,0,0,0,0,0,0,1,0,0,7,46,4,0,2,1
1bg2,A,323,LYS,-3.9,168.6,1.0,2,0,-,0.7365853658536585,-61.1,107.6,5.0,20.0,0.2,1.9297579686924076,22,8,9,-1,0.02471253510899547,0,0,0,0,0,0,0,0,0,7,46,4,0,2,1
1bg2,A,324,THR,-0.7,116.1,0.0,1,1,-,0.5352112676056338,-95.9,165.7,11.0,13.0,0.4583333333333333,1.7766912790468588,17,22,9,13,0.02144861537761871,0,0,0,0,0,0,0,0,0,7,46,4,0,2,1
1bg2,A,325,ILE,4.5,166.7,0.0,0,0,-,1.0,-154.1,360.0,3.0,11.0,0.21428571428571427,1.8546310875774437,8,7,4,3,0.009325484946790743,0,0,0,0,0,0,0,0,0,7,46,4,0,2,1
1yee,L,1,ASP,-3.5,111.1,-1.0,1,3,-,0.7791411042944786,360.0,153.6,12.0,7.0,0.631578947368421,1.7055492046060903,16,17,2,15,0.02611135785101408,0,0,0,0,0,0,0,0,0,-1,0,0,0,0,0
1yee,L,2,ILE,4.5,166.7,0.0,0,0,-,0.04142011834319527,-73.7,127.0,20.0,2.0,0.9090909090909091,2.3402793731938467,20,13,8,5,0.03870076252918159,0,0,0,0,0,0,0,0,0,-1,0,0,0,0,0
1yee,L,3,VAL,4.2,140.0,0.0,0,0,-,0.6338028169014085,-91.3,132.5,3.0,22.0,0.12,1.9629971422632695,20,13,8,5,0.03170664881908853,0,0,0,0,0,0,0,0,0,-1,0,0,0,0,0
1yee,L,4,MET,1.9,162.9,0.0,0,0,E,0.047872340425531915,-108.0,116.6,22.0,13.0,0.6285714285714286,2.9137929331493435,34,10,6,4,0.045228601991935104,0,0,1,0,0,0,0,0,0,0,4866,7,0,359,1
1yee,L,5,THR,-0.7,116.1,0.0,1,1,E,0.5845070422535211,-106.8,121.8,6.0,22.0,0.21428571428571427,1.9164892140286824,25,9,3,6,0.032639197313767604,0,0,1,0,0,0,0,0,0,0,4866,7,0,359,1
1yee,L,6,GLN,-3.5,143.8,0.0,2,2,E,0.03535353535353535,-106.3,143.8,18.0,14.0,0.5625,2.7089402965360403,32,8,0,8,0.04289723075523742,0,0,1,0,0,0,0,0,0,-1,0,0,0,0,0
1yee,L,7,SER,-0.8,89.0,0.0,1,1,E,0.45384615384615384,-151.1,142.7,4.0,23.0,0.14814814814814814,1.9473877342726311,23,9,0,9,0.030774100324409453,0,0,1,0,0,0,0,0,0,-1,0,0,0,0,0
1yee,L,8,PRO,-1.6,112.7,0.0,0,0,-,0.38235294117647056,-76.5,166.2,8.0,17.0,0.32,2.2922153812716277,22,6,1,5,0.03124037457174899,0,0,0,0,0,0,0,0,0,-1,0,0,0,0,0
1yee,L,9,LEU,3.8,166.7,0.0,0,0,S,0.6951219512195121,-71.0,-24.1,2.0,21.0,0.08695652173913043,1.8945664816979575,18,7,0,7,0.02797645484037223,0,0,0,0,0,0,1,0,0,15,24,18,0,4,1
1yee,L,10,THR,-0.7,116.1,0.0,1,1,E,0.5563380281690141,-156.5,145.3,4.0,21.0,0.16,1.91632060725556,20,12,9,3,0.030307826077069916,0,0,1,0,0,0,0,0,0,15,24,18,0,4,1
1yee,L,11,LEU,3.8,166.7,0.0,0,0,E,0.17073170731707318,-143.2,142.3,15.0,11.0,0.5769230769230769,2.2246430039135188,30,10,12,-2,0.03403802005578621,0,0,1,0,0,0,0,0,0,15,24,18,0,4,1
1yee,L,12,SER,-0.8,89.0,0.0,1,1,E,0.3769230769230769,-114.9,116.9,8.0,22.0,0.26666666666666666,1.8718480636596337,23,17,9,8,0.034970568550465285,0,0,1,0,0,0,0,0,0,-1,0,0,0,0,0
1yee,L,13,VAL,4.2,140.0,0.0,0,0,E,0.1056338028169014,-124.1,147.6,19.0,8.0,0.7037037037037037,2.454326374020496,28,12,20,-8,0.040099585271200194,0,0,1,0,0,0,0,0,0,11,115,7,0,8,1
1yee,L,14,THR,-0.7,116.1,0.0,1,1,-,0.4225352112676056,-90.0,146.0,2.0,20.0,0.09090909090909091,2.1406094123714237,20,12,10,2,0.034970568550465285,0,0,0,0,0,0,0,0,0,11,115,7,0,8,1
1yee,L,15,ILE,4.5,166.7,0.0,0,0,T,0.47337278106508873,-56.1,136.0,10.0,15.0,0.4,1.9281491170396332,24,19,18,1,0.035436842797804825,0,0,0,0,0,1,0,0,0,11,115,7,0,8,1
1yee,L,16,GLY,-0.4,60.1,0.0,0,0,T,0.20238095238095238,96.5,-11.0,2.0,16.0,0.1111111111111111,1.9043918246639695,16,16,12,4,0.030774100324409453,0,0,0,0,0,1,0,0,0,19,15,6,0,1,1
1yee,L,17,GLN,-3.5,143.8,0.0,2,2,S,0.5303030303030303,-103.6,161.8,9.0,11.0,0.45,2.182396483101106,16,11,6,5,0.03170664881908853,0,0,0,0,0,0,1,0,0,19,15,6,0,1,1
1yee,L,18,PRO,-1.6,112.7,0.0,0,0,-,0.5882352941176471,-83.7,161.8,5.0,18.0,0.21739130434782608,2.0322193625686693,20,22,2,20,0.03170664881908853,0,0,0,0,0,0,0,0,0,19,15,6,0,1,1
1yee,L,19,ALA,1.8,88.6,0.0,0,0,E,0.14150943396226415,-151.2,159.1,24.0,9.0,0.7272727272727273,1.8640185013890753,28,20,6,14,0.032639197313767604,0,0,1,0,0,0,0,0,0,19,15,6,0,1,1
1yee,L,20,SER,-0.8,89.0,0.0,1,1,E,0.47692307692307695,-155.1,140.9,8.0,23.0,0.25806451612903225,1.8294897273109048,27,10,0,10,0.03310547156110714,0,0,1,0,0,0,0,0,0,-1,0,0,0,0,0
1yee,L,21,ILE,4.5,166.7,0.0,0,0,E,0.011834319526627219,-120.7,146.9,25.0,14.0,0.6410256410256411,3.152218040495119,34,13,0,13,0.04196468226055834,0,0,1,0,0,0,0,0,0,-1,0,0,0,0,0
1yee,L,22,SER,-0.8,89.0,0.0,1,1,E,0.34615384615384615,-116.5,146.7,6.0,27.0,0.18181818181818182,2.080535234008835,29,12,8,4,0.040099585271200194,0,0,1,0,0,0,0,0,0,0,4866,7,0,359,1
1yee,L,23,CYS,2.5,108.5,0.0,1,0,E,0.0,-137.9,127.6,26.0,14.0,0.65,2.7964638157026034,36,9,8,1,0.048958795970651406,0,0,1,0,0,0,0,0,0,0,4866,7,0,359,1
1yee,L,24,LYS,-3.9,168.6,1.0,2,0,E,0.44390243902439025,-122.0,132.1,5.0,28.0,0.15151515151515152,1.9814664206537538,21,0,8,-8,0.04196468226055834,0,0,1,0,0,0,0,0,0,0,4866,7,0,359,1
1yee,L,25,SER,-0.8,89.0,0.0,1,1,E,0.015384615384615385,-102.4,152.2,25.0,11.0,0.6944444444444444,2.6209555030445073,26,15,10,5,0.04709369898129325,0,0,1,0,0,0,0,0,0,0,4866,7,0,359,1
1yee,L,26,SER,-0.8,89.0,0.0,1,1,S,0.5153846153846153,-71.9,-15.8,8.0,13.0,0.38095238095238093,1.7396178779769425,16,15,7,8,0.03310547156110714,0,0,0,0,0,0,1,0,0,-1,0,0,0,0,0
1yee,L,27,GLN,-3.5,143.8,0.0,2,2,T,0.9076923076923077,-66.1,-9.8,11.0,12.0,0.4782608695652174,2.1085255349678484,15,16,5,11,0.03124037457174899,0,0,0,0,0,1,0,0,0,23,24,1,0,0,1
1yee,L,27,SER,-0.8,89.0,0.0,1,1,T,0.9076923076923077,-66.1,-9.8,6.0,20.0,0.23076923076923078,1.8637641139908734,18,16,7,9,0.03403802005578621,0,0,0,0,0,1,0,0,0,23,24,1,0,0,1
1yee,L,27,LEU,3.8,166.7,0.0,0,0,T,0.9076923076923077,-66.1,-9.8,26.0,10.0,0.7222222222222222,4.176525675275466,29,19,5,14,0.05222271570202816,0,0,0,0,0,1,0,0,0,23,24,1,0,0,1
1yee,L,27,LEU,3.8,166.7,0.0,0,0,T,0.9076923076923077,-66.1,-9.8,7.0,16.0,0.30434782608695654,2.074083106791071,15,13,0,13,0.03730193978716297,0,0,0,0,0,1,0,0,0,23,24,1,0,0,1
1yee,L,27,TYR,-1.3,193.6,0.0,1,1,T,0.9076923076923077,-66.1,-9.8,13.0,8.0,0.6190476190476191,2.0594163361784488,13,19,5,14,0.03870076252918159,0,0,0,0,0,1,0,0,0,23,24,1,0,0,1
1yee,L,27,SER,-0.8,89.0,0.0,1,1,T,0.9076923076923077,-66.1,-9.8,1.0,10.0,0.09090909090909091,1.7396260557549,8,8,3,5,0.02098234113027917,0,0,0,0,0,1,0,0,0,23,24,1,0,0,1
1yee,L,28,ASN,-3.5,114.1,0.0,2,2,T,0.3503184713375796,-98.2,7.3,5.0,5.0,0.5,2.051937795372528,10,11,9,2,0.024246260861655933,0,0,0,0,0,1,0,0,0,33,0,5,0,0,1
1yee,L,29,GLY,-0.4,60.1,0.0,0,0,S,0.6666666666666666,83.0,9.5,0.0,14.0,0.0,1.709725462845078,10,10,6,4,0.02471253510899547,0,0,0,0,0,0,1,0,0,23,24,1,0,0,1
1yee,L,30,LYS,-3.9,168.6,1.0,2,0,-,0.36097560975609755,-109.3,150.9,11.0,11.0,0.5,2.2541847693880985,15,6,15,-9,0.03683566553982344,0,0,0,0,0,0,0,0,0,33,0,5,0,0,1
1yee,L,31,THR,-0.7,116.1,0.0,1,1,B,0.176056338028169,-120.3,108.2,18.0,14.0,0.5625,1.9582996639564942,27,16,3,13,0.045228601991935104,0,1,0,0,0,0,0,0,0,23,24,1,0,0,1
1yee,L,32,TYR,-1.3,193.6,0.0,1,1,-,0.08558558558558559,-87.6,82.6,16.0,23.0,0.41025641025641024,1.9597417848701275,22,22,13,9,0.048958795970651406,0,0,0,0,0,0,0,0,0,33,0,5,0,0,1
1yee,L,33,LEU,3.8,166.7,0.0,0,0,E,0.0,-126.7,125.1,23.0,21.0,0.5227272727272727,3.309796897546477,40,16,4,12,0.05035761871267001,0,0,1,0,0,0,0,0,0,0,4866,7,0,359,1
1yee,L,34,SER,-0.8,89.0,0.0,1,1,E,0.038461538461538464,-121.4,160.4,19.0,23.0,0.4523809523809524,2.4973766062891616,40,19,7,12,0.053155264196707235,0,0,1,0,0,0,0,0,0,-1,0,0,0,0,0
1yee,L,35,TRP,-0.9,227.8,0.0,1,0,E,0.0,-124.1,134.5,22.0,20.0,0.5238095238095238,6.561673578357831,44,20,1,19,0.05035761871267001,0,0,1,0,0,0,0,0,0,-1,0,0,0,0,0
1yee,L,36,LEU,3.8,166.7,0.0,0,0,E,0.0,-121.1,159.4,19.0,21.0,0.475,4.588888757247071,32,20,7,13,0.0526889899493677,0,0,1,0,0,0,0,0,0,-1,0,0,0,0,0
1yee,L,37,LEU,3.8,166.7,0.0,0,0,E,0.036585365853658534,-132.8,136.7,12.0,22.0,0.35294117647058826,2.391988707255825,30,27,9,18,0.04942507021799094,0,0,1,0,0,0,0,0,0,-1,0,0,0,0,0
1yee,L,38,GLN,-3.5,143.8,0.0,2,2,E,0.10101010101010101,-126.3,108.3,16.0,13.0,0.5517241379310345,1.955344217636359,23,23,4,19,0.04942507021799094,0,0,1,0,0,0,0,0,0,12,24,23,0,6,1
1yee,L,39,ARG,-4.5,173.4,1.0,5,0,-,0.4314516129032258,-79.0,150.8,8.0,19.0,0.2962962962962963,1.9138347649949354,26,10,10,0,0.03823448828184205,0,0,0,0,0,0,0,0,0,12,24,23,0,6,1
1yee,L,40,PRO,-1.6,112.7,0.0,0,0,T,0.3897058823529412,-44.1,122.6,12.0,11.0,0.5217391304347826,1.8338146369995394,21,17,17,0,0.02984155182973038,0,0,0,0,0,1,0,0,0,12,24,23,0,6,1
1yee,L,41,GLY,-0.4,60.1,0.0,0,0,T,1.0,67.6,34.7,6.0,15.0,0.2857142857142857,1.7096393344590426,16,9,3,6,0.01678587290422334,0,0,0,0,0,1,0,0,0,12,24,23,0,6,1
1yee,L,42,GLN,-3.5,143.8,0.0,2,2,S,0.5454545454545454,-141.5,165.6,10.0,9.0,0.5263157894736842,1.7931322136401926,18,18,1,17,0.028909003335051305,0,0,0,0,0,0,1,0,0,12,24,23,0,6,1
1yee,L,43,SER,-0.8,89.0,0.0,1,1,-,0.2846153846153846,-79.4,155.3,16.0,14.0,0.5333333333333333,1.8017632327708417,25,20,7,13,0.040099585271200194,0,0,0,0,0,0,0,0,0,32,0,17,0,0,1
1yee,L,44,PRO,-1.6,112.7,0.0,0,0,-,0.014705882352941176,-64.9,171.0,21.0,16.0,0.5675675675675675,3.1094721571344803,27,26,7,19,0.043829779249916496,0,0,0,0,0,0,0,0,0,32,0,17,0,0,1
1yee,L,45,LYS,-3.9,168.6,1.0,2,0,E,0.375609756097561,-158.6,129.5,15.0,21.0,0.4166666666666667,2.346075805182342,24,23,16,7,0.043829779249916496,0,0,1,0,0,0,0,0,0,32,0,17,0,0,1
1yee,L,46,ARG,-4.5,173.4,1.0,5,0,E,0.004032258064516129,-69.4,151.9,23.0,16.0,0.5897435897435898,3.3554231965999417,28,16,16,0,0.04616115048661418,0,0,1,0,0,0,0,0,0,32,0,17,0,0,1
1yee,L,47,LEU,3.8,166.7,0.0,0,0,E,0.06707317073170732,-121.3,-38.0,20.0,18.0,0.5263157894736842,3.3691057720936626,39,34,16,18,0.05035761871267001,0,0,1,0,0,0,0,0,0,-1,0,0,0,0,0
1yee,L,48,ILE,4.5,166.7,0.0,0,0,E,0.0,-139.8,139.3,23.0,16.0,0.5897435897435898,4.049663646042222,34,25,11,14,0.05175644145468863,0,0,1,0,0,0,0,0,0,-1,0,0,0,0,0
1yee,L,49,TYR,-1.3,193.6,0.0,1,1,E,0.16666666666666666,-130.0,159.2,14.0,24.0,0.3684210526315789,3.308782174189764,23,21,23,-2,0.053621538444046775,0,0,1,0,0,0,0,0,0,-1,0,0,0,0,0
1yee,L,50,LEU,3.8,166.7,0.0,0,0,T,0.07317073170731707,52.9,46.3,9.0,25.0,0.2647058823529412,2.171174441369907,27,24,15,9,0.04429605349725603,0,0,0,0,0,1,0,0,0,-1,0,0,0,0,0
1yee,L,51,VAL,4.2,140.0,0.0,0,0,T,0.1056338028169014,70.9,-39.9,13.0,24.0,0.35135135135135137,2.6521984402328656,29,14,4,10,0.048492521723311866,0,0,0,0,0,1,0,0,0,-1,0,0,0,0,0
1yee,L,52,SER,-0.8,89.0,0.0,1,1,T,0.46923076923076923,-145.0,4.8,9.0,18.0,0.3333333333333333,2.048321625434571,21,11,3,8,0.03776821403450251,0,0,0,0,0,1,0,0,0,-1,0,0,0,0,0
1yee,L,53,LYS,-3.9,168.6,1.0,2,0,E,0.47317073170731705,-86.9,131.9,12.0,15.0,0.4444444444444444,2.202535550324898,21,7,15,-8,0.03310547156110714,0,0,1,0,0,0,0,0,0,-1,0,0,0,0,0
1yee,L,54,LEU,3.8,166.7,0.0,0,0,E,0.32926829268292684,-92.3,139.9,10.0,19.0,0.3448275862068966,1.9864718808163269,22,21,17,4,0.040099585271200194,0,0,1,0,0,0,0,0,0,7,115,7,0,9,1
1yee,L,55,ASP,-3.5,111.1,-1.0,1,3,P,0.0736196319018405,-75.3,166.7,18.0,12.0,0.6,2.062841863317211,21,26,10,16,0.04103213376587927,0,0,0,0,0,0,0,0,0,7,115,7,0,9,1
1yee,L,56,SER,-0.8,89.0,0.0,1,1,T,0.7846153846153846,-74.8,152.0,4.0,12.0,0.25,1.7395643664848766,15,17,17,0,0.020516066882939634,0,0,0,0,0,1,0,0,0,7,115,7,0,9,1
1yee,L,57,GLY,-0.4,60.1,0.0,0,0,T,1.0,81.2,0.3,5.0,9.0,0.35714285714285715,1.7096763128466286,14,11,14,-3,0.01678587290422334,0,0,0,0,0,1,0,0,0,7,115,7,0,9,1
1yee,L,58,VAL,4.2,140.0,0.0,0,0,-,0.2112676056338028,-102.7,128.0,18.0,2.0,0.9,1.8939140267948453,21,29,18,11,0.028909003335051305,0,0,0,0,0,0,0,0,0,7,115,7,0,9,1
1yee,L,59,PRO,-1.6,112.7,0.0,0,0,-,0.4485294117647059,-68.8,144.2,8.0,10.0,0.4444444444444444,2.1608939094505617,21,18,21,-3,0.02471253510899547,0,0,0,0,0,0,0,0,0,7,115,7,0,9,1
1yee,L,60,ASP,-3.5,111.1,-1.0,1,3,T,0.8404907975460123,-81.3,36.7,4.0,16.0,0.2,1.7346818091158056,16,15,3,12,0.025178809356335007,0,0,0,0,0,1,0,0,0,7,115,7,0,9,1
1yee,L,61,ARG,-4.5,173.4,1.0,5,0,T,0.20967741935483872,-83.3,-19.0,14.0,9.0,0.6086956521739131,2.088966588134604,26,17,25,-8,0.035436842797804825,0,0,0,0,0,1,0,0,0,-1,0,0,0,0,0
1yee,L,62,PHE,2.8,189.9,0.0,0,0,E,0.04568527918781726,-95.5,130.0,20.0,14.0,0.5882352941176471,2.7693279798128825,33,28,21,7,0.043363505002576956,0,0,1,0,0,0,0,0,0,-1,0,0,0,0,0
1yee,L,63,THR,-0.7,116.1,0.0,1,1,E,0.4859154929577465,-137.2,146.2,7.0,23.0,0.23333333333333334,2.2391719523760703,24,20,8,12,0.03916703677652112,0,0,1,0,0,0,0,0,0,-1,0,0,0,0,0
1yee,L,64,GLY,-0.4,60.1,0.0,0,0,E,0.09523809523809523,-126.6,150.6,18.0,15.0,0.5454545454545454,1.978100348251666,26,20,3,17,0.04196468226055834,0,0,1,0,0,0,0,0,0,-1,0,0,0,0,0
1yee,L,65,SER,-0.8,89.0,0.0,1,1,E,0.3153846153846154,-156.2,178.4,5.0,24.0,0.1724137931034483,2.0406798539071063,25,11,6,5,0.03403802005578621,0,0,1,0,0,0,0,0,0,-1,0,0,0,0,0
1yee,L,66,GLY,-0.4,60.1,0.0,0,0,E,0.4642857142857143,126.9,-179.4,24.0,2.0,0.9230769230769231,1.7093913383539598,22,5,8,-3,0.030307826077069916,0,0,1,0,0,0,0,0,0,-1,0,0,0,0,0
1yee,L,67,SER,-0.8,89.0,0.0,1,1,E,0.676923076923077,-174.4,158.0,2.0,23.0,0.08,1.739535570439088,17,6,8,-2,0.030774100324409453,0,0,1,0,0,0,0,0,0,-1,0,0,0,0,0
1yee,L,68,GLY,-0.4,60.1,0.0,0,0,T,0.2857142857142857,66.5,-95.9,1.0,23.0,0.041666666666666664,2.2467717855166898,22,14,8,6,0.032172923066428064,0,0,0,0,0,1,0,0,0,-1,0,0,0,0,0
1yee,L,69,THR,-0.7,116.1,0.0,1,1,T,0.21830985915492956,-121.3,-5.8,9.0,20.0,0.3103448275862069,2.297018191060085,21,11,8,3,0.03683566553982344,0,0,0,0,0,1,0,0,0,0,4866,7,0,359,1
1yee,L,70,ASP,-3.5,111.1,-1.0,1,3,E,0.5337423312883436,-115.0,123.0,0.0,28.0,0.0,1.754795117670613,21,9,0,9,0.03450429430312575,0,0,1,0,0,0,0,0,0,0,4866,7,0,359,1
1yee,L,71,PHE,2.8,189.9,0.0,0,0,E,0.005076142131979695,-136.5,153.2,28.0,9.0,0.7567567567567568,3.0605343729961914,32,9,8,1,0.04662742473395372,0,0,1,0,0,0,0,0,0,0,4866,7,0,359,1
1yee,L,72,THR,-0.7,116.1,0.0,1,1,E,0.2887323943661972,-140.6,141.0,7.0,26.0,0.21212121212121213,2.6601589599321263,27,11,8,3,0.04149840801321881,0,0,1,0,0,0,0,0,0,0,4866,7,0,359,1
1yee,L,73,LEU,3.8,166.7,0.0,0,0,E,0.0,-111.0,132.4,22.0,17.0,0.5641025641025641,5.366103954741637,37,12,0,12,0.04709369898129325,0,0,1,0,0,0,0,0,0,-1,0,0,0,0,0
1yee,L,74,LYS,-3.9,168.6,1.0,2,0,E,0.4146341463414634,-126.3,133.0,9.0,19.0,0.32142857142857145,2.2687389145439534,24,7,2,5,0.03916703677652112,0,0,1,0,0,0,0,0,0,-1,0,0,0,0,0
1yee,L,75,ILE,4.5,166.7,0.0,0,0,E,0.011834319526627219,-111.1,114.5,19.0,12.0,0.6129032258064516,3.391964595059412,28,28,20,8,0.045228601991935104,0,0,1,0,0,0,0,0,0,19,15,6,0,1,1
1yee,L,76,SER,-0.8,89.0,0.0,1,1,S,0.5923076923076923,-64.0,-32.2,6.0,15.0,0.2857142857142857,1.7864943987791968,20,31,17,14,0.03450429430312575,0,0,0,0,0,0,1,0,0,19,15,6,0,1,1
1yee,L,77,ARG,-4.5,173.4,1.0,5,0,S,0.5645161290322581,-154.3,112.6,4.0,18.0,0.18181818181818182,2.261233751638916,17,12,15,-3,0.040099585271200194,0,0,0,0,0,0,1,0,0,19,15,6,0,1,1
1yee,L,78,VAL,4.2,140.0,0.0,0,0,-,0.0,-71.6,138.3,18.0,10.0,0.6428571428571429,4.2994923095500885,26,24,21,3,0.05175644145468863,0,0,0,0,0,0,0,0,0,19,15,6,0,1,1
1yee,L,79,GLU,-3.5,138.4,-1.0,1,3,-,0.37628865979381443,-122.0,161.2,5.0,23.0,0.17857142857142858,2.267316677899613,23,24,8,16,0.032639197313767604,0,0,0,0,0,0,0,0,0,-1,0,0,0,0,0
1yee,L,80,ALA,1.8,88.6,0.0,0,0,G,0.27358490566037735,-54.2,-29.9,8.0,18.0,0.3076923076923077,2.074925583441567,30,25,33,-8,0.03590311704514436,0,0,0,1,0,0,0,0,0,-1,0,0,0,0,0
1yee,L,81,ALA,1.8,88.6,0.0,0,0,G,0.41509433962264153,-72.0,-13.3,3.0,22.0,0.12,1.8145985986812583,27,25,20,5,0.028909003335051305,0,0,0,1,0,0,0,0,0,-1,0,0,0,0,0
1yee,L,82,ASP,-3.5,111.1,-1.0,1,3,G,0.012269938650306749,-77.8,-11.2,25.0,17.0,0.5952380952380952,2.795389382864594,37,31,13,18,0.04243095650789788,0,0,0,1,0,0,0,0,0,-1,0,0,0,0,0
1yee,L,83,LEU,3.8,166.7,0.0,0,0,-,0.03048780487804878,-50.8,134.4,18.0,18.0,0.5,2.3760894809425515,35,27,38,-11,0.05035761871267001,0,0,0,0,0,0,0,0,0,12,24,23,0,6,1
1yee,L,84,GLY,-0.4,60.1,0.0,0,0,E,0.023809523809523808,142.6,-163.7,19.0,16.0,0.5428571428571428,2.6475898965985847,35,20,23,-3,0.04476232774459557,0,0,1,0,0,0,0,0,0,15,24,18,0,4,1
1yee,L,85,LEU,3.8,166.7,0.0,0,0,E,0.23780487804878048,-107.3,131.5,16.0,22.0,0.42105263157894735,2.7467748493358743,33,18,8,10,0.04709369898129325,0,0,1,0,0,0,0,0,0,15,24,18,0,4,1
1yee,L,86,TYR,-1.3,193.6,0.0,1,1,E,0.0,-109.0,136.9,25.0,20.0,0.5555555555555556,5.333579619796795,39,26,10,16,0.048958795970651406,0,0,1,0,0,0,0,0,0,15,24,18,0,4,1
1yee,L,87,TYR,-1.3,193.6,0.0,1,1,E,0.0,-133.6,144.3,17.0,28.0,0.37777777777777777,4.856729672635608,33,12,2,10,0.0526889899493677,0,0,1,0,0,0,0,0,0,-1,0,0,0,0,0
1yee,L,88,CYS,2.5,108.5,0.0,1,0,E,0.0,-109.8,147.9,26.0,24.0,0.52,5.710378053024002,38,6,0,6,0.05129016720734909,0,0,1,0,0,0,0,0,0,0,4866,7,0,359,1
1yee,L,89,VAL,4.2,140.0,0.0,0,0,E,0.08450704225352113,-138.1,148.5,20.0,24.0,0.45454545454545453,2.256618518316476,38,8,3,5,0.045228601991935104,0,0,1,0,0,0,0,0,0,-1,0,0,0,0,0
1yee,L,90,GLN,-3.5,143.8,0.0,2,2,E,0.010101010101010102,-120.2,142.0,26.0,17.0,0.6046511627906976,3.061787031327334,29,12,5,7,0.05129016720734909,0,0,1,0,0,0,0,0,0,-1,0,0,0,0,0
1yee,L,91,GLY,-0.4,60.1,0.0,0,0,-,0.34523809523809523,-124.7,15.2,13.0,22.0,0.37142857142857144,1.787766819910385,23,21,0,21,0.043829779249916496,0,0,0,0,0,0,0,0,0,-1,0,0,0,0,0
1yee,L,92,THR,-0.7,116.1,0.0,1,1,S,0.09859154929577464,-77.4,-34.7,21.0,10.0,0.6774193548387096,2.3715159212662216,23,16,0,16,0.043829779249916496,0,0,0,0,0,0,1,0,0,-1,0,0,0,0,0
1yee,L,93,HIS,-3.2,153.2,0.1,2,1,S,0.2608695652173913,-113.7,138.1,13.0,12.0,0.52,2.065448152980389,20,1,7,-6,0.03916703677652112,0,0,0,0,0,0,1,0,0,-1,0,0,0,0,0
1yee,L,94,PHE,2.8,189.9,0.0,0,0,S,0.49746192893401014,-94.4,135.5,6.0,18.0,0.25,1.856422962895629,20,19,7,12,0.034970568550465285,0,0,0,0,0,0,1,0,0,-1,0,0,0,0,0
1yee,L,95,PRO,-1.6,112.7,0.0,0,0,S,0.04411764705882353,-80.2,161.3,16.0,8.0,0.6666666666666666,2.6815334834790883,24,19,14,5,0.04289723075523742,0,0,0,0,0,0,1,0,0,-1,0,0,0,0,0
1yee,L,96,TYR,-1.3,193.6,0.0,1,1,P,0.24324324324324326,-67.6,135.0,18.0,16.0,0.5294117647058824,2.1192376234866104,27,24,9,15,0.04616115048661418,0,0,0,0,0,0,0,0,0,-1,0,0,0,0,0
1yee,L,97,THR,-0.7,116.1,0.0,1,1,E,0.1619718309859155,-128.9,138.2,16.0,21.0,0.43243243243243246,2.4970344694847086,33,11,17,-6,0.04755997322863279,0,0,1,0,0,0,0,0,0,-1,0,0,0,0,0
1yee,L,98,PHE,2.8,189.9,0.0,0,0,E,0.15228426395939088,-97.3,153.8,15.0,25.0,0.375,2.1662877037501955,33,5,9,-4,0.04429605349725603,0,0,1,0,0,0,0,0,0,-1,0,0,0,0,0
1yee,L,99,GLY,-0.4,60.1,0.0,0,0,-,0.03571428571428571,-76.2,173.1,23.0,15.0,0.6052631578947368,2.0421806224253274,34,4,5,-1,0.04429605349725603,0,0,0,0,0,0,0,0,0,-1,0,0,0,0,0
1yee,L,100,GLY,-0.4,60.1,0.0,0,0,-,0.6190476190476191,-73.3,-24.6,12.0,18.0,0.4,1.7095715266960303,31,4,1,3,0.034970568550465285,0,0,0,0,0,0,0,0,0,-1,0,0,0,0,0
1yee,L,101,GLY,-0.4,60.1,0.0,0,0,-,0.047619047619047616,108.3,149.6,13.0,23.0,0.3611111111111111,1.8620946115217858,31,7,0,7,0.043829779249916496,0,0,0,0,0,0,0,0,0,15,24,18,0,4,1
1yee,L,102,THR,-0.7,116.1,0.0,1,1,E,0.0,-136.8,119.6,21.0,15.0,0.5833333333333334,3.0570143669991934,32,9,4,5,0.04989134446533048,0,0,1,0,0,0,0,0,0,15,24,18,0,4,1
1yee,L,103,LYS,-3.9,168.6,1.0,2,0,E,0.18536585365853658,-86.1,125.8,10.0,23.0,0.30303030303030304,2.3582743761294447,29,6,19,-13,0.04103213376587927,0,0,1,0,0,0,0,0,0,15,24,18,0,4,1
1yee,L,104,LEU,3.8,166.7,0.0,0,0,E,0.0,-101.2,121.8,22.0,16.0,0.5789473684210527,5.052142061574782,37,11,24,-13,0.05129016720734909,0,0,1,0,0,0,0,0,0,15,24,18,0,4,1
1yee,L,105,GLU,-3.5,138.4,-1.0,1,3,E,0.07216494845360824,-117.5,145.0,17.0,20.0,0.4594594594594595,2.6407501001645723,31,23,14,9,0.045694876239274644,0,0,1,0,0,0,0,0,0,25,0,19,0,0,1
1yee,L,106,ILE,4.5,166.7,0.0,0,0,E,0.011834319526627219,-82.1,127.7,21.0,16.0,0.5675675675675675,3.890280445894077,31,20,32,-12,0.050823892960009553,0,0,1,0,0,0,0,0,0,11,115,7,0,8,1
1yee,L,107,LEU,3.8,166.7,0.0,0,0,-,0.4573170731707317,-89.4,116.2,9.0,22.0,0.2903225806451613,2.1701817520071405,22,12,17,-5,0.03776821403450251,0,0,0,0,0,0,0,0,0,11,115,7,0,8,1
1yee,L,108,ARG,-4.5,173.4,1.0,5,0,-,0.33064516129032256,-122.6,174.8,17.0,10.0,0.6296296296296297,1.9694846005917634,26,5,25,-20,0.03683566553982344,0,0,0,0,0,0,0,0,0,17,24,14,0,3,1
1yee,L,109,ALA,1.8,88.6,0.0,0,0,-,0.7169811320754716,-63.8,146.7,0.0,20.0,0.0,2.1146720198501354,20,17,12,5,0.022847438119637322,0,0,0,0,0,0,0,0,0,17,24,14,0,3,1
1yee,L,110,ASP,-3.5,111.1,-1.0,1,3,-,0.4601226993865031,-57.4,138.3,6.0,15.0,0.2857142857142857,1.7461137000015834,19,31,1,30,0.03403802005578621,0,0,0,0,0,0,0,0,0,17,24,14,0,3,1
1yee,L,111,ALA,1.8,88.6,0.0,0,0,B,0.18867924528301888,-137.8,126.3,16.0,9.0,0.64,2.3772815088113277,24,32,14,18,0.03823448828184205,0,1,0,0,0,0,0,0,0,17,24,14,0,3,1
1yee,L,112,ALA,1.8,88.6,0.0,0,0,P,0.5283018867924528,-78.7,145.9,10.0,18.0,0.35714285714285715,1.884593300343743,24,22,9,13,0.035436842797804825,0,0,0,0,0,0,0,0,0,-1,0,0,0,0,0
1yee,L,113,PRO,-1.6,112.7,0.0,0,0,P,0.08088235294117647,-68.5,148.8,27.0,9.0,0.75,2.884022711851121,34,14,6,8,0.04149840801321881,0,0,0,0,0,0,0,0,0,-1,0,0,0,0,0
1yee,L,114,THR,-0.7,116.1,0.0,1,1,E,0.5070422535211268,-103.8,117.6,13.0,22.0,0.37142857142857144,1.8942972469724424,28,9,4,5,0.03310547156110714,0,0,1,0,0,0,0,0,0,-1,0,0,0,0,0
1yee,L,115,VAL,4.2,140.0,0.0,0,0,E,0.07746478873239436,-103.1,136.4,17.0,24.0,0.4146341463414634,2.2176325570265485,32,9,12,-3,0.04429605349725603,0,0,1,0,0,0,0,0,0,-1,0,0,0,0,0
1yee,L,116,SER,-0.8,89.0,0.0,1,1,E,0.015384615384615385,-133.1,144.0,23.0,21.0,0.5227272727272727,3.1789113795803687,37,9,8,1,0.048958795970651406,0,0,1,0,0,0,0,0,0,-1,0,0,0,0,0
1yee,L,117,ILE,4.5,166.7,0.0,0,0,E,0.0,-126.7,141.9,19.0,25.0,0.4318181818181818,5.119228595382043,33,9,9,0,0.05735173242276307,0,0,1,0,0,0,0,0,0,3,1051,6,0,73,1
1yee,L,118,PHE,2.8,189.9,0.0,0,0,E,0.0,-135.0,131.8,24.0,19.0,0.5581395348837209,3.5225753779862043,39,6,8,-2,0.05035761871267001,0,0,1,0,0,0,0,0,0,-1,0,0,0,0,0
1yee,L,119,PRO,-1.6,112.7,0.0,0,0,P,0.125,-78.9,172.7,18.0,27.0,0.4,2.0786578081280043,27,6,0,6,0.045228601991935104,0,0,0,0,0,0,0,0,0,-1,0,0,0,0,0
1yee,L,120,PRO,-1.6,112.7,0.0,0,0,P,0.125,-66.0,157.4,19.0,19.0,0.5,2.2827424774367553,28,13,13,0,0.04429605349725603,0,0,0,0,0,0,0,0,0,-1,0,0,0,0,0
1yee,L,121,SER,-0.8,89.0,0.0,1,1,P,0.08461538461538462,-88.1,146.2,17.0,14.0,0.5483870967741935,2.404643735550625,20,3,10,-7,0.04103213376587927,0,0,0,0,0,0,0,0,0,-1,0,0,0,0,0
1yee,L,122,SER,-0.8,89.0,0.0,1,1,H,0.6923076923076923,-51.9,-39.7,3.0,18.0,0.14285714285714285,1.739647076693074,16,6,10,-4,0.025645083603674543,1,0,0,0,0,0,0,0,0,-1,0,0,0,0,0
1yee,L,123,GLU,-3.5,138.4,-1.0,1,3,H,0.422680412371134,-58.3,-42.6,9.0,12.0,0.42857142857142855,1.7667721408563475,13,7,0,7,0.032639197313767604,1,0,0,0,0,0,0,0,0,-1,0,0,0,0,0
1yee,L,124,GLN,-3.5,143.8,0.0,2,2,H,0.045454545454545456,-72.5,-45.2,22.0,6.0,0.7857142857142857,2.6997111851688187,23,17,9,8,0.04243095650789788,1,0,0,0,0,0,0,0,0,-1,0,0,0,0,0
1yee,L,125,LEU,3.8,166.7,0.0,0,0,H,0.21341463414634146,-56.1,-39.0,9.0,13.0,0.4090909090909091,2.244915447770641,20,11,23,-12,0.04289723075523742,1,0,0,0,0,0,0,0,0,-1,0,0,0,0,0
1yee,L,126,THR,-0.7,116.1,0.0,1,1,T,0.8591549295774648,-58.3,-20.3,4.0,10.0,0.2857142857142857,1.8003322077286588,12,8,12,-4,0.02611135785101408,0,0,0,0,0,1,0,0,0,-1,0,0,0,0,0
1yee,L,127,SER,-0.8,89.0,0.0,1,1,T,0.6692307692307692,-98.8,5.1,11.0,7.0,0.6111111111111112,1.8432895296987803,15,8,7,1,0.02471253510899547,0,0,0,0,0,1,0,0,0,-1,0,0,0,0,0
1yee,L,128,GLY,-0.4,60.1,0.0,0,0,T,0.40476190476190477,80.2,12.8,0.0,19.0,0.0,1.7096157346978273,19,9,22,-13,0.030774100324409453,0,0,0,0,0,1,0,0,0,-1,0,0,0,0,0
1yee,L,129,GLY,-0.4,60.1,0.0,0,0,E,0.21428571428571427,-117.7,167.7,11.0,15.0,0.4230769230769231,2.4860352780486252,24,13,23,-10,0.03870076252918159,0,0,1,0,0,0,0,0,0,-1,0,0,0,0,0
1yee,L,130,ALA,1.8,88.6,0.0,0,0,E,0.0,-153.1,115.7,11.0,20.0,0.3548387096774194,3.691116131456326,32,13,23,-10,0.048492521723311866,0,0,1,0,0,0,0,0,0,-1,0,0,0,0,0
1yee,L,131,SER,-0.8,89.0,0.0,1,1,E,0.007692307692307693,-112.7,130.2,19.0,20.0,0.48717948717948717,4.204029266573161,33,10,1,9,0.04616115048661418,0,0,1,0,0,0,0,0,0,-1,0,0,0,0,0
1yee,L,132,VAL,4.2,140.0,0.0,0,0,E,0.0,-106.6,128.4,23.0,28.0,0.45098039215686275,6.247390368493429,35,5,0,5,0.05175644145468863,0,0,1,0,0,0,0,0,0,-1,0,0,0,0,0
1yee,L,133,VAL,4.2,140.0,0.0,0,0,E,0.0,-116.5,141.6,25.0,27.0,0.4807692307692308,6.070288874652711,47,2,0,2,0.05129016720734909,0,0,1,0,0,0,0,0,0,-1,0,0,0,0,0
1yee,L,134,CYS,2.5,108.5,0.0,1,0,E,0.0,-130.8,124.0,23.0,30.0,0.4339622641509434,6.510993468275597,43,11,5,6,0.05222271570202816,0,0,1,0,0,0,0,0,0,-1,0,0,0,0,0
1yee,L,135,PHE,2.8,189.9,0.0,0,0,E,0.0,-103.4,139.4,27.0,24.0,0.5294117647058824,4.2624492878956834,42,13,4,9,0.04989134446533048,0,0,1,0,0,0,0,0,0,-1,0,0,0,0,0
1yee,L,136,LEU,3.8,166.7,0.0,0,0,E,0.0,-127.4,93.4,28.0,19.0,0.5957446808510638,4.646374070923163,42,18,4,14,0.050823892960009553,0,0,1,0,0,0,0,0,0,-1,0,0,0,0,0
1yee,L,137,ASN,-3.5,114.1,0.0,2,2,E,0.03184713375796178,-103.4,152.8,17.0,26.0,0.3953488372093023,2.4919706207949823,32,10,4,6,0.048026247475972325,0,0,1,0,0,0,0,0,0,-1,0,0,0,0,0
1yee,L,138,ASN,-3.5,114.1,0.0,2,2,E,0.3503184713375796,49.4,57.8,8.0,28.0,0.2222222222222222,2.045781200809382,29,17,18,-1,0.045228601991935104,0,0,1,0,0,0,0,0,0,-1,0,0,0,0,0
1yee,L,139,PHE,2.8,189.9,0.0,0,0,E,0.0,-116.9,164.7,20.0,15.0,0.5714285714285714,4.640105083725921,38,31,21,10,0.05502036118606539,0,0,1,0,0,0,0,0,0,-1,0,0,0,0,0
1yee,L,140,TYR,-1.3,193.6,0.0,1,1,B,0.018018018018018018,-165.3,135.2,15.0,16.0,0.4838709677419355,3.1573541059734906,27,34,32,2,0.05408781269138631,0,1,0,0,0,0,0,0,0,17,24,14,0,3,1
1yee,L,141,PRO,-1.6,112.7,0.0,0,0,S,0.16176470588235295,-66.3,170.6,8.0,20.0,0.2857142857142857,2.412827947825197,27,38,21,17,0.048026247475972325,0,0,0,0,0,0,1,0,0,25,0,19,0,0,1
1yee,L,142,LYS,-3.9,168.6,1.0,2,0,S,0.4146341463414634,-68.8,-23.0,12.0,21.0,0.36363636363636365,2.0017680584447413,23,13,21,-8,0.04103213376587927,0,0,0,0,0,0,1,0,0,25,0,19,0,0,1
1yee,L,143,ASP,-3.5,111.1,-1.0,1,3,-,0.7484662576687117,-72.5,122.8,2.0,20.0,0.09090909090909091,1.7572808535089532,18,28,5,23,0.030307826077069916,0,0,0,0,0,0,0,0,0,25,0,19,0,0,1
1yee,L,144,ILE,4.5,166.7,0.0,0,0,-,0.1242603550295858,-151.3,154.9,26.0,6.0,0.8125,2.5731890131509134,29,26,11,15,0.03823448828184205,0,0,0,0,0,0,0,0,0,-1,0,0,0,0,0
1yee,L,145,ASN,-3.5,114.1,0.0,2,2,E,0.6496815286624203,-135.7,124.6,5.0,20.0,0.2,1.7661300844172254,22,21,18,3,0.029375277582390842,0,0,1,0,0,0,0,0,0,-1,0,0,0,0,0
1yee,L,146,VAL,4.2,140.0,0.0,0,0,E,0.1056338028169014,-118.5,140.3,23.0,11.0,0.6764705882352942,1.9935656581029544,34,17,15,2,0.040099585271200194,0,0,1,0,0,0,0,0,0,-1,0,0,0,0,0
1yee,L,147,LYS,-3.9,168.6,1.0,2,0,E,0.18536585365853658,-123.5,139.9,12.0,21.0,0.36363636363636365,2.4394296180551924,28,17,18,-1,0.04149840801321881,0,0,1,0,0,0,0,0,0,-1,0,0,0,0,0
1yee,L,148,TRP,-0.9,227.8,0.0,1,0,E,0.0,-101.7,142.6,17.0,18.0,0.4857142857142857,4.472165713180457,41,33,19,14,0.048026247475972325,0,0,1,0,0,0,0,0,0,22,24,1,0,0,1
1yee,L,149,LYS,-3.9,168.6,1.0,2,0,E,0.2682926829268293,-141.5,127.6,15.0,12.0,0.5555555555555556,2.30624892532136,23,19,26,-7,0.04616115048661418,0,0,1,0,0,0,0,0,0,22,24,1,0,0,1
1yee,L,150,ILE,4.5,166.7,0.0,0,0,E,0.047337278106508875,-113.3,117.8,12.0,17.0,0.41379310344827586,2.195729547240256,26,41,22,19,0.04289723075523742,0,0,1,0,0,0,0,0,0,22,24,1,0,0,1
1yee,L,151,ASP,-3.5,111.1,-1.0,1,3,T,0.43558282208588955,53.0,41.5,5.0,15.0,0.25,1.6882309419402346,19,30,5,25,0.03450429430312575,0,0,0,0,0,1,0,0,0,-1,0,0,0,0,0
1yee,L,152,GLY,-0.4,60.1,0.0,0,0,T,0.7142857142857143,88.3,-22.7,2.0,16.0,0.1111111111111111,1.7096026499646904,16,20,20,0,0.023779986614316396,0,0,0,0,0,1,0,0,0,22,24,1,0,0,1
1yee,L,153,SER,-0.8,89.0,0.0,1,1,E,0.6,-97.9,142.5,1.0,15.0,0.0625,1.786121079878168,16,33,19,14,0.021914889624958248,0,0,1,0,0,0,0,0,0,22,24,1,0,0,1
1yee,L,154,GLU,-3.5,138.4,-1.0,1,3,E,0.4948453608247423,-70.1,125.4,4.0,15.0,0.21052631578947367,1.7392637177268435,16,27,10,17,0.03170664881908853,0,0,1,0,0,0,0,0,0,22,24,1,0,0,1
1yee,L,155,ARG,-4.5,173.4,1.0,5,0,E,0.15725806451612903,-109.3,128.0,15.0,6.0,0.7142857142857143,2.155424844781042,22,19,15,4,0.03916703677652112,0,0,1,0,0,0,0,0,0,22,24,1,0,0,1
1yee,L,156,GLN,-3.5,143.8,0.0,2,2,-,0.6717171717171717,-113.8,-23.2,0.0,19.0,0.0,1.7529359456349334,15,23,9,14,0.02984155182973038,0,0,0,0,0,0,0,0,0,-1,0,0,0,0,0
1yee,L,157,ASN,-3.5,114.1,0.0,2,2,T,0.6815286624203821,-89.0,134.9,1.0,14.0,0.06666666666666667,1.8545131854249883,16,13,11,2,0.02098234113027917,0,0,0,0,0,1,0,0,0,-1,0,0,0,0,0
1yee,L,158,GLY,-0.4,60.1,0.0,0,0,T,0.4523809523809524,98.6,17.1,11.0,9.0,0.55,1.7095524602872119,20,15,3,12,0.030774100324409453,0,0,0,0,0,1,0,0,0,1,1564,12,0,236,1
1yee,L,159,VAL,4.2,140.0,0.0,0,0,E,0.24647887323943662,-100.1,134.6,14.0,12.0,0.5384615384615384,1.8774833901119439,22,18,0,18,0.03730193978716297,0,0,1,0,0,0,0,0,0,1,1564,12,0,236,1
1yee,L,160,LEU,3.8,166.7,0.0,0,0,E,0.09146341463414634,-127.3,110.0,21.0,14.0,0.6,2.2944816574833213,30,5,0,5,0.03357174580844668,0,0,1,0,0,0,0,0,0,1,1564,12,0,236,1
1yee,L,161,ASN,-3.5,114.1,0.0,2,2,E,0.3184713375796178,-105.5,151.3,11.0,23.0,0.3235294117647059,1.912746414108213,26,2,0,2,0.035436842797804825,0,0,1,0,0,0,0,0,0,26,1,13,0,0,1
1yee,L,162,SER,-0.8,89.0,0.0,1,1,E,0.06923076923076923,-152.4,132.9,20.0,12.0,0.625,2.4324366880650654,27,3,2,1,0.04289723075523742,0,0,1,0,0,0,0,0,0,26,1,13,0,0,1
1yee,L,163,TRP,-0.9,227.8,0.0,1,0,E,0.5154185022026432,-116.8,148.5,10.0,22.0,0.3125,1.8334039052633577,20,8,10,-2,0.04103213376587927,0,0,1,0,0,0,0,0,0,26,1,13,0,0,1
1yee,L,164,THR,-0.7,116.1,0.0,1,1,P,0.19718309859154928,-90.4,173.1,21.0,11.0,0.65625,1.8761596827165279,23,17,17,0,0.040565859518539735,0,0,0,0,0,0,0,0,0,-1,0,0,0,0,0
1yee,L,165,ASP,-3.5,111.1,-1.0,1,3,P,0.44785276073619634,-89.5,171.0,11.0,22.0,0.3333333333333333,1.6721375295480359,25,16,16,0,0.030774100324409453,0,0,0,0,0,0,0,0,0,12,24,23,0,6,1
1yee,L,166,GLN,-3.5,143.8,0.0,2,2,P,0.025252525252525252,-60.4,129.2,20.0,16.0,0.5555555555555556,3.3403577335138235,30,29,36,-7,0.04476232774459557,0,0,0,0,0,0,0,0,0,12,24,23,0,6,1
1yee,L,167,ASP,-3.5,111.1,-1.0,1,3,P,0.25153374233128833,-76.7,126.4,19.0,14.0,0.5757575757575758,2.1270800578366424,20,22,16,6,0.04149840801321881,0,0,0,0,0,0,0,0,0,-1,0,0,0,0,0
1yee,L,168,SER,-0.8,89.0,0.0,1,1,T,0.3230769230769231,-67.6,-34.5,10.0,15.0,0.4,1.8329898718230575,22,19,33,-14,0.0363693912924839,0,0,0,0,0,1,0,0,0,-1,0,0,0,0,0
1yee,L,169,LYS,-3.9,168.6,1.0,2,0,T,0.8146341463414634,-59.5,-43.0,3.0,15.0,0.16666666666666666,1.8987693338403764,13,2,18,-16,0.02098234113027917,0,0,0,0,0,1,0,0,0,-1,0,0,0,0,0
1yee,L,170,ASP,-3.5,111.1,-1.0,1,3,T,0.3006134969325153,-127.9,2.2,10.0,16.0,0.38461538461538464,1.7339009406377521,21,19,10,9,0.02844272908771177,0,0,0,0,0,1,0,0,0,-1,0,0,0,0,0
1yee,L,171,SER,-0.8,89.0,0.0,1,1,-,0.08461538461538462,60.6,19.7,18.0,16.0,0.5294117647058824,2.7547333605620463,32,23,34,-11,0.048492521723311866,0,0,0,0,0,0,0,0,0,-1,0,0,0,0,0
1yee,L,172,THR,-0.7,116.1,0.0,1,1,-,0.028169014084507043,-103.3,171.2,15.0,18.0,0.45454545454545453,2.2883847463831293,29,33,30,3,0.05408781269138631,0,0,0,0,0,0,0,0,0,-1,0,0,0,0,0
1yee,L,173,TYR,-1.3,193.6,0.0,1,1,E,0.04054054054054054,-120.6,162.4,15.0,21.0,0.4166666666666667,2.313496283229278,29,26,39,-13,0.05548663543340492,0,0,1,0,0,0,0,0,0,25,0,19,0,0,1
1yee,L,174,SER,-0.8,89.0,0.0,1,1,E,0.007692307692307693,-135.1,159.9,20.0,20.0,0.5,2.659671216325884,30,16,16,0,0.0526889899493677,0,0,1,0,0,0,0,0,0,-1,0,0,0,0,0
1yee,L,175,MET,1.9,162.9,0.0,0,0,E,0.010638297872340425,-148.4,148.0,15.0,25.0,0.375,4.482479550237283,39,13,5,8,0.05175644145468863,0,0,1,0,0,0,0,0,0,26,1,13,0,0,1
1yee,L,176,SER,-0.8,89.0,0.0,1,1,E,0.015384615384615385,-120.5,142.6,21.0,23.0,0.4772727272727273,6.32809786964803,38,6,0,6,0.05408781269138631,0,0,1,0,0,0,0,0,0,26,1,13,0,0,1
1yee,L,177,SER,-0.8,89.0,0.0,1,1,E,0.0,-140.3,116.9,19.0,25.0,0.4318181818181818,4.589642327957822,37,5,3,2,0.048026247475972325,0,0,1,0,0,0,0,0,0,-1,0,0,0,0,0
1yee,L,178,THR,-0.7,116.1,0.0,1,1,E,0.02112676056338028,-116.4,128.6,20.0,25.0,0.4444444444444444,2.7440064756038125,34,5,0,5,0.04616115048661418,0,0,1,0,0,0,0,0,0,1,1564,12,0,236,1
1yee,L,179,LEU,3.8,166.7,0.0,0,0,E,0.0,-110.0,108.7,21.0,16.0,0.5675675675675675,4.103666556145269,37,21,4,17,0.04429605349725603,0,0,1,0,0,0,0,0,0,-1,0,0,0,0,0
1yee,L,180,THR,-0.7,116.1,0.0,1,1,E,0.3028169014084507,-99.3,138.3,10.0,25.0,0.2857142857142857,1.897802830864102,28,14,6,8,0.03683566553982344,0,0,1,0,0,0,0,0,0,-1,0,0,0,0,0
1yee,L,181,LEU,3.8,166.7,0.0,0,0,E,0.054878048780487805,-135.3,174.6,17.0,13.0,0.5666666666666667,2.3929648981385627,28,27,19,8,0.03870076252918159,0,0,1,0,0,0,0,0,0,-1,0,0,0,0,0
1yee,L,182,THR,-0.7,116.1,0.0,1,1,E,0.5563380281690141,-84.5,157.6,3.0,18.0,0.14285714285714285,2.1832859794559103,21,24,25,-1,0.03357174580844668,0,0,1,0,0,0,0,0,0,-1,0,0,0,0,0
1yee,L,183,LYS,-3.9,168.6,1.0,2,0,H,0.3170731707317073,-56.4,-46.1,9.0,14.0,0.391304347826087,2.2132010569436043,21,14,26,-12,0.04196468226055834,1,0,0,0,0,0,0,0,0,-1,0,0,0,0,0
1yee,L,184,ASP,-3.5,111.1,-1.0,1,3,H,0.5337423312883436,-67.8,-27.0,0.0,15.0,0.0,1.7324561752389467,15,28,18,10,0.03124037457174899,1,0,0,0,0,0,0,0,0,-1,0,0,0,0,0
1yee,L,185,GLU,-3.5,138.4,-1.0,1,3,H,0.19072164948453607,-77.1,-35.7,7.0,9.0,0.4375,2.404642664492241,22,39,17,22,0.0363693912924839,1,0,0,0,0,0,0,0,0,-1,0,0,0,0,0
1yee,L,186,TYR,-1.3,193.6,0.0,1,1,H,0.06306306306306306,-61.8,-49.3,15.0,12.0,0.5555555555555556,3.485601997101851,30,41,28,13,0.05129016720734909,1,0,0,0,0,0,0,0,0,-1,0,0,0,0,0
1yee,L,187,GLU,-3.5,138.4,-1.0,1,3,T,0.4484536082474227,-68.2,-7.7,7.0,16.0,0.30434782608695654,2.0025949853463416,18,41,19,22,0.03776821403450251,0,0,0,0,0,1,0,0,0,-1,0,0,0,0,0
1yee,L,188,ARG,-4.5,173.4,1.0,5,0,T,0.6774193548387096,-87.6,-6.3,5.0,12.0,0.29411764705882354,1.8419490233186324,14,24,30,-6,0.030774100324409453,0,0,0,0,0,1,0,0,0,-1,0,0,0,0,0
1yee,L,189,HIS,-3.2,153.2,0.1,2,1,-,0.28804347826086957,-121.8,167.3,14.0,7.0,0.6666666666666666,2.0228440959712324,22,31,28,3,0.040565859518539735,0,0,0,0,0,0,0,0,0,-1,0,0,0,0,0
1yee,L,190,ASN,-3.5,114.1,0.0,2,2,-,0.43312101910828027,-106.8,-55.2,3.0,17.0,0.15,2.134881612084201,18,28,14,14,0.040565859518539735,0,0,0,0,0,0,0,0,0,3,1051,6,0,73,1
1yee,L,191,SER,-0.8,89.0,0.0,1,1,E,0.15384615384615385,-116.4,143.2,9.0,17.0,0.34615384615384615,2.2137511051410783,25,31,8,23,0.04289723075523742,0,0,1,0,0,0,0,0,0,3,1051,6,0,73,1
1yee,L,192,TYR,-1.3,193.6,0.0,1,1,E,0.0,-122.3,139.7,22.0,18.0,0.55,4.32120594565622,35,37,15,22,0.050823892960009553,0,0,1,0,0,0,0,0,0,3,1051,6,0,73,1
1yee,L,193,THR,-0.7,116.1,0.0,1,1,E,0.11971830985915492,-141.8,142.9,15.0,23.0,0.39473684210526316,2.731488526544163,31,30,20,10,0.048492521723311866,0,0,1,0,0,0,0,0,0,3,1051,6,0,73,1
1yee,L,194,CYS,2.5,108.5,0.0,1,0,E,0.0,-123.1,122.3,20.0,21.0,0.4878048780487805,5.555819856996107,34,28,9,19,0.050823892960009553,0,0,1,0,0,0,0,0,0,3,1051,6,0,73,1
1yee,L,195,GLU,-3.5,138.4,-1.0,1,3,E,0.21649484536082475,-117.6,130.5,11.0,22.0,0.3333333333333333,2.1094660575346165,28,28,7,21,0.04755997322863279,0,0,1,0,0,0,0,0,0,-1,0,0,0,0,0
1yee,L,196,ALA,1.8,88.6,0.0,0,0,E,0.0,-117.1,127.1,23.0,13.0,0.6388888888888888,2.6335933096226674,32,29,11,18,0.043829779249916496,0,0,1,0,0,0,0,0,0,9,190,4,0,8,1
1yee,L,197,THR,-0.7,116.1,0.0,1,1,E,0.5704225352112676,-109.6,126.3,4.0,21.0,0.16,1.8282015887027099,23,24,14,10,0.040565859518539735,0,0,1,0,0,0,0,0,0,9,190,4,0,8,1
1yee,L,198,HIS,-3.2,153.2,0.1,2,1,-,0.05434782608695652,-153.0,155.5,18.0,9.0,0.6666666666666666,2.5116821355793446,26,14,18,-4,0.04289723075523742,0,0,0,0,0,0,0,0,0,9,190,4,0,8,1
1yee,L,199,LYS,-3.9,168.6,1.0,2,0,T,0.6780487804878049,-60.0,-18.4,8.0,13.0,0.38095238095238093,1.9051812917622182,19,15,16,-1,0.02797645484037223,0,0,0,0,0,1,0,0,0,9,190,4,0,8,1
1yee,L,200,THR,-0.7,116.1,0.0,1,1,T,0.30985915492957744,-70.6,2.5,14.0,8.0,0.6363636363636364,2.014824622283848,20,19,10,9,0.029375277582390842,0,0,0,0,0,1,0,0,0,17,24,14,0,3,1
1yee,L,201,SER,-0.8,89.0,0.0,1,1,-,0.4230769230769231,-168.7,154.0,9.0,6.0,0.6,1.7720365731779,13,19,3,16,0.02471253510899547,0,0,0,0,0,0,0,0,0,9,190,4,0,8,1
1yee,L,202,THR,-0.7,116.1,0.0,1,1,S,1.0,-89.7,-26.9,0.0,10.0,0.0,1.7766956288373112,9,10,0,10,0.01958351838826056,0,0,0,0,0,0,1,0,0,9,190,4,0,8,1
1yee,L,203,SER,-0.8,89.0,0.0,1,1,S,0.6384615384615384,-102.8,119.7,1.0,11.0,0.08333333333333333,1.817060573054259,11,9,6,3,0.020049792635600097,0,0,0,0,0,0,1,0,0,9,190,4,0,8,1
1yee,L,204,PRO,-1.6,112.7,0.0,0,0,P,0.41911764705882354,-55.2,145.8,11.0,11.0,0.5,1.8655175195494855,22,16,9,7,0.030774100324409453,0,0,0,0,0,0,0,0,0,9,190,4,0,8,1
1yee,L,205,ILE,4.5,166.7,0.0,0,0,E,0.28994082840236685,-80.0,134.5,18.0,11.0,0.6206896551724138,2.3240215494203906,27,21,9,12,0.032639197313767604,0,0,1,0,0,0,0,0,0,9,190,4,0,8,1
1yee,L,206,VAL,4.2,140.0,0.0,0,0,E,0.4647887323943662,-129.6,123.5,8.0,21.0,0.27586206896551724,1.9288813816735824,24,20,9,11,0.03357174580844668,0,0,1,0,0,0,0,0,0,-1,0,0,0,0,0
1yee,L,207,LYS,-3.9,168.6,1.0,2,0,E,0.25853658536585367,-116.9,139.3,21.0,13.0,0.6176470588235294,2.4001271864382403,29,1,16,-15,0.03916703677652112,0,0,1,0,0,0,0,0,0,3,1051,6,0,73,1
1yee,L,208,SER,-0.8,89.0,0.0,1,1,E,0.2846153846153846,-156.2,160.6,15.0,17.0,0.46875,1.787286698865896,29,18,9,9,0.040565859518539735,0,0,1,0,0,0,0,0,0,3,1051,6,0,73,1
1yee,L,209,PHE,2.8,189.9,0.0,0,0,E,0.025380710659898477,-147.4,151.0,15.0,15.0,0.5,2.550898262461951,29,24,2,22,0.04149840801321881,0,0,1,0,0,0,0,0,0,3,1051,6,0,73,1
1yee,L,210,ASN,-3.5,114.1,0.0,2,2,E,0.535031847133758,-110.4,135.8,3.0,23.0,0.11538461538461539,1.833500841488245,18,18,10,8,0.03403802005578621,0,0,1,0,0,0,0,0,0,3,1051,6,0,73,1
1yee,L,211,ARG,-4.5,173.4,1.0,5,0,-,0.20967741935483872,-99.6,126.9,14.0,8.0,0.6363636363636364,2.105153921467586,22,14,25,-11,0.03916703677652112,0,0,0,0,0,0,0,0,0,8,278,2,0,9,1
1yee,L,212,ASN,-3.5,114.1,0.0,2,2,-,0.6687898089171974,-126.8,-72.6,4.0,10.0,0.2857142857142857,1.7221049607806254,14,15,13,2,0.023779986614316396,0,0,0,0,0,0,0,0,0,8,278,2,0,9,1
1yee,L,213,GLU,-3.5,138.4,-1.0,1,3,-,0.7989690721649485,179.1,159.1,0.0,6.0,0.0,1.7084284847427442,8,12,5,7,0.016319598656883802,0,0,0,0,0,0,0,0,0,8,278,2,0,9,1
1yee,L,214,CYS,2.5,108.5,0.0,1,0,-,1.0,71.3,360.0,0.0,5.0,0.0,1.7728624750439665,5,6,9,-3,0.009325484946790743,0,0,0,0,0,0,0,0,0,8,278,2,0,9,1
1yee,H,1,GLU,-3.5,138.4,-1.0,1,3,-,0.9587628865979382,360.0,114.7,0.0,9.0,0.0,1.7542524791715042,9,9,0,9,0.020049792635600097,0,0,0,0,0,0,0,0,0,28,2,1,0,0,1
1yee,H,2,VAL,4.2,140.0,0.0,0,0,-,0.18309859154929578,-64.9,126.1,12.0,8.0,0.6,2.186834873482815,19,23,13,10,0.03310547156110714,0,0,0,0,0,0,0,0,0,28,2,1,0,0,1
1yee,H,3,LYS,-3.9,168.6,1.0,2,0,E,0.47804878048780486,-139.9,133.8,6.0,17.0,0.2608695652173913,2.2541206500994075,17,9,11,-2,0.03590311704514436,0,0,1,0,0,0,0,0,0,14,50,8,0,5,1
1yee,H,4,LEU,3.8,166.7,0.0,0,0,E,0.054878048780487805,-121.0,101.1,20.0,13.0,0.6060606060606061,2.3237015616130208,33,31,14,17,0.048492521723311866,0,0,1,0,0,0,0,0,0,30,0,17,0,0,1
1yee,H,5,GLN,-3.5,143.8,0.0,2,2,E,0.46464646464646464,-96.4,113.4,5.0,22.0,0.18518518518518517,1.8819522680601537,22,18,10,8,0.03823448828184205,0,0,1,0,0,0,0,0,0,-1,0,0,0,0,0
1yee,H,6,GLU,-3.5,138.4,-1.0,1,3,E,0.061855670103092786,-93.0,151.2,17.0,13.0,0.5666666666666667,3.389262941539983,33,13,2,11,0.04196468226055834,0,0,1,0,0,0,0,0,0,30,0,17,0,0,1
1yee,H,7,SER,-0.8,89.0,0.0,1,1,P,0.2153846153846154,-62.2,167.2,12.0,15.0,0.4444444444444444,1.8103368841302128,26,13,17,-4,0.032172923066428064,0,0,0,0,0,0,0,0,0,13,51,9,0,5,1
1yee,H,8,GLY,-0.4,60.1,0.0,0,0,P,0.6309523809523809,-70.3,163.0,5.0,20.0,0.2,1.7097118543532221,23,3,19,-16,0.022381163872297785,0,0,0,0,0,0,0,0,0,13,51,9,0,5,1
1yee,H,9,ALA,1.8,88.6,0.0,0,0,P,0.5188679245283019,-56.3,145.0,12.0,17.0,0.41379310344827586,1.7676440154740796,24,1,19,-18,0.030307826077069916,0,0,0,0,0,0,0,0,0,20,2,15,0,0,1
1yee,H,10,GLU,-3.5,138.4,-1.0,1,3,E,0.3556701030927835,-122.4,143.6,20.0,13.0,0.6060606060606061,1.8491408395131133,27,7,3,4,0.03403802005578621,0,0,1,0,0,0,0,0,0,13,51,9,0,5,1
1yee,H,11,LEU,3.8,166.7,0.0,0,0,E,0.29878048780487804,-112.2,120.3,11.0,22.0,0.3333333333333333,1.948231621997765,28,17,14,3,0.03870076252918159,0,0,1,0,0,0,0,0,0,-1,0,0,0,0,0
1yee,H,12,VAL,4.2,140.0,0.0,0,0,E,0.08450704225352113,-130.7,147.3,22.0,8.0,0.7333333333333333,2.221896241692616,26,16,16,0,0.04103213376587927,0,0,1,0,0,0,0,0,0,-1,0,0,0,0,0
1yee,H,13,ARG,-4.5,173.4,1.0,5,0,-,0.38306451612903225,-87.6,147.0,4.0,20.0,0.16666666666666666,2.0556759312459016,22,9,4,5,0.03450429430312575,0,0,0,0,0,0,0,0,0,-1,0,0,0,0,0
1yee,H,14,PRO,-1.6,112.7,0.0,0,0,T,0.5220588235294118,-56.2,146.1,6.0,16.0,0.2727272727272727,2.008884571202491,19,19,5,14,0.03310547156110714,0,0,0,0,0,1,0,0,0,-1,0,0,0,0,0
1yee,H,15,GLY,-0.4,60.1,0.0,0,0,T,0.6666666666666666,83.3,-21.6,1.0,17.0,0.05555555555555555,1.7097676363184182,13,17,3,14,0.024246260861655933,0,0,0,0,0,1,0,0,0,2,1887,5,0,105,1
1yee,H,16,ALA,1.8,88.6,0.0,0,0,-,0.37735849056603776,-74.8,-178.1,12.0,10.0,0.5454545454545454,1.858039958077049,18,19,3,16,0.029375277582390842,0,0,0,0,0,0,0,0,0,2,1887,5,0,105,1
1yee,H,17,SER,-0.8,89.0,0.0,1,1,-,0.43846153846153846,-124.9,152.0,8.0,17.0,0.32,1.7948005444186608,21,22,6,16,0.03310547156110714,0,0,0,0,0,0,0,0,0,2,1887,5,0,105,1
1yee,H,18,VAL,4.2,140.0,0.0,0,0,E,0.06338028169014084,-133.5,146.9,22.0,12.0,0.6470588235294118,2.4924948122771178,28,19,13,6,0.03450429430312575,0,0,1,0,0,0,0,0,0,2,1887,5,0,105,1
1yee,H,19,LYS,-3.9,168.6,1.0,2,0,E,0.5707317073170731,-119.4,110.5,5.0,25.0,0.16666666666666666,1.9684392082727808,21,0,5,-5,0.034970568550465285,0,0,1,0,0,0,0,0,0,13,51,9,0,5,1
1yee,H,20,LEU,3.8,166.7,0.0,0,0,E,0.0,-94.3,137.2,23.0,12.0,0.6571428571428571,3.6631477688897984,35,10,17,-7,0.04616115048661418,0,0,1,0,0,0,0,0,0,13,51,9,0,5,1
1yee,H,21,SER,-0.8,89.0,0.0,1,1,E,0.24615384615384617,-114.4,152.6,9.0,27.0,0.25,2.1495544085617357,32,18,15,3,0.043829779249916496,0,0,1,0,0,0,0,0,0,-1,0,0,0,0,0
1yee,H,22,CYS,2.5,108.5,0.0,1,0,E,0.0,-135.7,93.6,22.0,16.0,0.5789473684210527,3.631206297365042,40,22,13,9,0.050823892960009553,0,0,1,0,0,0,0,0,0,-1,0,0,0,0,0
1yee,H,23,LYS,-3.9,168.6,1.0,2,0,E,0.47317073170731705,-82.8,127.2,5.0,29.0,0.14705882352941177,2.4794946330327625,26,10,14,-4,0.04243095650789788,0,0,1,0,0,0,0,0,0,-1,0,0,0,0,0
1yee,H,24,THR,-0.7,116.1,0.0,1,1,E,0.028169014084507043,-109.4,158.3,23.0,13.0,0.6388888888888888,2.6618145358361187,33,29,9,20,0.04755997322863279,0,0,1,0,0,0,0,0,0,-1,0,0,0,0,0
1yee,H,25,SER,-0.8,89.0,0.0,1,1,E,0.2846153846153846,-157.4,155.4,5.0,18.0,0.21739130434782608,2.1375699885355495,18,24,9,15,0.03823448828184205,0,0,1,0,0,0,0,0,0,14,50,8,0,5,1
1yee,H,26,GLY,-0.4,60.1,0.0,0,0,S,0.5595238095238095,88.3,9.4,10.0,6.0,0.625,1.70961960897121,14,18,9,9,0.025178809356335007,0,0,0,0,0,0,1,0,0,28,2,1,0,0,1
1yee,H,27,TYR,-1.3,193.6,0.0,1,1,S,0.17117117117117117,-160.7,164.9,14.0,4.0,0.7777777777777778,2.6219549961996855,24,20,4,16,0.030774100324409453,0,0,0,0,0,0,1,0,0,34,0,2,0,0,1
1yee,H,28,ILE,4.5,166.7,0.0,0,0,-,0.6745562130177515,-75.1,107.2,3.0,18.0,0.14285714285714285,2.0922518650739184,15,6,0,6,0.027510180593032695,0,0,0,0,0,0,0,0,0,34,0,2,0,0,1
1yee,H,29,PHE,2.8,189.9,0.0,0,0,G,0.04060913705583756,-49.2,-48.0,16.0,14.0,0.5333333333333333,2.9299775992840535,30,24,8,16,0.04289723075523742,0,0,0,1,0,0,0,0,0,34,0,2,0,0,1
1yee,H,30,THR,-0.7,116.1,0.0,1,1,G,0.3591549295774648,-70.0,-8.7,7.0,19.0,0.2692307692307692,1.867755534386217,19,9,4,5,0.03823448828184205,0,0,0,1,0,0,0,0,0,34,0,2,0,0,1
1yee,H,31,SER,-0.8,89.0,0.0,1,1,G,0.4153846153846154,-88.9,-15.9,5.0,17.0,0.22727272727272727,1.8785098730304137,18,8,0,8,0.03450429430312575,0,0,0,1,0,0,0,0,0,34,0,2,0,0,1
1yee,H,32,TYR,-1.3,193.6,0.0,1,1,S,0.24774774774774774,-129.5,150.4,18.0,15.0,0.5454545454545454,2.2123317713929276,25,14,2,12,0.05035761871267001,0,0,0,0,0,0,1,0,0,29,0,8,0,0,1
1yee,H,33,TRP,-0.9,227.8,0.0,1,0,-,0.18502202643171806,-76.3,141.0,15.0,22.0,0.40540540540540543,2.0875835676303134,28,28,0,28,0.04942507021799094,0,0,0,0,0,0,0,0,0,-1,0,0,0,0,0
1yee,H,34,ILE,4.5,166.7,0.0,0,0,E,0.0,-112.0,131.3,26.0,19.0,0.5777777777777777,4.832601455268989,41,30,0,30,0.0526889899493677,0,0,1,0,0,0,0,0,0,-1,0,0,0,0,0
1yee,H,35,HIS,-3.2,153.2,0.1,2,1,E,0.10869565217391304,-113.0,154.1,15.0,25.0,0.375,2.55923460259048,33,21,4,17,0.050823892960009553,0,0,1,0,0,0,0,0,0,-1,0,0,0,0,0
1yee,H,36,TRP,-0.9,227.8,0.0,1,0,E,0.004405286343612335,-119.1,129.4,25.0,18.0,0.5813953488372093,6.179709939057714,39,24,8,16,0.05035761871267001,0,0,1,0,0,0,0,0,0,-1,0,0,0,0,0
1yee,H,37,VAL,4.2,140.0,0.0,0,0,E,0.035211267605633804,-123.9,140.8,20.0,16.0,0.5555555555555556,4.01421416070395,34,24,12,12,0.05222271570202816,0,0,1,0,0,0,0,0,0,-1,0,0,0,0,0
1yee,H,38,LYS,-3.9,168.6,1.0,2,0,E,0.0975609756097561,-108.9,137.6,17.0,19.0,0.4722222222222222,2.320986867716288,31,15,19,-4,0.04989134446533048,0,0,1,0,0,0,0,0,0,-1,0,0,0,0,0
1yee,H,39,GLN,-3.5,143.8,0.0,2,2,E,0.15151515151515152,-130.9,112.9,15.0,16.0,0.4838709677419355,1.9292209997363183,24,19,9,10,0.048492521723311866,0,0,1,0,0,0,0,0,0,5,329,10,0,40,1
1yee,H,40,ARG,-4.5,173.4,1.0,5,0,E,0.4112903225806452,-101.1,135.7,7.0,16.0,0.30434782608695654,1.9213206037634143,19,11,21,-10,0.034970568550465285,0,0,1,0,0,0,0,0,0,5,329,10,0,40,1
1yee,H,41,ALA,1.8,88.6,0.0,0,0,T,1.0,-49.5,84.7,7.0,11.0,0.3888888888888889,1.7676434245433181,12,17,1,16,0.022381163872297785,0,0,0,0,0,1,0,0,0,5,329,10,0,40,1
1yee,H,42,ALA,1.8,88.6,0.0,0,0,T,0.7547169811320755,-178.1,34.9,10.0,7.0,0.5882352941176471,1.7676537008833644,14,15,2,13,0.017718421398902413,0,0,0,0,0,1,0,0,0,5,329,10,0,40,1
1yee,H,43,ALA,1.8,88.6,0.0,0,0,T,0.3490566037735849,40.2,30.6,15.0,14.0,0.5172413793103449,1.9722126950905619,20,14,2,12,0.029375277582390842,0,0,0,0,0,1,0,0,0,5,329,10,0,40,1
1yee,H,44,GLY,-0.4,60.1,0.0,0,0,E,0.32142857142857145,-111.7,136.7,6.0,22.0,0.21428571428571427,1.8629747168078221,22,17,9,8,0.03403802005578621,0,0,1,0,0,0,0,0,0,-1,0,0,0,0,0
1yee,H,45,LEU,3.8,166.7,0.0,0,0,E,0.08536585365853659,-114.8,137.5,21.0,12.0,0.6363636363636364,2.957198934673957,28,14,9,5,0.043829779249916496,0,0,1,0,0,0,0,0,0,-1,0,0,0,0,0
1yee,H,46,GLU,-3.5,138.4,-1.0,1,3,E,0.26804123711340205,-136.5,133.2,14.0,20.0,0.4117647058823529,2.0721245304604223,24,25,2,23,0.04149840801321881,0,0,1,0,0,0,0,0,0,-1,0,0,0,0,0
1yee,H,47,TRP,-0.9,227.8,0.0,1,0,E,0.039647577092511016,-87.2,123.1,19.0,16.0,0.5428571428571428,2.8956990179196658,31,34,10,24,0.048492521723311866,0,0,1,0,0,0,0,0,0,-1,0,0,0,0,0
1yee,H,48,ILE,4.5,166.7,0.0,0,0,E,0.0,-94.5,-59.2,20.0,17.0,0.5405405405405406,5.425773634866695,35,45,9,36,0.05175644145468863,0,0,1,0,0,0,0,0,0,-1,0,0,0,0,0
1yee,H,49,ALA,1.8,88.6,0.0,0,0,E,0.0,-172.7,169.4,21.0,19.0,0.525,5.615183592663701,34,26,4,22,0.05408781269138631,0,0,1,0,0,0,0,0,0,-1,0,0,0,0,0
1yee,H,50,ARG,-4.5,173.4,1.0,5,0,E,0.1532258064516129,-136.4,154.1,15.0,22.0,0.40540540540540543,3.4148941082785864,23,10,0,10,0.056419183928083996,0,0,1,0,0,0,0,0,0,-1,0,0,0,0,0
1yee,H,51,ILE,4.5,166.7,0.0,0,0,E,0.01775147928994083,-140.7,141.8,18.0,16.0,0.5294117647058824,4.3758027607736665,32,21,1,20,0.05595290968074446,0,0,1,0,0,0,0,0,0,21,24,2,0,0,1
1yee,H,52,TYR,-1.3,193.6,0.0,1,1,T,0.022058823529411766,-57.8,-22.7,9.0,22.0,0.2903225806451613,2.419782086497861,22,15,0,15,0.04662742473395372,0,0,0,0,0,1,0,0,0,21,24,2,0,0,1
1yee,H,52,PRO,-1.6,112.7,0.0,0,0,T,0.022058823529411766,-57.8,-22.7,19.0,11.0,0.6333333333333333,3.023808831907638,28,15,5,10,0.048492521723311866,0,0,0,0,0,1,0,0,0,21,24,2,0,0,1
1yee,H,53,GLY,-0.4,60.1,0.0,0,0,T,0.2857142857142857,-68.0,-28.9,8.0,13.0,0.38095238095238093,2.0373254138030013,15,9,4,5,0.03310547156110714,0,0,0,0,0,1,0,0,0,21,24,2,0,0,1
1yee,H,54,THR,-0.7,116.1,0.0,1,1,T,0.6971830985915493,-125.3,-13.8,6.0,10.0,0.375,1.893019412163391,14,5,0,5,0.02471253510899547,0,0,0,0,0,1,0,0,0,21,24,2,0,0,1
1yee,H,55,GLY,-0.4,60.1,0.0,0,0,T,0.5119047619047619,82.0,6.6,3.0,20.0,0.13043478260869565,1.7096142433874018,19,10,1,9,0.03170664881908853,0,0,0,0,0,1,0,0,0,21,24,2,0,0,1
1yee,H,56,SER,-0.8,89.0,0.0,1,1,E,0.3230769230769231,-67.8,122.9,6.0,13.0,0.3157894736842105,2.230919369352507,17,11,0,11,0.03124037457174899,0,0,1,0,0,0,0,0,0,21,24,2,0,0,1
1yee,H,57,SER,-0.8,89.0,0.0,1,1,E,0.26153846153846155,-121.7,147.5,15.0,11.0,0.5769230769230769,1.8664978667751575,23,12,0,12,0.040099585271200194,0,0,1,0,0,0,0,0,0,21,24,2,0,0,1
1yee,H,58,TYR,-1.3,193.6,0.0,1,1,E,0.46846846846846846,-126.4,131.5,9.0,18.0,0.3333333333333333,2.253833948054863,21,18,0,18,0.03870076252918159,0,0,1,0,0,0,0,0,0,-1,0,0,0,0,0
1yee,H,59,TYR,-1.3,193.6,0.0,1,1,E,0.25225225225225223,-118.5,143.5,10.0,16.0,0.38461538461538464,1.8628614888769184,28,30,0,30,0.04616115048661418,0,0,1,0,0,0,0,0,0,-1,0,0,0,0,0
1yee,H,60,ASN,-3.5,114.1,0.0,2,2,-,0.03821656050955414,-75.3,127.8,17.0,10.0,0.6296296296296297,2.885512569123836,21,28,13,15,0.04755997322863279,0,0,0,0,0,0,0,0,0,-1,0,0,0,0,0
1yee,H,61,VAL,4.2,140.0,0.0,0,0,G,0.6619718309859155,-53.6,-30.8,3.0,13.0,0.1875,1.9661831807734982,17,21,5,16,0.029375277582390842,0,0,0,1,0,0,0,0,0,-1,0,0,0,0,0
1yee,H,62,LYS,-3.9,168.6,1.0,2,0,G,0.6487804878048781,-56.5,-29.1,10.0,8.0,0.5555555555555556,1.870663912705683,19,22,13,9,0.028909003335051305,0,0,0,1,0,0,0,0,0,-1,0,0,0,0,0
1yee,H,63,PHE,2.8,189.9,0.0,0,0,G,0.06598984771573604,-107.2,4.9,21.0,6.0,0.7777777777777778,2.3378703661526887,27,35,15,20,0.03870076252918159,0,0,0,1,0,0,0,0,0,-1,0,0,0,0,0
1yee,H,64,LYS,-3.9,168.6,1.0,2,0,B,0.6829268292682927,-63.8,123.5,6.0,12.0,0.3333333333333333,1.9141422582598047,13,13,0,13,0.03170664881908853,0,1,0,0,0,0,0,0,0,-1,0,0,0,0,0
1yee,H,65,GLY,-0.4,60.1,0.0,0,0,T,0.7857142857142857,105.0,-42.7,4.0,15.0,0.21052631578947367,1.7095017032293742,15,23,0,23,0.024246260861655933,0,0,0,0,0,1,0,0,0,-1,0,0,0,0,0
1yee,H,66,LYS,-3.9,168.6,1.0,2,0,T,0.15121951219512195,-74.7,-46.9,11.0,14.0,0.44,2.1727872903950787,23,22,10,12,0.03310547156110714,0,0,0,0,0,1,0,0,0,2,1887,5,0,105,1
1yee,H,67,ALA,1.8,88.6,0.0,0,0,E,0.02830188679245283,-107.0,151.5,23.0,11.0,0.6764705882352942,2.929761448994372,24,22,0,22,0.043829779249916496,0,0,1,0,0,0,0,0,0,-1,0,0,0,0,0
1yee,H,68,THR,-0.7,116.1,0.0,1,1,E,0.4295774647887324,-146.2,114.9,7.0,24.0,0.22580645161290322,2.1216535609745018,25,21,0,21,0.03730193978716297,0,0,1,0,0,0,0,0,0,-1,0,0,0,0,0
1yee,H,69,LEU,3.8,166.7,0.0,0,0,E,0.04878048780487805,-92.2,141.0,23.0,15.0,0.6052631578947368,3.4457874402815327,31,14,1,13,0.04289723075523742,0,0,1,0,0,0,0,0,0,-1,0,0,0,0,0
1yee,H,70,THR,-0.7,116.1,0.0,1,1,E,0.5140845070422535,-141.2,161.4,7.0,25.0,0.21875,2.2314658289116065,26,12,8,4,0.030774100324409453,0,0,1,0,0,0,0,0,0,-1,0,0,0,0,0
1yee,H,71,ALA,1.8,88.6,0.0,0,0,E,0.32075471698113206,-142.7,135.9,18.0,16.0,0.5294117647058824,1.8322664074845005,29,10,8,2,0.04243095650789788,0,0,1,0,0,0,0,0,0,-1,0,0,0,0,0
1yee,H,72,ASP,-3.5,111.1,-1.0,1,3,E,0.3619631901840491,-107.0,99.9,10.0,13.0,0.43478260869565216,2.0557998226470753,17,17,0,17,0.035436842797804825,0,0,1,0,0,0,0,0,0,-1,0,0,0,0,0
1yee,H,73,LYS,-3.9,168.6,1.0,2,0,T,0.5951219512195122,-55.8,-34.4,7.0,14.0,0.3333333333333333,1.9057728863351266,19,0,8,-8,0.032172923066428064,0,0,0,0,0,1,0,0,0,-1,0,0,0,0,0
1yee,H,74,SER,-0.8,89.0,0.0,1,1,T,0.8153846153846154,-67.9,-45.7,0.0,15.0,0.0,1.7396307546048397,13,13,8,5,0.020049792635600097,0,0,0,0,0,1,0,0,0,-1,0,0,0,0,0
1yee,H,75,SER,-0.8,89.0,0.0,1,1,T,0.2692307692307692,-92.6,-1.8,8.0,9.0,0.47058823529411764,1.77420604151325,16,16,8,8,0.027510180593032695,0,0,0,0,0,1,0,0,0,-1,0,0,0,0,0
1yee,H,76,SER,-0.8,89.0,0.0,1,1,T,0.26153846153846155,58.7,39.7,13.0,15.0,0.4642857142857143,2.6947799143959124,25,19,8,11,0.04103213376587927,0,0,0,0,0,1,0,0,0,-1,0,0,0,0,0
1yee,H,77,THR,-0.7,116.1,0.0,1,1,E,0.056338028169014086,-119.8,129.1,13.0,19.0,0.40625,3.057920886033338,29,20,10,10,0.045694876239274644,0,0,1,0,0,0,0,0,0,-1,0,0,0,0,0
1yee,H,78,ALA,1.8,88.6,0.0,0,0,E,0.0,-98.8,156.5,28.0,15.0,0.6511627906976745,5.053671800196851,35,26,15,11,0.05175644145468863,0,0,1,0,0,0,0,0,0,-1,0,0,0,0,0
1yee,H,79,TYR,-1.3,193.6,0.0,1,1,E,0.22072072072072071,-138.1,152.1,11.0,29.0,0.275,2.3618437327294193,28,15,9,6,0.04755997322863279,0,0,1,0,0,0,0,0,0,-1,0,0,0,0,0
1yee,H,80,MET,1.9,162.9,0.0,0,0,E,0.0,-134.8,120.3,23.0,16.0,0.5897435897435898,4.3043673774753435,34,19,3,16,0.048492521723311866,0,0,1,0,0,0,0,0,0,-1,0,0,0,0,0
1yee,H,81,GLN,-3.5,143.8,0.0,2,2,E,0.3939393939393939,-101.6,132.5,9.0,19.0,0.32142857142857145,2.2370857539600437,19,17,0,17,0.04289723075523742,0,0,1,0,0,0,0,0,0,-1,0,0,0,0,0
1yee,H,82,LEU,3.8,166.7,0.0,0,0,-,0.024390243902439025,-60.3,145.9,20.0,16.0,0.5555555555555556,4.523889761812941,29,24,10,14,0.04616115048661418,0,0,0,0,0,0,0,0,0,2,1887,5,0,105,1
1yee,H,82,SER,-0.8,89.0,0.0,1,1,-,0.024390243902439025,-60.3,145.9,7.0,17.0,0.2916666666666667,2.3582498006645616,20,24,5,19,0.03683566553982344,0,0,0,0,0,0,0,0,0,2,1887,5,0,105,1
1yee,H,82,SER,-0.8,89.0,0.0,1,1,-,0.024390243902439025,-60.3,145.9,4.0,16.0,0.2,1.7396146873135112,17,21,6,15,0.03124037457174899,0,0,0,0,0,0,0,0,0,2,1887,5,0,105,1
1yee,H,82,LEU,3.8,166.7,0.0,0,0,-,0.024390243902439025,-60.3,145.9,20.0,8.0,0.7142857142857143,3.4970974780834156,25,27,13,14,0.045694876239274644,0,0,0,0,0,0,0,0,0,2,1887,5,0,105,1
1yee,H,83,LYS,-3.9,168.6,1.0,2,0,-,0.47317073170731705,-141.4,164.9,3.0,20.0,0.13043478260869565,2.313438008016699,19,16,16,0,0.03590311704514436,0,0,0,0,0,0,0,0,0,2,1887,5,0,105,1
1yee,H,84,SER,-0.8,89.0,0.0,1,1,G,0.6,-51.0,-39.5,3.0,17.0,0.15,1.8188105697750985,19,23,16,7,0.032172923066428064,0,0,0,1,0,0,0,0,0,-1,0,0,0,0,0
1yee,H,85,ASP,-3.5,111.1,-1.0,1,3,G,0.5214723926380368,-66.0,-3.4,0.0,19.0,0.0,1.752993144197479,15,27,8,19,0.027043906345693154,0,0,0,1,0,0,0,0,0,-1,0,0,0,0,0
1yee,H,86,ASP,-3.5,111.1,-1.0,1,3,G,0.03680981595092025,-91.1,-8.2,20.0,12.0,0.625,3.092120695268412,28,34,9,25,0.04429605349725603,0,0,0,1,0,0,0,0,0,2,1887,5,0,105,1
1yee,H,87,SER,-0.8,89.0,0.0,1,1,-,0.2,-63.7,124.4,14.0,15.0,0.4827586206896552,2.1434528524785073,25,29,21,8,0.04289723075523742,0,0,0,0,0,0,0,0,0,5,329,10,0,40,1
1yee,H,88,ALA,1.8,88.6,0.0,0,0,E,0.0660377358490566,-178.8,-173.5,17.0,15.0,0.53125,2.3500173614157727,28,22,19,3,0.04196468226055834,0,0,1,0,0,0,0,0,0,20,2,15,0,0,1
1yee,H,89,VAL,4.2,140.0,0.0,0,0,E,0.2535211267605634,-112.0,124.8,15.0,21.0,0.4166666666666667,2.624238949224814,34,17,12,5,0.043829779249916496,0,0,1,0,0,0,0,0,0,20,2,15,0,0,1
1yee,H,90,TYR,-1.3,193.6,0.0,1,1,E,0.0045045045045045045,-106.4,128.1,24.0,21.0,0.5333333333333333,5.428121188180761,40,20,25,-5,0.05175644145468863,0,0,1,0,0,0,0,0,0,20,2,15,0,0,1
1yee,H,91,PHE,2.8,189.9,0.0,0,0,E,0.030456852791878174,-108.7,144.6,19.0,25.0,0.4318181818181818,4.1201170316640505,33,15,12,3,0.053155264196707235,0,0,1,0,0,0,0,0,0,30,0,17,0,0,1
1yee,H,92,CYS,2.5,108.5,0.0,1,0,E,0.0,-106.4,141.9,20.0,22.0,0.47619047619047616,5.841534559810445,41,25,10,15,0.053155264196707235,0,0,1,0,0,0,0,0,0,-1,0,0,0,0,0
1yee,H,93,VAL,4.2,140.0,0.0,0,0,E,0.014084507042253521,-138.1,133.3,19.0,22.0,0.4634146341463415,3.024174766263612,37,33,12,21,0.0526889899493677,0,0,1,0,0,0,0,0,0,-1,0,0,0,0,0
1yee,H,94,ARG,-4.5,173.4,1.0,5,0,E,0.04032258064516129,-98.1,80.8,22.0,19.0,0.5365853658536586,2.9810820305661356,30,20,8,12,0.05175644145468863,0,0,1,0,0,0,0,0,0,29,0,8,0,0,1
1yee,H,95,TRP,-0.9,227.8,0.0,1,0,-,0.16740088105726872,-49.0,-40.3,20.0,17.0,0.5405405405405406,2.0595818236049306,27,41,14,27,0.04989134446533048,0,0,0,0,0,0,0,0,0,-1,0,0,0,0,0
1yee,H,96,GLY,-0.4,60.1,0.0,0,0,-,0.047619047619047616,99.6,-8.6,13.0,15.0,0.4642857142857143,2.170216551882167,19,27,23,4,0.05035761871267001,0,0,0,0,0,0,0,0,0,29,0,8,0,0,1
1yee,H,97,PHE,2.8,189.9,0.0,0,0,E,0.25888324873096447,-75.2,126.6,14.0,14.0,0.5,2.002781500570359,17,27,17,10,0.04662742473395372,0,0,1,0,0,0,0,0,0,-1,0,0,0,0,0
1yee,H,98,ILE,4.5,166.7,0.0,0,0,E,0.23076923076923078,-105.5,101.8,7.0,11.0,0.3888888888888889,2.5028218448703052,13,19,17,2,0.04103213376587927,0,0,1,0,0,0,0,0,0,29,0,8,0,0,1
1yee,H,99,PRO,-1.6,112.7,0.0,0,0,T,0.41911764705882354,-47.3,-51.9,4.0,12.0,0.25,1.969877014385842,13,19,15,4,0.028909003335051305,0,0,0,0,0,1,0,0,0,-1,0,0,0,0,0
1yee,H,100,VAL,4.2,140.0,0.0,0,0,-,0.25,-54.4,142.7,2.0,8.0,0.2,1.894824872897291,9,1,0,1,0.02331371236697686,0,0,0,0,0,0,0,0,0,33,0,5,0,0,1
1yee,H,100,ARG,-4.5,173.4,1.0,5,0,-,0.25,-54.4,142.7,6.0,3.0,0.6666666666666666,1.8998248852446948,5,3,0,3,0.02797645484037223,0,0,0,0,0,0,0,0,0,33,0,5,0,0,1
1yee,H,100,GLU,-3.5,138.4,-1.0,1,3,-,0.25,-54.4,142.7,7.0,12.0,0.3684210526315789,1.9277621970869028,11,9,0,9,0.03823448828184205,0,0,0,0,0,0,0,0,0,33,0,5,0,0,1
1yee,H,100,ASP,-3.5,111.1,-1.0,1,3,-,0.25,-54.4,142.7,3.0,15.0,0.16666666666666666,1.9555163356722713,13,15,1,14,0.040565859518539735,0,0,0,0,0,0,0,0,0,33,0,5,0,0,1
1yee,H,100,TYR,-1.3,193.6,0.0,1,1,-,0.25,-54.4,142.7,15.0,11.0,0.5769230769230769,2.5249221433046096,21,25,12,13,0.04196468226055834,0,0,0,0,0,0,0,0,0,33,0,5,0,0,1
1yee,H,100,VAL,4.2,140.0,0.0,0,0,-,0.25,-54.4,142.7,11.0,12.0,0.4782608695652174,2.036481228612277,19,19,15,4,0.03870076252918159,0,0,0,0,0,0,0,0,0,33,0,5,0,0,1
1yee,H,100,LEU,3.8,166.7,0.0,0,0,-,0.25,-54.4,142.7,7.0,18.0,0.28,2.159007662652827,21,29,16,13,0.03870076252918159,0,0,0,0,0,0,0,0,0,33,0,5,0,0,1
1yee,H,101,ASP,-3.5,111.1,-1.0,1,3,-,0.0,-86.8,140.3,18.0,15.0,0.5454545454545454,3.896241492811672,27,32,8,24,0.048958795970651406,0,0,0,0,0,0,0,0,0,32,0,17,0,0,1
1yee,H,102,TYR,-1.3,193.6,0.0,1,1,E,0.33783783783783783,-127.9,133.8,15.0,18.0,0.45454545454545453,2.3091067693566405,26,29,15,14,0.04429605349725603,0,0,1,0,0,0,0,0,0,14,50,8,0,5,1
1yee,H,103,TRP,-0.9,227.8,0.0,1,0,E,0.12334801762114538,-115.1,149.8,13.0,20.0,0.3939393939393939,2.405967091028913,28,35,12,23,0.048026247475972325,0,0,1,0,0,0,0,0,0,32,0,17,0,0,1
1yee,H,104,GLY,-0.4,60.1,0.0,0,0,-,0.0,-80.8,169.5,24.0,13.0,0.6486486486486487,2.087740944928734,31,20,13,7,0.04429605349725603,0,0,0,0,0,0,0,0,0,30,0,17,0,0,1
1yee,H,105,GLN,-3.5,143.8,0.0,2,2,-,0.5404040404040404,-74.7,-12.9,7.0,21.0,0.25,1.7952739672104876,26,6,9,-3,0.03357174580844668,0,0,0,0,0,0,0,0,0,30,0,17,0,0,1
1yee,H,106,GLY,-0.4,60.1,0.0,0,0,-,0.16666666666666666,99.3,144.8,11.0,22.0,0.3333333333333333,1.9174755916553945,30,1,10,-9,0.03963331102386066,0,0,0,0,0,0,0,0,0,30,0,17,0,0,1
1yee,H,107,THR,-0.7,116.1,0.0,1,1,E,0.014084507042253521,-122.9,119.2,21.0,15.0,0.5833333333333334,2.5374342325055648,32,3,19,-16,0.04709369898129325,0,0,1,0,0,0,0,0,0,30,0,17,0,0,1
1yee,H,108,LEU,3.8,166.7,0.0,0,0,E,0.34146341463414637,-89.0,122.5,6.0,23.0,0.20689655172413793,2.1593265390330814,29,1,23,-22,0.03683566553982344,0,0,1,0,0,0,0,0,0,20,2,15,0,0,1
1yee,H,109,VAL,4.2,140.0,0.0,0,0,E,0.0,-110.5,125.5,23.0,14.0,0.6216216216216216,3.8301693642402475,33,17,24,-7,0.04755997322863279,0,0,1,0,0,0,0,0,0,20,2,15,0,0,1
1yee,H,110,THR,-0.7,116.1,0.0,1,1,E,0.11971830985915492,-114.9,118.8,14.0,21.0,0.4,2.3431328808673113,33,16,24,-8,0.04149840801321881,0,0,1,0,0,0,0,0,0,-1,0,0,0,0,0
1yee,H,111,VAL,4.2,140.0,0.0,0,0,E,0.035211267605633804,-102.2,109.8,16.0,16.0,0.5,2.781865065757923,29,24,23,1,0.048026247475972325,0,0,1,0,0,0,0,0,0,-1,0,0,0,0,0
1yee,H,112,SER,-0.8,89.0,0.0,1,1,-,0.15384615384615385,-157.8,162.3,14.0,12.0,0.5384615384615384,2.291019591989868,24,22,10,12,0.03823448828184205,0,0,0,0,0,0,0,0,0,18,24,6,0,1,1
1yee,H,113,SER,-0.8,89.0,0.0,1,1,-,0.7076923076923077,-106.9,2.7,5.0,13.0,0.2777777777777778,1.7928439671972176,14,18,7,11,0.027510180593032695,0,0,0,0,0,0,0,0,0,-1,0,0,0,0,0
1yee,H,114,ALA,1.8,88.6,0.0,0,0,P,0.1320754716981132,-65.9,146.1,16.0,5.0,0.7619047619047619,2.2202268102905545,20,19,9,10,0.02984155182973038,0,0,0,0,0,0,0,0,0,18,24,6,0,1,1
1yee,H,115,LYS,-3.9,168.6,1.0,2,0,P,0.7073170731707317,-91.6,150.0,0.0,21.0,0.0,1.9321804506686948,18,6,8,-2,0.030307826077069916,0,0,0,0,0,0,0,0,0,-1,0,0,0,0,0
1yee,H,116,THR,-0.7,116.1,0.0,1,1,P,0.4084507042253521,-59.5,131.1,12.0,15.0,0.4444444444444444,1.84797670615387,23,23,7,16,0.035436842797804825,0,0,0,0,0,0,0,0,0,-1,0,0,0,0,0
1yee,H,117,THR,-0.7,116.1,0.0,1,1,B,0.21830985915492956,-139.5,129.6,13.0,12.0,0.52,2.2543365218053504,24,22,6,16,0.03870076252918159,0,1,0,0,0,0,0,0,0,24,3,10,0,0,1
1yee,H,118,ALA,1.8,88.6,0.0,0,0,-,0.4528301886792453,-72.2,147.7,7.0,21.0,0.25,1.8870795166648526,27,24,1,23,0.0363693912924839,0,0,0,0,0,0,0,0,0,24,3,10,0,0,1
1yee,H,119,PRO,-1.6,112.7,0.0,0,0,-,0.11029411764705882,-91.2,163.8,28.0,7.0,0.8,2.5185257423106306,31,23,0,23,0.03963331102386066,0,0,0,0,0,0,0,0,0,24,3,10,0,0,1
1yee,H,120,SER,-0.8,89.0,0.0,1,1,E,0.4153846153846154,-106.2,132.3,11.0,21.0,0.34375,2.2439132779339186,26,17,5,12,0.03310547156110714,0,0,1,0,0,0,0,0,0,24,3,10,0,0,1
1yee,H,121,VAL,4.2,140.0,0.0,0,0,E,0.056338028169014086,-112.6,120.4,19.0,21.0,0.475,2.15301329113582,31,24,16,8,0.04196468226055834,0,0,1,0,0,0,0,0,0,24,3,10,0,0,1
1yee,H,122,TYR,-1.3,193.6,0.0,1,1,E,0.1036036036036036,-118.7,138.2,24.0,18.0,0.5714285714285714,2.926485441177008,27,18,9,9,0.045228601991935104,0,0,1,0,0,0,0,0,0,-1,0,0,0,0,0
1yee,H,123,PRO,-1.6,112.7,0.0,0,0,E,0.125,-81.4,141.3,13.0,27.0,0.325,2.3577681717252945,29,15,10,5,0.04429605349725603,0,0,1,0,0,0,0,0,0,-1,0,0,0,0,0
1yee,H,124,LEU,3.8,166.7,0.0,0,0,E,0.024390243902439025,-118.0,101.4,27.0,18.0,0.6,2.9126541766934584,37,7,7,0,0.04709369898129325,0,0,1,0,0,0,0,0,0,-1,0,0,0,0,0
1yee,H,125,ALA,1.8,88.6,0.0,0,0,-,0.24528301886792453,-108.0,144.1,11.0,28.0,0.28205128205128205,1.8930002074301702,30,2,16,-14,0.04243095650789788,0,0,0,0,0,0,0,0,0,-1,0,0,0,0,0
1yee,H,126,PRO,-1.6,112.7,0.0,0,0,-,0.2426470588235294,-63.6,144.4,18.0,19.0,0.4864864864864865,2.017132715299198,28,2,12,-10,0.04289723075523742,0,0,0,0,0,0,0,0,0,-1,0,0,0,0,0
1yee,H,127,VAL,4.2,140.0,0.0,0,0,S,0.5704225352112676,-122.8,-32.0,17.0,14.0,0.5483870967741935,1.953246236834543,27,9,8,1,0.032639197313767604,0,0,0,0,0,0,1,0,0,-1,0,0,0,0,0
1yee,H,128,CYS,2.5,108.5,0.0,1,0,S,0.35555555555555557,-148.3,-57.0,15.0,15.0,0.5,1.9248051436909401,22,10,8,2,0.034970568550465285,0,0,0,0,0,0,1,0,0,-1,0,0,0,0,0
1yee,H,129,GLY,-0.4,60.1,0.0,0,0,-,0.0,-73.6,120.1,24.0,11.0,0.6857142857142857,3.269081449265741,28,9,8,1,0.04755997322863279,0,0,0,0,0,0,0,0,0,-1,0,0,0,0,0
1yee,H,130,ASP,-3.5,111.1,-1.0,1,3,S,0.12269938650306748,-161.1,-39.2,16.0,21.0,0.43243243243243246,2.2363009516771597,28,7,0,7,0.04289723075523742,0,0,0,0,0,0,1,0,0,-1,0,0,0,0,0
1yee,H,131,THR,-0.7,116.1,0.0,1,1,-,0.36619718309859156,106.3,-45.3,17.0,11.0,0.6071428571428571,1.8738155214212864,23,5,8,-3,0.03590311704514436,0,0,0,0,0,0,0,0,0,-1,0,0,0,0,0
1yee,H,132,THR,-0.7,116.1,0.0,1,1,-,0.5985915492957746,68.8,-87.2,4.0,20.0,0.16666666666666666,1.9203036163969316,23,3,8,-5,0.027043906345693154,0,0,0,0,0,0,0,0,0,6,592,6,0,37,1
1yee,H,133,GLY,-0.4,60.1,0.0,0,0,S,0.6666666666666666,-77.3,134.1,0.0,15.0,0.0,1.7095904991996087,14,0,8,-8,0.020049792635600097,0,0,0,0,0,0,1,0,0,-1,0,0,0,0,0
1yee,H,134,SER,-0.8,89.0,0.0,1,1,S,0.7846153846153846,85.0,-56.1,1.0,13.0,0.07142857142857142,1.8104745594526659,14,0,2,-2,0.021914889624958248,0,0,0,0,0,0,1,0,0,6,592,6,0,37,1
1yee,H,135,SER,-0.8,89.0,0.0,1,1,E,0.24615384615384617,-139.8,158.2,8.0,14.0,0.36363636363636365,2.553214766781475,20,0,8,-8,0.032639197313767604,0,0,1,0,0,0,0,0,0,6,592,6,0,37,1
1yee,H,136,VAL,4.2,140.0,0.0,0,0,E,0.07042253521126761,-136.4,145.6,17.0,16.0,0.5151515151515151,2.9263037732558743,32,0,8,-8,0.04755997322863279,0,0,1,0,0,0,0,0,0,6,592,6,0,37,1
1yee,H,137,THR,-0.7,116.1,0.0,1,1,E,0.02112676056338028,-120.9,128.5,18.0,24.0,0.42857142857142855,3.737575421527407,36,4,8,-4,0.045694876239274644,0,0,1,0,0,0,0,0,0,6,592,6,0,37,1
1yee,H,138,LEU,3.8,166.7,0.0,0,0,E,0.0,-108.9,170.6,21.0,29.0,0.42,5.804871987864466,40,4,10,-6,0.05502036118606539,0,0,1,0,0,0,0,0,0,-1,0,0,0,0,0
1yee,H,139,GLY,-0.4,60.1,0.0,0,0,E,0.0,-149.0,171.9,26.0,23.0,0.5306122448979592,5.673310998050638,43,12,2,10,0.050823892960009553,0,0,1,0,0,0,0,0,0,-1,0,0,0,0,0
1yee,H,140,CYS,2.5,108.5,0.0,1,0,E,0.0,-144.1,127.8,25.0,24.0,0.5102040816326531,6.927082498983538,40,19,1,18,0.05129016720734909,0,0,1,0,0,0,0,0,0,-1,0,0,0,0,0
1yee,H,141,LEU,3.8,166.7,0.0,0,0,E,0.006097560975609756,-112.2,126.8,25.0,25.0,0.5,5.181767166801761,40,12,0,12,0.04662742473395372,0,0,1,0,0,0,0,0,0,-1,0,0,0,0,0
1yee,H,142,VAL,4.2,140.0,0.0,0,0,E,0.0,-117.5,104.0,30.0,16.0,0.6521739130434783,5.488878466861643,43,18,2,16,0.04942507021799094,0,0,1,0,0,0,0,0,0,-1,0,0,0,0,0
1yee,H,143,LYS,-3.9,168.6,1.0,2,0,E,0.24878048780487805,-128.3,156.7,17.0,20.0,0.4594594594594595,2.3001094410461884,29,0,0,0,0.04476232774459557,0,0,1,0,0,0,0,0,0,24,3,10,0,0,1
1yee,H,144,GLY,-0.4,60.1,0.0,0,0,E,0.21428571428571427,76.4,49.3,7.0,23.0,0.23333333333333334,1.8746522715813456,29,17,6,11,0.03823448828184205,0,0,1,0,0,0,0,0,0,24,3,10,0,0,1
1yee,H,145,TYR,-1.3,193.6,0.0,1,1,E,0.0,-127.6,160.4,21.0,13.0,0.6176470588235294,4.370290643047447,35,20,13,7,0.04989134446533048,0,0,1,0,0,0,0,0,0,27,0,14,0,0,1
1yee,H,146,PHE,2.8,189.9,0.0,0,0,B,0.025380710659898477,-162.7,138.0,16.0,21.0,0.43243243243243246,2.9045874362990585,33,19,19,0,0.053621538444046775,0,1,0,0,0,0,0,0,0,18,24,6,0,1,1
1yee,H,147,PRO,-1.6,112.7,0.0,0,0,S,0.051470588235294115,-95.7,-174.7,14.0,22.0,0.3888888888888889,2.7666290989671487,33,19,18,1,0.04989134446533048,0,0,0,0,0,0,1,0,0,27,0,14,0,0,1
1yee,H,148,GLU,-3.5,138.4,-1.0,1,3,S,0.26288659793814434,-75.6,157.2,14.0,27.0,0.34146341463414637,2.0422485963316053,28,9,4,5,0.03730193978716297,0,0,0,0,0,0,1,0,0,27,0,14,0,0,1
1yee,H,149,PRO,-1.6,112.7,0.0,0,0,-,0.4411764705882353,-103.0,177.1,9.0,27.0,0.25,2.31581617968387,25,10,13,-3,0.034970568550465285,0,0,0,0,0,0,0,0,0,27,0,14,0,0,1
1yee,H,150,VAL,4.2,140.0,0.0,0,0,-,0.11971830985915492,-126.9,152.2,28.0,10.0,0.7368421052631579,2.3327299478930725,32,15,9,6,0.03963331102386066,0,0,0,0,0,0,0,0,0,27,0,14,0,0,1
1yee,H,151,THR,-0.7,116.1,0.0,1,1,E,0.5704225352112676,-118.3,127.4,12.0,18.0,0.4,1.8822092654812237,24,17,6,11,0.030307826077069916,0,0,1,0,0,0,0,0,0,27,0,14,0,0,1
1yee,H,152,LEU,3.8,166.7,0.0,0,0,E,0.13414634146341464,-125.9,129.7,21.0,18.0,0.5384615384615384,2.2345967747994577,35,9,2,7,0.03683566553982344,0,0,1,0,0,0,0,0,0,-1,0,0,0,0,0
1yee,H,154,THR,-0.7,116.1,0.0,1,1,E,0.323943661971831,-140.3,167.0,9.0,23.0,0.28125,2.179620999538457,28,5,7,-2,0.03963331102386066,0,0,1,0,0,0,0,0,0,-1,0,0,0,0,0
1yee,H,155,TRP,-0.9,227.8,0.0,1,0,E,0.013215859030837005,-117.4,126.6,19.0,16.0,0.5428571428571428,3.510636245033678,39,12,2,10,0.04616115048661418,0,0,1,0,0,0,0,0,0,-1,0,0,0,0,0
1yee,H,160,ASN,-3.5,114.1,0.0,2,2,G,0.22929936305732485,52.7,45.2,9.0,13.0,0.4090909090909091,1.857593527425065,22,7,5,2,0.03730193978716297,0,0,0,1,0,0,0,0,0,-1,0,0,0,0,0
1yee,H,161,SER,-0.8,89.0,0.0,1,1,G,0.8076923076923077,66.2,7.2,0.0,21.0,0.0,1.807702413994712,17,3,5,-2,0.029375277582390842,0,0,0,1,0,0,0,0,0,-1,0,0,0,0,0
1yee,H,162,GLY,-0.4,60.1,0.0,0,0,G,0.44047619047619047,106.8,-0.0,3.0,15.0,0.16666666666666666,1.8438598816793266,15,0,0,0,0.027043906345693154,0,0,0,1,0,0,0,0,0,-1,0,0,0,0,0
1yee,H,163,SER,-0.8,89.0,0.0,1,1,T,0.7076923076923077,-71.4,-23.7,5.0,11.0,0.3125,1.7748171015548477,16,0,0,0,0.021914889624958248,0,0,0,0,0,1,0,0,0,4,238,16,0,42,1
1yee,H,164,LEU,3.8,166.7,0.0,0,0,B,0.27439024390243905,-100.5,102.9,18.0,4.0,0.8181818181818182,2.147461790867154,25,1,0,1,0.032639197313767604,0,1,0,0,0,0,0,0,0,4,238,16,0,42,1
1yee,H,165,SER,-0.8,89.0,0.0,1,1,-,0.6923076923076923,-118.7,-28.8,3.0,16.0,0.15789473684210525,1.7395329801229116,18,5,0,5,0.024246260861655933,0,0,0,0,0,0,0,0,0,4,238,16,0,42,1
1yee,H,166,SER,-0.8,89.0,0.0,1,1,T,0.7923076923076923,-80.4,149.2,3.0,14.0,0.17647058823529413,1.7395800631380938,13,12,1,11,0.017252147151562876,0,0,0,0,0,1,0,0,0,4,238,16,0,42,1
1yee,H,167,GLY,-0.4,60.1,0.0,0,0,T,0.47619047619047616,72.2,14.4,10.0,16.0,0.38461538461538464,1.8790611266548811,20,11,3,8,0.02844272908771177,0,0,0,0,0,1,0,0,0,4,238,16,0,42,1
1yee,H,169,VAL,4.2,140.0,0.0,0,0,E,0.2676056338028169,-112.4,144.1,17.0,14.0,0.5483870967741935,2.179110366127314,23,10,2,8,0.0363693912924839,0,0,1,0,0,0,0,0,0,4,238,16,0,42,1
1yee,H,170,HIS,-3.2,153.2,0.1,2,1,E,0.11956521739130435,-132.6,120.2,22.0,14.0,0.6111111111111112,2.2822185258494354,26,1,9,-8,0.03730193978716297,0,0,1,0,0,0,0,0,0,-1,0,0,0,0,0
1yee,H,171,THR,-0.7,116.1,0.0,1,1,E,0.4295774647887324,-109.2,121.2,11.0,27.0,0.2894736842105263,1.869170309645744,28,10,2,8,0.03776821403450251,0,0,1,0,0,0,0,0,0,-1,0,0,0,0,0
1yee,H,172,PHE,2.8,189.9,0.0,0,0,E,0.005076142131979695,-89.1,139.3,25.0,11.0,0.6944444444444444,3.6395377318510636,32,10,4,6,0.043829779249916496,0,0,1,0,0,0,0,0,0,-1,0,0,0,0,0
1yee,H,173,PRO,-1.6,112.7,0.0,0,0,E,0.49264705882352944,-52.4,134.5,9.0,20.0,0.3103448275862069,2.009069555883434,19,4,9,-5,0.03124037457174899,0,0,1,0,0,0,0,0,0,-1,0,0,0,0,0
1yee,H,174,ALA,1.8,88.6,0.0,0,0,E,0.2169811320754717,-62.3,144.5,17.0,15.0,0.53125,1.9140655678109262,23,1,8,-7,0.03730193978716297,0,0,1,0,0,0,0,0,0,-1,0,0,0,0,0
1yee,H,175,VAL,4.2,140.0,0.0,0,0,E,0.2605633802816901,-122.1,129.7,12.0,17.0,0.41379310344827586,2.28319205173613,23,4,8,-4,0.03776821403450251,0,0,1,0,0,0,0,0,0,1,1564,12,0,236,1
1yee,H,176,LEU,3.8,166.7,0.0,0,0,E,0.4451219512195122,-89.4,129.0,6.0,15.0,0.2857142857142857,1.9224618882373177,20,0,15,-15,0.03357174580844668,0,0,1,0,0,0,0,0,0,18,24,6,0,1,1
1yee,H,177,GLN,-3.5,143.8,0.0,2,2,E,0.48484848484848486,-141.5,116.6,11.0,8.0,0.5789473684210527,1.863653450090241,17,7,8,-1,0.02844272908771177,0,0,1,0,0,0,0,0,0,1,1564,12,0,236,1
1yee,H,178,SER,-0.8,89.0,0.0,1,1,T,0.8615384615384616,55.2,52.7,3.0,11.0,0.21428571428571427,1.7394939268425578,13,2,8,-6,0.01818469564624195,0,0,0,0,0,1,0,0,0,18,24,6,0,1,1
1yee,H,181,ASP,-3.5,111.1,-1.0,1,3,T,0.558282208588957,61.6,22.0,7.0,15.0,0.3181818181818182,1.769635202856001,22,10,1,9,0.02984155182973038,0,0,0,0,0,1,0,0,0,18,24,6,0,1,1
1yee,H,182,LEU,3.8,166.7,0.0,0,0,E,0.36585365853658536,-139.2,146.0,10.0,15.0,0.4,2.0409828780884967,26,19,10,9,0.04289723075523742,0,0,1,0,0,0,0,0,0,18,24,6,0,1,1
1yee,H,183,TYR,-1.3,193.6,0.0,1,1,E,0.17117117117117117,-103.6,157.2,19.0,12.0,0.6129032258064516,2.6018104681711196,28,12,16,-4,0.050823892960009553,0,0,1,0,0,0,0,0,0,-1,0,0,0,0,0
1yee,H,184,THR,-0.7,116.1,0.0,1,1,E,0.09859154929577464,-135.6,135.7,16.0,26.0,0.38095238095238093,2.952530170054272,33,9,6,3,0.04989134446533048,0,0,1,0,0,0,0,0,0,1,1564,12,0,236,1
1yee,H,185,LEU,3.8,166.7,0.0,0,0,E,0.0975609756097561,-140.2,146.0,19.0,23.0,0.4523809523809524,4.045805631868142,38,10,6,4,0.048492521723311866,0,0,1,0,0,0,0,0,0,-1,0,0,0,0,0
1yee,H,186,SER,-0.8,89.0,0.0,1,1,E,0.03076923076923077,-136.9,162.4,22.0,26.0,0.4583333333333333,5.747379629069562,42,12,0,12,0.048492521723311866,0,0,1,0,0,0,0,0,0,-1,0,0,0,0,0
1yee,H,187,SER,-0.8,89.0,0.0,1,1,E,0.0,-149.6,146.5,19.0,28.0,0.40425531914893614,4.692462694648973,40,10,0,10,0.048492521723311866,0,0,1,0,0,0,0,0,0,-1,0,0,0,0,0
1yee,H,188,SER,-0.8,89.0,0.0,1,1,E,0.0,-122.9,153.4,24.0,24.0,0.5,4.720647393305404,36,10,0,10,0.053155264196707235,0,0,1,0,0,0,0,0,0,-1,0,0,0,0,0
1yee,H,189,VAL,4.2,140.0,0.0,0,0,E,0.0,-137.3,129.4,23.0,19.0,0.5476190476190477,3.956419152876147,37,10,1,9,0.045694876239274644,0,0,1,0,0,0,0,0,0,4,238,16,0,42,1
1yee,H,190,THR,-0.7,116.1,0.0,1,1,E,0.31690140845070425,-109.0,124.2,16.0,22.0,0.42105263157894735,2.125370043216718,28,10,3,7,0.03683566553982344,0,0,1,0,0,0,0,0,0,6,592,6,0,37,1
1yee,H,191,VAL,4.2,140.0,0.0,0,0,E,0.1267605633802817,-128.9,174.0,15.0,14.0,0.5172413793103449,2.1729695739247954,29,0,2,-2,0.040099585271200194,0,0,1,0,0,0,0,0,0,6,592,6,0,37,1
1yee,H,192,THR,-0.7,116.1,0.0,1,1,E,0.4647887323943662,-78.6,159.1,4.0,18.0,0.18181818181818182,2.24134953391559,21,0,1,-1,0.030774100324409453,0,0,1,0,0,0,0,0,0,6,592,6,0,37,1
1yee,H,193,SER,-0.8,89.0,0.0,1,1,T,0.34615384615384615,-60.9,-23.7,6.0,12.0,0.3333333333333333,1.8618199649555507,20,0,3,-3,0.034970568550465285,0,0,0,0,0,1,0,0,0,6,592,6,0,37,1
1yee,H,194,SER,-0.8,89.0,0.0,1,1,T,0.7076923076923077,-80.8,-20.4,1.0,14.0,0.06666666666666667,1.776561677479501,14,0,0,0,0.023779986614316396,0,0,0,0,0,1,0,0,0,6,592,6,0,37,1
1yee,H,196,THR,-0.7,116.1,0.0,1,1,T,0.323943661971831,-80.3,-60.1,11.0,7.0,0.6111111111111112,2.0744276651442917,18,0,0,0,0.032172923066428064,0,0,0,0,0,1,0,0,0,6,592,6,0,37,1
1yee,H,197,TRP,-0.9,227.8,0.0,1,0,T,0.07048458149779736,-110.1,141.9,19.0,8.0,0.7037037037037037,2.5255660359909062,30,7,10,-3,0.04149840801321881,0,0,0,0,0,1,0,0,0,16,66,5,0,4,1
1yee,H,198,PRO,-1.6,112.7,0.0,0,0,T,0.5367647058823529,-74.2,-12.3,5.0,17.0,0.22727272727272727,1.9548332076392791,18,4,8,-4,0.03357174580844668,0,0,0,0,0,1,0,0,0,16,66,5,0,4,1
1yee,H,200,SER,-0.8,89.0,0.0,1,1,T,0.7692307692307693,-37.5,-50.1,6.0,7.0,0.46153846153846156,1.7395836806557312,14,2,0,2,0.02331371236697686,0,0,0,0,0,1,0,0,0,-1,0,0,0,0,0
1yee,H,201,GLN,-3.5,143.8,0.0,2,2,S,0.30808080808080807,-114.9,174.1,6.0,10.0,0.375,2.115306302720393,19,4,3,1,0.02611135785101408,0,0,0,0,0,0,1,0,0,-1,0,0,0,0,0
1yee,H,202,SER,-0.8,89.0,0.0,1,1,-,0.45384615384615384,-86.3,135.0,7.0,15.0,0.3181818181818182,1.7907594783856566,21,11,8,3,0.03124037457174899,0,0,0,0,0,0,0,0,0,-1,0,0,0,0,0
1yee,H,203,ILE,4.5,166.7,0.0,0,0,-,0.0,-133.2,116.0,21.0,14.0,0.6,3.682196393959267,32,14,8,6,0.043829779249916496,0,0,0,0,0,0,0,0,0,-1,0,0,0,0,0
1yee,H,204,THR,-0.7,116.1,0.0,1,1,E,0.16901408450704225,-120.4,149.6,11.0,22.0,0.3333333333333333,2.5277006814460767,28,18,13,5,0.043829779249916496,0,0,1,0,0,0,0,0,0,10,323,2,0,8,1
1yee,H,206,CYS,2.5,108.5,0.0,1,0,E,0.0,-106.4,125.0,21.0,18.0,0.5384615384615384,5.03527483181,36,20,9,11,0.05129016720734909,0,0,1,0,0,0,0,0,0,10,323,2,0,8,1
1yee,H,207,ASN,-3.5,114.1,0.0,2,2,E,0.10191082802547771,-107.2,123.5,8.0,23.0,0.25806451612903225,2.128665655855647,27,21,8,13,0.048958795970651406,0,0,1,0,0,0,0,0,0,10,323,2,0,8,1
1yee,H,208,VAL,4.2,140.0,0.0,0,0,E,0.0,-125.4,132.1,24.0,14.0,0.631578947368421,2.971733332893092,32,29,8,21,0.045694876239274644,0,0,1,0,0,0,0,0,0,10,323,2,0,8,1
1yee,H,209,ALA,1.8,88.6,0.0,0,0,E,0.2169811320754717,-129.9,138.0,5.0,22.0,0.18518518518518517,2.40690769907282,25,19,7,12,0.040099585271200194,0,0,1,0,0,0,0,0,0,-1,0,0,0,0,0
1yee,H,210,HIS,-3.2,153.2,0.1,2,1,E,0.0,-136.4,86.8,19.0,11.0,0.6333333333333333,3.5071670985403136,27,9,8,1,0.04616115048661418,0,0,1,0,0,0,0,0,0,-1,0,0,0,0,0
1yee,H,211,PRO,-1.6,112.7,0.0,0,0,G,0.6397058823529411,-55.8,-31.5,9.0,16.0,0.36,1.8732917196135028,20,17,4,13,0.02797645484037223,0,0,0,1,0,0,0,0,0,-1,0,0,0,0,0
1yee,H,212,ALA,1.8,88.6,0.0,0,0,G,0.49056603773584906,-55.8,-29.7,16.0,7.0,0.6956521739130435,1.8015613717077688,21,13,8,5,0.03357174580844668,0,0,0,1,0,0,0,0,0,-1,0,0,0,0,0
1yee,H,213,SER,-0.8,89.0,0.0,1,1,G,0.25384615384615383,-115.2,6.0,17.0,4.0,0.8095238095238095,1.9824623034872895,20,17,0,17,0.030307826077069916,0,0,0,1,0,0,0,0,0,-1,0,0,0,0,0
1yee,H,214,SER,-0.8,89.0,0.0,1,1,T,0.9076923076923077,59.6,45.7,0.0,17.0,0.0,1.7863487501108049,13,17,0,17,0.022381163872297785,0,0,0,0,0,1,0,0,0,-1,0,0,0,0,0
1yee,H,215,THR,-0.7,116.1,0.0,1,1,E,0.21830985915492956,-110.6,139.5,20.0,3.0,0.8695652173913043,1.810362890810739,23,19,1,18,0.03310547156110714,0,0,1,0,0,0,0,0,0,24,3,10,0,0,1
1yee,H,216,LYS,-3.9,168.6,1.0,2,0,E,0.5756097560975609,-151.4,106.8,3.0,20.0,0.13043478260869565,1.9080958219192188,19,9,8,1,0.030307826077069916,0,0,1,0,0,0,0,0,0,10,323,2,0,8,1
1yee,H,217,VAL,4.2,140.0,0.0,0,0,E,0.24647887323943662,-125.1,152.0,14.0,14.0,0.5,2.191172327512308,25,26,8,18,0.03124037457174899,0,0,1,0,0,0,0,0,0,10,323,2,0,8,1
1yee,H,218,ASP,-3.5,111.1,-1.0,1,3,E,0.5521472392638037,-128.5,123.4,7.0,19.0,0.2692307692307692,1.7142809672530217,20,25,0,25,0.03310547156110714,0,0,1,0,0,0,0,0,0,10,323,2,0,8,1
1yee,H,219,LYS,-3.9,168.6,1.0,2,0,E,0.2780487804878049,-117.7,116.6,18.0,13.0,0.5806451612903226,2.3694312551277847,22,11,20,-9,0.03870076252918159,0,0,1,0,0,0,0,0,0,10,323,2,0,8,1
1yee,H,220,LYS,-3.9,168.6,1.0,2,0,E,0.40487804878048783,-80.8,135.7,6.0,21.0,0.2222222222222222,2.003807981673846,22,9,19,-10,0.034970568550465285,0,0,1,0,0,0,0,0,0,16,66,5,0,4,1
1yee,H,221,ILE,4.5,166.7,0.0,0,0,-,0.0,-92.1,102.8,22.0,9.0,0.7096774193548387,3.1324517837368786,32,17,15,2,0.048026247475972325,0,0,0,0,0,0,0,0,0,16,66,5,0,4,1
1yee,H,222,GLU,-3.5,138.4,-1.0,1,3,-,0.5979381443298969,-104.6,151.3,4.0,19.0,0.17391304347826086,1.7727165888265013,16,16,4,12,0.02844272908771177,0,0,0,0,0,0,0,0,0,16,66,5,0,4,1
1yee,H,223,PRO,-1.6,112.7,0.0,0,0,-,0.875,-62.4,360.0,6.0,14.0,0.3,1.9230535973443408,15,8,9,-1,0.022847438119637322,0,0,0,0,0,0,0,0,0,16,66,5,0,4,1
1fcj,A,1,SER,-0.8,89.0,0.0,1,1,-,0.7538461538461538,360.0,173.3,10.0,7.0,0.5882352941176471,1.7395927500087407,17,11,26,-15,0.025645083603674543,0,0,0,0,0,0,0,0,0,53,5,20,0,1,1
1fcj,A,2,LYS,-3.9,168.6,1.0,2,0,-,0.3902439024390244,-148.6,71.5,11.0,13.0,0.4583333333333333,1.9998778920295759,22,12,32,-20,0.029375277582390842,0,0,0,0,0,0,0,0,0,53,5,20,0,1,1
1fcj,A,3,ILE,4.5,166.7,0.0,0,0,E,0.21301775147928995,-109.6,121.7,16.0,16.0,0.5,2.01687374063899,29,23,30,-7,0.04196468226055834,0,0,1,0,0,0,0,0,0,14,109,25,0,32,1
1fcj,A,4,TYR,-1.3,193.6,0.0,1,1,E,0.21171171171171171,-82.8,132.2,14.0,11.0,0.56,2.2216505571535294,25,27,24,3,0.04289723075523742,0,0,1,0,0,0,0,0,0,14,109,25,0,32,1
1fcj,A,5,GLU,-3.5,138.4,-1.0,1,3,S,0.4742268041237113,-69.5,-24.7,1.0,23.0,0.041666666666666664,1.8027605145944454,20,21,9,12,0.034970568550465285,0,0,0,0,0,0,1,0,0,14,109,25,0,32,1
1fcj,A,6,ASP,-3.5,111.1,-1.0,1,3,S,0.09202453987730061,-160.0,163.4,15.0,21.0,0.4166666666666667,2.824849237523592,33,27,22,5,0.04755997322863279,0,0,0,0,0,0,1,0,0,18,97,12,0,12,1
1fcj,A,7,ASN,-3.5,114.1,0.0,2,2,G,0.03184713375796178,-58.4,-22.7,27.0,18.0,0.6,5.955372691446849,42,21,23,-2,0.0526889899493677,0,0,0,1,0,0,0,0,0,-1,0,0,0,0,0
1fcj,A,8,SER,-0.8,89.0,0.0,1,1,G,0.007692307692307693,-69.1,-29.6,18.0,19.0,0.4864864864864865,4.469569093120023,40,22,19,3,0.05035761871267001,0,0,0,1,0,0,0,0,0,18,97,12,0,12,1
1fcj,A,9,LEU,3.8,166.7,0.0,0,0,G,0.40853658536585363,-74.4,-5.4,10.0,21.0,0.3225806451612903,2.1554423398081353,29,19,18,1,0.03870076252918159,0,0,0,1,0,0,0,0,0,18,97,12,0,12,1
1fcj,A,10,THR,-0.7,116.1,0.0,1,1,G,0.09154929577464789,-89.5,5.4,24.0,12.0,0.6666666666666666,2.2087009845932934,32,38,13,25,0.043829779249916496,0,0,0,1,0,0,0,0,0,-1,0,0,0,0,0
1fcj,A,11,ILE,4.5,166.7,0.0,0,0,-,0.07100591715976332,-63.3,157.5,20.0,18.0,0.5263157894736842,2.4852471621296677,32,40,12,28,0.04709369898129325,0,0,0,0,0,0,0,0,0,-1,0,0,0,0,0
1fcj,A,12,GLY,-0.4,60.1,0.0,0,0,-,0.10714285714285714,77.9,-163.3,17.0,23.0,0.425,1.9573188888136621,32,48,18,30,0.043829779249916496,0,0,0,0,0,0,0,0,0,-1,0,0,0,0,0
1fcj,A,13,HIS,-3.2,153.2,0.1,2,1,-,0.7228260869565217,53.0,45.4,8.0,25.0,0.24242424242424243,1.8486851802229833,27,28,19,9,0.0363693912924839,0,0,0,0,0,0,0,0,0,-1,0,0,0,0,0
1fcj,A,14,THR,-0.7,116.1,0.0,1,1,-,0.0,-80.8,151.3,25.0,18.0,0.5813953488372093,2.627671672999959,32,44,23,21,0.043829779249916496,0,0,0,0,0,0,0,0,0,-1,0,0,0,0,0
1fcj,A,15,PRO,-1.6,112.7,0.0,0,0,-,0.08823529411764706,-71.8,146.3,20.0,23.0,0.46511627906976744,2.5058725420625723,34,44,28,16,0.04755997322863279,0,0,0,0,0,0,0,0,0,-1,0,0,0,0,0
1fcj,A,16,LEU,3.8,166.7,0.0,0,0,E,0.006097560975609756,-108.1,119.4,21.0,21.0,0.5,5.361236366491746,39,36,33,3,0.04942507021799094,0,0,1,0,0,0,0,0,0,-1,0,0,0,0,0
1fcj,A,17,VAL,4.2,140.0,0.0,0,0,E,0.007042253521126761,-117.8,128.8,22.0,19.0,0.5365853658536586,6.359970562463298,36,31,29,2,0.05175644145468863,0,0,1,0,0,0,0,0,0,-1,0,0,0,0,0
1fcj,A,18,ARG,-4.5,173.4,1.0,5,0,E,0.22983870967741934,-71.8,133.1,13.0,24.0,0.35135135135135137,3.1596289402368445,26,14,22,-8,0.04755997322863279,0,0,1,0,0,0,0,0,0,-1,0,0,0,0,0
1fcj,A,19,LEU,3.8,166.7,0.0,0,0,-,0.0,-86.7,126.7,24.0,15.0,0.6153846153846154,4.964386600168708,36,33,30,3,0.048492521723311866,0,0,0,0,0,0,0,0,0,13,217,14,0,33,1
1fcj,A,20,ASN,-3.5,114.1,0.0,2,2,S,0.4968152866242038,-97.6,-27.7,14.0,13.0,0.5185185185185185,1.8862948462750333,27,30,34,-4,0.0363693912924839,0,0,0,0,0,0,1,0,0,13,217,14,0,33,1
1fcj,A,21,ARG,-4.5,173.4,1.0,5,0,S,0.6774193548387096,-105.6,-39.0,13.0,13.0,0.5,1.9490691574818795,18,12,25,-13,0.030774100324409453,0,0,0,0,0,0,1,0,0,13,217,14,0,33,1
1fcj,A,22,ILE,4.5,166.7,0.0,0,0,S,0.0,-79.0,114.6,26.0,7.0,0.7878787878787878,3.6266747384673264,33,33,21,12,0.040565859518539735,0,0,0,0,0,0,1,0,0,13,217,14,0,33,1
1fcj,A,23,GLY,-0.4,60.1,0.0,0,0,S,0.32142857142857145,87.1,-173.2,26.0,6.0,0.8125,1.7096109777069617,24,32,10,22,0.03730193978716297,0,0,0,0,0,0,1,0,0,13,217,14,0,33,1
1fcj,A,24,ASN,-3.5,114.1,0.0,2,2,S,0.4394904458598726,-89.0,13.2,14.0,9.0,0.6086956521739131,1.884514018304534,22,28,2,26,0.027043906345693154,0,0,0,0,0,0,1,0,0,-1,0,0,0,0,0
1fcj,A,25,GLY,-0.4,60.1,0.0,0,0,S,0.2261904761904762,94.4,-8.1,1.0,24.0,0.04,1.7096793126259866,25,32,9,23,0.03450429430312575,0,0,0,0,0,0,1,0,0,-1,0,0,0,0,0
1fcj,A,26,ARG,-4.5,173.4,1.0,5,0,-,0.3588709677419355,-103.9,6.6,16.0,18.0,0.47058823529411764,2.254452321249397,22,16,6,10,0.04149840801321881,0,0,0,0,0,0,0,0,0,-1,0,0,0,0,0
1fcj,A,27,ILE,4.5,166.7,0.0,0,0,E,0.0,-91.1,120.2,22.0,23.0,0.4888888888888889,5.08307246180627,39,32,5,27,0.05175644145468863,0,0,1,0,0,0,0,0,0,-1,0,0,0,0,0
1fcj,A,28,LEU,3.8,166.7,0.0,0,0,E,0.018292682926829267,-112.4,116.7,19.0,24.0,0.4418604651162791,3.9739793031906374,38,30,15,15,0.04662742473395372,0,0,1,0,0,0,0,0,0,-1,0,0,0,0,0
1fcj,A,29,ALA,1.8,88.6,0.0,0,0,E,0.0,-97.0,126.4,27.0,22.0,0.5510204081632653,8.162929851799095,42,22,17,5,0.04709369898129325,0,0,1,0,0,0,0,0,0,-1,0,0,0,0,0
1fcj,A,30,LYS,-3.9,168.6,1.0,2,0,E,0.0,-94.5,116.4,24.0,24.0,0.5,6.340151133382097,42,28,24,4,0.04662742473395372,0,0,1,0,0,0,0,0,0,-1,0,0,0,0,0
1fcj,A,31,VAL,4.2,140.0,0.0,0,0,E,0.02112676056338028,-86.5,88.8,22.0,25.0,0.46808510638297873,5.474104969523301,39,28,11,17,0.05035761871267001,0,0,1,0,0,0,0,0,0,-1,0,0,0,0,0
1fcj,A,32,GLU,-3.5,138.4,-1.0,1,3,T,0.0,-73.9,-6.0,18.0,24.0,0.42857142857142855,5.32310503137326,36,48,5,43,0.05455408693872585,0,0,0,0,0,1,0,0,0,-1,0,0,0,0,0
1fcj,A,33,SER,-0.8,89.0,0.0,1,1,T,0.06923076923076923,-75.1,-10.1,16.0,24.0,0.4,4.777917192235452,29,30,9,21,0.04989134446533048,0,0,0,0,0,1,0,0,0,-1,0,0,0,0,0
1fcj,A,34,ARG,-4.5,173.4,1.0,5,0,S,0.12096774193548387,-87.2,59.2,19.0,25.0,0.4318181818181818,2.492267841829121,31,15,11,4,0.04755997322863279,0,0,0,0,0,0,1,0,0,-1,0,0,0,0,0
1fcj,A,35,ASN,-3.5,114.1,0.0,2,2,S,0.0,-145.7,162.3,27.0,17.0,0.6136363636363636,2.843291610286239,32,48,12,36,0.05408781269138631,0,0,0,0,0,0,1,0,0,-1,0,0,0,0,0
1fcj,A,36,PRO,-1.6,112.7,0.0,0,0,G,0.007352941176470588,-67.1,145.8,28.0,22.0,0.56,3.600700758195486,39,31,10,21,0.04989134446533048,0,0,0,1,0,0,0,0,0,-1,0,0,0,0,0
1fcj,A,37,SER,-0.8,89.0,0.0,1,1,G,0.08461538461538462,75.5,0.4,28.0,17.0,0.6222222222222222,2.071525587739489,35,23,4,19,0.043363505002576956,0,0,0,1,0,0,0,0,0,26,21,21,0,5,1
1fcj,A,38,PHE,2.8,189.9,0.0,0,0,G,0.16243654822335024,62.3,31.0,13.0,25.0,0.34210526315789475,2.0744654403154423,23,25,5,20,0.045228601991935104,0,0,0,1,0,0,0,0,0,71,0,24,0,0,1
1fcj,A,39,SER,-0.8,89.0,0.0,1,1,B,0.015384615384615385,-156.5,164.8,20.0,19.0,0.5128205128205128,2.752969977365568,35,30,9,21,0.04942507021799094,0,1,0,0,0,0,0,0,0,-1,0,0,0,0,0
1fcj,A,40,VAL,4.2,140.0,0.0,0,0,T,0.056338028169014086,-58.7,-23.3,25.0,25.0,0.5,2.5407736782759707,42,38,10,28,0.05129016720734909,0,0,0,0,0,1,0,0,0,-1,0,0,0,0,0
1fcj,A,41,LYS,-3.9,168.6,1.0,2,0,H,0.14634146341463414,-63.6,-20.4,20.0,26.0,0.43478260869565216,2.6756173646430814,41,15,10,5,0.045228601991935104,1,0,0,0,0,0,0,0,0,-1,0,0,0,0,0
1fcj,A,42,CYS,2.5,108.5,0.0,1,0,H,0.007407407407407408,-64.8,-27.1,20.0,24.0,0.45454545454545453,5.073426636032283,41,32,8,24,0.053155264196707235,1,0,0,0,0,0,0,0,0,-1,0,0,0,0,0
1fcj,A,43,ARG,-4.5,173.4,1.0,5,0,H,0.0,-62.7,-43.9,22.0,27.0,0.4489795918367347,4.277308562994798,45,38,21,17,0.05035761871267001,1,0,0,0,0,0,0,0,0,-1,0,0,0,0,0
1fcj,A,44,ILE,4.5,166.7,0.0,0,0,H,0.005917159763313609,-82.4,-31.2,26.0,26.0,0.5,3.622359135115567,41,28,13,15,0.04989134446533048,1,0,0,0,0,0,0,0,0,-1,0,0,0,0,0
1fcj,A,45,GLY,-0.4,60.1,0.0,0,0,H,0.0,-59.9,-44.1,26.0,22.0,0.5416666666666666,6.859605637966131,43,20,8,12,0.048958795970651406,1,0,0,0,0,0,0,0,0,-1,0,0,0,0,0
1fcj,A,46,ALA,1.8,88.6,0.0,0,0,H,0.0,-70.2,-47.4,19.0,25.0,0.4318181818181818,5.770570185668136,42,22,17,5,0.05175644145468863,1,0,0,0,0,0,0,0,0,18,97,12,0,12,1
1fcj,A,47,ASN,-3.5,114.1,0.0,2,2,H,0.07006369426751592,-69.6,-31.5,19.0,21.0,0.475,2.869409256582882,34,39,26,13,0.04709369898129325,1,0,0,0,0,0,0,0,0,-1,0,0,0,0,0
1fcj,A,48,MET,1.9,162.9,0.0,0,0,H,0.0,-65.5,-38.2,25.0,16.0,0.6097560975609756,5.0293035330134,38,15,27,-12,0.04942507021799094,1,0,0,0,0,0,0,0,0,-1,0,0,0,0,0
1fcj,A,49,ILE,4.5,166.7,0.0,0,0,H,0.0,-71.0,-47.7,25.0,22.0,0.5319148936170213,5.2993635792432645,43,29,23,6,0.05129016720734909,1,0,0,0,0,0,0,0,0,18,97,12,0,12,1
1fcj,A,50,TRP,-0.9,227.8,0.0,1,0,H,0.13656387665198239,-60.1,-41.0,12.0,17.0,0.41379310344827586,1.9873331016036981,29,23,26,-3,0.04196468226055834,1,0,0,0,0,0,0,0,0,18,97,12,0,12,1
1fcj,A,51,ASP,-3.5,111.1,-1.0,1,3,H,0.17791411042944785,-63.6,-46.6,15.0,10.0,0.6,2.0644361441781363,24,21,17,4,0.04149840801321881,1,0,0,0,0,0,0,0,0,18,97,12,0,12,1
1fcj,A,52,ALA,1.8,88.6,0.0,0,0,H,0.0,-60.6,-35.2,19.0,9.0,0.6785714285714286,4.173402047427745,25,31,18,13,0.043829779249916496,1,0,0,0,0,0,0,0,0,-1,0,0,0,0,0
1fcj,A,53,GLU,-3.5,138.4,-1.0,1,3,H,0.24742268041237114,-67.5,-43.7,8.0,13.0,0.38095238095238093,1.8977374153130728,24,38,9,29,0.04196468226055834,1,0,0,0,0,0,0,0,0,18,97,12,0,12,1
1fcj,A,54,LYS,-3.9,168.6,1.0,2,0,H,0.7902439024390244,-63.1,-39.3,6.0,7.0,0.46153846153846156,1.8912297115573946,16,14,20,-6,0.027043906345693154,1,0,0,0,0,0,0,0,0,18,97,12,0,12,1
1fcj,A,55,ARG,-4.5,173.4,1.0,5,0,H,0.5201612903225806,-71.5,-13.6,10.0,4.0,0.7142857142857143,1.826879650536313,19,12,17,-5,0.025645083603674543,1,0,0,0,0,0,0,0,0,-1,0,0,0,0,0
1fcj,A,56,GLY,-0.4,60.1,0.0,0,0,T,0.47619047619047616,85.7,3.2,1.0,13.0,0.07142857142857142,1.7927036647568235,17,27,17,10,0.02611135785101408,0,0,0,0,0,1,0,0,0,-1,0,0,0,0,0
1fcj,A,57,VAL,4.2,140.0,0.0,0,0,-,0.4014084507042254,-86.8,-24.3,11.0,12.0,0.4782608695652174,1.9979115737129667,25,29,20,9,0.032172923066428064,0,0,0,0,0,0,0,0,0,49,34,4,0,1,1
1fcj,A,58,LEU,3.8,166.7,0.0,0,0,-,0.03048780487804878,-99.9,122.3,18.0,11.0,0.6206896551724138,3.243985484939616,30,39,21,18,0.04709369898129325,0,0,0,0,0,0,0,0,0,49,34,4,0,1,1
1fcj,A,59,LYS,-3.9,168.6,1.0,2,0,-,0.5951219512195122,-148.2,153.4,5.0,19.0,0.20833333333333334,2.1904449058661526,19,12,13,-1,0.030774100324409453,0,0,0,0,0,0,0,0,0,49,34,4,0,1,1
1fcj,A,60,PRO,-1.6,112.7,0.0,0,0,T,0.9044117647058824,-45.4,132.4,0.0,20.0,0.0,1.9291017908875037,15,18,11,7,0.021914889624958248,0,0,0,0,0,1,0,0,0,49,34,4,0,1,1
1fcj,A,61,GLY,-0.4,60.1,0.0,0,0,T,0.8928571428571429,95.8,-16.1,2.0,15.0,0.11764705882352941,1.709529510316174,18,28,10,18,0.024246260861655933,0,0,0,0,0,1,0,0,0,49,34,4,0,1,1
1fcj,A,62,VAL,4.2,140.0,0.0,0,0,P,0.1056338028169014,-83.6,133.3,18.0,10.0,0.6428571428571429,1.9908006687575237,26,28,19,9,0.043363505002576956,0,0,0,0,0,0,0,0,0,49,34,4,0,1,1
1fcj,A,63,GLU,-3.5,138.4,-1.0,1,3,E,0.15463917525773196,-101.7,139.7,14.0,21.0,0.4,2.3045096034752524,31,21,9,12,0.04709369898129325,0,0,1,0,0,0,0,0,0,66,0,8,0,0,1
1fcj,A,64,LEU,3.8,166.7,0.0,0,0,E,0.0,-85.0,144.5,23.0,22.0,0.5111111111111111,5.087841298813292,38,15,20,-5,0.05129016720734909,0,0,1,0,0,0,0,0,0,-1,0,0,0,0,0
1fcj,A,65,VAL,4.2,140.0,0.0,0,0,E,0.0,-132.1,118.1,20.0,25.0,0.4444444444444444,5.02847168912725,36,15,30,-15,0.05688545817542354,0,0,1,0,0,0,0,0,0,-1,0,0,0,0,0
1fcj,A,66,GLU,-3.5,138.4,-1.0,1,3,E,0.0,-140.6,135.9,24.0,25.0,0.4897959183673469,5.6257889057741135,45,2,3,-1,0.05408781269138631,0,0,1,0,0,0,0,0,0,-1,0,0,0,0,0
1fcj,A,67,PRO,-1.6,112.7,0.0,0,0,E,0.0,-81.4,139.2,21.0,23.0,0.4772727272727273,3.7699985756934282,42,10,16,-6,0.05502036118606539,0,0,1,0,0,0,0,0,0,-1,0,0,0,0,0
1fcj,A,68,THR,-0.7,116.1,0.0,1,1,-,0.007042253521126761,-164.1,155.1,23.0,25.0,0.4791666666666667,2.7727863744851824,43,16,9,7,0.048492521723311866,0,0,0,0,0,0,0,0,0,20,68,12,0,9,1
1fcj,A,69,ASN,-3.5,114.1,0.0,2,2,S,0.5095541401273885,-138.7,4.8,18.0,22.0,0.45,1.845453034826815,35,15,7,8,0.03730193978716297,0,0,0,0,0,0,1,0,0,20,68,12,0,9,1
1fcj,A,70,GLY,-0.4,60.1,0.0,0,0,S,0.13095238095238096,-149.4,-135.3,13.0,23.0,0.3611111111111111,2.075984822524394,34,21,7,14,0.03450429430312575,0,0,0,0,0,0,1,0,0,20,68,12,0,9,1
1fcj,A,71,ASN,-3.5,114.1,0.0,2,2,H,0.28662420382165604,-61.3,-25.5,19.0,19.0,0.5,1.8320608630344257,37,17,4,13,0.03730193978716297,1,0,0,0,0,0,0,0,0,20,68,12,0,9,1
1fcj,A,72,THR,-0.7,116.1,0.0,1,1,H,0.035211267605633804,-66.6,-44.4,20.0,22.0,0.47619047619047616,2.666936110497268,37,17,9,8,0.04476232774459557,1,0,0,0,0,0,0,0,0,-1,0,0,0,0,0
1fcj,A,73,GLY,-0.4,60.1,0.0,0,0,H,0.0,-58.0,-41.4,20.0,21.0,0.4878048780487805,4.113885808751985,42,18,9,9,0.045694876239274644,1,0,0,0,0,0,0,0,0,-1,0,0,0,0,0
1fcj,A,74,ILE,4.5,166.7,0.0,0,0,H,0.10650887573964497,-60.5,-49.4,15.0,27.0,0.35714285714285715,2.805253839838166,37,24,3,21,0.04616115048661418,1,0,0,0,0,0,0,0,0,-1,0,0,0,0,0
1fcj,A,75,ALA,1.8,88.6,0.0,0,0,H,0.0,-64.4,-42.0,24.0,22.0,0.5217391304347826,3.246387238501329,42,14,5,9,0.05129016720734909,1,0,0,0,0,0,0,0,0,-1,0,0,0,0,0
1fcj,A,76,LEU,3.8,166.7,0.0,0,0,H,0.0,-59.1,-38.1,22.0,27.0,0.4489795918367347,4.974590546813227,44,17,9,8,0.04662742473395372,1,0,0,0,0,0,0,0,0,-1,0,0,0,0,0
1fcj,A,77,ALA,1.8,88.6,0.0,0,0,H,0.03773584905660377,-61.4,-43.4,21.0,29.0,0.42,2.1540560636873285,45,12,10,2,0.048492521723311866,1,0,0,0,0,0,0,0,0,-1,0,0,0,0,0
1fcj,A,78,TYR,-1.3,193.6,0.0,1,1,H,0.05855855855855856,-61.9,-54.5,24.0,25.0,0.4897959183673469,3.5310869418915747,42,9,9,0,0.04942507021799094,1,0,0,0,0,0,0,0,0,26,21,21,0,5,1
1fcj,A,79,VAL,4.2,140.0,0.0,0,0,H,0.014084507042253521,-59.8,-40.2,21.0,24.0,0.4666666666666667,5.666269771770126,43,21,15,6,0.053155264196707235,1,0,0,0,0,0,0,0,0,-1,0,0,0,0,0
1fcj,A,80,ALA,1.8,88.6,0.0,0,0,H,0.02830188679245283,-62.4,-48.3,24.0,23.0,0.5106382978723404,2.518373596769393,41,20,23,-3,0.04243095650789788,1,0,0,0,0,0,0,0,0,-1,0,0,0,0,0
1fcj,A,81,ALA,1.8,88.6,0.0,0,0,H,0.1509433962264151,-60.9,-36.4,20.0,18.0,0.5263157894736842,1.8605245499534675,33,25,32,-7,0.043829779249916496,1,0,0,0,0,0,0,0,0,-1,0,0,0,0,0
1fcj,A,82,ALA,1.8,88.6,0.0,0,0,H,0.03773584905660377,-68.3,-38.1,23.0,19.0,0.5476190476190477,2.992140388216435,37,24,35,-11,0.04989134446533048,1,0,0,0,0,0,0,0,0,-1,0,0,0,0,0
1fcj,A,83,ARG,-4.5,173.4,1.0,5,0,H,0.29435483870967744,-99.5,6.4,19.0,18.0,0.5135135135135135,1.9462478693936516,32,7,27,-20,0.03870076252918159,1,0,0,0,0,0,0,0,0,18,97,12,0,12,1
1fcj,A,84,GLY,-0.4,60.1,0.0,0,0,T,0.5833333333333334,76.3,36.6,7.0,23.0,0.23333333333333334,1.9009867634992859,28,31,28,3,0.028909003335051305,0,0,0,0,0,1,0,0,0,-1,0,0,0,0,0
1fcj,A,85,TYR,-1.3,193.6,0.0,1,1,-,0.13513513513513514,-112.0,147.1,22.0,12.0,0.6470588235294118,2.045921602847201,32,31,17,14,0.04196468226055834,0,0,0,0,0,0,0,0,0,66,0,8,0,0,1
1fcj,A,86,LYS,-3.9,168.6,1.0,2,0,-,0.775609756097561,-85.5,154.1,10.0,23.0,0.30303030303030304,2.1058946371789613,24,10,11,-1,0.03310547156110714,0,0,0,0,0,0,0,0,0,66,0,8,0,0,1
1fcj,A,87,LEU,3.8,166.7,0.0,0,0,E,0.054878048780487805,-141.4,135.5,25.0,16.0,0.6097560975609756,2.2476333441521708,37,13,18,-5,0.04616115048661418,0,0,1,0,0,0,0,0,0,40,24,10,0,2,1
1fcj,A,88,THR,-0.7,116.1,0.0,1,1,E,0.007042253521126761,-117.3,131.8,17.0,21.0,0.4473684210526316,2.9857216310563515,35,15,18,-3,0.045694876239274644,0,0,1,0,0,0,0,0,0,40,24,10,0,2,1
1fcj,A,89,LEU,3.8,166.7,0.0,0,0,E,0.0,-117.0,126.3,22.0,25.0,0.46808510638297873,5.378378144873828,43,17,12,5,0.05175644145468863,0,0,1,0,0,0,0,0,0,40,24,10,0,2,1
1fcj,A,90,THR,-0.7,116.1,0.0,1,1,E,0.0,-99.8,138.0,23.0,21.0,0.5227272727272727,5.631085384439008,40,12,17,-5,0.05548663543340492,0,0,1,0,0,0,0,0,0,-1,0,0,0,0,0
1fcj,A,91,MET,1.9,162.9,0.0,0,0,E,0.0,-152.0,142.4,20.0,21.0,0.4878048780487805,5.097512289048843,36,26,20,6,0.05408781269138631,0,0,1,0,0,0,0,0,0,15,396,6,0,25,1
1fcj,A,92,PRO,-1.6,112.7,0.0,0,0,E,0.007352941176470588,-67.5,149.4,14.0,17.0,0.45161290322580644,3.18407580471288,30,27,16,11,0.05129016720734909,0,0,1,0,0,0,0,0,0,15,396,6,0,25,1
1fcj,A,93,GLU,-3.5,138.4,-1.0,1,3,T,0.4845360824742268,-61.7,-6.1,5.0,18.0,0.21739130434782608,1.9503050502823234,17,12,7,5,0.0363693912924839,0,0,0,0,0,1,0,0,0,15,396,6,0,25,1
1fcj,A,94,THR,-0.7,116.1,0.0,1,1,T,0.7323943661971831,-73.3,-23.9,11.0,12.0,0.4782608695652174,1.8244568644353596,19,15,14,1,0.025645083603674543,0,0,0,0,0,1,0,0,0,15,396,6,0,25,1
1fcj,A,95,MET,1.9,162.9,0.0,0,0,S,0.06382978723404255,-54.9,137.1,24.0,4.0,0.8571428571428571,2.424748474071178,26,26,14,12,0.03683566553982344,0,0,0,0,0,0,1,0,0,20,68,12,0,9,1
1fcj,A,96,SER,-0.8,89.0,0.0,1,1,-,0.4846153846153846,-64.1,158.5,4.0,12.0,0.25,2.1602734345468377,18,29,15,14,0.02797645484037223,0,0,0,0,0,0,0,0,0,-1,0,0,0,0,0
1fcj,A,97,ILE,4.5,166.7,0.0,0,0,H,0.7159763313609467,-70.3,-40.1,0.0,16.0,0.0,2.055328897786783,14,27,15,12,0.028909003335051305,1,0,0,0,0,0,0,0,0,-1,0,0,0,0,0
1fcj,A,98,GLU,-3.5,138.4,-1.0,1,3,H,0.5773195876288659,-58.7,-44.3,1.0,12.0,0.07692307692307693,1.7375238556255717,13,37,0,37,0.02844272908771177,1,0,0,0,0,0,0,0,0,-1,0,0,0,0,0
1fcj,A,99,ARG,-4.5,173.4,1.0,5,0,H,0.22983870967741934,-58.0,-41.6,13.0,12.0,0.52,2.167007282679358,25,22,9,13,0.03590311704514436,1,0,0,0,0,0,0,0,0,20,68,12,0,9,1
1fcj,A,100,ARG,-4.5,173.4,1.0,5,0,H,0.20967741935483872,-65.0,-44.5,11.0,17.0,0.39285714285714285,2.259100636147033,23,26,18,8,0.04149840801321881,1,0,0,0,0,0,0,0,0,-1,0,0,0,0,0
1fcj,A,101,LYS,-3.9,168.6,1.0,2,0,H,0.6292682926829268,-60.8,-46.0,3.0,13.0,0.1875,1.89388314878859,13,27,9,18,0.03357174580844668,1,0,0,0,0,0,0,0,0,-1,0,0,0,0,0
1fcj,A,102,LEU,3.8,166.7,0.0,0,0,H,0.21951219512195122,-58.4,-51.4,12.0,11.0,0.5217391304347826,2.2309690189364395,26,41,9,32,0.035436842797804825,1,0,0,0,0,0,0,0,0,-1,0,0,0,0,0
1fcj,A,103,LEU,3.8,166.7,0.0,0,0,H,0.012195121951219513,-60.4,-38.1,24.0,10.0,0.7058823529411765,5.021439569695307,34,35,8,27,0.04476232774459557,1,0,0,0,0,0,0,0,0,-1,0,0,0,0,0
1fcj,A,104,LYS,-3.9,168.6,1.0,2,0,H,0.6341463414634146,-70.2,-38.7,7.0,18.0,0.28,2.130742419610581,20,18,2,16,0.03357174580844668,1,0,0,0,0,0,0,0,0,40,24,10,0,2,1
1fcj,A,105,ALA,1.8,88.6,0.0,0,0,H,0.7547169811320755,-60.3,-30.2,8.0,14.0,0.36363636363636365,1.767568204763225,21,36,10,26,0.02471253510899547,1,0,0,0,0,0,0,0,0,-1,0,0,0,0,0
1fcj,A,106,LEU,3.8,166.7,0.0,0,0,T,0.11585365853658537,-81.0,1.9,25.0,13.0,0.6578947368421053,2.211713345139443,33,22,11,11,0.034970568550465285,0,0,0,0,0,1,0,0,0,-1,0,0,0,0,0
1fcj,A,107,GLY,-0.4,60.1,0.0,0,0,T,0.7380952380952381,99.3,1.3,20.0,14.0,0.5882352941176471,1.7691953045918831,27,22,11,11,0.032639197313767604,0,0,0,0,0,1,0,0,0,-1,0,0,0,0,0
1fcj,A,108,ALA,1.8,88.6,0.0,0,0,-,0.018867924528301886,-82.4,144.9,27.0,10.0,0.7297297297297297,1.9446589293216978,31,25,6,19,0.043363505002576956,0,0,0,0,0,0,0,0,0,40,24,10,0,2,1
1fcj,A,109,ASN,-3.5,114.1,0.0,2,2,E,0.5159235668789809,-83.7,115.3,8.0,19.0,0.2962962962962963,2.1376936756788862,22,18,9,9,0.03403802005578621,0,0,1,0,0,0,0,0,0,40,24,10,0,2,1
1fcj,A,110,LEU,3.8,166.7,0.0,0,0,E,0.23780487804878048,-91.9,129.4,17.0,19.0,0.4722222222222222,2.2395366430186896,27,27,3,24,0.040565859518539735,0,0,1,0,0,0,0,0,0,40,24,10,0,2,1
1fcj,A,111,VAL,4.2,140.0,0.0,0,0,E,0.2323943661971831,-124.1,108.6,17.0,13.0,0.5666666666666667,2.3941995686365836,29,15,14,1,0.03357174580844668,0,0,1,0,0,0,0,0,0,40,24,10,0,2,1
1fcj,A,112,LEU,3.8,166.7,0.0,0,0,E,0.39634146341463417,-80.3,142.0,11.0,23.0,0.3235294117647059,2.0383354124413953,23,16,15,1,0.03916703677652112,0,0,1,0,0,0,0,0,0,15,396,6,0,25,1
1fcj,A,113,THR,-0.7,116.1,0.0,1,1,E,0.07042253521126761,-122.2,161.4,19.0,9.0,0.6785714285714286,2.140244553279887,29,27,20,7,0.04103213376587927,0,0,1,0,0,0,0,0,0,15,396,6,0,25,1
1fcj,A,114,GLU,-3.5,138.4,-1.0,1,3,-,0.6494845360824743,-40.8,116.6,7.0,13.0,0.35,1.9717304770274484,16,21,9,12,0.03124037457174899,0,0,0,0,0,0,0,0,0,15,396,6,0,25,1
1fcj,A,115,GLY,-0.4,60.1,0.0,0,0,G,0.30952380952380953,-53.9,-44.9,4.0,14.0,0.2222222222222222,1.7096657948569227,16,15,18,-3,0.029375277582390842,0,0,0,1,0,0,0,0,0,15,396,6,0,25,1
1fcj,A,116,ALA,1.8,88.6,0.0,0,0,G,0.8773584905660378,-54.9,-33.4,0.0,15.0,0.0,1.767625462640103,12,16,17,-1,0.018650969893581486,0,0,0,1,0,0,0,0,0,15,396,6,0,25,1
1fcj,A,117,LYS,-3.9,168.6,1.0,2,0,G,0.2926829268292683,-84.0,-5.9,11.0,7.0,0.6111111111111112,1.9891524439250143,17,12,12,0,0.029375277582390842,0,0,0,1,0,0,0,0,0,15,396,6,0,25,1
1fcj,A,118,GLY,-0.4,60.1,0.0,0,0,H,0.25,50.8,-146.8,3.0,22.0,0.12,2.226621047216092,25,20,16,4,0.035436842797804825,1,0,0,0,0,0,0,0,0,15,396,6,0,25,1
1fcj,A,119,MET,1.9,162.9,0.0,0,0,H,0.13829787234042554,-62.3,-37.3,11.0,22.0,0.3333333333333333,2.0676369871111424,30,20,6,14,0.03916703677652112,1,0,0,0,0,0,0,0,0,-1,0,0,0,0,0
1fcj,A,120,LYS,-3.9,168.6,1.0,2,0,H,0.7170731707317073,-55.7,-38.3,4.0,22.0,0.15384615384615385,2.0686141238269498,21,12,9,3,0.03124037457174899,1,0,0,0,0,0,0,0,0,-1,0,0,0,0,0
1fcj,A,121,GLY,-0.4,60.1,0.0,0,0,H,0.05952380952380952,-72.3,-31.2,12.0,14.0,0.46153846153846156,2.1997918998070305,25,27,25,2,0.043363505002576956,1,0,0,0,0,0,0,0,0,-1,0,0,0,0,0
1fcj,A,122,ALA,1.8,88.6,0.0,0,0,H,0.0,-71.1,-42.2,20.0,14.0,0.5882352941176471,4.041607607213696,34,26,29,-3,0.05408781269138631,1,0,0,0,0,0,0,0,0,-1,0,0,0,0,0
1fcj,A,123,ILE,4.5,166.7,0.0,0,0,H,0.21893491124260356,-67.6,-37.3,7.0,25.0,0.21875,2.4324381179646632,28,24,23,1,0.04429605349725603,1,0,0,0,0,0,0,0,0,43,24,8,0,2,1
1fcj,A,124,GLN,-3.5,143.8,0.0,2,2,H,0.37373737373737376,-56.5,-50.4,9.0,18.0,0.3333333333333333,1.8967620261055107,19,27,26,1,0.03683566553982344,1,0,0,0,0,0,0,0,0,43,24,8,0,2,1
1fcj,A,125,LYS,-3.9,168.6,1.0,2,0,H,0.3853658536585366,-61.9,-37.4,19.0,12.0,0.6129032258064516,2.297419834955791,29,5,27,-22,0.04103213376587927,1,0,0,0,0,0,0,0,0,-1,0,0,0,0,0
1fcj,A,126,ALA,1.8,88.6,0.0,0,0,H,0.0,-60.3,-48.4,23.0,14.0,0.6216216216216216,3.915235607877873,31,11,26,-15,0.053155264196707235,1,0,0,0,0,0,0,0,0,43,24,8,0,2,1
1fcj,A,127,GLU,-3.5,138.4,-1.0,1,3,H,0.4845360824742268,-58.5,-40.0,6.0,20.0,0.23076923076923078,1.8701995992998843,23,11,12,-1,0.03730193978716297,1,0,0,0,0,0,0,0,0,43,24,8,0,2,1
1fcj,A,128,GLU,-3.5,138.4,-1.0,1,3,H,0.5051546391752577,-66.9,-41.5,8.0,14.0,0.36363636363636365,1.7361334897866745,19,10,10,0,0.03170664881908853,1,0,0,0,0,0,0,0,0,43,24,8,0,2,1
1fcj,A,129,ILE,4.5,166.7,0.0,0,0,H,0.14201183431952663,-62.7,-43.3,19.0,8.0,0.7037037037037037,2.194320754762178,28,18,35,-17,0.03683566553982344,1,0,0,0,0,0,0,0,0,27,156,3,0,5,1
1fcj,A,130,VAL,4.2,140.0,0.0,0,0,H,0.15492957746478872,-59.7,-56.0,15.0,12.0,0.5555555555555556,2.6386423283273706,24,16,34,-18,0.045694876239274644,1,0,0,0,0,0,0,0,0,27,156,3,0,5,1
1fcj,A,131,ALA,1.8,88.6,0.0,0,0,H,0.7169811320754716,-54.0,-27.4,5.0,11.0,0.3125,1.7882569961358137,16,7,26,-19,0.02844272908771177,1,0,0,0,0,0,0,0,0,27,156,3,0,5,1
1fcj,A,132,SER,-0.8,89.0,0.0,1,1,T,0.6615384615384615,-65.0,-21.3,8.0,7.0,0.5333333333333333,1.739708759341078,14,12,21,-9,0.025645083603674543,0,0,0,0,0,1,0,0,0,27,156,3,0,5,1
1fcj,A,133,ASP,-3.5,111.1,-1.0,1,3,S,0.3558282208588957,-174.3,75.2,6.0,11.0,0.35294117647058826,2.166742125493583,16,9,13,-4,0.03310547156110714,0,0,0,0,0,0,1,0,0,27,156,3,0,5,1
1fcj,A,134,PRO,-1.6,112.7,0.0,0,0,T,0.5294117647058824,-57.1,-21.7,3.0,16.0,0.15789473684210525,1.9948834545892855,17,8,16,-8,0.030307826077069916,0,0,0,0,0,1,0,0,0,27,156,3,0,5,1
1fcj,A,135,GLN,-3.5,143.8,0.0,2,2,T,0.7525252525252525,-84.0,-29.0,0.0,19.0,0.0,1.790547223736855,15,14,10,4,0.023779986614316396,0,0,0,0,0,1,0,0,0,27,156,3,0,5,1
1fcj,A,136,LYS,-3.9,168.6,1.0,2,0,T,0.43902439024390244,-85.5,-37.9,8.0,15.0,0.34782608695652173,2.08484068967726,21,10,17,-7,0.03590311704514436,0,0,0,0,0,1,0,0,0,27,156,3,0,5,1
1fcj,A,137,TYR,-1.3,193.6,0.0,1,1,E,0.16666666666666666,-109.1,142.4,16.0,14.0,0.5333333333333333,2.581744464604217,27,15,26,-11,0.04942507021799094,0,0,1,0,0,0,0,0,0,27,156,3,0,5,1
1fcj,A,138,LEU,3.8,166.7,0.0,0,0,E,0.12195121951219512,-124.9,125.6,19.0,19.0,0.5,2.5275002463372664,36,21,25,-4,0.04662742473395372,0,0,1,0,0,0,0,0,0,-1,0,0,0,0,0
1fcj,A,139,LEU,3.8,166.7,0.0,0,0,E,0.2804878048780488,-82.3,131.4,19.0,20.0,0.48717948717948717,2.0312318927513338,35,8,23,-15,0.03823448828184205,0,0,1,0,0,0,0,0,0,43,24,8,0,2,1
1fcj,A,140,LEU,3.8,166.7,0.0,0,0,-,0.0,-121.1,103.4,27.0,15.0,0.6428571428571429,3.2753000172397666,41,5,20,-15,0.04476232774459557,0,0,0,0,0,0,0,0,0,-1,0,0,0,0,0
1fcj,A,141,GLN,-3.5,143.8,0.0,2,2,-,0.12121212121212122,-110.9,97.9,16.0,23.0,0.41025641025641024,2.1055026175444733,33,1,16,-15,0.04149840801321881,0,0,0,0,0,0,0,0,0,43,24,8,0,2,1
1fcj,A,142,GLN,-3.5,143.8,0.0,2,2,T,0.020202020202020204,-58.1,-24.2,24.0,20.0,0.5454545454545454,3.4730861502814814,38,8,9,-1,0.04662742473395372,0,0,0,0,0,1,0,0,0,-1,0,0,0,0,0
1fcj,A,143,PHE,2.8,189.9,0.0,0,0,T,0.1065989847715736,-79.1,-21.0,12.0,24.0,0.3333333333333333,2.286241691500042,33,5,5,0,0.04289723075523742,0,0,0,0,0,1,0,0,0,-1,0,0,0,0,0
1fcj,A,144,SER,-0.8,89.0,0.0,1,1,T,0.5,-126.8,-15.3,5.0,21.0,0.19230769230769232,1.8453267555827868,23,0,2,-2,0.03357174580844668,0,0,0,0,0,1,0,0,0,-1,0,0,0,0,0
1fcj,A,145,ASN,-3.5,114.1,0.0,2,2,-,0.11464968152866242,-69.0,112.5,15.0,12.0,0.5555555555555556,2.180710682210301,27,6,19,-13,0.03590311704514436,0,0,0,0,0,0,0,0,0,-1,0,0,0,0,0
1fcj,A,146,PRO,-1.6,112.7,0.0,0,0,T,0.6617647058823529,-59.1,-8.0,1.0,29.0,0.03333333333333333,1.9481639995977715,26,13,18,-5,0.03450429430312575,0,0,0,0,0,1,0,0,0,-1,0,0,0,0,0
1fcj,A,147,ALA,1.8,88.6,0.0,0,0,H,0.018867924528301886,-70.4,-15.6,17.0,17.0,0.5,2.6089959396740583,32,26,21,5,0.04243095650789788,1,0,0,0,0,0,0,0,0,-1,0,0,0,0,0
1fcj,A,148,ASN,-3.5,114.1,0.0,2,2,H,0.0,-69.1,-66.8,20.0,23.0,0.46511627906976744,3.136841632008283,43,29,17,12,0.05502036118606539,1,0,0,0,0,0,0,0,0,-1,0,0,0,0,0
1fcj,A,149,PRO,-1.6,112.7,0.0,0,0,H,0.022058823529411766,-65.0,-25.7,21.0,20.0,0.5121951219512195,2.5260763245232076,36,32,21,11,0.05222271570202816,1,0,0,0,0,0,0,0,0,-1,0,0,0,0,0
1fcj,A,150,GLU,-3.5,138.4,-1.0,1,3,H,0.36082474226804123,-57.4,-45.8,11.0,23.0,0.3235294117647059,1.9458242897324394,27,31,16,15,0.043363505002576956,1,0,0,0,0,0,0,0,0,-1,0,0,0,0,0
1fcj,A,151,ILE,4.5,166.7,0.0,0,0,H,0.047337278106508875,-64.0,-33.0,18.0,20.0,0.47368421052631576,2.9915979719789045,35,34,27,7,0.050823892960009553,1,0,0,0,0,0,0,0,0,-1,0,0,0,0,0
1fcj,A,152,HIS,-3.2,153.2,0.1,2,1,I,0.016304347826086956,-71.3,-32.2,21.0,21.0,0.5,3.8540514368238923,43,34,28,6,0.05502036118606539,0,0,0,0,1,0,0,0,0,-1,0,0,0,0,0
1fcj,A,153,GLU,-3.5,138.4,-1.0,1,3,I,0.23195876288659795,-71.8,-29.3,14.0,19.0,0.42424242424242425,2.2767631060928806,29,33,10,23,0.0526889899493677,0,0,0,0,1,0,0,0,0,-1,0,0,0,0,0
1fcj,A,154,LYS,-3.9,168.6,1.0,2,0,I,0.6097560975609756,-93.9,-16.3,9.0,21.0,0.3,2.036462884611466,22,14,22,-8,0.03823448828184205,0,0,0,0,1,0,0,0,0,-1,0,0,0,0,0
1fcj,A,155,THR,-0.7,116.1,0.0,1,1,I,0.23943661971830985,-131.5,-64.2,13.0,19.0,0.40625,2.2782619691947135,31,44,26,18,0.043363505002576956,0,0,0,0,1,0,0,0,0,-1,0,0,0,0,0
1fcj,A,156,THR,-0.7,116.1,0.0,1,1,I,0.0,-52.5,-49.4,29.0,17.0,0.6304347826086957,4.943736253478057,41,45,32,13,0.05548663543340492,0,0,0,0,1,0,0,0,0,-1,0,0,0,0,0
1fcj,A,157,GLY,-0.4,60.1,0.0,0,0,H,0.0,-61.1,-55.9,20.0,20.0,0.5,4.717859981172188,39,41,37,4,0.05455408693872585,1,0,0,0,0,0,0,0,0,-1,0,0,0,0,0
1fcj,A,158,PRO,-1.6,112.7,0.0,0,0,H,0.19117647058823528,-55.9,-38.9,8.0,22.0,0.26666666666666666,2.3678647405916764,27,38,34,4,0.045228601991935104,1,0,0,0,0,0,0,0,0,-1,0,0,0,0,0
1fcj,A,159,GLU,-3.5,138.4,-1.0,1,3,H,0.07731958762886598,-60.6,-43.6,20.0,14.0,0.5882352941176471,2.198636883215203,31,43,25,18,0.04429605349725603,1,0,0,0,0,0,0,0,0,-1,0,0,0,0,0
1fcj,A,160,ILE,4.5,166.7,0.0,0,0,H,0.005917159763313609,-65.0,-40.5,27.0,18.0,0.6,5.719622859573534,43,21,34,-13,0.04616115048661418,1,0,0,0,0,0,0,0,0,-1,0,0,0,0,0
1fcj,A,161,TRP,-0.9,227.8,0.0,1,0,H,0.19383259911894274,-67.3,-48.3,17.0,20.0,0.4594594594594595,2.731499184945556,26,22,30,-8,0.04989134446533048,1,0,0,0,0,0,0,0,0,-1,0,0,0,0,0
1fcj,A,162,GLU,-3.5,138.4,-1.0,1,3,H,0.5154639175257731,-67.8,-40.2,10.0,15.0,0.4,1.8016944152599035,25,26,24,2,0.03823448828184205,1,0,0,0,0,0,0,0,0,-1,0,0,0,0,0
1fcj,A,163,ASP,-3.5,111.1,-1.0,1,3,H,0.08588957055214724,-68.7,-26.9,20.0,12.0,0.625,2.199131599232631,30,34,28,6,0.04289723075523742,1,0,0,0,0,0,0,0,0,-1,0,0,0,0,0
1fcj,A,164,THR,-0.7,116.1,0.0,1,1,T,0.04225352112676056,-103.3,6.7,22.0,11.0,0.6666666666666666,2.296290878912502,29,15,36,-21,0.045228601991935104,0,0,0,0,0,1,0,0,0,-1,0,0,0,0,0
1fcj,A,165,ASP,-3.5,111.1,-1.0,1,3,T,0.3619631901840491,49.7,42.7,6.0,14.0,0.3,1.809406297582894,18,13,19,-6,0.035436842797804825,0,0,0,0,0,1,0,0,0,-1,0,0,0,0,0
1fcj,A,166,GLY,-0.4,60.1,0.0,0,0,T,0.11904761904761904,71.1,7.1,4.0,21.0,0.16,1.8310622219296386,26,18,33,-15,0.03590311704514436,0,0,0,0,0,1,0,0,0,-1,0,0,0,0,0
1fcj,A,167,GLN,-3.5,143.8,0.0,2,2,-,0.5909090909090909,-88.1,9.8,11.0,15.0,0.4230769230769231,1.9047216310409003,24,11,25,-14,0.032172923066428064,0,0,0,0,0,0,0,0,0,-1,0,0,0,0,0
1fcj,A,168,VAL,4.2,140.0,0.0,0,0,-,0.0,-71.6,130.5,30.0,9.0,0.7692307692307693,3.4229243653975914,33,24,30,-6,0.048492521723311866,0,0,0,0,0,0,0,0,0,-1,0,0,0,0,0
1fcj,A,169,ASP,-3.5,111.1,-1.0,1,3,-,0.2085889570552147,-112.0,-27.1,9.0,23.0,0.28125,2.0249123235571718,28,26,8,18,0.043363505002576956,0,0,0,0,0,0,0,0,0,-1,0,0,0,0,0
1fcj,A,170,VAL,4.2,140.0,0.0,0,0,E,0.0,-136.3,140.8,20.0,24.0,0.45454545454545453,5.0519280340823025,37,23,16,7,0.048026247475972325,0,0,1,0,0,0,0,0,0,-1,0,0,0,0,0
1fcj,A,171,PHE,2.8,189.9,0.0,0,0,E,0.0,-127.0,120.4,25.0,28.0,0.4716981132075472,6.686792232592689,42,12,9,3,0.050823892960009553,0,0,1,0,0,0,0,0,0,-1,0,0,0,0,0
1fcj,A,172,ILE,4.5,166.7,0.0,0,0,E,0.0,-112.5,125.8,25.0,24.0,0.5102040816326531,6.096589982948893,46,9,3,6,0.05035761871267001,0,0,1,0,0,0,0,0,0,-1,0,0,0,0,0
1fcj,A,173,SER,-0.8,89.0,0.0,1,1,E,0.023076923076923078,-138.4,122.4,23.0,31.0,0.42592592592592593,2.894256408950304,46,5,4,1,0.04662742473395372,0,0,1,0,0,0,0,0,0,1,13343,14,0,2074,1
1fcj,A,174,GLY,-0.4,60.1,0.0,0,0,E,0.14285714285714285,-73.9,130.8,26.0,24.0,0.52,2.174409595695151,46,3,8,-5,0.04476232774459557,0,0,1,0,0,0,0,0,0,-1,0,0,0,0,0
1fcj,A,175,VAL,4.2,140.0,0.0,0,0,-,0.04225352112676056,-94.3,126.4,30.0,20.0,0.6,2.6071478091401477,47,5,10,-5,0.04243095650789788,0,0,0,0,0,0,0,0,0,1,13343,14,0,2074,1
1fcj,A,176,GLY,-0.4,60.1,0.0,0,0,S,0.17857142857142858,-117.8,-79.2,20.0,23.0,0.46511627906976744,1.9870382968470202,40,7,5,2,0.03310547156110714,0,0,0,0,0,0,1,0,0,-1,0,0,0,0,0
1fcj,A,177,THR,-0.7,116.1,0.0,1,1,S,0.08450704225352113,-85.9,-22.1,22.0,20.0,0.5238095238095238,2.3696590938405544,35,11,1,10,0.045228601991935104,0,0,0,0,0,0,1,0,0,-1,0,0,0,0,0
1fcj,A,178,GLY,-0.4,60.1,0.0,0,0,S,0.03571428571428571,86.1,-4.1,19.0,25.0,0.4318181818181818,2.1205686594660103,44,15,7,8,0.04709369898129325,0,0,0,0,0,0,1,0,0,-1,0,0,0,0,0
1fcj,A,179,GLY,-0.4,60.1,0.0,0,0,H,0.0,-60.8,-38.3,20.0,24.0,0.45454545454545453,2.5044564192348737,39,25,16,9,0.050823892960009553,1,0,0,0,0,0,0,0,0,-1,0,0,0,0,0
1fcj,A,180,THR,-0.7,116.1,0.0,1,1,H,0.11971830985915492,-65.0,-51.2,22.0,29.0,0.43137254901960786,2.491641746660703,43,30,14,16,0.04989134446533048,1,0,0,0,0,0,0,0,0,-1,0,0,0,0,0
1fcj,A,181,LEU,3.8,166.7,0.0,0,0,H,0.0,-58.4,-48.5,24.0,25.0,0.4897959183673469,3.7587486181838576,41,28,11,17,0.05408781269138631,1,0,0,0,0,0,0,0,0,1,13343,14,0,2074,1
1fcj,A,182,THR,-0.7,116.1,0.0,1,1,H,0.014084507042253521,-61.8,-52.2,19.0,25.0,0.4318181818181818,3.483308747442855,32,33,22,11,0.05455408693872585,1,0,0,0,0,0,0,0,0,-1,0,0,0,0,0
1fcj,A,183,GLY,-0.4,60.1,0.0,0,0,H,0.0,-65.3,-45.9,22.0,17.0,0.5641025641025641,4.282426741521555,36,36,21,15,0.05502036118606539,1,0,0,0,0,0,0,0,0,-1,0,0,0,0,0
1fcj,A,184,VAL,4.2,140.0,0.0,0,0,H,0.0,-62.3,-43.9,22.0,23.0,0.4888888888888889,6.422253187793761,42,41,17,24,0.056419183928083996,1,0,0,0,0,0,0,0,0,-1,0,0,0,0,0
1fcj,A,185,THR,-0.7,116.1,0.0,1,1,H,0.0,-65.4,-40.7,23.0,25.0,0.4791666666666667,3.472083881517173,42,37,23,14,0.04709369898129325,1,0,0,0,0,0,0,0,0,-1,0,0,0,0,0
1fcj,A,186,ARG,-4.5,173.4,1.0,5,0,I,0.3911290322580645,-60.0,-42.2,14.0,21.0,0.4,1.9132660109307802,31,23,23,0,0.04149840801321881,0,0,0,0,1,0,0,0,0,-1,0,0,0,0,0
1fcj,A,187,TYR,-1.3,193.6,0.0,1,1,I,0.15765765765765766,-63.1,-50.2,20.0,14.0,0.5882352941176471,2.8294273400939005,28,40,21,19,0.04662742473395372,0,0,0,0,1,0,0,0,0,-1,0,0,0,0,0
1fcj,A,188,ILE,4.5,166.7,0.0,0,0,I,0.0,-74.8,-49.3,27.0,11.0,0.7105263157894737,5.500825768312126,37,35,20,15,0.05175644145468863,0,0,0,0,1,0,0,0,0,-1,0,0,0,0,0
1fcj,A,189,LYS,-3.9,168.6,1.0,2,0,I,0.16097560975609757,-76.3,-37.1,16.0,14.0,0.5333333333333333,2.1848792857107755,26,25,16,9,0.04243095650789788,0,0,0,0,1,0,0,0,0,-1,0,0,0,0,0
1fcj,A,190,GLY,-0.4,60.1,0.0,0,0,I,0.5952380952380952,-84.6,-78.4,10.0,9.0,0.5263157894736842,1.7096737776317128,18,33,7,26,0.032172923066428064,0,0,0,0,1,0,0,0,0,-1,0,0,0,0,0
1fcj,A,191,THR,-0.7,116.1,0.0,1,1,I,0.6197183098591549,-55.7,-43.2,11.0,6.0,0.6470588235294118,1.8630672985612027,17,31,8,23,0.026577632098353617,0,0,0,0,1,0,0,0,0,-1,0,0,0,0,0
1fcj,A,192,LYS,-3.9,168.6,1.0,2,0,T,0.44390243902439025,-88.0,-5.5,18.0,5.0,0.782608695652174,2.099612080345903,20,18,8,10,0.032172923066428064,0,0,0,0,0,1,0,0,0,-1,0,0,0,0,0
1fcj,A,193,GLY,-0.4,60.1,0.0,0,0,-,0.5238095238095238,70.4,6.4,1.0,13.0,0.07142857142857142,1.773792741080597,15,30,8,22,0.025645083603674543,0,0,0,0,0,0,0,0,0,-1,0,0,0,0,0
1fcj,A,194,LYS,-3.9,168.6,1.0,2,0,-,0.2,-79.0,73.8,15.0,7.0,0.6818181818181818,2.148331865310297,25,20,17,3,0.035436842797804825,0,0,0,0,0,0,0,0,0,-1,0,0,0,0,0
1fcj,A,195,THR,-0.7,116.1,0.0,1,1,T,0.8028169014084507,-60.7,-22.4,0.0,20.0,0.0,1.7768096842845058,19,24,13,11,0.02611135785101408,0,0,0,0,0,1,0,0,0,-1,0,0,0,0,0
1fcj,A,196,ASP,-3.5,111.1,-1.0,1,3,T,0.6687116564417178,-91.9,13.6,2.0,18.0,0.1,1.6848882374880236,17,25,12,13,0.026577632098353617,0,0,0,0,0,1,0,0,0,-1,0,0,0,0,0
1fcj,A,197,LEU,3.8,166.7,0.0,0,0,-,0.012195121951219513,-62.2,140.3,22.0,10.0,0.6875,3.3654013751393226,34,31,23,8,0.04289723075523742,0,0,0,0,0,0,0,0,0,-1,0,0,0,0,0
1fcj,A,198,ILE,4.5,166.7,0.0,0,0,E,0.21893491124260356,-101.0,110.3,15.0,17.0,0.46875,2.586244547469532,28,29,24,5,0.04149840801321881,0,0,1,0,0,0,0,0,0,-1,0,0,0,0,0
1fcj,A,199,THR,-0.7,116.1,0.0,1,1,E,0.0,-92.5,124.5,19.0,23.0,0.4523809523809524,4.624690246235583,39,21,17,4,0.048958795970651406,0,0,1,0,0,0,0,0,0,-1,0,0,0,0,0
1fcj,A,200,VAL,4.2,140.0,0.0,0,0,E,0.0,-115.0,122.5,19.0,21.0,0.475,5.542488261935891,37,11,12,-1,0.05129016720734909,0,0,1,0,0,0,0,0,0,1,13343,14,0,2074,1
1fcj,A,201,ALA,1.8,88.6,0.0,0,0,E,0.0,-94.0,138.9,25.0,21.0,0.5434782608695652,5.530818577279054,39,9,17,-8,0.048026247475972325,0,0,1,0,0,0,0,0,0,1,13343,14,0,2074,1
1fcj,A,202,VAL,4.2,140.0,0.0,0,0,E,0.0,-116.0,137.5,25.0,23.0,0.5208333333333334,5.872619738394221,45,7,9,-2,0.04942507021799094,0,0,1,0,0,0,0,0,0,1,13343,14,0,2074,1
1fcj,A,203,GLU,-3.5,138.4,-1.0,1,3,E,0.020618556701030927,-145.7,167.1,23.0,27.0,0.46,3.1901078908408067,39,8,6,2,0.05502036118606539,0,0,1,0,0,0,0,0,0,1,13343,14,0,2074,1
1fcj,A,204,PRO,-1.6,112.7,0.0,0,0,E,0.0,-75.4,139.0,20.0,22.0,0.47619047619047616,4.219193706498015,39,17,19,-2,0.05129016720734909,0,0,1,0,0,0,0,0,0,-1,0,0,0,0,0
1fcj,A,205,THR,-0.7,116.1,0.0,1,1,T,0.3591549295774648,-57.8,-36.1,8.0,23.0,0.25806451612903225,1.9554260100423149,29,14,28,-14,0.034970568550465285,0,0,0,0,0,1,0,0,0,-1,0,0,0,0,0
1fcj,A,206,ASP,-3.5,111.1,-1.0,1,3,T,0.5214723926380368,-75.4,-5.1,9.0,17.0,0.34615384615384615,1.7286294147919015,20,20,12,8,0.034970568550465285,0,0,0,0,0,1,0,0,0,-1,0,0,0,0,0
1fcj,A,207,SER,-0.8,89.0,0.0,1,1,S,0.015384615384615385,-150.3,62.6,17.0,15.0,0.53125,2.7452899954676013,31,17,18,-1,0.04289723075523742,0,0,0,0,0,0,1,0,0,-1,0,0,0,0,0
1fcj,A,208,PRO,-1.6,112.7,0.0,0,0,-,0.27205882352941174,-78.7,54.3,12.0,23.0,0.34285714285714286,2.5203515228063544,30,12,26,-14,0.04149840801321881,0,0,0,0,0,0,0,0,0,68,0,5,0,0,1
1fcj,A,209,VAL,4.2,140.0,0.0,0,0,H,0.02112676056338028,-67.1,-27.2,16.0,20.0,0.4444444444444444,4.499058245632979,35,9,26,-17,0.04429605349725603,1,0,0,0,0,0,0,0,0,68,0,5,0,0,1
1fcj,A,210,ILE,4.5,166.7,0.0,0,0,H,0.03550295857988166,-72.5,-43.6,25.0,18.0,0.5813953488372093,4.746754148447962,39,6,15,-9,0.04289723075523742,1,0,0,0,0,0,0,0,0,68,0,5,0,0,1
1fcj,A,211,ALA,1.8,88.6,0.0,0,0,H,0.4056603773584906,-61.0,-46.3,14.0,20.0,0.4117647058823529,2.0408085534478877,26,6,22,-16,0.03590311704514436,1,0,0,0,0,0,0,0,0,68,0,5,0,0,1
1fcj,A,212,GLN,-3.5,143.8,0.0,2,2,H,0.13131313131313133,-55.0,-52.8,14.0,10.0,0.5833333333333334,2.310581246510677,24,9,25,-16,0.03963331102386066,1,0,0,0,0,0,0,0,0,68,0,5,0,0,1
1fcj,A,213,ALA,1.8,88.6,0.0,0,0,H,0.2358490566037736,-59.0,-42.6,15.0,9.0,0.625,2.100246922632274,20,2,18,-16,0.03730193978716297,1,0,0,0,0,0,0,0,0,68,0,5,0,0,1
1fcj,A,214,LEU,3.8,166.7,0.0,0,0,H,0.5060975609756098,-73.0,-19.0,13.0,9.0,0.5909090909090909,1.9846888367671955,22,10,18,-8,0.027510180593032695,1,0,0,0,0,0,0,0,0,68,0,5,0,0,1
1fcj,A,215,ALA,1.8,88.6,0.0,0,0,T,0.5754716981132075,-92.4,-0.4,9.0,5.0,0.6428571428571429,1.788209013063997,14,0,15,-15,0.02144861537761871,0,0,0,0,0,1,0,0,0,68,0,5,0,0,1
1fcj,A,216,GLY,-0.4,60.1,0.0,0,0,T,0.8452380952380952,78.2,11.8,0.0,12.0,0.0,1.7096118720603362,12,0,17,-17,0.01958351838826056,0,0,0,0,0,1,0,0,0,68,0,5,0,0,1
1fcj,A,217,GLU,-3.5,138.4,-1.0,1,3,-,0.6030927835051546,-86.9,169.2,9.0,4.0,0.6923076923076923,1.7501008321585845,12,9,9,0,0.02611135785101408,0,0,0,0,0,0,0,0,0,68,0,5,0,0,1
1fcj,A,218,GLU,-3.5,138.4,-1.0,1,3,-,0.7268041237113402,-72.8,137.6,1.0,15.0,0.0625,1.7667170533434258,10,9,9,0,0.025178809356335007,0,0,0,0,0,0,0,0,0,-1,0,0,0,0,0
1fcj,A,219,ILE,4.5,166.7,0.0,0,0,-,0.3905325443786982,-78.7,115.3,8.0,11.0,0.42105263157894735,1.953716493323111,21,9,18,-9,0.03403802005578621,0,0,0,0,0,0,0,0,0,-1,0,0,0,0,0
1fcj,A,220,LYS,-3.9,168.6,1.0,2,0,-,0.6341463414634146,-131.7,97.3,4.0,17.0,0.19047619047619047,2.0217375324343414,13,0,19,-19,0.030307826077069916,0,0,0,0,0,0,0,0,0,-1,0,0,0,0,0
1fcj,A,221,PRO,-1.6,112.7,0.0,0,0,-,0.5661764705882353,-77.5,172.6,7.0,16.0,0.30434782608695654,1.9654959289269114,20,15,13,2,0.03310547156110714,0,0,0,0,0,0,0,0,0,-1,0,0,0,0,0
1fcj,A,222,GLY,-0.4,60.1,0.0,0,0,-,0.27380952380952384,-154.6,162.9,9.0,9.0,0.5,1.7179365337346284,21,18,9,9,0.027043906345693154,0,0,0,0,0,0,0,0,0,-1,0,0,0,0,0
1fcj,A,223,PRO,-1.6,112.7,0.0,0,0,-,0.9044117647058824,-70.0,145.4,0.0,20.0,0.0,1.8339031746156464,16,21,8,13,0.021914889624958248,0,0,0,0,0,0,0,0,0,-1,0,0,0,0,0
1fcj,A,224,HIS,-3.2,153.2,0.1,2,1,-,0.24456521739130435,-156.7,171.8,24.0,2.0,0.9230769230769231,1.9030579082479122,26,9,15,-6,0.03310547156110714,0,0,0,0,0,0,0,0,0,-1,0,0,0,0,0
1fcj,A,225,LYS,-3.9,168.6,1.0,2,0,S,0.6097560975609756,-111.0,11.7,9.0,17.0,0.34615384615384615,1.9853268303521763,19,10,17,-7,0.030307826077069916,0,0,0,0,0,0,1,0,0,60,1,15,0,0,1
1fcj,A,226,ILE,4.5,166.7,0.0,0,0,-,0.0,-87.7,81.3,30.0,9.0,0.7692307692307693,3.229085207777975,35,19,21,-2,0.043363505002576956,0,0,0,0,0,0,0,0,0,60,1,15,0,0,1
1fcj,A,227,GLN,-3.5,143.8,0.0,2,2,T,0.702020202020202,-54.0,134.2,9.0,20.0,0.3103448275862069,1.7817761793858533,24,24,0,24,0.029375277582390842,0,0,0,0,0,1,0,0,0,60,1,15,0,0,1
1fcj,A,228,GLY,-0.4,60.1,0.0,0,0,T,0.6071428571428571,104.0,-23.7,21.0,16.0,0.5675675675675675,1.7096760381668954,32,20,2,18,0.03403802005578621,0,0,0,0,0,1,0,0,0,60,1,15,0,0,1
1fcj,A,229,ILE,4.5,166.7,0.0,0,0,S,0.07100591715976332,-126.9,171.2,31.0,16.0,0.6595744680851063,2.6112248341864253,39,17,8,9,0.034970568550465285,0,0,0,0,0,0,1,0,0,60,1,15,0,0,1
1fcj,A,230,GLY,-0.4,60.1,0.0,0,0,-,0.16666666666666666,69.4,63.6,22.0,17.0,0.5641025641025641,1.9621938732340998,34,14,14,0,0.04429605349725603,0,0,0,0,0,0,0,0,0,-1,0,0,0,0,0
1fcj,A,231,ALA,1.8,88.6,0.0,0,0,-,0.44339622641509435,-70.9,-14.4,16.0,22.0,0.42105263157894735,1.7898906406812043,32,10,6,4,0.03403802005578621,0,0,0,0,0,0,0,0,0,-1,0,0,0,0,0
1fcj,A,232,GLY,-0.4,60.1,0.0,0,0,S,0.13095238095238096,88.3,6.2,11.0,21.0,0.34375,1.8011359504367968,29,15,9,6,0.03683566553982344,0,0,0,0,0,0,1,0,0,-1,0,0,0,0,0
1fcj,A,233,PHE,2.8,189.9,0.0,0,0,S,0.41116751269035534,-152.6,171.6,7.0,23.0,0.23333333333333334,2.1332703244618973,28,9,1,8,0.030307826077069916,0,0,0,0,0,0,1,0,0,-1,0,0,0,0,0
1fcj,A,234,ILE,4.5,166.7,0.0,0,0,-,0.30177514792899407,-94.5,104.5,12.0,19.0,0.3870967741935484,2.0841262070704563,27,0,7,-7,0.035436842797804825,0,0,0,0,0,0,0,0,0,-1,0,0,0,0,0
1fcj,A,235,PRO,-1.6,112.7,0.0,0,0,-,0.022058823529411766,-61.8,146.0,24.0,8.0,0.75,2.7294268808397386,27,0,5,-5,0.03730193978716297,0,0,0,0,0,0,0,0,0,-1,0,0,0,0,0
1fcj,A,236,GLY,-0.4,60.1,0.0,0,0,T,0.7976190476190477,-60.2,-24.7,8.0,15.0,0.34782608695652173,1.7096407784888226,22,3,8,-5,0.02611135785101408,0,0,0,0,0,1,0,0,0,-1,0,0,0,0,0
1fcj,A,237,ASN,-3.5,114.1,0.0,2,2,T,0.07006369426751592,-85.3,6.4,21.0,10.0,0.6774193548387096,2.169789089771701,31,9,11,-2,0.04662742473395372,0,0,0,0,0,1,0,0,0,-1,0,0,0,0,0
1fcj,A,238,LEU,3.8,166.7,0.0,0,0,-,0.054878048780487805,-104.2,110.9,19.0,19.0,0.5,3.05756036482044,35,11,9,2,0.04709369898129325,0,0,0,0,0,0,0,0,0,1,13343,14,0,2074,1
1fcj,A,239,ASP,-3.5,111.1,-1.0,1,3,-,0.17177914110429449,-90.5,99.6,13.0,17.0,0.43333333333333335,2.0114889540705447,26,20,1,19,0.03683566553982344,0,0,0,0,0,0,0,0,0,63,24,0,0,0,1
1fcj,A,240,LEU,3.8,166.7,0.0,0,0,G,0.2804878048780488,-53.6,-31.2,11.0,18.0,0.3793103448275862,2.0216035344729586,27,12,11,1,0.03403802005578621,0,0,0,1,0,0,0,0,0,63,24,0,0,0,1
1fcj,A,241,LYS,-3.9,168.6,1.0,2,0,G,0.8390243902439024,-66.4,-20.4,1.0,18.0,0.05263157894736842,1.9263684881859229,12,8,13,-5,0.022847438119637322,0,0,0,1,0,0,0,0,0,63,24,0,0,0,1
1fcj,A,242,LEU,3.8,166.7,0.0,0,0,G,0.18902439024390244,-86.2,-6.4,20.0,12.0,0.625,2.3591543927257876,28,31,16,15,0.03870076252918159,0,0,0,1,0,0,0,0,0,63,24,0,0,0,1
1fcj,A,243,ILE,4.5,166.7,0.0,0,0,-,0.10059171597633136,-87.3,123.8,18.0,17.0,0.5142857142857142,2.713629840246872,27,20,16,4,0.04289723075523742,0,0,0,0,0,0,0,0,0,1,13343,14,0,2074,1
1fcj,A,244,ASP,-3.5,111.1,-1.0,1,3,S,0.5337423312883436,-94.2,-28.5,12.0,15.0,0.4444444444444444,1.816690835255833,24,19,7,12,0.03124037457174899,0,0,0,0,0,0,1,0,0,-1,0,0,0,0,0
1fcj,A,245,LYS,-3.9,168.6,1.0,2,0,E,0.4097560975609756,-154.3,145.6,12.0,17.0,0.41379310344827586,2.1688518852260272,28,4,13,-9,0.032172923066428064,0,0,1,0,0,0,0,0,0,1,13343,14,0,2074,1
1fcj,A,246,VAL,4.2,140.0,0.0,0,0,E,0.2676056338028169,-119.6,130.2,15.0,21.0,0.4166666666666667,1.9262379719522846,31,9,15,-6,0.03823448828184205,0,0,1,0,0,0,0,0,0,1,13343,14,0,2074,1
1fcj,A,247,VAL,4.2,140.0,0.0,0,0,E,0.09859154929577464,-117.8,123.2,17.0,17.0,0.5,2.3115714419546687,36,18,14,4,0.03590311704514436,0,0,1,0,0,0,0,0,0,1,13343,14,0,2074,1
1fcj,A,248,GLY,-0.4,60.1,0.0,0,0,E,0.35714285714285715,-89.6,133.2,9.0,29.0,0.23684210526315788,1.7962595921002016,31,14,23,-9,0.03916703677652112,0,0,1,0,0,0,0,0,0,-1,0,0,0,0,0
1fcj,A,249,ILE,4.5,166.7,0.0,0,0,E,0.0,-121.9,138.5,29.0,11.0,0.725,3.455126710255234,38,13,33,-20,0.045228601991935104,0,0,1,0,0,0,0,0,0,-1,0,0,0,0,0
1fcj,A,250,THR,-0.7,116.1,0.0,1,1,-,0.2746478873239437,-82.8,163.0,3.0,27.0,0.1,2.354615638338248,27,18,29,-11,0.03730193978716297,0,0,0,0,0,0,0,0,0,-1,0,0,0,0,0
1fcj,A,251,ASN,-3.5,114.1,0.0,2,2,H,0.050955414012738856,-59.2,-42.3,6.0,23.0,0.20689655172413793,2.256222064555431,26,20,28,-8,0.04289723075523742,1,0,0,0,0,0,0,0,0,-1,0,0,0,0,0
1fcj,A,252,GLU,-3.5,138.4,-1.0,1,3,H,0.6649484536082474,-63.5,-44.4,0.0,22.0,0.0,1.7418728147124378,15,13,12,1,0.02844272908771177,1,0,0,0,0,0,0,0,0,41,27,8,0,2,1
1fcj,A,253,GLU,-3.5,138.4,-1.0,1,3,H,0.26288659793814434,-62.4,-43.9,14.0,15.0,0.4827586206896552,1.8918296907495409,28,8,11,-3,0.03730193978716297,1,0,0,0,0,0,0,0,0,-1,0,0,0,0,0
1fcj,A,254,ALA,1.8,88.6,0.0,0,0,H,0.0,-60.1,-50.5,21.0,17.0,0.5526315789473685,4.250611312339559,35,24,20,4,0.05222271570202816,1,0,0,0,0,0,0,0,0,41,27,8,0,2,1
1fcj,A,255,ILE,4.5,166.7,0.0,0,0,H,0.28994082840236685,-63.4,-49.2,5.0,25.0,0.16666666666666666,2.233645054308638,24,23,17,6,0.03823448828184205,1,0,0,0,0,0,0,0,0,41,27,8,0,2,1
1fcj,A,256,SER,-0.8,89.0,0.0,1,1,H,0.4307692307692308,-64.7,-35.1,6.0,22.0,0.21428571428571427,1.8183184312663254,25,22,22,0,0.03170664881908853,1,0,0,0,0,0,0,0,0,41,27,8,0,2,1
1fcj,A,257,THR,-0.7,116.1,0.0,1,1,H,0.07042253521126761,-70.9,-33.5,22.0,16.0,0.5789473684210527,2.8054715554140612,36,23,23,0,0.04476232774459557,1,0,0,0,0,0,0,0,0,41,27,8,0,2,1
1fcj,A,258,ALA,1.8,88.6,0.0,0,0,H,0.05660377358490566,-64.2,-41.0,19.0,18.0,0.5135135135135135,2.9510169586193555,36,21,23,-2,0.04989134446533048,1,0,0,0,0,0,0,0,0,41,27,8,0,2,1
1fcj,A,259,ARG,-4.5,173.4,1.0,5,0,H,0.6169354838709677,-64.3,-39.6,9.0,27.0,0.25,1.9112527353617794,25,11,19,-8,0.03870076252918159,1,0,0,0,0,0,0,0,0,41,27,8,0,2,1
1fcj,A,260,ARG,-4.5,173.4,1.0,5,0,H,0.31451612903225806,-61.6,-41.4,16.0,18.0,0.47058823529411764,2.1297426541671425,27,19,29,-10,0.04103213376587927,1,0,0,0,0,0,0,0,0,41,27,8,0,2,1
1fcj,A,261,LEU,3.8,166.7,0.0,0,0,I,0.0,-55.0,-46.1,26.0,19.0,0.5777777777777777,5.848763729634492,44,26,27,-1,0.05035761871267001,0,0,0,0,1,0,0,0,0,-1,0,0,0,0,0
1fcj,A,262,MET,1.9,162.9,0.0,0,0,I,0.1276595744680851,-67.3,-48.3,23.0,19.0,0.5476190476190477,3.226088275596759,35,24,27,-3,0.05035761871267001,0,0,0,0,1,0,0,0,0,-1,0,0,0,0,0
1fcj,A,263,GLU,-3.5,138.4,-1.0,1,3,I,0.5567010309278351,-78.0,-36.7,11.0,26.0,0.2972972972972973,1.9565898787760025,28,34,18,16,0.04243095650789788,0,0,0,0,1,0,0,0,0,-1,0,0,0,0,0
1fcj,A,264,GLU,-3.5,138.4,-1.0,1,3,I,0.20618556701030927,-95.1,-19.0,11.0,23.0,0.3235294117647059,1.8784497155791031,27,30,18,12,0.043363505002576956,0,0,0,0,1,0,0,0,0,13,217,14,0,33,1
1fcj,A,265,GLU,-3.5,138.4,-1.0,1,3,I,0.030927835051546393,-124.2,-7.9,23.0,17.0,0.575,2.4751085402180264,39,36,27,9,0.05129016720734909,0,0,0,0,1,0,0,0,0,13,217,14,0,33,1
1fcj,A,266,GLY,-0.4,60.1,0.0,0,0,-,0.0,65.6,34.1,25.0,23.0,0.5208333333333334,5.138080200833071,41,19,29,-10,0.05175644145468863,0,0,0,0,0,0,0,0,0,-1,0,0,0,0,0
1fcj,A,267,ILE,4.5,166.7,0.0,0,0,-,0.01775147928994083,-113.9,118.8,31.0,25.0,0.5535714285714286,6.099944745193118,46,22,26,-4,0.04476232774459557,0,0,0,0,0,0,0,0,0,-1,0,0,0,0,0
1fcj,A,268,LEU,3.8,166.7,0.0,0,0,-,0.12804878048780488,-77.3,100.7,19.0,27.0,0.41304347826086957,2.7684778828156182,34,13,7,6,0.04196468226055834,0,0,0,0,0,0,0,0,0,71,0,24,0,0,1
1fcj,A,269,ALA,1.8,88.6,0.0,0,0,-,0.04716981132075472,-117.6,145.5,27.0,16.0,0.627906976744186,3.021466874846663,39,13,5,8,0.04243095650789788,0,0,0,0,0,0,0,0,0,-1,0,0,0,0,0
1fcj,A,270,GLY,-0.4,60.1,0.0,0,0,-,0.08333333333333333,-81.6,170.3,19.0,19.0,0.5,2.344253184487095,35,9,1,8,0.03683566553982344,0,0,0,0,0,0,0,0,0,-1,0,0,0,0,0
1fcj,A,271,ILE,4.5,166.7,0.0,0,0,H,0.2781065088757396,-54.7,-44.0,15.0,23.0,0.39473684210526316,2.436350433334868,33,20,9,11,0.043363505002576956,1,0,0,0,0,0,0,0,0,-1,0,0,0,0,0
1fcj,A,272,SER,-0.8,89.0,0.0,1,1,H,0.046153846153846156,-65.6,-25.3,22.0,28.0,0.44,2.6927645642151385,45,6,6,0,0.045694876239274644,1,0,0,0,0,0,0,0,0,-1,0,0,0,0,0
1fcj,A,273,SER,-0.8,89.0,0.0,1,1,H,0.0,-71.1,-39.8,21.0,28.0,0.42857142857142855,4.511788279489224,44,6,7,-1,0.05129016720734909,1,0,0,0,0,0,0,0,0,-1,0,0,0,0,0
1fcj,A,274,GLY,-0.4,60.1,0.0,0,0,H,0.0,-63.6,-38.9,24.0,25.0,0.4897959183673469,5.157634290972646,43,13,12,1,0.04942507021799094,1,0,0,0,0,0,0,0,0,-1,0,0,0,0,0
1fcj,A,275,ALA,1.8,88.6,0.0,0,0,H,0.009433962264150943,-61.1,-47.9,24.0,24.0,0.5,5.962223683463058,45,9,18,-9,0.05408781269138631,1,0,0,0,0,0,0,0,0,-1,0,0,0,0,0
1fcj,A,276,ALA,1.8,88.6,0.0,0,0,H,0.0,-60.1,-42.8,27.0,26.0,0.5094339622641509,6.022966676375704,47,8,8,0,0.05222271570202816,1,0,0,0,0,0,0,0,0,-1,0,0,0,0,0
1fcj,A,277,VAL,4.2,140.0,0.0,0,0,H,0.0,-71.8,-31.5,26.0,25.0,0.5098039215686274,5.413428294602658,45,20,7,13,0.04709369898129325,1,0,0,0,0,0,0,0,0,-1,0,0,0,0,0
1fcj,A,278,ALA,1.8,88.6,0.0,0,0,H,0.04716981132075472,-65.8,-35.4,23.0,19.0,0.5476190476190477,2.1841277095543576,41,15,18,-3,0.043829779249916496,1,0,0,0,0,0,0,0,0,-1,0,0,0,0,0
1fcj,A,279,ALA,1.8,88.6,0.0,0,0,H,0.0,-64.2,-39.8,26.0,19.0,0.5777777777777777,3.8962445829596546,38,16,19,-3,0.04616115048661418,1,0,0,0,0,0,0,0,0,-1,0,0,0,0,0
1fcj,A,280,ALA,1.8,88.6,0.0,0,0,H,0.0,-60.8,-43.2,27.0,22.0,0.5510204081632653,4.660610244862257,39,19,11,8,0.04709369898129325,1,0,0,0,0,0,0,0,0,-1,0,0,0,0,0
1fcj,A,281,LEU,3.8,166.7,0.0,0,0,H,0.22560975609756098,-60.5,-46.6,14.0,19.0,0.42424242424242425,2.1345736720135884,29,18,18,0,0.03916703677652112,1,0,0,0,0,0,0,0,0,13,217,14,0,33,1
1fcj,A,282,LYS,-3.9,168.6,1.0,2,0,H,0.33658536585365856,-56.8,-45.4,17.0,15.0,0.53125,1.9552742400140875,27,4,24,-20,0.03170664881908853,1,0,0,0,0,0,0,0,0,-1,0,0,0,0,0
1fcj,A,283,LEU,3.8,166.7,0.0,0,0,H,0.024390243902439025,-60.7,-36.8,27.0,8.0,0.7714285714285715,2.640119985726505,31,25,21,4,0.04149840801321881,1,0,0,0,0,0,0,0,0,-1,0,0,0,0,0
1fcj,A,284,GLN,-3.5,143.8,0.0,2,2,T,0.15151515151515152,-73.6,-0.6,16.0,8.0,0.6666666666666666,2.266380067565834,26,21,22,-1,0.043363505002576956,0,0,0,0,0,1,0,0,0,-1,0,0,0,0,0
1fcj,A,285,GLU,-3.5,138.4,-1.0,1,3,T,0.7938144329896907,-81.4,-12.1,6.0,9.0,0.4,1.734382661754959,14,11,14,-3,0.027510180593032695,0,0,0,0,0,1,0,0,0,-1,0,0,0,0,0
1fcj,A,286,ASP,-3.5,111.1,-1.0,1,3,S,0.39263803680981596,-103.2,120.0,8.0,5.0,0.6153846153846154,1.7863600154248949,17,14,18,-4,0.029375277582390842,0,0,0,0,0,0,1,0,0,-1,0,0,0,0,0
1fcj,A,287,GLU,-3.5,138.4,-1.0,1,3,G,0.8917525773195877,-50.7,-29.3,0.0,12.0,0.0,1.7331836216393077,10,3,13,-10,0.024246260861655933,0,0,0,1,0,0,0,0,0,-1,0,0,0,0,0
1fcj,A,288,SER,-0.8,89.0,0.0,1,1,G,0.5384615384615384,-68.2,-17.0,3.0,11.0,0.21428571428571427,1.818273193626115,15,14,22,-8,0.027043906345693154,0,0,0,1,0,0,0,0,0,-1,0,0,0,0,0
1fcj,A,289,PHE,2.8,189.9,0.0,0,0,G,0.05583756345177665,-101.6,-7.2,18.0,6.0,0.75,2.360755509549752,27,22,31,-9,0.040099585271200194,0,0,0,1,0,0,0,0,0,-1,0,0,0,0,0
1fcj,A,290,THR,-0.7,116.1,0.0,1,1,T,0.4225352112676056,-48.4,-40.2,4.0,17.0,0.19047619047619047,1.9069260018302212,21,21,23,-2,0.0363693912924839,0,0,0,0,0,1,0,0,0,-1,0,0,0,0,0
1fcj,A,291,ASN,-3.5,114.1,0.0,2,2,T,0.7579617834394905,-104.2,12.6,0.0,20.0,0.0,1.7597156636658022,15,20,13,7,0.027510180593032695,0,0,0,0,0,1,0,0,0,-1,0,0,0,0,0
1fcj,A,292,LYS,-3.9,168.6,1.0,2,0,-,0.3073170731707317,-88.9,145.5,16.0,10.0,0.6153846153846154,2.4641188169941333,25,13,22,-9,0.040565859518539735,0,0,0,0,0,0,0,0,0,-1,0,0,0,0,0
1fcj,A,293,ASN,-3.5,114.1,0.0,2,2,-,0.19745222929936307,-84.9,116.1,13.0,22.0,0.37142857142857144,2.622038384783848,27,29,9,20,0.04476232774459557,0,0,0,0,0,0,0,0,0,-1,0,0,0,0,0
1fcj,A,294,ILE,4.5,166.7,0.0,0,0,E,0.0,-105.1,118.7,21.0,21.0,0.5,5.757524880834338,40,23,8,15,0.05035761871267001,0,0,1,0,0,0,0,0,0,-1,0,0,0,0,0
1fcj,A,295,VAL,4.2,140.0,0.0,0,0,E,0.0,-100.1,127.0,24.0,21.0,0.5333333333333333,6.287590324608318,44,19,11,8,0.05129016720734909,0,0,1,0,0,0,0,0,0,-1,0,0,0,0,0
1fcj,A,296,VAL,4.2,140.0,0.0,0,0,E,0.0,-123.8,131.8,23.0,25.0,0.4791666666666667,6.791814530846026,43,11,4,7,0.050823892960009553,0,0,1,0,0,0,0,0,0,-1,0,0,0,0,0
1fcj,A,297,ILE,4.5,166.7,0.0,0,0,E,0.011834319526627219,-79.8,131.5,22.0,28.0,0.44,3.4165352978942622,40,18,9,9,0.05035761871267001,0,0,1,0,0,0,0,0,0,-1,0,0,0,0,0
1fcj,A,298,LEU,3.8,166.7,0.0,0,0,E,0.018292682926829267,-109.7,97.3,27.0,25.0,0.5192307692307693,6.16148698823023,43,16,9,7,0.04942507021799094,0,0,1,0,0,0,0,0,0,-1,0,0,0,0,0
1fcj,A,299,PRO,-1.6,112.7,0.0,0,0,-,0.1323529411764706,-54.8,-33.3,23.0,24.0,0.48936170212765956,2.7044722436101574,45,21,9,12,0.045694876239274644,0,0,0,0,0,0,0,0,0,-1,0,0,0,0,0
1fcj,A,300,SER,-0.8,89.0,0.0,1,1,B,0.15384615384615385,-164.8,178.3,19.0,21.0,0.475,2.6025091660022883,31,15,9,6,0.045228601991935104,0,1,0,0,0,0,0,0,0,-1,0,0,0,0,0
1fcj,A,301,SER,-0.8,89.0,0.0,1,1,-,0.2230769230769231,-93.2,171.6,14.0,23.0,0.3783783783783784,1.869938816262479,28,8,5,3,0.03590311704514436,0,0,0,0,0,0,0,0,0,71,0,24,0,0,1
1fcj,A,302,GLY,-0.4,60.1,0.0,0,0,-,1.0,-71.7,360.0,16.0,17.0,0.48484848484848486,1.709549685602196,23,3,0,3,0.024246260861655933,0,0,0,0,0,0,0,0,0,-1,0,0,0,0,0
1fcj,B,1,SER,-0.8,89.0,0.0,1,1,-,0.7384615384615385,360.0,170.8,10.0,7.0,0.5882352941176471,1.7396422758262735,16,10,29,-19,0.027510180593032695,0,0,0,0,0,0,0,0,0,-1,0,0,0,0,0
1fcj,B,2,LYS,-3.9,168.6,1.0,2,0,-,0.3902439024390244,-147.6,71.1,11.0,13.0,0.4583333333333333,2.0028283265612137,21,11,33,-22,0.030774100324409453,0,0,0,0,0,0,0,0,0,-1,0,0,0,0,0
1fcj,B,3,ILE,4.5,166.7,0.0,0,0,E,0.22485207100591717,-108.8,120.5,17.0,16.0,0.5151515151515151,2.0140273574886582,29,23,30,-7,0.04196468226055834,0,0,1,0,0,0,0,0,0,-1,0,0,0,0,0
1fcj,B,4,TYR,-1.3,193.6,0.0,1,1,E,0.21621621621621623,-82.0,133.1,14.0,11.0,0.56,2.1941557693036993,25,29,24,5,0.04289723075523742,0,0,1,0,0,0,0,0,0,-1,0,0,0,0,0
1fcj,B,5,GLU,-3.5,138.4,-1.0,1,3,S,0.4639175257731959,-69.8,-23.1,1.0,23.0,0.041666666666666664,1.793378066537752,20,19,9,10,0.03590311704514436,0,0,0,0,0,0,1,0,0,69,0,18,0,0,1
1fcj,B,6,ASP,-3.5,111.1,-1.0,1,3,S,0.09815950920245399,-162.4,162.8,16.0,21.0,0.43243243243243246,2.823250959566523,31,20,22,-2,0.04755997322863279,0,0,0,0,0,0,1,0,0,6,889,13,0,119,1
1fcj,B,7,ASN,-3.5,114.1,0.0,2,2,G,0.044585987261146494,-58.7,-24.5,27.0,18.0,0.6,6.153731253792671,43,20,23,-3,0.05455408693872585,0,0,0,1,0,0,0,0,0,-1,0,0,0,0,0
1fcj,B,8,SER,-0.8,89.0,0.0,1,1,G,0.0,-67.5,-29.6,18.0,19.0,0.4864864864864865,4.452724226156189,41,22,19,3,0.053155264196707235,0,0,0,1,0,0,0,0,0,6,889,13,0,119,1
1fcj,B,9,LEU,3.8,166.7,0.0,0,0,G,0.42073170731707316,-73.7,-5.4,10.0,21.0,0.3225806451612903,2.157860077283987,29,19,18,1,0.03963331102386066,0,0,0,1,0,0,0,0,0,6,889,13,0,119,1
1fcj,B,10,THR,-0.7,116.1,0.0,1,1,G,0.04225352112676056,-90.4,5.4,24.0,12.0,0.6666666666666666,2.2595870524659465,31,38,12,26,0.045228601991935104,0,0,0,1,0,0,0,0,0,-1,0,0,0,0,0
1fcj,B,11,ILE,4.5,166.7,0.0,0,0,-,0.07692307692307693,-63.4,158.4,20.0,18.0,0.5263157894736842,2.5231504065338313,33,41,12,29,0.048958795970651406,0,0,0,0,0,0,0,0,0,-1,0,0,0,0,0
1fcj,B,12,GLY,-0.4,60.1,0.0,0,0,-,0.07142857142857142,75.8,-162.4,17.0,23.0,0.425,2.0335530001120334,33,49,18,31,0.045228601991935104,0,0,0,0,0,0,0,0,0,-1,0,0,0,0,0
1fcj,B,13,HIS,-3.2,153.2,0.1,2,1,-,0.717391304347826,53.7,44.5,9.0,24.0,0.2727272727272727,1.8842314330931942,25,30,20,10,0.0363693912924839,0,0,0,0,0,0,0,0,0,-1,0,0,0,0,0
1fcj,B,14,THR,-0.7,116.1,0.0,1,1,-,0.007042253521126761,-79.8,149.8,24.0,19.0,0.5581395348837209,2.6398713797755518,33,47,23,24,0.04476232774459557,0,0,0,0,0,0,0,0,0,-1,0,0,0,0,0
1fcj,B,15,PRO,-1.6,112.7,0.0,0,0,-,0.07352941176470588,-71.4,146.2,19.0,22.0,0.4634146341463415,2.541284904098288,32,44,25,19,0.04662742473395372,0,0,0,0,0,0,0,0,0,46,16,10,0,2,1
1fcj,B,16,LEU,3.8,166.7,0.0,0,0,E,0.0,-107.4,119.9,19.0,21.0,0.475,5.068080060760162,37,35,33,2,0.04942507021799094,0,0,1,0,0,0,0,0,0,46,16,10,0,2,1
1fcj,B,17,VAL,4.2,140.0,0.0,0,0,E,0.007042253521126761,-117.5,128.7,23.0,17.0,0.575,6.316915257106811,35,30,29,1,0.05175644145468863,0,0,1,0,0,0,0,0,0,-1,0,0,0,0,0
1fcj,B,18,ARG,-4.5,173.4,1.0,5,0,E,0.22580645161290322,-71.5,132.1,12.0,25.0,0.32432432432432434,3.1894449323286036,26,13,22,-9,0.048492521723311866,0,0,1,0,0,0,0,0,0,56,5,11,0,0,1
1fcj,B,19,LEU,3.8,166.7,0.0,0,0,-,0.0,-86.5,124.9,24.0,15.0,0.6153846153846154,5.362924391491659,36,37,30,7,0.048958795970651406,0,0,0,0,0,0,0,0,0,-1,0,0,0,0,0
1fcj,B,20,ASN,-3.5,114.1,0.0,2,2,S,0.445859872611465,-97.4,-27.1,14.0,13.0,0.5185185185185185,1.9288593960601055,27,31,34,-3,0.03776821403450251,0,0,0,0,0,0,1,0,0,-1,0,0,0,0,0
1fcj,B,21,ARG,-4.5,173.4,1.0,5,0,S,0.36693548387096775,-107.5,-23.1,14.0,12.0,0.5384615384615384,1.9482297085332128,23,21,31,-10,0.030774100324409453,0,0,0,0,0,0,1,0,0,-1,0,0,0,0,0
1fcj,B,22,ILE,4.5,166.7,0.0,0,0,S,0.0,-100.1,116.3,26.0,7.0,0.7878787878787878,3.551077440382044,33,32,21,11,0.03870076252918159,0,0,0,0,0,0,1,0,0,-1,0,0,0,0,0
1fcj,B,23,GLY,-0.4,60.1,0.0,0,0,S,0.34523809523809523,86.6,-173.2,25.0,6.0,0.8064516129032258,1.709746075687697,24,28,10,18,0.03730193978716297,0,0,0,0,0,0,1,0,0,-1,0,0,0,0,0
1fcj,B,24,ASN,-3.5,114.1,0.0,2,2,S,0.45222929936305734,-87.7,11.0,14.0,9.0,0.6086956521739131,1.8614555115634597,22,28,2,26,0.027043906345693154,0,0,0,0,0,0,1,0,0,-1,0,0,0,0,0
1fcj,B,25,GLY,-0.4,60.1,0.0,0,0,S,0.21428571428571427,94.4,-6.2,1.0,24.0,0.04,1.7096797943884923,25,32,9,23,0.034970568550465285,0,0,0,0,0,0,1,0,0,-1,0,0,0,0,0
1fcj,B,26,ARG,-4.5,173.4,1.0,5,0,-,0.3709677419354839,-104.9,6.8,16.0,18.0,0.47058823529411764,2.269979177226492,22,16,6,10,0.04149840801321881,0,0,0,0,0,0,0,0,0,-1,0,0,0,0,0
1fcj,B,27,ILE,4.5,166.7,0.0,0,0,E,0.0,-90.9,121.8,22.0,23.0,0.4888888888888889,5.14763998713906,39,32,5,27,0.05175644145468863,0,0,1,0,0,0,0,0,0,-1,0,0,0,0,0
1fcj,B,28,LEU,3.8,166.7,0.0,0,0,E,0.024390243902439025,-114.0,116.9,19.0,24.0,0.4418604651162791,4.105152272728994,38,30,15,15,0.04662742473395372,0,0,1,0,0,0,0,0,0,-1,0,0,0,0,0
1fcj,B,29,ALA,1.8,88.6,0.0,0,0,E,0.0,-97.5,127.4,27.0,22.0,0.5510204081632653,8.34260639158472,42,22,17,5,0.04709369898129325,0,0,1,0,0,0,0,0,0,-1,0,0,0,0,0
1fcj,B,30,LYS,-3.9,168.6,1.0,2,0,E,0.004878048780487805,-95.6,117.4,24.0,24.0,0.5,6.29647941970419,42,26,24,2,0.04616115048661418,0,0,1,0,0,0,0,0,0,-1,0,0,0,0,0
1fcj,B,31,VAL,4.2,140.0,0.0,0,0,E,0.035211267605633804,-87.7,89.4,22.0,26.0,0.4583333333333333,5.57979533794047,40,28,11,17,0.05035761871267001,0,0,1,0,0,0,0,0,0,-1,0,0,0,0,0
1fcj,B,32,GLU,-3.5,138.4,-1.0,1,3,T,0.0,-74.7,-3.9,20.0,23.0,0.46511627906976744,5.39318462804916,37,50,5,45,0.05408781269138631,0,0,0,0,0,1,0,0,0,-1,0,0,0,0,0
1fcj,B,33,SER,-0.8,89.0,0.0,1,1,T,0.06153846153846154,-76.3,-6.7,18.0,24.0,0.42857142857142855,5.212375231957682,32,38,16,22,0.05222271570202816,0,0,0,0,0,1,0,0,0,-1,0,0,0,0,0
1fcj,B,34,ARG,-4.5,173.4,1.0,5,0,S,0.08064516129032258,-89.9,57.7,19.0,25.0,0.4318181818181818,2.293252851396556,31,17,12,5,0.04989134446533048,0,0,0,0,0,0,1,0,0,-1,0,0,0,0,0
1fcj,B,35,ASN,-3.5,114.1,0.0,2,2,S,0.0,-143.6,158.9,28.0,18.0,0.6086956521739131,3.995517559283033,34,53,12,41,0.056419183928083996,0,0,0,0,0,0,1,0,0,-1,0,0,0,0,0
1fcj,B,36,PRO,-1.6,112.7,0.0,0,0,G,0.03676470588235294,-67.3,150.3,28.0,23.0,0.5490196078431373,5.68816786268187,40,35,9,26,0.048958795970651406,0,0,0,1,0,0,0,0,0,-1,0,0,0,0,0
1fcj,B,37,SER,-0.8,89.0,0.0,1,1,G,0.038461538461538464,73.7,0.9,29.0,21.0,0.58,4.291754007694017,38,30,9,21,0.04755997322863279,0,0,0,1,0,0,0,0,0,-1,0,0,0,0,0
1fcj,B,38,PHE,2.8,189.9,0.0,0,0,G,0.04060913705583756,66.5,23.2,18.0,24.0,0.42857142857142855,3.237301060979145,25,33,14,19,0.04755997322863279,0,0,0,1,0,0,0,0,0,-1,0,0,0,0,0
1fcj,B,39,SER,-0.8,89.0,0.0,1,1,B,0.0,-155.5,165.9,21.0,20.0,0.5121951219512195,4.276757384490025,39,38,13,25,0.050823892960009553,0,1,0,0,0,0,0,0,0,-1,0,0,0,0,0
1fcj,B,40,VAL,4.2,140.0,0.0,0,0,T,0.056338028169014086,-60.0,-25.0,26.0,24.0,0.52,2.638476660566314,45,42,10,32,0.05175644145468863,0,0,0,0,0,1,0,0,0,-1,0,0,0,0,0
1fcj,B,41,LYS,-3.9,168.6,1.0,2,0,H,0.14634146341463414,-58.5,-23.0,21.0,26.0,0.44680851063829785,2.694313825782589,40,18,8,10,0.045694876239274644,1,0,0,0,0,0,0,0,0,-1,0,0,0,0,0
1fcj,B,42,CYS,2.5,108.5,0.0,1,0,H,0.0,-62.7,-28.0,19.0,25.0,0.4318181818181818,5.721629411321659,40,37,8,29,0.05548663543340492,1,0,0,0,0,0,0,0,0,-1,0,0,0,0,0
1fcj,B,43,ARG,-4.5,173.4,1.0,5,0,H,0.0,-62.7,-42.4,22.0,27.0,0.4489795918367347,4.306874393961164,45,40,21,19,0.05175644145468863,1,0,0,0,0,0,0,0,0,-1,0,0,0,0,0
1fcj,B,44,ILE,4.5,166.7,0.0,0,0,H,0.011834319526627219,-82.8,-31.0,25.0,26.0,0.49019607843137253,3.5182499424163827,42,27,9,18,0.048958795970651406,1,0,0,0,0,0,0,0,0,-1,0,0,0,0,0
1fcj,B,45,GLY,-0.4,60.1,0.0,0,0,H,0.0,-60.0,-43.5,27.0,21.0,0.5625,5.9031638482123405,44,21,7,14,0.04989134446533048,1,0,0,0,0,0,0,0,0,-1,0,0,0,0,0
1fcj,B,46,ALA,1.8,88.6,0.0,0,0,H,0.0,-69.7,-47.6,18.0,25.0,0.4186046511627907,5.781512484613648,41,22,16,6,0.05548663543340492,1,0,0,0,0,0,0,0,0,-1,0,0,0,0,0
1fcj,B,47,ASN,-3.5,114.1,0.0,2,2,H,0.07006369426751592,-70.3,-31.2,19.0,20.0,0.48717948717948717,2.859173737791122,34,39,26,13,0.04709369898129325,1,0,0,0,0,0,0,0,0,-1,0,0,0,0,0
1fcj,B,48,MET,1.9,162.9,0.0,0,0,H,0.005319148936170213,-65.9,-37.1,23.0,16.0,0.5897435897435898,4.154140058373128,36,13,25,-12,0.04709369898129325,1,0,0,0,0,0,0,0,0,-1,0,0,0,0,0
1fcj,B,49,ILE,4.5,166.7,0.0,0,0,H,0.0,-70.8,-49.1,22.0,22.0,0.5,5.32828850570679,36,27,21,6,0.05035761871267001,1,0,0,0,0,0,0,0,0,-1,0,0,0,0,0
1fcj,B,50,TRP,-0.9,227.8,0.0,1,0,H,0.13656387665198239,-58.5,-41.6,12.0,17.0,0.41379310344827586,1.977080566534531,29,23,26,-3,0.04196468226055834,1,0,0,0,0,0,0,0,0,6,889,13,0,119,1
1fcj,B,51,ASP,-3.5,111.1,-1.0,1,3,H,0.18404907975460122,-64.8,-45.1,14.0,10.0,0.5833333333333334,2.0156589874598665,23,21,17,4,0.04149840801321881,1,0,0,0,0,0,0,0,0,-1,0,0,0,0,0
1fcj,B,52,ALA,1.8,88.6,0.0,0,0,H,0.0,-60.6,-35.4,18.0,9.0,0.6666666666666666,4.114798830821842,24,31,18,13,0.04289723075523742,1,0,0,0,0,0,0,0,0,-1,0,0,0,0,0
1fcj,B,53,GLU,-3.5,138.4,-1.0,1,3,H,0.23711340206185566,-66.9,-45.1,8.0,12.0,0.4,1.8976032294068916,24,38,9,29,0.04196468226055834,1,0,0,0,0,0,0,0,0,6,889,13,0,119,1
1fcj,B,54,LYS,-3.9,168.6,1.0,2,0,H,0.7853658536585366,-62.4,-38.9,6.0,7.0,0.46153846153846156,1.8929940292064096,16,14,20,-6,0.027043906345693154,1,0,0,0,0,0,0,0,0,-1,0,0,0,0,0
1fcj,B,55,ARG,-4.5,173.4,1.0,5,0,H,0.5282258064516129,-72.4,-13.4,9.0,4.0,0.6923076923076923,1.8279513800317395,18,12,17,-5,0.02611135785101408,1,0,0,0,0,0,0,0,0,-1,0,0,0,0,0
1fcj,B,56,GLY,-0.4,60.1,0.0,0,0,T,0.47619047619047616,86.3,3.1,1.0,11.0,0.08333333333333333,1.797259055249142,15,27,17,10,0.025645083603674543,0,0,0,0,0,1,0,0,0,-1,0,0,0,0,0
1fcj,B,57,VAL,4.2,140.0,0.0,0,0,-,0.4154929577464789,-87.1,-24.7,12.0,11.0,0.5217391304347826,1.9580558462968864,24,27,19,8,0.029375277582390842,0,0,0,0,0,0,0,0,0,-1,0,0,0,0,0
1fcj,B,58,LEU,3.8,166.7,0.0,0,0,-,0.03048780487804878,-99.2,123.5,17.0,10.0,0.6296296296296297,3.2140970605733203,28,38,21,17,0.04243095650789788,0,0,0,0,0,0,0,0,0,42,40,5,0,2,1
1fcj,B,59,LYS,-3.9,168.6,1.0,2,0,-,0.5707317073170731,-155.1,179.6,6.0,18.0,0.25,2.136240384007054,17,12,13,-1,0.02984155182973038,0,0,0,0,0,0,0,0,0,42,40,5,0,2,1
1fcj,B,60,PRO,-1.6,112.7,0.0,0,0,T,0.9558823529411765,-68.7,131.9,0.0,18.0,0.0,1.9249898282051292,14,15,10,5,0.021914889624958248,0,0,0,0,0,1,0,0,0,42,40,5,0,2,1
1fcj,B,61,GLY,-0.4,60.1,0.0,0,0,T,0.7738095238095238,119.1,-48.3,7.0,10.0,0.4117647058823529,1.7096339695530969,17,27,13,14,0.02331371236697686,0,0,0,0,0,1,0,0,0,42,40,5,0,2,1
1fcj,B,62,VAL,4.2,140.0,0.0,0,0,-,0.1619718309859155,-71.6,135.8,13.0,13.0,0.5,2.0057948157413668,22,26,19,7,0.04196468226055834,0,0,0,0,0,0,0,0,0,42,40,5,0,2,1
1fcj,B,63,GLU,-3.5,138.4,-1.0,1,3,E,0.19072164948453607,-117.9,144.7,13.0,21.0,0.38235294117647056,2.514979831639585,26,22,10,12,0.045694876239274644,0,0,1,0,0,0,0,0,0,51,24,6,0,1,1
1fcj,B,64,LEU,3.8,166.7,0.0,0,0,E,0.0,-89.3,145.4,23.0,21.0,0.5227272727272727,5.156518456431404,38,15,18,-3,0.048958795970651406,0,0,1,0,0,0,0,0,0,-1,0,0,0,0,0
1fcj,B,65,VAL,4.2,140.0,0.0,0,0,E,0.0,-133.2,133.0,20.0,21.0,0.4878048780487805,4.443656700222688,33,15,29,-14,0.05129016720734909,0,0,1,0,0,0,0,0,0,-1,0,0,0,0,0
1fcj,B,66,GLU,-3.5,138.4,-1.0,1,3,E,0.015463917525773196,-146.8,134.5,20.0,22.0,0.47619047619047616,3.176972617990864,38,4,5,-1,0.04662742473395372,0,0,1,0,0,0,0,0,0,36,22,13,0,3,1
1fcj,B,67,PRO,-1.6,112.7,0.0,0,0,S,0.11764705882352941,-88.9,48.2,19.0,22.0,0.4634146341463415,2.3852766496571154,36,10,18,-8,0.04662742473395372,0,0,0,0,0,0,1,0,0,57,3,10,0,0,1
1fcj,B,68,THR,-0.7,116.1,0.0,1,1,-,0.08450704225352113,-130.0,127.9,19.0,25.0,0.4318181818181818,2.6015649488737584,37,9,9,0,0.04149840801321881,0,0,0,0,0,0,0,0,0,-1,0,0,0,0,0
1fcj,B,69,ASN,-3.5,114.1,0.0,2,2,-,0.07006369426751592,-135.2,7.0,24.0,16.0,0.6,2.438705446448445,35,20,7,13,0.04149840801321881,0,0,0,0,0,0,0,0,0,8,607,15,0,91,1
1fcj,B,70,GLY,-0.4,60.1,0.0,0,0,S,0.27380952380952384,-93.2,-139.8,11.0,26.0,0.2972972972972973,2.217686752330481,29,28,4,24,0.032172923066428064,0,0,0,0,0,0,1,0,0,-1,0,0,0,0,0
1fcj,B,71,ASN,-3.5,114.1,0.0,2,2,H,0.2484076433121019,-65.6,-38.5,23.0,17.0,0.575,2.1534250691556256,36,23,6,17,0.040099585271200194,1,0,0,0,0,0,0,0,0,-1,0,0,0,0,0
1fcj,B,72,THR,-0.7,116.1,0.0,1,1,H,0.04225352112676056,-67.7,-35.7,15.0,23.0,0.39473684210526316,2.3683749057142536,36,20,8,12,0.040565859518539735,1,0,0,0,0,0,0,0,0,-1,0,0,0,0,0
1fcj,B,73,GLY,-0.4,60.1,0.0,0,0,H,0.0,-66.3,-37.2,18.0,24.0,0.42857142857142855,3.784922151000109,40,24,9,15,0.045694876239274644,1,0,0,0,0,0,0,0,0,-1,0,0,0,0,0
1fcj,B,74,ILE,4.5,166.7,0.0,0,0,H,0.005917159763313609,-67.6,-43.7,17.0,28.0,0.37777777777777777,4.401744909190277,35,30,1,29,0.05175644145468863,1,0,0,0,0,0,0,0,0,-1,0,0,0,0,0
1fcj,B,75,ALA,1.8,88.6,0.0,0,0,H,0.0,-59.8,-45.2,21.0,24.0,0.4666666666666667,6.375708106506364,45,19,4,15,0.05455408693872585,1,0,0,0,0,0,0,0,0,-1,0,0,0,0,0
1fcj,B,76,LEU,3.8,166.7,0.0,0,0,H,0.0,-64.4,-38.5,21.0,29.0,0.42,3.882405773858549,45,12,9,3,0.048492521723311866,1,0,0,0,0,0,0,0,0,-1,0,0,0,0,0
1fcj,B,77,ALA,1.8,88.6,0.0,0,0,H,0.009433962264150943,-62.3,-47.2,25.0,27.0,0.4807692307692308,2.2541908054743294,47,12,13,-1,0.04755997322863279,1,0,0,0,0,0,0,0,0,-1,0,0,0,0,0
1fcj,B,78,TYR,-1.3,193.6,0.0,1,1,H,0.0045045045045045045,-67.9,-41.8,26.0,24.0,0.52,6.142791135092451,43,19,12,7,0.04709369898129325,1,0,0,0,0,0,0,0,0,-1,0,0,0,0,0
1fcj,B,79,VAL,4.2,140.0,0.0,0,0,H,0.0,-65.6,-37.8,21.0,24.0,0.4666666666666667,5.5551583492652465,44,19,18,1,0.05408781269138631,1,0,0,0,0,0,0,0,0,-1,0,0,0,0,0
1fcj,B,80,ALA,1.8,88.6,0.0,0,0,H,0.018867924528301886,-66.2,-39.5,22.0,23.0,0.4888888888888889,2.3102990266403856,40,18,23,-5,0.04476232774459557,1,0,0,0,0,0,0,0,0,-1,0,0,0,0,0
1fcj,B,81,ALA,1.8,88.6,0.0,0,0,H,0.12264150943396226,-67.4,-40.5,24.0,18.0,0.5714285714285714,1.8604842038454676,36,24,32,-8,0.04755997322863279,1,0,0,0,0,0,0,0,0,-1,0,0,0,0,0
1fcj,B,82,ALA,1.8,88.6,0.0,0,0,H,0.10377358490566038,-69.0,-33.1,22.0,20.0,0.5238095238095238,2.3444991863387274,36,21,34,-13,0.05035761871267001,1,0,0,0,0,0,0,0,0,69,0,18,0,0,1
1fcj,B,83,ARG,-4.5,173.4,1.0,5,0,H,0.2903225806451613,-104.3,0.2,18.0,18.0,0.5,1.9024788507795103,32,4,26,-22,0.03590311704514436,1,0,0,0,0,0,0,0,0,6,889,13,0,119,1
1fcj,B,84,GLY,-0.4,60.1,0.0,0,0,T,0.7738095238095238,76.3,44.6,6.0,26.0,0.1875,1.7096038317160756,29,30,27,3,0.02611135785101408,0,0,0,0,0,1,0,0,0,-1,0,0,0,0,0
1fcj,B,85,TYR,-1.3,193.6,0.0,1,1,-,0.16666666666666666,-116.2,146.2,20.0,14.0,0.5882352941176471,2.0054284519294585,30,27,16,11,0.03823448828184205,0,0,0,0,0,0,0,0,0,-1,0,0,0,0,0
1fcj,B,86,LYS,-3.9,168.6,1.0,2,0,-,0.6682926829268293,-81.7,143.8,10.0,23.0,0.30303030303030304,2.141408030474794,24,10,11,-1,0.03450429430312575,0,0,0,0,0,0,0,0,0,-1,0,0,0,0,0
1fcj,B,87,LEU,3.8,166.7,0.0,0,0,E,0.018292682926829267,-136.0,135.3,26.0,16.0,0.6190476190476191,2.5405986115986474,38,13,18,-5,0.045694876239274644,0,0,1,0,0,0,0,0,0,-1,0,0,0,0,0
1fcj,B,88,THR,-0.7,116.1,0.0,1,1,E,0.11267605633802817,-120.6,129.8,16.0,23.0,0.41025641025641024,3.061432619929401,32,15,18,-3,0.043363505002576956,0,0,1,0,0,0,0,0,0,-1,0,0,0,0,0
1fcj,B,89,LEU,3.8,166.7,0.0,0,0,E,0.0,-118.0,123.5,23.0,25.0,0.4791666666666667,5.292342590854508,39,22,9,13,0.05129016720734909,0,0,1,0,0,0,0,0,0,-1,0,0,0,0,0
1fcj,B,90,THR,-0.7,116.1,0.0,1,1,E,0.0,-98.7,144.7,21.0,19.0,0.525,5.66470063697787,37,13,18,-5,0.05408781269138631,0,0,1,0,0,0,0,0,0,-1,0,0,0,0,0
1fcj,B,91,MET,1.9,162.9,0.0,0,0,E,0.0,-165.3,154.0,17.0,21.0,0.4473684210526316,4.827151186990343,35,29,17,12,0.05222271570202816,0,0,1,0,0,0,0,0,0,8,607,15,0,91,1
1fcj,B,92,PRO,-1.6,112.7,0.0,0,0,E,0.051470588235294115,-55.5,143.6,11.0,20.0,0.3548387096774194,2.6519650351314614,30,25,16,9,0.04942507021799094,0,0,1,0,0,0,0,0,0,8,607,15,0,91,1
1fcj,B,93,GLU,-3.5,138.4,-1.0,1,3,T,0.5412371134020618,-66.5,-5.5,6.0,17.0,0.2608695652173913,2.0202441533384166,16,11,9,2,0.03310547156110714,0,0,0,0,0,1,0,0,0,8,607,15,0,91,1
1fcj,B,94,THR,-0.7,116.1,0.0,1,1,T,0.7323943661971831,-84.0,-11.8,9.0,13.0,0.4090909090909091,1.8502353576263029,18,13,15,-2,0.02844272908771177,0,0,0,0,0,1,0,0,0,8,607,15,0,91,1
1fcj,B,95,MET,1.9,162.9,0.0,0,0,S,0.2765957446808511,-55.8,147.4,22.0,5.0,0.8148148148148148,2.1164675028397206,23,23,13,10,0.03450429430312575,0,0,0,0,0,0,1,0,0,8,607,15,0,91,1
1fcj,B,96,SER,-0.8,89.0,0.0,1,1,-,0.4153846153846154,-56.9,152.5,7.0,10.0,0.4117647058823529,2.091096184204322,16,33,14,19,0.02797645484037223,0,0,0,0,0,0,0,0,0,8,607,15,0,91,1
1fcj,B,97,ILE,4.5,166.7,0.0,0,0,H,0.5384615384615384,-66.6,-41.6,0.0,17.0,0.0,2.1183415625962283,14,34,11,23,0.027043906345693154,1,0,0,0,0,0,0,0,0,8,607,15,0,91,1
1fcj,B,98,GLU,-3.5,138.4,-1.0,1,3,H,0.5824742268041238,-59.2,-48.2,2.0,12.0,0.14285714285714285,1.8498691608971112,11,37,1,36,0.02844272908771177,1,0,0,0,0,0,0,0,0,-1,0,0,0,0,0
1fcj,B,99,ARG,-4.5,173.4,1.0,5,0,H,0.22983870967741934,-61.2,-38.1,15.0,11.0,0.5769230769230769,2.172838375380809,25,31,11,20,0.040099585271200194,1,0,0,0,0,0,0,0,0,8,607,15,0,91,1
1fcj,B,100,ARG,-4.5,173.4,1.0,5,0,H,0.29838709677419356,-66.5,-35.7,11.0,20.0,0.3548387096774194,2.225132621017345,21,26,15,11,0.04243095650789788,1,0,0,0,0,0,0,0,0,50,6,22,0,1,1
1fcj,B,101,LYS,-3.9,168.6,1.0,2,0,H,0.5902439024390244,-72.0,-41.4,6.0,17.0,0.2608695652173913,1.9132565468863239,17,34,9,25,0.03590311704514436,1,0,0,0,0,0,0,0,0,50,6,22,0,1,1
1fcj,B,102,LEU,3.8,166.7,0.0,0,0,H,0.23780487804878048,-59.6,-45.0,17.0,17.0,0.5,2.1361497436765995,31,45,12,33,0.035436842797804825,1,0,0,0,0,0,0,0,0,50,6,22,0,1,1
1fcj,B,103,LEU,3.8,166.7,0.0,0,0,H,0.0,-63.1,-44.5,23.0,18.0,0.5609756097560976,4.623465270110896,36,38,5,33,0.048492521723311866,1,0,0,0,0,0,0,0,0,50,6,22,0,1,1
1fcj,B,104,LYS,-3.9,168.6,1.0,2,0,H,0.624390243902439,-67.6,-31.4,7.0,23.0,0.23333333333333334,2.030337579430789,23,25,10,15,0.03450429430312575,1,0,0,0,0,0,0,0,0,50,6,22,0,1,1
1fcj,B,105,ALA,1.8,88.6,0.0,0,0,H,0.29245283018867924,-59.9,-40.0,18.0,14.0,0.5625,1.8358068097067335,30,39,14,25,0.03590311704514436,1,0,0,0,0,0,0,0,0,50,6,22,0,1,1
1fcj,B,106,LEU,3.8,166.7,0.0,0,0,T,0.018292682926829267,-74.7,4.8,26.0,16.0,0.6190476190476191,3.3287679800292027,38,26,19,7,0.045694876239274644,0,0,0,0,0,1,0,0,0,50,6,22,0,1,1
1fcj,B,107,GLY,-0.4,60.1,0.0,0,0,T,0.38095238095238093,88.1,8.0,23.0,13.0,0.6388888888888888,1.863548929244896,33,25,17,8,0.03730193978716297,0,0,0,0,0,1,0,0,0,50,6,22,0,1,1
1fcj,B,108,ALA,1.8,88.6,0.0,0,0,P,0.05660377358490566,-76.9,137.1,27.0,13.0,0.675,1.8239894521899593,31,28,11,17,0.045228601991935104,0,0,0,0,0,0,0,0,0,50,6,22,0,1,1
1fcj,B,109,ASN,-3.5,114.1,0.0,2,2,E,0.535031847133758,-88.4,117.5,8.0,23.0,0.25806451612903225,2.0149609711666696,26,19,11,8,0.03310547156110714,0,0,1,0,0,0,0,0,0,50,6,22,0,1,1
1fcj,B,110,LEU,3.8,166.7,0.0,0,0,E,0.20121951219512196,-92.5,144.0,18.0,17.0,0.5142857142857142,2.252123575257939,29,27,5,22,0.040565859518539735,0,0,1,0,0,0,0,0,0,50,6,22,0,1,1
1fcj,B,111,VAL,4.2,140.0,0.0,0,0,E,0.24647887323943662,-132.2,106.6,16.0,15.0,0.5161290322580645,2.3511637831563377,27,16,10,6,0.032172923066428064,0,0,1,0,0,0,0,0,0,-1,0,0,0,0,0
1fcj,B,112,LEU,3.8,166.7,0.0,0,0,E,0.3902439024390244,-85.8,141.9,9.0,22.0,0.2903225806451613,1.8604603741382966,23,17,15,2,0.03870076252918159,0,0,1,0,0,0,0,0,0,8,607,15,0,91,1
1fcj,B,113,THR,-0.7,116.1,0.0,1,1,E,0.09154929577464789,-119.2,168.1,17.0,8.0,0.68,2.1079271081803816,28,24,21,3,0.040565859518539735,0,0,1,0,0,0,0,0,0,-1,0,0,0,0,0
1fcj,B,114,GLU,-3.5,138.4,-1.0,1,3,-,0.6649484536082474,-55.0,125.7,6.0,14.0,0.3,1.9761717580096376,16,18,9,9,0.03170664881908853,0,0,0,0,0,0,0,0,0,-1,0,0,0,0,0
1fcj,B,115,GLY,-0.4,60.1,0.0,0,0,G,0.25,-61.4,-24.5,4.0,13.0,0.23529411764705882,1.7095717197658495,15,16,18,-2,0.029375277582390842,0,0,0,1,0,0,0,0,0,-1,0,0,0,0,0
1fcj,B,116,ALA,1.8,88.6,0.0,0,0,G,0.839622641509434,-72.4,-26.1,0.0,15.0,0.0,1.7676795148476359,13,18,17,1,0.02098234113027917,0,0,0,1,0,0,0,0,0,55,24,2,0,0,1
1fcj,B,117,LYS,-3.9,168.6,1.0,2,0,G,0.43414634146341463,-84.0,-6.0,12.0,5.0,0.7058823529411765,2.014332408857527,17,12,12,0,0.02984155182973038,0,0,0,1,0,0,0,0,0,55,24,2,0,0,1
1fcj,B,118,GLY,-0.4,60.1,0.0,0,0,H,0.21428571428571427,49.1,-153.8,0.0,21.0,0.0,2.380061033676221,21,20,16,4,0.03357174580844668,1,0,0,0,0,0,0,0,0,57,3,10,0,0,1
1fcj,B,119,MET,1.9,162.9,0.0,0,0,H,0.42021276595744683,-57.8,-25.7,6.0,21.0,0.2222222222222222,2.2670337978182706,28,20,6,14,0.03310547156110714,1,0,0,0,0,0,0,0,0,57,3,10,0,0,1
1fcj,B,120,LYS,-3.9,168.6,1.0,2,0,H,0.5804878048780487,-60.5,-47.1,4.0,15.0,0.21052631578947367,2.1174161772793827,17,12,8,4,0.029375277582390842,1,0,0,0,0,0,0,0,0,57,3,10,0,0,1
1fcj,B,121,GLY,-0.4,60.1,0.0,0,0,H,0.08333333333333333,-62.4,-50.5,12.0,12.0,0.5,2.1406131277828715,24,27,25,2,0.04476232774459557,1,0,0,0,0,0,0,0,0,55,24,2,0,0,1
1fcj,B,122,ALA,1.8,88.6,0.0,0,0,H,0.0,-55.2,-46.5,19.0,13.0,0.59375,3.8814955881280158,30,27,27,0,0.05408781269138631,1,0,0,0,0,0,0,0,0,57,3,10,0,0,1
1fcj,B,123,ILE,4.5,166.7,0.0,0,0,H,0.3668639053254438,-63.9,-38.9,5.0,23.0,0.17857142857142858,2.603642709890782,26,24,25,-1,0.04243095650789788,1,0,0,0,0,0,0,0,0,57,3,10,0,0,1
1fcj,B,124,GLN,-3.5,143.8,0.0,2,2,H,0.3888888888888889,-67.3,-45.2,8.0,19.0,0.2962962962962963,1.8949891499198301,19,27,20,7,0.035436842797804825,1,0,0,0,0,0,0,0,0,55,24,2,0,0,1
1fcj,B,125,LYS,-3.9,168.6,1.0,2,0,H,0.3853658536585366,-54.0,-49.0,20.0,10.0,0.6666666666666666,2.26794150240873,29,6,26,-20,0.040565859518539735,1,0,0,0,0,0,0,0,0,-1,0,0,0,0,0
1fcj,B,126,ALA,1.8,88.6,0.0,0,0,H,0.0,-56.6,-45.9,21.0,14.0,0.6,4.151987730665023,29,11,27,-16,0.05129016720734909,1,0,0,0,0,0,0,0,0,-1,0,0,0,0,0
1fcj,B,127,GLU,-3.5,138.4,-1.0,1,3,H,0.5412371134020618,-64.4,-38.2,6.0,20.0,0.23076923076923078,1.8965304075426443,21,10,14,-4,0.03683566553982344,1,0,0,0,0,0,0,0,0,-1,0,0,0,0,0
1fcj,B,128,GLU,-3.5,138.4,-1.0,1,3,H,0.5979381443298969,-63.2,-44.1,8.0,14.0,0.36363636363636365,1.730034601095596,19,10,10,0,0.030307826077069916,1,0,0,0,0,0,0,0,0,37,121,2,0,3,1
1fcj,B,129,ILE,4.5,166.7,0.0,0,0,H,0.15976331360946747,-61.1,-50.4,18.0,8.0,0.6923076923076923,2.1914736531188317,27,17,32,-15,0.0363693912924839,1,0,0,0,0,0,0,0,0,37,121,2,0,3,1
1fcj,B,130,VAL,4.2,140.0,0.0,0,0,H,0.2112676056338028,-66.3,-31.1,19.0,7.0,0.7307692307692307,2.566900073483704,25,14,32,-18,0.043829779249916496,1,0,0,0,0,0,0,0,0,37,121,2,0,3,1
1fcj,B,131,ALA,1.8,88.6,0.0,0,0,H,0.6698113207547169,-60.1,-26.9,5.0,11.0,0.3125,1.8231039700172016,16,7,25,-18,0.027043906345693154,1,0,0,0,0,0,0,0,0,37,121,2,0,3,1
1fcj,B,132,SER,-0.8,89.0,0.0,1,1,H,0.6615384615384615,-60.3,-81.5,9.0,5.0,0.6428571428571429,1.7396238631144894,15,11,21,-10,0.026577632098353617,1,0,0,0,0,0,0,0,0,37,121,2,0,3,1
1fcj,B,133,ASP,-3.5,111.1,-1.0,1,3,-,0.4171779141104294,-111.5,76.8,7.0,11.0,0.3888888888888889,2.1377854410154,15,9,12,-3,0.03170664881908853,0,0,0,0,0,0,0,0,0,37,121,2,0,3,1
1fcj,B,134,PRO,-1.6,112.7,0.0,0,0,T,0.5,-54.4,-21.3,3.0,16.0,0.15789473684210525,2.012250415122665,16,8,16,-8,0.030307826077069916,0,0,0,0,0,1,0,0,0,37,121,2,0,3,1
1fcj,B,135,GLN,-3.5,143.8,0.0,2,2,T,0.7878787878787878,-81.3,-28.4,0.0,18.0,0.0,1.804751791185472,14,9,10,-1,0.024246260861655933,0,0,0,0,0,1,0,0,0,37,121,2,0,3,1
1fcj,B,136,LYS,-3.9,168.6,1.0,2,0,T,0.35121951219512193,-85.1,-36.2,7.0,15.0,0.3181818181818182,2.122014821605563,20,9,17,-8,0.03590311704514436,0,0,0,0,0,1,0,0,0,51,24,6,0,1,1
1fcj,B,137,TYR,-1.3,193.6,0.0,1,1,E,0.18018018018018017,-106.5,157.3,15.0,14.0,0.5172413793103449,2.506634719431696,23,16,28,-12,0.04616115048661418,0,0,1,0,0,0,0,0,0,51,24,6,0,1,1
1fcj,B,138,LEU,3.8,166.7,0.0,0,0,E,0.22560975609756098,-143.3,130.6,15.0,19.0,0.4411764705882353,2.414442960793037,33,15,19,-4,0.04103213376587927,0,0,1,0,0,0,0,0,0,36,22,13,0,3,1
1fcj,B,139,LEU,3.8,166.7,0.0,0,0,-,0.18292682926829268,-119.6,108.7,19.0,21.0,0.475,2.0098000669915455,33,3,21,-18,0.03730193978716297,0,0,0,0,0,0,0,0,0,36,22,13,0,3,1
1fcj,B,140,LEU,3.8,166.7,0.0,0,0,-,0.036585365853658534,-58.9,-55.0,24.0,13.0,0.6486486486486487,2.3887369055531966,35,5,19,-14,0.03590311704514436,0,0,0,0,0,0,0,0,0,36,22,13,0,3,1
1fcj,B,141,GLN,-3.5,143.8,0.0,2,2,-,0.5454545454545454,82.3,76.6,9.0,22.0,0.2903225806451613,1.919930535398921,26,1,11,-10,0.034970568550465285,0,0,0,0,0,0,0,0,0,36,22,13,0,3,1
1fcj,B,142,GLN,-3.5,143.8,0.0,2,2,T,0.13636363636363635,-53.8,-30.2,21.0,18.0,0.5384615384615384,2.262203991351373,35,10,7,3,0.043829779249916496,0,0,0,0,0,1,0,0,0,36,22,13,0,3,1
1fcj,B,143,PHE,2.8,189.9,0.0,0,0,T,0.3248730964467005,-73.9,-17.0,10.0,22.0,0.3125,2.1708314406480445,33,3,1,2,0.04103213376587927,0,0,0,0,0,1,0,0,0,-1,0,0,0,0,0
1fcj,B,144,SER,-0.8,89.0,0.0,1,1,T,0.4846153846153846,-133.1,-13.6,4.0,20.0,0.16666666666666666,1.8299641857150435,21,0,0,0,0.0363693912924839,0,0,0,0,0,1,0,0,0,36,22,13,0,3,1
1fcj,B,145,ASN,-3.5,114.1,0.0,2,2,-,0.10828025477707007,-65.9,125.1,14.0,12.0,0.5384615384615384,2.118825310452351,26,6,18,-12,0.034970568550465285,0,0,0,0,0,0,0,0,0,36,22,13,0,3,1
1fcj,B,146,PRO,-1.6,112.7,0.0,0,0,T,0.6764705882352942,-71.5,-9.9,1.0,29.0,0.03333333333333333,1.9548164252239566,26,13,19,-6,0.03450429430312575,0,0,0,0,0,1,0,0,0,-1,0,0,0,0,0
1fcj,B,147,ALA,1.8,88.6,0.0,0,0,H,0.018867924528301886,-70.5,-14.2,16.0,19.0,0.45714285714285713,2.6184931702215404,32,26,21,5,0.04196468226055834,1,0,0,0,0,0,0,0,0,-1,0,0,0,0,0
1fcj,B,148,ASN,-3.5,114.1,0.0,2,2,H,0.0,-69.9,-66.8,20.0,23.0,0.46511627906976744,3.134664725327247,42,29,16,13,0.053621538444046775,1,0,0,0,0,0,0,0,0,-1,0,0,0,0,0
1fcj,B,149,PRO,-1.6,112.7,0.0,0,0,H,0.014705882352941176,-64.8,-26.4,21.0,20.0,0.5121951219512195,2.585520562163284,36,32,21,11,0.05222271570202816,1,0,0,0,0,0,0,0,0,-1,0,0,0,0,0
1fcj,B,150,GLU,-3.5,138.4,-1.0,1,3,H,0.36597938144329895,-56.9,-45.4,11.0,23.0,0.3235294117647059,1.9202099564516422,27,31,16,15,0.04243095650789788,1,0,0,0,0,0,0,0,0,-1,0,0,0,0,0
1fcj,B,151,ILE,4.5,166.7,0.0,0,0,H,0.047337278106508875,-65.2,-32.8,17.0,19.0,0.4722222222222222,2.9985982684078296,35,34,27,7,0.05035761871267001,1,0,0,0,0,0,0,0,0,-1,0,0,0,0,0
1fcj,B,152,HIS,-3.2,153.2,0.1,2,1,I,0.016304347826086956,-70.8,-32.1,21.0,21.0,0.5,3.8909595877381262,43,34,28,6,0.05502036118606539,0,0,0,0,1,0,0,0,0,-1,0,0,0,0,0
1fcj,B,153,GLU,-3.5,138.4,-1.0,1,3,I,0.23195876288659795,-72.3,-28.5,14.0,19.0,0.42424242424242425,2.278615027411719,29,33,10,23,0.0526889899493677,0,0,0,0,1,0,0,0,0,-1,0,0,0,0,0
1fcj,B,154,LYS,-3.9,168.6,1.0,2,0,I,0.6146341463414634,-94.2,-17.5,9.0,21.0,0.3,2.0364861462606374,23,14,23,-9,0.03823448828184205,0,0,0,0,1,0,0,0,0,-1,0,0,0,0,0
1fcj,B,155,THR,-0.7,116.1,0.0,1,1,I,0.23943661971830985,-129.9,-64.8,14.0,19.0,0.42424242424242425,2.2821185087974,31,44,29,15,0.043363505002576956,0,0,0,0,1,0,0,0,0,-1,0,0,0,0,0
1fcj,B,156,THR,-0.7,116.1,0.0,1,1,I,0.007042253521126761,-52.4,-48.9,29.0,17.0,0.6304347826086957,4.954420948947958,39,46,33,13,0.05502036118606539,0,0,0,0,1,0,0,0,0,-1,0,0,0,0,0
1fcj,B,157,GLY,-0.4,60.1,0.0,0,0,H,0.0,-60.2,-56.9,20.0,20.0,0.5,4.858846387610932,39,41,38,3,0.05408781269138631,1,0,0,0,0,0,0,0,0,-1,0,0,0,0,0
1fcj,B,158,PRO,-1.6,112.7,0.0,0,0,H,0.1323529411764706,-55.3,-39.2,8.0,22.0,0.26666666666666666,2.4649162954845885,27,38,34,4,0.04476232774459557,1,0,0,0,0,0,0,0,0,-1,0,0,0,0,0
1fcj,B,159,GLU,-3.5,138.4,-1.0,1,3,H,0.07216494845360824,-60.9,-42.7,19.0,15.0,0.5588235294117647,2.219061816677571,31,43,25,18,0.04429605349725603,1,0,0,0,0,0,0,0,0,-1,0,0,0,0,0
1fcj,B,160,ILE,4.5,166.7,0.0,0,0,H,0.005917159763313609,-66.5,-41.0,27.0,18.0,0.6,5.6989257965090125,43,21,34,-13,0.04709369898129325,1,0,0,0,0,0,0,0,0,-1,0,0,0,0,0
1fcj,B,161,TRP,-0.9,227.8,0.0,1,0,H,0.2290748898678414,-66.3,-48.2,17.0,20.0,0.4594594594594595,2.6979884693944998,25,21,30,-9,0.04989134446533048,1,0,0,0,0,0,0,0,0,-1,0,0,0,0,0
1fcj,B,162,GLU,-3.5,138.4,-1.0,1,3,H,0.6185567010309279,-71.7,-42.0,7.0,15.0,0.3181818181818182,1.8110962626719325,22,19,25,-6,0.03776821403450251,1,0,0,0,0,0,0,0,0,65,5,1,0,0,1
1fcj,B,163,ASP,-3.5,111.1,-1.0,1,3,H,0.09815950920245399,-62.3,-27.3,19.0,8.0,0.7037037037037037,2.151210355113481,26,22,26,-4,0.04196468226055834,1,0,0,0,0,0,0,0,0,65,5,1,0,0,1
1fcj,B,164,THR,-0.7,116.1,0.0,1,1,T,0.04225352112676056,-101.9,6.3,22.0,9.0,0.7096774193548387,2.2977423762226366,28,13,35,-22,0.045694876239274644,0,0,0,0,0,1,0,0,0,65,5,1,0,0,1
1fcj,B,165,ASP,-3.5,111.1,-1.0,1,3,T,0.5766871165644172,50.8,41.8,3.0,14.0,0.17647058823529413,1.8046018760871048,16,6,19,-13,0.032639197313767604,0,0,0,0,0,1,0,0,0,65,5,1,0,0,1
1fcj,B,166,GLY,-0.4,60.1,0.0,0,0,T,0.11904761904761904,71.6,7.2,4.0,21.0,0.16,1.8286169778025052,25,17,31,-14,0.035436842797804825,0,0,0,0,0,1,0,0,0,65,5,1,0,0,1
1fcj,B,167,GLN,-3.5,143.8,0.0,2,2,-,0.5959595959595959,-88.3,6.8,11.0,15.0,0.4230769230769231,1.9058193441709765,23,11,24,-13,0.032639197313767604,0,0,0,0,0,0,0,0,0,-1,0,0,0,0,0
1fcj,B,168,VAL,4.2,140.0,0.0,0,0,-,0.0,-68.0,132.5,30.0,9.0,0.7692307692307693,3.353068354300506,33,24,30,-6,0.048026247475972325,0,0,0,0,0,0,0,0,0,-1,0,0,0,0,0
1fcj,B,169,ASP,-3.5,111.1,-1.0,1,3,-,0.20245398773006135,-112.9,-26.5,9.0,23.0,0.28125,2.374568152241468,28,26,8,18,0.04289723075523742,0,0,0,0,0,0,0,0,0,-1,0,0,0,0,0
1fcj,B,170,VAL,4.2,140.0,0.0,0,0,E,0.0,-137.6,141.0,20.0,24.0,0.45454545454545453,5.526126533621413,37,23,16,7,0.04755997322863279,0,0,1,0,0,0,0,0,0,-1,0,0,0,0,0
1fcj,B,171,PHE,2.8,189.9,0.0,0,0,E,0.0,-127.9,120.6,25.0,28.0,0.4716981132075472,6.840623369058167,42,12,9,3,0.050823892960009553,0,0,1,0,0,0,0,0,0,-1,0,0,0,0,0
1fcj,B,172,ILE,4.5,166.7,0.0,0,0,E,0.0,-112.8,126.7,25.0,24.0,0.5102040816326531,5.9935571437431845,46,9,3,6,0.05035761871267001,0,0,1,0,0,0,0,0,0,0,17141,16,0,3136,1
1fcj,B,173,SER,-0.8,89.0,0.0,1,1,E,0.023076923076923078,-139.1,121.8,23.0,31.0,0.42592592592592593,2.8534665083395505,46,6,4,2,0.04662742473395372,0,0,1,0,0,0,0,0,0,0,17141,16,0,3136,1
1fcj,B,174,GLY,-0.4,60.1,0.0,0,0,E,0.14285714285714285,-72.4,130.8,26.0,24.0,0.52,2.1118532005481523,46,3,8,-5,0.04476232774459557,0,0,1,0,0,0,0,0,0,0,17141,16,0,3136,1
1fcj,B,175,VAL,4.2,140.0,0.0,0,0,-,0.04929577464788732,-93.6,126.6,31.0,20.0,0.6078431372549019,2.6353557930417217,47,5,10,-5,0.04243095650789788,0,0,0,0,0,0,0,0,0,0,17141,16,0,3136,1
1fcj,B,176,GLY,-0.4,60.1,0.0,0,0,S,0.16666666666666666,-118.5,-78.0,18.0,23.0,0.43902439024390244,2.0191640064485887,40,7,5,2,0.034970568550465285,0,0,0,0,0,0,1,0,0,-1,0,0,0,0,0
1fcj,B,177,THR,-0.7,116.1,0.0,1,1,S,0.07042253521126761,-87.1,-22.1,20.0,20.0,0.5,2.3780130702196303,35,11,1,10,0.04709369898129325,0,0,0,0,0,0,1,0,0,-1,0,0,0,0,0
1fcj,B,178,GLY,-0.4,60.1,0.0,0,0,S,0.03571428571428571,85.5,-3.9,19.0,25.0,0.4318181818181818,2.126454080483346,44,15,7,8,0.04755997322863279,0,0,0,0,0,0,1,0,0,-1,0,0,0,0,0
1fcj,B,179,GLY,-0.4,60.1,0.0,0,0,H,0.0,-62.0,-36.7,21.0,24.0,0.4666666666666667,2.4310086433218867,39,25,16,9,0.05035761871267001,1,0,0,0,0,0,0,0,0,-1,0,0,0,0,0
1fcj,B,180,THR,-0.7,116.1,0.0,1,1,H,0.1267605633802817,-65.7,-52.1,22.0,29.0,0.43137254901960786,2.504143967752925,43,30,14,16,0.04989134446533048,1,0,0,0,0,0,0,0,0,-1,0,0,0,0,0
1fcj,B,181,LEU,3.8,166.7,0.0,0,0,H,0.0,-57.2,-48.4,24.0,25.0,0.4897959183673469,3.8185448326422544,41,28,11,17,0.053621538444046775,1,0,0,0,0,0,0,0,0,0,17141,16,0,3136,1
1fcj,B,182,THR,-0.7,116.1,0.0,1,1,H,0.014084507042253521,-61.9,-52.6,20.0,25.0,0.4444444444444444,3.482180142905051,34,33,22,11,0.05502036118606539,1,0,0,0,0,0,0,0,0,-1,0,0,0,0,0
1fcj,B,183,GLY,-0.4,60.1,0.0,0,0,H,0.0,-65.1,-44.7,21.0,18.0,0.5384615384615384,4.3655434006168825,36,36,21,15,0.05502036118606539,1,0,0,0,0,0,0,0,0,-1,0,0,0,0,0
1fcj,B,184,VAL,4.2,140.0,0.0,0,0,H,0.0,-63.2,-44.3,22.0,23.0,0.4888888888888889,6.527996118564684,42,41,17,24,0.056419183928083996,1,0,0,0,0,0,0,0,0,-1,0,0,0,0,0
1fcj,B,185,THR,-0.7,116.1,0.0,1,1,H,0.0,-64.4,-40.8,23.0,25.0,0.4791666666666667,3.4251518669119774,42,37,23,14,0.04662742473395372,1,0,0,0,0,0,0,0,0,-1,0,0,0,0,0
1fcj,B,186,ARG,-4.5,173.4,1.0,5,0,I,0.3951612903225806,-58.7,-43.7,14.0,21.0,0.4,1.9138947727209858,31,23,23,0,0.04196468226055834,0,0,0,0,1,0,0,0,0,-1,0,0,0,0,0
1fcj,B,187,TYR,-1.3,193.6,0.0,1,1,I,0.14864864864864866,-62.3,-50.4,20.0,14.0,0.5882352941176471,2.829736501180603,28,41,22,19,0.04616115048661418,0,0,0,0,1,0,0,0,0,-1,0,0,0,0,0
1fcj,B,188,ILE,4.5,166.7,0.0,0,0,I,0.0,-75.8,-48.0,27.0,11.0,0.7105263157894737,5.478175191857136,37,35,20,15,0.05175644145468863,0,0,0,0,1,0,0,0,0,-1,0,0,0,0,0
1fcj,B,189,LYS,-3.9,168.6,1.0,2,0,I,0.15609756097560976,-78.1,-34.2,17.0,14.0,0.5483870967741935,2.185315248947795,27,25,17,8,0.04243095650789788,0,0,0,0,1,0,0,0,0,-1,0,0,0,0,0
1fcj,B,190,GLY,-0.4,60.1,0.0,0,0,I,0.6071428571428571,-85.9,-78.3,10.0,9.0,0.5263157894736842,1.7097182839857918,18,33,7,26,0.032172923066428064,0,0,0,0,1,0,0,0,0,-1,0,0,0,0,0
1fcj,B,191,THR,-0.7,116.1,0.0,1,1,I,0.6408450704225352,-55.6,-43.4,11.0,6.0,0.6470588235294118,1.8648129426923263,17,31,8,23,0.026577632098353617,0,0,0,0,1,0,0,0,0,-1,0,0,0,0,0
1fcj,B,192,LYS,-3.9,168.6,1.0,2,0,T,0.4634146341463415,-88.5,-5.4,19.0,4.0,0.8260869565217391,2.1118968083429124,20,18,8,10,0.032172923066428064,0,0,0,0,0,1,0,0,0,-1,0,0,0,0,0
1fcj,B,193,GLY,-0.4,60.1,0.0,0,0,-,0.5119047619047619,70.1,6.1,1.0,13.0,0.07142857142857142,1.7715676873068638,15,30,8,22,0.025645083603674543,0,0,0,0,0,0,0,0,0,-1,0,0,0,0,0
1fcj,B,194,LYS,-3.9,168.6,1.0,2,0,-,0.2,-79.4,75.9,16.0,6.0,0.7272727272727273,2.16465874552269,25,20,17,3,0.035436842797804825,0,0,0,0,0,0,0,0,0,-1,0,0,0,0,0
1fcj,B,195,THR,-0.7,116.1,0.0,1,1,T,0.7816901408450704,-62.9,-22.2,0.0,20.0,0.0,1.7767149732353698,19,24,13,11,0.02611135785101408,0,0,0,0,0,1,0,0,0,-1,0,0,0,0,0
1fcj,B,196,ASP,-3.5,111.1,-1.0,1,3,T,0.6625766871165644,-91.4,14.2,3.0,17.0,0.15,1.6909781038975904,16,24,12,12,0.025645083603674543,0,0,0,0,0,1,0,0,0,-1,0,0,0,0,0
1fcj,B,197,LEU,3.8,166.7,0.0,0,0,-,0.012195121951219513,-63.7,140.5,22.0,10.0,0.6875,3.613384301621499,34,31,23,8,0.043363505002576956,0,0,0,0,0,0,0,0,0,-1,0,0,0,0,0
1fcj,B,198,ILE,4.5,166.7,0.0,0,0,E,0.21301775147928995,-101.2,109.1,15.0,17.0,0.46875,2.642078906312453,28,28,24,4,0.04196468226055834,0,0,1,0,0,0,0,0,0,-1,0,0,0,0,0
1fcj,B,199,THR,-0.7,116.1,0.0,1,1,E,0.0,-91.0,124.8,20.0,22.0,0.47619047619047616,4.730392157041167,39,21,17,4,0.048958795970651406,0,0,1,0,0,0,0,0,0,0,17141,16,0,3136,1
1fcj,B,200,VAL,4.2,140.0,0.0,0,0,E,0.0,-115.7,121.9,19.0,21.0,0.475,5.535829699266963,37,11,12,-1,0.05129016720734909,0,0,1,0,0,0,0,0,0,0,17141,16,0,3136,1
1fcj,B,201,ALA,1.8,88.6,0.0,0,0,E,0.0,-93.0,138.5,25.0,21.0,0.5434782608695652,5.5118909199395345,39,9,17,-8,0.048026247475972325,0,0,1,0,0,0,0,0,0,0,17141,16,0,3136,1
1fcj,B,202,VAL,4.2,140.0,0.0,0,0,E,0.0,-115.8,138.0,25.0,22.0,0.5319148936170213,5.8403489727073445,45,7,9,-2,0.04989134446533048,0,0,1,0,0,0,0,0,0,0,17141,16,0,3136,1
1fcj,B,203,GLU,-3.5,138.4,-1.0,1,3,E,0.015463917525773196,-145.8,166.6,23.0,27.0,0.46,3.190148461764923,39,8,6,2,0.05548663543340492,0,0,1,0,0,0,0,0,0,0,17141,16,0,3136,1
1fcj,B,204,PRO,-1.6,112.7,0.0,0,0,E,0.0,-74.2,139.7,21.0,21.0,0.5,4.185659752831873,39,17,19,-2,0.05129016720734909,0,0,1,0,0,0,0,0,0,-1,0,0,0,0,0
1fcj,B,205,THR,-0.7,116.1,0.0,1,1,T,0.352112676056338,-58.7,-36.2,8.0,23.0,0.25806451612903225,1.9532546145452538,29,14,28,-14,0.034970568550465285,0,0,0,0,0,1,0,0,0,-1,0,0,0,0,0
1fcj,B,206,ASP,-3.5,111.1,-1.0,1,3,T,0.5214723926380368,-74.3,-5.6,9.0,17.0,0.34615384615384615,1.7272914491167235,20,20,12,8,0.034970568550465285,0,0,0,0,0,1,0,0,0,-1,0,0,0,0,0
1fcj,B,207,SER,-0.8,89.0,0.0,1,1,S,0.007692307692307693,-150.4,61.7,17.0,15.0,0.53125,2.7936130328320457,31,17,18,-1,0.04289723075523742,0,0,0,0,0,0,1,0,0,-1,0,0,0,0,0
1fcj,B,208,PRO,-1.6,112.7,0.0,0,0,-,0.27941176470588236,-78.3,52.9,12.0,23.0,0.34285714285714286,2.4329303850341595,30,12,26,-14,0.04103213376587927,0,0,0,0,0,0,0,0,0,67,0,5,0,0,1
1fcj,B,209,VAL,4.2,140.0,0.0,0,0,H,0.028169014084507043,-66.1,-26.3,16.0,20.0,0.4444444444444444,4.457045482660704,35,9,26,-17,0.04429605349725603,1,0,0,0,0,0,0,0,0,67,0,5,0,0,1
1fcj,B,210,ILE,4.5,166.7,0.0,0,0,H,0.03550295857988166,-73.9,-42.7,25.0,18.0,0.5813953488372093,4.672476574385174,39,6,15,-9,0.043363505002576956,1,0,0,0,0,0,0,0,0,67,0,5,0,0,1
1fcj,B,211,ALA,1.8,88.6,0.0,0,0,H,0.4056603773584906,-61.6,-46.1,14.0,20.0,0.4117647058823529,2.038514140312608,26,6,22,-16,0.03590311704514436,1,0,0,0,0,0,0,0,0,67,0,5,0,0,1
1fcj,B,212,GLN,-3.5,143.8,0.0,2,2,H,0.12626262626262627,-55.3,-52.3,14.0,10.0,0.5833333333333334,2.2970939251115237,24,9,25,-16,0.03963331102386066,1,0,0,0,0,0,0,0,0,67,0,5,0,0,1
1fcj,B,213,ALA,1.8,88.6,0.0,0,0,H,0.24528301886792453,-60.2,-42.4,15.0,9.0,0.625,2.1043087415949997,20,2,18,-16,0.03730193978716297,1,0,0,0,0,0,0,0,0,67,0,5,0,0,1
1fcj,B,214,LEU,3.8,166.7,0.0,0,0,H,0.5121951219512195,-73.1,-18.4,13.0,9.0,0.5909090909090909,1.9850124411177454,22,10,18,-8,0.02797645484037223,1,0,0,0,0,0,0,0,0,67,0,5,0,0,1
1fcj,B,215,ALA,1.8,88.6,0.0,0,0,T,0.5754716981132075,-92.4,-0.5,9.0,5.0,0.6428571428571429,1.7872681862242548,14,0,15,-15,0.02144861537761871,0,0,0,0,0,1,0,0,0,67,0,5,0,0,1
1fcj,B,216,GLY,-0.4,60.1,0.0,0,0,T,0.8214285714285714,78.5,11.5,0.0,12.0,0.0,1.7097635857377556,12,0,17,-17,0.01958351838826056,0,0,0,0,0,1,0,0,0,67,0,5,0,0,1
1fcj,B,217,GLU,-3.5,138.4,-1.0,1,3,-,0.6082474226804123,-86.8,169.4,9.0,4.0,0.6923076923076923,1.7509584795984703,12,9,9,0,0.02611135785101408,0,0,0,0,0,0,0,0,0,67,0,5,0,0,1
1fcj,B,218,GLU,-3.5,138.4,-1.0,1,3,-,0.7216494845360825,-72.2,137.4,1.0,15.0,0.0625,1.7668365634689174,10,9,9,0,0.025178809356335007,0,0,0,0,0,0,0,0,0,-1,0,0,0,0,0
1fcj,B,219,ILE,4.5,166.7,0.0,0,0,-,0.38461538461538464,-78.3,115.5,8.0,11.0,0.42105263157894735,1.9549131449021915,21,9,18,-9,0.03403802005578621,0,0,0,0,0,0,0,0,0,-1,0,0,0,0,0
1fcj,B,220,LYS,-3.9,168.6,1.0,2,0,-,0.6487804878048781,-131.2,98.4,4.0,17.0,0.19047619047619047,2.0222665879456327,13,0,19,-19,0.030307826077069916,0,0,0,0,0,0,0,0,0,-1,0,0,0,0,0
1fcj,B,221,PRO,-1.6,112.7,0.0,0,0,-,0.5514705882352942,-78.2,172.7,7.0,16.0,0.30434782608695654,1.9668117074933475,20,15,13,2,0.03357174580844668,0,0,0,0,0,0,0,0,0,-1,0,0,0,0,0
1fcj,B,222,GLY,-0.4,60.1,0.0,0,0,-,0.2976190476190476,-154.1,163.4,9.0,9.0,0.5,1.7210659866553542,21,18,9,9,0.027043906345693154,0,0,0,0,0,0,0,0,0,-1,0,0,0,0,0
1fcj,B,223,PRO,-1.6,112.7,0.0,0,0,-,0.9044117647058824,-70.3,146.4,0.0,20.0,0.0,1.8338414195610682,16,21,8,13,0.021914889624958248,0,0,0,0,0,0,0,0,0,-1,0,0,0,0,0
1fcj,B,224,HIS,-3.2,153.2,0.1,2,1,-,0.24456521739130435,-157.6,171.9,24.0,2.0,0.9230769230769231,1.9107710563637617,26,9,15,-6,0.03310547156110714,0,0,0,0,0,0,0,0,0,-1,0,0,0,0,0
1fcj,B,225,LYS,-3.9,168.6,1.0,2,0,S,0.6048780487804878,-111.6,12.3,9.0,17.0,0.34615384615384615,1.9870758719222086,19,10,17,-7,0.030307826077069916,0,0,0,0,0,0,1,0,0,58,1,22,0,0,1
1fcj,B,226,ILE,4.5,166.7,0.0,0,0,-,0.0,-88.8,81.8,30.0,10.0,0.75,3.3692367341185046,35,19,21,-2,0.043363505002576956,0,0,0,0,0,0,0,0,0,58,1,22,0,0,1
1fcj,B,227,GLN,-3.5,143.8,0.0,2,2,T,0.7727272727272727,-54.2,134.2,8.0,20.0,0.2857142857142857,1.782609529184302,25,21,2,19,0.028909003335051305,0,0,0,0,0,1,0,0,0,58,1,22,0,0,1
1fcj,B,228,GLY,-0.4,60.1,0.0,0,0,T,0.5476190476190477,104.2,-24.8,22.0,14.0,0.6111111111111112,1.7096059677743345,32,19,2,17,0.030774100324409453,0,0,0,0,0,1,0,0,0,58,1,22,0,0,1
1fcj,B,229,ILE,4.5,166.7,0.0,0,0,S,0.05917159763313609,-125.2,171.8,30.0,17.0,0.6382978723404256,2.6098362878002415,39,17,8,9,0.034970568550465285,0,0,0,0,0,0,1,0,0,58,1,22,0,0,1
1fcj,B,230,GLY,-0.4,60.1,0.0,0,0,-,0.16666666666666666,68.2,65.0,22.0,17.0,0.5641025641025641,1.961672904000701,32,14,14,0,0.04476232774459557,0,0,0,0,0,0,0,0,0,-1,0,0,0,0,0
1fcj,B,231,ALA,1.8,88.6,0.0,0,0,-,0.4339622641509434,-72.3,-13.8,13.0,20.0,0.3939393939393939,1.7930229203238792,30,9,6,3,0.032639197313767604,0,0,0,0,0,0,0,0,0,-1,0,0,0,0,0
1fcj,B,232,GLY,-0.4,60.1,0.0,0,0,S,0.14285714285714285,87.9,6.1,8.0,22.0,0.26666666666666666,1.7992708049981536,26,13,9,4,0.03730193978716297,0,0,0,0,0,0,1,0,0,-1,0,0,0,0,0
1fcj,B,233,PHE,2.8,189.9,0.0,0,0,S,0.47715736040609136,-152.4,172.9,4.0,23.0,0.14814814814814814,2.1325769699967014,24,2,1,1,0.03124037457174899,0,0,0,0,0,0,1,0,0,-1,0,0,0,0,0
1fcj,B,234,ILE,4.5,166.7,0.0,0,0,-,0.30177514792899407,-95.8,105.2,12.0,19.0,0.3870967741935484,2.083724035001976,27,0,7,-7,0.0363693912924839,0,0,0,0,0,0,0,0,0,-1,0,0,0,0,0
1fcj,B,235,PRO,-1.6,112.7,0.0,0,0,-,0.022058823529411766,-61.0,146.2,23.0,7.0,0.7666666666666667,2.7071745686315785,28,0,5,-5,0.03776821403450251,0,0,0,0,0,0,0,0,0,-1,0,0,0,0,0
1fcj,B,236,GLY,-0.4,60.1,0.0,0,0,T,0.7619047619047619,-60.1,-23.6,8.0,15.0,0.34782608695652173,1.7096650789472596,22,3,8,-5,0.027510180593032695,0,0,0,0,0,1,0,0,0,-1,0,0,0,0,0
1fcj,B,237,ASN,-3.5,114.1,0.0,2,2,T,0.05732484076433121,-86.8,7.6,20.0,10.0,0.6666666666666666,2.2281959317315128,31,9,11,-2,0.04709369898129325,0,0,0,0,0,1,0,0,0,-1,0,0,0,0,0
1fcj,B,238,LEU,3.8,166.7,0.0,0,0,-,0.04878048780487805,-105.6,110.2,19.0,19.0,0.5,3.059141358807544,35,11,9,2,0.04709369898129325,0,0,0,0,0,0,0,0,0,-1,0,0,0,0,0
1fcj,B,239,ASP,-3.5,111.1,-1.0,1,3,-,0.17177914110429449,-90.3,98.5,13.0,17.0,0.43333333333333335,2.0101165484230066,26,20,1,19,0.03683566553982344,0,0,0,0,0,0,0,0,0,62,24,0,0,0,1
1fcj,B,240,LEU,3.8,166.7,0.0,0,0,G,0.2804878048780488,-53.0,-31.8,11.0,18.0,0.3793103448275862,2.022409231476338,27,12,11,1,0.03403802005578621,0,0,0,1,0,0,0,0,0,62,24,0,0,0,1
1fcj,B,241,LYS,-3.9,168.6,1.0,2,0,G,0.8390243902439024,-65.5,-22.3,2.0,18.0,0.1,1.9261484004378235,12,8,13,-5,0.022847438119637322,0,0,0,1,0,0,0,0,0,62,24,0,0,0,1
1fcj,B,242,LEU,3.8,166.7,0.0,0,0,G,0.18902439024390244,-84.4,-7.2,20.0,12.0,0.625,2.3707660544545934,28,31,16,15,0.03870076252918159,0,0,0,1,0,0,0,0,0,62,24,0,0,0,1
1fcj,B,243,ILE,4.5,166.7,0.0,0,0,-,0.09467455621301775,-86.4,124.6,18.0,17.0,0.5142857142857142,2.786219766331363,27,20,16,4,0.04289723075523742,0,0,0,0,0,0,0,0,0,0,17141,16,0,3136,1
1fcj,B,244,ASP,-3.5,111.1,-1.0,1,3,S,0.5337423312883436,-95.7,-27.1,12.0,15.0,0.4444444444444444,1.8211076281900567,24,19,7,12,0.03124037457174899,0,0,0,0,0,0,1,0,0,-1,0,0,0,0,0
1fcj,B,245,LYS,-3.9,168.6,1.0,2,0,E,0.4195121951219512,-155.3,145.8,12.0,17.0,0.41379310344827586,2.1666552511820614,28,4,13,-9,0.032172923066428064,0,0,1,0,0,0,0,0,0,0,17141,16,0,3136,1
1fcj,B,246,VAL,4.2,140.0,0.0,0,0,E,0.24647887323943662,-120.0,129.6,15.0,21.0,0.4166666666666667,1.9261589612620378,31,9,15,-6,0.03870076252918159,0,0,1,0,0,0,0,0,0,0,17141,16,0,3136,1
1fcj,B,247,VAL,4.2,140.0,0.0,0,0,E,0.09154929577464789,-116.9,123.9,17.0,17.0,0.5,2.3113193590620353,36,18,14,4,0.03590311704514436,0,0,1,0,0,0,0,0,0,0,17141,16,0,3136,1
1fcj,B,248,GLY,-0.4,60.1,0.0,0,0,E,0.36904761904761907,-90.1,134.0,9.0,29.0,0.23684210526315788,1.7949378783476508,31,14,23,-9,0.03916703677652112,0,0,1,0,0,0,0,0,0,-1,0,0,0,0,0
1fcj,B,249,ILE,4.5,166.7,0.0,0,0,E,0.0,-123.0,139.5,29.0,11.0,0.725,3.4370216364953308,38,13,33,-20,0.045228601991935104,0,0,1,0,0,0,0,0,0,-1,0,0,0,0,0
1fcj,B,250,THR,-0.7,116.1,0.0,1,1,-,0.2676056338028169,-84.2,162.9,3.0,27.0,0.1,2.35278366632805,27,18,29,-11,0.03730193978716297,0,0,0,0,0,0,0,0,0,-1,0,0,0,0,0
1fcj,B,251,ASN,-3.5,114.1,0.0,2,2,H,0.03821656050955414,-59.2,-41.6,6.0,23.0,0.20689655172413793,2.2668289108081416,26,20,28,-8,0.04243095650789788,1,0,0,0,0,0,0,0,0,-1,0,0,0,0,0
1fcj,B,252,GLU,-3.5,138.4,-1.0,1,3,H,0.6494845360824743,-63.3,-45.5,0.0,22.0,0.0,1.7397550395018762,15,13,12,1,0.02844272908771177,1,0,0,0,0,0,0,0,0,21,27,29,0,8,1
1fcj,B,253,GLU,-3.5,138.4,-1.0,1,3,H,0.26288659793814434,-61.6,-43.7,14.0,15.0,0.4827586206896552,1.8931159213310762,28,8,11,-3,0.03730193978716297,1,0,0,0,0,0,0,0,0,-1,0,0,0,0,0
1fcj,B,254,ALA,1.8,88.6,0.0,0,0,H,0.0,-61.2,-49.6,21.0,17.0,0.5526315789473685,4.187215388092222,35,24,20,4,0.0526889899493677,1,0,0,0,0,0,0,0,0,21,27,29,0,8,1
1fcj,B,255,ILE,4.5,166.7,0.0,0,0,H,0.27218934911242604,-63.1,-50.5,5.0,25.0,0.16666666666666666,2.223317683690216,24,23,17,6,0.03823448828184205,1,0,0,0,0,0,0,0,0,21,27,29,0,8,1
1fcj,B,256,SER,-0.8,89.0,0.0,1,1,H,0.4230769230769231,-63.0,-34.3,6.0,22.0,0.21428571428571427,1.8170379945404218,25,22,22,0,0.03170664881908853,1,0,0,0,0,0,0,0,0,21,27,29,0,8,1
1fcj,B,257,THR,-0.7,116.1,0.0,1,1,H,0.06338028169014084,-72.5,-34.3,22.0,15.0,0.5945945945945946,2.7637467352299967,36,23,23,0,0.04429605349725603,1,0,0,0,0,0,0,0,0,21,27,29,0,8,1
1fcj,B,258,ALA,1.8,88.6,0.0,0,0,H,0.0660377358490566,-63.4,-40.2,20.0,17.0,0.5405405405405406,2.931462927179644,36,21,23,-2,0.04989134446533048,1,0,0,0,0,0,0,0,0,21,27,29,0,8,1
1fcj,B,259,ARG,-4.5,173.4,1.0,5,0,H,0.625,-64.2,-39.0,7.0,28.0,0.2,1.8795362450748165,24,11,19,-8,0.03870076252918159,1,0,0,0,0,0,0,0,0,21,27,29,0,8,1
1fcj,B,260,ARG,-4.5,173.4,1.0,5,0,H,0.32661290322580644,-62.4,-41.3,16.0,18.0,0.47058823529411764,2.133809020271108,27,17,29,-12,0.04149840801321881,1,0,0,0,0,0,0,0,0,21,27,29,0,8,1
1fcj,B,261,LEU,3.8,166.7,0.0,0,0,I,0.0,-55.5,-45.5,25.0,19.0,0.5681818181818182,5.868987578163727,44,28,27,1,0.050823892960009553,0,0,0,0,1,0,0,0,0,-1,0,0,0,0,0
1fcj,B,262,MET,1.9,162.9,0.0,0,0,I,0.14893617021276595,-66.9,-48.9,23.0,19.0,0.5476190476190477,2.956366024714387,34,24,27,-3,0.04942507021799094,0,0,0,0,1,0,0,0,0,-1,0,0,0,0,0
1fcj,B,263,GLU,-3.5,138.4,-1.0,1,3,I,0.5876288659793815,-76.9,-36.8,10.0,26.0,0.2777777777777778,1.9375943974824499,29,38,18,20,0.04149840801321881,0,0,0,0,1,0,0,0,0,-1,0,0,0,0,0
1fcj,B,264,GLU,-3.5,138.4,-1.0,1,3,I,0.27319587628865977,-95.6,-19.3,11.0,23.0,0.3235294117647059,2.000864192574415,27,29,18,11,0.04289723075523742,0,0,0,0,1,0,0,0,0,-1,0,0,0,0,0
1fcj,B,265,GLU,-3.5,138.4,-1.0,1,3,I,0.020618556701030927,-123.8,-9.3,23.0,17.0,0.575,4.7808057912115345,39,37,27,10,0.053155264196707235,0,0,0,0,1,0,0,0,0,-1,0,0,0,0,0
1fcj,B,266,GLY,-0.4,60.1,0.0,0,0,-,0.0,67.4,33.8,25.0,22.0,0.5319148936170213,5.85168104719252,43,23,29,-6,0.05222271570202816,0,0,0,0,0,0,0,0,0,-1,0,0,0,0,0
1fcj,B,267,ILE,4.5,166.7,0.0,0,0,-,0.01775147928994083,-114.8,116.9,31.0,25.0,0.5535714285714286,6.1462924438104265,46,23,25,-2,0.043829779249916496,0,0,0,0,0,0,0,0,0,-1,0,0,0,0,0
1fcj,B,268,LEU,3.8,166.7,0.0,0,0,-,0.15853658536585366,-75.2,102.5,21.0,27.0,0.4375,2.3251686265175104,35,12,15,-3,0.04103213376587927,0,0,0,0,0,0,0,0,0,-1,0,0,0,0,0
1fcj,B,269,ALA,1.8,88.6,0.0,0,0,-,0.08490566037735849,-119.5,145.6,27.0,17.0,0.6136363636363636,2.343183309256565,40,13,10,3,0.04289723075523742,0,0,0,0,0,0,0,0,0,-1,0,0,0,0,0
1fcj,B,270,GLY,-0.4,60.1,0.0,0,0,-,0.05952380952380952,-80.9,171.1,22.0,19.0,0.5365853658536586,2.30340312239475,36,9,7,2,0.03776821403450251,0,0,0,0,0,0,0,0,0,-1,0,0,0,0,0
1fcj,B,271,ILE,4.5,166.7,0.0,0,0,H,0.26627218934911245,-55.7,-43.3,15.0,24.0,0.38461538461538464,2.4400036496636934,34,20,10,10,0.043363505002576956,1,0,0,0,0,0,0,0,0,-1,0,0,0,0,0
1fcj,B,272,SER,-0.8,89.0,0.0,1,1,H,0.038461538461538464,-66.6,-24.1,23.0,27.0,0.46,2.6862823620506155,45,6,6,0,0.045694876239274644,1,0,0,0,0,0,0,0,0,-1,0,0,0,0,0
1fcj,B,273,SER,-0.8,89.0,0.0,1,1,H,0.0,-72.6,-38.6,21.0,28.0,0.42857142857142855,4.550259314485311,46,7,7,0,0.04942507021799094,1,0,0,0,0,0,0,0,0,-1,0,0,0,0,0
1fcj,B,274,GLY,-0.4,60.1,0.0,0,0,H,0.0,-64.3,-39.1,24.0,25.0,0.4897959183673469,5.134056387684691,43,13,12,1,0.04989134446533048,1,0,0,0,0,0,0,0,0,-1,0,0,0,0,0
1fcj,B,275,ALA,1.8,88.6,0.0,0,0,H,0.0,-60.7,-47.8,24.0,24.0,0.5,5.951189091375783,44,9,18,-9,0.05408781269138631,1,0,0,0,0,0,0,0,0,-1,0,0,0,0,0
1fcj,B,276,ALA,1.8,88.6,0.0,0,0,H,0.009433962264150943,-60.4,-42.7,27.0,26.0,0.5094339622641509,5.966207462918784,47,8,8,0,0.05222271570202816,1,0,0,0,0,0,0,0,0,-1,0,0,0,0,0
1fcj,B,277,VAL,4.2,140.0,0.0,0,0,H,0.0,-72.2,-31.8,26.0,25.0,0.5098039215686274,5.41130816779502,45,20,7,13,0.04755997322863279,1,0,0,0,0,0,0,0,0,-1,0,0,0,0,0
1fcj,B,278,ALA,1.8,88.6,0.0,0,0,H,0.03773584905660377,-64.8,-36.5,23.0,19.0,0.5476190476190477,2.1847711468283966,41,15,18,-3,0.043829779249916496,1,0,0,0,0,0,0,0,0,-1,0,0,0,0,0
1fcj,B,279,ALA,1.8,88.6,0.0,0,0,H,0.0,-63.2,-39.7,26.0,19.0,0.5777777777777777,3.9392654410357637,38,16,19,-3,0.045694876239274644,1,0,0,0,0,0,0,0,0,-1,0,0,0,0,0
1fcj,B,280,ALA,1.8,88.6,0.0,0,0,H,0.0,-62.0,-42.6,27.0,22.0,0.5510204081632653,4.654497146458269,39,19,11,8,0.04755997322863279,1,0,0,0,0,0,0,0,0,-1,0,0,0,0,0
1fcj,B,281,LEU,3.8,166.7,0.0,0,0,H,0.23780487804878048,-61.0,-45.5,14.0,19.0,0.42424242424242425,2.131975289050561,29,18,18,0,0.03916703677652112,1,0,0,0,0,0,0,0,0,-1,0,0,0,0,0
1fcj,B,282,LYS,-3.9,168.6,1.0,2,0,H,0.33658536585365856,-57.2,-45.7,17.0,15.0,0.53125,1.939340134870485,27,4,24,-20,0.03170664881908853,1,0,0,0,0,0,0,0,0,-1,0,0,0,0,0
1fcj,B,283,LEU,3.8,166.7,0.0,0,0,H,0.024390243902439025,-60.7,-37.2,27.0,8.0,0.7714285714285715,2.6405566607578694,32,25,21,4,0.04196468226055834,1,0,0,0,0,0,0,0,0,-1,0,0,0,0,0
1fcj,B,284,GLN,-3.5,143.8,0.0,2,2,T,0.15656565656565657,-73.4,0.2,16.0,8.0,0.6666666666666666,2.267792521869795,26,21,22,-1,0.04289723075523742,0,0,0,0,0,1,0,0,0,-1,0,0,0,0,0
1fcj,B,285,GLU,-3.5,138.4,-1.0,1,3,T,0.7938144329896907,-82.6,-10.9,6.0,9.0,0.4,1.7349482951719088,14,11,14,-3,0.027510180593032695,0,0,0,0,0,1,0,0,0,-1,0,0,0,0,0
1fcj,B,286,ASP,-3.5,111.1,-1.0,1,3,S,0.3803680981595092,-104.8,121.1,8.0,5.0,0.6153846153846154,1.7844816274512882,17,14,18,-4,0.029375277582390842,0,0,0,0,0,0,1,0,0,-1,0,0,0,0,0
1fcj,B,287,GLU,-3.5,138.4,-1.0,1,3,G,0.8917525773195877,-52.2,-27.5,0.0,12.0,0.0,1.7340827579601925,10,3,13,-10,0.024246260861655933,0,0,0,1,0,0,0,0,0,-1,0,0,0,0,0
1fcj,B,288,SER,-0.8,89.0,0.0,1,1,G,0.5384615384615384,-69.5,-18.4,3.0,11.0,0.21428571428571427,1.8216566339054336,15,14,22,-8,0.026577632098353617,0,0,0,1,0,0,0,0,0,-1,0,0,0,0,0
1fcj,B,289,PHE,2.8,189.9,0.0,0,0,G,0.050761421319796954,-99.7,-7.7,17.0,7.0,0.7083333333333334,2.332593042927341,27,22,30,-8,0.040099585271200194,0,0,0,1,0,0,0,0,0,-1,0,0,0,0,0
1fcj,B,290,THR,-0.7,116.1,0.0,1,1,T,0.4154929577464789,-47.5,-41.5,4.0,17.0,0.19047619047619047,1.9098815419093491,21,21,23,-2,0.0363693912924839,0,0,0,0,0,1,0,0,0,-1,0,0,0,0,0
1fcj,B,291,ASN,-3.5,114.1,0.0,2,2,T,0.7707006369426752,-102.6,11.6,0.0,20.0,0.0,1.7606803091692962,15,20,13,7,0.027510180593032695,0,0,0,0,0,1,0,0,0,-1,0,0,0,0,0
1fcj,B,292,LYS,-3.9,168.6,1.0,2,0,-,0.3170731707317073,-88.8,145.2,16.0,10.0,0.6153846153846154,2.4849379989317746,25,13,21,-8,0.040565859518539735,0,0,0,0,0,0,0,0,0,-1,0,0,0,0,0
1fcj,B,293,ASN,-3.5,114.1,0.0,2,2,-,0.20382165605095542,-83.3,117.4,13.0,22.0,0.37142857142857144,2.6776494042765284,27,29,9,20,0.04476232774459557,0,0,0,0,0,0,0,0,0,-1,0,0,0,0,0
1fcj,B,294,ILE,4.5,166.7,0.0,0,0,E,0.0,-106.7,120.5,21.0,21.0,0.5,5.901012477974363,40,23,8,15,0.05035761871267001,0,0,1,0,0,0,0,0,0,-1,0,0,0,0,0
1fcj,B,295,VAL,4.2,140.0,0.0,0,0,E,0.0,-102.1,125.7,24.0,21.0,0.5333333333333333,6.201554223156848,43,19,11,8,0.05129016720734909,0,0,1,0,0,0,0,0,0,-1,0,0,0,0,0
1fcj,B,296,VAL,4.2,140.0,0.0,0,0,E,0.0,-122.4,132.4,22.0,25.0,0.46808510638297873,6.742574897857486,43,11,4,7,0.050823892960009553,0,0,1,0,0,0,0,0,0,-1,0,0,0,0,0
1fcj,B,297,ILE,4.5,166.7,0.0,0,0,E,0.01775147928994083,-80.8,133.0,22.0,28.0,0.44,3.303994291012032,41,18,9,9,0.05035761871267001,0,0,1,0,0,0,0,0,0,-1,0,0,0,0,0
1fcj,B,298,LEU,3.8,166.7,0.0,0,0,E,0.024390243902439025,-112.1,97.5,26.0,26.0,0.5,5.9831012157571415,43,14,9,5,0.048492521723311866,0,0,1,0,0,0,0,0,0,-1,0,0,0,0,0
1fcj,B,299,PRO,-1.6,112.7,0.0,0,0,-,0.1323529411764706,-54.9,-38.0,23.0,25.0,0.4791666666666667,2.7649027675453337,46,23,9,14,0.045228601991935104,0,0,0,0,0,0,0,0,0,-1,0,0,0,0,0
1fcj,B,300,SER,-0.8,89.0,0.0,1,1,B,0.1076923076923077,-155.8,176.7,20.0,22.0,0.47619047619047616,2.718958470553489,34,22,18,4,0.04755997322863279,0,1,0,0,0,0,0,0,0,-1,0,0,0,0,0
1fcj,B,301,SER,-0.8,89.0,0.0,1,1,-,0.06923076923076923,-90.5,-20.7,16.0,24.0,0.4,2.1918149969575023,28,15,14,1,0.040099585271200194,0,0,0,0,0,0,0,0,0,17,46,30,0,15,1
1fcj,B,302,GLY,-0.4,60.1,0.0,0,0,-,0.6904761904761905,74.8,33.0,18.0,14.0,0.5625,1.709545533503023,24,13,9,4,0.032172923066428064,0,0,0,0,0,0,0,0,0,17,46,30,0,15,1
1fcj,B,303,GLU,-3.5,138.4,-1.0,1,3,-,0.422680412371134,-104.7,-136.0,14.0,11.0,0.56,1.768510331482514,15,14,0,14,0.022847438119637322,0,0,0,0,0,0,0,0,0,17,46,30,0,15,1
1fcj,B,304,ARG,-4.5,173.4,1.0,5,0,-,0.4112903225806452,68.4,360.0,20.0,6.0,0.7692307692307693,1.8104174772308836,22,11,13,-2,0.020516066882939634,0,0,0,0,0,0,0,0,0,17,46,30,0,15,1
1fcj,C,1,SER,-0.8,89.0,0.0,1,1,-,0.46153846153846156,360.0,166.7,10.0,17.0,0.37037037037037035,1.7395596855747861,24,28,31,-3,0.03450429430312575,0,0,0,0,0,0,0,0,0,-1,0,0,0,0,0
1fcj,C,2,LYS,-3.9,168.6,1.0,2,0,-,0.13658536585365855,-142.2,76.7,17.0,16.0,0.5151515151515151,2.3955889655470255,29,27,41,-14,0.03963331102386066,0,0,0,0,0,0,0,0,0,-1,0,0,0,0,0
1fcj,C,3,ILE,4.5,166.7,0.0,0,0,-,0.1893491124260355,-117.2,120.5,17.0,20.0,0.4594594594594595,2.0953059179559776,34,28,32,-4,0.043829779249916496,0,0,0,0,0,0,0,0,0,-1,0,0,0,0,0
1fcj,C,4,TYR,-1.3,193.6,0.0,1,1,B,0.06306306306306306,-81.9,127.8,15.0,15.0,0.5,2.406584341085097,30,36,32,4,0.045694876239274644,0,1,0,0,0,0,0,0,0,52,3,33,0,1,1
1fcj,C,5,GLU,-3.5,138.4,-1.0,1,3,S,0.4690721649484536,-69.3,-20.2,4.0,23.0,0.14814814814814814,1.788318176484089,21,18,9,9,0.03590311704514436,0,0,0,0,0,0,1,0,0,-1,0,0,0,0,0
1fcj,C,6,ASP,-3.5,111.1,-1.0,1,3,S,0.09202453987730061,-161.7,166.0,15.0,22.0,0.40540540540540543,2.8071415197985328,31,21,22,-1,0.04755997322863279,0,0,0,0,0,0,1,0,0,10,368,21,0,79,1
1fcj,C,7,ASN,-3.5,114.1,0.0,2,2,G,0.01910828025477707,-62.8,-21.7,26.0,20.0,0.5652173913043478,5.65584497129424,42,20,23,-3,0.05455408693872585,0,0,0,1,0,0,0,0,0,-1,0,0,0,0,0
1fcj,C,8,SER,-0.8,89.0,0.0,1,1,G,0.0,-68.3,-30.2,18.0,20.0,0.47368421052631576,4.337241580491924,38,21,19,2,0.053621538444046775,0,0,0,1,0,0,0,0,0,10,368,21,0,79,1
1fcj,C,9,LEU,3.8,166.7,0.0,0,0,G,0.4329268292682927,-75.1,-4.7,14.0,22.0,0.3888888888888889,2.138920113939575,35,16,26,-10,0.040099585271200194,0,0,0,1,0,0,0,0,0,10,368,21,0,79,1
1fcj,C,10,THR,-0.7,116.1,0.0,1,1,G,0.08450704225352113,-88.5,1.9,23.0,16.0,0.5897435897435898,2.2228913113268964,34,36,17,19,0.04662742473395372,0,0,0,1,0,0,0,0,0,52,3,33,0,1,1
1fcj,C,11,ILE,4.5,166.7,0.0,0,0,-,0.07692307692307693,-60.7,151.8,20.0,21.0,0.4878048780487805,2.4510706961094857,36,38,18,20,0.04942507021799094,0,0,0,0,0,0,0,0,0,52,3,33,0,1,1
1fcj,C,12,GLY,-0.4,60.1,0.0,0,0,-,0.10714285714285714,78.7,-161.6,19.0,23.0,0.4523809523809524,1.8613046793817323,34,45,26,19,0.043829779249916496,0,0,0,0,0,0,0,0,0,52,3,33,0,1,1
1fcj,C,13,HIS,-3.2,153.2,0.1,2,1,-,0.4673913043478261,57.7,40.4,13.0,24.0,0.35135135135135137,1.8377458476378365,32,30,33,-3,0.03730193978716297,0,0,0,0,0,0,0,0,0,52,3,33,0,1,1
1fcj,C,14,THR,-0.7,116.1,0.0,1,1,-,0.007042253521126761,-75.9,149.4,24.0,20.0,0.5454545454545454,2.3990231489362075,33,46,23,23,0.043363505002576956,0,0,0,0,0,0,0,0,0,52,3,33,0,1,1
1fcj,C,15,PRO,-1.6,112.7,0.0,0,0,-,0.08823529411764706,-76.0,146.5,18.0,23.0,0.43902439024390244,2.6106513684393358,33,44,25,19,0.04709369898129325,0,0,0,0,0,0,0,0,0,-1,0,0,0,0,0
1fcj,C,16,LEU,3.8,166.7,0.0,0,0,E,0.0,-105.3,115.8,19.0,21.0,0.475,5.136746918514552,38,36,34,2,0.04942507021799094,0,0,1,0,0,0,0,0,0,14,109,25,0,32,1
1fcj,C,17,VAL,4.2,140.0,0.0,0,0,E,0.014084507042253521,-115.6,128.8,22.0,18.0,0.55,6.353558963032883,35,31,29,2,0.05175644145468863,0,0,1,0,0,0,0,0,0,14,109,25,0,32,1
1fcj,C,18,ARG,-4.5,173.4,1.0,5,0,E,0.22983870967741934,-70.7,130.4,12.0,25.0,0.32432432432432434,3.144220563823579,27,15,22,-7,0.048492521723311866,0,0,1,0,0,0,0,0,0,-1,0,0,0,0,0
1fcj,C,19,LEU,3.8,166.7,0.0,0,0,-,0.0,-87.7,126.9,24.0,15.0,0.6153846153846154,5.373619508594936,36,37,30,7,0.048492521723311866,0,0,0,0,0,0,0,0,0,-1,0,0,0,0,0
1fcj,C,20,ASN,-3.5,114.1,0.0,2,2,S,0.4140127388535032,-99.2,-27.4,14.0,13.0,0.5185185185185185,1.9333243379671776,27,33,34,-1,0.03730193978716297,0,0,0,0,0,0,1,0,0,-1,0,0,0,0,0
1fcj,C,21,ARG,-4.5,173.4,1.0,5,0,S,0.3870967741935484,-108.5,-19.8,14.0,12.0,0.5384615384615384,1.9455986323789516,23,19,30,-11,0.03124037457174899,0,0,0,0,0,0,1,0,0,-1,0,0,0,0,0
1fcj,C,22,ILE,4.5,166.7,0.0,0,0,S,0.0,-101.2,116.3,26.0,7.0,0.7878787878787878,3.5518092346677483,33,33,22,11,0.03963331102386066,0,0,0,0,0,0,1,0,0,-1,0,0,0,0,0
1fcj,C,23,GLY,-0.4,60.1,0.0,0,0,S,0.3333333333333333,88.1,-170.7,26.0,6.0,0.8125,1.709585694511404,24,30,11,19,0.03776821403450251,0,0,0,0,0,0,1,0,0,5,2378,10,0,246,1
1fcj,C,24,ASN,-3.5,114.1,0.0,2,2,S,0.4394904458598726,-89.8,16.5,14.0,9.0,0.6086956521739131,1.8925515572827294,22,28,3,25,0.027043906345693154,0,0,0,0,0,0,1,0,0,5,2378,10,0,246,1
1fcj,C,25,GLY,-0.4,60.1,0.0,0,0,S,0.21428571428571427,92.8,-7.8,1.0,24.0,0.04,1.7097829538958154,25,32,10,22,0.03450429430312575,0,0,0,0,0,0,1,0,0,5,2378,10,0,246,1
1fcj,C,26,ARG,-4.5,173.4,1.0,5,0,-,0.3588709677419355,-105.1,4.7,16.0,18.0,0.47058823529411764,2.4205772933998366,22,16,6,10,0.04289723075523742,0,0,0,0,0,0,0,0,0,5,2378,10,0,246,1
1fcj,C,27,ILE,4.5,166.7,0.0,0,0,E,0.0,-87.7,122.4,22.0,23.0,0.4888888888888889,5.477098250132402,39,33,5,28,0.05222271570202816,0,0,1,0,0,0,0,0,0,5,2378,10,0,246,1
1fcj,C,28,LEU,3.8,166.7,0.0,0,0,E,0.012195121951219513,-112.4,116.2,18.0,25.0,0.4186046511627907,4.42816739053643,38,31,15,16,0.04755997322863279,0,0,1,0,0,0,0,0,0,-1,0,0,0,0,0
1fcj,C,29,ALA,1.8,88.6,0.0,0,0,E,0.0,-98.1,126.9,27.0,22.0,0.5510204081632653,8.42266538585491,43,24,19,5,0.04709369898129325,0,0,1,0,0,0,0,0,0,-1,0,0,0,0,0
1fcj,C,30,LYS,-3.9,168.6,1.0,2,0,E,0.0,-96.2,115.0,24.0,24.0,0.5,5.6625360428487905,41,27,24,3,0.04709369898129325,0,0,1,0,0,0,0,0,0,-1,0,0,0,0,0
1fcj,C,31,VAL,4.2,140.0,0.0,0,0,E,0.028169014084507043,-87.0,89.7,21.0,26.0,0.44680851063829785,5.489346626409822,39,28,11,17,0.04989134446533048,0,0,1,0,0,0,0,0,0,-1,0,0,0,0,0
1fcj,C,32,GLU,-3.5,138.4,-1.0,1,3,T,0.0,-75.7,-4.3,20.0,23.0,0.46511627906976744,5.253635439232274,35,47,5,42,0.05408781269138631,0,0,0,0,0,1,0,0,0,-1,0,0,0,0,0
1fcj,C,33,SER,-0.8,89.0,0.0,1,1,T,0.046153846153846156,-76.8,-13.6,17.0,24.0,0.4146341463414634,4.682459827707254,32,31,10,21,0.04942507021799094,0,0,0,0,0,1,0,0,0,26,21,21,0,5,1
1fcj,C,34,ARG,-4.5,173.4,1.0,5,0,S,0.10887096774193548,-84.7,67.7,19.0,25.0,0.4318181818181818,2.4776020785739408,31,14,11,3,0.048958795970651406,0,0,0,0,0,0,1,0,0,-1,0,0,0,0,0
1fcj,C,35,ASN,-3.5,114.1,0.0,2,2,S,0.012738853503184714,-151.1,163.0,26.0,18.0,0.5909090909090909,2.6200030022102476,32,47,12,35,0.053621538444046775,0,0,0,0,0,0,1,0,0,71,0,24,0,0,1
1fcj,C,36,PRO,-1.6,112.7,0.0,0,0,G,0.022058823529411766,-66.0,140.4,26.0,25.0,0.5098039215686274,3.770634585050092,37,32,9,23,0.04942507021799094,0,0,0,1,0,0,0,0,0,71,0,24,0,0,1
1fcj,C,37,SER,-0.8,89.0,0.0,1,1,G,0.06153846153846154,75.3,5.9,28.0,19.0,0.5957446808510638,2.7758054852591045,36,21,4,17,0.04243095650789788,0,0,0,1,0,0,0,0,0,71,0,24,0,0,1
1fcj,C,38,PHE,2.8,189.9,0.0,0,0,G,0.3096446700507614,63.2,26.1,16.0,25.0,0.3902439024390244,2.0551831012246455,24,23,11,12,0.04196468226055834,0,0,0,1,0,0,0,0,0,71,0,24,0,0,1
1fcj,C,39,SER,-0.8,89.0,0.0,1,1,B,0.0,-158.4,162.9,18.0,21.0,0.46153846153846156,3.134751870995956,39,31,10,21,0.04942507021799094,0,1,0,0,0,0,0,0,0,-1,0,0,0,0,0
1fcj,C,40,VAL,4.2,140.0,0.0,0,0,T,0.056338028169014086,-56.8,-25.0,24.0,25.0,0.4897959183673469,2.7792060871075135,44,38,10,28,0.05129016720734909,0,0,0,0,0,1,0,0,0,-1,0,0,0,0,0
1fcj,C,41,LYS,-3.9,168.6,1.0,2,0,H,0.13658536585365855,-60.1,-18.3,21.0,26.0,0.44680851063829785,2.8664664649263414,39,14,7,7,0.04616115048661418,1,0,0,0,0,0,0,0,0,-1,0,0,0,0,0
1fcj,C,42,CYS,2.5,108.5,0.0,1,0,H,0.0,-63.5,-30.2,21.0,22.0,0.4883720930232558,5.4723397753685,40,34,8,26,0.05408781269138631,1,0,0,0,0,0,0,0,0,-1,0,0,0,0,0
1fcj,C,43,ARG,-4.5,173.4,1.0,5,0,H,0.0,-64.5,-40.7,22.0,27.0,0.4489795918367347,4.468686914138854,45,38,21,17,0.05129016720734909,1,0,0,0,0,0,0,0,0,52,3,33,0,1,1
1fcj,C,44,ILE,4.5,166.7,0.0,0,0,H,0.005917159763313609,-86.1,-26.2,25.0,26.0,0.49019607843137253,3.7052132089104934,43,27,9,18,0.04989134446533048,1,0,0,0,0,0,0,0,0,-1,0,0,0,0,0
1fcj,C,45,GLY,-0.4,60.1,0.0,0,0,H,0.0,-61.3,-45.7,28.0,20.0,0.5833333333333334,7.102985038881061,44,21,7,14,0.05175644145468863,1,0,0,0,0,0,0,0,0,-1,0,0,0,0,0
1fcj,C,46,ALA,1.8,88.6,0.0,0,0,H,0.0,-67.5,-53.2,19.0,24.0,0.4418604651162791,5.713087763533283,41,23,17,6,0.05455408693872585,1,0,0,0,0,0,0,0,0,-1,0,0,0,0,0
1fcj,C,47,ASN,-3.5,114.1,0.0,2,2,H,0.01910828025477707,-69.0,-30.6,19.0,20.0,0.48717948717948717,3.1198278491504063,32,40,26,14,0.04755997322863279,1,0,0,0,0,0,0,0,0,-1,0,0,0,0,0
1fcj,C,48,MET,1.9,162.9,0.0,0,0,H,0.005319148936170213,-67.1,-35.2,23.0,16.0,0.5897435897435898,5.0392634100089735,36,14,26,-12,0.04755997322863279,1,0,0,0,0,0,0,0,0,-1,0,0,0,0,0
1fcj,C,49,ILE,4.5,166.7,0.0,0,0,H,0.0,-72.5,-48.4,22.0,22.0,0.5,5.4713716350363,39,29,22,7,0.050823892960009553,1,0,0,0,0,0,0,0,0,-1,0,0,0,0,0
1fcj,C,50,TRP,-0.9,227.8,0.0,1,0,H,0.14537444933920704,-60.1,-38.5,11.0,17.0,0.39285714285714285,1.998166635274958,30,26,26,0,0.04196468226055834,1,0,0,0,0,0,0,0,0,10,368,21,0,79,1
1fcj,C,51,ASP,-3.5,111.1,-1.0,1,3,H,0.18404907975460122,-66.1,-42.7,14.0,10.0,0.5833333333333334,2.0255732816352214,24,24,17,7,0.04149840801321881,1,0,0,0,0,0,0,0,0,-1,0,0,0,0,0
1fcj,C,52,ALA,1.8,88.6,0.0,0,0,H,0.0,-62.8,-39.3,19.0,8.0,0.7037037037037037,4.125725816402623,25,32,18,14,0.043363505002576956,1,0,0,0,0,0,0,0,0,-1,0,0,0,0,0
1fcj,C,53,GLU,-3.5,138.4,-1.0,1,3,H,0.23195876288659795,-63.0,-48.9,10.0,13.0,0.43478260869565216,1.8957927895935913,23,38,8,30,0.04196468226055834,1,0,0,0,0,0,0,0,0,10,368,21,0,79,1
1fcj,C,54,LYS,-3.9,168.6,1.0,2,0,H,0.7170731707317073,-59.3,-36.6,6.0,7.0,0.46153846153846156,1.8930861787153062,17,16,20,-4,0.027510180593032695,1,0,0,0,0,0,0,0,0,-1,0,0,0,0,0
1fcj,C,55,ARG,-4.5,173.4,1.0,5,0,T,0.5403225806451613,-77.2,-5.6,9.0,4.0,0.6923076923076923,1.8290773243229603,18,12,17,-5,0.025645083603674543,0,0,0,0,0,1,0,0,0,-1,0,0,0,0,0
1fcj,C,56,GLY,-0.4,60.1,0.0,0,0,T,0.4523809523809524,76.7,9.0,0.0,14.0,0.0,1.776818382487731,15,27,17,10,0.025645083603674543,0,0,0,0,0,1,0,0,0,-1,0,0,0,0,0
1fcj,C,57,VAL,4.2,140.0,0.0,0,0,S,0.3732394366197183,-88.4,-28.3,13.0,10.0,0.5652173913043478,1.9820466098275435,25,29,20,9,0.030774100324409453,0,0,0,0,0,0,1,0,0,-1,0,0,0,0,0
1fcj,C,58,LEU,3.8,166.7,0.0,0,0,S,0.03048780487804878,-102.5,128.0,19.0,10.0,0.6551724137931034,3.1433153738260984,28,38,22,16,0.045228601991935104,0,0,0,0,0,0,1,0,0,31,32,11,0,4,1
1fcj,C,59,LYS,-3.9,168.6,1.0,2,0,-,0.5609756097560976,-167.6,-178.3,5.0,19.0,0.20833333333333334,2.0308584424762497,18,13,14,-1,0.030307826077069916,0,0,0,0,0,0,0,0,0,31,32,11,0,4,1
1fcj,C,60,PRO,-1.6,112.7,0.0,0,0,T,0.9779411764705882,-56.7,125.9,0.0,16.0,0.0,1.8785218534308963,14,13,9,4,0.01958351838826056,0,0,0,0,0,1,0,0,0,31,32,11,0,4,1
1fcj,C,61,GLY,-0.4,60.1,0.0,0,0,T,0.8333333333333334,108.5,-36.5,5.0,11.0,0.3125,1.709577405991367,16,27,12,15,0.021914889624958248,0,0,0,0,0,1,0,0,0,31,32,11,0,4,1
1fcj,C,62,VAL,4.2,140.0,0.0,0,0,-,0.11267605633802817,-78.9,142.9,14.0,12.0,0.5384615384615384,2.00139373455665,22,26,17,9,0.04103213376587927,0,0,0,0,0,0,0,0,0,31,32,11,0,4,1
1fcj,C,63,GLU,-3.5,138.4,-1.0,1,3,E,0.07216494845360824,-132.3,151.4,11.0,24.0,0.3142857142857143,2.551223622938389,26,22,9,13,0.04755997322863279,0,0,1,0,0,0,0,0,0,44,24,7,0,2,1
1fcj,C,64,LEU,3.8,166.7,0.0,0,0,E,0.0,-88.6,146.9,25.0,19.0,0.5681818181818182,5.227902393483523,39,16,18,-2,0.04989134446533048,0,0,1,0,0,0,0,0,0,-1,0,0,0,0,0
1fcj,C,65,VAL,4.2,140.0,0.0,0,0,E,0.0,-139.0,129.9,20.0,22.0,0.47619047619047616,4.764716711446252,32,15,31,-16,0.05548663543340492,0,0,1,0,0,0,0,0,0,-1,0,0,0,0,0
1fcj,C,66,GLU,-3.5,138.4,-1.0,1,3,E,0.005154639175257732,-145.7,138.3,20.0,24.0,0.45454545454545453,3.871486404788456,38,4,7,-3,0.048492521723311866,0,0,1,0,0,0,0,0,0,-1,0,0,0,0,0
1fcj,C,67,PRO,-1.6,112.7,0.0,0,0,S,0.13970588235294118,-75.1,-21.1,18.0,24.0,0.42857142857142855,2.429774116056776,37,10,18,-8,0.04942507021799094,0,0,0,0,0,0,1,0,0,-1,0,0,0,0,0
1fcj,C,68,THR,-0.7,116.1,0.0,1,1,-,0.07042253521126761,-56.1,155.4,21.0,23.0,0.4772727272727273,2.4969868785497056,39,8,9,-1,0.04429605349725603,0,0,0,0,0,0,0,0,0,-1,0,0,0,0,0
1fcj,C,69,ASN,-3.5,114.1,0.0,2,2,-,0.01910828025477707,-168.9,-0.6,25.0,18.0,0.5813953488372093,1.9725521213077848,35,19,9,10,0.043363505002576956,0,0,0,0,0,0,0,0,0,-1,0,0,0,0,0
1fcj,C,70,GLY,-0.4,60.1,0.0,0,0,S,0.34523809523809523,-89.2,-138.5,13.0,24.0,0.35135135135135137,2.1528327146992923,31,21,9,12,0.032639197313767604,0,0,0,0,0,0,1,0,0,-1,0,0,0,0,0
1fcj,C,71,ASN,-3.5,114.1,0.0,2,2,H,0.267515923566879,-66.2,-30.1,23.0,16.0,0.5897435897435898,2.1286533006368047,36,16,8,8,0.03870076252918159,1,0,0,0,0,0,0,0,0,-1,0,0,0,0,0
1fcj,C,72,THR,-0.7,116.1,0.0,1,1,H,0.028169014084507043,-73.5,-35.0,15.0,24.0,0.38461538461538464,2.5582044681945257,37,15,9,6,0.04429605349725603,1,0,0,0,0,0,0,0,0,-1,0,0,0,0,0
1fcj,C,73,GLY,-0.4,60.1,0.0,0,0,H,0.0,-66.1,-40.0,19.0,23.0,0.4523809523809524,3.9113239550545376,40,18,9,9,0.045228601991935104,1,0,0,0,0,0,0,0,0,-1,0,0,0,0,0
1fcj,C,74,ILE,4.5,166.7,0.0,0,0,H,0.08875739644970414,-66.6,-41.0,16.0,29.0,0.35555555555555557,3.5714207512747183,34,24,1,23,0.04755997322863279,1,0,0,0,0,0,0,0,0,-1,0,0,0,0,0
1fcj,C,75,ALA,1.8,88.6,0.0,0,0,H,0.0,-63.8,-43.7,21.0,24.0,0.4666666666666667,5.776074235948257,45,15,4,11,0.05222271570202816,1,0,0,0,0,0,0,0,0,-1,0,0,0,0,0
1fcj,C,76,LEU,3.8,166.7,0.0,0,0,H,0.0,-67.2,-36.4,24.0,28.0,0.46153846153846156,5.344300699265624,44,12,9,3,0.04709369898129325,1,0,0,0,0,0,0,0,0,-1,0,0,0,0,0
1fcj,C,77,ALA,1.8,88.6,0.0,0,0,H,0.018867924528301886,-63.2,-44.3,25.0,27.0,0.4807692307692308,2.2386478119330175,49,15,13,2,0.04662742473395372,1,0,0,0,0,0,0,0,0,-1,0,0,0,0,0
1fcj,C,78,TYR,-1.3,193.6,0.0,1,1,H,0.009009009009009009,-67.8,-38.8,27.0,22.0,0.5510204081632653,5.718415978979114,45,20,15,5,0.048026247475972325,1,0,0,0,0,0,0,0,0,-1,0,0,0,0,0
1fcj,C,79,VAL,4.2,140.0,0.0,0,0,H,0.0,-67.7,-43.2,20.0,25.0,0.4444444444444444,5.636987155118004,44,20,18,2,0.053621538444046775,1,0,0,0,0,0,0,0,0,-1,0,0,0,0,0
1fcj,C,80,ALA,1.8,88.6,0.0,0,0,H,0.02830188679245283,-57.4,-45.6,22.0,24.0,0.4782608695652174,2.329255063096212,41,17,23,-6,0.04429605349725603,1,0,0,0,0,0,0,0,0,-1,0,0,0,0,0
1fcj,C,81,ALA,1.8,88.6,0.0,0,0,H,0.14150943396226415,-62.5,-44.1,24.0,18.0,0.5714285714285714,1.8562834492564046,36,25,32,-7,0.04616115048661418,1,0,0,0,0,0,0,0,0,-1,0,0,0,0,0
1fcj,C,82,ALA,1.8,88.6,0.0,0,0,H,0.12264150943396226,-70.1,-30.3,22.0,19.0,0.5365853658536586,2.2913440205633995,34,21,35,-14,0.048492521723311866,1,0,0,0,0,0,0,0,0,10,368,21,0,79,1
1fcj,C,83,ARG,-4.5,173.4,1.0,5,0,H,0.2862903225806452,-106.2,3.5,18.0,18.0,0.5,1.9110486781221778,31,2,27,-25,0.0363693912924839,1,0,0,0,0,0,0,0,0,10,368,21,0,79,1
1fcj,C,84,GLY,-0.4,60.1,0.0,0,0,T,0.8095238095238095,81.0,33.8,7.0,25.0,0.21875,1.7095286994567178,28,28,24,4,0.02471253510899547,0,0,0,0,0,1,0,0,0,-1,0,0,0,0,0
1fcj,C,85,TYR,-1.3,193.6,0.0,1,1,-,0.18468468468468469,-111.1,144.5,21.0,14.0,0.6,2.0502044131754618,29,24,17,7,0.03590311704514436,0,0,0,0,0,0,0,0,0,-1,0,0,0,0,0
1fcj,C,86,LYS,-3.9,168.6,1.0,2,0,-,0.5219512195121951,-76.9,141.0,11.0,22.0,0.3333333333333333,2.1284153341428738,26,11,10,1,0.03403802005578621,0,0,0,0,0,0,0,0,0,44,24,7,0,2,1
1fcj,C,87,LEU,3.8,166.7,0.0,0,0,E,0.03048780487804878,-132.9,134.3,26.0,18.0,0.5909090909090909,2.3371110444077416,37,15,18,-3,0.045694876239274644,0,0,1,0,0,0,0,0,0,44,24,7,0,2,1
1fcj,C,88,THR,-0.7,116.1,0.0,1,1,E,0.09154929577464789,-117.9,120.8,17.0,23.0,0.425,3.070974144713869,33,18,18,0,0.04709369898129325,0,0,1,0,0,0,0,0,0,44,24,7,0,2,1
1fcj,C,89,LEU,3.8,166.7,0.0,0,0,E,0.0,-109.6,125.0,23.0,24.0,0.48936170212765956,5.1691681213264165,40,22,9,13,0.05175644145468863,0,0,1,0,0,0,0,0,0,-1,0,0,0,0,0
1fcj,C,90,THR,-0.7,116.1,0.0,1,1,E,0.0,-97.6,141.5,21.0,19.0,0.525,5.405342857406121,38,14,18,-4,0.05502036118606539,0,0,1,0,0,0,0,0,0,-1,0,0,0,0,0
1fcj,C,91,MET,1.9,162.9,0.0,0,0,E,0.0,-161.9,139.1,16.0,21.0,0.43243243243243246,4.7961149659026825,33,27,18,9,0.05455408693872585,0,0,1,0,0,0,0,0,0,16,290,5,0,16,1
1fcj,C,92,PRO,-1.6,112.7,0.0,0,0,E,0.014705882352941176,-53.1,135.4,12.0,17.0,0.41379310344827586,3.039666988390528,30,23,18,5,0.04942507021799094,0,0,1,0,0,0,0,0,0,16,290,5,0,16,1
1fcj,C,93,GLU,-3.5,138.4,-1.0,1,3,T,0.5618556701030928,-53.1,-5.0,5.0,19.0,0.20833333333333334,1.9438150872063167,18,11,9,2,0.03403802005578621,0,0,0,0,0,1,0,0,0,16,290,5,0,16,1
1fcj,C,94,THR,-0.7,116.1,0.0,1,1,T,0.6408450704225352,-74.5,-16.8,9.0,13.0,0.4090909090909091,1.8519445501009948,17,15,15,0,0.02844272908771177,0,0,0,0,0,1,0,0,0,16,290,5,0,16,1
1fcj,C,95,MET,1.9,162.9,0.0,0,0,S,0.24468085106382978,-57.7,141.0,22.0,5.0,0.8148148148148148,1.9925815919560228,26,23,23,0,0.034970568550465285,0,0,0,0,0,0,1,0,0,16,290,5,0,16,1
1fcj,C,96,SER,-0.8,89.0,0.0,1,1,-,0.3076923076923077,-55.3,151.9,5.0,12.0,0.29411764705882354,2.0395251689918177,17,30,18,12,0.029375277582390842,0,0,0,0,0,0,0,0,0,-1,0,0,0,0,0
1fcj,C,97,ILE,4.5,166.7,0.0,0,0,H,0.5325443786982249,-64.9,-46.4,0.0,14.0,0.0,2.1258777185745323,14,30,11,19,0.027043906345693154,1,0,0,0,0,0,0,0,0,-1,0,0,0,0,0
1fcj,C,98,GLU,-3.5,138.4,-1.0,1,3,H,0.5876288659793815,-58.2,-33.9,2.0,11.0,0.15384615384615385,1.8352280912339767,13,32,6,26,0.027510180593032695,1,0,0,0,0,0,0,0,0,-1,0,0,0,0,0
1fcj,C,99,ARG,-4.5,173.4,1.0,5,0,H,0.125,-62.6,-43.0,12.0,12.0,0.5,2.1009270761505903,27,21,17,4,0.03870076252918159,1,0,0,0,0,0,0,0,0,11,390,18,0,79,1
1fcj,C,100,ARG,-4.5,173.4,1.0,5,0,H,0.2903225806451613,-78.3,-32.3,13.0,16.0,0.4482758620689655,2.125618261822371,22,27,14,13,0.04103213376587927,1,0,0,0,0,0,0,0,0,38,16,16,0,3,1
1fcj,C,101,LYS,-3.9,168.6,1.0,2,0,H,0.6341463414634146,-64.0,-42.6,5.0,16.0,0.23809523809523808,1.8926962940338226,14,30,9,21,0.03403802005578621,1,0,0,0,0,0,0,0,0,38,16,16,0,3,1
1fcj,C,102,LEU,3.8,166.7,0.0,0,0,H,0.35365853658536583,-58.9,-49.7,19.0,14.0,0.5757575757575758,2.287928749215727,30,35,9,26,0.03590311704514436,1,0,0,0,0,0,0,0,0,38,16,16,0,3,1
1fcj,C,103,LEU,3.8,166.7,0.0,0,0,H,0.0,-60.9,-38.3,24.0,17.0,0.5853658536585366,4.647720130450395,36,35,5,30,0.04755997322863279,1,0,0,0,0,0,0,0,0,38,16,16,0,3,1
1fcj,C,104,LYS,-3.9,168.6,1.0,2,0,H,0.4292682926829268,-71.8,-36.7,7.0,21.0,0.25,2.134978658732509,22,20,11,9,0.03590311704514436,1,0,0,0,0,0,0,0,0,38,16,16,0,3,1
1fcj,C,105,ALA,1.8,88.6,0.0,0,0,H,0.3113207547169811,-61.2,-33.4,19.0,14.0,0.5757575757575758,1.8203190532019682,31,38,14,24,0.0363693912924839,1,0,0,0,0,0,0,0,0,38,16,16,0,3,1
1fcj,C,106,LEU,3.8,166.7,0.0,0,0,T,0.03048780487804878,-79.2,0.0,27.0,15.0,0.6428571428571429,3.235548862509933,38,30,21,9,0.04616115048661418,0,0,0,0,0,1,0,0,0,38,16,16,0,3,1
1fcj,C,107,GLY,-0.4,60.1,0.0,0,0,T,0.3333333333333333,90.2,3.4,22.0,14.0,0.6111111111111112,1.8705184327933488,31,26,15,11,0.03730193978716297,0,0,0,0,0,1,0,0,0,38,16,16,0,3,1
1fcj,C,108,ALA,1.8,88.6,0.0,0,0,P,0.018867924528301886,-71.8,150.1,27.0,13.0,0.675,2.217968219177026,32,30,12,18,0.045694876239274644,0,0,0,0,0,0,0,0,0,38,16,16,0,3,1
1fcj,C,109,ASN,-3.5,114.1,0.0,2,2,E,0.4140127388535032,-98.0,119.5,7.0,24.0,0.22580645161290322,1.9530252620359558,26,19,8,11,0.034970568550465285,0,0,1,0,0,0,0,0,0,44,24,7,0,2,1
1fcj,C,110,LEU,3.8,166.7,0.0,0,0,E,0.2865853658536585,-95.3,134.4,19.0,17.0,0.5277777777777778,2.212136843573779,29,28,5,23,0.040099585271200194,0,0,1,0,0,0,0,0,0,38,16,16,0,3,1
1fcj,C,111,VAL,4.2,140.0,0.0,0,0,E,0.2535211267605634,-126.8,110.9,16.0,16.0,0.5,2.391805592946544,28,16,10,6,0.03357174580844668,0,0,1,0,0,0,0,0,0,-1,0,0,0,0,0
1fcj,C,112,LEU,3.8,166.7,0.0,0,0,E,0.4329268292682927,-87.7,133.4,9.0,22.0,0.2903225806451613,1.8614311042657974,23,14,15,-1,0.03870076252918159,0,0,1,0,0,0,0,0,0,16,290,5,0,16,1
1fcj,C,113,THR,-0.7,116.1,0.0,1,1,E,0.07746478873239436,-107.3,160.8,19.0,8.0,0.7037037037037037,2.1230062389532165,29,25,22,3,0.04243095650789788,0,0,1,0,0,0,0,0,0,16,290,5,0,16,1
1fcj,C,114,GLU,-3.5,138.4,-1.0,1,3,-,0.5463917525773195,-45.4,114.2,6.0,14.0,0.3,2.0198676028355873,15,18,9,9,0.03124037457174899,0,0,0,0,0,0,0,0,0,-1,0,0,0,0,0
1fcj,C,115,GLY,-0.4,60.1,0.0,0,0,G,0.19047619047619047,-44.8,-45.8,4.0,14.0,0.2222222222222222,1.7096222836378407,15,14,18,-4,0.030774100324409453,0,0,0,1,0,0,0,0,0,-1,0,0,0,0,0
1fcj,C,116,ALA,1.8,88.6,0.0,0,0,G,0.9339622641509434,-62.4,-37.8,0.0,15.0,0.0,1.7676203386717462,12,18,18,0,0.020049792635600097,0,0,0,1,0,0,0,0,0,-1,0,0,0,0,0
1fcj,C,117,LYS,-3.9,168.6,1.0,2,0,G,0.6048780487804878,-67.5,-15.5,12.0,5.0,0.7058823529411765,1.8948486318716344,18,13,15,-2,0.02844272908771177,0,0,0,1,0,0,0,0,0,-1,0,0,0,0,0
1fcj,C,118,GLY,-0.4,60.1,0.0,0,0,H,0.23809523809523808,55.7,-154.9,1.0,21.0,0.045454545454545456,2.4298498725091493,22,20,18,2,0.035436842797804825,1,0,0,0,0,0,0,0,0,-1,0,0,0,0,0
1fcj,C,119,MET,1.9,162.9,0.0,0,0,H,0.39893617021276595,-59.7,-28.5,6.0,21.0,0.2222222222222222,2.263059655565639,29,19,7,12,0.03590311704514436,1,0,0,0,0,0,0,0,0,-1,0,0,0,0,0
1fcj,C,120,LYS,-3.9,168.6,1.0,2,0,H,0.8,-59.6,-32.1,2.0,18.0,0.1,2.0100063579527485,16,11,3,8,0.02797645484037223,1,0,0,0,0,0,0,0,0,-1,0,0,0,0,0
1fcj,C,121,GLY,-0.4,60.1,0.0,0,0,H,0.09523809523809523,-71.9,-52.3,12.0,13.0,0.48,1.8286819958581617,25,27,26,1,0.043363505002576956,1,0,0,0,0,0,0,0,0,-1,0,0,0,0,0
1fcj,C,122,ALA,1.8,88.6,0.0,0,0,H,0.0,-55.2,-41.1,20.0,12.0,0.625,3.8016858379811027,30,26,29,-3,0.0526889899493677,1,0,0,0,0,0,0,0,0,-1,0,0,0,0,0
1fcj,C,123,ILE,4.5,166.7,0.0,0,0,H,0.42011834319526625,-60.9,-41.9,7.0,24.0,0.22580645161290322,2.368638183643059,27,21,24,-3,0.04243095650789788,1,0,0,0,0,0,0,0,0,-1,0,0,0,0,0
1fcj,C,124,GLN,-3.5,143.8,0.0,2,2,H,0.4898989898989899,-68.7,-49.8,8.0,18.0,0.3076923076923077,1.9751962712459477,18,21,18,3,0.03403802005578621,1,0,0,0,0,0,0,0,0,-1,0,0,0,0,0
1fcj,C,125,LYS,-3.9,168.6,1.0,2,0,H,0.3463414634146341,-58.4,-19.7,19.0,11.0,0.6333333333333333,2.2471587498264722,29,7,24,-17,0.040565859518539735,1,0,0,0,0,0,0,0,0,-1,0,0,0,0,0
1fcj,C,126,ALA,1.8,88.6,0.0,0,0,H,0.0,-89.4,-41.0,23.0,13.0,0.6388888888888888,4.1627426263938405,30,11,28,-17,0.05175644145468863,1,0,0,0,0,0,0,0,0,-1,0,0,0,0,0
1fcj,C,127,GLU,-3.5,138.4,-1.0,1,3,H,0.4072164948453608,-68.9,-26.6,5.0,21.0,0.19230769230769232,1.931145224658221,23,9,14,-5,0.03963331102386066,1,0,0,0,0,0,0,0,0,-1,0,0,0,0,0
1fcj,C,128,GLU,-3.5,138.4,-1.0,1,3,H,0.5360824742268041,-65.3,-52.6,9.0,13.0,0.4090909090909091,1.743763782185817,20,11,10,1,0.032172923066428064,1,0,0,0,0,0,0,0,0,32,109,3,0,4,1
1fcj,C,129,ILE,4.5,166.7,0.0,0,0,H,0.15976331360946747,-54.4,-55.7,18.0,8.0,0.6923076923076923,2.1624164227355034,27,18,34,-16,0.03683566553982344,1,0,0,0,0,0,0,0,0,32,109,3,0,4,1
1fcj,C,130,VAL,4.2,140.0,0.0,0,0,H,0.18309859154929578,-61.4,-41.3,18.0,9.0,0.6666666666666666,2.673284929967571,26,12,33,-21,0.04476232774459557,1,0,0,0,0,0,0,0,0,32,109,3,0,4,1
1fcj,C,131,ALA,1.8,88.6,0.0,0,0,H,0.6226415094339622,-58.5,-36.2,5.0,11.0,0.3125,1.8326538319780923,16,6,26,-20,0.02797645484037223,1,0,0,0,0,0,0,0,0,32,109,3,0,4,1
1fcj,C,132,SER,-0.8,89.0,0.0,1,1,H,0.6846153846153846,-55.8,-35.4,8.0,6.0,0.5714285714285714,1.778303683190358,14,11,21,-10,0.025178809356335007,1,0,0,0,0,0,0,0,0,32,109,3,0,4,1
1fcj,C,133,ASP,-3.5,111.1,-1.0,1,3,S,0.3987730061349693,-152.1,68.4,7.0,10.0,0.4117647058823529,2.0567235002313815,16,9,14,-5,0.03170664881908853,0,0,0,0,0,0,1,0,0,32,109,3,0,4,1
1fcj,C,134,PRO,-1.6,112.7,0.0,0,0,T,0.6691176470588235,-42.3,-31.7,1.0,17.0,0.05555555555555555,1.9155860558442535,16,8,17,-9,0.028909003335051305,0,0,0,0,0,1,0,0,0,32,109,3,0,4,1
1fcj,C,135,GLN,-3.5,143.8,0.0,2,2,T,0.9090909090909091,-85.0,-34.2,1.0,17.0,0.05555555555555555,1.7615550403861902,15,12,11,1,0.025178809356335007,0,0,0,0,0,1,0,0,0,47,24,7,0,1,1
1fcj,C,136,LYS,-3.9,168.6,1.0,2,0,T,0.4,-78.9,-25.5,8.0,15.0,0.34782608695652173,2.158546435504433,21,10,17,-7,0.035436842797804825,0,0,0,0,0,1,0,0,0,47,24,7,0,1,1
1fcj,C,137,TYR,-1.3,193.6,0.0,1,1,E,0.18018018018018017,-113.3,142.0,14.0,15.0,0.4827586206896552,2.5478287053461495,26,18,27,-9,0.048958795970651406,0,0,1,0,0,0,0,0,0,32,109,3,0,4,1
1fcj,C,138,LEU,3.8,166.7,0.0,0,0,E,0.17073170731707318,-128.0,120.4,16.0,19.0,0.45714285714285713,2.4658346484333387,34,16,20,-4,0.043829779249916496,0,0,1,0,0,0,0,0,0,-1,0,0,0,0,0
1fcj,C,139,LEU,3.8,166.7,0.0,0,0,E,0.14634146341463414,-103.8,118.7,16.0,23.0,0.41025641025641024,2.124652723263334,36,5,24,-19,0.03823448828184205,0,0,1,0,0,0,0,0,0,-1,0,0,0,0,0
1fcj,C,140,LEU,3.8,166.7,0.0,0,0,-,0.036585365853658534,-75.1,-47.5,27.0,12.0,0.6923076923076923,2.594221402639695,38,4,19,-15,0.03730193978716297,0,0,0,0,0,0,0,0,0,-1,0,0,0,0,0
1fcj,C,141,GLN,-3.5,143.8,0.0,2,2,-,0.4292929292929293,64.8,80.2,11.0,20.0,0.3548387096774194,1.987516172436952,26,1,16,-15,0.03683566553982344,0,0,0,0,0,0,0,0,0,-1,0,0,0,0,0
1fcj,C,142,GLN,-3.5,143.8,0.0,2,2,T,0.09595959595959595,-57.5,-25.0,24.0,18.0,0.5714285714285714,2.4407693887340822,37,10,7,3,0.04429605349725603,0,0,0,0,0,1,0,0,0,-1,0,0,0,0,0
1fcj,C,143,PHE,2.8,189.9,0.0,0,0,T,0.3604060913705584,-74.9,-20.8,11.0,23.0,0.3235294117647059,2.1277677673939444,32,3,2,1,0.04103213376587927,0,0,0,0,0,1,0,0,0,-1,0,0,0,0,0
1fcj,C,144,SER,-0.8,89.0,0.0,1,1,T,0.5153846153846153,-132.5,-8.9,3.0,21.0,0.125,1.8024150070480427,22,0,1,-1,0.0363693912924839,0,0,0,0,0,1,0,0,0,-1,0,0,0,0,0
1fcj,C,145,ASN,-3.5,114.1,0.0,2,2,-,0.09554140127388536,-68.6,125.5,14.0,12.0,0.5384615384615384,2.082754815347609,26,6,19,-13,0.0363693912924839,0,0,0,0,0,0,0,0,0,-1,0,0,0,0,0
1fcj,C,146,PRO,-1.6,112.7,0.0,0,0,T,0.6691176470588235,-64.0,-23.4,2.0,28.0,0.06666666666666667,1.9389297921021036,27,14,19,-5,0.034970568550465285,0,0,0,0,0,1,0,0,0,-1,0,0,0,0,0
1fcj,C,147,ALA,1.8,88.6,0.0,0,0,H,0.018867924528301886,-64.6,-14.8,16.0,18.0,0.47058823529411764,2.5828065514769145,32,29,22,7,0.04289723075523742,1,0,0,0,0,0,0,0,0,-1,0,0,0,0,0
1fcj,C,148,ASN,-3.5,114.1,0.0,2,2,H,0.0,-70.1,-68.3,20.0,23.0,0.46511627906976744,3.10596999084688,42,29,16,13,0.05455408693872585,1,0,0,0,0,0,0,0,0,-1,0,0,0,0,0
1fcj,C,149,PRO,-1.6,112.7,0.0,0,0,H,0.029411764705882353,-61.9,-29.0,20.0,21.0,0.4878048780487805,2.6664889287568045,36,32,21,11,0.0526889899493677,1,0,0,0,0,0,0,0,0,-1,0,0,0,0,0
1fcj,C,150,GLU,-3.5,138.4,-1.0,1,3,H,0.28865979381443296,-56.5,-44.0,10.0,24.0,0.29411764705882354,1.925291930934817,28,31,16,15,0.04289723075523742,1,0,0,0,0,0,0,0,0,-1,0,0,0,0,0
1fcj,C,151,ILE,4.5,166.7,0.0,0,0,H,0.03550295857988166,-65.0,-31.5,18.0,20.0,0.47368421052631576,3.8034841546362097,37,34,30,4,0.050823892960009553,1,0,0,0,0,0,0,0,0,-1,0,0,0,0,0
1fcj,C,152,HIS,-3.2,153.2,0.1,2,1,I,0.016304347826086956,-73.6,-29.7,20.0,22.0,0.47619047619047616,3.873826349103574,43,34,28,6,0.05548663543340492,0,0,0,0,1,0,0,0,0,-1,0,0,0,0,0
1fcj,C,153,GLU,-3.5,138.4,-1.0,1,3,I,0.3247422680412371,-72.3,-30.6,14.0,18.0,0.4375,2.042022892643864,31,35,10,25,0.053621538444046775,0,0,0,0,1,0,0,0,0,-1,0,0,0,0,0
1fcj,C,154,LYS,-3.9,168.6,1.0,2,0,I,0.4585365853658537,-93.5,-17.5,14.0,23.0,0.3783783783783784,1.9617361099116266,28,22,31,-9,0.04149840801321881,0,0,0,0,1,0,0,0,0,-1,0,0,0,0,0
1fcj,C,155,THR,-0.7,116.1,0.0,1,1,I,0.1267605633802817,-130.2,-66.0,19.0,19.0,0.5,2.289392862974697,34,44,37,7,0.04662742473395372,0,0,0,0,1,0,0,0,0,-1,0,0,0,0,0
1fcj,C,156,THR,-0.7,116.1,0.0,1,1,I,0.007042253521126761,-50.4,-51.9,28.0,17.0,0.6222222222222222,4.935985761311969,40,45,35,10,0.05455408693872585,0,0,0,0,1,0,0,0,0,-1,0,0,0,0,0
1fcj,C,157,GLY,-0.4,60.1,0.0,0,0,H,0.0,-58.4,-58.0,20.0,20.0,0.5,4.987480166472702,39,40,38,2,0.05455408693872585,1,0,0,0,0,0,0,0,0,-1,0,0,0,0,0
1fcj,C,158,PRO,-1.6,112.7,0.0,0,0,H,0.11764705882352941,-53.0,-40.4,14.0,22.0,0.3888888888888889,2.6080790186965954,31,38,39,-1,0.045694876239274644,1,0,0,0,0,0,0,0,0,-1,0,0,0,0,0
1fcj,C,159,GLU,-3.5,138.4,-1.0,1,3,H,0.04639175257731959,-60.7,-44.5,20.0,18.0,0.5263157894736842,2.104438666186776,32,43,28,15,0.04429605349725603,1,0,0,0,0,0,0,0,0,52,3,33,0,1,1
1fcj,C,160,ILE,4.5,166.7,0.0,0,0,H,0.0,-63.6,-47.2,26.0,19.0,0.5777777777777777,5.779758979077946,45,23,34,-11,0.04709369898129325,1,0,0,0,0,0,0,0,0,-1,0,0,0,0,0
1fcj,C,161,TRP,-0.9,227.8,0.0,1,0,H,0.23788546255506607,-58.1,-50.4,19.0,20.0,0.48717948717948717,2.6852061747861926,28,21,30,-9,0.04989134446533048,1,0,0,0,0,0,0,0,0,12,280,26,0,75,1
1fcj,C,162,GLU,-3.5,138.4,-1.0,1,3,H,0.4639175257731959,-69.2,-40.8,12.0,15.0,0.4444444444444444,1.80343734069307,29,25,25,0,0.03776821403450251,1,0,0,0,0,0,0,0,0,53,5,20,0,1,1
1fcj,C,163,ASP,-3.5,111.1,-1.0,1,3,H,0.09202453987730061,-66.3,-30.6,19.0,8.0,0.7037037037037037,2.1873380775052906,27,23,26,-3,0.04196468226055834,1,0,0,0,0,0,0,0,0,53,5,20,0,1,1
1fcj,C,164,THR,-0.7,116.1,0.0,1,1,T,0.028169014084507043,-97.9,6.9,22.0,9.0,0.7096774193548387,2.657562104017438,27,12,35,-23,0.045694876239274644,0,0,0,0,0,1,0,0,0,53,5,20,0,1,1
1fcj,C,165,ASP,-3.5,111.1,-1.0,1,3,T,0.588957055214724,48.2,43.1,3.0,14.0,0.17647058823529413,1.8038962794195854,17,7,19,-12,0.032639197313767604,0,0,0,0,0,1,0,0,0,53,5,20,0,1,1
1fcj,C,166,GLY,-0.4,60.1,0.0,0,0,T,0.15476190476190477,73.1,2.9,4.0,23.0,0.14814814814814814,1.7623892863302726,25,17,30,-13,0.03450429430312575,0,0,0,0,0,1,0,0,0,53,5,20,0,1,1
1fcj,C,167,GLN,-3.5,143.8,0.0,2,2,-,0.5858585858585859,-84.4,30.5,11.0,15.0,0.4230769230769231,1.903725241630585,25,12,25,-13,0.03310547156110714,0,0,0,0,0,0,0,0,0,-1,0,0,0,0,0
1fcj,C,168,VAL,4.2,140.0,0.0,0,0,-,0.0,-94.3,120.6,30.0,9.0,0.7692307692307693,3.636824771522183,33,23,32,-9,0.048958795970651406,0,0,0,0,0,0,0,0,0,-1,0,0,0,0,0
1fcj,C,169,ASP,-3.5,111.1,-1.0,1,3,-,0.19631901840490798,-98.6,-31.2,9.0,23.0,0.28125,1.9557115387437878,27,26,8,18,0.04429605349725603,0,0,0,0,0,0,0,0,0,-1,0,0,0,0,0
1fcj,C,170,VAL,4.2,140.0,0.0,0,0,E,0.0,-136.9,141.8,21.0,23.0,0.4772727272727273,4.945181281865596,38,24,15,9,0.048026247475972325,0,0,1,0,0,0,0,0,0,-1,0,0,0,0,0
1fcj,C,171,PHE,2.8,189.9,0.0,0,0,E,0.0,-128.8,121.8,26.0,28.0,0.48148148148148145,6.566135805146698,43,12,9,3,0.04989134446533048,0,0,1,0,0,0,0,0,0,-1,0,0,0,0,0
1fcj,C,172,ILE,4.5,166.7,0.0,0,0,E,0.0,-113.3,125.8,26.0,23.0,0.5306122448979592,5.7565980856453836,46,9,3,6,0.050823892960009553,0,0,1,0,0,0,0,0,0,-1,0,0,0,0,0
1fcj,C,173,SER,-0.8,89.0,0.0,1,1,E,0.03076923076923077,-137.2,119.9,23.0,31.0,0.42592592592592593,2.7073222315813172,46,5,4,1,0.04755997322863279,0,0,1,0,0,0,0,0,0,-1,0,0,0,0,0
1fcj,C,174,GLY,-0.4,60.1,0.0,0,0,E,0.13095238095238096,-68.2,131.6,24.0,26.0,0.48,2.005020500911077,46,3,8,-5,0.04476232774459557,0,0,1,0,0,0,0,0,0,-1,0,0,0,0,0
1fcj,C,175,VAL,4.2,140.0,0.0,0,0,-,0.04225352112676056,-95.2,127.2,32.0,18.0,0.64,2.618448393423491,47,5,10,-5,0.04149840801321881,0,0,0,0,0,0,0,0,0,2,6706,14,0,1075,1
1fcj,C,176,GLY,-0.4,60.1,0.0,0,0,S,0.16666666666666666,-118.5,-82.3,18.0,24.0,0.42857142857142855,2.031731324031461,40,7,6,1,0.035436842797804825,0,0,0,0,0,0,1,0,0,2,6706,14,0,1075,1
1fcj,C,177,THR,-0.7,116.1,0.0,1,1,S,0.07042253521126761,-86.5,-20.7,19.0,20.0,0.48717948717948717,2.375707999994778,35,11,1,10,0.04709369898129325,0,0,0,0,0,0,1,0,0,-1,0,0,0,0,0
1fcj,C,178,GLY,-0.4,60.1,0.0,0,0,S,0.03571428571428571,87.9,-5.4,18.0,25.0,0.4186046511627907,2.1063853922082423,45,15,7,8,0.04755997322863279,0,0,0,0,0,0,1,0,0,-1,0,0,0,0,0
1fcj,C,179,GLY,-0.4,60.1,0.0,0,0,H,0.0,-62.7,-34.6,23.0,22.0,0.5111111111111111,2.3118556462010043,39,25,16,9,0.04989134446533048,1,0,0,0,0,0,0,0,0,-1,0,0,0,0,0
1fcj,C,180,THR,-0.7,116.1,0.0,1,1,H,0.1267605633802817,-68.6,-49.9,22.0,29.0,0.43137254901960786,2.459971514172223,43,29,14,15,0.04942507021799094,1,0,0,0,0,0,0,0,0,-1,0,0,0,0,0
1fcj,C,181,LEU,3.8,166.7,0.0,0,0,H,0.0,-58.1,-50.9,25.0,24.0,0.5102040816326531,3.6349544600745194,41,27,11,16,0.053621538444046775,1,0,0,0,0,0,0,0,0,-1,0,0,0,0,0
1fcj,C,182,THR,-0.7,116.1,0.0,1,1,H,0.007042253521126761,-60.5,-52.6,20.0,25.0,0.4444444444444444,3.4898503881325715,35,32,22,10,0.053621538444046775,1,0,0,0,0,0,0,0,0,-1,0,0,0,0,0
1fcj,C,183,GLY,-0.4,60.1,0.0,0,0,H,0.0,-66.0,-42.6,21.0,18.0,0.5384615384615384,4.571491296765402,37,33,21,12,0.05502036118606539,1,0,0,0,0,0,0,0,0,-1,0,0,0,0,0
1fcj,C,184,VAL,4.2,140.0,0.0,0,0,H,0.0,-64.5,-43.0,22.0,23.0,0.4888888888888889,6.554419765246835,42,41,17,24,0.05688545817542354,1,0,0,0,0,0,0,0,0,-1,0,0,0,0,0
1fcj,C,185,THR,-0.7,116.1,0.0,1,1,H,0.0,-64.7,-42.4,23.0,25.0,0.4791666666666667,3.4261828465540973,42,38,23,15,0.04662742473395372,1,0,0,0,0,0,0,0,0,-1,0,0,0,0,0
1fcj,C,186,ARG,-4.5,173.4,1.0,5,0,I,0.3951612903225806,-58.9,-37.2,15.0,20.0,0.42857142857142855,1.91534324685423,31,22,23,-1,0.04103213376587927,0,0,0,0,1,0,0,0,0,-1,0,0,0,0,0
1fcj,C,187,TYR,-1.3,193.6,0.0,1,1,I,0.14414414414414414,-71.0,-49.1,20.0,14.0,0.5882352941176471,2.936242197492655,32,39,23,16,0.04662742473395372,0,0,0,0,1,0,0,0,0,12,280,26,0,75,1
1fcj,C,188,ILE,4.5,166.7,0.0,0,0,I,0.0,-75.0,-48.7,25.0,13.0,0.6578947368421053,5.458364725953552,37,35,20,15,0.05175644145468863,0,0,0,0,1,0,0,0,0,12,280,26,0,75,1
1fcj,C,189,LYS,-3.9,168.6,1.0,2,0,I,0.16585365853658537,-75.1,-40.9,17.0,14.0,0.5483870967741935,2.2264342539018704,26,25,16,9,0.04196468226055834,0,0,0,0,1,0,0,0,0,22,43,17,0,7,1
1fcj,C,190,GLY,-0.4,60.1,0.0,0,0,I,0.5952380952380952,-81.2,-80.1,10.0,9.0,0.5263157894736842,1.7096746946776704,18,33,7,26,0.03124037457174899,0,0,0,0,1,0,0,0,0,12,280,26,0,75,1
1fcj,C,191,THR,-0.7,116.1,0.0,1,1,I,0.5985915492957746,-51.5,-41.3,14.0,6.0,0.7,1.8524080615061604,20,35,8,27,0.026577632098353617,0,0,0,0,1,0,0,0,0,12,280,26,0,75,1
1fcj,C,192,LYS,-3.9,168.6,1.0,2,0,T,0.3853658536585366,-94.9,-1.8,20.0,6.0,0.7692307692307693,2.0821319585083358,24,22,6,16,0.032172923066428064,0,0,0,0,0,1,0,0,0,12,280,26,0,75,1
1fcj,C,193,GLY,-0.4,60.1,0.0,0,0,-,0.5476190476190477,62.5,18.6,0.0,14.0,0.0,1.7096049388412822,15,30,8,22,0.027043906345693154,0,0,0,0,0,0,0,0,0,12,280,26,0,75,1
1fcj,C,194,LYS,-3.9,168.6,1.0,2,0,-,0.1902439024390244,-86.8,75.4,16.0,6.0,0.7272727272727273,2.1873429010863163,26,20,19,1,0.035436842797804825,0,0,0,0,0,0,0,0,0,12,280,26,0,75,1
1fcj,C,195,THR,-0.7,116.1,0.0,1,1,T,0.8098591549295775,-65.9,-15.6,0.0,20.0,0.0,1.7767006581501545,19,24,13,11,0.027043906345693154,0,0,0,0,0,1,0,0,0,12,280,26,0,75,1
1fcj,C,196,ASP,-3.5,111.1,-1.0,1,3,T,0.6625766871165644,-90.9,9.3,4.0,17.0,0.19047619047619047,1.6721220917752186,16,24,12,12,0.025645083603674543,0,0,0,0,0,1,0,0,0,-1,0,0,0,0,0
1fcj,C,197,LEU,3.8,166.7,0.0,0,0,-,0.012195121951219513,-64.4,137.8,22.0,10.0,0.6875,3.3329194616135878,34,30,23,7,0.043829779249916496,0,0,0,0,0,0,0,0,0,-1,0,0,0,0,0
1fcj,C,198,ILE,4.5,166.7,0.0,0,0,E,0.20710059171597633,-100.9,114.5,15.0,17.0,0.46875,2.579599306762818,28,29,24,5,0.04196468226055834,0,0,1,0,0,0,0,0,0,-1,0,0,0,0,0
1fcj,C,199,THR,-0.7,116.1,0.0,1,1,E,0.0,-96.7,123.4,19.0,23.0,0.4523809523809524,4.576808563451098,39,21,17,4,0.04942507021799094,0,0,1,0,0,0,0,0,0,22,43,17,0,7,1
1fcj,C,200,VAL,4.2,140.0,0.0,0,0,E,0.0,-113.6,122.7,19.0,21.0,0.475,5.456136282014498,37,11,13,-2,0.05175644145468863,0,0,1,0,0,0,0,0,0,30,24,12,0,4,1
1fcj,C,201,ALA,1.8,88.6,0.0,0,0,E,0.0,-93.4,136.6,25.0,22.0,0.5319148936170213,5.450303592552997,39,9,17,-8,0.048026247475972325,0,0,1,0,0,0,0,0,0,-1,0,0,0,0,0
1fcj,C,202,VAL,4.2,140.0,0.0,0,0,E,0.0,-112.8,139.4,25.0,23.0,0.5208333333333334,5.757030069447346,45,8,9,-1,0.04942507021799094,0,0,1,0,0,0,0,0,0,-1,0,0,0,0,0
1fcj,C,203,GLU,-3.5,138.4,-1.0,1,3,E,0.015463917525773196,-149.4,164.6,23.0,28.0,0.45098039215686275,3.173695111904438,39,8,7,1,0.05548663543340492,0,0,1,0,0,0,0,0,0,-1,0,0,0,0,0
1fcj,C,204,PRO,-1.6,112.7,0.0,0,0,E,0.0,-71.9,138.8,21.0,22.0,0.4883720930232558,4.251747504869921,39,17,19,-2,0.05129016720734909,0,0,1,0,0,0,0,0,0,2,6706,14,0,1075,1
1fcj,C,205,THR,-0.7,116.1,0.0,1,1,T,0.3591549295774648,-60.2,-31.1,8.0,23.0,0.25806451612903225,1.9556470012170286,29,14,27,-13,0.03403802005578621,0,0,0,0,0,1,0,0,0,-1,0,0,0,0,0
1fcj,C,206,ASP,-3.5,111.1,-1.0,1,3,T,0.50920245398773,-81.5,-0.1,9.0,17.0,0.34615384615384615,1.7384399922468516,20,19,12,7,0.035436842797804825,0,0,0,0,0,1,0,0,0,-1,0,0,0,0,0
1fcj,C,207,SER,-0.8,89.0,0.0,1,1,S,0.007692307692307693,-155.5,60.3,17.0,16.0,0.5151515151515151,2.7661591169947886,31,17,18,-1,0.043363505002576956,0,0,0,0,0,0,1,0,0,2,6706,14,0,1075,1
1fcj,C,208,PRO,-1.6,112.7,0.0,0,0,-,0.25,-78.8,53.3,12.0,23.0,0.34285714285714286,2.456896286369745,30,14,26,-12,0.04149840801321881,0,0,0,0,0,0,0,0,0,-1,0,0,0,0,0
1fcj,C,209,VAL,4.2,140.0,0.0,0,0,H,0.028169014084507043,-65.6,-25.2,16.0,20.0,0.4444444444444444,4.416452190351197,35,11,27,-16,0.045228601991935104,1,0,0,0,0,0,0,0,0,2,6706,14,0,1075,1
1fcj,C,210,ILE,4.5,166.7,0.0,0,0,H,0.03550295857988166,-74.8,-41.4,25.0,18.0,0.5813953488372093,4.647300848424539,39,6,15,-9,0.043363505002576956,1,0,0,0,0,0,0,0,0,61,4,5,0,0,1
1fcj,C,211,ALA,1.8,88.6,0.0,0,0,H,0.3867924528301887,-66.3,-38.3,15.0,19.0,0.4411764705882353,2.0374088064284623,26,7,22,-15,0.03730193978716297,1,0,0,0,0,0,0,0,0,61,4,5,0,0,1
1fcj,C,212,GLN,-3.5,143.8,0.0,2,2,H,0.09090909090909091,-63.3,-52.8,15.0,10.0,0.6,2.4745736480558214,24,9,25,-16,0.04103213376587927,1,0,0,0,0,0,0,0,0,61,4,5,0,0,1
1fcj,C,213,ALA,1.8,88.6,0.0,0,0,H,0.24528301886792453,-54.5,-50.6,15.0,9.0,0.625,2.0657436119159645,20,4,18,-14,0.03776821403450251,1,0,0,0,0,0,0,0,0,61,4,5,0,0,1
1fcj,C,214,LEU,3.8,166.7,0.0,0,0,H,0.5060975609756098,-63.4,-27.4,12.0,9.0,0.5714285714285714,1.9832298823545567,22,10,18,-8,0.029375277582390842,1,0,0,0,0,0,0,0,0,61,4,5,0,0,1
1fcj,C,215,ALA,1.8,88.6,0.0,0,0,H,0.5754716981132075,-88.1,-0.0,10.0,4.0,0.7142857142857143,1.7905992228031944,15,1,15,-14,0.02144861537761871,1,0,0,0,0,0,0,0,0,61,4,5,0,0,1
1fcj,C,216,GLY,-0.4,60.1,0.0,0,0,T,0.8333333333333334,73.9,17.1,0.0,12.0,0.0,1.7095492666033492,13,2,16,-14,0.020516066882939634,0,0,0,0,0,1,0,0,0,61,4,5,0,0,1
1fcj,C,217,GLU,-3.5,138.4,-1.0,1,3,-,0.5773195876288659,-91.3,168.6,10.0,3.0,0.7692307692307693,1.7491327670445243,12,9,9,0,0.027043906345693154,0,0,0,0,0,0,0,0,0,61,4,5,0,0,1
1fcj,C,218,GLU,-3.5,138.4,-1.0,1,3,-,0.7371134020618557,-72.1,144.8,1.0,16.0,0.058823529411764705,1.9757256127105813,11,9,9,0,0.025645083603674543,0,0,0,0,0,0,0,0,0,61,4,5,0,0,1
1fcj,C,219,ILE,4.5,166.7,0.0,0,0,-,0.40236686390532544,-77.9,114.7,7.0,12.0,0.3684210526315789,1.974853509904408,20,9,18,-9,0.03357174580844668,0,0,0,0,0,0,0,0,0,-1,0,0,0,0,0
1fcj,C,220,LYS,-3.9,168.6,1.0,2,0,-,0.45365853658536587,-132.9,91.0,4.0,17.0,0.19047619047619047,2.030479518480959,17,0,21,-21,0.030307826077069916,0,0,0,0,0,0,0,0,0,-1,0,0,0,0,0
1fcj,C,221,PRO,-1.6,112.7,0.0,0,0,-,0.5441176470588235,-71.5,170.7,6.0,17.0,0.2608695652173913,1.975737720247319,21,18,14,4,0.032639197313767604,0,0,0,0,0,0,0,0,0,-1,0,0,0,0,0
1fcj,C,222,GLY,-0.4,60.1,0.0,0,0,-,0.30952380952380953,-154.4,164.3,8.0,10.0,0.4444444444444444,1.7266862460223757,22,19,9,10,0.026577632098353617,0,0,0,0,0,0,0,0,0,-1,0,0,0,0,0
1fcj,C,223,PRO,-1.6,112.7,0.0,0,0,-,0.9117647058823529,-74.8,144.4,0.0,20.0,0.0,1.8339057444617504,17,22,8,14,0.02144861537761871,0,0,0,0,0,0,0,0,0,-1,0,0,0,0,0
1fcj,C,224,HIS,-3.2,153.2,0.1,2,1,-,0.2717391304347826,-151.6,172.2,25.0,2.0,0.9259259259259259,1.918193328748148,26,9,15,-6,0.03357174580844668,0,0,0,0,0,0,0,0,0,2,6706,14,0,1075,1
1fcj,C,225,LYS,-3.9,168.6,1.0,2,0,S,0.6048780487804878,-105.4,0.9,11.0,15.0,0.4230769230769231,1.9371090022591817,19,10,16,-6,0.029375277582390842,0,0,0,0,0,0,1,0,0,-1,0,0,0,0,0
1fcj,C,226,ILE,4.5,166.7,0.0,0,0,-,0.0,-84.5,76.5,31.0,9.0,0.775,3.2510770823625132,35,19,21,-2,0.04289723075523742,0,0,0,0,0,0,0,0,0,-1,0,0,0,0,0
1fcj,C,227,GLN,-3.5,143.8,0.0,2,2,T,0.6161616161616161,-48.0,133.1,10.0,20.0,0.3333333333333333,1.752967828898722,25,25,8,17,0.02984155182973038,0,0,0,0,0,1,0,0,0,11,390,18,0,79,1
1fcj,C,228,GLY,-0.4,60.1,0.0,0,0,T,0.5833333333333334,104.2,-30.0,22.0,16.0,0.5789473684210527,1.7095865995369735,34,18,3,15,0.030774100324409453,0,0,0,0,0,1,0,0,0,-1,0,0,0,0,0
1fcj,C,229,ILE,4.5,166.7,0.0,0,0,S,0.05917159763313609,-122.4,173.0,31.0,17.0,0.6458333333333334,2.614170637309841,38,17,8,9,0.034970568550465285,0,0,0,0,0,0,1,0,0,2,6706,14,0,1075,1
1fcj,C,230,GLY,-0.4,60.1,0.0,0,0,-,0.16666666666666666,66.8,66.4,22.0,17.0,0.5641025641025641,1.9899637307077045,34,15,14,1,0.045694876239274644,0,0,0,0,0,0,0,0,0,2,6706,14,0,1075,1
1fcj,C,231,ALA,1.8,88.6,0.0,0,0,-,0.41509433962264153,-75.6,-9.1,14.0,21.0,0.4,1.7830320536164368,31,12,5,7,0.032639197313767604,0,0,0,0,0,0,0,0,0,2,6706,14,0,1075,1
1fcj,C,232,GLY,-0.4,60.1,0.0,0,0,S,0.14285714285714285,89.8,2.7,7.0,23.0,0.23333333333333334,1.7833938848928712,27,16,9,7,0.035436842797804825,0,0,0,0,0,0,1,0,0,2,6706,14,0,1075,1
1fcj,C,233,PHE,2.8,189.9,0.0,0,0,S,0.467005076142132,-154.3,176.1,4.0,24.0,0.14285714285714285,2.138832870303928,26,4,1,3,0.03170664881908853,0,0,0,0,0,0,1,0,0,2,6706,14,0,1075,1
1fcj,C,234,ILE,4.5,166.7,0.0,0,0,-,0.30177514792899407,-96.1,110.9,11.0,20.0,0.3548387096774194,2.0974612387315754,26,0,6,-6,0.03590311704514436,0,0,0,0,0,0,0,0,0,-1,0,0,0,0,0
1fcj,C,235,PRO,-1.6,112.7,0.0,0,0,-,0.03676470588235294,-69.1,150.8,22.0,8.0,0.7333333333333333,2.6392366118282906,27,0,5,-5,0.03730193978716297,0,0,0,0,0,0,0,0,0,-1,0,0,0,0,0
1fcj,C,236,GLY,-0.4,60.1,0.0,0,0,T,0.7857142857142857,-61.7,-26.2,8.0,15.0,0.34782608695652173,1.7096122850616542,23,5,8,-3,0.027510180593032695,0,0,0,0,0,1,0,0,0,-1,0,0,0,0,0
1fcj,C,237,ASN,-3.5,114.1,0.0,2,2,T,0.05732484076433121,-84.7,6.3,21.0,10.0,0.6774193548387096,2.231849746081334,32,9,11,-2,0.04662742473395372,0,0,0,0,0,1,0,0,0,-1,0,0,0,0,0
1fcj,C,238,LEU,3.8,166.7,0.0,0,0,-,0.04878048780487805,-107.0,113.9,18.0,20.0,0.47368421052631576,3.127801744936948,35,11,9,2,0.04662742473395372,0,0,0,0,0,0,0,0,0,-1,0,0,0,0,0
1fcj,C,239,ASP,-3.5,111.1,-1.0,1,3,-,0.20245398773006135,-93.7,97.4,13.0,17.0,0.43333333333333335,2.0700499475574805,25,20,1,19,0.03730193978716297,0,0,0,0,0,0,0,0,0,28,24,19,0,5,1
1fcj,C,240,LEU,3.8,166.7,0.0,0,0,G,0.27439024390243905,-51.6,-28.3,12.0,18.0,0.4,2.0044714966477284,27,13,11,2,0.03450429430312575,0,0,0,1,0,0,0,0,0,28,24,19,0,5,1
1fcj,C,241,LYS,-3.9,168.6,1.0,2,0,G,0.8878048780487805,-66.1,-22.2,2.0,18.0,0.1,1.9228389633205356,13,8,11,-3,0.022847438119637322,0,0,0,1,0,0,0,0,0,28,24,19,0,5,1
1fcj,C,242,LEU,3.8,166.7,0.0,0,0,G,0.18902439024390244,-86.0,-6.7,20.0,12.0,0.625,2.2716070834547892,28,31,16,15,0.03776821403450251,0,0,0,1,0,0,0,0,0,22,43,17,0,7,1
1fcj,C,243,ILE,4.5,166.7,0.0,0,0,-,0.10059171597633136,-85.8,122.9,18.0,17.0,0.5142857142857142,2.6537052462616266,27,18,16,2,0.04196468226055834,0,0,0,0,0,0,0,0,0,22,43,17,0,7,1
1fcj,C,244,ASP,-3.5,111.1,-1.0,1,3,S,0.5398773006134969,-95.5,-27.2,12.0,15.0,0.4444444444444444,1.797360417353261,24,19,6,13,0.032172923066428064,0,0,0,0,0,0,1,0,0,30,24,12,0,4,1
1fcj,C,245,LYS,-3.9,168.6,1.0,2,0,E,0.4146341463414634,-156.2,148.0,12.0,17.0,0.41379310344827586,2.2039275640176417,28,4,12,-8,0.032639197313767604,0,0,1,0,0,0,0,0,0,30,24,12,0,4,1
1fcj,C,246,VAL,4.2,140.0,0.0,0,0,E,0.2605633802816901,-122.3,129.8,15.0,21.0,0.4166666666666667,1.9239705427791631,31,9,15,-6,0.03916703677652112,0,0,1,0,0,0,0,0,0,30,24,12,0,4,1
1fcj,C,247,VAL,4.2,140.0,0.0,0,0,E,0.1056338028169014,-116.5,126.1,18.0,17.0,0.5142857142857142,2.2903502991279256,36,18,14,4,0.0363693912924839,0,0,1,0,0,0,0,0,0,30,24,12,0,4,1
1fcj,C,248,GLY,-0.4,60.1,0.0,0,0,E,0.34523809523809523,-94.3,134.6,10.0,28.0,0.2631578947368421,1.797056093051077,31,13,23,-10,0.03870076252918159,0,0,1,0,0,0,0,0,0,-1,0,0,0,0,0
1fcj,C,249,ILE,4.5,166.7,0.0,0,0,E,0.0,-122.6,143.6,29.0,11.0,0.725,3.4108839894609377,37,13,32,-19,0.045228601991935104,0,0,1,0,0,0,0,0,0,-1,0,0,0,0,0
1fcj,C,250,THR,-0.7,116.1,0.0,1,1,-,0.2746478873239437,-86.8,161.6,4.0,26.0,0.13333333333333333,2.340329575492342,27,17,29,-12,0.03683566553982344,0,0,0,0,0,0,0,0,0,-1,0,0,0,0,0
1fcj,C,251,ASN,-3.5,114.1,0.0,2,2,H,0.06369426751592357,-59.7,-38.4,7.0,22.0,0.2413793103448276,2.3429752139935554,25,19,28,-9,0.04289723075523742,1,0,0,0,0,0,0,0,0,-1,0,0,0,0,0
1fcj,C,252,GLU,-3.5,138.4,-1.0,1,3,H,0.6597938144329897,-67.4,-40.0,0.0,22.0,0.0,1.791411927776065,17,16,12,4,0.028909003335051305,1,0,0,0,0,0,0,0,0,-1,0,0,0,0,0
1fcj,C,253,GLU,-3.5,138.4,-1.0,1,3,H,0.28350515463917525,-65.8,-41.1,14.0,15.0,0.4827586206896552,1.8897602904896322,28,8,11,-3,0.03776821403450251,1,0,0,0,0,0,0,0,0,-1,0,0,0,0,0
1fcj,C,254,ALA,1.8,88.6,0.0,0,0,H,0.0,-60.3,-53.1,23.0,17.0,0.575,4.1387798604452275,35,24,20,4,0.05129016720734909,1,0,0,0,0,0,0,0,0,-1,0,0,0,0,0
1fcj,C,255,ILE,4.5,166.7,0.0,0,0,H,0.26627218934911245,-62.1,-48.0,6.0,24.0,0.2,2.1825577651370525,24,26,17,9,0.03823448828184205,1,0,0,0,0,0,0,0,0,-1,0,0,0,0,0
1fcj,C,256,SER,-0.8,89.0,0.0,1,1,H,0.4461538461538462,-63.5,-36.4,7.0,20.0,0.25925925925925924,1.814822210202269,25,22,22,0,0.03170664881908853,1,0,0,0,0,0,0,0,0,-1,0,0,0,0,0
1fcj,C,257,THR,-0.7,116.1,0.0,1,1,H,0.06338028169014084,-71.7,-36.2,22.0,15.0,0.5945945945945946,2.7680125058849283,35,21,24,-3,0.043829779249916496,1,0,0,0,0,0,0,0,0,-1,0,0,0,0,0
1fcj,C,258,ALA,1.8,88.6,0.0,0,0,H,0.11320754716981132,-61.3,-39.2,20.0,16.0,0.5555555555555556,2.2666481503255875,35,24,22,2,0.048026247475972325,1,0,0,0,0,0,0,0,0,-1,0,0,0,0,0
1fcj,C,259,ARG,-4.5,173.4,1.0,5,0,H,0.7056451612903226,-65.6,-39.4,6.0,27.0,0.18181818181818182,1.8354544070903032,22,10,18,-8,0.0363693912924839,1,0,0,0,0,0,0,0,0,33,24,16,0,4,1
1fcj,C,260,ARG,-4.5,173.4,1.0,5,0,H,0.3185483870967742,-60.8,-40.7,15.0,17.0,0.46875,2.1413128987146277,26,16,29,-13,0.040099585271200194,1,0,0,0,0,0,0,0,0,-1,0,0,0,0,0
1fcj,C,261,LEU,3.8,166.7,0.0,0,0,H,0.0,-56.2,-41.7,26.0,17.0,0.6046511627906976,4.480319566990061,43,27,27,0,0.04989134446533048,1,0,0,0,0,0,0,0,0,-1,0,0,0,0,0
1fcj,C,262,MET,1.9,162.9,0.0,0,0,H,0.10106382978723404,-75.4,-46.2,17.0,22.0,0.4358974358974359,2.520501422386111,33,17,26,-9,0.04709369898129325,1,0,0,0,0,0,0,0,0,26,21,21,0,5,1
1fcj,C,263,GLU,-3.5,138.4,-1.0,1,3,H,0.7628865979381443,-70.5,-37.2,8.0,25.0,0.24242424242424243,1.7722854407998403,25,27,18,9,0.03590311704514436,1,0,0,0,0,0,0,0,0,33,24,16,0,4,1
1fcj,C,264,GLU,-3.5,138.4,-1.0,1,3,H,0.25773195876288657,-97.2,-20.8,11.0,21.0,0.34375,1.9861279785843289,24,29,18,11,0.04103213376587927,1,0,0,0,0,0,0,0,0,33,24,16,0,4,1
1fcj,C,265,GLU,-3.5,138.4,-1.0,1,3,H,0.030927835051546393,-125.4,-5.6,23.0,16.0,0.5897435897435898,4.701935133389196,37,37,27,10,0.053621538444046775,1,0,0,0,0,0,0,0,0,-1,0,0,0,0,0
1fcj,C,266,GLY,-0.4,60.1,0.0,0,0,-,0.0,66.0,31.5,26.0,19.0,0.5777777777777777,5.499480072889805,40,23,29,-6,0.048492521723311866,0,0,0,0,0,0,0,0,0,-1,0,0,0,0,0
1fcj,C,267,ILE,4.5,166.7,0.0,0,0,-,0.01775147928994083,-114.0,117.2,30.0,22.0,0.5769230769230769,5.263389116760809,45,23,26,-3,0.045228601991935104,0,0,0,0,0,0,0,0,0,26,21,21,0,5,1
1fcj,C,268,LEU,3.8,166.7,0.0,0,0,-,0.24390243902439024,-80.7,101.7,21.0,25.0,0.45652173913043476,2.612405567396851,35,23,10,13,0.040565859518539735,0,0,0,0,0,0,0,0,0,26,21,21,0,5,1
1fcj,C,269,ALA,1.8,88.6,0.0,0,0,-,0.14150943396226415,-116.3,146.4,28.0,15.0,0.6511627906976745,2.156111470433731,40,18,10,8,0.045694876239274644,0,0,0,0,0,0,0,0,0,26,21,21,0,5,1
1fcj,C,270,GLY,-0.4,60.1,0.0,0,0,-,0.011904761904761904,-77.5,171.1,21.0,19.0,0.525,2.3539991811098036,38,15,8,7,0.040565859518539735,0,0,0,0,0,0,0,0,0,-1,0,0,0,0,0
1fcj,C,271,ILE,4.5,166.7,0.0,0,0,H,0.2485207100591716,-58.8,-39.8,16.0,24.0,0.4,2.4333572932270875,35,25,14,11,0.04476232774459557,1,0,0,0,0,0,0,0,0,-1,0,0,0,0,0
1fcj,C,272,SER,-0.8,89.0,0.0,1,1,H,0.046153846153846156,-67.7,-26.2,23.0,28.0,0.45098039215686275,2.619510190791588,45,6,7,-1,0.04616115048661418,1,0,0,0,0,0,0,0,0,-1,0,0,0,0,0
1fcj,C,273,SER,-0.8,89.0,0.0,1,1,H,0.0,-70.9,-39.9,23.0,28.0,0.45098039215686275,4.493713673487201,44,6,7,-1,0.04989134446533048,1,0,0,0,0,0,0,0,0,-1,0,0,0,0,0
1fcj,C,274,GLY,-0.4,60.1,0.0,0,0,H,0.0,-63.6,-41.4,25.0,25.0,0.5,5.2164445862270705,43,13,12,1,0.04989134446533048,1,0,0,0,0,0,0,0,0,-1,0,0,0,0,0
1fcj,C,275,ALA,1.8,88.6,0.0,0,0,H,0.0,-61.3,-45.0,26.0,24.0,0.52,5.926234190529061,44,9,18,-9,0.05408781269138631,1,0,0,0,0,0,0,0,0,-1,0,0,0,0,0
1fcj,C,276,ALA,1.8,88.6,0.0,0,0,H,0.0,-64.2,-41.4,28.0,26.0,0.5185185185185185,5.6419009375693365,47,7,9,-2,0.0526889899493677,1,0,0,0,0,0,0,0,0,-1,0,0,0,0,0
1fcj,C,277,VAL,4.2,140.0,0.0,0,0,H,0.0,-70.2,-31.1,26.0,26.0,0.5,5.329828394965269,45,19,7,12,0.04616115048661418,1,0,0,0,0,0,0,0,0,-1,0,0,0,0,0
1fcj,C,278,ALA,1.8,88.6,0.0,0,0,H,0.04716981132075472,-64.9,-33.3,23.0,19.0,0.5476190476190477,2.185728048971861,41,15,18,-3,0.043829779249916496,1,0,0,0,0,0,0,0,0,-1,0,0,0,0,0
1fcj,C,279,ALA,1.8,88.6,0.0,0,0,H,0.0,-67.7,-40.2,26.0,19.0,0.5777777777777777,3.9877183917001147,38,16,18,-2,0.045694876239274644,1,0,0,0,0,0,0,0,0,-1,0,0,0,0,0
1fcj,C,280,ALA,1.8,88.6,0.0,0,0,H,0.0,-59.5,-43.2,27.0,22.0,0.5510204081632653,4.700865027532002,40,18,11,7,0.048492521723311866,1,0,0,0,0,0,0,0,0,5,2378,10,0,246,1
1fcj,C,281,LEU,3.8,166.7,0.0,0,0,H,0.23170731707317074,-63.5,-41.8,13.0,20.0,0.3939393939393939,2.1127575509807675,30,19,18,1,0.03870076252918159,1,0,0,0,0,0,0,0,0,-1,0,0,0,0,0
1fcj,C,282,LYS,-3.9,168.6,1.0,2,0,H,0.35609756097560974,-60.1,-47.3,17.0,15.0,0.53125,1.8922443584369566,27,4,24,-20,0.03170664881908853,1,0,0,0,0,0,0,0,0,-1,0,0,0,0,0
1fcj,C,283,LEU,3.8,166.7,0.0,0,0,H,0.036585365853658534,-58.9,-38.5,27.0,9.0,0.75,2.637935812809834,32,25,21,4,0.04103213376587927,1,0,0,0,0,0,0,0,0,30,24,12,0,4,1
1fcj,C,284,GLN,-3.5,143.8,0.0,2,2,T,0.14646464646464646,-68.0,-3.8,16.0,8.0,0.6666666666666666,2.299268167076142,26,21,22,-1,0.04243095650789788,0,0,0,0,0,1,0,0,0,5,2378,10,0,246,1
1fcj,C,285,GLU,-3.5,138.4,-1.0,1,3,T,0.8298969072164949,-83.1,-14.3,5.0,10.0,0.3333333333333333,1.7466346769335082,14,9,14,-5,0.027510180593032695,0,0,0,0,0,1,0,0,0,-1,0,0,0,0,0
1fcj,C,286,ASP,-3.5,111.1,-1.0,1,3,S,0.39263803680981596,-97.2,118.0,8.0,5.0,0.6153846153846154,1.8166249874203277,18,14,18,-4,0.02984155182973038,0,0,0,0,0,0,1,0,0,59,24,1,0,0,1
1fcj,C,287,GLU,-3.5,138.4,-1.0,1,3,G,0.8762886597938144,-51.4,-24.1,0.0,12.0,0.0,1.708574666289647,10,3,13,-10,0.02471253510899547,0,0,0,1,0,0,0,0,0,59,24,1,0,0,1
1fcj,C,288,SER,-0.8,89.0,0.0,1,1,G,0.5384615384615384,-72.0,-16.6,3.0,11.0,0.21428571428571427,1.8116128550940784,16,14,23,-9,0.027043906345693154,0,0,0,1,0,0,0,0,0,59,24,1,0,0,1
1fcj,C,289,PHE,2.8,189.9,0.0,0,0,G,0.03553299492385787,-100.6,-7.9,17.0,7.0,0.7083333333333334,2.6618526387075936,27,22,30,-8,0.040565859518539735,0,0,0,1,0,0,0,0,0,30,24,12,0,4,1
1fcj,C,290,THR,-0.7,116.1,0.0,1,1,T,0.36619718309859156,-47.3,-37.1,4.0,17.0,0.19047619047619047,1.9151018840139966,21,21,23,-2,0.03730193978716297,0,0,0,0,0,1,0,0,0,5,2378,10,0,246,1
1fcj,C,291,ASN,-3.5,114.1,0.0,2,2,T,0.732484076433121,-115.2,20.6,0.0,20.0,0.0,1.758742214440009,15,20,13,7,0.02844272908771177,0,0,0,0,0,1,0,0,0,-1,0,0,0,0,0
1fcj,C,292,LYS,-3.9,168.6,1.0,2,0,-,0.3024390243902439,-93.2,143.0,17.0,9.0,0.6538461538461539,2.4730027321057486,24,13,21,-8,0.040565859518539735,0,0,0,0,0,0,0,0,0,5,2378,10,0,246,1
1fcj,C,293,ASN,-3.5,114.1,0.0,2,2,-,0.17834394904458598,-85.6,121.2,15.0,20.0,0.42857142857142855,2.777226988433824,27,30,8,22,0.04429605349725603,0,0,0,0,0,0,0,0,0,-1,0,0,0,0,0
1fcj,C,294,ILE,4.5,166.7,0.0,0,0,E,0.0,-106.1,120.3,22.0,20.0,0.5238095238095238,6.376833027851942,40,23,8,15,0.050823892960009553,0,0,1,0,0,0,0,0,0,5,2378,10,0,246,1
1fcj,C,295,VAL,4.2,140.0,0.0,0,0,E,0.0,-98.2,127.2,24.0,22.0,0.5217391304347826,7.120132860262587,43,19,11,8,0.05222271570202816,0,0,1,0,0,0,0,0,0,-1,0,0,0,0,0
1fcj,C,296,VAL,4.2,140.0,0.0,0,0,E,0.0,-124.1,130.8,23.0,25.0,0.4791666666666667,6.266398289777238,43,12,4,8,0.05129016720734909,0,0,1,0,0,0,0,0,0,-1,0,0,0,0,0
1fcj,C,297,ILE,4.5,166.7,0.0,0,0,E,0.011834319526627219,-81.3,131.5,22.0,28.0,0.44,3.012079966238177,40,18,9,9,0.05035761871267001,0,0,1,0,0,0,0,0,0,-1,0,0,0,0,0
1fcj,C,298,LEU,3.8,166.7,0.0,0,0,E,0.024390243902439025,-108.6,95.6,26.0,26.0,0.5,5.649291778367829,43,16,9,7,0.04989134446533048,0,0,1,0,0,0,0,0,0,-1,0,0,0,0,0
1fcj,C,299,PRO,-1.6,112.7,0.0,0,0,-,0.1323529411764706,-54.6,-37.5,24.0,24.0,0.5,2.7508753449838754,45,21,9,12,0.04616115048661418,0,0,0,0,0,0,0,0,0,-1,0,0,0,0,0
1fcj,C,300,SER,-0.8,89.0,0.0,1,1,B,0.06923076923076923,-156.4,172.6,21.0,21.0,0.5,2.5518816870519925,33,18,17,1,0.04662742473395372,0,1,0,0,0,0,0,0,0,-1,0,0,0,0,0
1fcj,C,301,SER,-0.8,89.0,0.0,1,1,-,0.1076923076923077,-81.1,-9.9,13.0,25.0,0.34210526315789475,2.0179264649789284,29,19,13,6,0.04196468226055834,0,0,0,0,0,0,0,0,0,26,21,21,0,5,1
1fcj,C,302,GLY,-0.4,60.1,0.0,0,0,-,0.20238095238095238,119.3,-92.2,15.0,18.0,0.45454545454545453,1.7096271656281934,28,14,11,3,0.03590311704514436,0,0,0,0,0,0,0,0,0,26,21,21,0,5,1
1fcj,C,303,GLU,-3.5,138.4,-1.0,1,3,-,0.5721649484536082,167.5,-24.8,10.0,13.0,0.43478260869565216,1.7085332467213274,20,20,5,15,0.02471253510899547,0,0,0,0,0,0,0,0,0,11,390,18,0,79,1
1fcj,C,304,ARG,-4.5,173.4,1.0,5,0,-,0.8185483870967742,131.7,360.0,4.0,19.0,0.17391304347826086,1.8206783334528283,15,0,12,-12,0.02144861537761871,0,0,0,0,0,0,0,0,0,11,390,18,0,79,1
1fcj,D,1,SER,-0.8,89.0,0.0,1,1,-,0.7846153846153846,360.0,166.1,10.0,7.0,0.5882352941176471,1.739534125626309,16,10,26,-16,0.02471253510899547,0,0,0,0,0,0,0,0,0,65,5,1,0,0,1
1fcj,D,2,LYS,-3.9,168.6,1.0,2,0,-,0.375609756097561,-141.6,75.8,11.0,13.0,0.4583333333333333,2.0649720947117376,22,12,32,-20,0.029375277582390842,0,0,0,0,0,0,0,0,0,65,5,1,0,0,1
1fcj,D,3,ILE,4.5,166.7,0.0,0,0,-,0.24260355029585798,-116.0,121.6,16.0,16.0,0.5,2.0270676438844215,28,21,30,-9,0.04103213376587927,0,0,0,0,0,0,0,0,0,56,5,11,0,0,1
1fcj,D,4,TYR,-1.3,193.6,0.0,1,1,B,0.22972972972972974,-83.4,127.3,14.0,11.0,0.56,2.1967569535688187,25,30,24,6,0.04289723075523742,0,1,0,0,0,0,0,0,0,56,5,11,0,0,1
1fcj,D,5,GLU,-3.5,138.4,-1.0,1,3,S,0.4690721649484536,-67.1,-21.6,1.0,23.0,0.041666666666666664,1.7940114265602876,20,19,9,10,0.034970568550465285,0,0,0,0,0,0,1,0,0,56,5,11,0,0,1
1fcj,D,6,ASP,-3.5,111.1,-1.0,1,3,S,0.07975460122699386,-160.5,167.0,15.0,21.0,0.4166666666666667,2.8083951935246123,31,26,22,4,0.048026247475972325,0,0,0,0,0,0,1,0,0,56,5,11,0,0,1
1fcj,D,7,ASN,-3.5,114.1,0.0,2,2,G,0.044585987261146494,-63.3,-21.4,27.0,18.0,0.6,6.086391807535359,44,21,23,-2,0.05548663543340492,0,0,0,1,0,0,0,0,0,-1,0,0,0,0,0
1fcj,D,8,SER,-0.8,89.0,0.0,1,1,G,0.0,-68.9,-29.0,18.0,19.0,0.4864864864864865,4.348256651185562,41,22,19,3,0.053155264196707235,0,0,0,1,0,0,0,0,0,19,101,11,0,10,1
1fcj,D,9,LEU,3.8,166.7,0.0,0,0,G,0.4268292682926829,-76.5,-4.6,10.0,22.0,0.3125,2.139621263703846,29,17,18,-1,0.04103213376587927,0,0,0,1,0,0,0,0,0,-1,0,0,0,0,0
1fcj,D,10,THR,-0.7,116.1,0.0,1,1,G,0.07042253521126761,-88.3,0.8,24.0,12.0,0.6666666666666666,2.236979281738238,32,35,13,22,0.04429605349725603,0,0,0,1,0,0,0,0,0,-1,0,0,0,0,0
1fcj,D,11,ILE,4.5,166.7,0.0,0,0,-,0.07692307692307693,-59.2,151.2,20.0,18.0,0.5263157894736842,2.4737853842363955,35,38,11,27,0.048958795970651406,0,0,0,0,0,0,0,0,0,-1,0,0,0,0,0
1fcj,D,12,GLY,-0.4,60.1,0.0,0,0,-,0.09523809523809523,78.1,-160.9,17.0,23.0,0.425,1.909673624332931,33,47,18,29,0.045228601991935104,0,0,0,0,0,0,0,0,0,-1,0,0,0,0,0
1fcj,D,13,HIS,-3.2,153.2,0.1,2,1,-,0.7717391304347826,58.1,39.5,9.0,25.0,0.2647058823529412,1.8216371720848366,26,27,17,10,0.03590311704514436,0,0,0,0,0,0,0,0,0,-1,0,0,0,0,0
1fcj,D,14,THR,-0.7,116.1,0.0,1,1,-,0.007042253521126761,-75.8,149.0,23.0,20.0,0.5348837209302325,2.428097518949525,33,47,23,24,0.043829779249916496,0,0,0,0,0,0,0,0,0,-1,0,0,0,0,0
1fcj,D,15,PRO,-1.6,112.7,0.0,0,0,-,0.058823529411764705,-74.2,147.1,18.0,23.0,0.43902439024390244,2.6077063960453013,32,43,25,18,0.04755997322863279,0,0,0,0,0,0,0,0,0,-1,0,0,0,0,0
1fcj,D,16,LEU,3.8,166.7,0.0,0,0,E,0.006097560975609756,-107.1,113.9,19.0,21.0,0.475,5.146408152261492,38,37,34,3,0.04942507021799094,0,0,1,0,0,0,0,0,0,-1,0,0,0,0,0
1fcj,D,17,VAL,4.2,140.0,0.0,0,0,E,0.014084507042253521,-114.1,128.0,23.0,18.0,0.5609756097560976,6.323786355465509,36,30,29,1,0.05175644145468863,0,0,1,0,0,0,0,0,0,-1,0,0,0,0,0
1fcj,D,18,ARG,-4.5,173.4,1.0,5,0,E,0.22580645161290322,-69.8,130.6,13.0,24.0,0.35135135135135137,3.141918793167103,27,15,22,-7,0.048958795970651406,0,0,1,0,0,0,0,0,0,69,0,18,0,0,1
1fcj,D,19,LEU,3.8,166.7,0.0,0,0,-,0.0,-87.2,127.9,24.0,15.0,0.6153846153846154,5.007901153499204,36,34,30,4,0.048492521723311866,0,0,0,0,0,0,0,0,0,69,0,18,0,0,1
1fcj,D,20,ASN,-3.5,114.1,0.0,2,2,S,0.4713375796178344,-98.2,-27.2,14.0,13.0,0.5185185185185185,1.8871139373000987,27,32,34,-2,0.03590311704514436,0,0,0,0,0,0,1,0,0,69,0,18,0,0,1
1fcj,D,21,ARG,-4.5,173.4,1.0,5,0,S,0.657258064516129,-106.5,-35.4,14.0,12.0,0.5384615384615384,1.9410504119942855,18,13,25,-12,0.03124037457174899,0,0,0,0,0,0,1,0,0,69,0,18,0,0,1
1fcj,D,22,ILE,4.5,166.7,0.0,0,0,S,0.0,-84.3,114.0,27.0,7.0,0.7941176470588235,3.6249374568457267,33,33,22,11,0.04103213376587927,0,0,0,0,0,0,1,0,0,69,0,18,0,0,1
1fcj,D,23,GLY,-0.4,60.1,0.0,0,0,S,0.30952380952380953,88.1,-170.6,26.0,6.0,0.8125,1.7096077994190444,24,34,11,23,0.03776821403450251,0,0,0,0,0,0,1,0,0,-1,0,0,0,0,0
1fcj,D,24,ASN,-3.5,114.1,0.0,2,2,S,0.43312101910828027,-90.0,18.0,14.0,10.0,0.5833333333333334,1.8901924224447004,22,28,3,25,0.027510180593032695,0,0,0,0,0,0,1,0,0,7,1419,8,0,119,1
1fcj,D,25,GLY,-0.4,60.1,0.0,0,0,S,0.21428571428571427,92.5,-8.2,2.0,23.0,0.08,1.7096082509591017,25,32,9,23,0.034970568550465285,0,0,0,0,0,0,1,0,0,-1,0,0,0,0,0
1fcj,D,26,ARG,-4.5,173.4,1.0,5,0,-,0.35080645161290325,-105.3,5.5,16.0,18.0,0.47058823529411764,2.431050354133444,22,16,6,10,0.04243095650789788,0,0,0,0,0,0,0,0,0,-1,0,0,0,0,0
1fcj,D,27,ILE,4.5,166.7,0.0,0,0,E,0.0,-87.3,123.5,22.0,23.0,0.4888888888888889,5.443611197670516,39,33,5,28,0.05222271570202816,0,0,1,0,0,0,0,0,0,-1,0,0,0,0,0
1fcj,D,28,LEU,3.8,166.7,0.0,0,0,E,0.006097560975609756,-113.5,116.5,19.0,24.0,0.4418604651162791,4.356801593643119,38,31,15,16,0.04755997322863279,0,0,1,0,0,0,0,0,0,-1,0,0,0,0,0
1fcj,D,29,ALA,1.8,88.6,0.0,0,0,E,0.0,-98.3,127.3,27.0,22.0,0.5510204081632653,8.34181809290854,43,21,19,2,0.04755997322863279,0,0,1,0,0,0,0,0,0,-1,0,0,0,0,0
1fcj,D,30,LYS,-3.9,168.6,1.0,2,0,E,0.0,-97.1,114.9,24.0,24.0,0.5,5.53428530794609,42,24,24,0,0.04709369898129325,0,0,1,0,0,0,0,0,0,-1,0,0,0,0,0
1fcj,D,31,VAL,4.2,140.0,0.0,0,0,E,0.04225352112676056,-87.0,89.7,23.0,25.0,0.4791666666666667,5.783341358176243,40,28,11,17,0.05035761871267001,0,0,1,0,0,0,0,0,0,-1,0,0,0,0,0
1fcj,D,32,GLU,-3.5,138.4,-1.0,1,3,T,0.0,-74.6,-5.0,19.0,24.0,0.4418604651162791,5.319027521089789,36,48,5,43,0.05455408693872585,0,0,0,0,0,1,0,0,0,-1,0,0,0,0,0
1fcj,D,33,SER,-0.8,89.0,0.0,1,1,T,0.05384615384615385,-77.3,-13.2,15.0,24.0,0.38461538461538464,4.603969390344176,31,32,12,20,0.05035761871267001,0,0,0,0,0,1,0,0,0,-1,0,0,0,0,0
1fcj,D,34,ARG,-4.5,173.4,1.0,5,0,S,0.10483870967741936,-82.3,55.9,20.0,25.0,0.4444444444444444,2.3618093615823166,32,18,12,6,0.05129016720734909,0,0,0,0,0,0,1,0,0,-1,0,0,0,0,0
1fcj,D,35,ASN,-3.5,114.1,0.0,2,2,S,0.0,-140.2,167.3,27.0,19.0,0.5869565217391305,2.8659033502398708,32,51,12,39,0.05548663543340492,0,0,0,0,0,0,1,0,0,-1,0,0,0,0,0
1fcj,D,36,PRO,-1.6,112.7,0.0,0,0,G,0.022058823529411766,-70.9,143.2,25.0,24.0,0.5102040816326531,3.8553498264183603,40,34,10,24,0.04989134446533048,0,0,0,1,0,0,0,0,0,-1,0,0,0,0,0
1fcj,D,37,SER,-0.8,89.0,0.0,1,1,G,0.06923076923076923,73.3,-2.8,30.0,19.0,0.6122448979591837,2.6184432546913565,38,21,8,13,0.045228601991935104,0,0,0,1,0,0,0,0,0,-1,0,0,0,0,0
1fcj,D,38,PHE,2.8,189.9,0.0,0,0,G,0.1065989847715736,67.4,28.5,18.0,24.0,0.42857142857142855,2.502226854480359,26,27,13,14,0.04616115048661418,0,0,0,1,0,0,0,0,0,17,46,30,0,15,1
1fcj,D,39,SER,-0.8,89.0,0.0,1,1,B,0.0,-157.3,166.3,20.0,19.0,0.5128205128205128,3.1037073113744036,36,30,9,21,0.04989134446533048,0,1,0,0,0,0,0,0,0,-1,0,0,0,0,0
1fcj,D,40,VAL,4.2,140.0,0.0,0,0,T,0.04929577464788732,-55.6,-26.2,24.0,25.0,0.4897959183673469,2.7656391461163503,44,38,10,28,0.05222271570202816,0,0,0,0,0,1,0,0,0,-1,0,0,0,0,0
1fcj,D,41,LYS,-3.9,168.6,1.0,2,0,H,0.15121951219512195,-64.7,-18.5,19.0,26.0,0.4222222222222222,2.963473997718178,40,14,8,6,0.048492521723311866,1,0,0,0,0,0,0,0,0,-1,0,0,0,0,0
1fcj,D,42,CYS,2.5,108.5,0.0,1,0,H,0.0,-58.6,-30.1,22.0,23.0,0.4888888888888889,5.481091889332576,41,35,8,27,0.05502036118606539,1,0,0,0,0,0,0,0,0,-1,0,0,0,0,0
1fcj,D,43,ARG,-4.5,173.4,1.0,5,0,H,0.0,-64.5,-42.6,22.0,27.0,0.4489795918367347,4.428746319525844,46,39,21,18,0.05129016720734909,1,0,0,0,0,0,0,0,0,-1,0,0,0,0,0
1fcj,D,44,ILE,4.5,166.7,0.0,0,0,H,0.005917159763313609,-84.8,-27.0,25.0,27.0,0.4807692307692308,3.7206710780162227,43,27,11,16,0.05129016720734909,1,0,0,0,0,0,0,0,0,-1,0,0,0,0,0
1fcj,D,45,GLY,-0.4,60.1,0.0,0,0,H,0.0,-61.1,-46.0,29.0,20.0,0.5918367346938775,7.124837448372782,43,21,7,14,0.0526889899493677,1,0,0,0,0,0,0,0,0,-1,0,0,0,0,0
1fcj,D,46,ALA,1.8,88.6,0.0,0,0,H,0.0,-66.3,-54.5,20.0,24.0,0.45454545454545453,5.71333802076453,43,23,17,6,0.05595290968074446,1,0,0,0,0,0,0,0,0,19,101,11,0,10,1
1fcj,D,47,ASN,-3.5,114.1,0.0,2,2,H,0.012738853503184714,-67.9,-30.3,19.0,20.0,0.48717948717948717,3.1549795845609956,34,39,26,13,0.04755997322863279,1,0,0,0,0,0,0,0,0,-1,0,0,0,0,0
1fcj,D,48,MET,1.9,162.9,0.0,0,0,H,0.0,-67.8,-34.2,23.0,16.0,0.5897435897435898,5.022256935497761,37,15,26,-11,0.048958795970651406,1,0,0,0,0,0,0,0,0,-1,0,0,0,0,0
1fcj,D,49,ILE,4.5,166.7,0.0,0,0,H,0.0,-73.8,-47.1,24.0,22.0,0.5217391304347826,5.5175841974595174,41,29,22,7,0.05129016720734909,1,0,0,0,0,0,0,0,0,19,101,11,0,10,1
1fcj,D,50,TRP,-0.9,227.8,0.0,1,0,H,0.14096916299559473,-61.4,-38.8,11.0,18.0,0.3793103448275862,2.028534288975316,32,26,26,0,0.04196468226055834,1,0,0,0,0,0,0,0,0,19,101,11,0,10,1
1fcj,D,51,ASP,-3.5,111.1,-1.0,1,3,H,0.18404907975460122,-64.8,-43.2,14.0,10.0,0.5833333333333334,2.0907807070492095,24,24,17,7,0.04149840801321881,1,0,0,0,0,0,0,0,0,-1,0,0,0,0,0
1fcj,D,52,ALA,1.8,88.6,0.0,0,0,H,0.0,-63.0,-40.3,20.0,8.0,0.7142857142857143,4.176900327619692,25,32,18,14,0.04429605349725603,1,0,0,0,0,0,0,0,0,48,24,6,0,1,1
1fcj,D,53,GLU,-3.5,138.4,-1.0,1,3,H,0.2268041237113402,-62.2,-47.5,8.0,15.0,0.34782608695652173,1.8967474871935133,23,38,8,30,0.04196468226055834,1,0,0,0,0,0,0,0,0,19,101,11,0,10,1
1fcj,D,54,LYS,-3.9,168.6,1.0,2,0,H,0.7170731707317073,-60.8,-36.1,6.0,7.0,0.46153846153846156,1.8932856648363388,17,16,20,-4,0.027510180593032695,1,0,0,0,0,0,0,0,0,-1,0,0,0,0,0
1fcj,D,55,ARG,-4.5,173.4,1.0,5,0,T,0.5282258064516129,-77.2,-6.1,9.0,4.0,0.6923076923076923,1.8291947715134476,18,12,17,-5,0.025645083603674543,0,0,0,0,0,1,0,0,0,48,24,6,0,1,1
1fcj,D,56,GLY,-0.4,60.1,0.0,0,0,T,0.4523809523809524,77.3,8.7,0.0,15.0,0.0,1.7774038853889558,15,27,17,10,0.025178809356335007,0,0,0,0,0,1,0,0,0,48,24,6,0,1,1
1fcj,D,57,VAL,4.2,140.0,0.0,0,0,S,0.38028169014084506,-87.9,-28.6,12.0,11.0,0.5217391304347826,2.0230152408364233,25,29,20,9,0.030774100324409453,0,0,0,0,0,0,1,0,0,48,24,6,0,1,1
1fcj,D,58,LEU,3.8,166.7,0.0,0,0,S,0.024390243902439025,-102.5,128.0,19.0,11.0,0.6333333333333333,3.2182433242751634,29,39,22,17,0.045228601991935104,0,0,0,0,0,0,1,0,0,48,24,6,0,1,1
1fcj,D,59,LYS,-3.9,168.6,1.0,2,0,-,0.5804878048780487,-165.6,169.9,5.0,19.0,0.20833333333333334,2.1260305977673535,19,13,15,-2,0.02984155182973038,0,0,0,0,0,0,0,0,0,45,31,6,0,2,1
1fcj,D,60,PRO,-1.6,112.7,0.0,0,0,T,0.9264705882352942,-54.4,138.9,0.0,19.0,0.0,1.8923047593338125,14,14,11,3,0.020516066882939634,0,0,0,0,0,1,0,0,0,45,31,6,0,2,1
1fcj,D,61,GLY,-0.4,60.1,0.0,0,0,T,0.7976190476190477,102.6,-33.2,7.0,11.0,0.3888888888888889,1.7096438390800617,16,26,13,13,0.021914889624958248,0,0,0,0,0,1,0,0,0,45,31,6,0,2,1
1fcj,D,62,VAL,4.2,140.0,0.0,0,0,-,0.1056338028169014,-89.2,137.3,14.0,12.0,0.5384615384615384,2.0910517290416157,22,25,17,8,0.04289723075523742,0,0,0,0,0,0,0,0,0,45,31,6,0,2,1
1fcj,D,63,GLU,-3.5,138.4,-1.0,1,3,E,0.21649484536082475,-116.2,159.2,13.0,21.0,0.38235294117647056,2.4630698692718247,26,23,8,15,0.04616115048661418,0,0,1,0,0,0,0,0,0,-1,0,0,0,0,0
1fcj,D,64,LEU,3.8,166.7,0.0,0,0,E,0.0,-100.2,147.3,26.0,20.0,0.5652173913043478,5.2010417444163926,38,15,18,-3,0.050823892960009553,0,0,1,0,0,0,0,0,0,-1,0,0,0,0,0
1fcj,D,65,VAL,4.2,140.0,0.0,0,0,E,0.0,-144.2,135.3,21.0,23.0,0.4772727272727273,4.507468137770353,35,15,29,-14,0.053621538444046775,0,0,1,0,0,0,0,0,0,-1,0,0,0,0,0
1fcj,D,66,GLU,-3.5,138.4,-1.0,1,3,E,0.02577319587628866,-149.3,133.1,20.0,23.0,0.46511627906976744,3.1052495876024286,38,3,5,-2,0.045694876239274644,0,0,1,0,0,0,0,0,0,-1,0,0,0,0,0
1fcj,D,67,PRO,-1.6,112.7,0.0,0,0,S,0.21323529411764705,-81.9,64.5,18.0,23.0,0.43902439024390244,2.20058868904928,36,10,18,-8,0.04476232774459557,0,0,0,0,0,0,1,0,0,23,24,23,0,7,1
1fcj,D,68,THR,-0.7,116.1,0.0,1,1,-,0.035211267605633804,-143.2,130.9,20.0,25.0,0.4444444444444444,2.540487445849267,37,8,9,-1,0.043829779249916496,0,0,0,0,0,0,0,0,0,-1,0,0,0,0,0
1fcj,D,69,ASN,-3.5,114.1,0.0,2,2,-,0.1910828025477707,-125.0,-3.2,19.0,20.0,0.48717948717948717,2.342981226378549,29,19,6,13,0.04103213376587927,0,0,0,0,0,0,0,0,0,4,2752,31,0,775,1
1fcj,D,70,GLY,-0.4,60.1,0.0,0,0,S,0.19047619047619047,-100.4,-144.4,9.0,27.0,0.25,2.106338504310595,29,22,4,18,0.03124037457174899,0,0,0,0,0,0,1,0,0,-1,0,0,0,0,0
1fcj,D,71,ASN,-3.5,114.1,0.0,2,2,H,0.31210191082802546,-56.4,-36.3,21.0,16.0,0.5675675675675675,2.135115539872957,35,17,1,16,0.03823448828184205,1,0,0,0,0,0,0,0,0,-1,0,0,0,0,0
1fcj,D,72,THR,-0.7,116.1,0.0,1,1,H,0.028169014084507043,-71.4,-31.1,15.0,24.0,0.38461538461538464,2.627422483758381,36,14,9,5,0.043829779249916496,1,0,0,0,0,0,0,0,0,-1,0,0,0,0,0
1fcj,D,73,GLY,-0.4,60.1,0.0,0,0,H,0.0,-67.7,-43.3,19.0,22.0,0.4634146341463415,4.210118703060193,38,18,9,9,0.04289723075523742,1,0,0,0,0,0,0,0,0,-1,0,0,0,0,0
1fcj,D,74,ILE,4.5,166.7,0.0,0,0,H,0.07692307692307693,-63.2,-41.0,16.0,29.0,0.35555555555555557,3.63900494800243,38,26,1,25,0.048492521723311866,1,0,0,0,0,0,0,0,0,-1,0,0,0,0,0
1fcj,D,75,ALA,1.8,88.6,0.0,0,0,H,0.0,-63.1,-51.9,20.0,25.0,0.4444444444444444,5.8096248591866555,44,15,3,12,0.053621538444046775,1,0,0,0,0,0,0,0,0,-1,0,0,0,0,0
1fcj,D,76,LEU,3.8,166.7,0.0,0,0,H,0.0,-58.5,-37.7,22.0,28.0,0.44,4.827704102571201,45,13,9,4,0.05129016720734909,1,0,0,0,0,0,0,0,0,-1,0,0,0,0,0
1fcj,D,77,ALA,1.8,88.6,0.0,0,0,H,0.009433962264150943,-62.0,-49.2,24.0,27.0,0.47058823529411764,2.2480690368652922,46,13,10,3,0.04755997322863279,1,0,0,0,0,0,0,0,0,-1,0,0,0,0,0
1fcj,D,78,TYR,-1.3,193.6,0.0,1,1,H,0.0045045045045045045,-65.3,-42.3,26.0,24.0,0.52,5.655532095354524,43,20,12,8,0.04755997322863279,1,0,0,0,0,0,0,0,0,-1,0,0,0,0,0
1fcj,D,79,VAL,4.2,140.0,0.0,0,0,H,0.0,-65.4,-42.4,19.0,26.0,0.4222222222222222,5.4297285090060825,45,23,19,4,0.05455408693872585,1,0,0,0,0,0,0,0,0,19,101,11,0,10,1
1fcj,D,80,ALA,1.8,88.6,0.0,0,0,H,0.018867924528301886,-62.2,-34.9,23.0,24.0,0.48936170212765956,2.2489004809895596,42,24,25,-1,0.045228601991935104,1,0,0,0,0,0,0,0,0,-1,0,0,0,0,0
1fcj,D,81,ALA,1.8,88.6,0.0,0,0,H,0.09433962264150944,-68.7,-40.7,25.0,18.0,0.5813953488372093,1.8581832487246133,36,30,32,-2,0.04755997322863279,1,0,0,0,0,0,0,0,0,-1,0,0,0,0,0
1fcj,D,82,ALA,1.8,88.6,0.0,0,0,H,0.018867924528301886,-70.6,-33.7,23.0,19.0,0.5476190476190477,2.966911206593218,35,24,36,-12,0.05222271570202816,1,0,0,0,0,0,0,0,0,-1,0,0,0,0,0
1fcj,D,83,ARG,-4.5,173.4,1.0,5,0,H,0.2903225806451613,-102.1,2.0,19.0,16.0,0.5428571428571428,1.9650835192338314,31,6,26,-20,0.03776821403450251,1,0,0,0,0,0,0,0,0,19,101,11,0,10,1
1fcj,D,84,GLY,-0.4,60.1,0.0,0,0,T,0.5714285714285714,74.5,41.3,6.0,26.0,0.1875,1.9137065492300276,29,31,28,3,0.027510180593032695,0,0,0,0,0,1,0,0,0,-1,0,0,0,0,0
1fcj,D,85,TYR,-1.3,193.6,0.0,1,1,-,0.17567567567567569,-110.8,150.8,21.0,14.0,0.6,2.063436090533242,31,31,17,14,0.03823448828184205,0,0,0,0,0,0,0,0,0,19,101,11,0,10,1
1fcj,D,86,LYS,-3.9,168.6,1.0,2,0,-,0.4926829268292683,-85.9,136.8,10.0,24.0,0.29411764705882354,2.146087238163121,27,10,13,-3,0.03357174580844668,0,0,0,0,0,0,0,0,0,-1,0,0,0,0,0
1fcj,D,87,LEU,3.8,166.7,0.0,0,0,E,0.018292682926829267,-131.8,130.6,26.0,17.0,0.6046511627906976,2.6299788768833805,38,16,18,-2,0.04709369898129325,0,0,1,0,0,0,0,0,0,-1,0,0,0,0,0
1fcj,D,88,THR,-0.7,116.1,0.0,1,1,E,0.1267605633802817,-118.9,127.0,17.0,23.0,0.425,3.095195301249511,33,17,18,-1,0.043829779249916496,0,0,1,0,0,0,0,0,0,-1,0,0,0,0,0
1fcj,D,89,LEU,3.8,166.7,0.0,0,0,E,0.0,-117.9,129.5,22.0,24.0,0.4782608695652174,5.281427426940009,39,20,9,11,0.05222271570202816,0,0,1,0,0,0,0,0,0,-1,0,0,0,0,0
1fcj,D,90,THR,-0.7,116.1,0.0,1,1,E,0.0,-101.6,144.1,21.0,19.0,0.525,5.389139586749117,37,12,18,-6,0.05502036118606539,0,0,1,0,0,0,0,0,0,23,24,23,0,7,1
1fcj,D,91,MET,1.9,162.9,0.0,0,0,E,0.0,-163.6,153.5,17.0,21.0,0.4473684210526316,4.6460132798947,32,24,18,6,0.05222271570202816,0,0,1,0,0,0,0,0,0,4,2752,31,0,775,1
1fcj,D,92,PRO,-1.6,112.7,0.0,0,0,E,0.0661764705882353,-58.3,140.9,12.0,19.0,0.3870967741935484,2.5161061231974817,30,21,16,5,0.04709369898129325,0,0,1,0,0,0,0,0,0,4,2752,31,0,775,1
1fcj,D,93,GLU,-3.5,138.4,-1.0,1,3,T,0.31958762886597936,-65.7,-10.8,9.0,17.0,0.34615384615384615,1.9907652186501474,26,28,13,15,0.03357174580844668,0,0,0,0,0,1,0,0,0,-1,0,0,0,0,0
1fcj,D,94,THR,-0.7,116.1,0.0,1,1,T,0.7605633802816901,-76.0,-9.6,9.0,15.0,0.375,1.858688387420744,21,15,15,0,0.02797645484037223,0,0,0,0,0,1,0,0,0,4,2752,31,0,775,1
1fcj,D,95,MET,1.9,162.9,0.0,0,0,S,0.1595744680851064,-59.7,139.7,22.0,4.0,0.8461538461538461,2.032410453910949,23,23,15,8,0.03450429430312575,0,0,0,0,0,0,1,0,0,4,2752,31,0,775,1
1fcj,D,96,SER,-0.8,89.0,0.0,1,1,-,0.3923076923076923,-54.8,148.0,4.0,12.0,0.25,2.1595281331377683,15,31,14,17,0.028909003335051305,0,0,0,0,0,0,0,0,0,-1,0,0,0,0,0
1fcj,D,97,ILE,4.5,166.7,0.0,0,0,H,0.4556213017751479,-66.3,-32.3,1.0,17.0,0.05555555555555555,2.272106867698979,16,35,12,23,0.027043906345693154,1,0,0,0,0,0,0,0,0,-1,0,0,0,0,0
1fcj,D,98,GLU,-3.5,138.4,-1.0,1,3,H,0.6701030927835051,-63.1,-48.2,3.0,12.0,0.2,1.8420818967553865,10,32,0,32,0.027510180593032695,1,0,0,0,0,0,0,0,0,-1,0,0,0,0,0
1fcj,D,99,ARG,-4.5,173.4,1.0,5,0,H,0.2903225806451613,-62.2,-42.0,13.0,11.0,0.5416666666666666,2.1227756033016614,22,19,9,10,0.03776821403450251,1,0,0,0,0,0,0,0,0,-1,0,0,0,0,0
1fcj,D,100,ARG,-4.5,173.4,1.0,5,0,H,0.25,-65.9,-38.6,12.0,17.0,0.41379310344827586,2.244632971529352,24,26,15,11,0.04149840801321881,1,0,0,0,0,0,0,0,0,34,12,25,0,4,1
1fcj,D,101,LYS,-3.9,168.6,1.0,2,0,H,0.6341463414634146,-60.7,-46.4,5.0,16.0,0.23809523809523808,1.8895561018090175,15,27,9,18,0.03403802005578621,1,0,0,0,0,0,0,0,0,34,12,25,0,4,1
1fcj,D,102,LEU,3.8,166.7,0.0,0,0,H,0.3597560975609756,-57.0,-48.5,18.0,17.0,0.5142857142857142,2.272389241925514,30,32,11,21,0.03450429430312575,1,0,0,0,0,0,0,0,0,-1,0,0,0,0,0
1fcj,D,103,LEU,3.8,166.7,0.0,0,0,H,0.0,-62.3,-39.1,23.0,17.0,0.575,4.746985088750247,35,34,4,30,0.04616115048661418,1,0,0,0,0,0,0,0,0,34,12,25,0,4,1
1fcj,D,104,LYS,-3.9,168.6,1.0,2,0,H,0.44878048780487806,-67.0,-42.7,9.0,22.0,0.2903225806451613,2.126853466566301,26,23,10,13,0.03357174580844668,1,0,0,0,0,0,0,0,0,34,12,25,0,4,1
1fcj,D,105,ALA,1.8,88.6,0.0,0,0,H,0.32075471698113206,-55.3,-38.0,17.0,15.0,0.53125,1.8340843980477874,29,37,13,24,0.03590311704514436,1,0,0,0,0,0,0,0,0,34,12,25,0,4,1
1fcj,D,106,LEU,3.8,166.7,0.0,0,0,T,0.012195121951219513,-82.6,10.8,23.0,17.0,0.575,3.4269194367135536,38,28,19,9,0.04755997322863279,0,0,0,0,0,1,0,0,0,-1,0,0,0,0,0
1fcj,D,107,GLY,-0.4,60.1,0.0,0,0,T,0.19047619047619047,84.5,13.4,23.0,14.0,0.6216216216216216,1.8207229391585766,33,26,17,9,0.03963331102386066,0,0,0,0,0,1,0,0,0,34,12,25,0,4,1
1fcj,D,108,ALA,1.8,88.6,0.0,0,0,P,0.009433962264150943,-83.6,144.4,26.0,13.0,0.6666666666666666,2.5449980743507705,34,31,11,20,0.043829779249916496,0,0,0,0,0,0,0,0,0,34,12,25,0,4,1
1fcj,D,109,ASN,-3.5,114.1,0.0,2,2,E,0.3503184713375796,-93.3,117.6,7.0,25.0,0.21875,2.0924677013481934,27,22,9,13,0.03357174580844668,0,0,1,0,0,0,0,0,0,34,12,25,0,4,1
1fcj,D,110,LEU,3.8,166.7,0.0,0,0,E,0.2073170731707317,-96.2,130.9,22.0,18.0,0.55,2.145715056042845,33,30,7,23,0.040099585271200194,0,0,1,0,0,0,0,0,0,34,12,25,0,4,1
1fcj,D,111,VAL,4.2,140.0,0.0,0,0,E,0.24647887323943662,-116.3,107.2,17.0,18.0,0.4857142857142857,2.433774783122657,33,16,16,0,0.03450429430312575,0,0,1,0,0,0,0,0,0,-1,0,0,0,0,0
1fcj,D,112,LEU,3.8,166.7,0.0,0,0,E,0.3048780487804878,-91.6,127.5,12.0,24.0,0.3333333333333333,1.9332774961687456,30,21,21,0,0.040565859518539735,0,0,1,0,0,0,0,0,0,-1,0,0,0,0,0
1fcj,D,113,THR,-0.7,116.1,0.0,1,1,E,0.1056338028169014,-103.7,164.5,19.0,14.0,0.5757575757575758,2.1241535870354182,30,28,23,5,0.04476232774459557,0,0,1,0,0,0,0,0,0,-1,0,0,0,0,0
1fcj,D,114,GLU,-3.5,138.4,-1.0,1,3,P,0.11855670103092783,-57.5,127.5,14.0,19.0,0.42424242424242425,2.0812953148982754,29,33,14,19,0.0363693912924839,0,0,0,0,0,0,0,0,0,52,3,33,0,1,1
1fcj,D,115,GLY,-0.4,60.1,0.0,0,0,G,0.25,-54.6,-43.7,13.0,16.0,0.4482758620689655,1.7096346438995556,24,26,19,7,0.032172923066428064,0,0,0,1,0,0,0,0,0,-1,0,0,0,0,0
1fcj,D,116,ALA,1.8,88.6,0.0,0,0,G,0.3490566037735849,-59.2,-25.6,16.0,15.0,0.5161290322580645,1.8001621125783067,25,27,33,-6,0.03590311704514436,0,0,0,1,0,0,0,0,0,-1,0,0,0,0,0
1fcj,D,117,LYS,-3.9,168.6,1.0,2,0,G,0.43414634146341463,-80.1,-7.4,13.0,17.0,0.43333333333333335,2.008351736731731,26,28,35,-7,0.03683566553982344,0,0,0,1,0,0,0,0,0,-1,0,0,0,0,0
1fcj,D,118,GLY,-0.4,60.1,0.0,0,0,H,0.3333333333333333,60.4,-159.6,6.0,19.0,0.24,2.268619852225236,24,26,18,8,0.03310547156110714,1,0,0,0,0,0,0,0,0,4,2752,31,0,775,1
1fcj,D,119,MET,1.9,162.9,0.0,0,0,H,0.3882978723404255,-66.7,-34.4,6.0,22.0,0.21428571428571427,2.0953064617574024,29,18,7,11,0.02984155182973038,1,0,0,0,0,0,0,0,0,23,24,23,0,7,1
1fcj,D,120,LYS,-3.9,168.6,1.0,2,0,H,0.47804878048780486,-56.0,-38.4,7.0,17.0,0.2916666666666667,1.9055980958125893,22,17,26,-9,0.029375277582390842,1,0,0,0,0,0,0,0,0,23,24,23,0,7,1
1fcj,D,121,GLY,-0.4,60.1,0.0,0,0,H,0.13095238095238096,-64.6,-37.8,16.0,13.0,0.5517241379310345,1.7886379785267437,25,32,25,7,0.04429605349725603,1,0,0,0,0,0,0,0,0,-1,0,0,0,0,0
1fcj,D,122,ALA,1.8,88.6,0.0,0,0,H,0.0,-66.4,-42.9,19.0,14.0,0.5757575757575758,3.951902234596541,29,26,27,-1,0.050823892960009553,1,0,0,0,0,0,0,0,0,23,24,23,0,7,1
1fcj,D,123,ILE,4.5,166.7,0.0,0,0,H,0.41420118343195267,-62.7,-43.3,5.0,24.0,0.1724137931034483,2.4154114285372406,25,19,25,-6,0.04103213376587927,1,0,0,0,0,0,0,0,0,23,24,23,0,7,1
1fcj,D,124,GLN,-3.5,143.8,0.0,2,2,H,0.398989898989899,-60.5,-45.3,9.0,19.0,0.32142857142857145,1.955504301426701,19,26,20,6,0.03403802005578621,1,0,0,0,0,0,0,0,0,23,24,23,0,7,1
1fcj,D,125,LYS,-3.9,168.6,1.0,2,0,H,0.40487804878048783,-59.1,-43.5,20.0,10.0,0.6666666666666666,2.2582877351632358,30,7,28,-21,0.040565859518539735,1,0,0,0,0,0,0,0,0,-1,0,0,0,0,0
1fcj,D,126,ALA,1.8,88.6,0.0,0,0,H,0.0,-58.9,-47.3,21.0,14.0,0.6,3.735311784561555,29,11,27,-16,0.05222271570202816,1,0,0,0,0,0,0,0,0,23,24,23,0,7,1
1fcj,D,127,GLU,-3.5,138.4,-1.0,1,3,H,0.4536082474226804,-63.0,-37.2,6.0,20.0,0.23076923076923078,1.8627723462670736,21,12,14,-2,0.03776821403450251,1,0,0,0,0,0,0,0,0,-1,0,0,0,0,0
1fcj,D,128,GLU,-3.5,138.4,-1.0,1,3,H,0.5463917525773195,-67.0,-38.5,7.0,14.0,0.3333333333333333,1.7357345840885627,20,11,10,1,0.032172923066428064,1,0,0,0,0,0,0,0,0,25,55,8,0,5,1
1fcj,D,129,ILE,4.5,166.7,0.0,0,0,H,0.15976331360946747,-64.5,-49.3,17.0,9.0,0.6538461538461539,2.1899408146391464,27,18,34,-16,0.0363693912924839,1,0,0,0,0,0,0,0,0,25,55,8,0,5,1
1fcj,D,130,VAL,4.2,140.0,0.0,0,0,H,0.19718309859154928,-58.3,-49.1,13.0,13.0,0.5,2.5368894772822634,25,11,31,-20,0.04429605349725603,1,0,0,0,0,0,0,0,0,25,55,8,0,5,1
1fcj,D,131,ALA,1.8,88.6,0.0,0,0,H,0.6981132075471698,-58.8,-28.7,5.0,11.0,0.3125,1.7676641920201863,16,7,25,-18,0.027510180593032695,1,0,0,0,0,0,0,0,0,25,55,8,0,5,1
1fcj,D,132,SER,-0.8,89.0,0.0,1,1,H,0.6846153846153846,-68.7,-16.7,6.0,8.0,0.42857142857142855,1.7396456763420465,14,12,21,-9,0.025178809356335007,1,0,0,0,0,0,0,0,0,25,55,8,0,5,1
1fcj,D,133,ASP,-3.5,111.1,-1.0,1,3,-,0.3987730061349693,-173.4,71.0,7.0,11.0,0.3888888888888889,2.004819995965859,16,9,13,-4,0.032639197313767604,0,0,0,0,0,0,0,0,0,72,0,1,0,0,1
1fcj,D,134,PRO,-1.6,112.7,0.0,0,0,T,0.6397058823529411,-43.6,-39.8,1.0,19.0,0.05,1.923908117843382,17,8,17,-9,0.02984155182973038,0,0,0,0,0,1,0,0,0,72,0,1,0,0,1
1fcj,D,135,GLN,-3.5,143.8,0.0,2,2,T,0.8636363636363636,-72.1,-28.2,1.0,18.0,0.05263157894736842,1.7749882073952254,16,12,10,2,0.027510180593032695,0,0,0,0,0,1,0,0,0,72,0,1,0,0,1
1fcj,D,136,LYS,-3.9,168.6,1.0,2,0,T,0.3853658536585366,-89.4,-24.8,7.0,16.0,0.30434782608695654,2.2017927810503277,21,9,17,-8,0.035436842797804825,0,0,0,0,0,1,0,0,0,72,0,1,0,0,1
1fcj,D,137,TYR,-1.3,193.6,0.0,1,1,E,0.18018018018018017,-119.5,142.2,15.0,14.0,0.5172413793103449,2.483058886673033,25,16,26,-10,0.04755997322863279,0,0,1,0,0,0,0,0,0,25,55,8,0,5,1
1fcj,D,138,LEU,3.8,166.7,0.0,0,0,E,0.17073170731707318,-128.2,131.5,17.0,19.0,0.4722222222222222,2.4293363834617616,34,17,19,-2,0.04476232774459557,0,0,1,0,0,0,0,0,0,48,24,6,0,1,1
1fcj,D,139,LEU,3.8,166.7,0.0,0,0,-,0.21951219512195122,-114.9,119.9,18.0,20.0,0.47368421052631576,1.973515559571669,35,5,23,-18,0.03683566553982344,0,0,0,0,0,0,0,0,0,70,0,15,0,0,1
1fcj,D,140,LEU,3.8,166.7,0.0,0,0,-,0.018292682926829267,-76.4,-34.2,26.0,13.0,0.6666666666666666,2.6002358050512546,38,5,20,-15,0.03776821403450251,0,0,0,0,0,0,0,0,0,70,0,15,0,0,1
1fcj,D,141,GLN,-3.5,143.8,0.0,2,2,-,0.5555555555555556,64.8,69.5,10.0,21.0,0.3225806451612903,2.0219929634582066,25,3,11,-8,0.03450429430312575,0,0,0,0,0,0,0,0,0,70,0,15,0,0,1
1fcj,D,142,GLN,-3.5,143.8,0.0,2,2,T,0.12626262626262627,-53.1,-29.4,21.0,19.0,0.525,2.3763178774751372,36,10,8,2,0.045228601991935104,0,0,0,0,0,1,0,0,0,-1,0,0,0,0,0
1fcj,D,143,PHE,2.8,189.9,0.0,0,0,T,0.37055837563451777,-75.0,-16.6,9.0,22.0,0.2903225806451613,2.146554138804824,31,3,3,0,0.04196468226055834,0,0,0,0,0,1,0,0,0,-1,0,0,0,0,0
1fcj,D,144,SER,-0.8,89.0,0.0,1,1,T,0.4230769230769231,-134.9,-10.0,4.0,20.0,0.16666666666666666,1.827840653092596,22,0,1,-1,0.03590311704514436,0,0,0,0,0,1,0,0,0,70,0,15,0,0,1
1fcj,D,145,ASN,-3.5,114.1,0.0,2,2,-,0.10828025477707007,-72.9,115.4,14.0,12.0,0.5384615384615384,2.167245201359743,26,6,19,-13,0.0363693912924839,0,0,0,0,0,0,0,0,0,70,0,15,0,0,1
1fcj,D,146,PRO,-1.6,112.7,0.0,0,0,T,0.6764705882352942,-53.0,-23.6,2.0,28.0,0.06666666666666667,1.9389727443959544,27,14,19,-5,0.03450429430312575,0,0,0,0,0,1,0,0,0,54,7,14,0,1,1
1fcj,D,147,ALA,1.8,88.6,0.0,0,0,H,0.018867924528301886,-65.0,-14.9,17.0,17.0,0.5,2.5805646575047696,32,29,22,7,0.043363505002576956,1,0,0,0,0,0,0,0,0,54,7,14,0,1,1
1fcj,D,148,ASN,-3.5,114.1,0.0,2,2,H,0.006369426751592357,-71.3,-67.3,20.0,23.0,0.46511627906976744,3.115350101543269,42,29,16,13,0.05502036118606539,1,0,0,0,0,0,0,0,0,54,7,14,0,1,1
1fcj,D,149,PRO,-1.6,112.7,0.0,0,0,H,0.022058823529411766,-62.6,-27.2,21.0,20.0,0.5121951219512195,2.616906892348277,36,32,21,11,0.0526889899493677,1,0,0,0,0,0,0,0,0,54,7,14,0,1,1
1fcj,D,150,GLU,-3.5,138.4,-1.0,1,3,H,0.29381443298969073,-58.0,-43.9,10.0,24.0,0.29411764705882354,1.9379118274468097,28,31,16,15,0.04289723075523742,1,0,0,0,0,0,0,0,0,54,7,14,0,1,1
1fcj,D,151,ILE,4.5,166.7,0.0,0,0,H,0.029585798816568046,-64.6,-30.9,18.0,20.0,0.47368421052631576,3.8013966101019974,36,34,28,6,0.05129016720734909,1,0,0,0,0,0,0,0,0,-1,0,0,0,0,0
1fcj,D,152,HIS,-3.2,153.2,0.1,2,1,I,0.016304347826086956,-75.1,-29.5,20.0,22.0,0.47619047619047616,3.888442513353506,43,34,28,6,0.05548663543340492,0,0,0,0,1,0,0,0,0,-1,0,0,0,0,0
1fcj,D,153,GLU,-3.5,138.4,-1.0,1,3,I,0.31958762886597936,-72.0,-31.0,14.0,18.0,0.4375,2.042444596146234,29,33,10,23,0.053621538444046775,0,0,0,0,1,0,0,0,0,-1,0,0,0,0,0
1fcj,D,154,LYS,-3.9,168.6,1.0,2,0,I,0.5170731707317073,-93.2,-18.1,9.0,21.0,0.3,1.9604523746403895,22,17,22,-5,0.03823448828184205,0,0,0,0,1,0,0,0,0,-1,0,0,0,0,0
1fcj,D,155,THR,-0.7,116.1,0.0,1,1,I,0.22535211267605634,-129.5,-66.2,18.0,16.0,0.5294117647058824,2.2941516684673737,30,44,25,19,0.04429605349725603,0,0,0,0,1,0,0,0,0,-1,0,0,0,0,0
1fcj,D,156,THR,-0.7,116.1,0.0,1,1,I,0.0,-51.4,-52.1,29.0,17.0,0.6304347826086957,4.928069731297207,39,45,31,14,0.05455408693872585,0,0,0,0,1,0,0,0,0,-1,0,0,0,0,0
1fcj,D,157,GLY,-0.4,60.1,0.0,0,0,H,0.0,-57.4,-57.4,20.0,20.0,0.5,4.458918959329503,39,40,36,4,0.05455408693872585,1,0,0,0,0,0,0,0,0,9,1025,6,0,83,1
1fcj,D,158,PRO,-1.6,112.7,0.0,0,0,H,0.23529411764705882,-53.6,-40.1,8.0,22.0,0.26666666666666666,2.215916743615594,27,37,34,3,0.045228601991935104,1,0,0,0,0,0,0,0,0,9,1025,6,0,83,1
1fcj,D,159,GLU,-3.5,138.4,-1.0,1,3,H,0.08247422680412371,-60.6,-45.3,19.0,15.0,0.5588235294117647,2.083529266759939,31,44,25,19,0.043829779249916496,1,0,0,0,0,0,0,0,0,9,1025,6,0,83,1
1fcj,D,160,ILE,4.5,166.7,0.0,0,0,H,0.005917159763313609,-64.3,-46.5,27.0,18.0,0.6,5.596724057025536,44,23,34,-11,0.04616115048661418,1,0,0,0,0,0,0,0,0,9,1025,6,0,83,1
1fcj,D,161,TRP,-0.9,227.8,0.0,1,0,H,0.20704845814977973,-58.1,-51.0,18.0,20.0,0.47368421052631576,2.4875383172499115,27,21,30,-9,0.04989134446533048,1,0,0,0,0,0,0,0,0,9,1025,6,0,83,1
1fcj,D,162,GLU,-3.5,138.4,-1.0,1,3,H,0.5721649484536082,-72.1,-41.0,6.0,16.0,0.2727272727272727,1.8540535927211665,20,13,23,-10,0.03730193978716297,1,0,0,0,0,0,0,0,0,9,1025,6,0,83,1
1fcj,D,163,ASP,-3.5,111.1,-1.0,1,3,H,0.10429447852760736,-61.1,-29.8,19.0,8.0,0.7037037037037037,2.161271554398997,26,22,26,-4,0.04196468226055834,1,0,0,0,0,0,0,0,0,-1,0,0,0,0,0
1fcj,D,164,THR,-0.7,116.1,0.0,1,1,T,0.02112676056338028,-98.9,7.1,22.0,9.0,0.7096774193548387,2.6535931608014955,27,12,36,-24,0.04709369898129325,0,0,0,0,0,1,0,0,0,-1,0,0,0,0,0
1fcj,D,165,ASP,-3.5,111.1,-1.0,1,3,T,0.4601226993865031,48.6,40.2,3.0,14.0,0.17647058823529413,1.81175994423408,16,6,19,-13,0.03403802005578621,0,0,0,0,0,1,0,0,0,-1,0,0,0,0,0
1fcj,D,166,GLY,-0.4,60.1,0.0,0,0,T,0.13095238095238096,75.0,3.5,4.0,24.0,0.14285714285714285,1.772920517921258,25,17,33,-16,0.03590311704514436,0,0,0,0,0,1,0,0,0,9,1025,6,0,83,1
1fcj,D,167,GLN,-3.5,143.8,0.0,2,2,-,0.5858585858585859,-85.7,35.4,11.0,15.0,0.4230769230769231,1.9421774408248365,25,12,27,-15,0.032639197313767604,0,0,0,0,0,0,0,0,0,-1,0,0,0,0,0
1fcj,D,168,VAL,4.2,140.0,0.0,0,0,-,0.0,-99.1,119.1,30.0,9.0,0.7692307692307693,3.8091814930014087,33,24,32,-8,0.048958795970651406,0,0,0,0,0,0,0,0,0,-1,0,0,0,0,0
1fcj,D,169,ASP,-3.5,111.1,-1.0,1,3,-,0.19631901840490798,-98.5,-31.4,9.0,23.0,0.28125,1.9657426353673408,27,26,8,18,0.04476232774459557,0,0,0,0,0,0,0,0,0,-1,0,0,0,0,0
1fcj,D,170,VAL,4.2,140.0,0.0,0,0,E,0.0,-136.4,141.3,21.0,23.0,0.4772727272727273,4.926413232886658,38,24,16,8,0.04709369898129325,0,0,1,0,0,0,0,0,0,-1,0,0,0,0,0
1fcj,D,171,PHE,2.8,189.9,0.0,0,0,E,0.0,-128.5,121.9,26.0,28.0,0.48148148148148145,6.536283703913673,42,12,9,3,0.05035761871267001,0,0,1,0,0,0,0,0,0,-1,0,0,0,0,0
1fcj,D,172,ILE,4.5,166.7,0.0,0,0,E,0.0,-113.0,124.8,25.0,24.0,0.5102040816326531,5.762595687679746,46,9,3,6,0.05035761871267001,0,0,1,0,0,0,0,0,0,-1,0,0,0,0,0
1fcj,D,173,SER,-0.8,89.0,0.0,1,1,E,0.03076923076923077,-136.4,121.0,23.0,31.0,0.42592592592592593,2.7145212034853325,46,5,4,1,0.04709369898129325,0,0,1,0,0,0,0,0,0,-1,0,0,0,0,0
1fcj,D,174,GLY,-0.4,60.1,0.0,0,0,E,0.13095238095238096,-68.8,131.7,24.0,26.0,0.48,2.00278543564723,46,3,8,-5,0.04476232774459557,0,0,1,0,0,0,0,0,0,-1,0,0,0,0,0
1fcj,D,175,VAL,4.2,140.0,0.0,0,0,-,0.04929577464788732,-95.9,126.7,32.0,18.0,0.64,2.611549277001636,47,5,10,-5,0.04149840801321881,0,0,0,0,0,0,0,0,0,3,4122,17,0,866,1
1fcj,D,176,GLY,-0.4,60.1,0.0,0,0,S,0.17857142857142858,-117.4,-82.7,18.0,24.0,0.42857142857142855,2.035513266041698,40,7,6,1,0.035436842797804825,0,0,0,0,0,0,1,0,0,-1,0,0,0,0,0
1fcj,D,177,THR,-0.7,116.1,0.0,1,1,S,0.07746478873239436,-85.5,-20.8,19.0,20.0,0.48717948717948717,2.3740502355761075,35,11,1,10,0.04709369898129325,0,0,0,0,0,0,1,0,0,-1,0,0,0,0,0
1fcj,D,178,GLY,-0.4,60.1,0.0,0,0,S,0.03571428571428571,89.1,-8.1,17.0,27.0,0.38636363636363635,2.107650086894326,45,15,7,8,0.04755997322863279,0,0,0,0,0,0,1,0,0,-1,0,0,0,0,0
1fcj,D,179,GLY,-0.4,60.1,0.0,0,0,H,0.0,-60.5,-35.9,23.0,22.0,0.5111111111111111,2.400468125382723,39,25,16,9,0.04989134446533048,1,0,0,0,0,0,0,0,0,-1,0,0,0,0,0
1fcj,D,180,THR,-0.7,116.1,0.0,1,1,H,0.1267605633802817,-67.7,-49.9,21.0,30.0,0.4117647058823529,2.4661508279688795,43,30,14,16,0.04942507021799094,1,0,0,0,0,0,0,0,0,-1,0,0,0,0,0
1fcj,D,181,LEU,3.8,166.7,0.0,0,0,H,0.0,-58.9,-49.6,25.0,25.0,0.5,3.6020980469271304,41,27,11,16,0.053621538444046775,1,0,0,0,0,0,0,0,0,-1,0,0,0,0,0
1fcj,D,182,THR,-0.7,116.1,0.0,1,1,H,0.007042253521126761,-61.4,-51.9,20.0,25.0,0.4444444444444444,3.5008086182041147,33,32,22,10,0.053621538444046775,1,0,0,0,0,0,0,0,0,-1,0,0,0,0,0
1fcj,D,183,GLY,-0.4,60.1,0.0,0,0,H,0.0,-66.6,-41.6,21.0,18.0,0.5384615384615384,4.547623014407797,37,33,21,12,0.05502036118606539,1,0,0,0,0,0,0,0,0,-1,0,0,0,0,0
1fcj,D,184,VAL,4.2,140.0,0.0,0,0,H,0.0,-65.6,-43.0,22.0,23.0,0.4888888888888889,6.439448013894697,42,41,17,24,0.05688545817542354,1,0,0,0,0,0,0,0,0,-1,0,0,0,0,0
1fcj,D,185,THR,-0.7,116.1,0.0,1,1,H,0.0,-65.3,-42.0,23.0,25.0,0.4791666666666667,3.4502533856529327,42,38,23,15,0.04662742473395372,1,0,0,0,0,0,0,0,0,-1,0,0,0,0,0
1fcj,D,186,ARG,-4.5,173.4,1.0,5,0,I,0.3951612903225806,-58.6,-38.6,17.0,20.0,0.4594594594594595,1.9118694801271638,31,22,23,-1,0.04149840801321881,0,0,0,0,1,0,0,0,0,-1,0,0,0,0,0
1fcj,D,187,TYR,-1.3,193.6,0.0,1,1,I,0.17567567567567569,-69.7,-49.7,20.0,14.0,0.5882352941176471,2.866742225315115,30,38,20,18,0.04662742473395372,0,0,0,0,1,0,0,0,0,9,1025,6,0,83,1
1fcj,D,188,ILE,4.5,166.7,0.0,0,0,I,0.0,-74.7,-49.5,26.0,12.0,0.6842105263157895,5.3338712771508625,37,35,20,15,0.05175644145468863,0,0,0,0,1,0,0,0,0,9,1025,6,0,83,1
1fcj,D,189,LYS,-3.9,168.6,1.0,2,0,I,0.16097560975609757,-74.3,-42.5,17.0,14.0,0.5483870967741935,2.2271881652821346,26,25,16,9,0.04196468226055834,0,0,0,0,1,0,0,0,0,35,44,8,0,3,1
1fcj,D,190,GLY,-0.4,60.1,0.0,0,0,I,0.6071428571428571,-79.2,-80.3,10.0,9.0,0.5263157894736842,1.7095240929118956,18,33,7,26,0.03124037457174899,0,0,0,0,1,0,0,0,0,-1,0,0,0,0,0
1fcj,D,191,THR,-0.7,116.1,0.0,1,1,I,0.6126760563380281,-51.0,-41.7,11.0,6.0,0.6470588235294118,1.8601667817669214,17,28,8,20,0.026577632098353617,0,0,0,0,1,0,0,0,0,-1,0,0,0,0,0
1fcj,D,192,LYS,-3.9,168.6,1.0,2,0,T,0.47317073170731705,-95.6,-1.3,19.0,4.0,0.8260869565217391,2.0773665462249564,21,18,5,13,0.032172923066428064,0,0,0,0,0,1,0,0,0,9,1025,6,0,83,1
1fcj,D,193,GLY,-0.4,60.1,0.0,0,0,-,0.5595238095238095,62.8,17.9,0.0,14.0,0.0,1.7095385683301243,15,30,8,22,0.027043906345693154,0,0,0,0,0,0,0,0,0,-1,0,0,0,0,0
1fcj,D,194,LYS,-3.9,168.6,1.0,2,0,-,0.2,-85.6,75.4,16.0,6.0,0.7272727272727273,2.1946373315725416,26,20,19,1,0.03590311704514436,0,0,0,0,0,0,0,0,0,-1,0,0,0,0,0
1fcj,D,195,THR,-0.7,116.1,0.0,1,1,T,0.8169014084507042,-67.1,-16.4,0.0,20.0,0.0,1.7766847397027072,19,24,12,12,0.027043906345693154,0,0,0,0,0,1,0,0,0,-1,0,0,0,0,0
1fcj,D,196,ASP,-3.5,111.1,-1.0,1,3,T,0.6687116564417178,-88.5,10.2,4.0,17.0,0.19047619047619047,1.672066788270267,17,24,12,12,0.02611135785101408,0,0,0,0,0,1,0,0,0,-1,0,0,0,0,0
1fcj,D,197,LEU,3.8,166.7,0.0,0,0,-,0.012195121951219513,-66.2,137.6,22.0,10.0,0.6875,3.2884567529825315,34,30,23,7,0.04429605349725603,0,0,0,0,0,0,0,0,0,-1,0,0,0,0,0
1fcj,D,198,ILE,4.5,166.7,0.0,0,0,E,0.20710059171597633,-101.5,114.1,15.0,17.0,0.46875,2.580062734096388,28,29,24,5,0.04149840801321881,0,0,1,0,0,0,0,0,0,-1,0,0,0,0,0
1fcj,D,199,THR,-0.7,116.1,0.0,1,1,E,0.0,-96.4,123.5,19.0,23.0,0.4523809523809524,4.499088768714661,39,21,17,4,0.048958795970651406,0,0,1,0,0,0,0,0,0,35,44,8,0,3,1
1fcj,D,200,VAL,4.2,140.0,0.0,0,0,E,0.0,-114.8,121.8,19.0,21.0,0.475,5.46312590536327,37,11,13,-2,0.05175644145468863,0,0,1,0,0,0,0,0,0,29,24,13,0,4,1
1fcj,D,201,ALA,1.8,88.6,0.0,0,0,E,0.0,-93.3,137.5,26.0,22.0,0.5416666666666666,5.499255444770538,39,9,17,-8,0.048026247475972325,0,0,1,0,0,0,0,0,0,-1,0,0,0,0,0
1fcj,D,202,VAL,4.2,140.0,0.0,0,0,E,0.0,-114.2,138.6,25.0,24.0,0.5102040816326531,5.738238020402138,45,8,9,-1,0.04942507021799094,0,0,1,0,0,0,0,0,0,-1,0,0,0,0,0
1fcj,D,203,GLU,-3.5,138.4,-1.0,1,3,E,0.020618556701030927,-149.3,164.7,23.0,28.0,0.45098039215686275,3.180532538055667,39,8,7,1,0.056419183928083996,0,0,1,0,0,0,0,0,0,3,4122,17,0,866,1
1fcj,D,204,PRO,-1.6,112.7,0.0,0,0,E,0.0,-72.0,138.5,20.0,23.0,0.46511627906976744,4.294267963939078,39,17,19,-2,0.05129016720734909,0,0,1,0,0,0,0,0,0,3,4122,17,0,866,1
1fcj,D,205,THR,-0.7,116.1,0.0,1,1,T,0.34507042253521125,-60.8,-30.1,8.0,23.0,0.25806451612903225,1.9585285221467699,29,14,27,-13,0.03403802005578621,0,0,0,0,0,1,0,0,0,-1,0,0,0,0,0
1fcj,D,206,ASP,-3.5,111.1,-1.0,1,3,T,0.49693251533742333,-82.6,-0.2,8.0,19.0,0.2962962962962963,1.7430116613168047,20,19,12,7,0.035436842797804825,0,0,0,0,0,1,0,0,0,3,4122,17,0,866,1
1fcj,D,207,SER,-0.8,89.0,0.0,1,1,S,0.015384615384615385,-154.5,61.2,17.0,16.0,0.5151515151515151,2.734324279842012,31,17,18,-1,0.043363505002576956,0,0,0,0,0,0,1,0,0,3,4122,17,0,866,1
1fcj,D,208,PRO,-1.6,112.7,0.0,0,0,-,0.25735294117647056,-79.5,54.1,12.0,23.0,0.34285714285714286,2.5362547501843946,31,14,26,-12,0.04149840801321881,0,0,0,0,0,0,0,0,0,3,4122,17,0,866,1
1fcj,D,209,VAL,4.2,140.0,0.0,0,0,H,0.02112676056338028,-65.7,-26.7,16.0,20.0,0.4444444444444444,4.466305439312284,35,11,27,-16,0.045228601991935104,1,0,0,0,0,0,0,0,0,3,4122,17,0,866,1
1fcj,D,210,ILE,4.5,166.7,0.0,0,0,H,0.029585798816568046,-73.0,-42.8,25.0,18.0,0.5813953488372093,4.706760799365436,39,6,15,-9,0.043363505002576956,1,0,0,0,0,0,0,0,0,-1,0,0,0,0,0
1fcj,D,211,ALA,1.8,88.6,0.0,0,0,H,0.39622641509433965,-65.2,-38.2,16.0,18.0,0.47058823529411764,2.0387222152770677,26,7,22,-15,0.03776821403450251,1,0,0,0,0,0,0,0,0,39,51,4,0,2,1
1fcj,D,212,GLN,-3.5,143.8,0.0,2,2,H,0.08585858585858586,-63.5,-52.9,15.0,10.0,0.6,2.4445656072987783,24,9,25,-16,0.04103213376587927,1,0,0,0,0,0,0,0,0,39,51,4,0,2,1
1fcj,D,213,ALA,1.8,88.6,0.0,0,0,H,0.25471698113207547,-54.0,-50.6,15.0,9.0,0.625,2.0621806055071454,20,4,18,-14,0.03776821403450251,1,0,0,0,0,0,0,0,0,39,51,4,0,2,1
1fcj,D,214,LEU,3.8,166.7,0.0,0,0,H,0.5,-63.5,-27.2,12.0,9.0,0.5714285714285714,1.9820184279029371,22,10,18,-8,0.028909003335051305,1,0,0,0,0,0,0,0,0,39,51,4,0,2,1
1fcj,D,215,ALA,1.8,88.6,0.0,0,0,T,0.5660377358490566,-88.6,0.4,10.0,4.0,0.7142857142857143,1.7915320952391152,15,1,15,-14,0.02144861537761871,0,0,0,0,0,1,0,0,0,39,51,4,0,2,1
1fcj,D,216,GLY,-0.4,60.1,0.0,0,0,T,0.8452380952380952,73.5,17.6,0.0,12.0,0.0,1.7096245249387538,13,2,16,-14,0.020516066882939634,0,0,0,0,0,1,0,0,0,39,51,4,0,2,1
1fcj,D,217,GLU,-3.5,138.4,-1.0,1,3,-,0.5773195876288659,-91.8,168.9,10.0,3.0,0.7692307692307693,1.7496246579253196,12,9,9,0,0.027043906345693154,0,0,0,0,0,0,0,0,0,39,51,4,0,2,1
1fcj,D,218,GLU,-3.5,138.4,-1.0,1,3,-,0.7319587628865979,-72.5,145.2,1.0,16.0,0.058823529411764705,1.9768944778922573,11,9,9,0,0.025178809356335007,0,0,0,0,0,0,0,0,0,39,51,4,0,2,1
1fcj,D,219,ILE,4.5,166.7,0.0,0,0,-,0.39644970414201186,-78.6,114.9,7.0,12.0,0.3684210526315789,1.97483123481586,21,9,18,-9,0.03357174580844668,0,0,0,0,0,0,0,0,0,39,51,4,0,2,1
1fcj,D,220,LYS,-3.9,168.6,1.0,2,0,-,0.44878048780487806,-133.5,89.7,4.0,17.0,0.19047619047619047,2.029026952210516,17,0,21,-21,0.030307826077069916,0,0,0,0,0,0,0,0,0,39,51,4,0,2,1
1fcj,D,221,PRO,-1.6,112.7,0.0,0,0,-,0.5441176470588235,-70.8,169.6,6.0,17.0,0.2608695652173913,1.978060683691803,20,16,14,2,0.032639197313767604,0,0,0,0,0,0,0,0,0,-1,0,0,0,0,0
1fcj,D,222,GLY,-0.4,60.1,0.0,0,0,-,0.2976190476190476,-153.9,164.9,7.0,11.0,0.3888888888888889,1.7275748484064397,21,18,9,9,0.026577632098353617,0,0,0,0,0,0,0,0,0,3,4122,17,0,866,1
1fcj,D,223,PRO,-1.6,112.7,0.0,0,0,-,0.8897058823529411,-74.7,144.5,0.0,20.0,0.0,1.83388472074347,16,21,8,13,0.02144861537761871,0,0,0,0,0,0,0,0,0,-1,0,0,0,0,0
1fcj,D,224,HIS,-3.2,153.2,0.1,2,1,-,0.2717391304347826,-152.0,171.7,24.0,2.0,0.9230769230769231,1.917713196387405,25,9,15,-6,0.03357174580844668,0,0,0,0,0,0,0,0,0,3,4122,17,0,866,1
1fcj,D,225,LYS,-3.9,168.6,1.0,2,0,S,0.6048780487804878,-104.7,0.8,11.0,15.0,0.4230769230769231,1.936531007887285,19,10,16,-6,0.029375277582390842,0,0,0,0,0,0,1,0,0,-1,0,0,0,0,0
1fcj,D,226,ILE,4.5,166.7,0.0,0,0,-,0.0,-84.9,76.4,31.0,8.0,0.7948717948717948,3.238942141888163,35,19,22,-3,0.04289723075523742,0,0,0,0,0,0,0,0,0,-1,0,0,0,0,0
1fcj,D,227,GLN,-3.5,143.8,0.0,2,2,T,0.6565656565656566,-47.6,132.4,8.0,20.0,0.2857142857142857,1.7529789610050275,24,23,0,23,0.028909003335051305,0,0,0,0,0,1,0,0,0,-1,0,0,0,0,0
1fcj,D,228,GLY,-0.4,60.1,0.0,0,0,T,0.5833333333333334,103.6,-28.9,20.0,16.0,0.5555555555555556,1.709544939050819,33,19,2,17,0.030774100324409453,0,0,0,0,0,1,0,0,0,-1,0,0,0,0,0
1fcj,D,229,ILE,4.5,166.7,0.0,0,0,S,0.05917159763313609,-123.5,172.9,31.0,16.0,0.6595744680851063,2.6036055432232734,38,17,8,9,0.034970568550465285,0,0,0,0,0,0,1,0,0,3,4122,17,0,866,1
1fcj,D,230,GLY,-0.4,60.1,0.0,0,0,-,0.15476190476190477,66.9,65.6,22.0,17.0,0.5641025641025641,2.0297173778611737,33,14,14,0,0.045228601991935104,0,0,0,0,0,0,0,0,0,3,4122,17,0,866,1
1fcj,D,231,ALA,1.8,88.6,0.0,0,0,-,0.42452830188679247,-75.6,-8.9,12.0,21.0,0.36363636363636365,1.7976055509675153,30,9,6,3,0.032172923066428064,0,0,0,0,0,0,0,0,0,3,4122,17,0,866,1
1fcj,D,232,GLY,-0.4,60.1,0.0,0,0,S,0.15476190476190477,89.8,2.6,7.0,22.0,0.2413793103448276,1.7836075960321747,26,13,9,4,0.034970568550465285,0,0,0,0,0,0,1,0,0,3,4122,17,0,866,1
1fcj,D,233,PHE,2.8,189.9,0.0,0,0,S,0.47715736040609136,-153.9,175.6,4.0,24.0,0.14285714285714285,2.138541575107539,25,2,1,1,0.030774100324409453,0,0,0,0,0,0,1,0,0,-1,0,0,0,0,0
1fcj,D,234,ILE,4.5,166.7,0.0,0,0,-,0.3076923076923077,-96.4,110.7,12.0,20.0,0.375,2.095446193050728,26,0,6,-6,0.035436842797804825,0,0,0,0,0,0,0,0,0,-1,0,0,0,0,0
1fcj,D,235,PRO,-1.6,112.7,0.0,0,0,-,0.029411764705882353,-69.3,151.1,22.0,8.0,0.7333333333333333,2.626424247063562,27,0,5,-5,0.03730193978716297,0,0,0,0,0,0,0,0,0,-1,0,0,0,0,0
1fcj,D,236,GLY,-0.4,60.1,0.0,0,0,T,0.7976190476190477,-61.5,-27.5,8.0,15.0,0.34782608695652173,1.709657108920244,23,5,8,-3,0.02611135785101408,0,0,0,0,0,1,0,0,0,-1,0,0,0,0,0
1fcj,D,237,ASN,-3.5,114.1,0.0,2,2,T,0.07006369426751592,-84.0,5.7,21.0,11.0,0.65625,2.2277877005514655,32,9,11,-2,0.04709369898129325,0,0,0,0,0,1,0,0,0,54,7,14,0,1,1
1fcj,D,238,LEU,3.8,166.7,0.0,0,0,-,0.04878048780487805,-106.2,114.9,18.0,20.0,0.47368421052631576,3.127431850605566,35,11,9,2,0.04709369898129325,0,0,0,0,0,0,0,0,0,-1,0,0,0,0,0
1fcj,D,239,ASP,-3.5,111.1,-1.0,1,3,-,0.20245398773006135,-94.4,98.9,13.0,17.0,0.43333333333333335,2.07087216326779,25,20,1,19,0.03730193978716297,0,0,0,0,0,0,0,0,0,64,24,0,0,0,1
1fcj,D,240,LEU,3.8,166.7,0.0,0,0,G,0.27439024390243905,-53.4,-28.0,12.0,19.0,0.3870967741935484,2.0063302136841763,27,13,11,2,0.03450429430312575,0,0,0,1,0,0,0,0,0,64,24,0,0,0,1
1fcj,D,241,LYS,-3.9,168.6,1.0,2,0,G,0.8878048780487805,-65.0,-21.9,2.0,18.0,0.1,1.9186668650478893,13,8,11,-3,0.022847438119637322,0,0,0,1,0,0,0,0,0,64,24,0,0,0,1
1fcj,D,242,LEU,3.8,166.7,0.0,0,0,G,0.18292682926829268,-86.6,-6.8,20.0,12.0,0.625,2.272283742077689,28,31,16,15,0.03776821403450251,0,0,0,1,0,0,0,0,0,35,44,8,0,3,1
1fcj,D,243,ILE,4.5,166.7,0.0,0,0,-,0.10059171597633136,-86.0,121.7,18.0,17.0,0.5142857142857142,2.691688067747019,27,18,16,2,0.04196468226055834,0,0,0,0,0,0,0,0,0,35,44,8,0,3,1
1fcj,D,244,ASP,-3.5,111.1,-1.0,1,3,S,0.5337423312883436,-94.6,-27.4,12.0,15.0,0.4444444444444444,1.7982511145105882,24,19,6,13,0.032172923066428064,0,0,0,0,0,0,1,0,0,35,44,8,0,3,1
1fcj,D,245,LYS,-3.9,168.6,1.0,2,0,E,0.4146341463414634,-155.4,145.9,12.0,17.0,0.41379310344827586,2.2081875400489794,27,4,11,-7,0.032639197313767604,0,0,1,0,0,0,0,0,0,29,24,13,0,4,1
1fcj,D,246,VAL,4.2,140.0,0.0,0,0,E,0.2605633802816901,-121.5,129.2,15.0,21.0,0.4166666666666667,1.929603277691976,31,9,15,-6,0.03870076252918159,0,0,1,0,0,0,0,0,0,29,24,13,0,4,1
1fcj,D,247,VAL,4.2,140.0,0.0,0,0,E,0.09859154929577464,-116.4,125.3,18.0,17.0,0.5142857142857142,2.300517378180779,36,18,14,4,0.0363693912924839,0,0,1,0,0,0,0,0,0,29,24,13,0,4,1
1fcj,D,248,GLY,-0.4,60.1,0.0,0,0,E,0.35714285714285715,-93.5,134.3,10.0,28.0,0.2631578947368421,1.7988569122198288,31,13,23,-10,0.03916703677652112,0,0,1,0,0,0,0,0,0,-1,0,0,0,0,0
1fcj,D,249,ILE,4.5,166.7,0.0,0,0,E,0.0,-123.0,141.9,29.0,11.0,0.725,3.4163686108952636,37,13,32,-19,0.045228601991935104,0,0,1,0,0,0,0,0,0,-1,0,0,0,0,0
1fcj,D,250,THR,-0.7,116.1,0.0,1,1,-,0.2676056338028169,-85.2,161.1,4.0,26.0,0.13333333333333333,2.33757220134635,27,17,29,-12,0.03683566553982344,0,0,0,0,0,0,0,0,0,-1,0,0,0,0,0
1fcj,D,251,ASN,-3.5,114.1,0.0,2,2,H,0.05732484076433121,-59.4,-39.2,7.0,22.0,0.2413793103448276,2.349367127246953,25,19,28,-9,0.04243095650789788,1,0,0,0,0,0,0,0,0,-1,0,0,0,0,0
1fcj,D,252,GLU,-3.5,138.4,-1.0,1,3,H,0.654639175257732,-66.4,-40.0,0.0,22.0,0.0,1.7915637605132595,17,16,12,4,0.028909003335051305,1,0,0,0,0,0,0,0,0,-1,0,0,0,0,0
1fcj,D,253,GLU,-3.5,138.4,-1.0,1,3,H,0.27319587628865977,-66.7,-40.3,14.0,15.0,0.4827586206896552,1.8742600681798958,28,8,11,-3,0.03776821403450251,1,0,0,0,0,0,0,0,0,-1,0,0,0,0,0
1fcj,D,254,ALA,1.8,88.6,0.0,0,0,H,0.0,-60.4,-54.2,22.0,17.0,0.5641025641025641,4.21330618043214,35,24,20,4,0.05129016720734909,1,0,0,0,0,0,0,0,0,-1,0,0,0,0,0
1fcj,D,255,ILE,4.5,166.7,0.0,0,0,H,0.2781065088757396,-61.2,-47.7,6.0,24.0,0.2,2.2179009539605716,24,24,17,7,0.03823448828184205,1,0,0,0,0,0,0,0,0,-1,0,0,0,0,0
1fcj,D,256,SER,-0.8,89.0,0.0,1,1,H,0.43846153846153846,-64.2,-36.7,6.0,22.0,0.21428571428571427,1.8165736656582194,25,22,22,0,0.03170664881908853,1,0,0,0,0,0,0,0,0,-1,0,0,0,0,0
1fcj,D,257,THR,-0.7,116.1,0.0,1,1,H,0.06338028169014084,-70.9,-36.1,22.0,16.0,0.5789473684210527,2.8416323242998565,35,21,23,-2,0.04429605349725603,1,0,0,0,0,0,0,0,0,-1,0,0,0,0,0
1fcj,D,258,ALA,1.8,88.6,0.0,0,0,H,0.0660377358490566,-60.5,-40.3,19.0,18.0,0.5135135135135135,2.8661022429397875,36,21,22,-1,0.04942507021799094,1,0,0,0,0,0,0,0,0,-1,0,0,0,0,0
1fcj,D,259,ARG,-4.5,173.4,1.0,5,0,H,0.6290322580645161,-65.5,-39.3,8.0,28.0,0.2222222222222222,1.9327756187798324,24,12,18,-6,0.03870076252918159,1,0,0,0,0,0,0,0,0,24,24,22,0,5,1
1fcj,D,260,ARG,-4.5,173.4,1.0,5,0,H,0.31451612903225806,-61.8,-40.4,15.0,19.0,0.4411764705882353,2.140950260478196,26,18,29,-11,0.04103213376587927,1,0,0,0,0,0,0,0,0,-1,0,0,0,0,0
1fcj,D,261,LEU,3.8,166.7,0.0,0,0,H,0.0,-56.4,-42.7,26.0,19.0,0.5777777777777777,5.8968289336998545,45,26,27,-1,0.050823892960009553,1,0,0,0,0,0,0,0,0,-1,0,0,0,0,0
1fcj,D,262,MET,1.9,162.9,0.0,0,0,H,0.13829787234042554,-69.6,-50.6,23.0,20.0,0.5348837209302325,3.1483837833439225,35,24,27,-3,0.04989134446533048,1,0,0,0,0,0,0,0,0,-1,0,0,0,0,0
1fcj,D,263,GLU,-3.5,138.4,-1.0,1,3,H,0.6082474226804123,-72.8,-36.8,11.0,26.0,0.2972972972972973,1.9768933305642211,29,31,18,13,0.040565859518539735,1,0,0,0,0,0,0,0,0,24,24,22,0,5,1
1fcj,D,264,GLU,-3.5,138.4,-1.0,1,3,H,0.17525773195876287,-96.0,-22.6,11.0,23.0,0.3235294117647059,1.8778879860127802,27,29,18,11,0.043363505002576956,1,0,0,0,0,0,0,0,0,69,0,18,0,0,1
1fcj,D,265,GLU,-3.5,138.4,-1.0,1,3,H,0.041237113402061855,-124.5,-6.0,23.0,17.0,0.575,2.5700739011391587,39,37,27,10,0.05222271570202816,1,0,0,0,0,0,0,0,0,69,0,18,0,0,1
1fcj,D,266,GLY,-0.4,60.1,0.0,0,0,-,0.0,65.3,33.0,25.0,23.0,0.5208333333333334,5.268391494691217,42,16,29,-13,0.05129016720734909,0,0,0,0,0,0,0,0,0,-1,0,0,0,0,0
1fcj,D,267,ILE,4.5,166.7,0.0,0,0,-,0.011834319526627219,-114.7,117.8,30.0,25.0,0.5454545454545454,6.163613928680022,46,20,26,-6,0.04289723075523742,0,0,0,0,0,0,0,0,0,-1,0,0,0,0,0
1fcj,D,268,LEU,3.8,166.7,0.0,0,0,-,0.15853658536585366,-75.9,106.4,21.0,27.0,0.4375,2.8129306049413585,36,16,10,6,0.040565859518539735,0,0,0,0,0,0,0,0,0,-1,0,0,0,0,0
1fcj,D,269,ALA,1.8,88.6,0.0,0,0,-,0.04716981132075472,-123.8,146.4,28.0,15.0,0.6511627906976745,2.9958941134633967,39,12,5,7,0.04289723075523742,0,0,0,0,0,0,0,0,0,-1,0,0,0,0,0
1fcj,D,270,GLY,-0.4,60.1,0.0,0,0,-,0.11904761904761904,-78.2,171.9,19.0,19.0,0.5,2.3275125730414503,36,9,1,8,0.0363693912924839,0,0,0,0,0,0,0,0,0,-1,0,0,0,0,0
1fcj,D,271,ILE,4.5,166.7,0.0,0,0,H,0.31952662721893493,-59.1,-39.4,14.0,24.0,0.3684210526315789,2.4363769446384467,34,20,8,12,0.04289723075523742,1,0,0,0,0,0,0,0,0,-1,0,0,0,0,0
1fcj,D,272,SER,-0.8,89.0,0.0,1,1,H,0.06923076923076923,-67.7,-27.3,21.0,28.0,0.42857142857142855,2.639673915281731,45,6,6,0,0.04476232774459557,1,0,0,0,0,0,0,0,0,-1,0,0,0,0,0
1fcj,D,273,SER,-0.8,89.0,0.0,1,1,H,0.0,-69.9,-40.8,21.0,28.0,0.42857142857142855,4.403008485152289,45,6,7,-1,0.04942507021799094,1,0,0,0,0,0,0,0,0,-1,0,0,0,0,0
1fcj,D,274,GLY,-0.4,60.1,0.0,0,0,H,0.0,-62.2,-42.0,23.0,26.0,0.46938775510204084,5.184833851971931,43,13,12,1,0.04989134446533048,1,0,0,0,0,0,0,0,0,-1,0,0,0,0,0
1fcj,D,275,ALA,1.8,88.6,0.0,0,0,H,0.0,-61.3,-46.0,24.0,24.0,0.5,5.95785217723332,44,9,18,-9,0.05408781269138631,1,0,0,0,0,0,0,0,0,-1,0,0,0,0,0
1fcj,D,276,ALA,1.8,88.6,0.0,0,0,H,0.0,-62.8,-40.8,28.0,26.0,0.5185185185185185,5.697748620411028,47,7,9,-2,0.0526889899493677,1,0,0,0,0,0,0,0,0,-1,0,0,0,0,0
1fcj,D,277,VAL,4.2,140.0,0.0,0,0,H,0.0,-70.4,-31.6,27.0,26.0,0.5094339622641509,5.334472893568814,45,19,7,12,0.04616115048661418,1,0,0,0,0,0,0,0,0,-1,0,0,0,0,0
1fcj,D,278,ALA,1.8,88.6,0.0,0,0,H,0.04716981132075472,-64.9,-33.8,23.0,19.0,0.5476190476190477,2.1832009554443013,41,15,18,-3,0.04429605349725603,1,0,0,0,0,0,0,0,0,-1,0,0,0,0,0
1fcj,D,279,ALA,1.8,88.6,0.0,0,0,H,0.0,-67.1,-40.2,26.0,19.0,0.5777777777777777,3.9130314189642617,38,16,18,-2,0.04616115048661418,1,0,0,0,0,0,0,0,0,-1,0,0,0,0,0
1fcj,D,280,ALA,1.8,88.6,0.0,0,0,H,0.0,-58.8,-44.8,27.0,22.0,0.5510204081632653,4.69784472377728,40,18,11,7,0.048492521723311866,1,0,0,0,0,0,0,0,0,7,1419,8,0,119,1
1fcj,D,281,LEU,3.8,166.7,0.0,0,0,H,0.23170731707317074,-62.0,-43.1,13.0,20.0,0.3939393939393939,2.1276542200896182,30,19,18,1,0.03870076252918159,1,0,0,0,0,0,0,0,0,7,1419,8,0,119,1
1fcj,D,282,LYS,-3.9,168.6,1.0,2,0,H,0.35121951219512193,-59.9,-47.7,17.0,15.0,0.53125,1.8922486893667474,27,4,24,-20,0.03170664881908853,1,0,0,0,0,0,0,0,0,-1,0,0,0,0,0
1fcj,D,283,LEU,3.8,166.7,0.0,0,0,H,0.042682926829268296,-58.1,-38.9,27.0,9.0,0.75,2.6321432315850015,31,25,21,4,0.04149840801321881,1,0,0,0,0,0,0,0,0,29,24,13,0,4,1
1fcj,D,284,GLN,-3.5,143.8,0.0,2,2,T,0.14646464646464646,-68.1,-3.3,16.0,8.0,0.6666666666666666,2.3003455684749636,26,21,22,-1,0.04243095650789788,0,0,0,0,0,1,0,0,0,7,1419,8,0,119,1
1fcj,D,285,GLU,-3.5,138.4,-1.0,1,3,T,0.8298969072164949,-83.1,-14.3,5.0,10.0,0.3333333333333333,1.7466542997034193,14,9,14,-5,0.027510180593032695,0,0,0,0,0,1,0,0,0,7,1419,8,0,119,1
1fcj,D,286,ASP,-3.5,111.1,-1.0,1,3,S,0.4049079754601227,-97.1,117.3,8.0,5.0,0.6153846153846154,1.8152535138211285,18,14,18,-4,0.029375277582390842,0,0,0,0,0,0,1,0,0,29,24,13,0,4,1
1fcj,D,287,GLU,-3.5,138.4,-1.0,1,3,G,0.8814432989690721,-49.8,-26.9,0.0,12.0,0.0,1.7084463909371264,10,3,13,-10,0.02471253510899547,0,0,0,1,0,0,0,0,0,-1,0,0,0,0,0
1fcj,D,288,SER,-0.8,89.0,0.0,1,1,G,0.5384615384615384,-68.8,-16.8,3.0,11.0,0.21428571428571427,1.8056609324453357,16,14,23,-9,0.027043906345693154,0,0,0,1,0,0,0,0,0,-1,0,0,0,0,0
1fcj,D,289,PHE,2.8,189.9,0.0,0,0,G,0.03553299492385787,-100.2,-8.9,17.0,7.0,0.7083333333333334,2.6486887326032504,27,23,30,-7,0.040565859518539735,0,0,0,1,0,0,0,0,0,29,24,13,0,4,1
1fcj,D,290,THR,-0.7,116.1,0.0,1,1,T,0.3873239436619718,-47.5,-35.9,4.0,17.0,0.19047619047619047,1.8671608331376974,21,21,23,-2,0.03730193978716297,0,0,0,0,0,1,0,0,0,7,1419,8,0,119,1
1fcj,D,291,ASN,-3.5,114.1,0.0,2,2,T,0.7515923566878981,-116.7,21.1,0.0,20.0,0.0,1.757452890638423,14,20,13,7,0.028909003335051305,0,0,0,0,0,1,0,0,0,7,1419,8,0,119,1
1fcj,D,292,LYS,-3.9,168.6,1.0,2,0,-,0.3024390243902439,-92.8,143.2,17.0,9.0,0.6538461538461539,2.426120984894879,24,13,22,-9,0.040099585271200194,0,0,0,0,0,0,0,0,0,7,1419,8,0,119,1
1fcj,D,293,ASN,-3.5,114.1,0.0,2,2,-,0.17834394904458598,-85.7,120.4,14.0,21.0,0.4,2.7336574564806755,27,30,8,22,0.04429605349725603,0,0,0,0,0,0,0,0,0,-1,0,0,0,0,0
1fcj,D,294,ILE,4.5,166.7,0.0,0,0,E,0.0,-104.1,118.4,22.0,20.0,0.5238095238095238,6.303076231126474,40,23,8,15,0.050823892960009553,0,0,1,0,0,0,0,0,0,7,1419,8,0,119,1
1fcj,D,295,VAL,4.2,140.0,0.0,0,0,E,0.0,-97.1,128.0,24.0,22.0,0.5217391304347826,7.127221934230563,44,19,11,8,0.05175644145468863,0,0,1,0,0,0,0,0,0,-1,0,0,0,0,0
1fcj,D,296,VAL,4.2,140.0,0.0,0,0,E,0.0,-124.5,131.3,23.0,25.0,0.4791666666666667,6.2742062445951445,43,12,4,8,0.05129016720734909,0,0,1,0,0,0,0,0,0,-1,0,0,0,0,0
1fcj,D,297,ILE,4.5,166.7,0.0,0,0,E,0.011834319526627219,-81.2,132.3,22.0,28.0,0.44,3.0354519778450375,41,18,9,9,0.05035761871267001,0,0,1,0,0,0,0,0,0,-1,0,0,0,0,0
1fcj,D,298,LEU,3.8,166.7,0.0,0,0,E,0.018292682926829267,-109.8,96.1,27.0,25.0,0.5192307692307693,5.795978582281203,43,13,9,4,0.04989134446533048,0,0,1,0,0,0,0,0,0,-1,0,0,0,0,0
1fcj,D,299,PRO,-1.6,112.7,0.0,0,0,-,0.11764705882352941,-54.9,-32.9,22.0,25.0,0.46808510638297873,2.7823116384952233,45,21,9,12,0.045694876239274644,0,0,0,0,0,0,0,0,0,-1,0,0,0,0,0
1fcj,D,300,SER,-0.8,89.0,0.0,1,1,B,0.1076923076923077,-157.0,174.1,17.0,23.0,0.425,2.5125617785003453,33,14,10,4,0.04429605349725603,0,1,0,0,0,0,0,0,0,-1,0,0,0,0,0
1fcj,D,301,SER,-0.8,89.0,0.0,1,1,-,0.15384615384615385,-96.7,173.5,15.0,22.0,0.40540540540540543,1.9223794003473709,30,8,10,-2,0.03730193978716297,0,0,0,0,0,0,0,0,0,-1,0,0,0,0,0
1fcj,D,302,GLY,-0.4,60.1,0.0,0,0,-,1.0,-65.6,360.0,17.0,15.0,0.53125,1.7095272817435856,25,9,5,4,0.024246260861655933,0,0,0,0,0,0,0,0,0,-1,0,0,0,0,0
1cmc,A,1,ALA,1.8,88.6,0.0,0,0,-,1.0,360.0,151.7,9.0,1.0,0.9,1.7675277791547952,12,1,9,-8,0.010724307688809356,0,0,0,0,0,0,0,0,0,-1,0,0,0,0,0
1cmc,A,2,GLU,-3.5,138.4,-1.0,1,3,-,0.6701030927835051,-93.7,124.2,6.0,10.0,0.375,1.7494098021518216,11,0,8,-8,0.020049792635600097,0,0,0,0,0,0,0,0,0,-1,0,0,0,0,0
1cmc,A,3,TRP,-0.9,227.8,0.0,1,0,-,0.07048458149779736,-49.4,138.2,19.0,6.0,0.76,2.717576090094681,27,13,27,-14,0.03357174580844668,0,0,0,0,0,0,0,0,0,-1,0,0,0,0,0
1cmc,A,4,SER,-0.8,89.0,0.0,1,1,-,0.4076923076923077,-75.7,-8.5,5.0,18.0,0.21739130434782608,1.8346964437130941,21,1,22,-21,0.032639197313767604,0,0,0,0,0,0,0,0,0,-1,0,0,0,0,0
1cmc,A,5,GLY,-0.4,60.1,0.0,0,0,-,0.0,86.5,1.7,14.0,16.0,0.4666666666666667,3.7248755949384376,27,10,28,-18,0.048026247475972325,0,0,0,0,0,0,0,0,0,-1,0,0,0,0,0
1cmc,A,6,GLU,-3.5,138.4,-1.0,1,3,-,0.6082474226804123,-92.1,86.2,2.0,27.0,0.06896551724137931,1.811344399141185,20,2,6,-4,0.0363693912924839,0,0,0,0,0,0,0,0,0,-1,0,0,0,0,0
1cmc,A,7,TYR,-1.3,193.6,0.0,1,1,-,0.04054054054054054,-63.9,137.4,23.0,14.0,0.6216216216216216,4.265417281531827,32,18,24,-6,0.04616115048661418,0,0,0,0,0,0,0,0,0,-1,0,0,0,0,0
1cmc,A,8,ILE,4.5,166.7,0.0,0,0,-,0.16568047337278108,-116.5,133.8,18.0,18.0,0.5,3.003521017757537,32,16,20,-4,0.04149840801321881,0,0,0,0,0,0,0,0,0,16,0,10,0,0,1
1cmc,A,9,SER,-0.8,89.0,0.0,1,1,-,0.0,-72.8,134.0,17.0,22.0,0.4358974358974359,5.162510857263103,35,32,39,-7,0.045694876239274644,0,0,0,0,0,0,0,0,0,16,0,10,0,0,1
1cmc,A,10,PRO,-1.6,112.7,0.0,0,0,S,0.029411764705882353,-74.1,-17.6,21.0,21.0,0.5,3.9554970155456597,39,32,33,-1,0.048026247475972325,0,0,0,0,0,0,1,0,0,-1,0,0,0,0,0
1cmc,A,11,TYR,-1.3,193.6,0.0,1,1,-,0.05405405405405406,-110.4,138.7,14.0,27.0,0.34146341463414637,3.4966005981000507,36,31,44,-13,0.043829779249916496,0,0,0,0,0,0,0,0,0,2,111,10,0,12,1
1cmc,A,12,ALA,1.8,88.6,0.0,0,0,S,0.2358490566037736,-64.1,-45.9,13.0,16.0,0.4482758620689655,2.1251043485844803,27,33,27,6,0.04149840801321881,0,0,0,0,0,0,1,0,0,9,1,8,0,0,1
1cmc,A,13,GLU,-3.5,138.4,-1.0,1,3,E,0.7268041237113402,-111.0,109.5,4.0,17.0,0.19047619047619047,1.7443087637534451,17,33,19,14,0.03590311704514436,0,0,1,0,0,0,0,0,0,9,1,8,0,0,1
1cmc,A,14,HIS,-3.2,153.2,0.1,2,1,E,0.03804347826086957,-136.3,129.3,13.0,10.0,0.5652173913043478,2.0655302221591896,24,22,36,-14,0.04243095650789788,0,0,1,0,0,0,0,0,0,7,13,5,0,0,1
1cmc,A,15,GLY,-0.4,60.1,0.0,0,0,T,0.7976190476190477,58.2,-106.4,7.0,10.0,0.4117647058823529,1.7096210661893945,17,40,28,12,0.02611135785101408,0,0,0,0,0,1,0,0,0,7,13,5,0,0,1
1cmc,A,16,LYS,-3.9,168.6,1.0,2,0,T,0.9902439024390244,-163.1,66.4,0.0,12.0,0.0,1.8707359481110446,8,19,11,8,0.022381163872297785,0,0,0,0,0,1,0,0,0,9,1,8,0,0,1
1cmc,A,17,LYS,-3.9,168.6,1.0,2,0,E,0.5317073170731708,-128.5,143.4,9.0,6.0,0.6,1.9570083280674548,15,20,25,-5,0.02844272908771177,0,0,1,0,0,0,0,0,0,9,1,8,0,0,1
1cmc,A,18,SER,-0.8,89.0,0.0,1,1,E,0.7384615384615385,-130.1,134.2,2.0,14.0,0.125,1.7396001855952434,14,28,18,10,0.030307826077069916,0,0,1,0,0,0,0,0,0,9,1,8,0,0,1
1cmc,A,19,GLU,-3.5,138.4,-1.0,1,3,-,0.18041237113402062,-116.5,145.9,18.0,4.0,0.8181818181818182,1.773101870150687,20,33,9,24,0.03403802005578621,0,0,0,0,0,0,0,0,0,16,0,10,0,0,1
1cmc,A,20,GLN,-3.5,143.8,0.0,2,2,-,0.6565656565656566,-79.6,149.9,4.0,15.0,0.21052631578947367,1.8829508824114665,15,16,10,6,0.02611135785101408,0,0,0,0,0,0,0,0,0,9,1,8,0,0,1
1cmc,A,21,VAL,4.2,140.0,0.0,0,0,E,0.36619718309859156,-124.1,161.1,14.0,8.0,0.6363636363636364,1.99537012606191,20,21,14,7,0.03450429430312575,0,0,1,0,0,0,0,0,0,-1,0,0,0,0,0
1cmc,A,22,LYS,-3.9,168.6,1.0,2,0,E,0.5317073170731708,-132.3,143.5,7.0,12.0,0.3684210526315789,2.236422201425627,18,14,2,12,0.03403802005578621,0,0,1,0,0,0,0,0,0,-1,0,0,0,0,0
1cmc,A,23,LYS,-3.9,168.6,1.0,2,0,E,0.6731707317073171,-99.0,148.4,3.0,15.0,0.16666666666666666,1.9109112649358753,12,9,0,9,0.03170664881908853,0,0,1,0,0,0,0,0,0,-1,0,0,0,0,0
1cmc,A,24,ILE,4.5,166.7,0.0,0,0,E,0.13609467455621302,-136.2,157.4,16.0,7.0,0.6956521739130435,2.1313484636023396,17,21,0,21,0.03357174580844668,0,0,1,0,0,0,0,0,0,-1,0,0,0,0,0
1cmc,A,25,THR,-0.7,116.1,0.0,1,1,E,0.5704225352112676,-106.4,127.8,2.0,17.0,0.10526315789473684,1.8194089586180124,10,21,0,21,0.02984155182973038,0,0,1,0,0,0,0,0,0,-1,0,0,0,0,0
1cmc,A,26,VAL,4.2,140.0,0.0,0,0,E,0.014084507042253521,-123.2,145.0,19.0,8.0,0.7037037037037037,2.643175650489326,18,18,6,12,0.03823448828184205,0,0,1,0,0,0,0,0,0,-1,0,0,0,0,0
1cmc,A,27,SER,-0.8,89.0,0.0,1,1,E,0.46923076923076923,-101.9,115.7,8.0,20.0,0.2857142857142857,1.8563495386813222,24,16,13,3,0.03450429430312575,0,0,1,0,0,0,0,0,0,-1,0,0,0,0,0
1cmc,A,28,ILE,4.5,166.7,0.0,0,0,E,0.01775147928994083,-119.9,122.5,22.0,15.0,0.5945945945945946,3.819019304737906,30,25,12,13,0.045694876239274644,0,0,1,0,0,0,0,0,0,-1,0,0,0,0,0
1cmc,A,29,PRO,-1.6,112.7,0.0,0,0,E,0.014705882352941176,-54.6,143.0,19.0,13.0,0.59375,2.517925834993252,32,25,22,3,0.045228601991935104,0,0,1,0,0,0,0,0,0,-1,0,0,0,0,0
1cmc,A,30,LEU,3.8,166.7,0.0,0,0,H,0.40853658536585363,-58.5,-31.7,4.0,19.0,0.17391304347826086,1.9021004912882837,21,28,9,19,0.03683566553982344,1,0,0,0,0,0,0,0,0,15,0,0,0,0,1
1cmc,A,31,LYS,-3.9,168.6,1.0,2,0,H,0.5024390243902439,-63.2,-41.2,10.0,14.0,0.4166666666666667,1.9154435931531926,24,11,12,-1,0.032639197313767604,1,0,0,0,0,0,0,0,0,3,24,7,0,2,1
1cmc,A,32,VAL,4.2,140.0,0.0,0,0,H,0.014084507042253521,-71.6,-39.2,28.0,9.0,0.7567567567567568,4.421212267795849,33,22,12,10,0.04616115048661418,1,0,0,0,0,0,0,0,0,3,24,7,0,2,1
1cmc,A,33,LEU,3.8,166.7,0.0,0,0,H,0.06097560975609756,-59.9,-40.4,14.0,19.0,0.42424242424242425,2.1605084410983446,24,34,9,25,0.04289723075523742,1,0,0,0,0,0,0,0,0,-1,0,0,0,0,0
1cmc,A,34,LYS,-3.9,168.6,1.0,2,0,H,0.6195121951219512,-63.0,-44.8,4.0,16.0,0.2,2.05208454723979,18,11,12,-1,0.03310547156110714,1,0,0,0,0,0,0,0,0,14,1,0,0,0,1
1cmc,A,35,ILE,4.5,166.7,0.0,0,0,H,0.1893491124260355,-62.4,-43.8,14.0,11.0,0.56,2.084098528343768,24,20,17,3,0.03870076252918159,1,0,0,0,0,0,0,0,0,14,1,0,0,0,1
1cmc,A,36,LEU,3.8,166.7,0.0,0,0,H,0.006097560975609756,-57.7,-47.3,21.0,12.0,0.6363636363636364,4.479885490985058,29,29,20,9,0.048958795970651406,1,0,0,0,0,0,0,0,0,-1,0,0,0,0,0
1cmc,A,37,THR,-0.7,116.1,0.0,1,1,H,0.2676056338028169,-74.4,-32.8,7.0,18.0,0.28,2.2232500984429153,26,31,17,14,0.03870076252918159,1,0,0,0,0,0,0,0,0,-1,0,0,0,0,0
1cmc,A,38,ASP,-3.5,111.1,-1.0,1,3,H,0.4785276073619632,-61.9,-43.4,6.0,13.0,0.3157894736842105,1.7220003771680623,19,36,9,27,0.0363693912924839,1,0,0,0,0,0,0,0,0,14,1,0,0,0,1
1cmc,A,39,GLU,-3.5,138.4,-1.0,1,3,H,0.16494845360824742,-67.9,-35.9,17.0,12.0,0.5862068965517241,2.097221004837432,30,38,16,22,0.043363505002576956,1,0,0,0,0,0,0,0,0,-1,0,0,0,0,0
1cmc,A,40,ARG,-4.5,173.4,1.0,5,0,H,0.2620967741935484,-74.4,-33.3,12.0,13.0,0.48,3.155463691014357,24,26,22,4,0.048492521723311866,1,0,0,0,0,0,0,0,0,-1,0,0,0,0,0
1cmc,A,41,THR,-0.7,116.1,0.0,1,1,H,0.4014084507042254,-67.6,-49.0,5.0,15.0,0.25,2.354039704404285,19,32,17,15,0.03683566553982344,1,0,0,0,0,0,0,0,0,-1,0,0,0,0,0
1cmc,A,42,ARG,-4.5,173.4,1.0,5,0,H,0.31048387096774194,-51.1,-45.7,7.0,13.0,0.35,2.076449320144979,21,19,26,-7,0.03683566553982344,1,0,0,0,0,0,0,0,0,-1,0,0,0,0,0
1cmc,A,43,ARG,-4.5,173.4,1.0,5,0,H,0.04032258064516129,-58.2,-47.6,20.0,7.0,0.7407407407407407,3.0515126335554426,32,44,40,4,0.050823892960009553,1,0,0,0,0,0,0,0,0,-1,0,0,0,0,0
1cmc,A,44,GLN,-3.5,143.8,0.0,2,2,H,0.5050505050505051,-58.3,-58.4,7.0,13.0,0.35,1.8772322921402096,20,40,10,30,0.03823448828184205,1,0,0,0,0,0,0,0,0,10,3,1,0,0,1
1cmc,A,45,VAL,4.2,140.0,0.0,0,0,H,0.7746478873239436,-58.1,-31.5,5.0,7.0,0.4166666666666667,1.8766575233628195,14,25,6,19,0.026577632098353617,1,0,0,0,0,0,0,0,0,-1,0,0,0,0,0
1cmc,A,46,ASN,-3.5,114.1,0.0,2,2,T,0.535031847133758,-86.3,-0.4,13.0,4.0,0.7647058823529411,1.7662015139166733,17,40,13,27,0.027043906345693154,0,0,0,0,0,1,0,0,0,10,3,1,0,0,1
1cmc,A,47,ASN,-3.5,114.1,0.0,2,2,T,0.5859872611464968,63.4,34.0,4.0,15.0,0.21052631578947367,1.805603681841206,16,44,8,36,0.032639197313767604,0,0,0,0,0,1,0,0,0,10,3,1,0,0,1
1cmc,A,48,LEU,3.8,166.7,0.0,0,0,B,0.04878048780487805,-91.2,156.1,17.0,8.0,0.68,2.3777979179889366,27,70,28,42,0.04616115048661418,0,1,0,0,0,0,0,0,0,10,3,1,0,0,1
1cmc,A,49,ARG,-4.5,173.4,1.0,5,0,S,0.2903225806451613,-68.4,165.3,17.0,14.0,0.5483870967741935,2.185518169007508,26,50,40,10,0.040099585271200194,0,0,0,0,0,0,1,0,0,13,0,6,0,0,1
1cmc,A,50,HIS,-3.2,153.2,0.1,2,1,-,0.10326086956521739,54.8,41.2,20.0,14.0,0.5882352941176471,2.287138842789139,34,39,39,0,0.03916703677652112,0,0,0,0,0,0,0,0,0,2,111,10,0,12,1
1cmc,A,51,ALA,1.8,88.6,0.0,0,0,-,0.16981132075471697,-85.9,60.8,16.0,13.0,0.5517241379310345,1.767810918226548,25,48,23,25,0.045228601991935104,0,0,0,0,0,0,0,0,0,2,111,10,0,12,1
1cmc,A,52,THR,-0.7,116.1,0.0,1,1,S,0.3873239436619718,-135.9,156.6,12.0,15.0,0.4444444444444444,2.335571806786523,24,37,20,17,0.03590311704514436,0,0,0,0,0,0,1,0,0,2,111,10,0,12,1
1cmc,A,53,ASN,-3.5,114.1,0.0,2,2,H,0.16560509554140126,-63.7,-38.7,15.0,20.0,0.42857142857142855,2.3821914959264983,27,21,21,0,0.04243095650789788,1,0,0,0,0,0,0,0,0,2,111,10,0,12,1
1cmc,A,54,SER,-0.8,89.0,0.0,1,1,H,0.14615384615384616,-60.9,-49.1,15.0,20.0,0.42857142857142855,1.9016125800432964,27,22,17,5,0.03916703677652112,1,0,0,0,0,0,0,0,0,2,111,10,0,12,1
1cmc,A,55,GLU,-3.5,138.4,-1.0,1,3,H,0.20618556701030927,-71.0,-34.2,14.0,22.0,0.3888888888888889,2.208471126129808,30,28,17,11,0.04755997322863279,1,0,0,0,0,0,0,0,0,2,111,10,0,12,1
1cmc,A,56,LEU,3.8,166.7,0.0,0,0,H,0.04878048780487805,-58.9,-51.4,18.0,20.0,0.47368421052631576,2.507983682269733,32,29,30,-1,0.050823892960009553,1,0,0,0,0,0,0,0,0,2,111,10,0,12,1
1cmc,A,57,LEU,3.8,166.7,0.0,0,0,H,0.024390243902439025,-59.0,-45.4,26.0,23.0,0.5306122448979592,4.422214548606437,28,7,21,-14,0.04709369898129325,1,0,0,0,0,0,0,0,0,-1,0,0,0,0,0
1cmc,A,58,CYS,2.5,108.5,0.0,1,0,H,0.022222222222222223,-65.0,-41.7,20.0,22.0,0.47619047619047616,3.4916195544007156,34,14,18,-4,0.04709369898129325,1,0,0,0,0,0,0,0,0,-1,0,0,0,0,0
1cmc,A,59,GLU,-3.5,138.4,-1.0,1,3,H,0.05154639175257732,-64.5,-47.8,17.0,23.0,0.425,2.7467201881103542,33,27,12,15,0.04989134446533048,1,0,0,0,0,0,0,0,0,-1,0,0,0,0,0
1cmc,A,60,ALA,1.8,88.6,0.0,0,0,H,0.02830188679245283,-57.6,-45.7,19.0,18.0,0.5135135135135135,2.795638369139219,23,23,19,4,0.0526889899493677,1,0,0,0,0,0,0,0,0,-1,0,0,0,0,0
1cmc,A,61,PHE,2.8,189.9,0.0,0,0,H,0.03553299492385787,-60.3,-48.0,24.0,19.0,0.5581395348837209,3.221757172515683,32,20,25,-5,0.04755997322863279,1,0,0,0,0,0,0,0,0,-1,0,0,0,0,0
1cmc,A,62,LEU,3.8,166.7,0.0,0,0,H,0.0,-62.3,-42.1,20.0,19.0,0.5128205128205128,5.160037428998762,30,15,13,2,0.04989134446533048,1,0,0,0,0,0,0,0,0,-1,0,0,0,0,0
1cmc,A,63,HIS,-3.2,153.2,0.1,2,1,H,0.21195652173913043,-61.2,-52.3,21.0,16.0,0.5675675675675675,2.620040155624911,17,0,10,-10,0.045694876239274644,1,0,0,0,0,0,0,0,0,0,5983,13,0,897,1
1cmc,A,64,ALA,1.8,88.6,0.0,0,0,H,0.20754716981132076,-60.5,-42.4,24.0,10.0,0.7058823529411765,1.9894328701955573,19,21,18,3,0.04243095650789788,1,0,0,0,0,0,0,0,0,-1,0,0,0,0,0
1cmc,A,65,PHE,2.8,189.9,0.0,0,0,H,0.5177664974619289,-72.3,-46.6,14.0,17.0,0.45161290322580644,1.94907806127596,25,16,16,0,0.032172923066428064,1,0,0,0,0,0,0,0,0,-1,0,0,0,0,0
1cmc,A,66,THR,-0.7,116.1,0.0,1,1,H,0.30985915492957744,-112.7,-12.8,15.0,10.0,0.6,1.9072526300835462,21,12,14,-2,0.03357174580844668,1,0,0,0,0,0,0,0,0,-1,0,0,0,0,0
1cmc,A,67,GLY,-0.4,60.1,0.0,0,0,-,0.4166666666666667,88.7,-0.8,8.0,17.0,0.32,1.8226720711766504,21,15,13,2,0.03730193978716297,0,0,0,0,0,0,0,0,0,0,5983,13,0,897,1
1cmc,A,68,GLN,-3.5,143.8,0.0,2,2,P,0.030303030303030304,-58.1,127.6,17.0,16.0,0.5151515151515151,3.795894951935114,33,11,15,-4,0.043829779249916496,0,0,0,0,0,0,0,0,0,-1,0,0,0,0,0
1cmc,A,69,PRO,-1.6,112.7,0.0,0,0,P,0.19117647058823528,-60.9,145.5,18.0,15.0,0.5454545454545454,2.380492709030747,30,15,26,-11,0.03870076252918159,0,0,0,0,0,0,0,0,0,-1,0,0,0,0,0
1cmc,A,70,LEU,3.8,166.7,0.0,0,0,P,0.36585365853658536,-80.4,155.5,14.0,23.0,0.3783783783783784,1.9375806404213398,28,18,27,-9,0.035436842797804825,0,0,0,0,0,0,0,0,0,-1,0,0,0,0,0
1cmc,A,71,PRO,-1.6,112.7,0.0,0,0,P,0.13970588235294118,-75.4,145.0,21.0,12.0,0.6363636363636364,2.219259845172281,32,35,46,-11,0.03916703677652112,0,0,0,0,0,0,0,0,0,-1,0,0,0,0,0
1cmc,A,72,ASP,-3.5,111.1,-1.0,1,3,P,0.5398773006134969,-90.9,172.3,4.0,16.0,0.2,1.854596257685926,21,20,29,-9,0.027043906345693154,0,0,0,0,0,0,0,0,0,-1,0,0,0,0,0
1cmc,A,73,ASP,-3.5,111.1,-1.0,1,3,G,0.3987730061349693,-62.5,-34.5,6.0,17.0,0.2608695652173913,1.801913446858658,18,41,23,18,0.03170664881908853,0,0,0,1,0,0,0,0,0,-1,0,0,0,0,0
1cmc,A,74,ALA,1.8,88.6,0.0,0,0,G,0.5943396226415094,-64.3,-24.4,2.0,20.0,0.09090909090909091,1.7676432004152502,21,33,42,-9,0.030774100324409453,0,0,0,1,0,0,0,0,0,6,24,5,0,1,1
1cmc,A,75,ASP,-3.5,111.1,-1.0,1,3,G,0.03680981595092025,-67.2,-31.6,12.0,13.0,0.48,2.410434978144959,27,48,46,2,0.045228601991935104,0,0,0,1,0,0,0,0,0,6,24,5,0,1,1
1cmc,A,76,LEU,3.8,166.7,0.0,0,0,G,0.018292682926829267,-92.0,-1.5,13.0,13.0,0.5,3.9128313337813063,30,68,50,18,0.0526889899493677,0,0,0,1,0,0,0,0,0,6,24,5,0,1,1
1cmc,A,77,ARG,-4.5,173.4,1.0,5,0,B,0.4838709677419355,-64.4,130.1,3.0,18.0,0.14285714285714285,2.3022503897856295,15,31,30,1,0.043829779249916496,0,1,0,0,0,0,0,0,0,13,0,6,0,0,1
1cmc,A,78,LYS,-3.9,168.6,1.0,2,0,T,0.4634146341463415,-64.9,-23.6,8.0,11.0,0.42105263157894735,1.9278559355633145,17,41,22,19,0.03590311704514436,0,0,0,0,0,1,0,0,0,13,0,6,0,0,1
1cmc,A,79,GLU,-3.5,138.4,-1.0,1,3,T,0.6958762886597938,-72.5,-17.3,1.0,12.0,0.07692307692307693,1.728973207696224,13,38,7,31,0.02331371236697686,0,0,0,0,0,1,0,0,0,13,0,6,0,0,1
1cmc,A,80,ARG,-4.5,173.4,1.0,5,0,S,0.1693548387096774,-84.1,141.3,13.0,4.0,0.7647058823529411,2.0410726616741566,19,31,50,-19,0.03124037457174899,0,0,0,0,0,0,1,0,0,13,0,6,0,0,1
1cmc,A,81,SER,-0.8,89.0,0.0,1,1,-,0.6153846153846154,-59.2,142.6,6.0,11.0,0.35294117647058826,1.9963224306205387,19,38,34,4,0.025645083603674543,0,0,0,0,0,0,0,0,0,13,0,6,0,0,1
1cmc,A,82,ASP,-3.5,111.1,-1.0,1,3,S,0.17791411042944785,-72.7,97.8,11.0,12.0,0.4782608695652174,1.8974259818522092,28,59,27,32,0.03683566553982344,0,0,0,0,0,0,1,0,0,13,0,6,0,0,1
1cmc,A,83,GLU,-3.5,138.4,-1.0,1,3,-,0.422680412371134,-139.4,178.9,12.0,23.0,0.34285714285714286,2.309574433989337,26,39,36,3,0.03870076252918159,0,0,0,0,0,0,0,0,0,6,24,5,0,1,1
1cmc,A,84,ILE,4.5,166.7,0.0,0,0,S,0.01775147928994083,-50.0,134.4,20.0,17.0,0.5405405405405406,2.8197687076487714,36,25,48,-23,0.043829779249916496,0,0,0,0,0,0,1,0,0,-1,0,0,0,0,0
1cmc,A,85,PRO,-1.6,112.7,0.0,0,0,-,0.051470588235294115,-48.2,136.7,16.0,13.0,0.5517241379310345,3.3934383482652906,31,20,50,-30,0.04662742473395372,0,0,0,0,0,0,0,0,0,-1,0,0,0,0,0
1cmc,A,86,GLU,-3.5,138.4,-1.0,1,3,H,0.41237113402061853,-58.4,-39.4,7.0,17.0,0.2916666666666667,1.8705899031066073,21,23,38,-15,0.035436842797804825,1,0,0,0,0,0,0,0,0,6,24,5,0,1,1
1cmc,A,87,ALA,1.8,88.6,0.0,0,0,H,0.5,-58.2,-41.8,8.0,15.0,0.34782608695652173,1.8543140930486826,22,22,36,-14,0.03450429430312575,1,0,0,0,0,0,0,0,0,-1,0,0,0,0,0
1cmc,A,88,ALA,1.8,88.6,0.0,0,0,H,0.0,-66.1,-45.5,19.0,14.0,0.5757575757575758,4.154512146547052,31,22,36,-14,0.04709369898129325,1,0,0,0,0,0,0,0,0,-1,0,0,0,0,0
1cmc,A,89,LYS,-3.9,168.6,1.0,2,0,H,0.04878048780487805,-54.6,-40.8,10.0,19.0,0.3448275862068966,3.2901334242598903,24,16,41,-25,0.048492521723311866,1,0,0,0,0,0,0,0,0,-1,0,0,0,0,0
1cmc,A,90,GLU,-3.5,138.4,-1.0,1,3,H,0.5773195876288659,-65.1,-44.8,4.0,18.0,0.18181818181818182,1.9876243667734752,18,20,21,-1,0.035436842797804825,1,0,0,0,0,0,0,0,0,-1,0,0,0,0,0
1cmc,A,91,ILE,4.5,166.7,0.0,0,0,H,0.3076923076923077,-63.8,-38.5,13.0,11.0,0.5416666666666666,2.405683882867105,24,18,34,-16,0.04196468226055834,1,0,0,0,0,0,0,0,0,-1,0,0,0,0,0
1cmc,A,92,MET,1.9,162.9,0.0,0,0,H,0.0,-53.9,-46.8,16.0,10.0,0.6153846153846154,4.350669439498395,27,19,38,-19,0.04989134446533048,1,0,0,0,0,0,0,0,0,-1,0,0,0,0,0
1cmc,A,93,ARG,-4.5,173.4,1.0,5,0,H,0.3870967741935484,-56.1,-51.4,6.0,15.0,0.2857142857142857,1.9221135614796665,19,9,34,-25,0.03776821403450251,1,0,0,0,0,0,0,0,0,-1,0,0,0,0,0
1cmc,A,94,GLU,-3.5,138.4,-1.0,1,3,H,0.7835051546391752,-57.9,-39.6,9.0,8.0,0.5294117647058824,1.740844220635631,14,13,16,-3,0.027043906345693154,1,0,0,0,0,0,0,0,0,-1,0,0,0,0,0
1cmc,A,95,MET,1.9,162.9,0.0,0,0,T,0.3776595744680851,-79.7,2.3,13.0,4.0,0.7647058823529411,1.9965709270084822,17,9,29,-20,0.030774100324409453,0,0,0,0,0,1,0,0,0,-1,0,0,0,0,0
1cmc,A,96,GLY,-0.4,60.1,0.0,0,0,T,0.8095238095238095,78.5,21.1,0.0,16.0,0.0,1.709533636203391,17,10,16,-6,0.02144861537761871,0,0,0,0,0,1,0,0,0,-1,0,0,0,0,0
1cmc,A,97,ILE,4.5,166.7,0.0,0,0,-,0.17751479289940827,-106.5,118.7,13.0,6.0,0.6842105263157895,1.944109465978856,21,16,27,-11,0.03403802005578621,0,0,0,0,0,0,0,0,0,-1,0,0,0,0,0
1cmc,A,98,ASN,-3.5,114.1,0.0,2,2,-,0.5414012738853503,-68.0,110.1,2.0,17.0,0.10526315789473684,1.7908505532494237,17,18,13,5,0.03357174580844668,0,0,0,0,0,0,0,0,0,-1,0,0,0,0,0
1cmc,A,99,PRO,-1.6,112.7,0.0,0,0,T,0.0661764705882353,-62.6,-22.9,15.0,10.0,0.6,2.3629077334224884,26,21,37,-16,0.04149840801321881,0,0,0,0,0,1,0,0,0,-1,0,0,0,0,0
1cmc,A,100,GLU,-3.5,138.4,-1.0,1,3,T,0.6082474226804123,-77.4,-18.6,0.0,17.0,0.0,1.7700367447891387,15,19,12,7,0.025178809356335007,0,0,0,0,0,1,0,0,0,-1,0,0,0,0,0
1cmc,A,101,THR,-0.7,116.1,0.0,1,1,T,0.704225352112676,-117.6,-3.0,3.0,12.0,0.2,1.8525361736247394,11,1,18,-17,0.024246260861655933,0,0,0,0,0,1,0,0,0,12,2,1,0,0,1
1cmc,A,102,TRP,-0.9,227.8,0.0,1,0,-,0.3303964757709251,-57.8,132.6,17.0,2.0,0.8947368421052632,2.106589511796138,24,8,23,-15,0.03683566553982344,0,0,0,0,0,0,0,0,0,12,2,1,0,0,1
1cmc,A,103,GLU,-3.5,138.4,-1.0,1,3,-,0.8865979381443299,-93.1,128.1,0.0,16.0,0.0,1.7085508816030772,15,11,8,3,0.025645083603674543,0,0,0,0,0,0,0,0,0,12,2,1,0,0,1
1cmc,A,104,TYR,-1.3,193.6,0.0,1,1,-,0.20270270270270271,-159.3,360.0,19.0,6.0,0.76,2.0000649704538405,29,27,34,-7,0.03730193978716297,0,0,0,0,0,0,0,0,0,16,0,10,0,0,1
1cmc,B,1,ALA,1.8,88.6,0.0,0,0,-,1.0,360.0,-165.0,3.0,4.0,0.42857142857142855,1.7674660990539095,8,0,9,-9,0.008859210699451206,0,0,0,0,0,0,0,0,0,-1,0,0,0,0,0
1cmc,B,2,GLU,-3.5,138.4,-1.0,1,3,-,0.7422680412371134,-74.0,-174.8,7.0,10.0,0.4117647058823529,1.708503962909269,13,0,4,-4,0.018650969893581486,0,0,0,0,0,0,0,0,0,-1,0,0,0,0,0
1cmc,B,3,TRP,-0.9,227.8,0.0,1,0,-,0.039647577092511016,-61.0,133.0,20.0,4.0,0.8333333333333334,2.7476085185769548,27,13,23,-10,0.030774100324409453,0,0,0,0,0,0,0,0,0,-1,0,0,0,0,0
1cmc,B,4,SER,-0.8,89.0,0.0,1,1,-,0.36923076923076925,-67.7,-21.7,5.0,18.0,0.21739130434782608,1.8151263525416297,21,1,20,-19,0.032639197313767604,0,0,0,0,0,0,0,0,0,-1,0,0,0,0,0
1cmc,B,5,GLY,-0.4,60.1,0.0,0,0,S,0.0,87.4,4.4,12.0,18.0,0.4,3.8296140930348264,27,11,27,-16,0.04755997322863279,0,0,0,0,0,0,1,0,0,17,0,6,0,0,1
1cmc,B,6,GLU,-3.5,138.4,-1.0,1,3,-,0.5618556701030928,-83.8,79.3,3.0,26.0,0.10344827586206896,1.868327468979536,21,2,5,-3,0.03403802005578621,0,0,0,0,0,0,0,0,0,17,0,6,0,0,1
1cmc,B,7,TYR,-1.3,193.6,0.0,1,1,-,0.03153153153153153,-58.9,132.1,24.0,15.0,0.6153846153846154,4.515730751229892,34,17,22,-5,0.04709369898129325,0,0,0,0,0,0,0,0,0,17,0,6,0,0,1
1cmc,B,8,ILE,4.5,166.7,0.0,0,0,-,0.14792899408284024,-119.2,131.0,19.0,19.0,0.5,3.321281612869973,33,16,20,-4,0.04289723075523742,0,0,0,0,0,0,0,0,0,3,24,7,0,2,1
1cmc,B,9,SER,-0.8,89.0,0.0,1,1,-,0.007692307692307693,-72.1,131.1,20.0,20.0,0.5,4.74445767296405,35,28,40,-12,0.04616115048661418,0,0,0,0,0,0,0,0,0,-1,0,0,0,0,0
1cmc,B,10,PRO,-1.6,112.7,0.0,0,0,S,0.03676470588235294,-84.8,-7.4,20.0,21.0,0.4878048780487805,3.943541443310329,41,31,33,-2,0.048026247475972325,0,0,0,0,0,0,1,0,0,-1,0,0,0,0,0
1cmc,B,11,TYR,-1.3,193.6,0.0,1,1,-,0.05405405405405406,-111.3,130.3,14.0,28.0,0.3333333333333333,3.703037159286383,37,34,45,-11,0.04709369898129325,0,0,0,0,0,0,0,0,0,1,1472,11,0,191,1
1cmc,B,12,ALA,1.8,88.6,0.0,0,0,S,0.19811320754716982,-70.9,-35.7,14.0,17.0,0.45161290322580644,2.150462646124727,27,31,28,3,0.04289723075523742,0,0,0,0,0,0,1,0,0,1,1472,11,0,191,1
1cmc,B,13,GLU,-3.5,138.4,-1.0,1,3,E,0.5979381443298969,-115.7,115.5,5.0,17.0,0.22727272727272727,1.7392287598954466,19,33,19,14,0.035436842797804825,0,0,1,0,0,0,0,0,0,1,1472,11,0,191,1
1cmc,B,14,HIS,-3.2,153.2,0.1,2,1,E,0.059782608695652176,-152.2,137.2,15.0,7.0,0.6818181818181818,2.0823170835350475,23,26,36,-10,0.04103213376587927,0,0,1,0,0,0,0,0,0,1,1472,11,0,191,1
1cmc,B,15,GLY,-0.4,60.1,0.0,0,0,T,0.5952380952380952,55.2,-121.9,7.0,12.0,0.3684210526315789,1.7096675265067987,17,42,28,14,0.030307826077069916,0,0,0,0,0,1,0,0,0,1,1472,11,0,191,1
1cmc,B,16,LYS,-3.9,168.6,1.0,2,0,T,1.0,-114.2,32.6,1.0,11.0,0.08333333333333333,1.8707891336524318,8,19,14,5,0.020516066882939634,0,0,0,0,0,1,0,0,0,-1,0,0,0,0,0
1cmc,B,17,LYS,-3.9,168.6,1.0,2,0,E,0.6829268292682927,-126.3,152.2,11.0,4.0,0.7333333333333333,1.8707528274623344,13,19,24,-5,0.027510180593032695,0,0,1,0,0,0,0,0,0,1,1472,11,0,191,1
1cmc,B,18,SER,-0.8,89.0,0.0,1,1,E,0.7,-131.7,116.3,0.0,15.0,0.0,1.8060890382567223,13,25,18,7,0.02984155182973038,0,0,1,0,0,0,0,0,0,-1,0,0,0,0,0
1cmc,B,19,GLU,-3.5,138.4,-1.0,1,3,-,0.20618556701030927,-86.5,162.2,18.0,4.0,0.8181818181818182,1.743749125696839,21,30,9,21,0.03357174580844668,0,0,0,0,0,0,0,0,0,15,0,0,0,0,1
1cmc,B,20,GLN,-3.5,143.8,0.0,2,2,-,0.7575757575757576,-78.3,141.2,4.0,16.0,0.2,1.8080883292027856,15,15,11,4,0.025645083603674543,0,0,0,0,0,0,0,0,0,15,0,0,0,0,1
1cmc,B,21,VAL,4.2,140.0,0.0,0,0,E,0.5,-130.5,158.9,14.0,9.0,0.6086956521739131,2.0383878195671907,20,20,15,5,0.03357174580844668,0,0,1,0,0,0,0,0,0,15,0,0,0,0,1
1cmc,B,22,LYS,-3.9,168.6,1.0,2,0,E,0.5707317073170731,-129.4,139.2,8.0,12.0,0.4,2.170637577198146,17,13,0,13,0.032172923066428064,0,0,1,0,0,0,0,0,0,-1,0,0,0,0,0
1cmc,B,23,LYS,-3.9,168.6,1.0,2,0,E,0.6926829268292682,-99.9,131.3,3.0,14.0,0.17647058823529413,1.951382639593264,10,9,0,9,0.03170664881908853,0,0,1,0,0,0,0,0,0,-1,0,0,0,0,0
1cmc,B,24,ILE,4.5,166.7,0.0,0,0,E,0.1242603550295858,-131.2,157.6,15.0,7.0,0.6818181818181818,2.3040746881287144,17,21,0,21,0.03403802005578621,0,0,1,0,0,0,0,0,0,-1,0,0,0,0,0
1cmc,B,25,THR,-0.7,116.1,0.0,1,1,E,0.5492957746478874,-105.8,128.8,3.0,17.0,0.15,1.8503926979817817,10,23,0,23,0.03124037457174899,0,0,1,0,0,0,0,0,0,-1,0,0,0,0,0
1cmc,B,26,VAL,4.2,140.0,0.0,0,0,E,0.007042253521126761,-128.5,146.0,19.0,8.0,0.7037037037037037,2.8513608096905343,17,18,6,12,0.03916703677652112,0,0,1,0,0,0,0,0,0,-1,0,0,0,0,0
1cmc,B,27,SER,-0.8,89.0,0.0,1,1,E,0.38461538461538464,-96.6,129.1,10.0,17.0,0.37037037037037035,1.889324142100424,25,16,11,5,0.03590311704514436,0,0,1,0,0,0,0,0,0,-1,0,0,0,0,0
1cmc,B,28,ILE,4.5,166.7,0.0,0,0,E,0.011834319526627219,-131.7,132.1,21.0,16.0,0.5675675675675675,3.40312248397434,30,25,11,14,0.04616115048661418,0,0,1,0,0,0,0,0,0,-1,0,0,0,0,0
1cmc,B,29,PRO,-1.6,112.7,0.0,0,0,E,0.022058823529411766,-58.0,148.1,20.0,13.0,0.6060606060606061,2.619076300744996,32,26,19,7,0.04476232774459557,0,0,1,0,0,0,0,0,0,-1,0,0,0,0,0
1cmc,B,30,LEU,3.8,166.7,0.0,0,0,H,0.3597560975609756,-58.9,-43.6,4.0,19.0,0.17391304347826086,1.9061934121271586,22,28,9,19,0.03916703677652112,1,0,0,0,0,0,0,0,0,-1,0,0,0,0,0
1cmc,B,31,LYS,-3.9,168.6,1.0,2,0,H,0.48292682926829267,-59.9,-36.7,10.0,14.0,0.4166666666666667,1.9222155844636017,24,12,11,1,0.03310547156110714,1,0,0,0,0,0,0,0,0,16,0,10,0,0,1
1cmc,B,32,VAL,4.2,140.0,0.0,0,0,H,0.014084507042253521,-75.0,-41.8,28.0,9.0,0.7567567567567568,4.58576910451267,32,23,13,10,0.04476232774459557,1,0,0,0,0,0,0,0,0,16,0,10,0,0,1
1cmc,B,33,LEU,3.8,166.7,0.0,0,0,H,0.10975609756097561,-61.4,-40.0,14.0,19.0,0.42424242424242425,2.1652409791136162,25,33,8,25,0.04149840801321881,1,0,0,0,0,0,0,0,0,-1,0,0,0,0,0
1cmc,B,34,LYS,-3.9,168.6,1.0,2,0,H,0.5804878048780487,-53.6,-42.0,4.0,14.0,0.2222222222222222,2.0807038270018787,16,12,12,0,0.032639197313767604,1,0,0,0,0,0,0,0,0,-1,0,0,0,0,0
1cmc,B,35,ILE,4.5,166.7,0.0,0,0,H,0.21301775147928995,-72.5,-36.9,13.0,12.0,0.52,2.083263093111069,23,20,17,3,0.03870076252918159,1,0,0,0,0,0,0,0,0,-1,0,0,0,0,0
1cmc,B,36,LEU,3.8,166.7,0.0,0,0,H,0.006097560975609756,-60.3,-53.3,20.0,13.0,0.6060606060606061,4.305071624964986,29,29,20,9,0.05129016720734909,1,0,0,0,0,0,0,0,0,-1,0,0,0,0,0
1cmc,B,37,THR,-0.7,116.1,0.0,1,1,H,0.23943661971830985,-64.9,-36.5,6.0,18.0,0.25,2.1893599656960427,25,27,17,10,0.03963331102386066,1,0,0,0,0,0,0,0,0,-1,0,0,0,0,0
1cmc,B,38,ASP,-3.5,111.1,-1.0,1,3,H,0.4723926380368098,-63.6,-43.8,6.0,13.0,0.3157894736842105,1.7111055064015956,19,36,9,27,0.03683566553982344,1,0,0,0,0,0,0,0,0,-1,0,0,0,0,0
1cmc,B,39,GLU,-3.5,138.4,-1.0,1,3,H,0.17525773195876287,-68.1,-33.1,16.0,12.0,0.5714285714285714,2.1204047925306444,30,39,15,24,0.04196468226055834,1,0,0,0,0,0,0,0,0,-1,0,0,0,0,0
1cmc,B,40,ARG,-4.5,173.4,1.0,5,0,H,0.28225806451612906,-64.5,-42.6,11.0,14.0,0.44,3.099570471624105,23,26,21,5,0.04942507021799094,1,0,0,0,0,0,0,0,0,-1,0,0,0,0,0
1cmc,B,41,THR,-0.7,116.1,0.0,1,1,H,0.4084507042253521,-63.4,-42.0,5.0,15.0,0.25,2.339622574029029,19,34,17,17,0.03683566553982344,1,0,0,0,0,0,0,0,0,-1,0,0,0,0,0
1cmc,B,42,ARG,-4.5,173.4,1.0,5,0,H,0.31048387096774194,-58.9,-42.8,7.0,13.0,0.35,2.0818918085249782,22,22,26,-4,0.0363693912924839,1,0,0,0,0,0,0,0,0,-1,0,0,0,0,0
1cmc,B,43,ARG,-4.5,173.4,1.0,5,0,H,0.04435483870967742,-66.3,-40.0,20.0,7.0,0.7407407407407407,3.046701100437886,32,46,41,5,0.05035761871267001,1,0,0,0,0,0,0,0,0,-1,0,0,0,0,0
1cmc,B,44,GLN,-3.5,143.8,0.0,2,2,H,0.5,-64.2,-52.7,7.0,13.0,0.35,1.8767678739629166,20,41,11,30,0.03870076252918159,1,0,0,0,0,0,0,0,0,-1,0,0,0,0,0
1cmc,B,45,VAL,4.2,140.0,0.0,0,0,H,0.795774647887324,-69.8,-8.3,4.0,10.0,0.2857142857142857,1.8725392451198875,14,27,5,22,0.02611135785101408,1,0,0,0,0,0,0,0,0,-1,0,0,0,0,0
1cmc,B,46,ASN,-3.5,114.1,0.0,2,2,T,0.43312101910828027,-108.9,1.3,13.0,4.0,0.7647058823529411,1.8410813725950772,17,40,14,26,0.02984155182973038,0,0,0,0,0,1,0,0,0,8,4,2,0,0,1
1cmc,B,47,ASN,-3.5,114.1,0.0,2,2,T,0.6369426751592356,57.3,49.0,2.0,16.0,0.1111111111111111,1.8219326762352566,16,45,8,37,0.032172923066428064,0,0,0,0,0,1,0,0,0,8,4,2,0,0,1
1cmc,B,48,LEU,3.8,166.7,0.0,0,0,B,0.03048780487804878,-102.0,155.7,17.0,8.0,0.68,2.566934178549912,27,70,26,44,0.04709369898129325,0,1,0,0,0,0,0,0,0,8,4,2,0,0,1
1cmc,B,49,ARG,-4.5,173.4,1.0,5,0,S,0.2217741935483871,-71.1,169.3,16.0,15.0,0.5161290322580645,2.257727179540872,26,51,38,13,0.040565859518539735,0,0,0,0,0,0,1,0,0,8,4,2,0,0,1
1cmc,B,50,HIS,-3.2,153.2,0.1,2,1,-,0.08152173913043478,55.8,42.2,21.0,15.0,0.5833333333333334,2.270335812523835,34,41,39,2,0.040565859518539735,0,0,0,0,0,0,0,0,0,1,1472,11,0,191,1
1cmc,B,51,ALA,1.8,88.6,0.0,0,0,-,0.1509433962264151,-98.6,69.5,17.0,12.0,0.5862068965517241,1.7675737866377612,25,48,23,25,0.043363505002576956,0,0,0,0,0,0,0,0,0,-1,0,0,0,0,0
1cmc,B,52,THR,-0.7,116.1,0.0,1,1,S,0.4154929577464789,-141.2,147.2,13.0,15.0,0.4642857142857143,2.2903215662961847,25,37,20,17,0.03590311704514436,0,0,0,0,0,0,1,0,0,-1,0,0,0,0,0
1cmc,B,53,ASN,-3.5,114.1,0.0,2,2,H,0.1910828025477707,-48.8,-44.1,16.0,21.0,0.43243243243243246,2.1801216921521345,27,20,19,1,0.040565859518539735,1,0,0,0,0,0,0,0,0,-1,0,0,0,0,0
1cmc,B,54,SER,-0.8,89.0,0.0,1,1,H,0.13846153846153847,-60.6,-49.8,16.0,19.0,0.45714285714285713,1.9001855978731015,27,17,17,0,0.03823448828184205,1,0,0,0,0,0,0,0,0,-1,0,0,0,0,0
1cmc,B,55,GLU,-3.5,138.4,-1.0,1,3,H,0.18041237113402062,-71.7,-34.2,13.0,23.0,0.3611111111111111,2.2263522572313597,30,30,17,13,0.04709369898129325,1,0,0,0,0,0,0,0,0,1,1472,11,0,191,1
1cmc,B,56,LEU,3.8,166.7,0.0,0,0,H,0.042682926829268296,-61.1,-43.1,18.0,20.0,0.47368421052631576,2.510484112793154,33,28,30,-2,0.050823892960009553,1,0,0,0,0,0,0,0,0,-1,0,0,0,0,0
1cmc,B,57,LEU,3.8,166.7,0.0,0,0,H,0.024390243902439025,-72.1,-36.4,25.0,23.0,0.5208333333333334,4.602164380798583,27,5,22,-17,0.04709369898129325,1,0,0,0,0,0,0,0,0,-1,0,0,0,0,0
1cmc,B,58,CYS,2.5,108.5,0.0,1,0,H,0.014814814814814815,-70.1,-36.9,20.0,22.0,0.47619047619047616,3.5324643183193527,34,13,18,-5,0.04709369898129325,1,0,0,0,0,0,0,0,0,-1,0,0,0,0,0
1cmc,B,59,GLU,-3.5,138.4,-1.0,1,3,H,0.05154639175257732,-62.6,-46.5,18.0,22.0,0.45,2.8085170407913376,33,28,12,16,0.04989134446533048,1,0,0,0,0,0,0,0,0,-1,0,0,0,0,0
1cmc,B,60,ALA,1.8,88.6,0.0,0,0,H,0.009433962264150943,-64.7,-44.0,19.0,18.0,0.5135135135135135,2.82867573528138,23,23,19,4,0.05222271570202816,1,0,0,0,0,0,0,0,0,-1,0,0,0,0,0
1cmc,B,61,PHE,2.8,189.9,0.0,0,0,H,0.030456852791878174,-61.9,-53.0,23.0,19.0,0.5476190476190477,3.219720892781058,32,19,24,-5,0.04755997322863279,1,0,0,0,0,0,0,0,0,-1,0,0,0,0,0
1cmc,B,62,LEU,3.8,166.7,0.0,0,0,H,0.0,-61.1,-41.4,20.0,19.0,0.5128205128205128,5.219193241448876,31,14,13,1,0.04989134446533048,1,0,0,0,0,0,0,0,0,-1,0,0,0,0,0
1cmc,B,63,HIS,-3.2,153.2,0.1,2,1,H,0.22282608695652173,-64.5,-33.6,19.0,17.0,0.5277777777777778,2.6622231604476836,17,0,10,-10,0.045694876239274644,1,0,0,0,0,0,0,0,0,0,5983,13,0,897,1
1cmc,B,64,ALA,1.8,88.6,0.0,0,0,H,0.19811320754716982,-69.6,-53.1,24.0,10.0,0.7058823529411765,1.9720370656415553,20,21,18,3,0.043363505002576956,1,0,0,0,0,0,0,0,0,-1,0,0,0,0,0
1cmc,B,65,PHE,2.8,189.9,0.0,0,0,H,0.49746192893401014,-68.4,-52.0,15.0,16.0,0.4838709677419355,1.9088895327855375,24,17,15,2,0.03310547156110714,1,0,0,0,0,0,0,0,0,-1,0,0,0,0,0
1cmc,B,66,THR,-0.7,116.1,0.0,1,1,H,0.30985915492957744,-108.3,-10.2,14.0,11.0,0.56,1.9483757075641168,21,12,15,-3,0.03357174580844668,1,0,0,0,0,0,0,0,0,-1,0,0,0,0,0
1cmc,B,67,GLY,-0.4,60.1,0.0,0,0,-,0.4166666666666667,83.4,7.4,7.0,18.0,0.28,1.826530078900779,21,15,13,2,0.0363693912924839,0,0,0,0,0,0,0,0,0,-1,0,0,0,0,0
1cmc,B,68,GLN,-3.5,143.8,0.0,2,2,P,0.025252525252525252,-52.4,132.5,18.0,15.0,0.5454545454545454,3.8065344171756093,33,11,16,-5,0.045228601991935104,0,0,0,0,0,0,0,0,0,-1,0,0,0,0,0
1cmc,B,69,PRO,-1.6,112.7,0.0,0,0,P,0.21323529411764705,-67.7,146.6,16.0,17.0,0.48484848484848486,2.398294490531487,30,15,29,-14,0.03823448828184205,0,0,0,0,0,0,0,0,0,-1,0,0,0,0,0
1cmc,B,70,LEU,3.8,166.7,0.0,0,0,P,0.34146341463414637,-77.5,151.8,14.0,24.0,0.3684210526315789,1.9654365546463364,28,18,27,-9,0.0363693912924839,0,0,0,0,0,0,0,0,0,-1,0,0,0,0,0
1cmc,B,71,PRO,-1.6,112.7,0.0,0,0,P,0.13970588235294118,-73.8,150.9,22.0,12.0,0.6470588235294118,2.211463286638073,33,35,46,-11,0.03683566553982344,0,0,0,0,0,0,0,0,0,-1,0,0,0,0,0
1cmc,B,72,ASP,-3.5,111.1,-1.0,1,3,P,0.6809815950920245,-91.9,158.1,7.0,11.0,0.3888888888888889,1.8489331876966253,20,24,27,-3,0.02797645484037223,0,0,0,0,0,0,0,0,0,-1,0,0,0,0,0
1cmc,B,73,ASP,-3.5,111.1,-1.0,1,3,H,0.25766871165644173,-46.6,-40.1,7.0,17.0,0.2916666666666667,2.019911082251953,19,41,23,18,0.03357174580844668,1,0,0,0,0,0,0,0,0,-1,0,0,0,0,0
1cmc,B,74,ALA,1.8,88.6,0.0,0,0,H,0.5377358490566038,-62.0,-36.4,3.0,19.0,0.13636363636363635,1.9038710306056288,21,34,42,-8,0.03310547156110714,1,0,0,0,0,0,0,0,0,-1,0,0,0,0,0
1cmc,B,75,ASP,-3.5,111.1,-1.0,1,3,H,0.0736196319018405,-68.6,-19.7,12.0,13.0,0.48,2.6587323376900196,27,50,47,3,0.04616115048661418,1,0,0,0,0,0,0,0,0,-1,0,0,0,0,0
1cmc,B,76,LEU,3.8,166.7,0.0,0,0,H,0.018292682926829267,-100.4,-8.7,13.0,14.0,0.48148148148148145,3.8136534593110794,30,68,52,16,0.053621538444046775,1,0,0,0,0,0,0,0,0,-1,0,0,0,0,0
1cmc,B,77,ARG,-4.5,173.4,1.0,5,0,B,0.3548387096774194,-62.6,139.0,5.0,17.0,0.22727272727272727,2.188950547561287,16,39,32,7,0.043363505002576956,0,1,0,0,0,0,0,0,0,-1,0,0,0,0,0
1cmc,B,78,LYS,-3.9,168.6,1.0,2,0,T,0.551219512195122,-65.1,-22.2,8.0,11.0,0.42105263157894735,1.8993006581425047,17,38,21,17,0.03403802005578621,0,0,0,0,0,1,0,0,0,8,4,2,0,0,1
1cmc,B,79,GLU,-3.5,138.4,-1.0,1,3,T,0.9381443298969072,-77.8,-16.8,2.0,11.0,0.15384615384615385,1.7084588320988514,13,36,7,29,0.01958351838826056,0,0,0,0,0,1,0,0,0,-1,0,0,0,0,0
1cmc,B,80,ARG,-4.5,173.4,1.0,5,0,S,0.15725806451612903,-95.3,145.2,12.0,4.0,0.75,1.989499341416054,20,29,50,-21,0.030307826077069916,0,0,0,0,0,0,1,0,0,5,24,7,0,1,1
1cmc,B,81,SER,-0.8,89.0,0.0,1,1,-,0.5615384615384615,-66.3,140.6,4.0,13.0,0.23529411764705882,2.0168413728434302,19,43,37,6,0.026577632098353617,0,0,0,0,0,0,0,0,0,5,24,7,0,1,1
1cmc,B,82,ASP,-3.5,111.1,-1.0,1,3,S,0.15337423312883436,-79.7,83.0,12.0,12.0,0.5,1.9844427385161607,27,65,25,40,0.03870076252918159,0,0,0,0,0,0,1,0,0,5,24,7,0,1,1
1cmc,B,83,GLU,-3.5,138.4,-1.0,1,3,S,0.3865979381443299,-140.5,-170.3,10.0,23.0,0.30303030303030304,2.389914280877359,26,40,31,9,0.040099585271200194,0,0,0,0,0,0,1,0,0,5,24,7,0,1,1
1cmc,B,84,ILE,4.5,166.7,0.0,0,0,S,0.011834319526627219,-53.6,137.5,18.0,19.0,0.4864864864864865,2.8728821070713484,35,26,44,-18,0.04476232774459557,0,0,0,0,0,0,1,0,0,-1,0,0,0,0,0
1cmc,B,85,PRO,-1.6,112.7,0.0,0,0,-,0.051470588235294115,-51.0,142.0,16.0,13.0,0.5517241379310345,3.403565636542922,31,19,53,-34,0.04616115048661418,0,0,0,0,0,0,0,0,0,-1,0,0,0,0,0
1cmc,B,86,GLU,-3.5,138.4,-1.0,1,3,H,0.44329896907216493,-55.5,-39.8,7.0,17.0,0.2916666666666667,1.847915839550443,21,23,34,-11,0.032172923066428064,1,0,0,0,0,0,0,0,0,-1,0,0,0,0,0
1cmc,B,87,ALA,1.8,88.6,0.0,0,0,H,0.44339622641509435,-59.9,-38.1,9.0,14.0,0.391304347826087,1.8563681655463586,23,22,35,-13,0.03357174580844668,1,0,0,0,0,0,0,0,0,-1,0,0,0,0,0
1cmc,B,88,ALA,1.8,88.6,0.0,0,0,H,0.0,-73.0,-38.6,19.0,12.0,0.6129032258064516,4.293816189620074,29,22,33,-11,0.048492521723311866,1,0,0,0,0,0,0,0,0,-1,0,0,0,0,0
1cmc,B,89,LYS,-3.9,168.6,1.0,2,0,H,0.09268292682926829,-66.5,-32.7,8.0,21.0,0.27586206896551724,2.8541771543421643,23,16,40,-24,0.04709369898129325,1,0,0,0,0,0,0,0,0,-1,0,0,0,0,0
1cmc,B,90,GLU,-3.5,138.4,-1.0,1,3,H,0.6494845360824743,-62.2,-45.0,4.0,18.0,0.18181818181818182,1.8502906511922523,16,20,19,1,0.035436842797804825,1,0,0,0,0,0,0,0,0,-1,0,0,0,0,0
1cmc,B,91,ILE,4.5,166.7,0.0,0,0,H,0.33136094674556216,-70.5,-34.8,13.0,11.0,0.5416666666666666,2.324801316620884,23,17,33,-16,0.04243095650789788,1,0,0,0,0,0,0,0,0,-1,0,0,0,0,0
1cmc,B,92,MET,1.9,162.9,0.0,0,0,H,0.0,-60.1,-49.9,17.0,10.0,0.6296296296296297,4.299012439510985,27,20,33,-13,0.04755997322863279,1,0,0,0,0,0,0,0,0,17,0,6,0,0,1
1cmc,B,93,ARG,-4.5,173.4,1.0,5,0,H,0.5120967741935484,-54.7,-43.6,6.0,14.0,0.3,1.9236311276219076,19,9,32,-23,0.03730193978716297,1,0,0,0,0,0,0,0,0,-1,0,0,0,0,0
1cmc,B,94,GLU,-3.5,138.4,-1.0,1,3,H,0.8298969072164949,-63.5,-27.5,9.0,8.0,0.5294117647058824,1.7265346280957192,16,15,13,2,0.02611135785101408,1,0,0,0,0,0,0,0,0,-1,0,0,0,0,0
1cmc,B,95,MET,1.9,162.9,0.0,0,0,T,0.42021276595744683,-93.6,2.0,14.0,3.0,0.8235294117647058,1.9992554430588954,17,10,29,-19,0.02797645484037223,0,0,0,0,0,1,0,0,0,-1,0,0,0,0,0
1cmc,B,96,GLY,-0.4,60.1,0.0,0,0,T,0.7976190476190477,87.4,17.7,1.0,15.0,0.0625,1.7096291405838984,17,10,15,-5,0.020516066882939634,0,0,0,0,0,1,0,0,0,-1,0,0,0,0,0
1cmc,B,97,ILE,4.5,166.7,0.0,0,0,-,0.16568047337278108,-106.9,120.9,13.0,6.0,0.6842105263157895,1.8992578899841184,21,17,27,-10,0.03590311704514436,0,0,0,0,0,0,0,0,0,17,0,6,0,0,1
1cmc,B,98,ASN,-3.5,114.1,0.0,2,2,-,0.43312101910828027,-76.0,107.5,2.0,17.0,0.10526315789473684,1.785398134896365,16,18,12,6,0.03357174580844668,0,0,0,0,0,0,0,0,0,17,0,6,0,0,1
1cmc,B,99,PRO,-1.6,112.7,0.0,0,0,T,0.07352941176470588,-60.0,-23.8,15.0,10.0,0.6,2.1991744744461577,23,20,32,-12,0.04289723075523742,0,0,0,0,0,1,0,0,0,-1,0,0,0,0,0
1cmc,B,100,GLU,-3.5,138.4,-1.0,1,3,T,0.7731958762886598,-71.0,-27.5,1.0,14.0,0.06666666666666667,1.740921819136119,12,17,6,11,0.024246260861655933,0,0,0,0,0,1,0,0,0,-1,0,0,0,0,0
1cmc,B,101,THR,-0.7,116.1,0.0,1,1,T,0.795774647887324,-114.4,1.7,4.0,10.0,0.2857142857142857,1.8693792256466257,10,0,18,-18,0.023779986614316396,0,0,0,0,0,1,0,0,0,17,0,6,0,0,1
1cmc,B,102,TRP,-0.9,227.8,0.0,1,0,-,0.3524229074889868,-65.6,132.9,16.0,2.0,0.8888888888888888,2.076235979221453,22,5,24,-19,0.03590311704514436,0,0,0,0,0,0,0,0,0,17,0,6,0,0,1
1cmc,B,103,GLU,-3.5,138.4,-1.0,1,3,-,0.8762886597938144,-92.7,125.6,0.0,15.0,0.0,1.7565350128062494,17,11,7,4,0.02471253510899547,0,0,0,0,0,0,0,0,0,17,0,6,0,0,1
1cmc,B,104,TYR,-1.3,193.6,0.0,1,1,-,0.27927927927927926,-147.0,360.0,16.0,9.0,0.64,1.9563460062274909,29,26,37,-11,0.03683566553982344,0,0,0,0,0,0,0,0,0,11,4,1,0,0,1
1uay,A,2,GLU,-3.5,138.4,-1.0,1,3,-,0.7525773195876289,360.0,-37.2,3.0,16.0,0.15789473684210525,1.7451383607139912,14,26,5,21,0.02471253510899547,0,0,0,0,0,0,0,0,0,28,7,3,0,0,1
1uay,A,3,ARG,-4.5,173.4,1.0,5,0,-,0.3588709677419355,-132.4,156.0,19.0,11.0,0.6333333333333333,1.785373728622142,28,22,17,5,0.03916703677652112,0,0,0,0,0,0,0,0,0,28,7,3,0,0,1
1uay,A,4,SER,-0.8,89.0,0.0,1,1,E,0.0,-107.4,163.7,19.0,19.0,0.5,4.559505129910021,35,31,23,8,0.053155264196707235,0,0,1,0,0,0,0,0,0,-1,0,0,0,0,0
1uay,A,5,ALA,1.8,88.6,0.0,0,0,E,0.0,-139.7,149.1,25.0,24.0,0.5102040816326531,5.9048175307327675,41,27,11,16,0.05222271570202816,0,0,1,0,0,0,0,0,0,-1,0,0,0,0,0
1uay,A,6,LEU,3.8,166.7,0.0,0,0,E,0.0,-122.2,122.8,33.0,26.0,0.559322033898305,7.812223541085576,48,15,2,13,0.04942507021799094,0,0,1,0,0,0,0,0,0,-1,0,0,0,0,0
1uay,A,7,VAL,4.2,140.0,0.0,0,0,E,0.0,-122.5,115.6,25.0,31.0,0.44642857142857145,6.637335021606687,45,9,7,2,0.05035761871267001,0,0,1,0,0,0,0,0,0,-1,0,0,0,0,0
1uay,A,8,THR,-0.7,116.1,0.0,1,1,E,0.014084507042253521,-87.7,145.2,26.0,28.0,0.48148148148148145,3.9804946830369987,47,3,13,-10,0.04616115048661418,0,0,1,0,0,0,0,0,0,-1,0,0,0,0,0
1uay,A,9,GLY,-0.4,60.1,0.0,0,0,T,0.08333333333333333,77.4,17.6,21.0,23.0,0.4772727272727273,1.9402552123687955,38,19,12,7,0.04476232774459557,0,0,0,0,0,1,0,0,0,-1,0,0,0,0,0
1uay,A,10,GLY,-0.4,60.1,0.0,0,0,T,0.0,-71.7,0.1,27.0,18.0,0.6,3.7823913648081913,37,24,23,1,0.050823892960009553,0,0,0,0,0,1,0,0,0,-1,0,0,0,0,0
1uay,A,11,ALA,1.8,88.6,0.0,0,0,T,0.05660377358490566,-75.7,-22.2,13.0,21.0,0.38235294117647056,2.2775804722609485,29,28,28,0,0.043829779249916496,0,0,0,0,0,1,0,0,0,14,103,4,0,4,1
1uay,A,12,SER,-0.8,89.0,0.0,1,1,S,0.5384615384615384,-159.1,175.8,8.0,23.0,0.25806451612903225,1.8176560693572261,32,26,25,1,0.027043906345693154,0,0,0,0,0,0,1,0,0,-1,0,0,0,0,0
1uay,A,13,GLY,-0.4,60.1,0.0,0,0,H,0.25,48.3,-129.9,15.0,18.0,0.45454545454545453,1.8131304368440415,29,15,20,-5,0.03683566553982344,1,0,0,0,0,0,0,0,0,-1,0,0,0,0,0
1uay,A,14,LEU,3.8,166.7,0.0,0,0,H,0.09146341463414634,-61.2,-46.8,23.0,18.0,0.5609756097560976,2.4466301075343404,40,14,22,-8,0.04709369898129325,1,0,0,0,0,0,0,0,0,-1,0,0,0,0,0
1uay,A,15,GLY,-0.4,60.1,0.0,0,0,H,0.011904761904761904,-60.3,-42.9,21.0,21.0,0.5,3.0044433674985322,39,11,10,1,0.048958795970651406,1,0,0,0,0,0,0,0,0,-1,0,0,0,0,0
1uay,A,16,ARG,-4.5,173.4,1.0,5,0,H,0.3911290322580645,-59.5,-47.3,12.0,30.0,0.2857142857142857,2.464386888067334,30,0,29,-29,0.04243095650789788,1,0,0,0,0,0,0,0,0,14,103,4,0,4,1
1uay,A,17,ALA,1.8,88.6,0.0,0,0,H,0.08490566037735849,-61.3,-43.4,16.0,20.0,0.4444444444444444,2.0079263891703247,34,18,19,-1,0.045228601991935104,1,0,0,0,0,0,0,0,0,-1,0,0,0,0,0
1uay,A,18,ALA,1.8,88.6,0.0,0,0,H,0.0,-62.7,-43.8,29.0,18.0,0.6170212765957447,4.208422479837801,42,17,11,6,0.048492521723311866,1,0,0,0,0,0,0,0,0,-1,0,0,0,0,0
1uay,A,19,ALA,1.8,88.6,0.0,0,0,H,0.0,-60.4,-46.0,24.0,23.0,0.5106382978723404,4.752879780441711,41,27,13,14,0.04616115048661418,1,0,0,0,0,0,0,0,0,-1,0,0,0,0,0
1uay,A,20,LEU,3.8,166.7,0.0,0,0,H,0.3048780487804878,-65.4,-39.4,13.0,23.0,0.3611111111111111,2.106796094546585,30,23,24,-1,0.03963331102386066,1,0,0,0,0,0,0,0,0,14,103,4,0,4,1
1uay,A,21,ALA,1.8,88.6,0.0,0,0,H,0.24528301886792453,-66.3,-40.2,19.0,15.0,0.5588235294117647,1.8575578893717435,28,26,7,19,0.035436842797804825,1,0,0,0,0,0,0,0,0,-1,0,0,0,0,0
1uay,A,22,LEU,3.8,166.7,0.0,0,0,H,0.0,-66.7,-38.2,24.0,13.0,0.6486486486486487,3.750281686213443,35,34,2,32,0.04289723075523742,1,0,0,0,0,0,0,0,0,-1,0,0,0,0,0
1uay,A,23,LYS,-3.9,168.6,1.0,2,0,H,0.3121951219512195,-63.4,-44.9,14.0,15.0,0.4827586206896552,2.1893744124902423,24,21,15,6,0.03823448828184205,1,0,0,0,0,0,0,0,0,33,5,1,0,0,1
1uay,A,24,ALA,1.8,88.6,0.0,0,0,H,0.8584905660377359,-63.8,-28.5,9.0,10.0,0.47368421052631576,1.7677293210917955,15,23,3,20,0.02471253510899547,1,0,0,0,0,0,0,0,0,-1,0,0,0,0,0
1uay,A,25,ARG,-4.5,173.4,1.0,5,0,H,0.5241935483870968,-77.0,-14.5,18.0,5.0,0.782608695652174,1.8068860874316839,20,20,11,9,0.02797645484037223,1,0,0,0,0,0,0,0,0,26,3,11,0,0,1
1uay,A,26,GLY,-0.4,60.1,0.0,0,0,T,0.5952380952380952,113.8,-0.8,3.0,16.0,0.15789473684210525,1.7922370415157909,20,41,8,33,0.028909003335051305,0,0,0,0,0,1,0,0,0,-1,0,0,0,0,0
1uay,A,27,TYR,-1.3,193.6,0.0,1,1,-,0.08558558558558559,-76.6,149.9,25.0,8.0,0.7575757575757576,1.870341429249646,31,39,12,27,0.04149840801321881,0,0,0,0,0,0,0,0,0,26,3,11,0,0,1
1uay,A,28,ARG,-4.5,173.4,1.0,5,0,E,0.5564516129032258,-90.0,101.8,12.0,21.0,0.36363636363636365,2.1139271266872606,24,23,25,-2,0.043829779249916496,0,0,1,0,0,0,0,0,0,20,49,3,0,1,1
1uay,A,29,VAL,4.2,140.0,0.0,0,0,E,0.02112676056338028,-93.5,129.9,21.0,24.0,0.4666666666666667,2.418961122589091,40,36,19,17,0.05222271570202816,0,0,1,0,0,0,0,0,0,-1,0,0,0,0,0
1uay,A,30,VAL,4.2,140.0,0.0,0,0,E,0.0,-115.5,130.4,23.0,24.0,0.48936170212765956,4.65959151388406,40,29,19,10,0.0526889899493677,0,0,1,0,0,0,0,0,0,-1,0,0,0,0,0
1uay,A,31,VAL,4.2,140.0,0.0,0,0,E,0.0,-105.8,134.2,25.0,27.0,0.4807692307692308,5.882538726908439,40,26,30,-4,0.0526889899493677,0,0,1,0,0,0,0,0,0,-1,0,0,0,0,0
1uay,A,32,LEU,3.8,166.7,0.0,0,0,E,0.0,-115.0,119.1,28.0,20.0,0.5833333333333334,3.371346024216862,41,28,34,-6,0.053621538444046775,0,0,1,0,0,0,0,0,0,-1,0,0,0,0,0
1uay,A,33,ASP,-3.5,111.1,-1.0,1,3,E,0.1165644171779141,-160.3,158.7,21.0,17.0,0.5526315789473685,2.0658401842706295,30,22,28,-6,0.04755997322863279,0,0,1,0,0,0,0,0,0,35,0,1,0,0,1
1uay,A,34,LEU,3.8,166.7,0.0,0,0,S,0.5914634146341463,-67.2,-22.9,6.0,20.0,0.23076923076923078,1.862672149182011,26,26,31,-5,0.029375277582390842,0,0,0,0,0,0,1,0,0,35,0,1,0,0,1
1uay,A,35,ARG,-4.5,173.4,1.0,5,0,S,0.6169354838709677,-121.2,157.8,8.0,13.0,0.38095238095238093,2.1609141548335686,16,8,28,-20,0.03310547156110714,0,0,0,0,0,0,1,0,0,35,0,1,0,0,1
1uay,A,36,ARG,-4.5,173.4,1.0,5,0,-,0.5564516129032258,-114.8,158.3,9.0,13.0,0.4090909090909091,1.9620348200375437,16,8,32,-24,0.0363693912924839,0,0,0,0,0,0,0,0,0,35,0,1,0,0,1
1uay,A,37,GLU,-3.5,138.4,-1.0,1,3,-,0.44329896907216493,-132.6,-160.8,12.0,8.0,0.6,1.781728279280711,20,30,25,5,0.028909003335051305,0,0,0,0,0,0,0,0,0,14,103,4,0,4,1
1uay,A,38,GLY,-0.4,60.1,0.0,0,0,S,0.8690476190476191,-113.6,19.3,0.0,14.0,0.0,1.7095216729025182,13,19,26,-7,0.023779986614316396,0,0,0,0,0,0,1,0,0,14,103,4,0,4,1
1uay,A,39,GLU,-3.5,138.4,-1.0,1,3,S,0.3865979381443299,-79.7,170.7,17.0,3.0,0.85,1.7839598876270248,18,23,17,6,0.02611135785101408,0,0,0,0,0,0,1,0,0,33,5,1,0,0,1
1uay,A,40,ASP,-3.5,111.1,-1.0,1,3,S,0.7668711656441718,-83.6,69.3,7.0,14.0,0.3333333333333333,1.711016711746516,16,14,11,3,0.022847438119637322,0,0,0,0,0,0,1,0,0,33,5,1,0,0,1
1uay,A,41,LEU,3.8,166.7,0.0,0,0,S,0.12195121951219512,-138.2,162.5,25.0,8.0,0.7575757575757576,2.356028587322065,29,31,23,8,0.03823448828184205,0,0,0,0,0,0,1,0,0,33,5,1,0,0,1
1uay,A,42,ILE,4.5,166.7,0.0,0,0,E,0.23668639053254437,-92.9,118.5,15.0,19.0,0.4411764705882353,2.297448697112844,27,32,24,8,0.0363693912924839,0,0,1,0,0,0,0,0,0,20,49,3,0,1,1
1uay,A,43,TYR,-1.3,193.6,0.0,1,1,E,0.11711711711711711,-102.7,122.6,13.0,19.0,0.40625,2.560244623352838,27,24,42,-18,0.04149840801321881,0,0,1,0,0,0,0,0,0,14,103,4,0,4,1
1uay,A,44,VAL,4.2,140.0,0.0,0,0,E,0.056338028169014086,-113.4,116.3,21.0,11.0,0.65625,2.5703644874607674,33,39,32,7,0.04196468226055834,0,0,1,0,0,0,0,0,0,35,0,1,0,0,1
1uay,A,45,GLU,-3.5,138.4,-1.0,1,3,E,0.5,-86.2,121.6,4.0,23.0,0.14814814814814814,1.7634235453366212,17,26,23,3,0.03590311704514436,0,0,1,0,0,0,0,0,0,35,0,1,0,0,1
1uay,A,46,GLY,-0.4,60.1,0.0,0,0,-,0.11904761904761904,-175.1,178.5,18.0,10.0,0.6428571428571429,1.787604504448256,30,33,42,-9,0.04196468226055834,0,0,0,0,0,0,0,0,0,35,0,1,0,0,1
1uay,A,47,ASP,-3.5,111.1,-1.0,1,3,-,0.11042944785276074,-112.5,125.4,7.0,23.0,0.23333333333333334,2.036497528390285,31,19,39,-20,0.03730193978716297,0,0,0,0,0,0,0,0,0,-1,0,0,0,0,0
1uay,A,48,VAL,4.2,140.0,0.0,0,0,T,0.07746478873239436,-61.4,-18.0,27.0,17.0,0.6136363636363636,2.6151764294701514,40,18,43,-25,0.05035761871267001,0,0,0,0,0,1,0,0,0,-1,0,0,0,0,0
1uay,A,49,THR,-0.7,116.1,0.0,1,1,T,0.1619718309859155,-83.2,-8.9,10.0,21.0,0.3225806451612903,2.1679619342572307,27,24,37,-13,0.04196468226055834,0,0,0,0,0,1,0,0,0,-1,0,0,0,0,0
1uay,A,50,ARG,-4.5,173.4,1.0,5,0,-,0.5967741935483871,-104.2,116.6,10.0,14.0,0.4166666666666667,2.056306765255572,20,5,41,-36,0.035436842797804825,0,0,0,0,0,0,0,0,0,-1,0,0,0,0,0
1uay,A,51,GLU,-3.5,138.4,-1.0,1,3,H,0.5103092783505154,-58.5,-34.3,4.0,19.0,0.17391304347826086,2.0087807761174497,17,32,22,10,0.03823448828184205,1,0,0,0,0,0,0,0,0,-1,0,0,0,0,0
1uay,A,52,GLU,-3.5,138.4,-1.0,1,3,H,0.7835051546391752,-63.1,-39.3,0.0,19.0,0.0,1.7656783992961835,18,34,24,10,0.032172923066428064,1,0,0,0,0,0,0,0,0,29,24,1,0,0,1
1uay,A,53,ASP,-3.5,111.1,-1.0,1,3,H,0.15337423312883436,-69.8,-41.9,15.0,12.0,0.5555555555555556,2.6019296002516694,24,32,36,-4,0.04289723075523742,1,0,0,0,0,0,0,0,0,29,24,1,0,0,1
1uay,A,54,VAL,4.2,140.0,0.0,0,0,H,0.0,-66.8,-42.2,20.0,20.0,0.5,4.23648188369951,39,43,35,8,0.05129016720734909,1,0,0,0,0,0,0,0,0,-1,0,0,0,0,0
1uay,A,55,ARG,-4.5,173.4,1.0,5,0,H,0.4717741935483871,-61.0,-37.5,4.0,25.0,0.13793103448275862,1.9178802104103605,22,25,26,-1,0.03683566553982344,1,0,0,0,0,0,0,0,0,-1,0,0,0,0,0
1uay,A,56,ARG,-4.5,173.4,1.0,5,0,H,0.5040322580645161,-66.0,-41.2,13.0,15.0,0.4642857142857143,1.8577436526492286,23,20,36,-16,0.03403802005578621,1,0,0,0,0,0,0,0,0,-1,0,0,0,0,0
1uay,A,57,ALA,1.8,88.6,0.0,0,0,H,0.0,-67.9,-41.7,26.0,12.0,0.6842105263157895,4.300938543865951,37,30,34,-4,0.043363505002576956,1,0,0,0,0,0,0,0,0,-1,0,0,0,0,0
1uay,A,58,VAL,4.2,140.0,0.0,0,0,H,0.04225352112676056,-62.4,-46.1,17.0,27.0,0.38636363636363635,2.5850174439102673,38,27,16,11,0.04243095650789788,1,0,0,0,0,0,0,0,0,-1,0,0,0,0,0
1uay,A,59,ALA,1.8,88.6,0.0,0,0,H,0.42452830188679247,-63.5,-39.4,5.0,22.0,0.18518518518518517,1.848415339783266,24,28,20,8,0.03124037457174899,1,0,0,0,0,0,0,0,0,-1,0,0,0,0,0
1uay,A,60,ARG,-4.5,173.4,1.0,5,0,H,0.29838709677419356,-60.4,-41.6,16.0,13.0,0.5517241379310345,2.1903591128270326,25,19,20,-1,0.03870076252918159,1,0,0,0,0,0,0,0,0,20,49,3,0,1,1
1uay,A,61,ALA,1.8,88.6,0.0,0,0,H,0.0,-65.0,-45.6,24.0,12.0,0.6666666666666666,4.862417290439789,33,31,19,12,0.05502036118606539,1,0,0,0,0,0,0,0,0,20,49,3,0,1,1
1uay,A,62,GLN,-3.5,143.8,0.0,2,2,H,0.3787878787878788,-62.6,-25.0,10.0,19.0,0.3448275862068966,1.9875034703738952,28,23,17,6,0.03870076252918159,1,0,0,0,0,0,0,0,0,-1,0,0,0,0,0
1uay,A,63,GLU,-3.5,138.4,-1.0,1,3,H,0.7577319587628866,-71.6,-26.4,7.0,14.0,0.3333333333333333,1.7561068101628339,17,19,9,10,0.02844272908771177,1,0,0,0,0,0,0,0,0,20,49,3,0,1,1
1uay,A,64,GLU,-3.5,138.4,-1.0,1,3,H,0.3247422680412371,-79.7,-41.5,17.0,5.0,0.7727272727272727,1.9198031002340354,21,28,13,15,0.035436842797804825,1,0,0,0,0,0,0,0,0,20,49,3,0,1,1
1uay,A,65,ALA,1.8,88.6,0.0,0,0,S,0.16037735849056603,179.3,167.3,12.0,12.0,0.5,1.9945489636745262,26,27,26,1,0.03357174580844668,0,0,0,0,0,0,1,0,0,20,49,3,0,1,1
1uay,A,66,PRO,-1.6,112.7,0.0,0,0,-,0.36764705882352944,-55.9,129.4,12.0,19.0,0.3870967741935484,1.96884816279014,26,25,22,3,0.03916703677652112,0,0,0,0,0,0,0,0,0,-1,0,0,0,0,0
1uay,A,67,LEU,3.8,166.7,0.0,0,0,E,0.0,-72.6,117.3,22.0,19.0,0.5365853658536586,3.6750268534900536,41,28,13,15,0.048958795970651406,0,0,1,0,0,0,0,0,0,-1,0,0,0,0,0
1uay,A,68,PHE,2.8,189.9,0.0,0,0,E,0.030456852791878174,-114.3,-47.3,17.0,27.0,0.38636363636363635,2.5342492101412684,33,31,17,14,0.04662742473395372,0,0,1,0,0,0,0,0,0,28,7,3,0,0,1
1uay,A,69,ALA,1.8,88.6,0.0,0,0,E,0.0,-106.8,127.7,24.0,28.0,0.46153846153846156,5.926379031313451,37,23,1,22,0.048958795970651406,0,0,1,0,0,0,0,0,0,-1,0,0,0,0,0
1uay,A,70,VAL,4.2,140.0,0.0,0,0,E,0.0,-125.7,124.3,26.0,30.0,0.4642857142857143,8.424072411970306,44,7,0,7,0.04709369898129325,0,0,1,0,0,0,0,0,0,-1,0,0,0,0,0
1uay,A,71,VAL,4.2,140.0,0.0,0,0,E,0.0,-123.7,114.3,25.0,29.0,0.46296296296296297,7.079715922252379,45,3,0,3,0.04709369898129325,0,0,1,0,0,0,0,0,0,-1,0,0,0,0,0
1uay,A,72,SER,-0.8,89.0,0.0,1,1,E,0.015384615384615385,-92.4,106.0,28.0,20.0,0.5833333333333334,4.521008357939168,43,3,0,3,0.04616115048661418,0,0,1,0,0,0,0,0,0,-1,0,0,0,0,0
1uay,A,73,ALA,1.8,88.6,0.0,0,0,-,0.2169811320754717,-127.3,10.2,25.0,24.0,0.5102040816326531,2.0624039014179045,42,7,6,1,0.04103213376587927,0,0,0,0,0,0,0,0,0,-1,0,0,0,0,0
1uay,A,74,ALA,1.8,88.6,0.0,0,0,-,0.18867924528301888,-81.4,138.4,27.0,20.0,0.574468085106383,1.9497345913183466,45,5,15,-10,0.03823448828184205,0,0,0,0,0,0,0,0,0,-1,0,0,0,0,0
1uay,A,75,GLY,-0.4,60.1,0.0,0,0,-,0.32142857142857145,-175.4,171.1,24.0,19.0,0.5581395348837209,1.7096955547315311,38,15,11,4,0.03170664881908853,0,0,0,0,0,0,0,0,0,-1,0,0,0,0,0
1uay,A,76,VAL,4.2,140.0,0.0,0,0,-,0.31690140845070425,-135.5,160.2,15.0,21.0,0.4166666666666667,1.8609361734485204,32,19,5,14,0.03170664881908853,0,0,0,0,0,0,0,0,0,-1,0,0,0,0,0
1uay,A,77,GLY,-0.4,60.1,0.0,0,0,-,0.32142857142857145,-119.0,171.0,12.0,22.0,0.35294117647058826,1.7097201065962726,28,13,4,9,0.03823448828184205,0,0,0,0,0,0,0,0,0,-1,0,0,0,0,0
1uay,A,78,LEU,3.8,166.7,0.0,0,0,-,0.2682926829268293,-162.3,135.4,23.0,14.0,0.6216216216216216,2.2800188447948084,32,18,11,7,0.03963331102386066,0,0,0,0,0,0,0,0,0,-1,0,0,0,0,0
1uay,A,79,ALA,1.8,88.6,0.0,0,0,-,0.5094339622641509,-122.1,102.7,9.0,22.0,0.2903225806451613,1.8347597333409158,25,16,9,7,0.02984155182973038,0,0,0,0,0,0,0,0,0,-1,0,0,0,0,0
1uay,A,80,GLU,-3.5,138.4,-1.0,1,3,-,0.29381443298969073,-152.5,127.8,14.0,14.0,0.5,1.9193061414408454,24,20,3,17,0.03403802005578621,0,0,0,0,0,0,0,0,0,1,1253,6,0,73,1
1uay,A,81,LYS,-3.9,168.6,1.0,2,0,-,0.6292682926829268,-76.3,153.4,6.0,17.0,0.2608695652173913,1.9295113079066917,20,21,10,11,0.03403802005578621,0,0,0,0,0,0,0,0,0,1,1253,6,0,73,1
1uay,A,82,ILE,4.5,166.7,0.0,0,0,S,0.6923076923076923,-64.6,-40.4,3.0,18.0,0.14285714285714285,1.9265759665580118,18,20,9,11,0.029375277582390842,0,0,0,0,0,0,1,0,0,1,1253,6,0,73,1
1uay,A,83,LEU,3.8,166.7,0.0,0,0,B,0.8414634146341463,-114.0,104.6,0.0,13.0,0.0,1.8598084826940544,12,27,11,16,0.025178809356335007,0,1,0,0,0,0,0,0,0,1,1253,6,0,73,1
1uay,A,84,GLY,-0.4,60.1,0.0,0,0,-,0.5,-87.4,-170.5,7.0,6.0,0.5384615384615384,1.7097146380319237,10,26,17,9,0.03124037457174899,0,0,0,0,0,0,0,0,0,1,1253,6,0,73,1
1uay,A,85,LYS,-3.9,168.6,1.0,2,0,S,0.9853658536585366,-81.9,-26.7,0.0,10.0,0.0,1.870657648524376,8,10,9,1,0.014454501667525653,0,0,0,0,0,0,1,0,0,1,1253,6,0,73,1
1uay,A,86,GLU,-3.5,138.4,-1.0,1,3,S,1.0,-105.5,-26.1,1.0,8.0,0.1111111111111111,1.7084694740783624,6,10,0,10,0.014454501667525653,0,0,0,0,0,0,1,0,0,-1,0,0,0,0,0
1uay,A,87,GLY,-0.4,60.1,0.0,0,0,S,0.39285714285714285,179.9,-170.6,2.0,9.0,0.18181818181818182,1.7096432867356053,11,23,14,9,0.020049792635600097,0,0,0,0,0,0,1,0,0,1,1253,6,0,73,1
1uay,A,88,PRO,-1.6,112.7,0.0,0,0,B,0.7720588235294118,-73.6,163.1,3.0,12.0,0.2,1.8549072143557281,13,20,14,6,0.026577632098353617,0,1,0,0,0,0,0,0,0,1,1253,6,0,73,1
1uay,A,89,HIS,-3.2,153.2,0.1,2,1,-,0.15760869565217392,-45.7,133.6,14.0,7.0,0.6666666666666666,1.8714481613139788,22,10,14,-4,0.03403802005578621,0,0,0,0,0,0,0,0,0,23,10,10,0,1,1
1uay,A,90,GLY,-0.4,60.1,0.0,0,0,-,0.36904761904761907,-64.6,147.1,9.0,12.0,0.42857142857142855,1.770232663865733,18,26,18,8,0.026577632098353617,0,0,0,0,0,0,0,0,0,1,1253,6,0,73,1
1uay,A,91,LEU,3.8,166.7,0.0,0,0,H,0.7439024390243902,-77.8,-36.6,0.0,16.0,0.0,2.0803577122253976,13,25,12,13,0.029375277582390842,1,0,0,0,0,0,0,0,0,-1,0,0,0,0,0
1uay,A,92,GLU,-3.5,138.4,-1.0,1,3,H,0.5876288659793815,-66.2,-39.7,0.0,14.0,0.0,1.8692139995132426,13,27,10,17,0.026577632098353617,1,0,0,0,0,0,0,0,0,-1,0,0,0,0,0
1uay,A,93,SER,-0.8,89.0,0.0,1,1,H,0.23846153846153847,-64.0,-38.1,13.0,11.0,0.5416666666666666,1.8173368362003284,21,32,22,10,0.034970568550465285,1,0,0,0,0,0,0,0,0,-1,0,0,0,0,0
1uay,A,94,PHE,2.8,189.9,0.0,0,0,H,0.3401015228426396,-64.9,-47.5,10.0,19.0,0.3448275862068966,2.3628636685821154,25,30,23,7,0.043829779249916496,1,0,0,0,0,0,0,0,0,23,10,10,0,1,1
1uay,A,95,ARG,-4.5,173.4,1.0,5,0,H,0.4717741935483871,-59.4,-41.7,3.0,18.0,0.14285714285714285,1.9755453254496649,13,12,18,-6,0.03730193978716297,1,0,0,0,0,0,0,0,0,-1,0,0,0,0,0
1uay,A,96,ARG,-4.5,173.4,1.0,5,0,H,0.41935483870967744,-60.9,-44.9,7.0,16.0,0.30434782608695654,2.1537070431994043,24,11,22,-11,0.03823448828184205,1,0,0,0,0,0,0,0,0,-1,0,0,0,0,0
1uay,A,97,VAL,4.2,140.0,0.0,0,0,H,0.035211267605633804,-62.1,-42.0,19.0,15.0,0.5588235294117647,3.4316266424502353,32,29,17,12,0.05175644145468863,1,0,0,0,0,0,0,0,0,23,10,10,0,1,1
1uay,A,98,LEU,3.8,166.7,0.0,0,0,H,0.3048780487804878,-65.3,-42.4,9.0,21.0,0.3,2.271940673894269,28,29,13,16,0.04755997322863279,1,0,0,0,0,0,0,0,0,23,10,10,0,1,1
1uay,A,99,GLU,-3.5,138.4,-1.0,1,3,I,0.41237113402061853,-59.0,-50.5,8.0,22.0,0.26666666666666666,1.7878011261120472,22,25,9,16,0.04149840801321881,0,0,0,0,1,0,0,0,0,-1,0,0,0,0,0
1uay,A,100,VAL,4.2,140.0,0.0,0,0,I,0.06338028169014084,-73.1,-52.7,17.0,19.0,0.4722222222222222,3.152705359537279,34,22,17,5,0.048958795970651406,0,0,0,0,1,0,0,0,0,-1,0,0,0,0,0
1uay,A,101,ASN,-3.5,114.1,0.0,2,2,I,0.0,-72.7,-39.5,25.0,18.0,0.5813953488372093,3.8598472246385276,39,22,10,12,0.04755997322863279,0,0,0,0,1,0,0,0,0,-1,0,0,0,0,0
1uay,A,102,LEU,3.8,166.7,0.0,0,0,I,0.2865853658536585,-99.6,-57.6,19.0,21.0,0.475,2.2664263431133356,35,13,9,4,0.045694876239274644,0,0,0,0,1,0,0,0,0,-1,0,0,0,0,0
1uay,A,103,LEU,3.8,166.7,0.0,0,0,I,0.4024390243902439,-62.3,-39.5,10.0,20.0,0.3333333333333333,1.9915168898467601,27,20,16,4,0.03916703677652112,0,0,0,0,1,0,0,0,0,-1,0,0,0,0,0
1uay,A,104,GLY,-0.4,60.1,0.0,0,0,H,0.011904761904761904,-60.1,-43.3,24.0,14.0,0.631578947368421,4.268835270395031,34,16,20,-4,0.04709369898129325,1,0,0,0,0,0,0,0,0,-1,0,0,0,0,0
1uay,A,105,THR,-0.7,116.1,0.0,1,1,H,0.028169014084507043,-65.1,-40.7,25.0,22.0,0.5319148936170213,4.889582752271926,41,14,4,10,0.048492521723311866,1,0,0,0,0,0,0,0,0,-1,0,0,0,0,0
1uay,A,106,PHE,2.8,189.9,0.0,0,0,H,0.5126903553299492,-67.1,-38.6,13.0,25.0,0.34210526315789475,2.318687271545016,28,11,1,10,0.03963331102386066,1,0,0,0,0,0,0,0,0,-1,0,0,0,0,0
1uay,A,107,ASN,-3.5,114.1,0.0,2,2,H,0.03821656050955414,-61.6,-46.0,17.0,14.0,0.5483870967741935,2.298990613535646,31,27,26,1,0.04662742473395372,1,0,0,0,0,0,0,0,0,-1,0,0,0,0,0
1uay,A,108,VAL,4.2,140.0,0.0,0,0,H,0.0,-65.2,-42.4,25.0,19.0,0.5681818181818182,5.890244567766599,42,20,9,11,0.048026247475972325,1,0,0,0,0,0,0,0,0,-1,0,0,0,0,0
1uay,A,109,LEU,3.8,166.7,0.0,0,0,H,0.07317073170731707,-62.1,-49.8,22.0,24.0,0.4782608695652174,3.4331424187930217,38,13,3,10,0.04476232774459557,1,0,0,0,0,0,0,0,0,-1,0,0,0,0,0
1uay,A,110,ARG,-4.5,173.4,1.0,5,0,H,0.3387096774193548,-65.1,-40.2,8.0,21.0,0.27586206896551724,1.8967494641417906,24,11,10,1,0.035436842797804825,1,0,0,0,0,0,0,0,0,-1,0,0,0,0,0
1uay,A,111,LEU,3.8,166.7,0.0,0,0,H,0.08536585365853659,-73.5,-41.8,18.0,11.0,0.6206896551724138,2.209832155286251,31,29,17,12,0.043363505002576956,1,0,0,0,0,0,0,0,0,-1,0,0,0,0,0
1uay,A,112,ALA,1.8,88.6,0.0,0,0,H,0.0,-67.9,-45.4,30.0,17.0,0.6382978723404256,3.9816221254892312,39,28,1,27,0.043829779249916496,1,0,0,0,0,0,0,0,0,-1,0,0,0,0,0
1uay,A,113,ALA,1.8,88.6,0.0,0,0,H,0.08490566037735849,-59.3,-44.1,19.0,20.0,0.48717948717948717,2.1908307658307047,33,29,11,18,0.03963331102386066,1,0,0,0,0,0,0,0,0,17,80,3,0,3,1
1uay,A,114,TRP,-0.9,227.8,0.0,1,0,H,0.7224669603524229,-60.9,-42.7,8.0,14.0,0.36363636363636365,1.901124825977488,18,26,9,17,0.03450429430312575,1,0,0,0,0,0,0,0,0,17,80,3,0,3,1
1uay,A,115,ALA,1.8,88.6,0.0,0,0,H,0.2358490566037736,-68.8,-27.3,20.0,10.0,0.6666666666666666,1.9543200165298973,31,29,9,20,0.03870076252918159,1,0,0,0,0,0,0,0,0,17,80,3,0,3,1
1uay,A,116,MET,1.9,162.9,0.0,0,0,H,0.0,-92.9,-8.4,29.0,8.0,0.7837837837837838,3.966903491809784,34,28,8,20,0.045228601991935104,1,0,0,0,0,0,0,0,0,17,80,3,0,3,1
1uay,A,117,ARG,-4.5,173.4,1.0,5,0,T,0.23790322580645162,-56.3,-23.0,9.0,18.0,0.3333333333333333,2.035153354699432,17,12,9,3,0.04243095650789788,0,0,0,0,0,1,0,0,0,17,80,3,0,3,1
1uay,A,118,GLU,-3.5,138.4,-1.0,1,3,T,0.7731958762886598,-107.7,12.3,2.0,19.0,0.09523809523809523,1.723863577979448,13,21,0,21,0.030774100324409453,0,0,0,0,0,1,0,0,0,17,80,3,0,3,1
1uay,A,119,ASN,-3.5,114.1,0.0,2,2,P,0.10191082802547771,-61.4,139.4,24.0,2.0,0.9230769230769231,1.808734039543374,27,25,16,9,0.03403802005578621,0,0,0,0,0,0,0,0,0,6,192,9,0,19,1
1uay,A,120,PRO,-1.6,112.7,0.0,0,0,P,0.6617647058823529,-67.4,130.8,3.0,17.0,0.15,1.9574178854043787,19,20,19,1,0.02331371236697686,0,0,0,0,0,0,0,0,0,-1,0,0,0,0,0
1uay,A,121,PRO,-1.6,112.7,0.0,0,0,P,0.5220588235294118,-67.6,153.3,8.0,13.0,0.38095238095238093,1.824980783396844,21,17,20,-3,0.032172923066428064,0,0,0,0,0,0,0,0,0,6,192,9,0,19,1
1uay,A,122,ASP,-3.5,111.1,-1.0,1,3,-,0.20245398773006135,-86.2,-171.3,12.0,7.0,0.631578947368421,1.7775915227786472,21,21,13,8,0.028909003335051305,0,0,0,0,0,0,0,0,0,28,7,3,0,0,1
1uay,A,123,ALA,1.8,88.6,0.0,0,0,T,0.9528301886792453,-59.5,-23.1,0.0,11.0,0.0,1.767563133012088,15,14,18,-4,0.01958351838826056,0,0,0,0,0,1,0,0,0,-1,0,0,0,0,0
1uay,A,124,GLU,-3.5,138.4,-1.0,1,3,T,0.27319587628865977,-93.4,-1.0,16.0,7.0,0.6956521739130435,1.8933362907254232,24,25,15,10,0.029375277582390842,0,0,0,0,0,1,0,0,0,-1,0,0,0,0,0
1uay,A,125,GLY,-0.4,60.1,0.0,0,0,S,0.35714285714285715,85.4,10.5,11.0,11.0,0.5,1.8191931421762406,26,28,17,11,0.03357174580844668,0,0,0,0,0,0,1,0,0,6,192,9,0,19,1
1uay,A,126,GLN,-3.5,143.8,0.0,2,2,-,0.04040404040404041,-88.3,132.4,17.0,17.0,0.5,2.8760466256706088,38,32,22,10,0.04709369898129325,0,0,0,0,0,0,0,0,0,-1,0,0,0,0,0
1uay,A,127,ARG,-4.5,173.4,1.0,5,0,S,0.25,-98.6,-19.5,17.0,20.0,0.4594594594594595,2.2958376093727413,28,10,19,-9,0.05129016720734909,0,0,0,0,0,0,1,0,0,6,192,9,0,19,1
1uay,A,128,GLY,-0.4,60.1,0.0,0,0,E,0.0,170.6,175.8,24.0,23.0,0.5106382978723404,4.173205427175784,39,33,13,20,0.05035761871267001,0,0,1,0,0,0,0,0,0,-1,0,0,0,0,0
1uay,A,129,VAL,4.2,140.0,0.0,0,0,E,0.0,-142.4,129.4,23.0,28.0,0.45098039215686275,6.013587734847738,44,24,5,19,0.05175644145468863,0,0,1,0,0,0,0,0,0,-1,0,0,0,0,0
1uay,A,130,ILE,4.5,166.7,0.0,0,0,E,0.0,-112.4,119.7,23.0,26.0,0.46938775510204084,7.318065530196055,41,17,0,17,0.048492521723311866,0,0,1,0,0,0,0,0,0,-1,0,0,0,0,0
1uay,A,131,VAL,4.2,140.0,0.0,0,0,E,0.0,-112.6,117.8,23.0,29.0,0.4423076923076923,8.071583386891813,44,11,2,9,0.04662742473395372,0,0,1,0,0,0,0,0,0,-1,0,0,0,0,0
1uay,A,132,ASN,-3.5,114.1,0.0,2,2,E,0.0,-100.2,162.6,30.0,25.0,0.5454545454545454,6.13595686776971,42,8,3,5,0.04662742473395372,0,0,1,0,0,0,0,0,0,-1,0,0,0,0,0
1uay,A,133,THR,-0.7,116.1,0.0,1,1,E,0.07746478873239436,-122.0,116.8,22.0,32.0,0.4074074074074074,2.6827735936760178,43,9,0,9,0.04662742473395372,0,0,1,0,0,0,0,0,0,-1,0,0,0,0,0
1uay,A,134,ALA,1.8,88.6,0.0,0,0,-,0.018867924528301886,-103.3,-128.9,25.0,21.0,0.5434782608695652,3.2444274378528606,42,14,1,13,0.048492521723311866,0,0,0,0,0,0,0,0,0,-1,0,0,0,0,0
1uay,A,135,SER,-0.8,89.0,0.0,1,1,-,0.015384615384615385,-177.7,154.6,26.0,20.0,0.5652173913043478,2.833101206668292,40,19,14,5,0.045228601991935104,0,0,0,0,0,0,0,0,0,-1,0,0,0,0,0
1uay,A,136,VAL,4.2,140.0,0.0,0,0,T,0.0,-64.7,-17.0,16.0,22.0,0.42105263157894735,4.1265249418572125,35,31,20,11,0.05129016720734909,0,0,0,0,0,1,0,0,0,-1,0,0,0,0,0
1uay,A,137,ALA,1.8,88.6,0.0,0,0,H,0.018867924528301886,-62.8,-18.7,22.0,17.0,0.5641025641025641,2.941233824230168,35,18,11,7,0.04755997322863279,1,0,0,0,0,0,0,0,0,-1,0,0,0,0,0
1uay,A,138,ALA,1.8,88.6,0.0,0,0,H,0.25471698113207547,-69.7,-18.8,20.0,13.0,0.6060606060606061,2.028731153580975,30,15,9,6,0.04289723075523742,1,0,0,0,0,0,0,0,0,-1,0,0,0,0,0
1uay,A,139,PHE,2.8,189.9,0.0,0,0,H,0.4720812182741117,-110.5,-41.6,12.0,17.0,0.41379310344827586,1.880163547479434,26,26,15,11,0.02844272908771177,1,0,0,0,0,0,0,0,0,-1,0,0,0,0,0
1uay,A,140,GLU,-3.5,138.4,-1.0,1,3,H,0.23711340206185566,-127.0,54.2,10.0,15.0,0.4,2.0065559805868807,25,19,4,15,0.03450429430312575,1,0,0,0,0,0,0,0,0,3,470,10,0,53,1
1uay,A,141,GLY,-0.4,60.1,0.0,0,0,P,0.5,-53.7,132.7,15.0,14.0,0.5172413793103449,1.7096904082548843,25,11,9,2,0.04149840801321881,0,0,0,0,0,0,0,0,0,3,470,10,0,53,1
1uay,A,142,GLN,-3.5,143.8,0.0,2,2,P,0.11616161616161616,-86.9,171.3,14.0,14.0,0.5,1.8494616402382498,30,15,10,5,0.03450429430312575,0,0,0,0,0,0,0,0,0,19,24,8,0,2,1
1uay,A,143,ILE,4.5,166.7,0.0,0,0,T,0.4970414201183432,-61.1,131.8,5.0,16.0,0.23809523809523808,1.8901382778355602,20,21,7,14,0.03310547156110714,0,0,0,0,0,1,0,0,0,3,470,10,0,53,1
1uay,A,144,GLY,-0.4,60.1,0.0,0,0,T,0.19047619047619047,92.7,-4.6,11.0,17.0,0.39285714285714285,2.142755976677526,26,20,11,9,0.032172923066428064,0,0,0,0,0,1,0,0,0,3,470,10,0,53,1
1uay,A,145,GLN,-3.5,143.8,0.0,2,2,-,0.06565656565656566,-109.5,25.1,23.0,14.0,0.6216216216216216,2.0604408640598324,36,15,12,3,0.03916703677652112,0,0,0,0,0,0,0,0,0,3,470,10,0,53,1
1uay,A,146,ALA,1.8,88.6,0.0,0,0,H,0.33962264150943394,-57.2,-49.4,12.0,20.0,0.375,1.818923444307007,28,17,11,6,0.03683566553982344,1,0,0,0,0,0,0,0,0,23,10,10,0,1,1
1uay,A,147,ALA,1.8,88.6,0.0,0,0,H,0.018867924528301886,-63.4,-50.2,22.0,15.0,0.5945945945945946,3.302337748146774,35,29,12,17,0.04429605349725603,1,0,0,0,0,0,0,0,0,23,10,10,0,1,1
1uay,A,148,TYR,-1.3,193.6,0.0,1,1,H,0.06756756756756757,-59.5,-49.2,21.0,21.0,0.5,3.624681507945669,44,11,3,8,0.04755997322863279,1,0,0,0,0,0,0,0,0,23,10,10,0,1,1
1uay,A,149,ALA,1.8,88.6,0.0,0,0,H,0.18867924528301888,-58.3,-44.7,13.0,22.0,0.37142857142857144,2.205967095428818,31,9,5,4,0.043363505002576956,1,0,0,0,0,0,0,0,0,3,470,10,0,53,1
1uay,A,150,ALA,1.8,88.6,0.0,0,0,H,0.42452830188679247,-60.9,-44.9,12.0,21.0,0.36363636363636365,1.8188460405086233,25,10,1,9,0.03403802005578621,1,0,0,0,0,0,0,0,0,23,10,10,0,1,1
1uay,A,151,SER,-0.8,89.0,0.0,1,1,H,0.0,-63.0,-40.9,22.0,17.0,0.5641025641025641,3.615262399728095,36,17,5,12,0.04662742473395372,1,0,0,0,0,0,0,0,0,23,10,10,0,1,1
1uay,A,152,LYS,-3.9,168.6,1.0,2,0,H,0.05365853658536585,-74.2,-29.9,25.0,20.0,0.5555555555555556,3.6508412119960685,40,0,0,0,0.048492521723311866,1,0,0,0,0,0,0,0,0,-1,0,0,0,0,0
1uay,A,153,GLY,-0.4,60.1,0.0,0,0,H,0.30952380952380953,-66.4,-32.9,11.0,19.0,0.36666666666666664,1.9139269427667704,29,9,1,8,0.03683566553982344,1,0,0,0,0,0,0,0,0,-1,0,0,0,0,0
1uay,A,154,GLY,-0.4,60.1,0.0,0,0,H,0.25,-67.1,-40.5,15.0,17.0,0.46875,1.7967918377569425,29,9,0,9,0.032172923066428064,1,0,0,0,0,0,0,0,0,-1,0,0,0,0,0
1uay,A,155,VAL,4.2,140.0,0.0,0,0,H,0.0,-63.5,-43.8,33.0,13.0,0.717391304347826,4.387421134951035,40,9,1,8,0.04755997322863279,1,0,0,0,0,0,0,0,0,-1,0,0,0,0,0
1uay,A,156,VAL,4.2,140.0,0.0,0,0,H,0.20422535211267606,-57.9,-49.0,16.0,22.0,0.42105263157894735,2.353591855114515,34,10,8,2,0.040099585271200194,1,0,0,0,0,0,0,0,0,-1,0,0,0,0,0
1uay,A,157,ALA,1.8,88.6,0.0,0,0,H,0.6415094339622641,-66.6,-25.5,8.0,18.0,0.3076923076923077,1.8417028212522033,27,5,3,2,0.02611135785101408,1,0,0,0,0,0,0,0,0,-1,0,0,0,0,0
1uay,A,158,LEU,3.8,166.7,0.0,0,0,H,0.18292682926829268,-70.3,-29.8,20.0,13.0,0.6060606060606061,2.2502480790360067,33,4,3,1,0.034970568550465285,1,0,0,0,0,0,0,0,0,16,24,16,0,4,1
1uay,A,159,THR,-0.7,116.1,0.0,1,1,H,0.014084507042253521,-48.0,-57.1,20.0,17.0,0.5405405405405406,2.6743509222511697,35,17,9,8,0.04662742473395372,1,0,0,0,0,0,0,0,0,16,24,16,0,4,1
1uay,A,160,LEU,3.8,166.7,0.0,0,0,H,0.20121951219512196,-65.3,-53.4,8.0,22.0,0.26666666666666666,2.4957307095596013,28,27,16,11,0.040099585271200194,1,0,0,0,0,0,0,0,0,16,24,16,0,4,1
1uay,A,161,PRO,-1.6,112.7,0.0,0,0,H,0.5441176470588235,-59.3,-31.2,6.0,18.0,0.25,1.9332899604109801,23,15,10,5,0.02797645484037223,1,0,0,0,0,0,0,0,0,16,24,16,0,4,1
1uay,A,162,ALA,1.8,88.6,0.0,0,0,H,0.08490566037735849,-70.8,-48.4,22.0,13.0,0.6285714285714286,2.073702093058533,30,18,10,8,0.03823448828184205,1,0,0,0,0,0,0,0,0,16,24,16,0,4,1
1uay,A,163,ALA,1.8,88.6,0.0,0,0,H,0.0,-62.1,-39.7,28.0,14.0,0.6666666666666666,4.414547955763354,36,23,15,8,0.04989134446533048,1,0,0,0,0,0,0,0,0,16,24,16,0,4,1
1uay,A,164,ARG,-4.5,173.4,1.0,5,0,H,0.5403225806451613,-60.0,-43.3,7.0,22.0,0.2413793103448276,1.9605340624909011,24,11,9,2,0.03776821403450251,1,0,0,0,0,0,0,0,0,16,24,16,0,4,1
1uay,A,165,GLU,-3.5,138.4,-1.0,1,3,H,0.7061855670103093,-76.0,-47.6,7.0,17.0,0.2916666666666667,1.7617597343142737,19,9,0,9,0.02797645484037223,1,0,0,0,0,0,0,0,0,16,24,16,0,4,1
1uay,A,166,LEU,3.8,166.7,0.0,0,0,H,0.08536585365853659,-68.0,-13.3,26.0,9.0,0.7428571428571429,2.8238929501415435,32,33,9,24,0.040099585271200194,1,0,0,0,0,0,0,0,0,16,24,16,0,4,1
1uay,A,167,ALA,1.8,88.6,0.0,0,0,G,0.10377358490566038,-57.4,-38.0,20.0,17.0,0.5405405405405406,2.1442257269186626,30,23,10,13,0.045228601991935104,0,0,0,1,0,0,0,0,0,-1,0,0,0,0,0
1uay,A,168,GLY,-0.4,60.1,0.0,0,0,G,0.8571428571428571,-63.7,-24.1,3.0,20.0,0.13043478260869565,1.7095043488779442,21,21,9,12,0.02984155182973038,0,0,0,1,0,0,0,0,0,6,192,9,0,19,1
1uay,A,169,TRP,-0.9,227.8,0.0,1,0,G,0.44933920704845814,-98.8,2.4,18.0,11.0,0.6206896551724138,1.9374273052582065,24,25,17,8,0.03403802005578621,0,0,0,1,0,0,0,0,0,6,192,9,0,19,1
1uay,A,170,GLY,-0.4,60.1,0.0,0,0,T,0.047619047619047616,73.3,27.0,14.0,21.0,0.4,2.718999409214984,33,29,20,9,0.04429605349725603,0,0,0,0,0,1,0,0,0,6,192,9,0,19,1
1uay,A,171,ILE,4.5,166.7,0.0,0,0,E,0.005917159763313609,-115.4,121.4,23.0,26.0,0.46938775510204084,4.3790050886821685,38,32,9,23,0.05222271570202816,0,0,1,0,0,0,0,0,0,6,192,9,0,19,1
1uay,A,172,ARG,-4.5,173.4,1.0,5,0,E,0.0,-87.8,152.8,27.0,24.0,0.5294117647058824,5.750742580317425,43,8,15,-7,0.0526889899493677,0,0,1,0,0,0,0,0,0,-1,0,0,0,0,0
1uay,A,173,VAL,4.2,140.0,0.0,0,0,E,0.0,-135.1,119.1,22.0,33.0,0.4,5.718381632846551,42,17,11,6,0.05455408693872585,0,0,1,0,0,0,0,0,0,-1,0,0,0,0,0
1uay,A,174,VAL,4.2,140.0,0.0,0,0,E,0.0,-132.8,148.7,27.0,26.0,0.5094339622641509,6.503322760578658,43,16,10,6,0.05129016720734909,0,0,1,0,0,0,0,0,0,-1,0,0,0,0,0
1uay,A,175,THR,-0.7,116.1,0.0,1,1,E,0.0,-121.6,132.9,24.0,24.0,0.5,5.256515700739649,43,14,10,4,0.04942507021799094,0,0,1,0,0,0,0,0,0,32,0,24,0,0,1
1uay,A,176,VAL,4.2,140.0,0.0,0,0,E,0.0,-102.5,131.1,22.0,20.0,0.5238095238095238,6.1200168073257695,38,11,16,-5,0.04942507021799094,0,0,1,0,0,0,0,0,0,-1,0,0,0,0,0
1uay,A,177,ALA,1.8,88.6,0.0,0,0,E,0.0,-113.0,92.2,21.0,21.0,0.5,4.453593762604635,40,20,21,-1,0.05035761871267001,0,0,1,0,0,0,0,0,0,-1,0,0,0,0,0
1uay,A,178,PRO,-1.6,112.7,0.0,0,0,E,0.051470588235294115,-68.7,150.6,22.0,24.0,0.4782608695652174,2.1379636400669386,40,18,13,5,0.04662742473395372,0,0,1,0,0,0,0,0,0,-1,0,0,0,0,0
1uay,A,179,GLY,-0.4,60.1,0.0,0,0,-,0.047619047619047616,-90.2,-130.4,27.0,21.0,0.5625,2.509519512332913,39,19,15,4,0.048492521723311866,0,0,0,0,0,0,0,0,0,-1,0,0,0,0,0
1uay,A,180,LEU,3.8,166.7,0.0,0,0,S,0.012195121951219513,-87.5,111.0,21.0,23.0,0.4772727272727273,3.884290501997629,42,19,16,3,0.045694876239274644,0,0,0,0,0,0,1,0,0,-1,0,0,0,0,0
1uay,A,181,PHE,2.8,189.9,0.0,0,0,-,0.0,-131.4,178.6,21.0,15.0,0.5833333333333334,3.541412865252492,36,18,27,-9,0.03963331102386066,0,0,0,0,0,0,0,0,0,-1,0,0,0,0,0
1uay,A,182,ASP,-3.5,111.1,-1.0,1,3,S,0.50920245398773,-82.1,82.4,10.0,18.0,0.35714285714285715,1.912883251687786,20,11,2,9,0.03870076252918159,0,0,0,0,0,0,1,0,0,-1,0,0,0,0,0
1uay,A,183,THR,-0.7,116.1,0.0,1,1,S,0.11971830985915492,-130.1,176.6,23.0,11.0,0.6764705882352942,2.400360392221941,30,6,8,-2,0.03450429430312575,0,0,0,0,0,0,1,0,0,-1,0,0,0,0,0
1uay,A,184,PRO,-1.6,112.7,0.0,0,0,H,0.36764705882352944,-52.2,-30.3,14.0,13.0,0.5185185185185185,2.0169866898483866,29,5,8,-3,0.03310547156110714,1,0,0,0,0,0,0,0,0,-1,0,0,0,0,0
1uay,A,185,LEU,3.8,166.7,0.0,0,0,H,0.07317073170731707,-58.8,-53.8,20.0,16.0,0.5555555555555556,2.693475697010647,35,11,7,4,0.040099585271200194,1,0,0,0,0,0,0,0,0,-1,0,0,0,0,0
1uay,A,186,LEU,3.8,166.7,0.0,0,0,H,0.042682926829268296,-70.7,-41.7,16.0,15.0,0.5161290322580645,3.1041242013090278,27,10,15,-5,0.040099585271200194,1,0,0,0,0,0,0,0,0,21,21,6,0,1,1
1uay,A,187,GLN,-3.5,143.8,0.0,2,2,H,0.494949494949495,-57.6,-25.8,7.0,12.0,0.3684210526315789,1.9198447359683672,19,6,9,-3,0.02984155182973038,1,0,0,0,0,0,0,0,0,21,21,6,0,1,1
1uay,A,188,GLY,-0.4,60.1,0.0,0,0,T,0.6666666666666666,-88.2,10.1,11.0,9.0,0.55,1.7097014925393683,20,7,6,1,0.030774100324409453,0,0,0,0,0,1,0,0,0,21,21,6,0,1,1
1uay,A,189,LEU,3.8,166.7,0.0,0,0,S,0.18292682926829268,-117.7,154.7,17.0,5.0,0.7727272727272727,2.073209188255846,25,15,10,5,0.02844272908771177,0,0,0,0,0,0,1,0,0,21,21,6,0,1,1
1uay,A,190,PRO,-1.6,112.7,0.0,0,0,-,0.6323529411764706,-79.5,168.2,3.0,10.0,0.23076923076923078,2.118643752231986,13,18,9,9,0.02471253510899547,0,0,0,0,0,0,0,0,0,21,21,6,0,1,1
1uay,A,191,GLU,-3.5,138.4,-1.0,1,3,H,0.7422680412371134,-51.9,-54.7,0.0,12.0,0.0,1.7084662939497481,13,18,0,18,0.022847438119637322,1,0,0,0,0,0,0,0,0,21,21,6,0,1,1
1uay,A,192,LYS,-3.9,168.6,1.0,2,0,H,0.8439024390243902,-45.2,-48.4,1.0,12.0,0.07692307692307693,1.9290967394622538,10,9,9,0,0.023779986614316396,1,0,0,0,0,0,0,0,0,9,147,10,0,13,1
1uay,A,193,ALA,1.8,88.6,0.0,0,0,H,0.2358490566037736,-68.8,-44.6,9.0,9.0,0.5,2.1391184962861507,20,23,9,14,0.030774100324409453,1,0,0,0,0,0,0,0,0,21,21,6,0,1,1
1uay,A,194,LYS,-3.9,168.6,1.0,2,0,H,0.2731707317073171,-56.8,-40.7,12.0,12.0,0.5,2.2050984992850364,20,7,15,-8,0.03916703677652112,1,0,0,0,0,0,0,0,0,21,21,6,0,1,1
1uay,A,195,ALA,1.8,88.6,0.0,0,0,H,0.6037735849056604,-66.4,-50.0,3.0,15.0,0.16666666666666666,1.7676239799962155,18,21,9,12,0.02844272908771177,1,0,0,0,0,0,0,0,0,9,147,10,0,13,1
1uay,A,196,SER,-0.8,89.0,0.0,1,1,H,0.3769230769230769,-63.0,-33.3,9.0,12.0,0.42857142857142855,1.8137477087177594,20,23,5,18,0.02797645484037223,1,0,0,0,0,0,0,0,0,9,147,10,0,13,1
1uay,A,197,LEU,3.8,166.7,0.0,0,0,H,0.024390243902439025,-70.6,-46.4,14.0,14.0,0.5,3.257453239443887,28,26,2,24,0.03683566553982344,1,0,0,0,0,0,0,0,0,9,147,10,0,13,1
1uay,A,198,ALA,1.8,88.6,0.0,0,0,H,0.24528301886792453,-60.3,-34.4,13.0,18.0,0.41935483870967744,2.214866160534284,29,17,3,14,0.03823448828184205,1,0,0,0,0,0,0,0,0,9,147,10,0,13,1
1uay,A,199,ALA,1.8,88.6,0.0,0,0,T,0.8018867924528302,-65.4,-16.1,6.0,16.0,0.2727272727272727,1.7676130183293028,22,15,0,15,0.027510180593032695,0,0,0,0,0,1,0,0,0,9,147,10,0,13,1
1uay,A,200,GLN,-3.5,143.8,0.0,2,2,T,0.2676767676767677,-83.2,-14.0,13.0,14.0,0.48148148148148145,1.7918850938797621,25,20,1,19,0.032639197313767604,0,0,0,0,0,1,0,0,0,19,24,8,0,2,1
1uay,A,201,VAL,4.2,140.0,0.0,0,0,-,0.056338028169014086,-76.4,117.4,19.0,15.0,0.5588235294117647,2.850370658460849,30,23,8,15,0.04289723075523742,0,0,0,0,0,0,0,0,0,-1,0,0,0,0,0
1uay,A,202,PRO,-1.6,112.7,0.0,0,0,-,0.23529411764705882,-59.3,-61.9,22.0,16.0,0.5789473684210527,1.9456995107085582,32,31,13,18,0.04196468226055834,0,0,0,0,0,0,0,0,0,-1,0,0,0,0,0
1uay,A,203,PHE,2.8,189.9,0.0,0,0,S,0.04568527918781726,-163.5,131.5,24.0,21.0,0.5333333333333333,3.0510401831627685,38,31,19,12,0.04942507021799094,0,0,0,0,0,0,1,0,0,-1,0,0,0,0,0
1uay,A,204,PRO,-1.6,112.7,0.0,0,0,S,0.014705882352941176,-67.0,139.3,17.0,24.0,0.4146341463414634,3.2089953110403338,33,29,20,9,0.04709369898129325,0,0,0,0,0,0,1,0,0,10,60,15,0,7,1
1uay,A,205,PRO,-1.6,112.7,0.0,0,0,-,0.6764705882352942,-77.9,67.7,10.0,24.0,0.29411764705882354,1.9866764348080392,26,14,5,9,0.03357174580844668,0,0,0,0,0,0,0,0,0,-1,0,0,0,0,0
1uay,A,206,ARG,-4.5,173.4,1.0,5,0,S,0.21370967741935484,-168.7,176.4,7.0,21.0,0.25,2.2042900165791703,22,11,17,-6,0.02984155182973038,0,0,0,0,0,0,1,0,0,10,60,15,0,7,1
1uay,A,207,LEU,3.8,166.7,0.0,0,0,P,0.3902439024390244,-72.4,147.5,10.0,23.0,0.30303030303030304,1.9064496055554943,26,27,16,11,0.03730193978716297,0,0,0,0,0,0,0,0,0,-1,0,0,0,0,0
1uay,A,208,GLY,-0.4,60.1,0.0,0,0,P,0.07142857142857142,-69.9,154.4,26.0,10.0,0.7222222222222222,2.3211213679632046,31,22,32,-10,0.04942507021799094,0,0,0,0,0,0,0,0,0,-1,0,0,0,0,0
1uay,A,209,ARG,-4.5,173.4,1.0,5,0,P,0.4032258064516129,-93.9,138.3,10.0,21.0,0.3225806451612903,2.1920639596547313,23,11,30,-19,0.0363693912924839,0,0,0,0,0,0,0,0,0,10,60,15,0,7,1
1uay,A,210,PRO,-1.6,112.7,0.0,0,0,H,0.27205882352941174,-52.1,-36.2,14.0,18.0,0.4375,2.6688520971943506,29,24,26,-2,0.04243095650789788,1,0,0,0,0,0,0,0,0,-1,0,0,0,0,0
1uay,A,211,GLU,-3.5,138.4,-1.0,1,3,H,0.6701030927835051,-62.5,-26.6,3.0,26.0,0.10344827586206896,1.8275391413920954,27,24,11,13,0.032639197313767604,1,0,0,0,0,0,0,0,0,-1,0,0,0,0,0
1uay,A,212,GLU,-3.5,138.4,-1.0,1,3,H,0.06701030927835051,-73.3,-33.3,20.0,17.0,0.5405405405405406,2.3403645790440444,31,28,22,6,0.048026247475972325,1,0,0,0,0,0,0,0,0,10,60,15,0,7,1
1uay,A,213,TYR,-1.3,193.6,0.0,1,1,H,0.0,-70.6,-44.2,28.0,20.0,0.5833333333333334,4.500944246640839,43,14,16,-2,0.050823892960009553,1,0,0,0,0,0,0,0,0,-1,0,0,0,0,0
1uay,A,214,ALA,1.8,88.6,0.0,0,0,H,0.02830188679245283,-60.2,-40.3,18.0,20.0,0.47368421052631576,2.5542226531878156,33,21,17,4,0.04662742473395372,1,0,0,0,0,0,0,0,0,-1,0,0,0,0,0
1uay,A,215,ALA,1.8,88.6,0.0,0,0,H,0.3867924528301887,-61.3,-41.3,16.0,20.0,0.4444444444444444,1.8513079489707611,25,22,32,-10,0.03730193978716297,1,0,0,0,0,0,0,0,0,-1,0,0,0,0,0
1uay,A,216,LEU,3.8,166.7,0.0,0,0,H,0.012195121951219513,-67.0,-42.3,24.0,21.0,0.5333333333333333,4.984255003018252,32,25,15,10,0.045694876239274644,1,0,0,0,0,0,0,0,0,-1,0,0,0,0,0
1uay,A,217,VAL,4.2,140.0,0.0,0,0,H,0.0,-58.4,-46.1,26.0,20.0,0.5652173913043478,5.0793416683096,39,18,14,4,0.045228601991935104,1,0,0,0,0,0,0,0,0,-1,0,0,0,0,0
1uay,A,218,LEU,3.8,166.7,0.0,0,0,H,0.21341463414634146,-65.0,-34.5,18.0,20.0,0.47368421052631576,2.1362029744939197,32,29,14,15,0.043363505002576956,1,0,0,0,0,0,0,0,0,-1,0,0,0,0,0
1uay,A,219,HIS,-3.2,153.2,0.1,2,1,H,0.08152173913043478,-66.6,-40.0,18.0,18.0,0.5,2.3747635190728444,23,5,19,-14,0.04289723075523742,1,0,0,0,0,0,0,0,0,-1,0,0,0,0,0
1uay,A,220,ILE,4.5,166.7,0.0,0,0,H,0.0,-58.0,-43.3,26.0,15.0,0.6341463414634146,5.705770141316094,36,28,15,13,0.048026247475972325,1,0,0,0,0,0,0,0,0,-1,0,0,0,0,0
1uay,A,221,LEU,3.8,166.7,0.0,0,0,H,0.04878048780487805,-62.1,-33.2,18.0,19.0,0.4864864864864865,2.4658856732027274,31,35,10,25,0.045694876239274644,1,0,0,0,0,0,0,0,0,-1,0,0,0,0,0
1uay,A,222,GLU,-3.5,138.4,-1.0,1,3,H,0.5979381443298969,-89.5,-5.5,13.0,15.0,0.4642857142857143,1.7556395209338747,24,31,10,21,0.034970568550465285,1,0,0,0,0,0,0,0,0,26,3,11,0,0,1
1uay,A,223,ASN,-3.5,114.1,0.0,2,2,-,0.012738853503184714,-117.3,98.1,23.0,11.0,0.6764705882352942,2.3937290692010347,33,36,31,5,0.043363505002576956,0,0,0,0,0,0,0,0,0,-1,0,0,0,0,0
1uay,A,224,PRO,-1.6,112.7,0.0,0,0,T,0.08088235294117647,-53.4,-30.4,16.0,25.0,0.3902439024390244,3.267651540575332,37,37,33,4,0.04616115048661418,0,0,0,0,0,1,0,0,0,-1,0,0,0,0,0
1uay,A,225,MET,1.9,162.9,0.0,0,0,T,0.005319148936170213,-75.0,-12.6,20.0,28.0,0.4166666666666667,5.642794020962979,43,38,30,8,0.050823892960009553,0,0,0,0,0,1,0,0,0,2,332,15,0,58,1
1uay,A,226,LEU,3.8,166.7,0.0,0,0,-,0.006097560975609756,-83.3,111.9,22.0,26.0,0.4583333333333333,6.580719993012094,40,30,30,0,0.053621538444046775,0,0,0,0,0,0,0,0,0,-1,0,0,0,0,0
1uay,A,227,ASN,-3.5,114.1,0.0,2,2,-,0.0,-160.1,142.0,29.0,21.0,0.58,6.650303640821984,41,35,18,17,0.05455408693872585,0,0,0,0,0,0,0,0,0,-1,0,0,0,0,0
1uay,A,228,GLY,-0.4,60.1,0.0,0,0,S,0.023809523809523808,61.0,20.9,20.0,24.0,0.45454545454545453,2.952488975186926,37,40,18,22,0.05408781269138631,0,0,0,0,0,0,1,0,0,32,0,24,0,0,1
1uay,A,229,GLU,-3.5,138.4,-1.0,1,3,-,0.0979381443298969,-116.3,157.6,21.0,23.0,0.4772727272727273,2.3024462016541785,30,25,9,16,0.04662742473395372,0,0,0,0,0,0,0,0,0,32,0,24,0,0,1
1uay,A,230,VAL,4.2,140.0,0.0,0,0,E,0.11971830985915492,-113.0,120.1,17.0,23.0,0.425,1.9941457621414553,33,25,15,10,0.04289723075523742,0,0,1,0,0,0,0,0,0,32,0,24,0,0,1
1uay,A,231,VAL,4.2,140.0,0.0,0,0,E,0.007042253521126761,-105.3,117.0,26.0,19.0,0.5777777777777777,4.070414231311539,31,20,24,-4,0.04196468226055834,0,0,1,0,0,0,0,0,0,32,0,24,0,0,1
1uay,A,232,ARG,-4.5,173.4,1.0,5,0,E,0.06451612903225806,-78.4,128.6,19.0,21.0,0.475,3.136236590284061,32,10,29,-19,0.04989134446533048,0,0,1,0,0,0,0,0,0,32,0,24,0,0,1
1uay,A,233,LEU,3.8,166.7,0.0,0,0,E,0.0,-124.1,85.6,24.0,20.0,0.5454545454545454,6.141952777626106,46,20,26,-6,0.05175644145468863,0,0,1,0,0,0,0,0,0,-1,0,0,0,0,0
1uay,A,234,ASP,-3.5,111.1,-1.0,1,3,S,0.0,-143.5,14.6,21.0,23.0,0.4772727272727273,6.158372304925883,42,25,14,11,0.05548663543340492,0,0,0,0,0,0,1,0,0,-1,0,0,0,0,0
1uay,A,235,GLY,-0.4,60.1,0.0,0,0,T,0.0,57.0,28.1,22.0,24.0,0.4782608695652174,5.901356892398114,40,49,19,30,0.053621538444046775,0,0,0,0,0,1,0,0,0,-1,0,0,0,0,0
1uay,A,236,ALA,1.8,88.6,0.0,0,0,T,0.0,72.3,16.5,21.0,23.0,0.4772727272727273,3.2908631569345843,39,38,22,16,0.05408781269138631,0,0,0,0,0,1,0,0,0,31,0,19,0,0,1
1uay,A,237,LEU,3.8,166.7,0.0,0,0,-,0.0,-66.8,140.2,28.0,13.0,0.6829268292682927,3.0586121156789354,36,32,19,13,0.045228601991935104,0,0,0,0,0,0,0,0,0,-1,0,0,0,0,0
1uay,A,238,ARG,-4.5,173.4,1.0,5,0,-,0.21774193548387097,-138.9,100.8,8.0,27.0,0.22857142857142856,2.0505702549644376,25,18,23,-5,0.03870076252918159,0,0,0,0,0,0,0,0,0,31,0,19,0,0,1
1uay,A,239,MET,1.9,162.9,0.0,0,0,-,0.0797872340425532,-60.5,126.7,19.0,9.0,0.6785714285714286,2.2949477452404534,31,22,15,7,0.040099585271200194,0,0,0,0,0,0,0,0,0,19,24,8,0,2,1
1uay,A,240,ALA,1.8,88.6,0.0,0,0,-,0.3867924528301887,-78.0,171.9,7.0,13.0,0.35,1.911903200899672,17,20,9,11,0.026577632098353617,0,0,0,0,0,0,0,0,0,19,24,8,0,2,1
1uay,A,241,PRO,-1.6,112.7,0.0,0,0,-,0.6176470588235294,-54.1,-36.0,0.0,15.0,0.0,1.9332106661960766,12,15,6,9,0.02611135785101408,0,0,0,0,0,0,0,0,0,19,24,8,0,2,1
1uay,A,242,ARG,-4.5,173.4,1.0,5,0,-,0.8346774193548387,-131.6,360.0,1.0,19.0,0.05,1.7729039192008968,12,4,0,4,0.025178809356335007,0,0,0,0,0,0,0,0,0,19,24,8,0,2,1
1uay,B,1,MET,1.9,162.9,0.0,0,0,-,0.8670212765957447,360.0,144.1,11.0,4.0,0.7333333333333333,1.8295904127697886,15,12,17,-5,0.01305567892550704,0,0,0,0,0,0,0,0,0,-1,0,0,0,0,0
1uay,B,2,GLU,-3.5,138.4,-1.0,1,3,-,0.5824742268041238,-68.8,140.7,11.0,10.0,0.5238095238095238,1.7801348404699877,17,24,11,13,0.02797645484037223,0,0,0,0,0,0,0,0,0,4,498,4,0,24,1
1uay,B,3,ARG,-4.5,173.4,1.0,5,0,-,0.10483870967741936,-125.0,160.9,15.0,15.0,0.5,2.3969210383315964,28,14,20,-6,0.04289723075523742,0,0,0,0,0,0,0,0,0,4,498,4,0,24,1
1uay,B,4,SER,-0.8,89.0,0.0,1,1,E,0.0,-100.8,165.8,20.0,20.0,0.5,4.6827244132429096,36,33,23,10,0.05548663543340492,0,0,1,0,0,0,0,0,0,4,498,4,0,24,1
1uay,B,5,ALA,1.8,88.6,0.0,0,0,E,0.0,-139.3,149.0,26.0,24.0,0.52,5.98932296808208,39,33,10,23,0.05222271570202816,0,0,1,0,0,0,0,0,0,-1,0,0,0,0,0
1uay,B,6,LEU,3.8,166.7,0.0,0,0,E,0.0,-123.3,123.2,33.0,26.0,0.559322033898305,7.896819433567517,48,14,2,12,0.048958795970651406,0,0,1,0,0,0,0,0,0,-1,0,0,0,0,0
1uay,B,7,VAL,4.2,140.0,0.0,0,0,E,0.0,-123.7,116.1,25.0,31.0,0.44642857142857145,6.776364110210667,46,9,7,2,0.05035761871267001,0,0,1,0,0,0,0,0,0,-1,0,0,0,0,0
1uay,B,8,THR,-0.7,116.1,0.0,1,1,E,0.007042253521126761,-88.6,148.3,27.0,26.0,0.5094339622641509,4.011275225387545,44,4,12,-8,0.045694876239274644,0,0,1,0,0,0,0,0,0,-1,0,0,0,0,0
1uay,B,9,GLY,-0.4,60.1,0.0,0,0,T,0.09523809523809523,75.3,17.7,20.0,23.0,0.46511627906976744,1.9207792230648053,38,22,11,11,0.04429605349725603,0,0,0,0,0,1,0,0,0,-1,0,0,0,0,0
1uay,B,10,GLY,-0.4,60.1,0.0,0,0,T,0.0,-72.4,-0.5,28.0,17.0,0.6222222222222222,3.8924842883081827,38,27,25,2,0.05035761871267001,0,0,0,0,0,1,0,0,0,-1,0,0,0,0,0
1uay,B,11,ALA,1.8,88.6,0.0,0,0,T,0.018867924528301886,-77.6,-17.8,13.0,22.0,0.37142857142857144,2.3507690047057253,30,28,27,1,0.045228601991935104,0,0,0,0,0,1,0,0,0,11,52,11,0,5,1
1uay,B,12,SER,-0.8,89.0,0.0,1,1,S,0.2923076923076923,-157.8,172.1,7.0,24.0,0.22580645161290322,1.899187372544137,32,26,20,6,0.032172923066428064,0,0,0,0,0,0,1,0,0,8,92,14,0,15,1
1uay,B,13,GLY,-0.4,60.1,0.0,0,0,H,0.19047619047619047,46.0,-131.3,14.0,19.0,0.42424242424242425,1.8073596459963817,31,19,23,-4,0.03590311704514436,1,0,0,0,0,0,0,0,0,-1,0,0,0,0,0
1uay,B,14,LEU,3.8,166.7,0.0,0,0,H,0.17073170731707318,-57.8,-47.7,22.0,21.0,0.5116279069767442,2.3820767664669034,42,15,19,-4,0.04616115048661418,1,0,0,0,0,0,0,0,0,-1,0,0,0,0,0
1uay,B,15,GLY,-0.4,60.1,0.0,0,0,H,0.011904761904761904,-60.0,-42.8,20.0,20.0,0.5,3.026376871188821,39,11,9,2,0.048958795970651406,1,0,0,0,0,0,0,0,0,-1,0,0,0,0,0
1uay,B,16,ARG,-4.5,173.4,1.0,5,0,H,0.36693548387096775,-60.0,-46.7,13.0,29.0,0.30952380952380953,2.498261129130072,33,3,28,-25,0.04289723075523742,1,0,0,0,0,0,0,0,0,-1,0,0,0,0,0
1uay,B,17,ALA,1.8,88.6,0.0,0,0,H,0.07547169811320754,-60.0,-43.3,16.0,20.0,0.4444444444444444,2.0227122864289617,36,18,20,-2,0.045228601991935104,1,0,0,0,0,0,0,0,0,-1,0,0,0,0,0
1uay,B,18,ALA,1.8,88.6,0.0,0,0,H,0.0,-64.0,-44.1,29.0,18.0,0.6170212765957447,4.223724153294076,43,18,12,6,0.048492521723311866,1,0,0,0,0,0,0,0,0,-1,0,0,0,0,0
1uay,B,19,ALA,1.8,88.6,0.0,0,0,H,0.0,-60.3,-46.5,24.0,23.0,0.5106382978723404,4.752579866459892,41,27,14,13,0.04616115048661418,1,0,0,0,0,0,0,0,0,-1,0,0,0,0,0
1uay,B,20,LEU,3.8,166.7,0.0,0,0,H,0.3170731707317073,-63.9,-39.5,15.0,22.0,0.40540540540540543,2.1140212200439255,30,23,25,-2,0.03916703677652112,1,0,0,0,0,0,0,0,0,-1,0,0,0,0,0
1uay,B,21,ALA,1.8,88.6,0.0,0,0,H,0.24528301886792453,-66.8,-41.2,18.0,15.0,0.5454545454545454,1.8585790392909765,30,26,9,17,0.035436842797804825,1,0,0,0,0,0,0,0,0,-1,0,0,0,0,0
1uay,B,22,LEU,3.8,166.7,0.0,0,0,H,0.0,-65.3,-39.2,25.0,14.0,0.6410256410256411,3.7012687025971123,35,33,3,30,0.04289723075523742,1,0,0,0,0,0,0,0,0,-1,0,0,0,0,0
1uay,B,23,LYS,-3.9,168.6,1.0,2,0,H,0.22439024390243903,-62.0,-45.2,14.0,15.0,0.4827586206896552,2.1922598574021537,25,21,15,6,0.03963331102386066,1,0,0,0,0,0,0,0,0,-1,0,0,0,0,0
1uay,B,24,ALA,1.8,88.6,0.0,0,0,H,0.8679245283018868,-64.7,-25.9,9.0,10.0,0.47368421052631576,1.7675846881577375,15,23,3,20,0.02471253510899547,1,0,0,0,0,0,0,0,0,-1,0,0,0,0,0
1uay,B,25,ARG,-4.5,173.4,1.0,5,0,H,0.5040322580645161,-78.4,-11.5,18.0,5.0,0.782608695652174,1.8209263377539733,21,15,8,7,0.02797645484037223,1,0,0,0,0,0,0,0,0,15,39,11,0,4,1
1uay,B,26,GLY,-0.4,60.1,0.0,0,0,T,0.5952380952380952,110.2,1.3,3.0,17.0,0.15,1.786156691750149,20,38,9,29,0.02984155182973038,0,0,0,0,0,1,0,0,0,15,39,11,0,4,1
1uay,B,27,TYR,-1.3,193.6,0.0,1,1,-,0.13513513513513514,-79.7,149.9,25.0,9.0,0.7352941176470589,1.8954973069830983,31,41,13,28,0.043829779249916496,0,0,0,0,0,0,0,0,0,15,39,11,0,4,1
1uay,B,28,ARG,-4.5,173.4,1.0,5,0,E,0.3346774193548387,-90.6,102.0,13.0,21.0,0.38235294117647056,2.199127278158765,27,25,29,-4,0.04476232774459557,0,0,1,0,0,0,0,0,0,4,498,4,0,24,1
1uay,B,29,VAL,4.2,140.0,0.0,0,0,E,0.014084507042253521,-94.0,132.2,23.0,22.0,0.5111111111111111,2.4757903044006513,39,38,19,19,0.05408781269138631,0,0,1,0,0,0,0,0,0,-1,0,0,0,0,0
1uay,B,30,VAL,4.2,140.0,0.0,0,0,E,0.0,-118.6,131.4,22.0,25.0,0.46808510638297873,4.644109199183932,40,32,19,13,0.0526889899493677,0,0,1,0,0,0,0,0,0,-1,0,0,0,0,0
1uay,B,31,VAL,4.2,140.0,0.0,0,0,E,0.0,-107.7,136.7,26.0,26.0,0.5,5.9132556775,41,28,30,-2,0.0526889899493677,0,0,1,0,0,0,0,0,0,-1,0,0,0,0,0
1uay,B,32,LEU,3.8,166.7,0.0,0,0,E,0.0,-117.5,119.3,27.0,20.0,0.574468085106383,3.3661807728424136,42,27,33,-6,0.053155264196707235,0,0,1,0,0,0,0,0,0,-1,0,0,0,0,0
1uay,B,33,ASP,-3.5,111.1,-1.0,1,3,E,0.147239263803681,-157.3,159.8,18.0,21.0,0.46153846153846156,2.0973931578558114,29,22,28,-6,0.04709369898129325,0,0,1,0,0,0,0,0,0,11,52,11,0,5,1
1uay,B,34,LEU,3.8,166.7,0.0,0,0,S,0.7804878048780488,-56.4,-29.1,6.0,20.0,0.23076923076923078,1.822048918560709,25,20,30,-10,0.02844272908771177,0,0,0,0,0,0,1,0,0,11,52,11,0,5,1
1uay,B,35,ARG,-4.5,173.4,1.0,5,0,S,0.47580645161290325,-134.6,158.5,4.0,17.0,0.19047619047619047,2.137382425145536,18,11,25,-14,0.032639197313767604,0,0,0,0,0,0,1,0,0,11,52,11,0,5,1
1uay,B,36,ARG,-4.5,173.4,1.0,5,0,-,0.6129032258064516,-91.4,172.5,8.0,15.0,0.34782608695652173,1.9363582188461317,15,10,30,-20,0.03870076252918159,0,0,0,0,0,0,0,0,0,11,52,11,0,5,1
1uay,B,37,GLU,-3.5,138.4,-1.0,1,3,-,0.44329896907216493,-140.9,-170.4,16.0,7.0,0.6956521739130435,1.8130729665916898,20,30,22,8,0.03124037457174899,0,0,0,0,0,0,0,0,0,7,446,3,0,16,1
1uay,B,38,GLY,-0.4,60.1,0.0,0,0,S,0.7976190476190477,-105.9,17.5,0.0,14.0,0.0,1.7095276847830418,13,20,26,-6,0.022381163872297785,0,0,0,0,0,0,1,0,0,7,446,3,0,16,1
1uay,B,39,GLU,-3.5,138.4,-1.0,1,3,S,0.34536082474226804,-80.3,167.6,17.0,3.0,0.85,1.7997936019559735,18,21,17,4,0.025645083603674543,0,0,0,0,0,0,1,0,0,7,446,3,0,16,1
1uay,B,40,ASP,-3.5,111.1,-1.0,1,3,S,0.7791411042944786,-81.5,70.7,7.0,14.0,0.3333333333333333,1.689372747239243,15,16,11,5,0.022847438119637322,0,0,0,0,0,0,1,0,0,7,446,3,0,16,1
1uay,B,41,LEU,3.8,166.7,0.0,0,0,S,0.10975609756097561,-140.9,165.2,26.0,7.0,0.7878787878787878,2.2639066036324094,29,32,25,7,0.03963331102386066,0,0,0,0,0,0,1,0,0,7,446,3,0,16,1
1uay,B,42,ILE,4.5,166.7,0.0,0,0,E,0.15976331360946747,-94.7,125.7,15.0,20.0,0.42857142857142855,2.301679043559201,28,31,30,1,0.03683566553982344,0,0,1,0,0,0,0,0,0,-1,0,0,0,0,0
1uay,B,43,TYR,-1.3,193.6,0.0,1,1,E,0.18468468468468469,-111.1,133.8,14.0,19.0,0.42424242424242425,2.4994498614863834,28,28,42,-14,0.043829779249916496,0,0,1,0,0,0,0,0,0,7,446,3,0,16,1
1uay,B,44,VAL,4.2,140.0,0.0,0,0,E,0.1056338028169014,-120.9,120.3,20.0,12.0,0.625,2.4410233235298704,33,42,32,10,0.045694876239274644,0,0,1,0,0,0,0,0,0,-1,0,0,0,0,0
1uay,B,45,GLU,-3.5,138.4,-1.0,1,3,E,0.4587628865979381,-85.9,125.9,3.0,24.0,0.1111111111111111,1.7457818337556565,17,26,23,3,0.03870076252918159,0,0,1,0,0,0,0,0,0,-1,0,0,0,0,0
1uay,B,46,GLY,-0.4,60.1,0.0,0,0,-,0.11904761904761904,179.2,-175.8,18.0,11.0,0.6206896551724138,1.7096248498944138,30,31,44,-13,0.04149840801321881,0,0,0,0,0,0,0,0,0,11,52,11,0,5,1
1uay,B,47,ASP,-3.5,111.1,-1.0,1,3,-,0.19631901840490798,-115.9,125.4,7.0,25.0,0.21875,2.04161207502456,31,20,37,-17,0.0363693912924839,0,0,0,0,0,0,0,0,0,-1,0,0,0,0,0
1uay,B,48,VAL,4.2,140.0,0.0,0,0,T,0.07042253521126761,-62.4,-17.1,27.0,17.0,0.6136363636363636,2.5975766019616,40,16,43,-27,0.04942507021799094,0,0,0,0,0,1,0,0,0,-1,0,0,0,0,0
1uay,B,49,THR,-0.7,116.1,0.0,1,1,T,0.19014084507042253,-86.5,-5.5,9.0,23.0,0.28125,2.2334923377605227,27,24,36,-12,0.040099585271200194,0,0,0,0,0,1,0,0,0,-1,0,0,0,0,0
1uay,B,50,ARG,-4.5,173.4,1.0,5,0,-,0.5524193548387096,-104.8,117.3,10.0,14.0,0.4166666666666667,2.085941475103905,20,15,37,-22,0.035436842797804825,0,0,0,0,0,0,0,0,0,27,24,1,0,0,1
1uay,B,51,GLU,-3.5,138.4,-1.0,1,3,H,0.44329896907216493,-51.0,-46.9,1.0,21.0,0.045454545454545456,1.9529688912320442,19,39,19,20,0.03870076252918159,1,0,0,0,0,0,0,0,0,-1,0,0,0,0,0
1uay,B,52,GLU,-3.5,138.4,-1.0,1,3,H,0.5567010309278351,-56.9,-42.2,2.0,17.0,0.10526315789473684,1.7611795030784192,18,34,25,9,0.03310547156110714,1,0,0,0,0,0,0,0,0,27,24,1,0,0,1
1uay,B,53,ASP,-3.5,111.1,-1.0,1,3,H,0.1165644171779141,-70.7,-41.8,16.0,10.0,0.6153846153846154,2.869127906168966,24,30,35,-5,0.043363505002576956,1,0,0,0,0,0,0,0,0,-1,0,0,0,0,0
1uay,B,54,VAL,4.2,140.0,0.0,0,0,H,0.0,-66.5,-41.2,20.0,20.0,0.5,4.11707283178328,39,44,36,8,0.05175644145468863,1,0,0,0,0,0,0,0,0,-1,0,0,0,0,0
1uay,B,55,ARG,-4.5,173.4,1.0,5,0,H,0.5443548387096774,-62.9,-37.8,3.0,26.0,0.10344827586206896,1.9171660402275592,22,27,26,1,0.03776821403450251,1,0,0,0,0,0,0,0,0,-1,0,0,0,0,0
1uay,B,56,ARG,-4.5,173.4,1.0,5,0,H,0.4314516129032258,-63.4,-42.6,13.0,15.0,0.4642857142857143,1.8539795211751857,22,20,35,-15,0.03403802005578621,1,0,0,0,0,0,0,0,0,-1,0,0,0,0,0
1uay,B,57,ALA,1.8,88.6,0.0,0,0,H,0.0,-68.9,-40.7,26.0,12.0,0.6842105263157895,4.248902459122491,37,30,32,-2,0.04429605349725603,1,0,0,0,0,0,0,0,0,-1,0,0,0,0,0
1uay,B,58,VAL,4.2,140.0,0.0,0,0,H,0.056338028169014086,-63.3,-44.6,17.0,27.0,0.38636363636363635,2.5783665108269256,38,26,14,12,0.04243095650789788,1,0,0,0,0,0,0,0,0,-1,0,0,0,0,0
1uay,B,59,ALA,1.8,88.6,0.0,0,0,H,0.5,-63.1,-39.7,5.0,22.0,0.18518518518518517,1.795665079590289,24,26,20,6,0.030774100324409453,1,0,0,0,0,0,0,0,0,-1,0,0,0,0,0
1uay,B,60,ARG,-4.5,173.4,1.0,5,0,H,0.2701612903225806,-63.6,-36.0,16.0,14.0,0.5333333333333333,2.2463415798074693,25,19,20,-1,0.03823448828184205,1,0,0,0,0,0,0,0,0,4,498,4,0,24,1
1uay,B,61,ALA,1.8,88.6,0.0,0,0,H,0.0,-68.6,-45.8,23.0,12.0,0.6571428571428571,4.714416325852579,32,33,20,13,0.05548663543340492,1,0,0,0,0,0,0,0,0,4,498,4,0,24,1
1uay,B,62,GLN,-3.5,143.8,0.0,2,2,H,0.4090909090909091,-64.0,-20.5,9.0,20.0,0.3103448275862069,1.9650383945135603,26,25,17,8,0.03870076252918159,1,0,0,0,0,0,0,0,0,4,498,4,0,24,1
1uay,B,63,GLU,-3.5,138.4,-1.0,1,3,H,0.6958762886597938,-66.9,-32.9,10.0,10.0,0.5,1.736959145170654,17,21,10,11,0.02844272908771177,1,0,0,0,0,0,0,0,0,4,498,4,0,24,1
1uay,B,64,GLU,-3.5,138.4,-1.0,1,3,H,0.2422680412371134,-80.6,-50.5,17.0,6.0,0.7391304347826086,1.9120892690142002,21,28,17,11,0.03870076252918159,1,0,0,0,0,0,0,0,0,4,498,4,0,24,1
1uay,B,65,ALA,1.8,88.6,0.0,0,0,S,0.08490566037735849,-170.7,168.5,13.0,11.0,0.5416666666666666,2.0245239855757347,26,29,27,2,0.03730193978716297,0,0,0,0,0,0,1,0,0,4,498,4,0,24,1
1uay,B,66,PRO,-1.6,112.7,0.0,0,0,-,0.34558823529411764,-56.5,130.5,11.0,21.0,0.34375,2.330103182044565,26,24,22,2,0.040565859518539735,0,0,0,0,0,0,0,0,0,4,498,4,0,24,1
1uay,B,67,LEU,3.8,166.7,0.0,0,0,E,0.0,-69.1,131.4,23.0,20.0,0.5348837209302325,4.286730653871704,42,27,13,14,0.050823892960009553,0,0,1,0,0,0,0,0,0,4,498,4,0,24,1
1uay,B,68,PHE,2.8,189.9,0.0,0,0,E,0.04060913705583756,-128.4,-48.4,18.0,28.0,0.391304347826087,2.981161170724171,35,31,13,18,0.04662742473395372,0,0,1,0,0,0,0,0,0,-1,0,0,0,0,0
1uay,B,69,ALA,1.8,88.6,0.0,0,0,E,0.0,-106.5,130.9,23.0,28.0,0.45098039215686275,5.982193749209054,39,24,1,23,0.048026247475972325,0,0,1,0,0,0,0,0,0,-1,0,0,0,0,0
1uay,B,70,VAL,4.2,140.0,0.0,0,0,E,0.0,-128.7,127.9,27.0,29.0,0.48214285714285715,8.50542313054301,42,7,0,7,0.048026247475972325,0,0,1,0,0,0,0,0,0,-1,0,0,0,0,0
1uay,B,71,VAL,4.2,140.0,0.0,0,0,E,0.0,-127.8,115.0,26.0,30.0,0.4642857142857143,7.059042635903194,44,4,0,4,0.04709369898129325,0,0,1,0,0,0,0,0,0,-1,0,0,0,0,0
1uay,B,72,SER,-0.8,89.0,0.0,1,1,E,0.007692307692307693,-92.4,105.6,28.0,21.0,0.5714285714285714,4.597549433518363,42,3,0,3,0.04616115048661418,0,0,1,0,0,0,0,0,0,-1,0,0,0,0,0
1uay,B,73,ALA,1.8,88.6,0.0,0,0,-,0.20754716981132076,-125.6,8.6,24.0,24.0,0.5,2.0288024636994075,42,8,6,2,0.04103213376587927,0,0,0,0,0,0,0,0,0,-1,0,0,0,0,0
1uay,B,74,ALA,1.8,88.6,0.0,0,0,-,0.1792452830188679,-79.1,137.7,27.0,19.0,0.5869565217391305,1.9758428440201996,43,4,15,-11,0.03823448828184205,0,0,0,0,0,0,0,0,0,13,24,17,0,5,1
1uay,B,75,GLY,-0.4,60.1,0.0,0,0,-,0.5119047619047619,-176.2,166.7,23.0,19.0,0.5476190476190477,1.7096706694476784,34,11,9,2,0.03124037457174899,0,0,0,0,0,0,0,0,0,13,24,17,0,5,1
1uay,B,76,VAL,4.2,140.0,0.0,0,0,-,0.2887323943661972,-131.0,154.9,17.0,19.0,0.4722222222222222,1.875625409453631,25,18,5,13,0.027510180593032695,0,0,0,0,0,0,0,0,0,13,24,17,0,5,1
1uay,B,77,GLY,-0.4,60.1,0.0,0,0,-,0.3333333333333333,-112.1,172.0,7.0,22.0,0.2413793103448276,1.7097625184195069,23,13,4,9,0.027043906345693154,0,0,0,0,0,0,0,0,0,13,24,17,0,5,1
1uay,B,78,LEU,3.8,166.7,0.0,0,0,-,0.22560975609756098,-165.8,134.9,23.0,8.0,0.7419354838709677,1.9532148973631933,27,18,11,7,0.03310547156110714,0,0,0,0,0,0,0,0,0,-1,0,0,0,0,0
1uay,B,79,ALA,1.8,88.6,0.0,0,0,-,0.7735849056603774,-122.1,106.5,4.0,22.0,0.15384615384615385,1.839063480709091,20,15,9,6,0.025178809356335007,0,0,0,0,0,0,0,0,0,0,3896,9,0,386,1
1uay,B,80,GLU,-3.5,138.4,-1.0,1,3,-,0.29381443298969073,-154.4,126.1,14.0,11.0,0.56,1.9159863301673472,24,20,2,18,0.03403802005578621,0,0,0,0,0,0,0,0,0,0,3896,9,0,386,1
1uay,B,81,LYS,-3.9,168.6,1.0,2,0,-,0.6536585365853659,-73.4,152.3,5.0,18.0,0.21739130434782608,1.9519190327903313,20,19,10,9,0.03403802005578621,0,0,0,0,0,0,0,0,0,0,3896,9,0,386,1
1uay,B,82,ILE,4.5,166.7,0.0,0,0,S,0.6923076923076923,-64.1,-39.9,3.0,18.0,0.14285714285714285,1.8974638295061688,18,20,9,11,0.02984155182973038,0,0,0,0,0,0,1,0,0,0,3896,9,0,386,1
1uay,B,83,LEU,3.8,166.7,0.0,0,0,B,0.8170731707317073,-115.3,107.6,0.0,13.0,0.0,1.8596503448832473,12,27,11,16,0.02611135785101408,0,1,0,0,0,0,0,0,0,0,3896,9,0,386,1
1uay,B,84,GLY,-0.4,60.1,0.0,0,0,-,0.5119047619047619,-88.7,-170.7,7.0,6.0,0.5384615384615384,1.772641400645785,10,26,17,9,0.02984155182973038,0,0,0,0,0,0,0,0,0,0,3896,9,0,386,1
1uay,B,85,LYS,-3.9,168.6,1.0,2,0,S,0.8048780487804879,-76.6,-33.2,0.0,10.0,0.0,1.8706604257392827,7,6,9,-3,0.01492077591486519,0,0,0,0,0,0,1,0,0,-1,0,0,0,0,0
1uay,B,86,GLU,-3.5,138.4,-1.0,1,3,S,1.0,-107.6,-11.8,1.0,8.0,0.1111111111111111,1.4916637662172563,6,10,0,10,0.015387050162204726,0,0,0,0,0,0,1,0,0,-1,0,0,0,0,0
1uay,B,87,GLY,-0.4,60.1,0.0,0,0,S,0.40476190476190477,173.8,-175.2,2.0,9.0,0.18181818181818182,1.709533948141475,11,24,14,10,0.020049792635600097,0,0,0,0,0,0,1,0,0,-1,0,0,0,0,0
1uay,B,88,PRO,-1.6,112.7,0.0,0,0,B,0.7573529411764706,-74.0,164.5,3.0,12.0,0.2,1.8779917441692207,13,20,15,5,0.02611135785101408,0,1,0,0,0,0,0,0,0,-1,0,0,0,0,0
1uay,B,89,HIS,-3.2,153.2,0.1,2,1,P,0.15217391304347827,-47.8,135.9,14.0,7.0,0.6666666666666666,1.862796952483626,22,10,14,-4,0.03403802005578621,0,0,0,0,0,0,0,0,0,0,3896,9,0,386,1
1uay,B,90,GLY,-0.4,60.1,0.0,0,0,P,0.35714285714285715,-65.6,149.4,8.0,13.0,0.38095238095238093,1.7704683550605966,18,25,18,7,0.026577632098353617,0,0,0,0,0,0,0,0,0,-1,0,0,0,0,0
1uay,B,91,LEU,3.8,166.7,0.0,0,0,H,0.7134146341463414,-79.5,-36.8,0.0,16.0,0.0,2.1057125973971127,13,25,12,13,0.02984155182973038,1,0,0,0,0,0,0,0,0,-1,0,0,0,0,0
1uay,B,92,GLU,-3.5,138.4,-1.0,1,3,H,0.9381443298969072,-66.8,-37.4,0.0,14.0,0.0,1.5760938071404822,13,27,10,17,0.026577632098353617,1,0,0,0,0,0,0,0,0,-1,0,0,0,0,0
1uay,B,93,SER,-0.8,89.0,0.0,1,1,H,0.16923076923076924,-64.9,-38.5,13.0,11.0,0.5416666666666666,1.8632754643590106,20,32,21,11,0.034970568550465285,1,0,0,0,0,0,0,0,0,-1,0,0,0,0,0
1uay,B,94,PHE,2.8,189.9,0.0,0,0,H,0.3401015228426396,-64.9,-48.6,10.0,19.0,0.3448275862068966,2.3787796198511555,24,29,22,7,0.043829779249916496,1,0,0,0,0,0,0,0,0,18,19,10,0,2,1
1uay,B,95,ARG,-4.5,173.4,1.0,5,0,H,0.45161290322580644,-58.2,-41.7,3.0,18.0,0.14285714285714285,1.986389303707491,13,12,18,-6,0.03776821403450251,1,0,0,0,0,0,0,0,0,-1,0,0,0,0,0
1uay,B,96,ARG,-4.5,173.4,1.0,5,0,H,0.5483870967741935,-61.6,-44.6,7.0,16.0,0.30434782608695654,1.884088502382158,23,10,22,-12,0.03776821403450251,1,0,0,0,0,0,0,0,0,-1,0,0,0,0,0
1uay,B,97,VAL,4.2,140.0,0.0,0,0,H,0.0,-62.5,-42.8,18.0,14.0,0.5625,3.3711881472228944,32,29,17,12,0.05175644145468863,1,0,0,0,0,0,0,0,0,-1,0,0,0,0,0
1uay,B,98,LEU,3.8,166.7,0.0,0,0,H,0.3780487804878049,-63.8,-45.1,9.0,21.0,0.3,1.8885041525228887,28,29,13,16,0.04755997322863279,1,0,0,0,0,0,0,0,0,18,19,10,0,2,1
1uay,B,99,GLU,-3.5,138.4,-1.0,1,3,I,0.34536082474226804,-56.6,-52.7,8.0,22.0,0.26666666666666666,2.1571618104581645,22,25,10,15,0.04149840801321881,0,0,0,0,1,0,0,0,0,-1,0,0,0,0,0
1uay,B,100,VAL,4.2,140.0,0.0,0,0,I,0.07042253521126761,-70.9,-54.4,18.0,19.0,0.4864864864864865,3.182566861659537,34,23,17,6,0.048492521723311866,0,0,0,0,1,0,0,0,0,13,24,17,0,5,1
1uay,B,101,ASN,-3.5,114.1,0.0,2,2,I,0.0,-70.4,-39.1,23.0,18.0,0.5609756097560976,4.0014857415979295,39,23,9,14,0.04755997322863279,0,0,0,0,1,0,0,0,0,13,24,17,0,5,1
1uay,B,102,LEU,3.8,166.7,0.0,0,0,I,0.24390243902439024,-100.3,-58.8,19.0,21.0,0.475,2.323798928112341,36,13,9,4,0.04662742473395372,0,0,0,0,1,0,0,0,0,-1,0,0,0,0,0
1uay,B,103,LEU,3.8,166.7,0.0,0,0,I,0.4024390243902439,-61.7,-38.3,10.0,20.0,0.3333333333333333,1.9692006728294382,25,21,15,6,0.03963331102386066,0,0,0,0,1,0,0,0,0,-1,0,0,0,0,0
1uay,B,104,GLY,-0.4,60.1,0.0,0,0,H,0.011904761904761904,-61.1,-42.3,25.0,14.0,0.6410256410256411,4.3236998487187455,33,19,19,0,0.04662742473395372,1,0,0,0,0,0,0,0,0,-1,0,0,0,0,0
1uay,B,105,THR,-0.7,116.1,0.0,1,1,H,0.028169014084507043,-65.2,-40.1,25.0,22.0,0.5319148936170213,5.048605562723192,41,13,4,9,0.048026247475972325,1,0,0,0,0,0,0,0,0,-1,0,0,0,0,0
1uay,B,106,PHE,2.8,189.9,0.0,0,0,H,0.5025380710659898,-68.0,-39.2,13.0,25.0,0.34210526315789475,2.323234340550238,28,11,1,10,0.03916703677652112,1,0,0,0,0,0,0,0,0,-1,0,0,0,0,0
1uay,B,107,ASN,-3.5,114.1,0.0,2,2,H,0.06369426751592357,-61.1,-45.6,17.0,14.0,0.5483870967741935,2.2924735964121314,31,26,27,-1,0.04662742473395372,1,0,0,0,0,0,0,0,0,-1,0,0,0,0,0
1uay,B,108,VAL,4.2,140.0,0.0,0,0,H,0.0,-65.7,-42.1,24.0,18.0,0.5714285714285714,5.930048878454777,42,20,10,10,0.048026247475972325,1,0,0,0,0,0,0,0,0,-1,0,0,0,0,0
1uay,B,109,LEU,3.8,166.7,0.0,0,0,H,0.06707317073170732,-62.3,-47.9,22.0,24.0,0.4782608695652174,3.495873672868533,39,14,3,11,0.04429605349725603,1,0,0,0,0,0,0,0,0,-1,0,0,0,0,0
1uay,B,110,ARG,-4.5,173.4,1.0,5,0,H,0.36693548387096775,-65.7,-40.2,9.0,21.0,0.3,1.8993402914467068,24,11,10,1,0.034970568550465285,1,0,0,0,0,0,0,0,0,-1,0,0,0,0,0
1uay,B,111,LEU,3.8,166.7,0.0,0,0,H,0.09146341463414634,-75.0,-38.9,18.0,11.0,0.6206896551724138,2.1844525332816063,31,29,17,12,0.043363505002576956,1,0,0,0,0,0,0,0,0,-1,0,0,0,0,0
1uay,B,112,ALA,1.8,88.6,0.0,0,0,H,0.0,-67.7,-43.7,29.0,17.0,0.6304347826086957,4.05520313272354,40,28,1,27,0.04289723075523742,1,0,0,0,0,0,0,0,0,-1,0,0,0,0,0
1uay,B,113,ALA,1.8,88.6,0.0,0,0,H,0.08490566037735849,-60.1,-43.1,19.0,21.0,0.475,2.194703198413647,33,30,11,19,0.040565859518539735,1,0,0,0,0,0,0,0,0,22,60,2,0,1,1
1uay,B,114,TRP,-0.9,227.8,0.0,1,0,H,0.7180616740088106,-62.0,-41.7,8.0,16.0,0.3333333333333333,1.88329642996376,18,27,9,18,0.035436842797804825,1,0,0,0,0,0,0,0,0,22,60,2,0,1,1
1uay,B,115,ALA,1.8,88.6,0.0,0,0,H,0.19811320754716982,-66.7,-28.0,23.0,11.0,0.6764705882352942,1.9170923415481855,30,29,9,20,0.03916703677652112,1,0,0,0,0,0,0,0,0,22,60,2,0,1,1
1uay,B,116,MET,1.9,162.9,0.0,0,0,H,0.0,-97.1,-8.4,29.0,8.0,0.7837837837837838,3.91759994325299,33,33,8,25,0.045228601991935104,1,0,0,0,0,0,0,0,0,22,60,2,0,1,1
1uay,B,117,ARG,-4.5,173.4,1.0,5,0,T,0.2217741935483871,-55.9,-21.5,10.0,17.0,0.37037037037037035,2.0945288655295515,18,12,10,2,0.04243095650789788,0,0,0,0,0,1,0,0,0,22,60,2,0,1,1
1uay,B,118,GLU,-3.5,138.4,-1.0,1,3,T,0.7371134020618557,-112.7,12.0,2.0,18.0,0.1,1.7356786783179095,13,21,0,21,0.03124037457174899,0,0,0,0,0,1,0,0,0,22,60,2,0,1,1
1uay,B,119,ASN,-3.5,114.1,0.0,2,2,S,0.10191082802547771,-66.3,144.8,23.0,2.0,0.92,2.0588798202918515,27,28,17,11,0.03403802005578621,0,0,0,0,0,0,1,0,0,5,234,8,0,20,1
1uay,B,120,PRO,-1.6,112.7,0.0,0,0,P,0.6911764705882353,-70.5,131.3,4.0,17.0,0.19047619047619047,1.7912694676018337,19,21,16,5,0.025178809356335007,0,0,0,0,0,0,0,0,0,-1,0,0,0,0,0
1uay,B,121,PRO,-1.6,112.7,0.0,0,0,P,0.47058823529411764,-57.2,145.7,8.0,13.0,0.38095238095238093,1.9786832485702743,20,19,19,0,0.03357174580844668,0,0,0,0,0,0,0,0,0,5,234,8,0,20,1
1uay,B,122,ASP,-3.5,111.1,-1.0,1,3,-,0.294478527607362,-82.0,-174.0,15.0,8.0,0.6521739130434783,1.8465389024733048,22,22,9,13,0.03124037457174899,0,0,0,0,0,0,0,0,0,-1,0,0,0,0,0
1uay,B,123,ALA,1.8,88.6,0.0,0,0,T,0.9433962264150944,-58.1,-23.5,2.0,11.0,0.15384615384615385,1.767746607345352,13,11,17,-6,0.019117244140921023,0,0,0,0,0,1,0,0,0,10,60,15,0,7,1
1uay,B,124,GLU,-3.5,138.4,-1.0,1,3,T,0.31443298969072164,-94.9,4.8,17.0,7.0,0.7083333333333334,1.8264841072588034,22,22,17,5,0.028909003335051305,0,0,0,0,0,1,0,0,0,10,60,15,0,7,1
1uay,B,125,GLY,-0.4,60.1,0.0,0,0,S,0.34523809523809523,80.8,12.6,10.0,12.0,0.45454545454545453,1.819395266493333,26,30,17,13,0.03357174580844668,0,0,0,0,0,0,1,0,0,5,234,8,0,20,1
1uay,B,126,GLN,-3.5,143.8,0.0,2,2,-,0.03535353535353535,-91.7,134.1,17.0,18.0,0.4857142857142857,3.3068727415795562,38,32,22,10,0.04755997322863279,0,0,0,0,0,0,0,0,0,-1,0,0,0,0,0
1uay,B,127,ARG,-4.5,173.4,1.0,5,0,S,0.2540322580645161,-100.7,-17.6,16.0,21.0,0.43243243243243246,3.4293961480225374,29,14,19,-5,0.053621538444046775,0,0,0,0,0,0,1,0,0,5,234,8,0,20,1
1uay,B,128,GLY,-0.4,60.1,0.0,0,0,E,0.0,172.7,169.3,24.0,22.0,0.5217391304347826,5.8551767394798535,40,33,13,20,0.050823892960009553,0,0,1,0,0,0,0,0,0,-1,0,0,0,0,0
1uay,B,129,VAL,4.2,140.0,0.0,0,0,E,0.0,-140.5,127.2,24.0,28.0,0.46153846153846156,5.951459349178085,44,22,6,16,0.050823892960009553,0,0,1,0,0,0,0,0,0,-1,0,0,0,0,0
1uay,B,130,ILE,4.5,166.7,0.0,0,0,E,0.0,-112.9,120.7,24.0,27.0,0.47058823529411764,7.294693569201376,41,17,0,17,0.048958795970651406,0,0,1,0,0,0,0,0,0,-1,0,0,0,0,0
1uay,B,131,VAL,4.2,140.0,0.0,0,0,E,0.0,-113.0,118.2,23.0,29.0,0.4423076923076923,8.023103287494555,44,12,2,10,0.048026247475972325,0,0,1,0,0,0,0,0,0,-1,0,0,0,0,0
1uay,B,132,ASN,-3.5,114.1,0.0,2,2,E,0.0,-101.2,161.7,30.0,26.0,0.5357142857142857,6.313449716354183,43,8,3,5,0.04709369898129325,0,0,1,0,0,0,0,0,0,-1,0,0,0,0,0
1uay,B,133,THR,-0.7,116.1,0.0,1,1,E,0.06338028169014084,-120.7,118.5,21.0,31.0,0.40384615384615385,2.776558862065172,44,9,1,8,0.04662742473395372,0,0,1,0,0,0,0,0,0,-1,0,0,0,0,0
1uay,B,134,ALA,1.8,88.6,0.0,0,0,-,0.009433962264150943,-103.8,-128.1,24.0,19.0,0.5581395348837209,3.248817294654214,40,14,1,13,0.048958795970651406,0,0,0,0,0,0,0,0,0,-1,0,0,0,0,0
1uay,B,135,SER,-0.8,89.0,0.0,1,1,-,0.08461538461538462,-179.2,154.2,23.0,20.0,0.5348837209302325,2.8398291761277625,38,19,14,5,0.043829779249916496,0,0,0,0,0,0,0,0,0,-1,0,0,0,0,0
1uay,B,136,VAL,4.2,140.0,0.0,0,0,T,0.014084507042253521,-65.7,-14.7,16.0,21.0,0.43243243243243246,3.2392737402776484,35,31,20,11,0.05035761871267001,0,0,0,0,0,1,0,0,0,-1,0,0,0,0,0
1uay,B,137,ALA,1.8,88.6,0.0,0,0,H,0.02830188679245283,-62.3,-20.9,20.0,18.0,0.5263157894736842,2.237308758049415,34,17,11,6,0.04662742473395372,1,0,0,0,0,0,0,0,0,-1,0,0,0,0,0
1uay,B,138,ALA,1.8,88.6,0.0,0,0,H,0.25471698113207547,-67.8,-20.1,20.0,13.0,0.6060606060606061,2.0244489232232943,29,16,9,7,0.04243095650789788,1,0,0,0,0,0,0,0,0,-1,0,0,0,0,0
1uay,B,139,PHE,2.8,189.9,0.0,0,0,H,0.467005076142132,-109.2,-37.9,13.0,17.0,0.43333333333333335,1.87470755663784,26,26,15,11,0.02844272908771177,1,0,0,0,0,0,0,0,0,-1,0,0,0,0,0
1uay,B,140,GLU,-3.5,138.4,-1.0,1,3,H,0.23711340206185566,-131.3,54.2,10.0,15.0,0.4,2.002900685276748,25,19,4,15,0.03403802005578621,1,0,0,0,0,0,0,0,0,-1,0,0,0,0,0
1uay,B,141,GLY,-0.4,60.1,0.0,0,0,P,0.5119047619047619,-53.3,132.1,15.0,13.0,0.5357142857142857,1.7096513956557673,24,11,9,2,0.040565859518539735,0,0,0,0,0,0,0,0,0,-1,0,0,0,0,0
1uay,B,142,GLN,-3.5,143.8,0.0,2,2,P,0.13636363636363635,-85.4,169.0,14.0,14.0,0.5,1.855950114300464,26,14,10,4,0.03450429430312575,0,0,0,0,0,0,0,0,0,-1,0,0,0,0,0
1uay,B,143,ILE,4.5,166.7,0.0,0,0,T,0.4911242603550296,-59.9,131.9,6.0,16.0,0.2727272727272727,1.8891693453189107,20,21,7,14,0.032639197313767604,0,0,0,0,0,1,0,0,0,-1,0,0,0,0,0
1uay,B,144,GLY,-0.4,60.1,0.0,0,0,T,0.19047619047619047,91.8,-4.2,9.0,17.0,0.34615384615384615,2.1312047949058663,22,20,11,9,0.03310547156110714,0,0,0,0,0,1,0,0,0,0,3896,9,0,386,1
1uay,B,145,GLN,-3.5,143.8,0.0,2,2,-,0.23232323232323232,-110.7,26.6,19.0,14.0,0.5757575757575758,1.9663040716004434,31,14,12,2,0.03916703677652112,0,0,0,0,0,0,0,0,0,0,3896,9,0,386,1
1uay,B,146,ALA,1.8,88.6,0.0,0,0,H,0.33962264150943394,-59.6,-47.2,12.0,20.0,0.375,1.8090100152213207,28,17,10,7,0.03683566553982344,1,0,0,0,0,0,0,0,0,18,19,10,0,2,1
1uay,B,147,ALA,1.8,88.6,0.0,0,0,H,0.018867924528301886,-64.7,-49.1,21.0,15.0,0.5833333333333334,3.1271904246412467,35,29,12,17,0.043829779249916496,1,0,0,0,0,0,0,0,0,18,19,10,0,2,1
1uay,B,148,TYR,-1.3,193.6,0.0,1,1,H,0.17567567567567569,-60.8,-48.4,17.0,21.0,0.4473684210526316,2.7412951803096557,41,11,3,8,0.04662742473395372,1,0,0,0,0,0,0,0,0,18,19,10,0,2,1
1uay,B,149,ALA,1.8,88.6,0.0,0,0,H,0.16981132075471697,-57.9,-45.7,13.0,21.0,0.38235294117647056,2.208890122943564,31,10,5,5,0.043363505002576956,1,0,0,0,0,0,0,0,0,18,19,10,0,2,1
1uay,B,150,ALA,1.8,88.6,0.0,0,0,H,0.42452830188679247,-59.8,-44.6,12.0,21.0,0.36363636363636365,1.8142823502912637,26,11,1,10,0.03403802005578621,1,0,0,0,0,0,0,0,0,18,19,10,0,2,1
1uay,B,151,SER,-0.8,89.0,0.0,1,1,H,0.0,-63.3,-40.2,23.0,16.0,0.5897435897435898,3.538928910864622,36,17,5,12,0.04662742473395372,1,0,0,0,0,0,0,0,0,18,19,10,0,2,1
1uay,B,152,LYS,-3.9,168.6,1.0,2,0,H,0.04878048780487805,-75.5,-29.4,24.0,20.0,0.5454545454545454,3.653445699957746,39,0,0,0,0.048492521723311866,1,0,0,0,0,0,0,0,0,-1,0,0,0,0,0
1uay,B,153,GLY,-0.4,60.1,0.0,0,0,H,0.2976190476190476,-67.0,-31.5,11.0,19.0,0.36666666666666664,1.9129896173439116,27,9,1,8,0.03683566553982344,1,0,0,0,0,0,0,0,0,-1,0,0,0,0,0
1uay,B,154,GLY,-0.4,60.1,0.0,0,0,H,0.25,-68.4,-39.8,15.0,18.0,0.45454545454545453,1.7972802951070088,29,9,0,9,0.032172923066428064,1,0,0,0,0,0,0,0,0,-1,0,0,0,0,0
1uay,B,155,VAL,4.2,140.0,0.0,0,0,H,0.0,-63.8,-42.7,32.0,13.0,0.7111111111111111,4.404359831353109,40,9,2,7,0.04616115048661418,1,0,0,0,0,0,0,0,0,-1,0,0,0,0,0
1uay,B,156,VAL,4.2,140.0,0.0,0,0,H,0.2112676056338028,-58.8,-50.2,16.0,22.0,0.42105263157894735,2.3528830419701072,33,10,8,2,0.040565859518539735,1,0,0,0,0,0,0,0,0,-1,0,0,0,0,0
1uay,B,157,ALA,1.8,88.6,0.0,0,0,H,0.6509433962264151,-65.2,-26.0,8.0,18.0,0.3076923076923077,1.839586241627829,27,6,4,2,0.026577632098353617,1,0,0,0,0,0,0,0,0,-1,0,0,0,0,0
1uay,B,158,LEU,3.8,166.7,0.0,0,0,H,0.18292682926829268,-70.5,-30.0,20.0,12.0,0.625,2.2134058673251897,32,4,3,1,0.03357174580844668,1,0,0,0,0,0,0,0,0,-1,0,0,0,0,0
1uay,B,159,THR,-0.7,116.1,0.0,1,1,H,0.014084507042253521,-47.5,-57.1,20.0,17.0,0.5405405405405406,2.667703751877068,37,16,9,7,0.04662742473395372,1,0,0,0,0,0,0,0,0,-1,0,0,0,0,0
1uay,B,160,LEU,3.8,166.7,0.0,0,0,H,0.20121951219512196,-65.0,-52.9,8.0,22.0,0.26666666666666666,2.487310026902108,28,27,16,11,0.040099585271200194,1,0,0,0,0,0,0,0,0,31,0,19,0,0,1
1uay,B,161,PRO,-1.6,112.7,0.0,0,0,H,0.5514705882352942,-60.7,-30.0,6.0,18.0,0.25,1.913747123129956,23,16,10,6,0.028909003335051305,1,0,0,0,0,0,0,0,0,31,0,19,0,0,1
1uay,B,162,ALA,1.8,88.6,0.0,0,0,H,0.09433962264150944,-72.1,-47.1,22.0,13.0,0.6285714285714286,2.072830276502363,30,18,10,8,0.03870076252918159,1,0,0,0,0,0,0,0,0,-1,0,0,0,0,0
1uay,B,163,ALA,1.8,88.6,0.0,0,0,H,0.0,-62.6,-40.0,28.0,14.0,0.6666666666666666,4.367442332076072,36,23,15,8,0.04989134446533048,1,0,0,0,0,0,0,0,0,-1,0,0,0,0,0
1uay,B,164,ARG,-4.5,173.4,1.0,5,0,H,0.5362903225806451,-59.5,-43.3,7.0,22.0,0.2413793103448276,1.9608299598249985,24,11,9,2,0.03916703677652112,1,0,0,0,0,0,0,0,0,31,0,19,0,0,1
1uay,B,165,GLU,-3.5,138.4,-1.0,1,3,H,0.7061855670103093,-75.7,-47.0,7.0,17.0,0.2916666666666667,1.7601404622697654,19,9,0,9,0.027510180593032695,1,0,0,0,0,0,0,0,0,-1,0,0,0,0,0
1uay,B,166,LEU,3.8,166.7,0.0,0,0,H,0.09146341463414634,-68.9,-13.9,25.0,9.0,0.7352941176470589,2.833305145845118,32,32,9,23,0.03963331102386066,1,0,0,0,0,0,0,0,0,-1,0,0,0,0,0
1uay,B,167,ALA,1.8,88.6,0.0,0,0,G,0.09433962264150944,-57.5,-37.8,20.0,17.0,0.5405405405405406,2.1434624706023255,29,23,9,14,0.045228601991935104,0,0,0,1,0,0,0,0,0,-1,0,0,0,0,0
1uay,B,168,GLY,-0.4,60.1,0.0,0,0,G,0.8452380952380952,-65.3,-18.3,3.0,20.0,0.13043478260869565,1.709581482940227,21,20,9,11,0.02984155182973038,0,0,0,1,0,0,0,0,0,5,234,8,0,20,1
1uay,B,169,TRP,-0.9,227.8,0.0,1,0,G,0.4581497797356828,-105.0,1.1,18.0,12.0,0.6,1.9479127467414639,24,25,17,8,0.03450429430312575,0,0,0,1,0,0,0,0,0,5,234,8,0,20,1
1uay,B,170,GLY,-0.4,60.1,0.0,0,0,T,0.047619047619047616,74.1,29.3,14.0,23.0,0.3783783783783784,2.7320865387678404,34,30,20,10,0.045694876239274644,0,0,0,0,0,1,0,0,0,5,234,8,0,20,1
1uay,B,171,ILE,4.5,166.7,0.0,0,0,E,0.0,-116.6,121.5,22.0,27.0,0.4489795918367347,4.415779681249906,39,34,9,25,0.053621538444046775,0,0,1,0,0,0,0,0,0,5,234,8,0,20,1
1uay,B,172,ARG,-4.5,173.4,1.0,5,0,E,0.0,-89.7,154.7,26.0,25.0,0.5098039215686274,5.742936953406109,43,8,16,-8,0.053155264196707235,0,0,1,0,0,0,0,0,0,-1,0,0,0,0,0
1uay,B,173,VAL,4.2,140.0,0.0,0,0,E,0.0,-137.0,120.4,23.0,32.0,0.41818181818181815,5.6582164819579,42,17,11,6,0.05408781269138631,0,0,1,0,0,0,0,0,0,-1,0,0,0,0,0
1uay,B,174,VAL,4.2,140.0,0.0,0,0,E,0.0,-134.4,150.7,27.0,26.0,0.5094339622641509,6.446020993589224,43,15,10,5,0.05129016720734909,0,0,1,0,0,0,0,0,0,-1,0,0,0,0,0
1uay,B,175,THR,-0.7,116.1,0.0,1,1,E,0.0,-123.9,134.4,23.0,25.0,0.4791666666666667,5.305681656405901,42,14,10,4,0.04942507021799094,0,0,1,0,0,0,0,0,0,30,0,27,0,0,1
1uay,B,176,VAL,4.2,140.0,0.0,0,0,E,0.0,-104.3,131.2,22.0,21.0,0.5116279069767442,6.094481442485837,39,11,15,-4,0.04989134446533048,0,0,1,0,0,0,0,0,0,-1,0,0,0,0,0
1uay,B,177,ALA,1.8,88.6,0.0,0,0,E,0.0,-113.0,92.8,21.0,21.0,0.5,4.429515875919464,39,20,22,-2,0.05175644145468863,0,0,1,0,0,0,0,0,0,-1,0,0,0,0,0
1uay,B,178,PRO,-1.6,112.7,0.0,0,0,E,0.051470588235294115,-71.1,152.2,19.0,24.0,0.4418604651162791,2.1257017550327792,39,18,12,6,0.045694876239274644,0,0,1,0,0,0,0,0,0,-1,0,0,0,0,0
1uay,B,179,GLY,-0.4,60.1,0.0,0,0,-,0.16666666666666666,-94.3,-130.0,27.0,19.0,0.5869565217391305,2.058958733044149,35,20,13,7,0.045228601991935104,0,0,0,0,0,0,0,0,0,24,7,13,0,1,1
1uay,B,180,LEU,3.8,166.7,0.0,0,0,S,0.25609756097560976,-89.7,113.9,19.0,22.0,0.4634146341463415,1.9125087195847712,38,20,17,3,0.03776821403450251,0,0,0,0,0,0,1,0,0,24,7,13,0,1,1
1uay,B,181,PHE,2.8,189.9,0.0,0,0,B,0.06598984771573604,-118.8,153.8,20.0,13.0,0.6060606060606061,2.7282023410473752,35,19,29,-10,0.03683566553982344,0,1,0,0,0,0,0,0,0,24,7,13,0,1,1
1uay,B,182,ASP,-3.5,111.1,-1.0,1,3,-,0.6993865030674846,-77.4,85.4,8.0,13.0,0.38095238095238093,1.5794038595624442,19,18,5,13,0.030774100324409453,0,0,0,0,0,0,0,0,0,-1,0,0,0,0,0
1uay,B,183,THR,-0.7,116.1,0.0,1,1,-,0.28169014084507044,-123.7,154.2,21.0,5.0,0.8076923076923077,1.7767378826278466,19,8,8,0,0.02844272908771177,0,0,0,0,0,0,0,0,0,8,92,14,0,15,1
1uay,B,184,PRO,-1.6,112.7,0.0,0,0,-,0.7720588235294118,-51.8,-22.3,8.0,8.0,0.5,1.833942630998392,15,8,8,0,0.01818469564624195,0,0,0,0,0,0,0,0,0,8,92,14,0,15,1
1uay,B,185,LEU,3.8,166.7,0.0,0,0,-,0.926829268292683,-50.5,360.0,13.0,3.0,0.8125,1.8220052711170083,17,4,7,-3,0.01305567892550704,0,0,0,0,0,0,0,0,0,8,92,14,0,15,1
1uay,B,190,PRO,-1.6,112.7,0.0,0,0,-,0.9705882352941176,360.0,129.6,5.0,4.0,0.5555555555555556,1.9945992545253854,10,18,9,9,0.017252147151562876,0,0,0,0,0,0,0,0,0,-1,0,0,0,0,0
1uay,B,191,GLU,-3.5,138.4,-1.0,1,3,H,0.7164948453608248,-60.0,-37.5,0.0,8.0,0.0,1.7084873460513954,8,18,0,18,0.01958351838826056,1,0,0,0,0,0,0,0,0,-1,0,0,0,0,0
1uay,B,192,LYS,-3.9,168.6,1.0,2,0,H,0.8829268292682927,-55.3,-49.6,2.0,8.0,0.2,1.8707027295360588,8,13,9,4,0.022847438119637322,1,0,0,0,0,0,0,0,0,34,0,0,0,0,1
1uay,B,193,ALA,1.8,88.6,0.0,0,0,H,0.4716981132075472,-69.3,-42.8,8.0,10.0,0.4444444444444444,1.8684576932943013,18,26,9,17,0.028909003335051305,1,0,0,0,0,0,0,0,0,34,0,0,0,0,1
1uay,B,194,LYS,-3.9,168.6,1.0,2,0,H,0.5463414634146342,-61.4,-38.3,8.0,12.0,0.4,1.9216302716183415,17,8,10,-2,0.030307826077069916,1,0,0,0,0,0,0,0,0,-1,0,0,0,0,0
1uay,B,195,ALA,1.8,88.6,0.0,0,0,H,0.5754716981132075,-67.2,-43.3,3.0,13.0,0.1875,1.767634794803337,15,21,9,12,0.027510180593032695,1,0,0,0,0,0,0,0,0,-1,0,0,0,0,0
1uay,B,196,SER,-0.8,89.0,0.0,1,1,H,0.35384615384615387,-61.1,-41.3,9.0,10.0,0.47368421052631576,1.8178408893785243,19,26,5,21,0.028909003335051305,1,0,0,0,0,0,0,0,0,-1,0,0,0,0,0
1uay,B,197,LEU,3.8,166.7,0.0,0,0,H,0.14634146341463414,-67.4,-47.4,12.0,14.0,0.46153846153846156,2.551901299001939,28,24,5,19,0.03776821403450251,1,0,0,0,0,0,0,0,0,24,7,13,0,1,1
1uay,B,198,ALA,1.8,88.6,0.0,0,0,H,0.33962264150943394,-55.9,-42.0,10.0,19.0,0.3448275862068966,2.124809327754561,26,18,3,15,0.0363693912924839,1,0,0,0,0,0,0,0,0,2,332,15,0,58,1
1uay,B,199,ALA,1.8,88.6,0.0,0,0,T,0.8301886792452831,-66.4,-11.3,7.0,16.0,0.30434782608695654,1.7676150026332986,22,16,0,16,0.02471253510899547,0,0,0,0,0,1,0,0,0,-1,0,0,0,0,0
1uay,B,200,GLN,-3.5,143.8,0.0,2,2,T,0.22727272727272727,-90.7,-12.2,14.0,13.0,0.5185185185185185,1.8020266179484732,26,22,3,19,0.032639197313767604,0,0,0,0,0,1,0,0,0,2,332,15,0,58,1
1uay,B,201,VAL,4.2,140.0,0.0,0,0,-,0.06338028169014084,-79.1,115.2,19.0,15.0,0.5588235294117647,2.6917034489333886,30,22,8,14,0.04196468226055834,0,0,0,0,0,0,0,0,0,2,332,15,0,58,1
1uay,B,202,PRO,-1.6,112.7,0.0,0,0,-,0.23529411764705882,-59.3,-60.8,22.0,15.0,0.5945945945945946,1.9406408917560716,33,31,13,18,0.04196468226055834,0,0,0,0,0,0,0,0,0,2,332,15,0,58,1
1uay,B,203,PHE,2.8,189.9,0.0,0,0,S,0.050761421319796954,-162.1,132.4,24.0,21.0,0.5333333333333333,3.1663739939880986,38,31,18,13,0.048492521723311866,0,0,0,0,0,0,1,0,0,2,332,15,0,58,1
1uay,B,204,PRO,-1.6,112.7,0.0,0,0,S,0.014705882352941176,-72.0,142.0,17.0,24.0,0.4146341463414634,3.218871479531419,33,29,21,8,0.04616115048661418,0,0,0,0,0,0,1,0,0,2,332,15,0,58,1
1uay,B,205,PRO,-1.6,112.7,0.0,0,0,-,0.7058823529411765,-77.4,62.6,10.0,23.0,0.30303030303030304,1.9476300269749858,25,12,7,5,0.032639197313767604,0,0,0,0,0,0,0,0,0,2,332,15,0,58,1
1uay,B,206,ARG,-4.5,173.4,1.0,5,0,S,0.21774193548387097,-161.1,177.4,8.0,20.0,0.2857142857142857,2.2630660209295104,24,11,23,-12,0.02797645484037223,0,0,0,0,0,0,1,0,0,2,332,15,0,58,1
1uay,B,207,LEU,3.8,166.7,0.0,0,0,P,0.3902439024390244,-77.2,146.5,8.0,22.0,0.26666666666666666,1.914808799621986,21,27,15,12,0.03823448828184205,0,0,0,0,0,0,0,0,0,24,7,13,0,1,1
1uay,B,208,GLY,-0.4,60.1,0.0,0,0,B,0.0,-71.7,151.0,24.0,9.0,0.7272727272727273,2.457922933231831,28,22,32,-10,0.05035761871267001,0,1,0,0,0,0,0,0,0,-1,0,0,0,0,0
1uay,B,209,ARG,-4.5,173.4,1.0,5,0,P,0.3870967741935484,-95.1,137.2,7.0,25.0,0.21875,2.2299983883210994,23,11,34,-23,0.03963331102386066,0,0,0,0,0,0,0,0,0,-1,0,0,0,0,0
1uay,B,210,PRO,-1.6,112.7,0.0,0,0,H,0.16176470588235295,-50.8,-34.2,15.0,18.0,0.45454545454545453,2.6193376625959703,30,24,26,-2,0.04476232774459557,1,0,0,0,0,0,0,0,0,-1,0,0,0,0,0
1uay,B,211,GLU,-3.5,138.4,-1.0,1,3,H,0.6752577319587629,-61.7,-28.6,3.0,27.0,0.1,1.8160579970504434,28,24,18,6,0.03357174580844668,1,0,0,0,0,0,0,0,0,-1,0,0,0,0,0
1uay,B,212,GLU,-3.5,138.4,-1.0,1,3,H,0.07216494845360824,-73.2,-33.1,18.0,17.0,0.5142857142857142,2.3309492447427567,32,27,24,3,0.048026247475972325,1,0,0,0,0,0,0,0,0,-1,0,0,0,0,0
1uay,B,213,TYR,-1.3,193.6,0.0,1,1,H,0.0,-69.1,-45.5,28.0,20.0,0.5833333333333334,4.471760036667924,43,14,16,-2,0.050823892960009553,1,0,0,0,0,0,0,0,0,-1,0,0,0,0,0
1uay,B,214,ALA,1.8,88.6,0.0,0,0,H,0.02830188679245283,-59.6,-39.2,18.0,22.0,0.45,2.559126281143889,34,21,17,4,0.04616115048661418,1,0,0,0,0,0,0,0,0,-1,0,0,0,0,0
1uay,B,215,ALA,1.8,88.6,0.0,0,0,H,0.36792452830188677,-61.2,-42.2,16.0,20.0,0.4444444444444444,1.8490956966551995,25,22,31,-9,0.0363693912924839,1,0,0,0,0,0,0,0,0,-1,0,0,0,0,0
1uay,B,216,LEU,3.8,166.7,0.0,0,0,H,0.012195121951219513,-66.4,-41.1,24.0,22.0,0.5217391304347826,5.006972855809042,33,25,15,10,0.045694876239274644,1,0,0,0,0,0,0,0,0,-1,0,0,0,0,0
1uay,B,217,VAL,4.2,140.0,0.0,0,0,H,0.0,-59.2,-46.4,26.0,20.0,0.5652173913043478,5.062101708661648,39,18,14,4,0.04709369898129325,1,0,0,0,0,0,0,0,0,-1,0,0,0,0,0
1uay,B,218,LEU,3.8,166.7,0.0,0,0,H,0.1951219512195122,-63.2,-35.4,18.0,20.0,0.47368421052631576,2.179704936400582,32,29,15,14,0.043829779249916496,1,0,0,0,0,0,0,0,0,15,39,11,0,4,1
1uay,B,219,HIS,-3.2,153.2,0.1,2,1,H,0.08152173913043478,-72.0,-34.1,19.0,17.0,0.5277777777777778,2.378450778688883,23,5,19,-14,0.04289723075523742,1,0,0,0,0,0,0,0,0,-1,0,0,0,0,0
1uay,B,220,ILE,4.5,166.7,0.0,0,0,H,0.0,-59.3,-42.7,27.0,15.0,0.6428571428571429,5.736324681457565,35,27,15,12,0.048026247475972325,1,0,0,0,0,0,0,0,0,-1,0,0,0,0,0
1uay,B,221,LEU,3.8,166.7,0.0,0,0,H,0.04878048780487805,-61.9,-34.3,18.0,20.0,0.47368421052631576,2.493996183532091,32,28,11,17,0.04476232774459557,1,0,0,0,0,0,0,0,0,-1,0,0,0,0,0
1uay,B,222,GLU,-3.5,138.4,-1.0,1,3,H,0.5773195876288659,-89.6,-6.1,12.0,17.0,0.41379310344827586,1.7541932669797253,23,29,12,17,0.035436842797804825,1,0,0,0,0,0,0,0,0,15,39,11,0,4,1
1uay,B,223,ASN,-3.5,114.1,0.0,2,2,-,0.006369426751592357,-115.9,97.9,23.0,10.0,0.696969696969697,2.3710596552367877,33,36,31,5,0.043363505002576956,0,0,0,0,0,0,0,0,0,-1,0,0,0,0,0
1uay,B,224,PRO,-1.6,112.7,0.0,0,0,T,0.058823529411764705,-52.8,-29.9,18.0,25.0,0.4186046511627907,3.268916210313667,38,36,33,3,0.04709369898129325,0,0,0,0,0,1,0,0,0,10,60,15,0,7,1
1uay,B,225,MET,1.9,162.9,0.0,0,0,T,0.005319148936170213,-74.9,-14.9,20.0,29.0,0.40816326530612246,5.730078290030356,43,38,30,8,0.05175644145468863,0,0,0,0,0,1,0,0,0,-1,0,0,0,0,0
1uay,B,226,LEU,3.8,166.7,0.0,0,0,-,0.006097560975609756,-80.6,111.1,22.0,26.0,0.4583333333333333,6.584634468433557,40,29,30,-1,0.053621538444046775,0,0,0,0,0,0,0,0,0,-1,0,0,0,0,0
1uay,B,227,ASN,-3.5,114.1,0.0,2,2,-,0.0,-159.7,141.4,29.0,21.0,0.58,6.673599489114118,41,35,18,17,0.05502036118606539,0,0,0,0,0,0,0,0,0,-1,0,0,0,0,0
1uay,B,228,GLY,-0.4,60.1,0.0,0,0,S,0.023809523809523808,62.2,20.5,20.0,24.0,0.45454545454545453,2.969651113433243,37,40,18,22,0.05455408693872585,0,0,0,0,0,0,1,0,0,30,0,27,0,0,1
1uay,B,229,GLU,-3.5,138.4,-1.0,1,3,-,0.09278350515463918,-116.9,159.8,20.0,23.0,0.46511627906976744,2.2985376586104262,30,25,9,16,0.04662742473395372,0,0,0,0,0,0,0,0,0,32,0,24,0,0,1
1uay,B,230,VAL,4.2,140.0,0.0,0,0,E,0.1267605633802817,-114.9,120.8,18.0,23.0,0.43902439024390244,1.9946988272710187,33,25,16,9,0.043363505002576956,0,0,1,0,0,0,0,0,0,32,0,24,0,0,1
1uay,B,231,VAL,4.2,140.0,0.0,0,0,E,0.014084507042253521,-106.0,117.2,26.0,20.0,0.5652173913043478,4.072951631157992,30,21,24,-3,0.04196468226055834,0,0,1,0,0,0,0,0,0,30,0,27,0,0,1
1uay,B,232,ARG,-4.5,173.4,1.0,5,0,E,0.06451612903225806,-78.4,130.0,18.0,21.0,0.46153846153846156,3.148438693858775,32,10,29,-19,0.04942507021799094,0,0,1,0,0,0,0,0,0,32,0,24,0,0,1
1uay,B,233,LEU,3.8,166.7,0.0,0,0,E,0.0,-125.4,87.3,24.0,21.0,0.5333333333333333,6.095495600603325,46,20,27,-7,0.05129016720734909,0,0,1,0,0,0,0,0,0,-1,0,0,0,0,0
1uay,B,234,ASP,-3.5,111.1,-1.0,1,3,S,0.006134969325153374,-145.1,12.8,23.0,23.0,0.5,5.729649679381744,41,25,13,12,0.05548663543340492,0,0,0,0,0,0,1,0,0,2,332,15,0,58,1
1uay,B,235,GLY,-0.4,60.1,0.0,0,0,T,0.0,59.8,26.6,21.0,25.0,0.45652173913043476,5.828292865630063,40,49,19,30,0.05222271570202816,0,0,0,0,0,1,0,0,0,2,332,15,0,58,1
1uay,B,236,ALA,1.8,88.6,0.0,0,0,T,0.0,74.4,15.8,22.0,22.0,0.5,3.273959565555888,40,38,22,16,0.053155264196707235,0,0,0,0,0,1,0,0,0,12,24,19,0,5,1
1uay,B,237,LEU,3.8,166.7,0.0,0,0,-,0.0,-67.7,139.6,29.0,13.0,0.6904761904761905,2.695275481452746,35,29,19,10,0.04476232774459557,0,0,0,0,0,0,0,0,0,24,7,13,0,1,1
1uay,B,238,ARG,-4.5,173.4,1.0,5,0,-,0.21774193548387097,-136.7,101.2,7.0,28.0,0.2,2.0471104525349832,25,18,23,-5,0.03916703677652112,0,0,0,0,0,0,0,0,0,12,24,19,0,5,1
1uay,B,239,MET,1.9,162.9,0.0,0,0,-,0.1276595744680851,-61.4,127.9,21.0,9.0,0.7,2.1753024614053276,30,21,15,6,0.040099585271200194,0,0,0,0,0,0,0,0,0,24,7,13,0,1,1
1uay,B,240,ALA,1.8,88.6,0.0,0,0,-,0.39622641509433965,-82.3,173.1,8.0,13.0,0.38095238095238093,1.9080945176025548,19,20,9,11,0.026577632098353617,0,0,0,0,0,0,0,0,0,-1,0,0,0,0,0
1uay,B,241,PRO,-1.6,112.7,0.0,0,0,-,0.5808823529411765,-53.8,-38.8,0.0,16.0,0.0,1.9319290947050038,13,15,6,9,0.026577632098353617,0,0,0,0,0,0,0,0,0,-1,0,0,0,0,0
1uay,B,242,ARG,-4.5,173.4,1.0,5,0,-,0.7983870967741935,-133.0,360.0,1.0,19.0,0.05,1.7728968155497045,13,7,0,7,0.02844272908771177,0,0,0,0,0,0,0,0,0,-1,0,0,0,0,0
1hp5,A,8,ASP,-3.5,111.1,-1.0,1,3,-,0.7975460122699386,360.0,38.0,7.0,6.0,0.5384615384615384,1.6720991225178725,12,25,0,25,0.020049792635600097,0,0,0,0,0,0,0,0,0,-1,0,0,0,0,0
1hp5,A,9,ARG,-4.5,173.4,1.0,5,0,-,0.2620967741935484,-62.9,-41.0,11.0,12.0,0.4782608695652174,1.899091043101754,20,12,17,-5,0.028909003335051305,0,0,0,0,0,0,0,0,0,-1,0,0,0,0,0
1hp5,A,10,LYS,-3.9,168.6,1.0,2,0,S,0.526829268292683,-75.0,-26.4,11.0,19.0,0.36666666666666664,2.1430318739730105,24,18,22,-4,0.03683566553982344,0,0,0,0,0,0,1,0,0,1,5041,8,0,539,1
1hp5,A,11,ALA,1.8,88.6,0.0,0,0,S,0.4056603773584906,-130.9,75.1,6.0,19.0,0.24,1.9133909372726219,24,27,8,19,0.03683566553982344,0,0,0,0,0,0,1,0,0,1,5041,8,0,539,1
1hp5,A,12,PRO,-1.6,112.7,0.0,0,0,-,0.2867647058823529,-54.5,141.0,16.0,8.0,0.6666666666666666,2.1455730656593044,24,23,8,15,0.030774100324409453,0,0,0,0,0,0,0,0,0,1,5041,8,0,539,1
1hp5,A,13,VAL,4.2,140.0,0.0,0,0,S,0.8450704225352113,-59.4,-33.4,0.0,16.0,0.0,1.8911543709340826,13,19,8,11,0.021914889624958248,0,0,0,0,0,0,1,0,0,-1,0,0,0,0,0
1hp5,A,14,ARG,-4.5,173.4,1.0,5,0,S,0.8024193548387096,-130.9,158.9,5.0,18.0,0.21739130434782608,1.83005397231888,12,3,1,2,0.02331371236697686,0,0,0,0,0,0,1,0,0,-1,0,0,0,0,0
1hp5,A,15,PRO,-1.6,112.7,0.0,0,0,P,0.33088235294117646,-57.2,152.5,16.0,13.0,0.5517241379310345,2.1233372657863248,27,21,0,21,0.03916703677652112,0,0,0,0,0,0,0,0,0,-1,0,0,0,0,0
1hp5,A,16,THR,-0.7,116.1,0.0,1,1,P,0.1267605633802817,-76.9,140.8,19.0,13.0,0.59375,1.9171241466287705,30,23,8,15,0.0363693912924839,0,0,0,0,0,0,0,0,0,-1,0,0,0,0,0
1hp5,A,17,PRO,-1.6,112.7,0.0,0,0,P,0.3382352941176471,-51.2,139.8,9.0,24.0,0.2727272727272727,2.2677267119759903,25,23,8,15,0.032172923066428064,0,0,0,0,0,0,0,0,0,-1,0,0,0,0,0
1hp5,A,18,LEU,3.8,166.7,0.0,0,0,T,0.024390243902439025,-58.9,-27.9,20.0,19.0,0.5128205128205128,2.8622609627666407,34,10,21,-11,0.04616115048661418,0,0,0,0,0,1,0,0,0,-1,0,0,0,0,0
1hp5,A,19,ASP,-3.5,111.1,-1.0,1,3,T,0.50920245398773,-90.6,-10.5,10.0,25.0,0.2857142857142857,1.8050521968996545,28,22,5,17,0.03963331102386066,0,0,0,0,0,1,0,0,0,-1,0,0,0,0,0
1hp5,A,20,ARG,-4.5,173.4,1.0,5,0,-,0.35080645161290325,-79.9,69.2,16.0,18.0,0.47058823529411764,1.98189803115147,27,15,8,7,0.040565859518539735,0,0,0,0,0,0,0,0,0,-1,0,0,0,0,0
1hp5,A,21,VAL,4.2,140.0,0.0,0,0,-,0.0,-140.5,156.6,26.0,19.0,0.5777777777777777,3.5672716239013433,41,34,18,16,0.04755997322863279,0,0,0,0,0,0,0,0,0,-1,0,0,0,0,0
1hp5,A,22,ILE,4.5,166.7,0.0,0,0,S,0.0,-128.0,125.7,22.0,26.0,0.4583333333333333,5.385431309295427,42,38,13,25,0.05222271570202816,0,0,0,0,0,0,1,0,0,-1,0,0,0,0,0
1hp5,A,23,PRO,-1.6,112.7,0.0,0,0,S,0.0,-63.2,157.5,24.0,20.0,0.5454545454545454,6.295606447062189,43,41,18,23,0.053155264196707235,0,0,0,0,0,0,1,0,0,-1,0,0,0,0,0
1hp5,A,24,ALA,1.8,88.6,0.0,0,0,P,0.0660377358490566,-65.3,128.2,21.0,23.0,0.4772727272727273,2.7432887110871182,39,28,28,0,0.048492521723311866,0,0,0,0,0,0,0,0,0,-1,0,0,0,0,0
1hp5,A,25,PRO,-1.6,112.7,0.0,0,0,P,0.04411764705882353,-65.9,151.4,20.0,23.0,0.46511627906976744,2.4656082153847656,33,18,32,-14,0.05175644145468863,0,0,0,0,0,0,0,0,0,-1,0,0,0,0,0
1hp5,A,26,ALA,1.8,88.6,0.0,0,0,S,0.330188679245283,-60.6,-33.8,13.0,19.0,0.40625,2.1356426427305766,28,5,23,-18,0.03870076252918159,0,0,0,0,0,0,1,0,0,-1,0,0,0,0,0
1hp5,A,27,SER,-0.8,89.0,0.0,1,1,E,0.43846153846153846,-150.0,126.6,11.0,16.0,0.4074074074074074,1.9530726737258,24,6,31,-25,0.028909003335051305,0,0,1,0,0,0,0,0,0,-1,0,0,0,0,0
1hp5,A,28,VAL,4.2,140.0,0.0,0,0,E,0.29577464788732394,-126.4,125.2,14.0,14.0,0.5,1.9161795628439884,25,3,30,-27,0.03730193978716297,0,0,1,0,0,0,0,0,0,-1,0,0,0,0,0
1hp5,A,29,ASP,-3.5,111.1,-1.0,1,3,E,0.6380368098159509,-131.0,84.7,8.0,14.0,0.36363636363636365,1.7748838377164335,18,2,19,-17,0.029375277582390842,0,0,1,0,0,0,0,0,0,-1,0,0,0,0,0
1hp5,A,30,PRO,-1.6,112.7,0.0,0,0,E,0.6176470588235294,-69.4,157.9,7.0,16.0,0.30434782608695654,2.0177266288512588,18,1,15,-14,0.02984155182973038,0,0,1,0,0,0,0,0,0,-1,0,0,0,0,0
1hp5,A,31,GLY,-0.4,60.1,0.0,0,0,-,0.5,164.5,161.1,6.0,14.0,0.3,1.7096489990207493,20,0,11,-11,0.020516066882939634,0,0,0,0,0,0,0,0,0,-1,0,0,0,0,0
1hp5,A,32,GLY,-0.4,60.1,0.0,0,0,S,0.9285714285714286,60.7,-173.2,12.0,5.0,0.7058823529411765,1.7096044535471964,18,1,6,-5,0.018650969893581486,0,0,0,0,0,0,1,0,0,-1,0,0,0,0,0
1hp5,A,33,ALA,1.8,88.6,0.0,0,0,P,0.4811320754716981,-83.2,160.8,5.0,18.0,0.21739130434782608,1.900528013390949,22,6,1,5,0.02331371236697686,0,0,0,0,0,0,0,0,0,4,2045,6,0,136,1
1hp5,A,34,PRO,-1.6,112.7,0.0,0,0,P,0.3088235294117647,-81.4,172.5,14.0,15.0,0.4827586206896552,2.0582371276961706,26,17,2,15,0.03870076252918159,0,0,0,0,0,0,0,0,0,4,2045,6,0,136,1
1hp5,A,35,TYR,-1.3,193.6,0.0,1,1,E,0.07657657657657657,-97.9,151.8,19.0,13.0,0.59375,2.513665898841016,31,13,3,10,0.04429605349725603,0,0,1,0,0,0,0,0,0,4,2045,6,0,136,1
1hp5,A,36,ARG,-4.5,173.4,1.0,5,0,E,0.5201612903225806,-129.0,119.7,7.0,22.0,0.2413793103448276,1.8874956189401408,23,2,0,2,0.04103213376587927,0,0,1,0,0,0,0,0,0,4,2045,6,0,136,1
1hp5,A,37,ILE,4.5,166.7,0.0,0,0,E,0.011834319526627219,-77.8,127.3,25.0,14.0,0.6410256410256411,3.79493107321072,34,21,0,21,0.045228601991935104,0,0,1,0,0,0,0,0,0,-1,0,0,0,0,0
1hp5,A,38,THR,-0.7,116.1,0.0,1,1,-,0.4859154929577465,-120.8,168.2,6.0,20.0,0.23076923076923078,2.2768395363978366,19,31,0,31,0.03310547156110714,0,0,0,0,0,0,0,0,0,-1,0,0,0,0,0
1hp5,A,39,ARG,-4.5,173.4,1.0,5,0,T,0.7782258064516129,-44.9,-32.4,3.0,19.0,0.13636363636363635,1.8844033503005961,12,14,0,14,0.030774100324409453,0,0,0,0,0,1,0,0,0,-1,0,0,0,0,0
1hp5,A,40,GLY,-0.4,60.1,0.0,0,0,T,0.4880952380952381,-92.0,2.0,1.0,17.0,0.05555555555555555,1.7096711871195611,18,35,0,35,0.03124037457174899,0,0,0,0,0,1,0,0,0,-1,0,0,0,0,0
1hp5,A,41,THR,-0.7,116.1,0.0,1,1,-,0.04929577464788732,-60.2,128.4,19.0,11.0,0.6333333333333333,2.121762480520652,26,42,0,42,0.043829779249916496,0,0,0,0,0,0,0,0,0,-1,0,0,0,0,0
1hp5,A,42,HIS,-3.2,153.2,0.1,2,1,-,0.40217391304347827,-103.8,151.3,9.0,23.0,0.28125,2.1415888813309345,25,44,0,44,0.043363505002576956,0,0,0,0,0,0,0,0,0,20,1,3,0,0,1
1hp5,A,43,ILE,4.5,166.7,0.0,0,0,E,0.0,-106.8,107.7,20.0,22.0,0.47619047619047616,5.065436512302044,39,59,11,48,0.05175644145468863,0,0,1,0,0,0,0,0,0,-1,0,0,0,0,0
1hp5,A,44,ARG,-4.5,173.4,1.0,5,0,E,0.18548387096774194,-94.1,125.0,14.0,21.0,0.4,2.8833787785090887,26,57,14,43,0.04989134446533048,0,0,1,0,0,0,0,0,0,10,56,3,0,2,1
1hp5,A,45,VAL,4.2,140.0,0.0,0,0,-,0.0,-126.3,169.9,19.0,19.0,0.5,4.418872777234941,30,65,28,37,0.05222271570202816,0,0,0,0,0,0,0,0,0,18,0,9,0,0,1
1hp5,A,46,ASP,-3.5,111.1,-1.0,1,3,-,0.19631901840490798,-72.9,165.2,15.0,16.0,0.4838709677419355,2.168557890761568,27,52,17,35,0.04196468226055834,0,0,0,0,0,0,0,0,0,18,0,9,0,0,1
1hp5,A,47,ASP,-3.5,111.1,-1.0,1,3,S,0.7730061349693251,-84.8,66.6,3.0,16.0,0.15789473684210525,1.6720840964640407,16,39,16,23,0.027510180593032695,0,0,0,0,0,0,1,0,0,18,0,9,0,0,1
1hp5,A,48,SER,-0.8,89.0,0.0,1,1,S,0.23076923076923078,-146.1,148.9,9.0,11.0,0.45,2.1075638713557123,21,38,26,12,0.03124037457174899,0,0,0,0,0,0,1,0,0,18,0,9,0,0,1
1hp5,A,49,ARG,-4.5,173.4,1.0,5,0,H,0.7701612903225806,-55.4,-44.1,0.0,15.0,0.0,1.8439759114237715,12,21,21,0,0.029375277582390842,1,0,0,0,0,0,0,0,0,17,7,1,0,0,1
1hp5,A,50,GLU,-3.5,138.4,-1.0,1,3,H,0.4072164948453608,-64.4,-41.6,11.0,16.0,0.4074074074074074,1.8222750532209224,22,48,12,36,0.03170664881908853,1,0,0,0,0,0,0,0,0,18,0,9,0,0,1
1hp5,A,51,ALA,1.8,88.6,0.0,0,0,H,0.0,-63.6,-46.2,18.0,16.0,0.5294117647058824,4.024690486480955,30,51,31,20,0.048492521723311866,1,0,0,0,0,0,0,0,0,18,0,9,0,0,1
1hp5,A,52,ARG,-4.5,173.4,1.0,5,0,H,0.3225806451612903,-64.2,-34.0,8.0,22.0,0.26666666666666666,2.1972577317734743,22,35,32,3,0.045694876239274644,1,0,0,0,0,0,0,0,0,13,16,4,0,0,1
1hp5,A,53,ARG,-4.5,173.4,1.0,5,0,H,0.6330645161290323,-57.2,-48.6,11.0,18.0,0.3793103448275862,1.8069124430763959,24,31,18,13,0.03403802005578621,1,0,0,0,0,0,0,0,0,17,7,1,0,0,1
1hp5,A,54,VAL,4.2,140.0,0.0,0,0,H,0.028169014084507043,-64.7,-39.6,25.0,16.0,0.6097560975609756,2.5828347567222716,38,45,23,22,0.048026247475972325,1,0,0,0,0,0,0,0,0,-1,0,0,0,0,0
1hp5,A,55,GLY,-0.4,60.1,0.0,0,0,H,0.0,-60.8,-45.6,23.0,17.0,0.575,4.588877455074114,35,37,22,15,0.048958795970651406,1,0,0,0,0,0,0,0,0,-1,0,0,0,0,0
1hp5,A,56,ASP,-3.5,111.1,-1.0,1,3,H,0.44171779141104295,-64.4,-40.4,6.0,23.0,0.20689655172413793,2.0998975021097976,26,31,12,19,0.03870076252918159,1,0,0,0,0,0,0,0,0,-1,0,0,0,0,0
1hp5,A,57,TYR,-1.3,193.6,0.0,1,1,H,0.08558558558558559,-57.4,-49.5,20.0,12.0,0.625,2.115021652490546,32,38,23,15,0.03963331102386066,1,0,0,0,0,0,0,0,0,-1,0,0,0,0,0
1hp5,A,58,LEU,3.8,166.7,0.0,0,0,H,0.012195121951219513,-61.9,-47.8,25.0,11.0,0.6944444444444444,4.97993168830061,37,34,16,18,0.04429605349725603,1,0,0,0,0,0,0,0,0,-1,0,0,0,0,0
1hp5,A,59,ALA,1.8,88.6,0.0,0,0,H,0.0,-53.3,-45.2,17.0,17.0,0.5,3.8000468728337764,31,25,16,9,0.045694876239274644,1,0,0,0,0,0,0,0,0,-1,0,0,0,0,0
1hp5,A,60,ASP,-3.5,111.1,-1.0,1,3,H,0.6073619631901841,-62.2,-32.5,6.0,20.0,0.23076923076923078,1.8313154871563642,22,20,8,12,0.035436842797804825,1,0,0,0,0,0,0,0,0,-1,0,0,0,0,0
1hp5,A,61,LEU,3.8,166.7,0.0,0,0,H,0.2682926829268293,-73.3,-32.2,15.0,16.0,0.4838709677419355,2.0074456216762306,28,33,26,7,0.03823448828184205,1,0,0,0,0,0,0,0,0,-1,0,0,0,0,0
1hp5,A,62,LEU,3.8,166.7,0.0,0,0,H,0.012195121951219513,-94.0,-31.4,25.0,16.0,0.6097560975609756,3.8174927771497873,33,29,18,11,0.045694876239274644,1,0,0,0,0,0,0,0,0,-1,0,0,0,0,0
1hp5,A,63,ARG,-4.5,173.4,1.0,5,0,H,0.3225806451612903,-51.8,-47.1,12.0,20.0,0.375,1.9992889760927803,22,9,16,-7,0.03823448828184205,1,0,0,0,0,0,0,0,0,-1,0,0,0,0,0
1hp5,A,64,PRO,-1.6,112.7,0.0,0,0,H,0.41911764705882354,-54.7,-57.0,9.0,13.0,0.4090909090909091,1.9231306591228952,22,21,20,1,0.03683566553982344,1,0,0,0,0,0,0,0,0,-1,0,0,0,0,0
1hp5,A,65,ALA,1.8,88.6,0.0,0,0,H,0.0,-73.7,-30.9,18.0,15.0,0.5454545454545454,2.9963928067591477,29,17,18,-1,0.04662742473395372,1,0,0,0,0,0,0,0,0,-1,0,0,0,0,0
1hp5,A,66,THR,-0.7,116.1,0.0,1,1,H,0.06338028169014084,-85.3,-35.5,19.0,14.0,0.5757575757575758,3.0707612279461816,31,25,8,17,0.04755997322863279,1,0,0,0,0,0,0,0,0,-1,0,0,0,0,0
1hp5,A,67,GLY,-0.4,60.1,0.0,0,0,-,0.6309523809523809,76.0,17.3,6.0,21.0,0.2222222222222222,1.9385528678703925,23,28,4,24,0.03357174580844668,0,0,0,0,0,0,0,0,0,-1,0,0,0,0,0
1hp5,A,68,TYR,-1.3,193.6,0.0,1,1,-,0.24324324324324326,-94.7,155.7,19.0,8.0,0.7037037037037037,2.2451038689376364,27,32,0,32,0.03870076252918159,0,0,0,0,0,0,0,0,0,-1,0,0,0,0,0
1hp5,A,69,ARG,-4.5,173.4,1.0,5,0,-,0.7298387096774194,-65.9,-47.1,6.0,16.0,0.2727272727272727,1.8492560572236736,15,30,0,30,0.030774100324409453,0,0,0,0,0,0,0,0,0,20,1,3,0,0,1
1hp5,A,70,LEU,3.8,166.7,0.0,0,0,-,0.0,48.4,60.5,18.0,12.0,0.6,3.7788191059226026,30,38,13,25,0.04755997322863279,0,0,0,0,0,0,0,0,0,20,1,3,0,0,1
1hp5,A,71,PRO,-1.6,112.7,0.0,0,0,-,0.09558823529411764,-66.8,148.3,9.0,20.0,0.3103448275862069,2.3537377979362266,24,45,8,37,0.034970568550465285,0,0,0,0,0,0,0,0,0,20,1,3,0,0,1
1hp5,A,72,VAL,4.2,140.0,0.0,0,0,E,0.1619718309859155,-111.7,116.1,17.0,18.0,0.4857142857142857,1.9963941545566404,28,60,15,45,0.04196468226055834,0,0,1,0,0,0,0,0,0,13,16,4,0,0,1
1hp5,A,73,THR,-0.7,116.1,0.0,1,1,E,0.21830985915492956,-137.0,164.0,9.0,20.0,0.3103448275862069,2.3688503264453873,26,57,16,41,0.03730193978716297,0,0,1,0,0,0,0,0,0,13,16,4,0,0,1
1hp5,A,74,ALA,1.8,88.6,0.0,0,0,S,0.16981132075471697,-102.7,26.6,8.0,17.0,0.32,1.8375206804173523,20,45,16,29,0.03823448828184205,0,0,0,0,0,0,1,0,0,13,16,4,0,0,1
1hp5,A,75,HIS,-3.2,153.2,0.1,2,1,S,0.717391304347826,-150.1,155.7,0.0,19.0,0.0,1.8603478304563392,15,40,10,30,0.027510180593032695,0,0,0,0,0,0,1,0,0,13,16,4,0,0,1
1hp5,A,76,GLY,-0.4,60.1,0.0,0,0,S,0.5,90.5,-179.8,11.0,6.0,0.6470588235294118,1.764699973637983,15,50,2,48,0.02471253510899547,0,0,0,0,0,0,1,0,0,10,56,3,0,2,1
1hp5,A,77,HIS,-3.2,153.2,0.1,2,1,-,1.0,-112.9,65.3,2.0,20.0,0.09090909090909091,1.7536479265166054,15,35,0,35,0.027043906345693154,0,0,0,0,0,0,0,0,0,10,56,3,0,2,1
1hp5,A,78,GLY,-0.4,60.1,0.0,0,0,-,0.17857142857142858,-46.5,150.0,18.0,10.0,0.6428571428571429,1.7905944464727397,26,50,0,50,0.03963331102386066,0,0,0,0,0,0,0,0,0,10,56,3,0,2,1
1hp5,A,79,GLY,-0.4,60.1,0.0,0,0,S,0.20238095238095238,-66.2,-21.7,12.0,20.0,0.375,1.7096067396801966,32,41,2,39,0.040565859518539735,0,0,0,0,0,0,1,0,0,4,2045,6,0,136,1
1hp5,A,80,ILE,4.5,166.7,0.0,0,0,E,0.005917159763313609,-124.3,114.2,21.0,22.0,0.4883720930232558,3.700323576635377,39,34,2,32,0.04662742473395372,0,0,1,0,0,0,0,0,0,-1,0,0,0,0,0
1hp5,A,81,ARG,-4.5,173.4,1.0,5,0,E,0.20161290322580644,-113.2,129.2,17.0,24.0,0.4146341463414634,2.4409731874889333,32,41,11,30,0.04709369898129325,0,0,1,0,0,0,0,0,0,-1,0,0,0,0,0
1hp5,A,82,LEU,3.8,166.7,0.0,0,0,E,0.0,-116.7,113.7,30.0,20.0,0.6,5.941938232121678,42,47,13,34,0.05175644145468863,0,0,1,0,0,0,0,0,0,18,0,9,0,0,1
1hp5,A,83,ARG,-4.5,173.4,1.0,5,0,E,0.3387096774193548,-130.3,136.2,15.0,26.0,0.36585365853658536,2.4572707778108867,25,40,13,27,0.04243095650789788,0,0,1,0,0,0,0,0,0,18,0,9,0,0,1
1hp5,A,84,LEU,3.8,166.7,0.0,0,0,E,0.23780487804878048,-92.5,128.7,16.0,19.0,0.45714285714285713,2.1901585714924328,30,42,21,21,0.03776821403450251,0,0,1,0,0,0,0,0,0,18,0,9,0,0,1
1hp5,A,85,ALA,1.8,88.6,0.0,0,0,-,0.29245283018867924,-162.3,162.7,10.0,14.0,0.4166666666666667,1.8491394382404025,21,39,4,35,0.02844272908771177,0,0,0,0,0,0,0,0,0,18,0,9,0,0,1
1hp5,A,86,GLY,-0.4,60.1,0.0,0,0,-,0.7261904761904762,-63.0,159.5,0.0,16.0,0.0,1.7095765040058917,15,31,1,30,0.020516066882939634,0,0,0,0,0,0,0,0,0,14,24,1,0,0,1
1hp5,A,87,GLY,-0.4,60.1,0.0,0,0,S,0.32142857142857145,161.3,169.4,17.0,3.0,0.85,1.7097123855407579,19,26,6,20,0.026577632098353617,0,0,0,0,0,0,1,0,0,14,24,1,0,0,1
1hp5,A,88,PRO,-1.6,112.7,0.0,0,0,T,0.7573529411764706,-86.5,59.8,2.0,17.0,0.10526315789473684,1.8337618298350076,16,19,17,2,0.022381163872297785,0,0,0,0,0,1,0,0,0,-1,0,0,0,0,0
1hp5,A,89,TYR,-1.3,193.6,0.0,1,1,T,0.04054054054054054,-123.2,0.5,24.0,7.0,0.7741935483870968,2.1979146497113358,28,30,27,3,0.040565859518539735,0,0,0,0,0,1,0,0,0,-1,0,0,0,0,0
1hp5,A,90,GLY,-0.4,60.1,0.0,0,0,T,0.5,58.2,-163.6,9.0,17.0,0.34615384615384615,1.8845180164658917,24,24,21,3,0.030774100324409453,0,0,0,0,0,1,0,0,0,-1,0,0,0,0,0
1hp5,A,91,ASP,-3.5,111.1,-1.0,1,3,T,0.588957055214724,-77.2,-11.9,4.0,23.0,0.14814814814814814,1.7793725417017487,25,33,10,23,0.02984155182973038,0,0,0,0,0,1,0,0,0,-1,0,0,0,0,0
1hp5,A,92,GLU,-3.5,138.4,-1.0,1,3,T,0.14948453608247422,-129.2,-12.0,13.0,23.0,0.3611111111111111,2.1630667248100366,31,59,15,44,0.04476232774459557,0,0,0,0,0,1,0,0,0,-1,0,0,0,0,0
1hp5,A,93,GLY,-0.4,60.1,0.0,0,0,-,0.0,-80.8,176.3,19.0,22.0,0.4634146341463415,3.6461902039075955,37,45,32,13,0.05502036118606539,0,0,0,0,0,0,0,0,0,-1,0,0,0,0,0
1hp5,A,94,TYR,-1.3,193.6,0.0,1,1,E,0.0,-168.5,170.9,23.0,18.0,0.5609756097560976,5.883535972142151,43,32,30,2,0.058284280917442144,0,0,1,0,0,0,0,0,0,-1,0,0,0,0,0
1hp5,A,95,ARG,-4.5,173.4,1.0,5,0,E,0.23790322580645162,-125.9,138.6,14.0,28.0,0.3333333333333333,3.319768110239749,28,15,23,-8,0.04942507021799094,0,0,1,0,0,0,0,0,0,-1,0,0,0,0,0
1hp5,A,96,LEU,3.8,166.7,0.0,0,0,E,0.0,-124.9,116.3,27.0,18.0,0.6,5.602806336343994,42,18,27,-9,0.04989134446533048,0,0,1,0,0,0,0,0,0,-1,0,0,0,0,0
1hp5,A,97,ASP,-3.5,111.1,-1.0,1,3,E,0.26993865030674846,-108.2,129.3,10.0,30.0,0.25,1.931944214113082,30,22,15,7,0.040099585271200194,0,0,1,0,0,0,0,0,0,4,2045,6,0,136,1
1hp5,A,98,SER,-0.8,89.0,0.0,1,1,E,0.09230769230769231,-129.6,132.3,25.0,14.0,0.6410256410256411,2.4236273020037395,30,6,10,-4,0.048026247475972325,0,0,1,0,0,0,0,0,0,4,2045,6,0,136,1
1hp5,A,99,GLY,-0.4,60.1,0.0,0,0,E,0.16666666666666666,-173.3,173.8,8.0,17.0,0.32,2.0812453398289104,25,6,8,-2,0.03916703677652112,0,0,1,0,0,0,0,0,0,4,2045,6,0,136,1
1hp5,A,100,PRO,-1.6,112.7,0.0,0,0,T,0.7132352941176471,-52.8,-24.9,3.0,19.0,0.13636363636363635,1.9131030909301026,19,8,2,6,0.027510180593032695,0,0,0,0,0,1,0,0,0,4,2045,6,0,136,1
1hp5,A,101,ALA,1.8,88.6,0.0,0,0,T,1.0,-75.7,-7.7,5.0,17.0,0.22727272727272727,1.7675246939557323,18,13,5,8,0.020049792635600097,0,0,0,0,0,1,0,0,0,4,2045,6,0,136,1
1hp5,A,102,GLY,-0.4,60.1,0.0,0,0,E,0.10714285714285714,123.4,-177.9,13.0,19.0,0.40625,1.752964170858572,27,17,8,9,0.03776821403450251,0,0,1,0,0,0,0,0,0,4,2045,6,0,136,1
1hp5,A,103,VAL,4.2,140.0,0.0,0,0,E,0.007042253521126761,-117.1,129.1,22.0,19.0,0.5365853658536586,2.779972610705873,41,24,8,16,0.04755997322863279,0,0,1,0,0,0,0,0,0,4,2045,6,0,136,1
1hp5,A,104,THR,-0.7,116.1,0.0,1,1,E,0.2887323943661972,-124.4,129.6,11.0,27.0,0.2894736842105263,2.4202321765187236,30,40,8,32,0.04476232774459557,0,0,1,0,0,0,0,0,0,-1,0,0,0,0,0
1hp5,A,105,ILE,4.5,166.7,0.0,0,0,E,0.0,-114.8,119.4,25.0,21.0,0.5434782608695652,6.072751445445692,42,42,9,33,0.053621538444046775,0,0,1,0,0,0,0,0,0,-1,0,0,0,0,0
1hp5,A,106,THR,-0.7,116.1,0.0,1,1,E,0.014084507042253521,-115.9,139.8,12.0,30.0,0.2857142857142857,3.5552526423574675,33,44,22,22,0.053155264196707235,0,0,1,0,0,0,0,0,0,14,24,1,0,0,1
1hp5,A,107,ALA,1.8,88.6,0.0,0,0,E,0.0,-159.9,165.0,24.0,14.0,0.631578947368421,4.210051541204079,35,49,21,28,0.058750555164781684,0,0,1,0,0,0,0,0,0,14,24,1,0,0,1
1hp5,A,108,ARG,-4.5,173.4,1.0,5,0,S,0.4717741935483871,-82.3,-27.6,9.0,20.0,0.3103448275862069,2.0231081652601604,21,13,13,0,0.04476232774459557,0,0,0,0,0,0,1,0,0,14,24,1,0,0,1
1hp5,A,109,LYS,-3.9,168.6,1.0,2,0,S,0.5219512195121951,-140.4,161.5,7.0,24.0,0.22580645161290322,2.2960098121107757,25,22,26,-4,0.03870076252918159,0,0,0,0,0,0,1,0,0,-1,0,0,0,0,0
1hp5,A,110,ALA,1.8,88.6,0.0,0,0,H,0.07547169811320754,-49.6,-44.0,14.0,23.0,0.3783783783783784,2.4717592995860707,35,56,26,30,0.03823448828184205,1,0,0,0,0,0,0,0,0,-1,0,0,0,0,0
1hp5,A,111,ALA,1.8,88.6,0.0,0,0,H,0.16981132075471697,-53.7,-36.4,14.0,24.0,0.3684210526315789,2.6845995919399757,34,49,26,23,0.040565859518539735,1,0,0,0,0,0,0,0,0,-1,0,0,0,0,0
1hp5,A,112,GLY,-0.4,60.1,0.0,0,0,H,0.0,-67.4,-45.7,23.0,17.0,0.575,5.520041215372084,36,51,25,26,0.053155264196707235,1,0,0,0,0,0,0,0,0,-1,0,0,0,0,0
1hp5,A,113,LEU,3.8,166.7,0.0,0,0,H,0.0,-61.1,-42.8,22.0,24.0,0.4782608695652174,5.951354752862866,43,54,20,34,0.05548663543340492,1,0,0,0,0,0,0,0,0,18,0,9,0,0,1
1hp5,A,114,PHE,2.8,189.9,0.0,0,0,H,0.02030456852791878,-57.8,-45.7,21.0,24.0,0.4666666666666667,3.637007477805318,45,59,9,50,0.04989134446533048,1,0,0,0,0,0,0,0,0,-1,0,0,0,0,0
1hp5,A,115,HIS,-3.2,153.2,0.1,2,1,H,0.010869565217391304,-64.3,-38.0,26.0,22.0,0.5416666666666666,4.6303292417659065,42,39,20,19,0.0526889899493677,1,0,0,0,0,0,0,0,0,-1,0,0,0,0,0
1hp5,A,116,GLY,-0.4,60.1,0.0,0,0,H,0.0,-61.0,-38.3,29.0,21.0,0.58,8.592735283068748,43,36,13,23,0.053621538444046775,1,0,0,0,0,0,0,0,0,-1,0,0,0,0,0
1hp5,A,117,VAL,4.2,140.0,0.0,0,0,H,0.0,-62.4,-40.1,21.0,26.0,0.44680851063829785,6.098862898189542,39,38,1,37,0.04989134446533048,1,0,0,0,0,0,0,0,0,-1,0,0,0,0,0
1hp5,A,118,GLN,-3.5,143.8,0.0,2,2,H,0.0,-61.6,-31.5,23.0,15.0,0.6052631578947368,5.36274963910809,37,50,5,45,0.05129016720734909,1,0,0,0,0,0,0,0,0,-1,0,0,0,0,0
1hp5,A,119,THR,-0.7,116.1,0.0,1,1,H,0.0,-74.2,-43.5,28.0,16.0,0.6363636363636364,6.717266142849114,41,37,12,25,0.05175644145468863,1,0,0,0,0,0,0,0,0,-1,0,0,0,0,0
1hp5,A,120,LEU,3.8,166.7,0.0,0,0,H,0.006097560975609756,-56.7,-42.5,23.0,26.0,0.46938775510204084,6.235482615947149,40,18,3,15,0.04196468226055834,1,0,0,0,0,0,0,0,0,-1,0,0,0,0,0
1hp5,A,121,ARG,-4.5,173.4,1.0,5,0,H,0.09274193548387097,-64.6,-21.0,18.0,18.0,0.5,2.6000616685110853,34,19,13,6,0.04616115048661418,1,0,0,0,0,0,0,0,0,-1,0,0,0,0,0
1hp5,A,122,GLN,-3.5,143.8,0.0,2,2,H,0.06060606060606061,-88.3,-25.2,21.0,20.0,0.5121951219512195,2.458251972613107,38,43,8,35,0.043363505002576956,1,0,0,0,0,0,0,0,0,-1,0,0,0,0,0
1hp5,A,123,LEU,3.8,166.7,0.0,0,0,H,0.0,-72.0,-30.4,22.0,20.0,0.5238095238095238,4.44941566213662,41,16,6,10,0.05129016720734909,1,0,0,0,0,0,0,0,0,-1,0,0,0,0,0
1hp5,A,124,LEU,3.8,166.7,0.0,0,0,S,0.0,-74.8,161.9,21.0,23.0,0.4772727272727273,4.765731608457938,40,16,7,9,0.048026247475972325,0,0,0,0,0,0,1,0,0,1,5041,8,0,539,1
1hp5,A,125,PRO,-1.6,112.7,0.0,0,0,-,0.08823529411764706,-73.5,159.7,19.0,25.0,0.4318181818181818,4.599418227980687,37,24,10,14,0.05175644145468863,0,0,0,0,0,0,0,0,0,1,5041,8,0,539,1
1hp5,A,126,PRO,-1.6,112.7,0.0,0,0,G,0.014705882352941176,-47.6,-36.2,17.0,23.0,0.425,3.3238769613251584,35,35,20,15,0.04709369898129325,0,0,0,1,0,0,0,0,0,1,5041,8,0,539,1
1hp5,A,127,ALA,1.8,88.6,0.0,0,0,G,0.02830188679245283,-55.3,-22.8,20.0,21.0,0.4878048780487805,2.8931336967556187,32,23,17,6,0.050823892960009553,0,0,0,1,0,0,0,0,0,1,5041,8,0,539,1
1hp5,A,128,VAL,4.2,140.0,0.0,0,0,G,0.06338028169014084,-59.0,-20.9,19.0,22.0,0.4634146341463415,2.4971324652338396,40,31,16,15,0.048492521723311866,0,0,0,1,0,0,0,0,0,1,5041,8,0,539,1
1hp5,A,129,GLU,-3.5,138.4,-1.0,1,3,G,0.17525773195876287,-80.2,-16.0,16.0,18.0,0.47058823529411764,1.8845498340960734,32,34,14,20,0.04103213376587927,0,0,0,1,0,0,0,0,0,-1,0,0,0,0,0
1hp5,A,130,LYS,-3.9,168.6,1.0,2,0,-,0.3853658536585366,-67.5,161.9,16.0,13.0,0.5517241379310345,2.0343538138439916,27,10,22,-12,0.040099585271200194,0,0,0,0,0,0,0,0,0,-1,0,0,0,0,0
1hp5,A,131,ASP,-3.5,111.1,-1.0,1,3,S,0.8466257668711656,-103.7,2.1,2.0,17.0,0.10526315789473684,1.7224021424531795,18,13,8,5,0.026577632098353617,0,0,0,0,0,0,1,0,0,-1,0,0,0,0,0
1hp5,A,132,SER,-0.8,89.0,0.0,1,1,S,0.45384615384615384,-127.2,154.7,0.0,19.0,0.0,2.204142073208204,18,13,13,0,0.02797645484037223,0,0,0,0,0,0,1,0,0,-1,0,0,0,0,0
1hp5,A,133,ALA,1.8,88.6,0.0,0,0,-,0.6886792452830188,-49.4,128.4,4.0,16.0,0.2,1.8284169524244085,17,13,9,4,0.030774100324409453,0,0,0,0,0,0,0,0,0,-1,0,0,0,0,0
1hp5,A,134,GLN,-3.5,143.8,0.0,2,2,-,0.25252525252525254,-120.5,152.2,19.0,4.0,0.8260869565217391,1.9133648386488606,23,16,12,4,0.03403802005578621,0,0,0,0,0,0,0,0,0,-1,0,0,0,0,0
1hp5,A,135,PRO,-1.6,112.7,0.0,0,0,-,0.8823529411764706,-56.6,-40.7,5.0,20.0,0.2,1.833864401998603,20,8,0,8,0.02331371236697686,0,0,0,0,0,0,0,0,0,-1,0,0,0,0,0
1hp5,A,136,GLY,-0.4,60.1,0.0,0,0,-,0.05952380952380952,96.3,-135.9,12.0,20.0,0.375,2.034466785294237,26,19,2,17,0.040099585271200194,0,0,0,0,0,0,0,0,0,1,5041,8,0,539,1
1hp5,A,137,PRO,-1.6,112.7,0.0,0,0,-,0.33088235294117646,-74.7,156.9,11.0,18.0,0.3793103448275862,2.3231853145648675,27,19,0,19,0.03357174580844668,0,0,0,0,0,0,0,0,0,1,5041,8,0,539,1
1hp5,A,138,TRP,-0.9,227.8,0.0,1,0,E,0.00881057268722467,-91.1,71.1,20.0,19.0,0.5128205128205128,3.110826550040201,36,19,1,18,0.043363505002576956,0,0,1,0,0,0,0,0,0,1,5041,8,0,539,1
1hp5,A,139,LEU,3.8,166.7,0.0,0,0,E,0.10975609756097561,-92.4,145.5,15.0,21.0,0.4166666666666667,3.7973474443004527,30,20,0,20,0.048958795970651406,0,0,1,0,0,0,0,0,0,-1,0,0,0,0,0
1hp5,A,140,VAL,4.2,140.0,0.0,0,0,E,0.0,-130.0,110.7,22.0,23.0,0.4888888888888889,5.352321938124711,37,14,4,10,0.05455408693872585,0,0,1,0,0,0,0,0,0,4,2045,6,0,136,1
1hp5,A,141,ALA,1.8,88.6,0.0,0,0,-,0.11320754716981132,-39.7,139.0,22.0,18.0,0.55,2.561421378370043,37,9,14,-5,0.04616115048661418,0,0,0,0,0,0,0,0,0,-1,0,0,0,0,0
1hp5,A,142,GLY,-0.4,60.1,0.0,0,0,S,0.08333333333333333,-80.8,149.2,10.0,22.0,0.3125,1.813169093614257,29,1,17,-16,0.03963331102386066,0,0,0,0,0,0,1,0,0,-1,0,0,0,0,0
1hp5,A,143,GLY,-0.4,60.1,0.0,0,0,E,0.14285714285714285,136.3,-163.5,13.0,17.0,0.43333333333333335,1.7096065724359735,28,7,20,-13,0.03870076252918159,0,0,1,0,0,0,0,0,0,-1,0,0,0,0,0
1hp5,A,144,THR,-0.7,116.1,0.0,1,1,E,0.2605633802816901,-131.9,143.8,4.0,31.0,0.11428571428571428,1.8978219821463937,28,11,29,-18,0.043829779249916496,0,0,1,0,0,0,0,0,0,-1,0,0,0,0,0
1hp5,A,145,ILE,4.5,166.7,0.0,0,0,E,0.0,-128.5,127.2,27.0,11.0,0.7105263157894737,3.3670680621364193,39,15,38,-23,0.05175644145468863,0,0,1,0,0,0,0,0,0,-1,0,0,0,0,0
1hp5,A,146,GLU,-3.5,138.4,-1.0,1,3,E,0.4175257731958763,-117.0,118.6,6.0,29.0,0.17142857142857143,1.7950119653583616,22,11,22,-11,0.04709369898129325,0,0,1,0,0,0,0,0,0,-1,0,0,0,0,0
1hp5,A,147,ASP,-3.5,111.1,-1.0,1,3,E,0.0,-134.5,130.6,27.0,14.0,0.6585365853658537,3.227592386038856,35,26,15,11,0.05129016720734909,0,0,1,0,0,0,0,0,0,-1,0,0,0,0,0
1hp5,A,148,THR,-0.7,116.1,0.0,1,1,-,0.4014084507042254,-139.9,150.6,7.0,30.0,0.1891891891891892,1.9479541294719862,28,24,29,-5,0.043829779249916496,0,0,0,0,0,0,0,0,0,-1,0,0,0,0,0
1hp5,A,149,PRO,-1.6,112.7,0.0,0,0,-,0.25,-80.4,145.4,21.0,17.0,0.5526315789473685,2.0784991305227503,32,32,28,4,0.045694876239274644,0,0,0,0,0,0,0,0,0,-1,0,0,0,0,0
1hp5,A,150,ARG,-4.5,173.4,1.0,5,0,S,0.31048387096774194,-75.0,-47.8,24.0,13.0,0.6486486486486487,1.8401780992678851,30,14,13,1,0.03683566553982344,0,0,0,0,0,0,1,0,0,2,2556,8,0,252,1
1hp5,A,151,TYR,-1.3,193.6,0.0,1,1,-,0.0990990990990991,-117.9,149.1,27.0,11.0,0.7105263157894737,2.2055056389865184,33,30,15,15,0.040565859518539735,0,0,0,0,0,0,0,0,0,2,2556,8,0,252,1
1hp5,A,152,ALA,1.8,88.6,0.0,0,0,S,0.6132075471698113,-86.0,-17.1,8.0,24.0,0.25,1.9185738177627485,27,42,18,24,0.03683566553982344,0,0,0,0,0,0,1,0,0,-1,0,0,0,0,0
1hp5,A,153,TRP,-0.9,227.8,0.0,1,0,E,0.022026431718061675,-107.8,100.6,21.0,22.0,0.4883720930232558,3.306700946453185,35,44,21,23,0.048492521723311866,0,0,1,0,0,0,0,0,0,-1,0,0,0,0,0
1hp5,A,154,ARG,-4.5,173.4,1.0,5,0,E,0.004032258064516129,-132.5,93.3,24.0,23.0,0.5106382978723404,5.0398134593429464,37,36,22,14,0.05595290968074446,0,0,1,0,0,0,0,0,0,-1,0,0,0,0,0
1hp5,A,155,SER,-0.8,89.0,0.0,1,1,E,0.0,-122.5,168.7,20.0,25.0,0.4444444444444444,7.671428081067667,42,37,15,22,0.05595290968074446,0,0,1,0,0,0,0,0,0,-1,0,0,0,0,0
1hp5,A,156,ALA,1.8,88.6,0.0,0,0,E,0.0,-132.1,134.3,23.0,27.0,0.46,9.928104930699686,39,29,14,15,0.05035761871267001,0,0,1,0,0,0,0,0,0,-1,0,0,0,0,0
1hp5,A,157,MET,1.9,162.9,0.0,0,0,E,0.0,-109.8,143.8,22.0,21.0,0.5116279069767442,7.5269877882300875,38,31,29,2,0.05175644145468863,0,0,1,0,0,0,0,0,0,-1,0,0,0,0,0
1hp5,A,158,LEU,3.8,166.7,0.0,0,0,E,0.006097560975609756,-125.3,125.2,23.0,24.0,0.48936170212765956,8.438641450658091,41,33,19,14,0.05408781269138631,0,0,1,0,0,0,0,0,0,-1,0,0,0,0,0
1hp5,A,159,ASP,-3.5,111.1,-1.0,1,3,E,0.0,-87.2,112.1,23.0,20.0,0.5348837209302325,5.847382022592499,38,47,31,16,0.05735173242276307,0,0,1,0,0,0,0,0,0,-1,0,0,0,0,0
1hp5,A,160,VAL,4.2,140.0,0.0,0,0,-,0.0,-109.1,11.4,22.0,25.0,0.46808510638297873,6.676345943554424,39,42,30,12,0.05408781269138631,0,0,0,0,0,0,0,0,0,-1,0,0,0,0,0
1hp5,A,161,SER,-0.8,89.0,0.0,1,1,S,0.0,-90.1,-44.6,26.0,24.0,0.52,6.618435791601203,40,49,51,-2,0.061548200648818906,0,0,0,0,0,0,1,0,0,-1,0,0,0,0,0
1hp5,A,162,ARG,-4.5,173.4,1.0,5,0,S,0.016129032258064516,-66.0,-50.2,15.0,31.0,0.32608695652173914,4.188713180112678,40,39,48,-9,0.06014937790680029,0,0,0,0,0,0,1,0,0,-1,0,0,0,0,0
1hp5,A,163,HIS,-3.2,153.2,0.1,2,1,S,0.10326086956521739,-132.2,127.7,15.0,29.0,0.3409090909090909,2.461109137897389,36,16,36,-20,0.053621538444046775,0,0,0,0,0,0,1,0,0,-1,0,0,0,0,0
1hp5,A,164,PHE,2.8,189.9,0.0,0,0,-,0.17258883248730963,-78.0,142.5,19.0,24.0,0.4418604651162791,2.3111995407514607,38,28,28,0,0.048492521723311866,0,0,0,0,0,0,0,0,0,-1,0,0,0,0,0
1hp5,A,165,PHE,2.8,189.9,0.0,0,0,-,0.0,-129.6,125.3,23.0,16.0,0.5897435897435898,2.623333146000284,34,31,36,-5,0.04196468226055834,0,0,0,0,0,0,0,0,0,-1,0,0,0,0,0
1hp5,A,166,GLY,-0.4,60.1,0.0,0,0,-,0.2261904761904762,-67.2,177.0,4.0,25.0,0.13793103448275862,2.0916469242659237,30,22,28,-6,0.03776821403450251,0,0,0,0,0,0,0,0,0,-1,0,0,0,0,0
1hp5,A,167,VAL,4.2,140.0,0.0,0,0,H,0.13380281690140844,-53.3,-51.3,13.0,16.0,0.4482758620689655,2.324710844857432,27,18,35,-17,0.03963331102386066,1,0,0,0,0,0,0,0,0,-1,0,0,0,0,0
1hp5,A,168,ASP,-3.5,111.1,-1.0,1,3,H,0.754601226993865,-62.1,-36.1,1.0,19.0,0.05,1.6721548502199204,17,19,22,-3,0.027043906345693154,1,0,0,0,0,0,0,0,0,-1,0,0,0,0,0
1hp5,A,169,GLU,-3.5,138.4,-1.0,1,3,H,0.34536082474226804,-69.8,-34.0,13.0,11.0,0.5416666666666666,2.1615692854151383,23,22,21,1,0.03730193978716297,1,0,0,0,0,0,0,0,0,-1,0,0,0,0,0
1hp5,A,170,VAL,4.2,140.0,0.0,0,0,H,0.007042253521126761,-71.6,-37.9,21.0,13.0,0.6176470588235294,5.377337117622774,33,23,34,-11,0.04709369898129325,1,0,0,0,0,0,0,0,0,-1,0,0,0,0,0
1hp5,A,171,LYS,-3.9,168.6,1.0,2,0,H,0.18048780487804877,-62.3,-37.9,10.0,18.0,0.35714285714285715,2.3940899425246105,27,28,35,-7,0.04476232774459557,1,0,0,0,0,0,0,0,0,-1,0,0,0,0,0
1hp5,A,172,ARG,-4.5,173.4,1.0,5,0,H,0.29838709677419356,-63.9,-47.5,13.0,14.0,0.48148148148148145,2.0121992925862107,27,20,46,-26,0.03916703677652112,1,0,0,0,0,0,0,0,0,-1,0,0,0,0,0
1hp5,A,173,TYR,-1.3,193.6,0.0,1,1,H,0.018018018018018018,-62.4,-40.2,25.0,16.0,0.6097560975609756,6.725945334071102,46,35,31,4,0.04616115048661418,1,0,0,0,0,0,0,0,0,-1,0,0,0,0,0
1hp5,A,174,ILE,4.5,166.7,0.0,0,0,H,0.005917159763313609,-55.9,-42.4,21.0,19.0,0.525,5.176093857576474,39,55,21,34,0.04662742473395372,1,0,0,0,0,0,0,0,0,6,241,15,0,47,1
1hp5,A,175,ASP,-3.5,111.1,-1.0,1,3,H,0.294478527607362,-66.0,-35.5,8.0,23.0,0.25806451612903225,1.9590249782815417,30,56,7,49,0.043829779249916496,1,0,0,0,0,0,0,0,0,-1,0,0,0,0,0
1hp5,A,176,ARG,-4.5,173.4,1.0,5,0,H,0.11290322580645161,-61.7,-47.1,23.0,14.0,0.6216216216216216,2.651069481819954,35,31,31,0,0.048958795970651406,1,0,0,0,0,0,0,0,0,9,24,13,0,3,1
1hp5,A,177,VAL,4.2,140.0,0.0,0,0,H,0.0,-74.6,-33.3,26.0,19.0,0.5777777777777777,5.953670401665976,39,57,9,48,0.048026247475972325,1,0,0,0,0,0,0,0,0,-1,0,0,0,0,0
1hp5,A,178,ALA,1.8,88.6,0.0,0,0,H,0.009433962264150943,-57.9,-23.6,19.0,20.0,0.48717948717948717,3.624507671116845,37,73,8,65,0.05175644145468863,1,0,0,0,0,0,0,0,0,-1,0,0,0,0,0
1hp5,A,179,ARG,-4.5,173.4,1.0,5,0,T,0.0967741935483871,-61.4,-29.8,18.0,20.0,0.47368421052631576,3.4126528996092875,34,35,14,21,0.04476232774459557,0,0,0,0,0,1,0,0,0,-1,0,0,0,0,0
1hp5,A,180,TYR,-1.3,193.6,0.0,1,1,T,0.009009009009009009,-110.3,23.2,24.0,23.0,0.5106382978723404,6.909998942810333,42,41,12,29,0.05129016720734909,0,0,0,0,0,1,0,0,0,-1,0,0,0,0,0
1hp5,A,181,LYS,-3.9,168.6,1.0,2,0,T,0.00975609756097561,67.2,24.4,29.0,22.0,0.5686274509803921,6.409294120708955,47,41,22,19,0.05408781269138631,0,0,0,0,0,1,0,0,0,-1,0,0,0,0,0
1hp5,A,182,TYR,-1.3,193.6,0.0,1,1,-,0.009009009009009009,-65.6,147.4,27.0,23.0,0.54,7.855104545775677,46,49,19,30,0.05175644145468863,0,0,0,0,0,0,0,0,0,-1,0,0,0,0,0
1hp5,A,183,ASN,-3.5,114.1,0.0,2,2,-,0.07006369426751592,-122.1,2.8,15.0,26.0,0.36585365853658536,2.3755384060398157,37,52,21,31,0.048492521723311866,0,0,0,0,0,0,0,0,0,-1,0,0,0,0,0
1hp5,A,184,LYS,-3.9,168.6,1.0,2,0,E,0.01951219512195122,-138.5,138.9,19.0,20.0,0.48717948717948717,3.5630673902179617,35,44,21,23,0.05502036118606539,0,0,1,0,0,0,0,0,0,-1,0,0,0,0,0
1hp5,A,185,LEU,3.8,166.7,0.0,0,0,E,0.006097560975609756,-119.1,106.6,22.0,24.0,0.4782608695652174,6.2554200294497955,38,32,16,16,0.05129016720734909,0,0,1,0,0,0,0,0,0,-1,0,0,0,0,0
1hp5,A,186,HIS,-3.2,153.2,0.1,2,1,E,0.0,-88.2,122.1,22.0,25.0,0.46808510638297873,7.766924303896363,38,29,27,2,0.05129016720734909,0,0,1,0,0,0,0,0,0,-1,0,0,0,0,0
1hp5,A,187,LEU,3.8,166.7,0.0,0,0,E,0.0,-113.0,119.0,21.0,27.0,0.4375,8.361983688243889,39,39,21,18,0.05222271570202816,0,0,1,0,0,0,0,0,0,-1,0,0,0,0,0
1hp5,A,188,HIS,-3.2,153.2,0.1,2,1,E,0.0,-84.7,89.3,22.0,20.0,0.5238095238095238,4.551169223719262,42,50,44,6,0.05781800667010261,0,0,1,0,0,0,0,0,0,-1,0,0,0,0,0
1hp5,A,189,LEU,3.8,166.7,0.0,0,0,-,0.0,-78.8,-11.0,22.0,29.0,0.43137254901960786,8.703922274260899,42,39,31,8,0.05921682941212122,0,0,0,0,0,0,0,0,0,-1,0,0,0,0,0
1hp5,A,190,SER,-0.8,89.0,0.0,1,1,B,0.015384615384615385,-152.8,149.3,24.0,23.0,0.5106382978723404,6.32615224715022,46,47,44,3,0.06014937790680029,0,1,0,0,0,0,0,0,0,-1,0,0,0,0,0
1hp5,A,191,ASP,-3.5,111.1,-1.0,1,3,-,0.006134969325153374,-164.0,-159.3,24.0,33.0,0.42105263157894735,4.176866175810538,43,44,47,-3,0.05688545817542354,0,0,0,0,0,0,0,0,0,-1,0,0,0,0,0
1hp5,A,192,ASP,-3.5,111.1,-1.0,1,3,S,0.006134969325153374,-72.9,-31.4,18.0,31.0,0.3673469387755102,5.025859844627705,41,32,29,3,0.05455408693872585,0,0,0,0,0,0,1,0,0,3,2622,6,0,182,1
1hp5,A,193,GLN,-3.5,143.8,0.0,2,2,S,0.015151515151515152,-93.4,2.1,22.0,28.0,0.44,6.109318128992268,41,48,40,8,0.05735173242276307,0,0,0,0,0,0,1,0,0,-1,0,0,0,0,0
1hp5,A,194,GLY,-0.4,60.1,0.0,0,0,-,0.0,174.4,152.6,28.0,26.0,0.5185185185185185,7.730428871169251,46,42,33,9,0.05921682941212122,0,0,0,0,0,0,0,0,0,-1,0,0,0,0,0
1hp5,A,195,TRP,-0.9,227.8,0.0,1,0,B,0.01762114537444934,-121.0,118.2,22.0,27.0,0.4489795918367347,6.836301465512135,46,21,17,4,0.05502036118606539,0,1,0,0,0,0,0,0,0,-1,0,0,0,0,0
1hp5,A,196,ARG,-4.5,173.4,1.0,5,0,-,0.0,-106.7,12.1,26.0,21.0,0.5531914893617021,5.890052778202517,45,20,24,-4,0.05688545817542354,0,0,0,0,0,0,0,0,0,-1,0,0,0,0,0
1hp5,A,197,ILE,4.5,166.7,0.0,0,0,B,0.0,-132.9,127.5,19.0,29.0,0.3958333333333333,5.582064238139593,40,24,25,-1,0.05129016720734909,0,1,0,0,0,0,0,0,0,-1,0,0,0,0,0
1hp5,A,198,ALA,1.8,88.6,0.0,0,0,-,0.1792452830188679,-65.8,130.4,11.0,24.0,0.3142857142857143,2.622977010939458,30,21,25,-4,0.04942507021799094,0,0,0,0,0,0,0,0,0,15,6,3,0,0,1
1hp5,A,199,ILE,4.5,166.7,0.0,0,0,-,0.011834319526627219,-120.4,110.6,24.0,13.0,0.6486486486486487,3.114301541968342,29,16,27,-11,0.04616115048661418,0,0,0,0,0,0,0,0,0,15,6,3,0,0,1
1hp5,A,200,ASP,-3.5,111.1,-1.0,1,3,T,0.656441717791411,-53.8,-43.1,5.0,15.0,0.25,1.7159676208075165,21,9,16,-7,0.02471253510899547,0,0,0,0,0,1,0,0,0,15,6,3,0,0,1
1hp5,A,201,SER,-0.8,89.0,0.0,1,1,T,0.4,-68.5,-21.2,10.0,9.0,0.5263157894736842,1.8159309722864918,22,7,32,-25,0.02984155182973038,0,0,0,0,0,1,0,0,0,15,6,3,0,0,1
1hp5,A,202,TRP,-0.9,227.8,0.0,1,0,S,0.07488986784140969,-137.2,71.3,22.0,7.0,0.7586206896551724,2.1701172733990997,27,8,36,-28,0.03776821403450251,0,0,0,0,0,0,1,0,0,21,0,2,0,0,1
1hp5,A,203,PRO,-1.6,112.7,0.0,0,0,T,0.5441176470588235,-48.2,-37.0,0.0,25.0,0.0,2.0582397357463447,21,13,11,2,0.0363693912924839,0,0,0,0,0,1,0,0,0,12,23,3,0,1,1
1hp5,A,204,ARG,-4.5,173.4,1.0,5,0,H,0.41935483870967744,-68.4,-25.5,7.0,18.0,0.28,2.395847996074219,25,0,4,-4,0.03776821403450251,1,0,0,0,0,0,0,0,0,21,0,2,0,0,1
1hp5,A,205,LEU,3.8,166.7,0.0,0,0,H,0.0,-49.9,-50.5,21.0,21.0,0.5,4.832171742675448,37,17,8,9,0.05688545817542354,1,0,0,0,0,0,0,0,0,-1,0,0,0,0,0
1hp5,A,206,ALA,1.8,88.6,0.0,0,0,H,0.018867924528301886,-81.1,-50.2,15.0,21.0,0.4166666666666667,2.3603094335194013,31,23,2,21,0.050823892960009553,1,0,0,0,0,0,0,0,0,23,0,1,0,0,1
1hp5,A,207,THR,-0.7,116.1,0.0,1,1,H,0.5915492957746479,-62.2,-35.3,5.0,23.0,0.17857142857142858,1.8940909633513794,23,15,0,15,0.032639197313767604,1,0,0,0,0,0,0,0,0,23,0,1,0,0,1
1hp5,A,208,TYR,-1.3,193.6,0.0,1,1,T,0.35135135135135137,-103.9,-54.5,14.0,19.0,0.42424242424242425,2.1604780103693897,28,12,1,11,0.035436842797804825,0,0,0,0,0,1,0,0,0,-1,0,0,0,0,0
1hp5,A,209,GLY,-0.4,60.1,0.0,0,0,T,0.0,-61.9,-18.6,26.0,17.0,0.6046511627906976,4.5989233340737385,39,22,12,10,0.056419183928083996,0,0,0,0,0,1,0,0,0,-1,0,0,0,0,0
1hp5,A,210,GLY,-0.4,60.1,0.0,0,0,T,0.0,-104.8,7.3,19.0,26.0,0.4222222222222222,2.2921869062236158,40,18,13,5,0.053155264196707235,0,0,0,0,0,1,0,0,0,-1,0,0,0,0,0
1hp5,A,211,SER,-0.8,89.0,0.0,1,1,S,0.38461538461538464,-68.8,-15.1,11.0,24.0,0.3142857142857143,1.8515499166311995,29,12,10,2,0.03823448828184205,0,0,0,0,0,0,1,0,0,22,0,1,0,0,1
1hp5,A,212,THR,-0.7,116.1,0.0,1,1,-,0.1056338028169014,-144.8,-168.0,14.0,21.0,0.4,2.784540086562727,35,18,13,5,0.04196468226055834,0,0,0,0,0,0,0,0,0,22,0,1,0,0,1
1hp5,A,213,GLU,-3.5,138.4,-1.0,1,3,-,0.17010309278350516,-163.1,-175.4,18.0,21.0,0.46153846153846156,2.9050901539654137,33,24,8,16,0.05408781269138631,0,0,0,0,0,0,0,0,0,22,0,1,0,0,1
1hp5,A,214,VAL,4.2,140.0,0.0,0,0,T,0.09154929577464789,-53.7,135.8,15.0,18.0,0.45454545454545453,2.8084088390650632,29,27,26,1,0.04476232774459557,0,0,0,0,0,1,0,0,0,-1,0,0,0,0,0
1hp5,A,215,GLY,-0.4,60.1,0.0,0,0,T,0.8214285714285714,84.3,-6.1,10.0,13.0,0.43478260869565216,1.7098343522595467,21,13,12,1,0.025645083603674543,0,0,0,0,0,1,0,0,0,-1,0,0,0,0,0
1hp5,A,216,GLY,-0.4,60.1,0.0,0,0,S,0.2619047619047619,77.7,-172.9,1.0,22.0,0.043478260869565216,1.8089473625803567,21,15,9,6,0.027043906345693154,0,0,0,0,0,0,1,0,0,22,0,1,0,0,1
1hp5,A,217,GLY,-0.4,60.1,0.0,0,0,S,0.5952380952380952,83.6,-168.9,5.0,13.0,0.2777777777777778,1.7096879486164533,19,8,9,-1,0.02098234113027917,0,0,0,0,0,0,1,0,0,22,0,1,0,0,1
1hp5,A,218,PRO,-1.6,112.7,0.0,0,0,-,0.8455882352941176,-58.4,143.2,3.0,19.0,0.13636363636363635,1.8659850489914334,17,10,9,1,0.022381163872297785,0,0,0,0,0,0,0,0,0,22,0,1,0,0,1
1hp5,A,219,GLY,-0.4,60.1,0.0,0,0,-,0.20238095238095238,-110.1,-102.1,26.0,8.0,0.7647058823529411,1.8122399792243105,30,24,10,14,0.040099585271200194,0,0,0,0,0,0,0,0,0,22,0,1,0,0,1
1hp5,A,220,GLY,-0.4,60.1,0.0,0,0,-,0.25,134.6,171.3,12.0,22.0,0.35294117647058826,2.2019295526469826,33,19,13,6,0.040565859518539735,0,0,0,0,0,0,0,0,0,23,0,1,0,0,1
1hp5,A,221,TYR,-1.3,193.6,0.0,1,1,-,0.36486486486486486,-172.3,164.9,22.0,17.0,0.5641025641025641,2.0073153084802153,31,19,8,11,0.04755997322863279,0,0,0,0,0,0,0,0,0,23,0,1,0,0,1
1hp5,A,222,TYR,-1.3,193.6,0.0,1,1,B,0.0,-96.3,127.3,21.0,14.0,0.6,3.919723640414139,36,24,16,8,0.04755997322863279,0,1,0,0,0,0,0,0,0,23,0,1,0,0,1
1hp5,A,223,THR,-0.7,116.1,0.0,1,1,-,0.3873239436619718,-72.6,169.8,3.0,22.0,0.12,2.3101754971498116,20,21,17,4,0.035436842797804825,0,0,0,0,0,0,0,0,0,23,0,1,0,0,1
1hp5,A,224,LYS,-3.9,168.6,1.0,2,0,H,0.2146341463414634,-62.5,-34.5,8.0,15.0,0.34782608695652173,2.18290612699807,21,11,26,-15,0.035436842797804825,1,0,0,0,0,0,0,0,0,19,3,1,0,0,1
1hp5,A,225,ALA,1.8,88.6,0.0,0,0,H,0.6698113207547169,-64.0,-43.7,0.0,16.0,0.0,1.7676644578882328,15,22,18,4,0.027043906345693154,1,0,0,0,0,0,0,0,0,19,3,1,0,0,1
1hp5,A,226,GLU,-3.5,138.4,-1.0,1,3,H,0.3556701030927835,-63.1,-42.7,12.0,11.0,0.5217391304347826,2.0636816003374197,22,23,14,9,0.03730193978716297,1,0,0,0,0,0,0,0,0,19,3,1,0,0,1
1hp5,A,227,TYR,-1.3,193.6,0.0,1,1,H,0.0,-64.7,-40.7,18.0,15.0,0.5454545454545454,4.285074569806828,37,26,20,6,0.04662742473395372,1,0,0,0,0,0,0,0,0,19,3,1,0,0,1
1hp5,A,228,LYS,-3.9,168.6,1.0,2,0,H,0.6097560975609756,-63.9,-35.4,5.0,20.0,0.2,2.012058535082469,19,18,18,0,0.03776821403450251,1,0,0,0,0,0,0,0,0,19,3,1,0,0,1
1hp5,A,229,GLU,-3.5,138.4,-1.0,1,3,H,0.29896907216494845,-68.6,-37.1,10.0,12.0,0.45454545454545453,2.0989255915524367,21,29,14,15,0.03730193978716297,1,0,0,0,0,0,0,0,0,19,3,1,0,0,1
1hp5,A,230,ILE,4.5,166.7,0.0,0,0,H,0.0,-65.8,-44.9,24.0,14.0,0.631578947368421,4.9185897988304115,36,32,30,2,0.0526889899493677,1,0,0,0,0,0,0,0,0,6,241,15,0,47,1
1hp5,A,231,VAL,4.2,140.0,0.0,0,0,H,0.09859154929577464,-62.9,-45.2,15.0,19.0,0.4411764705882353,2.3883852928734948,31,29,19,10,0.04289723075523742,1,0,0,0,0,0,0,0,0,-1,0,0,0,0,0
1hp5,A,232,ARG,-4.5,173.4,1.0,5,0,H,0.5080645161290323,-59.0,-49.1,6.0,18.0,0.25,1.8600590418117122,20,28,12,16,0.03357174580844668,1,0,0,0,0,0,0,0,0,6,241,15,0,47,1
1hp5,A,233,TYR,-1.3,193.6,0.0,1,1,H,0.13513513513513514,-62.0,-45.3,15.0,12.0,0.5555555555555556,2.88964889289881,28,42,28,14,0.043363505002576956,1,0,0,0,0,0,0,0,0,6,241,15,0,47,1
1hp5,A,234,ALA,1.8,88.6,0.0,0,0,H,0.0,-58.1,-44.5,23.0,14.0,0.6216216216216216,3.058332065523394,32,51,21,30,0.05035761871267001,1,0,0,0,0,0,0,0,0,6,241,15,0,47,1
1hp5,A,235,ALA,1.8,88.6,0.0,0,0,H,0.5,-60.9,-36.7,9.0,22.0,0.2903225806451613,1.8229559298065883,26,43,10,33,0.0363693912924839,1,0,0,0,0,0,0,0,0,6,241,15,0,47,1
1hp5,A,236,SER,-0.8,89.0,0.0,1,1,H,0.3076923076923077,-68.1,-18.1,12.0,17.0,0.41379310344827586,1.85322033769047,24,47,13,34,0.03963331102386066,1,0,0,0,0,0,0,0,0,6,241,15,0,47,1
1hp5,A,237,ARG,-4.5,173.4,1.0,5,0,T,0.2056451612903226,-104.9,16.4,21.0,18.0,0.5384615384615384,3.066615244103896,34,46,11,35,0.04476232774459557,0,0,0,0,0,1,0,0,0,6,241,15,0,47,1
1hp5,A,238,HIS,-3.2,153.2,0.1,2,1,T,0.30978260869565216,52.5,46.3,21.0,17.0,0.5526315789473685,1.9468253878407833,32,44,22,22,0.03870076252918159,0,0,0,0,0,1,0,0,0,-1,0,0,0,0,0
1hp5,A,239,LEU,3.8,166.7,0.0,0,0,-,0.024390243902439025,-116.4,120.4,27.0,14.0,0.6585365853658537,3.2401466402138017,35,54,16,38,0.045694876239274644,0,0,0,0,0,0,0,0,0,-1,0,0,0,0,0
1hp5,A,240,GLU,-3.5,138.4,-1.0,1,3,E,0.17525773195876287,-84.8,120.3,13.0,22.0,0.37142857142857144,2.0301910303654247,30,38,3,35,0.04289723075523742,0,0,1,0,0,0,0,0,0,-1,0,0,0,0,0
1hp5,A,241,VAL,4.2,140.0,0.0,0,0,E,0.056338028169014086,-78.5,125.2,24.0,19.0,0.5581395348837209,2.670081087832404,39,38,14,24,0.05035761871267001,0,0,1,0,0,0,0,0,0,-1,0,0,0,0,0
1hp5,A,242,VAL,4.2,140.0,0.0,0,0,E,0.0,-112.1,98.6,19.0,22.0,0.4634146341463415,6.208409605586167,40,44,23,21,0.05408781269138631,0,0,1,0,0,0,0,0,0,-1,0,0,0,0,0
1hp5,A,243,PRO,-1.6,112.7,0.0,0,0,E,0.0,-76.7,147.3,20.0,26.0,0.43478260869565216,7.325510910577061,42,38,21,17,0.04989134446533048,0,0,1,0,0,0,0,0,0,-1,0,0,0,0,0
1hp5,A,244,GLU,-3.5,138.4,-1.0,1,3,E,0.0,-127.0,128.5,22.0,19.0,0.5365853658536586,6.500229189332999,39,36,29,7,0.056419183928083996,0,0,1,0,0,0,0,0,0,-1,0,0,0,0,0
1hp5,A,245,ILE,4.5,166.7,0.0,0,0,-,0.01775147928994083,-120.7,98.1,19.0,32.0,0.37254901960784315,8.874762096163357,44,31,26,5,0.050823892960009553,0,0,0,0,0,0,0,0,0,-1,0,0,0,0,0
1hp5,A,246,ASP,-3.5,111.1,-1.0,1,3,-,0.0,-64.0,131.0,24.0,20.0,0.5454545454545454,4.576332787951293,44,37,39,-2,0.05548663543340492,0,0,0,0,0,0,0,0,0,-1,0,0,0,0,0
1hp5,A,247,MET,1.9,162.9,0.0,0,0,-,0.02127659574468085,-160.4,152.3,22.0,28.0,0.44,7.459717604542125,46,17,29,-12,0.048492521723311866,0,0,0,0,0,0,0,0,0,-1,0,0,0,0,0
1hp5,A,248,PRO,-1.6,112.7,0.0,0,0,S,0.0,-84.2,-6.2,27.0,24.0,0.5294117647058824,5.348042268811779,40,12,27,-15,0.05129016720734909,0,0,0,0,0,0,1,0,0,-1,0,0,0,0,0
1hp5,A,249,GLY,-0.4,60.1,0.0,0,0,S,0.0,-92.1,178.7,19.0,21.0,0.475,5.429350933462841,40,25,43,-18,0.05548663543340492,0,0,0,0,0,0,1,0,0,-1,0,0,0,0,0
1hp5,A,250,HIS,-3.2,153.2,0.1,2,1,S,0.0,52.0,41.6,20.0,20.0,0.5,3.233851147145663,42,25,50,-25,0.05688545817542354,0,0,0,0,0,0,1,0,0,-1,0,0,0,0,0
1hp5,A,251,THR,-0.7,116.1,0.0,1,1,-,0.035211267605633804,-116.8,18.3,25.0,24.0,0.5102040816326531,5.281311549853184,42,12,28,-16,0.05175644145468863,0,0,0,0,0,0,0,0,0,-1,0,0,0,0,0
1hp5,A,252,ASN,-3.5,114.1,0.0,2,2,H,0.050955414012738856,-58.1,-37.8,18.0,29.0,0.3829787234042553,2.8870300051148248,38,8,17,-9,0.053621538444046775,1,0,0,0,0,0,0,0,0,3,2622,6,0,182,1
1hp5,A,253,ALA,1.8,88.6,0.0,0,0,H,0.0,-57.1,-43.2,29.0,19.0,0.6041666666666666,6.495369174021457,44,18,19,-1,0.05455408693872585,1,0,0,0,0,0,0,0,0,3,2622,6,0,182,1
1hp5,A,254,ALA,1.8,88.6,0.0,0,0,H,0.009433962264150943,-69.3,-47.3,24.0,28.0,0.46153846153846156,6.531302273768825,44,15,17,-2,0.053155264196707235,1,0,0,0,0,0,0,0,0,-1,0,0,0,0,0
1hp5,A,255,LEU,3.8,166.7,0.0,0,0,H,0.03048780487804878,-59.9,-38.8,24.0,20.0,0.5454545454545454,3.4451531100673063,39,5,19,-14,0.04709369898129325,1,0,0,0,0,0,0,0,0,-1,0,0,0,0,0
1hp5,A,256,ALA,1.8,88.6,0.0,0,0,H,0.02830188679245283,-69.7,-22.5,22.0,15.0,0.5945945945945946,2.628899646219395,36,10,9,1,0.048492521723311866,1,0,0,0,0,0,0,0,0,3,2622,6,0,182,1
1hp5,A,257,SER,-0.8,89.0,0.0,1,1,H,0.023076923076923078,-85.0,-29.2,19.0,14.0,0.5757575757575758,2.8090983515306753,30,11,8,3,0.04755997322863279,1,0,0,0,0,0,0,0,0,21,0,2,0,0,1
1hp5,A,258,TYR,-1.3,193.6,0.0,1,1,-,0.13513513513513514,-135.5,103.7,15.0,17.0,0.46875,2.378574707363659,30,11,9,2,0.045228601991935104,0,0,0,0,0,0,0,0,0,21,0,2,0,0,1
1hp5,A,259,ALA,1.8,88.6,0.0,0,0,G,0.36792452830188677,-52.6,-36.2,4.0,21.0,0.16,2.0650811805464877,23,9,17,-8,0.03870076252918159,0,0,0,1,0,0,0,0,0,21,0,2,0,0,1
1hp5,A,260,GLU,-3.5,138.4,-1.0,1,3,G,0.5103092783505154,-63.0,-16.0,6.0,18.0,0.25,1.8313958728295536,23,10,11,-1,0.035436842797804825,0,0,0,1,0,0,0,0,0,21,0,2,0,0,1
1hp5,A,261,LEU,3.8,166.7,0.0,0,0,G,0.006097560975609756,-81.5,-19.3,21.0,13.0,0.6176470588235294,4.4103473378267415,35,9,22,-13,0.053155264196707235,0,0,0,1,0,0,0,0,0,-1,0,0,0,0,0
1hp5,A,262,ASN,-3.5,114.1,0.0,2,2,S,0.08917197452229299,-83.6,137.8,15.0,15.0,0.5,2.388528826217221,25,7,17,-10,0.04476232774459557,0,0,0,0,0,0,1,0,0,-1,0,0,0,0,0
1hp5,A,263,CYS,2.5,108.5,0.0,1,0,T,0.5555555555555556,-51.0,-42.9,8.0,15.0,0.34782608695652173,1.7729727686018768,21,9,22,-13,0.03170664881908853,0,0,0,0,0,1,0,0,0,-1,0,0,0,0,0
1hp5,A,264,ASP,-3.5,111.1,-1.0,1,3,T,0.7423312883435583,-86.4,7.5,3.0,14.0,0.17647058823529413,1.6721043820112311,14,4,5,-1,0.02144861537761871,0,0,0,0,0,1,0,0,0,-1,0,0,0,0,0
1hp5,A,265,GLY,-0.4,60.1,0.0,0,0,S,0.42857142857142855,69.5,12.1,1.0,18.0,0.05263157894736842,1.7095991609633527,14,5,17,-12,0.027043906345693154,0,0,0,0,0,0,1,0,0,-1,0,0,0,0,0
1hp5,A,266,VAL,4.2,140.0,0.0,0,0,-,0.6267605633802817,-113.3,134.2,3.0,13.0,0.1875,1.9937523846285932,15,3,14,-11,0.026577632098353617,0,0,0,0,0,0,0,0,0,-1,0,0,0,0,0
1hp5,A,267,ALA,1.8,88.6,0.0,0,0,P,0.3867924528301887,-83.5,125.9,12.0,14.0,0.46153846153846156,1.9025072948253765,21,3,14,-11,0.03916703677652112,0,0,0,0,0,0,0,0,0,-1,0,0,0,0,0
1hp5,A,268,PRO,-1.6,112.7,0.0,0,0,P,0.2647058823529412,-72.5,164.3,20.0,8.0,0.7142857142857143,1.9290242927195962,26,1,10,-9,0.028909003335051305,0,0,0,0,0,0,0,0,0,3,2622,6,0,182,1
1hp5,A,269,PRO,-1.6,112.7,0.0,0,0,P,0.7867647058823529,-70.6,160.1,4.0,21.0,0.16,1.9164497214763119,17,0,4,-4,0.02471253510899547,0,0,0,0,0,0,0,0,0,3,2622,6,0,182,1
1hp5,A,270,LEU,3.8,166.7,0.0,0,0,P,0.2682926829268293,-66.1,143.4,17.0,16.0,0.5151515151515151,2.115914320357964,33,4,12,-8,0.040565859518539735,0,0,0,0,0,0,0,0,0,3,2622,6,0,182,1
1hp5,A,271,TYR,-1.3,193.6,0.0,1,1,P,0.22072072072072071,-101.9,131.5,22.0,15.0,0.5945945945945946,2.3865065816883977,28,23,20,3,0.04103213376587927,0,0,0,0,0,0,0,0,0,3,2622,6,0,182,1
1hp5,A,272,THR,-0.7,116.1,0.0,1,1,-,0.4225352112676056,-124.3,13.1,8.0,23.0,0.25806451612903225,1.8752723855586253,24,20,17,3,0.03683566553982344,0,0,0,0,0,0,0,0,0,-1,0,0,0,0,0
1hp5,A,273,GLY,-0.4,60.1,0.0,0,0,S,0.27380952380952384,-87.1,-168.2,7.0,18.0,0.28,2.1520222657803325,24,26,27,-1,0.029375277582390842,0,0,0,0,0,0,1,0,0,-1,0,0,0,0,0
1hp5,A,274,THR,-0.7,116.1,0.0,1,1,S,0.5422535211267606,-129.4,30.2,10.0,16.0,0.38461538461538464,1.906512692665834,24,26,19,7,0.03357174580844668,0,0,0,0,0,0,1,0,0,-1,0,0,0,0,0
1hp5,A,275,LYS,-3.9,168.6,1.0,2,0,-,0.7170731707317073,-106.2,176.0,6.0,16.0,0.2727272727272727,2.189659789040418,18,7,14,-7,0.028909003335051305,0,0,0,0,0,0,0,0,0,-1,0,0,0,0,0
1hp5,A,276,VAL,4.2,140.0,0.0,0,0,-,0.3380281690140845,-142.8,172.8,9.0,14.0,0.391304347826087,2.053211033020408,25,35,35,0,0.03870076252918159,0,0,0,0,0,0,0,0,0,-1,0,0,0,0,0
1hp5,A,277,GLY,-0.4,60.1,0.0,0,0,S,0.08333333333333333,87.5,-3.2,5.0,20.0,0.2,1.928272496777181,23,30,27,3,0.03730193978716297,0,0,0,0,0,0,1,0,0,-1,0,0,0,0,0
1hp5,A,278,PHE,2.8,189.9,0.0,0,0,-,0.43147208121827413,-92.7,-15.4,8.0,17.0,0.32,1.841044705822088,29,28,18,10,0.028909003335051305,0,0,0,0,0,0,0,0,0,3,2622,6,0,182,1
1hp5,A,279,SER,-0.8,89.0,0.0,1,1,-,0.038461538461538464,-97.2,151.9,25.0,13.0,0.6578947368421053,2.5045074256217243,32,21,32,-11,0.043829779249916496,0,0,0,0,0,0,0,0,0,3,2622,6,0,182,1
1hp5,A,280,SER,-0.8,89.0,0.0,1,1,-,0.2153846153846154,-161.3,134.9,16.0,23.0,0.41025641025641024,1.8585583965561963,35,12,18,-6,0.040565859518539735,0,0,0,0,0,0,0,0,0,-1,0,0,0,0,0
1hp5,A,281,LEU,3.8,166.7,0.0,0,0,-,0.018292682926829267,-67.2,163.6,22.0,26.0,0.4583333333333333,3.901914531324582,38,13,16,-3,0.04616115048661418,0,0,0,0,0,0,0,0,0,-1,0,0,0,0,0
1hp5,A,282,CYS,2.5,108.5,0.0,1,0,-,0.014814814814814815,-90.3,97.6,19.0,19.0,0.5,2.3574984287064233,29,11,32,-21,0.043363505002576956,0,0,0,0,0,0,0,0,0,-1,0,0,0,0,0
1hp5,A,283,VAL,4.2,140.0,0.0,0,0,T,0.04225352112676056,-60.0,-22.3,20.0,15.0,0.5714285714285714,1.9362348726047711,28,20,23,-3,0.04289723075523742,0,0,0,0,0,1,0,0,0,-1,0,0,0,0,0
1hp5,A,284,ASP,-3.5,111.1,-1.0,1,3,T,0.7668711656441718,-82.9,-18.2,7.0,17.0,0.2916666666666667,1.7320964834127162,20,14,18,-4,0.028909003335051305,0,0,0,0,0,1,0,0,0,-1,0,0,0,0,0
1hp5,A,285,LYS,-3.9,168.6,1.0,2,0,-,0.33658536585365856,-93.2,145.3,13.0,6.0,0.6842105263157895,2.024427979447022,23,2,33,-31,0.035436842797804825,0,0,0,0,0,0,0,0,0,-1,0,0,0,0,0
1hp5,A,286,ASP,-3.5,111.1,-1.0,1,3,H,0.8466257668711656,-72.9,-34.8,0.0,19.0,0.0,1.7191273013976152,13,16,16,0,0.027043906345693154,1,0,0,0,0,0,0,0,0,-1,0,0,0,0,0
1hp5,A,287,VAL,4.2,140.0,0.0,0,0,H,0.2112676056338028,-60.3,-31.0,10.0,11.0,0.47619047619047616,2.3284802847973523,22,9,37,-28,0.0363693912924839,1,0,0,0,0,0,0,0,0,-1,0,0,0,0,0
1hp5,A,288,THR,-0.7,116.1,0.0,1,1,H,0.0,-53.3,-45.1,17.0,13.0,0.5666666666666667,4.732163881690265,30,16,39,-23,0.04989134446533048,1,0,0,0,0,0,0,0,0,-1,0,0,0,0,0
1hp5,A,289,TYR,-1.3,193.6,0.0,1,1,H,0.16666666666666666,-77.6,-21.7,13.0,15.0,0.4642857142857143,2.2015575384924637,28,22,31,-9,0.04196468226055834,1,0,0,0,0,0,0,0,0,-1,0,0,0,0,0
1hp5,A,290,ASP,-3.5,111.1,-1.0,1,3,H,0.5828220858895705,-73.4,-45.5,7.0,14.0,0.3333333333333333,1.823423644316813,18,5,28,-23,0.035436842797804825,1,0,0,0,0,0,0,0,0,-1,0,0,0,0,0
1hp5,A,291,PHE,2.8,189.9,0.0,0,0,H,0.025380710659898477,-55.0,-55.5,18.0,15.0,0.5454545454545454,5.460804535521356,35,1,35,-34,0.04429605349725603,1,0,0,0,0,0,0,0,0,-1,0,0,0,0,0
1hp5,A,292,VAL,4.2,140.0,0.0,0,0,H,0.0,-57.0,-44.4,21.0,17.0,0.5526315789473685,4.781771226761633,39,7,29,-22,0.045694876239274644,1,0,0,0,0,0,0,0,0,-1,0,0,0,0,0
1hp5,A,293,ASP,-3.5,111.1,-1.0,1,3,H,0.1901840490797546,-61.8,-44.2,8.0,20.0,0.2857142857142857,2.1664172000597066,26,11,24,-13,0.043829779249916496,1,0,0,0,0,0,0,0,0,-1,0,0,0,0,0
1hp5,A,294,ASP,-3.5,111.1,-1.0,1,3,H,0.3558282208588957,-61.7,-51.2,12.0,15.0,0.4444444444444444,1.8285354142264114,25,4,30,-26,0.043363505002576956,1,0,0,0,0,0,0,0,0,12,23,3,0,1,1
1hp5,A,295,VAL,4.2,140.0,0.0,0,0,H,0.007042253521126761,-58.1,-56.3,22.0,16.0,0.5789473684210527,4.880199732682643,40,3,38,-35,0.05175644145468863,1,0,0,0,0,0,0,0,0,-1,0,0,0,0,0
1hp5,A,296,ILE,4.5,166.7,0.0,0,0,H,0.005917159763313609,-58.2,-40.1,23.0,18.0,0.5609756097560976,5.256151983085825,38,21,32,-11,0.045694876239274644,1,0,0,0,0,0,0,0,0,5,1124,5,0,86,1
1hp5,A,297,GLY,-0.4,60.1,0.0,0,0,H,0.15476190476190477,-59.9,-47.8,10.0,19.0,0.3448275862068966,1.9727029766448436,29,18,28,-10,0.04243095650789788,1,0,0,0,0,0,0,0,0,-1,0,0,0,0,0
1hp5,A,298,GLU,-3.5,138.4,-1.0,1,3,H,0.15979381443298968,-69.7,-37.1,14.0,14.0,0.5,2.082003960856696,28,8,24,-16,0.04196468226055834,1,0,0,0,0,0,0,0,0,15,6,3,0,0,1
1hp5,A,299,LEU,3.8,166.7,0.0,0,0,H,0.0,-65.5,-42.8,21.0,19.0,0.525,5.8867044626366996,36,16,21,-5,0.04476232774459557,1,0,0,0,0,0,0,0,0,-1,0,0,0,0,0
1hp5,A,300,ALA,1.8,88.6,0.0,0,0,H,0.09433962264150944,-57.7,-42.4,16.0,18.0,0.47058823529411764,2.2493952373589883,33,20,12,8,0.04289723075523742,1,0,0,0,0,0,0,0,0,5,1124,5,0,86,1
1hp5,A,301,ALA,1.8,88.6,0.0,0,0,H,0.839622641509434,-62.1,-25.0,7.0,19.0,0.2692307692307692,1.7967605561222348,24,19,11,8,0.02797645484037223,1,0,0,0,0,0,0,0,0,5,1124,5,0,86,1
1hp5,A,302,LEU,3.8,166.7,0.0,0,0,T,0.08536585365853659,-95.5,0.9,21.0,11.0,0.65625,2.2714571164460704,32,23,14,9,0.03823448828184205,0,0,0,0,0,1,0,0,0,15,6,3,0,0,1
1hp5,A,303,THR,-0.7,116.1,0.0,1,1,-,0.02112676056338028,-114.3,97.2,23.0,12.0,0.6571428571428571,2.761657490153794,29,22,13,9,0.03870076252918159,0,0,0,0,0,0,0,0,0,-1,0,0,0,0,0
1hp5,A,304,PRO,-1.6,112.7,0.0,0,0,-,0.7647058823529411,-73.7,-16.6,9.0,17.0,0.34615384615384615,1.8337534247692562,23,23,9,14,0.024246260861655933,0,0,0,0,0,0,0,0,0,-1,0,0,0,0,0
1hp5,A,305,GLY,-0.4,60.1,0.0,0,0,S,0.09523809523809523,-68.5,169.2,22.0,7.0,0.7586206896551724,1.9200984413253377,26,26,9,17,0.03450429430312575,0,0,0,0,0,0,1,0,0,-1,0,0,0,0,0
1hp5,A,306,ARG,-4.5,173.4,1.0,5,0,S,0.5282258064516129,-82.7,-21.1,7.0,21.0,0.25,1.8840137263711874,21,15,9,6,0.03310547156110714,0,0,0,0,0,0,1,0,0,-1,0,0,0,0,0
1hp5,A,307,TYR,-1.3,193.6,0.0,1,1,E,0.13063063063063063,-110.5,154.3,19.0,17.0,0.5277777777777778,3.440428484680235,30,42,9,33,0.04989134446533048,0,0,1,0,0,0,0,0,0,-1,0,0,0,0,0
1hp5,A,308,LEU,3.8,166.7,0.0,0,0,E,0.0,-136.1,117.3,24.0,23.0,0.5106382978723404,6.149729126910852,43,28,12,16,0.053621538444046775,0,0,1,0,0,0,0,0,0,5,1124,5,0,86,1
1hp5,A,309,HIS,-3.2,153.2,0.1,2,1,E,0.0,-93.7,120.8,21.0,23.0,0.4772727272727273,7.312036671586088,39,20,26,-6,0.04989134446533048,0,0,1,0,0,0,0,0,0,-1,0,0,0,0,0
1hp5,A,310,ILE,4.5,166.7,0.0,0,0,-,0.0,-103.9,12.4,23.0,26.0,0.46938775510204084,7.114329918466863,43,16,23,-7,0.048026247475972325,0,0,0,0,0,0,0,0,0,-1,0,0,0,0,0
1hp5,A,311,GLY,-0.4,60.1,0.0,0,0,-,0.0,60.7,-120.9,17.0,23.0,0.425,5.850253744571461,43,38,32,6,0.05548663543340492,0,0,0,0,0,0,0,0,0,-1,0,0,0,0,0
1hp5,A,312,GLY,-0.4,60.1,0.0,0,0,-,0.0,104.0,7.5,26.0,19.0,0.5777777777777777,3.297062387304656,38,39,31,8,0.05595290968074446,0,0,0,0,0,0,0,0,0,-1,0,0,0,0,0
1hp5,A,313,ASP,-3.5,111.1,-1.0,1,3,-,0.049079754601226995,-85.7,150.0,17.0,22.0,0.4358974358974359,2.49309633268412,37,42,30,12,0.05222271570202816,0,0,0,0,0,0,0,0,0,-1,0,0,0,0,0
1hp5,A,314,GLU,-3.5,138.4,-1.0,1,3,-,0.18556701030927836,43.1,46.7,12.0,19.0,0.3870967741935484,2.082089126383872,33,32,22,10,0.03823448828184205,0,0,0,0,0,0,0,0,0,-1,0,0,0,0,0
1hp5,A,315,ALA,1.8,88.6,0.0,0,0,-,0.10377358490566038,-87.0,60.8,24.0,11.0,0.6857142857142857,1.8190816615467764,32,27,30,-3,0.048958795970651406,0,0,0,0,0,0,0,0,0,-1,0,0,0,0,0
1hp5,A,316,HIS,-3.2,153.2,0.1,2,1,T,0.7663043478260869,-69.4,-11.4,5.0,19.0,0.20833333333333334,1.7974727850067924,19,11,17,-6,0.02844272908771177,0,0,0,0,0,1,0,0,0,-1,0,0,0,0,0
1hp5,A,317,SER,-0.8,89.0,0.0,1,1,T,0.46153846153846156,-103.4,15.2,15.0,11.0,0.5769230769230769,1.820635192789781,24,14,13,1,0.027510180593032695,0,0,0,0,0,1,0,0,0,-1,0,0,0,0,0
1hp5,A,318,THR,-0.7,116.1,0.0,1,1,S,0.07042253521126761,-121.2,108.1,24.0,5.0,0.8275862068965517,1.946677610770948,29,19,18,1,0.03730193978716297,0,0,0,0,0,0,1,0,0,-1,0,0,0,0,0
1hp5,A,319,PRO,-1.6,112.7,0.0,0,0,-,0.5514705882352942,-50.1,140.3,6.0,17.0,0.2608695652173913,2.1038484562612996,17,16,11,5,0.02611135785101408,0,0,0,0,0,0,0,0,0,7,69,5,0,4,1
1hp5,A,320,LYS,-3.9,168.6,1.0,2,0,H,0.5707317073170731,-42.8,-46.6,1.0,20.0,0.047619047619047616,2.063089967099174,21,5,12,-7,0.026577632098353617,1,0,0,0,0,0,0,0,0,7,69,5,0,4,1
1hp5,A,321,ALA,1.8,88.6,0.0,0,0,H,0.6886792452830188,-61.0,-42.2,1.0,17.0,0.05555555555555555,1.7676487360520745,17,14,10,4,0.024246260861655933,1,0,0,0,0,0,0,0,0,7,69,5,0,4,1
1hp5,A,322,ASP,-3.5,111.1,-1.0,1,3,H,0.31901840490797545,-69.9,-35.0,13.0,11.0,0.5416666666666666,2.142381994876492,23,17,7,10,0.03683566553982344,1,0,0,0,0,0,0,0,0,7,69,5,0,4,1
1hp5,A,323,PHE,2.8,189.9,0.0,0,0,H,0.07106598984771574,-62.4,-47.9,17.0,17.0,0.5,2.6756352609145595,38,20,23,-3,0.045694876239274644,1,0,0,0,0,0,0,0,0,7,69,5,0,4,1
1hp5,A,324,VAL,4.2,140.0,0.0,0,0,H,0.323943661971831,-61.6,-46.0,6.0,20.0,0.23076923076923078,2.439636844783901,23,28,17,11,0.040099585271200194,1,0,0,0,0,0,0,0,0,16,7,2,0,0,1
1hp5,A,325,ALA,1.8,88.6,0.0,0,0,H,0.27358490566037735,-60.5,-46.0,9.0,14.0,0.391304347826087,1.9642919719617313,23,27,18,9,0.03683566553982344,1,0,0,0,0,0,0,0,0,7,69,5,0,4,1
1hp5,A,326,PHE,2.8,189.9,0.0,0,0,H,0.0,-57.9,-52.5,21.0,14.0,0.6,5.426458261982874,37,22,14,8,0.04662742473395372,1,0,0,0,0,0,0,0,0,-1,0,0,0,0,0
1hp5,A,327,MET,1.9,162.9,0.0,0,0,H,0.0,-63.4,-31.9,25.0,16.0,0.6097560975609756,4.759249064795258,41,22,14,8,0.04989134446533048,1,0,0,0,0,0,0,0,0,-1,0,0,0,0,0
1hp5,A,328,LYS,-3.9,168.6,1.0,2,0,H,0.5707317073170731,-61.9,-43.2,7.0,17.0,0.2916666666666667,2.0610069786495706,19,11,11,0,0.03963331102386066,1,0,0,0,0,0,0,0,0,16,7,2,0,0,1
1hp5,A,329,ARG,-4.5,173.4,1.0,5,0,H,0.5241935483870968,-77.9,-39.2,14.0,14.0,0.5,1.8848167908347215,22,12,16,-4,0.0363693912924839,1,0,0,0,0,0,0,0,0,-1,0,0,0,0,0
1hp5,A,330,VAL,4.2,140.0,0.0,0,0,H,0.0,-79.9,-35.5,32.0,12.0,0.7272727272727273,3.6712692738099597,36,20,10,10,0.045694876239274644,1,0,0,0,0,0,0,0,0,-1,0,0,0,0,0
1hp5,A,331,GLN,-3.5,143.8,0.0,2,2,H,0.010101010101010102,-49.5,-46.1,19.0,21.0,0.475,2.8662943974016555,35,20,13,7,0.04103213376587927,1,0,0,0,0,0,0,0,0,16,7,2,0,0,1
1hp5,A,332,PRO,-1.6,112.7,0.0,0,0,H,0.4852941176470588,-59.0,-28.2,4.0,25.0,0.13793103448275862,2.01893758467192,25,28,7,21,0.03124037457174899,1,0,0,0,0,0,0,0,0,-1,0,0,0,0,0
1hp5,A,333,ILE,4.5,166.7,0.0,0,0,H,0.10059171597633136,-60.8,-37.0,20.0,11.0,0.6451612903225806,2.5197516931617043,30,24,17,7,0.040565859518539735,1,0,0,0,0,0,0,0,0,5,1124,5,0,86,1
1hp5,A,334,VAL,4.2,140.0,0.0,0,0,H,0.007042253521126761,-61.5,-49.5,21.0,17.0,0.5526315789473685,2.710059079782812,31,26,8,18,0.04709369898129325,1,0,0,0,0,0,0,0,0,5,1124,5,0,86,1
1hp5,A,335,ALA,1.8,88.6,0.0,0,0,H,0.6226415094339622,-64.3,-33.8,8.0,17.0,0.32,1.7762448455954014,20,21,4,17,0.032639197313767604,1,0,0,0,0,0,0,0,0,5,1124,5,0,86,1
1hp5,A,336,LYS,-3.9,168.6,1.0,2,0,H,0.624390243902439,-54.8,-38.3,10.0,9.0,0.5263157894736842,1.9053768998839185,17,7,10,-3,0.027510180593032695,1,0,0,0,0,0,0,0,0,5,1124,5,0,86,1
1hp5,A,337,TYR,-1.3,193.6,0.0,1,1,T,0.35585585585585583,-95.4,20.0,21.0,6.0,0.7777777777777778,2.1827524425017155,23,18,20,-2,0.03310547156110714,0,0,0,0,0,1,0,0,0,5,1124,5,0,86,1
1hp5,A,338,GLY,-0.4,60.1,0.0,0,0,T,0.7142857142857143,71.2,26.8,7.0,15.0,0.3181818181818182,1.709548214036293,21,23,0,23,0.023779986614316396,0,0,0,0,0,1,0,0,0,5,1124,5,0,86,1
1hp5,A,339,LYS,-3.9,168.6,1.0,2,0,-,0.1951219512195122,-119.4,163.6,22.0,9.0,0.7096774193548387,2.125666138907694,29,16,2,14,0.03870076252918159,0,0,0,0,0,0,0,0,0,5,1124,5,0,86,1
1hp5,A,340,THR,-0.7,116.1,0.0,1,1,E,0.34507042253521125,-97.3,125.7,12.0,21.0,0.36363636363636365,2.2514204127648907,33,28,8,20,0.04103213376587927,0,0,1,0,0,0,0,0,0,5,1124,5,0,86,1
1hp5,A,341,VAL,4.2,140.0,0.0,0,0,E,0.035211267605633804,-76.8,143.3,23.0,18.0,0.5609756097560976,2.589121531083015,37,22,7,15,0.04662742473395372,0,0,1,0,0,0,0,0,0,-1,0,0,0,0,0
1hp5,A,342,VAL,4.2,140.0,0.0,0,0,E,0.0,-131.7,140.2,17.0,28.0,0.37777777777777777,6.138339361628143,38,27,11,16,0.05129016720734909,0,0,1,0,0,0,0,0,0,-1,0,0,0,0,0
1hp5,A,343,GLY,-0.4,60.1,0.0,0,0,E,0.0,-147.3,163.2,25.0,23.0,0.5208333333333334,6.928623114931964,44,25,23,2,0.05408781269138631,0,0,1,0,0,0,0,0,0,-1,0,0,0,0,0
1hp5,A,344,TRP,-0.9,227.8,0.0,1,0,E,0.00881057268722467,-69.6,163.3,17.0,26.0,0.3953488372093023,2.9706361211666907,37,39,36,3,0.05548663543340492,0,0,1,0,0,0,0,0,0,-1,0,0,0,0,0
1hp5,A,345,HIS,-3.2,153.2,0.1,2,1,G,0.005434782608695652,-60.3,-9.7,19.0,20.0,0.48717948717948717,2.753036245070402,40,9,29,-20,0.05222271570202816,0,0,0,1,0,0,0,0,0,-1,0,0,0,0,0
1hp5,A,346,GLN,-3.5,143.8,0.0,2,2,G,0.20707070707070707,-63.2,-23.2,15.0,21.0,0.4166666666666667,2.0909455640658696,32,20,37,-17,0.04289723075523742,0,0,0,1,0,0,0,0,0,-1,0,0,0,0,0
1hp5,A,347,LEU,3.8,166.7,0.0,0,0,G,0.0,-62.9,-26.2,28.0,19.0,0.5957446808510638,4.901405626859519,38,17,18,-1,0.04616115048661418,0,0,0,1,0,0,0,0,0,-1,0,0,0,0,0
1hp5,A,348,ALA,1.8,88.6,0.0,0,0,G,0.11320754716981132,-62.0,-19.6,23.0,17.0,0.575,2.6978249666950944,37,18,29,-11,0.04149840801321881,0,0,0,1,0,0,0,0,0,-1,0,0,0,0,0
1hp5,A,349,GLY,-0.4,60.1,0.0,0,0,G,0.19047619047619047,-99.2,7.3,14.0,18.0,0.4375,1.8832975702588162,28,18,25,-7,0.030774100324409453,0,0,0,1,0,0,0,0,0,7,69,5,0,4,1
1hp5,A,350,ALA,1.8,88.6,0.0,0,0,S,0.009433962264150943,-128.2,33.4,22.0,9.0,0.7096774193548387,2.409921886226145,30,21,18,3,0.040565859518539735,0,0,0,0,0,0,1,0,0,16,7,2,0,0,1
1hp5,A,351,GLU,-3.5,138.4,-1.0,1,3,-,0.5876288659793815,57.2,81.7,11.0,22.0,0.3333333333333333,1.7577161412397297,23,11,3,8,0.032172923066428064,0,0,0,0,0,0,0,0,0,16,7,2,0,0,1
1hp5,A,352,PRO,-1.6,112.7,0.0,0,0,P,0.19852941176470587,-63.4,135.6,28.0,13.0,0.6829268292682927,2.207629174490937,34,12,20,-8,0.040099585271200194,0,0,0,0,0,0,0,0,0,16,7,2,0,0,1
1hp5,A,353,VAL,4.2,140.0,0.0,0,0,P,0.3732394366197183,-73.6,166.7,13.0,18.0,0.41935483870967744,1.9552845625807573,30,12,18,-6,0.03124037457174899,0,0,0,0,0,0,0,0,0,11,33,4,0,1,1
1hp5,A,354,GLU,-3.5,138.4,-1.0,1,3,T,1.0,-59.6,136.7,0.0,22.0,0.0,1.7084448141929816,16,2,2,0,0.020049792635600097,0,0,0,0,0,1,0,0,0,11,33,4,0,1,1
1hp5,A,355,GLY,-0.4,60.1,0.0,0,0,T,0.5357142857142857,87.4,-14.9,11.0,18.0,0.3793103448275862,1.7096425599178553,25,10,10,0,0.028909003335051305,0,0,0,0,0,1,0,0,0,11,33,4,0,1,1
1hp5,A,356,ALA,1.8,88.6,0.0,0,0,-,0.0,-66.3,158.8,24.0,14.0,0.631578947368421,2.3745255772536478,34,10,12,-2,0.04243095650789788,0,0,0,0,0,0,0,0,0,11,33,4,0,1,1
1hp5,A,357,LEU,3.8,166.7,0.0,0,0,E,0.024390243902439025,-128.1,146.8,19.0,23.0,0.4523809523809524,3.9234632238465177,39,29,4,25,0.04709369898129325,0,0,1,0,0,0,0,0,0,-1,0,0,0,0,0
1hp5,A,358,VAL,4.2,140.0,0.0,0,0,E,0.0,-123.7,142.2,26.0,24.0,0.52,6.966058074841371,41,24,3,21,0.05175644145468863,0,0,1,0,0,0,0,0,0,-1,0,0,0,0,0
1hp5,A,359,GLN,-3.5,143.8,0.0,2,2,E,0.0,-103.0,112.5,21.0,25.0,0.45652173913043476,5.612123043574487,43,27,20,7,0.05595290968074446,0,0,1,0,0,0,0,0,0,-1,0,0,0,0,0
1hp5,A,360,TYR,-1.3,193.6,0.0,1,1,E,0.0,-81.2,121.7,28.0,21.0,0.5714285714285714,4.7164560816455365,38,22,17,5,0.05408781269138631,0,0,1,0,0,0,0,0,0,-1,0,0,0,0,0
1hp5,A,361,TRP,-0.9,227.8,0.0,1,0,-,0.13656387665198239,-121.4,22.6,15.0,21.0,0.4166666666666667,2.222999649340368,34,16,25,-9,0.04989134446533048,0,0,0,0,0,0,0,0,0,-1,0,0,0,0,0
1hp5,A,362,GLY,-0.4,60.1,0.0,0,0,-,0.047619047619047616,-76.0,-172.8,17.0,17.0,0.5,2.5237741622073835,31,32,24,8,0.05222271570202816,0,0,0,0,0,0,0,0,0,-1,0,0,0,0,0
1hp5,A,363,LEU,3.8,166.7,0.0,0,0,-,0.07926829268292683,-145.1,-174.6,13.0,14.0,0.48148148148148145,2.455303635444176,25,36,21,15,0.04616115048661418,0,0,0,0,0,0,0,0,0,-1,0,0,0,0,0
1hp5,A,364,ASP,-3.5,111.1,-1.0,1,3,T,0.49693251533742333,-54.1,-46.9,5.0,15.0,0.25,1.7003577273370647,19,30,10,20,0.030774100324409453,0,0,0,0,0,1,0,0,0,8,24,14,0,3,1
1hp5,A,365,ARG,-4.5,173.4,1.0,5,0,T,0.842741935483871,-67.7,-4.6,5.0,11.0,0.3125,1.8068065087377425,16,4,16,-12,0.022381163872297785,0,0,0,0,0,1,0,0,0,-1,0,0,0,0,0
1hp5,A,366,THR,-0.7,116.1,0.0,1,1,S,0.11267605633802817,-64.3,136.8,17.0,3.0,0.85,1.9319881402733756,22,25,30,-5,0.030774100324409453,0,0,0,0,0,0,1,0,0,-1,0,0,0,0,0
1hp5,A,367,GLY,-0.4,60.1,0.0,0,0,-,0.5,-66.1,159.1,2.0,12.0,0.14285714285714285,2.067204712534074,16,20,25,-5,0.02471253510899547,0,0,0,0,0,0,0,0,0,-1,0,0,0,0,0
1hp5,A,368,ASP,-3.5,111.1,-1.0,1,3,H,0.8098159509202454,-62.4,-41.0,1.0,16.0,0.058823529411764705,1.6721024873845243,16,13,15,-2,0.022847438119637322,1,0,0,0,0,0,0,0,0,-1,0,0,0,0,0
1hp5,A,369,ALA,1.8,88.6,0.0,0,0,H,0.8207547169811321,-57.3,-42.4,1.0,16.0,0.058823529411764705,1.7676503432803756,15,13,29,-16,0.022847438119637322,1,0,0,0,0,0,0,0,0,-1,0,0,0,0,0
1hp5,A,370,GLU,-3.5,138.4,-1.0,1,3,H,0.3917525773195876,-68.3,-47.5,10.0,14.0,0.4166666666666667,2.0285681167479384,24,23,18,5,0.032639197313767604,1,0,0,0,0,0,0,0,0,-1,0,0,0,0,0
1hp5,A,371,LYS,-3.9,168.6,1.0,2,0,H,0.14146341463414633,-60.5,-37.5,14.0,17.0,0.45161290322580644,2.3434163160947983,25,11,33,-22,0.043829779249916496,1,0,0,0,0,0,0,0,0,-1,0,0,0,0,0
1hp5,A,372,ALA,1.8,88.6,0.0,0,0,H,0.44339622641509435,-63.3,-42.2,3.0,21.0,0.125,1.8308442759336185,24,23,35,-12,0.03776821403450251,1,0,0,0,0,0,0,0,0,-1,0,0,0,0,0
1hp5,A,373,GLU,-3.5,138.4,-1.0,1,3,H,0.4020618556701031,-59.5,-38.8,16.0,14.0,0.5333333333333333,1.7703231750291513,29,23,24,-1,0.03310547156110714,1,0,0,0,0,0,0,0,0,-1,0,0,0,0,0
1hp5,A,374,VAL,4.2,140.0,0.0,0,0,H,0.0,-72.0,-44.3,24.0,20.0,0.5454545454545454,4.14402538240184,40,28,30,-2,0.04662742473395372,1,0,0,0,0,0,0,0,0,-1,0,0,0,0,0
1hp5,A,375,ALA,1.8,88.6,0.0,0,0,H,0.009433962264150943,-65.1,-30.8,13.0,22.0,0.37142857142857144,3.3636219513786934,30,22,23,-1,0.04476232774459557,1,0,0,0,0,0,0,0,0,-1,0,0,0,0,0
1hp5,A,376,GLU,-3.5,138.4,-1.0,1,3,H,0.44329896907216493,-70.0,-38.3,11.0,18.0,0.3793103448275862,2.138233958335022,24,15,12,3,0.0363693912924839,1,0,0,0,0,0,0,0,0,-1,0,0,0,0,0
1hp5,A,377,ALA,1.8,88.6,0.0,0,0,H,0.03773584905660377,-64.4,-39.6,25.0,11.0,0.6944444444444444,2.3372874214616366,31,18,25,-7,0.04429605349725603,1,0,0,0,0,0,0,0,0,-1,0,0,0,0,0
1hp5,A,378,ALA,1.8,88.6,0.0,0,0,H,0.0660377358490566,-59.5,-45.8,21.0,18.0,0.5384615384615384,2.83208810344897,29,20,21,-1,0.045228601991935104,1,0,0,0,0,0,0,0,0,-1,0,0,0,0,0
1hp5,A,379,ARG,-4.5,173.4,1.0,5,0,H,0.45161290322580644,-59.4,-35.4,8.0,14.0,0.36363636363636365,1.8863582976104671,20,2,16,-14,0.03403802005578621,1,0,0,0,0,0,0,0,0,-1,0,0,0,0,0
1hp5,A,380,ASN,-3.5,114.1,0.0,2,2,T,0.8152866242038217,-81.6,12.8,13.0,10.0,0.5652173913043478,1.7936974924844582,21,11,24,-13,0.02331371236697686,0,0,0,0,0,1,0,0,0,-1,0,0,0,0,0
1hp5,A,381,GLY,-0.4,60.1,0.0,0,0,T,0.5595238095238095,97.6,-3.7,6.0,20.0,0.23076923076923078,1.7094864981100573,22,13,22,-9,0.028909003335051305,0,0,0,0,0,1,0,0,0,-1,0,0,0,0,0
1hp5,A,382,THR,-0.7,116.1,0.0,1,1,-,0.04929577464788732,-74.6,131.9,28.0,10.0,0.7368421052631579,2.042087122422476,36,18,21,-3,0.043829779249916496,0,0,0,0,0,0,0,0,0,-1,0,0,0,0,0
1hp5,A,383,GLY,-0.4,60.1,0.0,0,0,E,0.0,-75.6,144.3,15.0,26.0,0.36585365853658536,3.189185402197446,40,18,11,7,0.03963331102386066,0,0,1,0,0,0,0,0,0,-1,0,0,0,0,0
1hp5,A,384,LEU,3.8,166.7,0.0,0,0,E,0.0,-111.6,129.1,25.0,22.0,0.5319148936170213,4.977846928858423,41,21,13,8,0.048026247475972325,0,0,1,0,0,0,0,0,0,-1,0,0,0,0,0
1hp5,A,385,ILE,4.5,166.7,0.0,0,0,E,0.0,-111.9,121.4,22.0,24.0,0.4782608695652174,6.2178269974049645,40,31,9,22,0.0526889899493677,0,0,1,0,0,0,0,0,0,-1,0,0,0,0,0
1hp5,A,386,LEU,3.8,166.7,0.0,0,0,E,0.006097560975609756,-97.8,122.4,24.0,25.0,0.4897959183673469,7.451130763252259,41,19,13,6,0.05175644145468863,0,0,1,0,0,0,0,0,0,-1,0,0,0,0,0
1hp5,A,387,SER,-0.8,89.0,0.0,1,1,-,0.0,-145.6,69.2,18.0,24.0,0.42857142857142855,6.305715370375577,42,19,17,2,0.058750555164781684,0,0,0,0,0,0,0,0,0,-1,0,0,0,0,0
1hp5,A,388,PRO,-1.6,112.7,0.0,0,0,-,0.0,-59.5,134.1,19.0,20.0,0.48717948717948717,5.870415500298774,38,24,21,3,0.05408781269138631,0,0,0,0,0,0,0,0,0,-1,0,0,0,0,0
1hp5,A,389,ALA,1.8,88.6,0.0,0,0,T,0.0,-62.5,-28.0,12.0,22.0,0.35294117647058826,4.1939237548316495,37,25,25,0,0.053155264196707235,0,0,0,0,0,1,0,0,0,-1,0,0,0,0,0
1hp5,A,390,ASP,-3.5,111.1,-1.0,1,3,T,0.04294478527607362,-100.2,23.0,10.0,26.0,0.2777777777777778,2.7276738113487546,30,34,12,22,0.053621538444046775,0,0,0,0,0,1,0,0,0,8,24,14,0,3,1
1hp5,A,391,ARG,-4.5,173.4,1.0,5,0,T,0.125,-135.9,-58.8,19.0,24.0,0.4418604651162791,4.325859415051375,34,18,33,-15,0.05175644145468863,0,0,0,0,0,1,0,0,0,8,24,14,0,3,1
1hp5,A,392,THR,-0.7,116.1,0.0,1,1,T,0.0,-111.4,3.4,25.0,27.0,0.4807692307692308,8.290892367765755,46,28,25,3,0.05502036118606539,0,0,0,0,0,1,0,0,0,-1,0,0,0,0,0
1hp5,A,393,TYR,-1.3,193.6,0.0,1,1,-,0.03153153153153153,-74.1,110.6,21.0,26.0,0.44680851063829785,3.9222135624001058,36,15,25,-10,0.05222271570202816,0,0,0,0,0,0,0,0,0,-1,0,0,0,0,0
1hp5,A,394,LEU,3.8,166.7,0.0,0,0,T,0.0,-71.6,-13.0,26.0,23.0,0.5306122448979592,7.976129713284937,43,20,19,1,0.05502036118606539,0,0,0,0,0,1,0,0,0,0,8352,12,0,1109,1
1hp5,A,395,ASP,-3.5,111.1,-1.0,1,3,T,0.018404907975460124,-87.6,-7.1,15.0,29.0,0.3409090909090909,3.771819298333084,37,18,16,2,0.05222271570202816,0,0,0,0,0,1,0,0,0,0,8352,12,0,1109,1
1hp5,A,396,MET,1.9,162.9,0.0,0,0,B,0.0,-78.6,137.1,19.0,23.0,0.4523809523809524,5.167451681111955,35,24,20,4,0.05968310365946076,0,1,0,0,0,0,0,0,0,0,8352,12,0,1109,1
1hp5,A,397,LYS,-3.9,168.6,1.0,2,0,-,0.23414634146341465,-60.1,148.9,14.0,23.0,0.3783783783783784,3.85689438888912,27,12,19,-7,0.05735173242276307,0,0,0,0,0,0,0,0,0,0,8352,12,0,1109,1
1hp5,A,398,TYR,-1.3,193.6,0.0,1,1,S,0.009009009009009009,-75.6,-41.7,19.0,19.0,0.5,3.8779150274647365,37,29,19,10,0.04616115048661418,0,0,0,0,0,0,1,0,0,0,8352,12,0,1109,1
1hp5,A,399,THR,-0.7,116.1,0.0,1,1,S,0.2746478873239437,-149.6,175.1,5.0,20.0,0.2,2.301148591214941,23,21,17,4,0.03963331102386066,0,0,0,0,0,0,1,0,0,-1,0,0,0,0,0
1hp5,A,400,LYS,-3.9,168.6,1.0,2,0,T,0.6926829268292682,-60.8,-18.3,0.0,17.0,0.0,1.928879605858287,10,9,8,1,0.02844272908771177,0,0,0,0,0,1,0,0,0,-1,0,0,0,0,0
1hp5,A,401,ASP,-3.5,111.1,-1.0,1,3,T,0.7177914110429447,-91.9,-6.0,2.0,14.0,0.125,1.770698415541272,11,17,1,16,0.027510180593032695,0,0,0,0,0,1,0,0,0,-1,0,0,0,0,0
1hp5,A,402,THR,-0.7,116.1,0.0,1,1,-,0.04225352112676056,-59.6,126.7,22.0,2.0,0.9166666666666666,2.006874324687977,23,22,14,8,0.03823448828184205,0,0,0,0,0,0,0,0,0,0,8352,12,0,1109,1
1hp5,A,403,PRO,-1.6,112.7,0.0,0,0,S,0.7279411764705882,-67.6,-27.9,3.0,15.0,0.16666666666666666,1.9424739773264095,18,13,9,4,0.021914889624958248,0,0,0,0,0,0,1,0,0,-1,0,0,0,0,0
1hp5,A,404,LEU,3.8,166.7,0.0,0,0,S,0.22560975609756098,-117.4,-177.9,17.0,12.0,0.5862068965517241,2.169753783048854,31,11,24,-13,0.03590311704514436,0,0,0,0,0,0,1,0,0,0,8352,12,0,1109,1
1hp5,A,405,GLY,-0.4,60.1,0.0,0,0,S,0.08333333333333333,81.3,177.6,23.0,9.0,0.71875,2.1648115325872803,29,15,20,-5,0.04243095650789788,0,0,0,0,0,0,1,0,0,0,8352,12,0,1109,1
1hp5,A,406,LEU,3.8,166.7,0.0,0,0,B,0.2804878048780488,-112.7,176.1,14.0,16.0,0.4666666666666667,2.3355592248765964,27,12,17,-5,0.034970568550465285,0,1,0,0,0,0,0,0,0,0,8352,12,0,1109,1
1hp5,A,407,SER,-0.8,89.0,0.0,1,1,-,0.38461538461538464,-145.1,15.6,10.0,15.0,0.4,1.800766181260472,23,15,11,4,0.03590311704514436,0,0,0,0,0,0,0,0,0,-1,0,0,0,0,0
1hp5,A,408,TRP,-0.9,227.8,0.0,1,0,T,0.5198237885462555,-61.9,-28.3,5.0,14.0,0.2631578947368421,1.8043478082358657,25,9,21,-12,0.02331371236697686,0,0,0,0,0,1,0,0,0,-1,0,0,0,0,0
1hp5,A,409,ALA,1.8,88.6,0.0,0,0,T,0.08490566037735849,-97.5,16.9,19.0,7.0,0.7307692307692307,2.2993325551441153,25,30,20,10,0.03776821403450251,0,0,0,0,0,1,0,0,0,-1,0,0,0,0,0
1hp5,A,410,GLY,-0.4,60.1,0.0,0,0,-,0.38095238095238093,87.8,-163.6,11.0,14.0,0.44,2.2175999867918996,25,31,15,16,0.032639197313767604,0,0,0,0,0,0,0,0,0,-1,0,0,0,0,0
1hp5,A,411,TYR,-1.3,193.6,0.0,1,1,-,0.4954954954954955,-105.7,143.9,7.0,21.0,0.25,1.9896028779925583,22,25,23,2,0.040099585271200194,0,0,0,0,0,0,0,0,0,-1,0,0,0,0,0
1hp5,A,412,VAL,4.2,140.0,0.0,0,0,-,0.0,-129.6,96.2,22.0,13.0,0.6285714285714286,2.8927244892472035,33,40,24,16,0.05129016720734909,0,0,0,0,0,0,0,0,0,-1,0,0,0,0,0
1hp5,A,413,GLU,-3.5,138.4,-1.0,1,3,-,0.12371134020618557,-76.5,173.1,9.0,26.0,0.2571428571428571,2.35511429773984,29,32,3,29,0.043829779249916496,0,0,0,0,0,0,0,0,0,-1,0,0,0,0,0
1hp5,A,414,VAL,4.2,140.0,0.0,0,0,H,0.014084507042253521,-58.4,-43.6,22.0,19.0,0.5365853658536586,5.008091400826694,39,35,16,19,0.05175644145468863,1,0,0,0,0,0,0,0,0,-1,0,0,0,0,0
1hp5,A,415,GLN,-3.5,143.8,0.0,2,2,H,0.3434343434343434,-63.3,-47.4,8.0,22.0,0.26666666666666666,2.1637734876247645,23,29,28,1,0.04149840801321881,1,0,0,0,0,0,0,0,0,8,24,14,0,3,1
1hp5,A,416,ARG,-4.5,173.4,1.0,5,0,H,0.2862903225806452,-57.0,-42.4,17.0,13.0,0.5666666666666667,2.0315129577757642,27,17,30,-13,0.04243095650789788,1,0,0,0,0,0,0,0,0,8,24,14,0,3,1
1hp5,A,417,SER,-0.8,89.0,0.0,1,1,H,0.007692307692307693,-61.2,-33.5,25.0,17.0,0.5952380952380952,5.7054919749795685,41,37,28,9,0.0526889899493677,1,0,0,0,0,0,0,0,0,8,24,14,0,3,1
1hp5,A,418,TYR,-1.3,193.6,0.0,1,1,H,0.009009009009009009,-96.2,-36.9,21.0,19.0,0.525,4.877680990238253,39,43,34,9,0.056419183928083996,1,0,0,0,0,0,0,0,0,-1,0,0,0,0,0
1hp5,A,419,ASP,-3.5,111.1,-1.0,1,3,S,0.4049079754601227,-72.9,67.2,10.0,18.0,0.35714285714285715,1.9847457731480915,21,31,25,6,0.04149840801321881,0,0,0,0,0,0,1,0,0,8,24,14,0,3,1
1hp5,A,420,TRP,-0.9,227.8,0.0,1,0,-,0.07048458149779736,-162.3,167.3,16.0,12.0,0.5714285714285714,3.4202151195315738,32,31,30,1,0.03823448828184205,0,0,0,0,0,0,0,0,0,-1,0,0,0,0,0
1hp5,A,421,ASP,-3.5,111.1,-1.0,1,3,-,0.4171779141104294,-122.3,117.4,10.0,24.0,0.29411764705882354,1.7869713333639698,24,22,9,13,0.03683566553982344,0,0,0,0,0,0,0,0,0,2,2556,8,0,252,1
1hp5,A,422,PRO,-1.6,112.7,0.0,0,0,G,0.007352941176470588,-57.1,-32.9,29.0,13.0,0.6904761904761905,3.4988080094247946,39,25,14,11,0.045694876239274644,0,0,0,1,0,0,0,0,0,2,2556,8,0,252,1
1hp5,A,423,ALA,1.8,88.6,0.0,0,0,G,0.25471698113207547,-58.0,-42.5,6.0,20.0,0.23076923076923078,2.1200566650399795,23,8,14,-6,0.032172923066428064,0,0,0,1,0,0,0,0,0,2,2556,8,0,252,1
1hp5,A,424,GLY,-0.4,60.1,0.0,0,0,G,0.7857142857142857,-119.8,31.1,1.0,16.0,0.058823529411764705,1.709547729742875,19,5,9,-4,0.02797645484037223,0,0,0,1,0,0,0,0,0,-1,0,0,0,0,0
1hp5,A,425,TYR,-1.3,193.6,0.0,1,1,S,0.14864864864864866,-75.8,-50.2,21.0,9.0,0.7,1.98529749170593,33,20,26,-6,0.03450429430312575,0,0,0,0,0,0,1,0,0,-1,0,0,0,0,0
1hp5,A,426,LEU,3.8,166.7,0.0,0,0,S,0.054878048780487805,-89.0,116.9,24.0,12.0,0.6666666666666666,2.636513294875085,36,15,16,-1,0.0363693912924839,0,0,0,0,0,0,1,0,0,-1,0,0,0,0,0
1hp5,A,427,PRO,-1.6,112.7,0.0,0,0,T,0.5735294117647058,-50.3,126.7,9.0,15.0,0.375,1.88537756484519,28,12,17,-5,0.023779986614316396,0,0,0,0,0,1,0,0,0,-1,0,0,0,0,0
1hp5,A,428,GLY,-0.4,60.1,0.0,0,0,T,0.7261904761904762,70.1,5.2,9.0,13.0,0.4090909090909091,1.7095235009961196,23,16,15,1,0.022847438119637322,0,0,0,0,0,1,0,0,0,-1,0,0,0,0,0
1hp5,A,429,ALA,1.8,88.6,0.0,0,0,-,0.16037735849056603,-89.0,128.7,24.0,6.0,0.8,2.0459345072120376,26,16,20,-4,0.040565859518539735,0,0,0,0,0,0,0,0,0,-1,0,0,0,0,0
1hp5,A,430,PRO,-1.6,112.7,0.0,0,0,-,0.27941176470588236,-59.9,126.0,13.0,12.0,0.52,2.25916333837476,25,14,14,0,0.029375277582390842,0,0,0,0,0,0,0,0,0,-1,0,0,0,0,0
1hp5,A,431,ALA,1.8,88.6,0.0,0,0,G,0.5188679245283019,-55.4,-34.8,5.0,20.0,0.2,1.8420132542129295,22,15,13,2,0.026577632098353617,0,0,0,1,0,0,0,0,0,2,2556,8,0,252,1
1hp5,A,432,ASP,-3.5,111.1,-1.0,1,3,G,0.8466257668711656,-69.9,-9.7,2.0,20.0,0.09090909090909091,1.7039815633519941,18,17,0,17,0.02144861537761871,0,0,0,1,0,0,0,0,0,-1,0,0,0,0,0
1hp5,A,433,ALA,1.8,88.6,0.0,0,0,G,0.05660377358490566,-86.5,-14.4,22.0,13.0,0.6285714285714286,2.412980384324624,28,17,11,6,0.03683566553982344,0,0,0,1,0,0,0,0,0,-1,0,0,0,0,0
1hp5,A,434,VAL,4.2,140.0,0.0,0,0,E,0.07746478873239436,-77.7,109.2,20.0,19.0,0.5128205128205128,2.711066918565087,32,21,11,10,0.043829779249916496,0,0,1,0,0,0,0,0,0,2,2556,8,0,252,1
1hp5,A,435,ARG,-4.5,173.4,1.0,5,0,E,0.38306451612903225,-81.8,-25.0,18.0,18.0,0.5,1.9146870295614333,28,6,8,-2,0.04289723075523742,0,0,1,0,0,0,0,0,0,-1,0,0,0,0,0
1hp5,A,436,GLY,-0.4,60.1,0.0,0,0,E,0.0,159.7,-155.3,20.0,20.0,0.5,4.45267991406031,38,36,13,23,0.048958795970651406,0,0,1,0,0,0,0,0,0,-1,0,0,0,0,0
1hp5,A,437,VAL,4.2,140.0,0.0,0,0,E,0.0,-133.8,165.9,25.0,26.0,0.49019607843137253,7.148741237156491,40,30,14,16,0.05595290968074446,0,0,1,0,0,0,0,0,0,-1,0,0,0,0,0
1hp5,A,438,GLU,-3.5,138.4,-1.0,1,3,E,0.0,-145.8,141.9,24.0,26.0,0.48,8.287604378065465,44,29,1,28,0.053155264196707235,0,0,1,0,0,0,0,0,0,-1,0,0,0,0,0
1hp5,A,439,ALA,1.8,88.6,0.0,0,0,E,0.0,-111.6,99.0,21.0,29.0,0.42,9.529784302706101,43,32,15,17,0.0526889899493677,0,0,1,0,0,0,0,0,0,-1,0,0,0,0,0
1hp5,A,440,PRO,-1.6,112.7,0.0,0,0,E,0.0,-84.2,143.4,18.0,24.0,0.42857142857142855,6.12725755867759,42,24,25,-1,0.05595290968074446,0,0,1,0,0,0,0,0,0,-1,0,0,0,0,0
1hp5,A,441,LEU,3.8,166.7,0.0,0,0,E,0.0,-123.4,96.0,23.0,22.0,0.5111111111111111,7.024335901739885,41,16,32,-16,0.05455408693872585,0,0,1,0,0,0,0,0,0,-1,0,0,0,0,0
1hp5,A,442,TRP,-0.9,227.8,0.0,1,0,-,0.07929515418502203,-79.9,148.3,14.0,26.0,0.35,2.461128557366996,42,35,43,-8,0.05175644145468863,0,0,0,0,0,0,0,0,0,-1,0,0,0,0,0
1hp5,A,443,THR,-0.7,116.1,0.0,1,1,-,0.0,-116.2,30.3,25.0,16.0,0.6097560975609756,5.183531891404889,33,32,39,-7,0.0526889899493677,0,0,0,0,0,0,0,0,0,-1,0,0,0,0,0
1hp5,A,444,GLU,-3.5,138.4,-1.0,1,3,S,0.0979381443298969,-54.3,-37.7,12.0,24.0,0.3333333333333333,2.3317599857000264,35,31,24,7,0.04709369898129325,0,0,0,0,0,0,1,0,0,-1,0,0,0,0,0
1hp5,A,445,THR,-0.7,116.1,0.0,1,1,S,0.31690140845070425,-110.3,4.7,12.0,21.0,0.36363636363636365,2.0364518571884482,28,23,25,-2,0.03823448828184205,0,0,0,0,0,0,1,0,0,-1,0,0,0,0,0
1hp5,A,446,LEU,3.8,166.7,0.0,0,0,-,0.0,-117.4,125.8,23.0,11.0,0.6764705882352942,3.590268218365318,33,17,43,-26,0.04429605349725603,0,0,0,0,0,0,0,0,0,-1,0,0,0,0,0
1hp5,A,447,SER,-0.8,89.0,0.0,1,1,-,0.47692307692307695,-122.8,-5.8,8.0,26.0,0.23529411764705882,1.8342051565024142,25,15,32,-17,0.04149840801321881,0,0,0,0,0,0,0,0,0,-1,0,0,0,0,0
1hp5,A,448,ASP,-3.5,111.1,-1.0,1,3,S,0.3312883435582822,-139.0,155.9,1.0,23.0,0.041666666666666664,2.23359417240417,20,15,25,-10,0.034970568550465285,0,0,0,0,0,0,1,0,0,-1,0,0,0,0,0
1hp5,A,449,PRO,-1.6,112.7,0.0,0,0,H,0.15441176470588236,-49.2,-36.8,13.0,18.0,0.41935483870967744,2.470808128089463,28,21,42,-21,0.040565859518539735,1,0,0,0,0,0,0,0,0,-1,0,0,0,0,0
1hp5,A,450,ASP,-3.5,111.1,-1.0,1,3,H,0.5521472392638037,-68.2,-34.0,2.0,20.0,0.09090909090909091,1.724044559058782,21,13,28,-15,0.03590311704514436,1,0,0,0,0,0,0,0,0,-1,0,0,0,0,0
1hp5,A,451,GLN,-3.5,143.8,0.0,2,2,H,0.21212121212121213,-71.6,-34.7,15.0,15.0,0.5,2.311472729691165,25,10,35,-25,0.043829779249916496,1,0,0,0,0,0,0,0,0,-1,0,0,0,0,0
1hp5,A,452,LEU,3.8,166.7,0.0,0,0,H,0.024390243902439025,-62.2,-43.0,20.0,22.0,0.47619047619047616,5.599373514023643,37,22,47,-25,0.05129016720734909,1,0,0,0,0,0,0,0,0,-1,0,0,0,0,0
1hp5,A,453,ASP,-3.5,111.1,-1.0,1,3,H,0.006134969325153374,-62.7,-45.4,14.0,22.0,0.3888888888888889,3.3248126930327584,33,23,25,-2,0.0526889899493677,1,0,0,0,0,0,0,0,0,-1,0,0,0,0,0
1hp5,A,454,TYR,-1.3,193.6,0.0,1,1,H,0.21171171171171171,-60.4,-35.9,12.0,22.0,0.35294117647058826,2.514059859982549,29,18,30,-12,0.048026247475972325,1,0,0,0,0,0,0,0,0,0,8352,12,0,1109,1
1hp5,A,455,MET,1.9,162.9,0.0,0,0,H,0.0,-88.5,-25.4,26.0,18.0,0.5909090909090909,5.795761698395642,36,18,28,-10,0.05735173242276307,1,0,0,0,0,0,0,0,0,0,8352,12,0,1109,1
1hp5,A,456,ALA,1.8,88.6,0.0,0,0,H,0.0,-79.0,-40.2,21.0,23.0,0.4772727272727273,8.336649904133864,41,20,24,-4,0.053621538444046775,1,0,0,0,0,0,0,0,0,-1,0,0,0,0,0
1hp5,A,457,PHE,2.8,189.9,0.0,0,0,T,0.0,-103.2,143.8,21.0,23.0,0.4772727272727273,6.407077755102369,38,30,22,8,0.05548663543340492,0,0,0,0,0,1,0,0,0,-1,0,0,0,0,0
1hp5,A,458,PRO,-1.6,112.7,0.0,0,0,T,0.0,-90.7,10.8,22.0,23.0,0.4888888888888889,7.883081515164446,40,21,15,6,0.05781800667010261,0,0,0,0,0,1,0,0,0,-1,0,0,0,0,0
1hp5,A,459,ARG,-4.5,173.4,1.0,5,0,H,0.012096774193548387,-73.5,-28.2,26.0,23.0,0.5306122448979592,8.616632252694155,48,15,19,-4,0.05175644145468863,1,0,0,0,0,0,0,0,0,0,8352,12,0,1109,1
1hp5,A,460,LEU,3.8,166.7,0.0,0,0,H,0.0,-51.9,-48.1,24.0,23.0,0.5106382978723404,9.66192807484882,45,29,14,15,0.048958795970651406,1,0,0,0,0,0,0,0,0,-1,0,0,0,0,0
1hp5,A,461,PRO,-1.6,112.7,0.0,0,0,H,0.0,-60.5,-38.2,17.0,26.0,0.3953488372093023,9.05377683341865,40,28,9,19,0.053621538444046775,1,0,0,0,0,0,0,0,0,-1,0,0,0,0,0
1hp5,A,462,GLY,-0.4,60.1,0.0,0,0,H,0.023809523809523808,-61.5,-43.0,23.0,26.0,0.46938775510204084,7.82434738599214,42,22,15,7,0.05035761871267001,1,0,0,0,0,0,0,0,0,-1,0,0,0,0,0
1hp5,A,463,VAL,4.2,140.0,0.0,0,0,H,0.0,-68.9,-32.8,25.0,25.0,0.5,8.164760507292547,45,29,16,13,0.05129016720734909,1,0,0,0,0,0,0,0,0,-1,0,0,0,0,0
1hp5,A,464,ALA,1.8,88.6,0.0,0,0,H,0.009433962264150943,-63.6,-38.8,21.0,25.0,0.45652173913043476,8.53600540007048,44,34,13,21,0.05735173242276307,1,0,0,0,0,0,0,0,0,-1,0,0,0,0,0
1hp5,A,465,GLU,-3.5,138.4,-1.0,1,3,H,0.015463917525773196,-65.4,-41.6,23.0,26.0,0.46938775510204084,5.1258125378074295,44,39,7,32,0.05408781269138631,1,0,0,0,0,0,0,0,0,-1,0,0,0,0,0
1hp5,A,466,LEU,3.8,166.7,0.0,0,0,H,0.024390243902439025,-60.2,-36.6,25.0,26.0,0.49019607843137253,3.563165830266221,43,34,28,6,0.056419183928083996,1,0,0,0,0,0,0,0,0,-1,0,0,0,0,0
1hp5,A,467,GLY,-0.4,60.1,0.0,0,0,H,0.0,-79.2,-30.1,24.0,22.0,0.5217391304347826,5.3884552121364555,41,34,19,15,0.05455408693872585,1,0,0,0,0,0,0,0,0,-1,0,0,0,0,0
1hp5,A,468,TRP,-0.9,227.8,0.0,1,0,H,0.0,-97.1,-54.5,21.0,20.0,0.5121951219512195,4.5529931818235445,43,39,28,11,0.053155264196707235,1,0,0,0,0,0,0,0,0,-1,0,0,0,0,0
1hp5,A,469,SER,-0.8,89.0,0.0,1,1,S,0.023076923076923078,-66.4,155.1,22.0,18.0,0.55,3.6535889503330936,37,36,18,18,0.053155264196707235,0,0,0,0,0,0,1,0,0,-1,0,0,0,0,0
1hp5,A,470,PRO,-1.6,112.7,0.0,0,0,-,0.23529411764705882,-70.6,145.9,8.0,17.0,0.32,2.334412225433915,26,23,20,3,0.03730193978716297,0,0,0,0,0,0,0,0,0,-1,0,0,0,0,0
1hp5,A,471,ALA,1.8,88.6,0.0,0,0,G,0.41509433962264153,-56.6,-31.1,6.0,19.0,0.24,1.767501622156617,22,21,19,2,0.02984155182973038,0,0,0,1,0,0,0,0,0,-1,0,0,0,0,0
1hp5,A,472,SER,-0.8,89.0,0.0,1,1,G,0.8615384615384616,-65.6,-20.6,3.0,13.0,0.1875,1.7396070050663124,17,18,14,4,0.017252147151562876,0,0,0,1,0,0,0,0,0,-1,0,0,0,0,0
1hp5,A,473,THR,-0.7,116.1,0.0,1,1,G,0.2605633802816901,-90.6,-11.3,18.0,9.0,0.6666666666666666,2.0301122473881015,24,22,20,2,0.03124037457174899,0,0,0,1,0,0,0,0,0,-1,0,0,0,0,0
1hp5,A,474,HIS,-3.2,153.2,0.1,2,1,-,0.2717391304347826,-69.0,121.3,17.0,13.0,0.5666666666666667,1.9818801652513773,25,10,37,-27,0.040565859518539735,0,0,0,0,0,0,0,0,0,-1,0,0,0,0,0
1hp5,A,475,ASP,-3.5,111.1,-1.0,1,3,-,0.4110429447852761,-168.8,115.8,6.0,17.0,0.2608695652173913,2.136194635338176,19,26,20,6,0.0363693912924839,0,0,0,0,0,0,0,0,0,-1,0,0,0,0,0
1hp5,A,476,TRP,-0.9,227.8,0.0,1,0,H,0.05286343612334802,-55.4,-49.0,10.0,18.0,0.35714285714285715,2.834480979657383,26,30,30,0,0.045228601991935104,1,0,0,0,0,0,0,0,0,-1,0,0,0,0,0
1hp5,A,477,ASP,-3.5,111.1,-1.0,1,3,H,0.6134969325153374,-57.6,-36.5,0.0,18.0,0.0,1.7346964543845356,15,17,12,5,0.02984155182973038,1,0,0,0,0,0,0,0,0,-1,0,0,0,0,0
1hp5,A,478,THR,-0.7,116.1,0.0,1,1,H,0.528169014084507,-88.7,-30.0,8.0,14.0,0.36363636363636365,1.9008550499381982,20,38,25,13,0.03450429430312575,1,0,0,0,0,0,0,0,0,-1,0,0,0,0,0
1hp5,A,479,TYR,-1.3,193.6,0.0,1,1,H,0.009009009009009009,-66.2,-43.6,21.0,15.0,0.5833333333333334,5.520819001550323,39,37,30,7,0.048026247475972325,1,0,0,0,0,0,0,0,0,-1,0,0,0,0,0
1hp5,A,480,LYS,-3.9,168.6,1.0,2,0,H,0.2731707317073171,-59.1,-25.4,14.0,22.0,0.3888888888888889,3.3907529771402776,21,11,16,-5,0.05222271570202816,1,0,0,0,0,0,0,0,0,-1,0,0,0,0,0
1hp5,A,481,VAL,4.2,140.0,0.0,0,0,H,0.4225352112676056,-73.4,-41.6,7.0,17.0,0.2916666666666667,2.1842286498380044,22,31,15,16,0.040565859518539735,1,0,0,0,0,0,0,0,0,-1,0,0,0,0,0
1hp5,A,482,ARG,-4.5,173.4,1.0,5,0,H,0.06451612903225806,-66.9,-40.5,21.0,14.0,0.6,2.605908094020777,32,21,25,-4,0.04616115048661418,1,0,0,0,0,0,0,0,0,-1,0,0,0,0,0
1hp5,A,483,LEU,3.8,166.7,0.0,0,0,H,0.0,-65.0,-43.5,24.0,18.0,0.5714285714285714,6.226450445581921,40,33,7,26,0.053621538444046775,1,0,0,0,0,0,0,0,0,-1,0,0,0,0,0
1hp5,A,484,ALA,1.8,88.6,0.0,0,0,H,0.009433962264150943,-57.2,-34.1,12.0,23.0,0.34285714285714286,2.9653742082439187,30,36,2,34,0.04662742473395372,1,0,0,0,0,0,0,0,0,-1,0,0,0,0,0
1hp5,A,485,ALA,1.8,88.6,0.0,0,0,T,0.1320754716981132,-65.2,-16.4,15.0,17.0,0.46875,1.9876292735679175,31,35,3,32,0.045228601991935104,0,0,0,0,0,1,0,0,0,-1,0,0,0,0,0
1hp5,A,486,GLN,-3.5,143.8,0.0,2,2,T,0.04040404040404041,-75.3,-22.1,21.0,24.0,0.4666666666666667,3.087428843836102,37,31,10,21,0.04616115048661418,0,0,0,0,0,1,0,0,0,-1,0,0,0,0,0
1hp5,A,487,ALA,1.8,88.6,0.0,0,0,H,0.0,-43.2,-59.6,12.0,21.0,0.36363636363636365,4.060187051007636,30,30,17,13,0.050823892960009553,1,0,0,0,0,0,0,0,0,-1,0,0,0,0,0
1hp5,A,488,PRO,-1.6,112.7,0.0,0,0,H,0.022058823529411766,-59.3,-30.9,14.0,16.0,0.4666666666666667,2.979751548043596,30,26,20,6,0.04755997322863279,1,0,0,0,0,0,0,0,0,-1,0,0,0,0,0
1hp5,A,489,TYR,-1.3,193.6,0.0,1,1,H,0.05855855855855856,-69.2,-48.5,13.0,20.0,0.3939393939393939,2.979764078671046,36,41,18,23,0.05222271570202816,1,0,0,0,0,0,0,0,0,-1,0,0,0,0,0
1hp5,A,490,TRP,-0.9,227.8,0.0,1,0,H,0.004405286343612335,-62.7,-42.8,18.0,16.0,0.5294117647058824,4.781705616312662,35,25,28,-3,0.04989134446533048,1,0,0,0,0,0,0,0,0,9,24,13,0,3,1
1hp5,A,491,GLU,-3.5,138.4,-1.0,1,3,H,0.42783505154639173,-60.2,-44.9,12.0,14.0,0.46153846153846156,1.7873790820950564,22,29,13,16,0.03730193978716297,1,0,0,0,0,0,0,0,0,9,24,13,0,3,1
1hp5,A,492,ALA,1.8,88.6,0.0,0,0,H,0.16037735849056603,-65.0,-33.7,17.0,6.0,0.7391304347826086,1.8942341874595485,26,29,27,2,0.040099585271200194,1,0,0,0,0,0,0,0,0,9,24,13,0,3,1
1hp5,A,493,ALA,1.8,88.6,0.0,0,0,H,0.2830188679245283,-83.3,-9.7,16.0,10.0,0.6153846153846154,1.9868118096074856,25,28,33,-5,0.03450429430312575,1,0,0,0,0,0,0,0,0,9,24,13,0,3,1
1hp5,A,494,GLY,-0.4,60.1,0.0,0,0,T,0.6309523809523809,76.1,30.7,5.0,17.0,0.22727272727272727,1.7742335325755805,22,21,42,-21,0.025178809356335007,0,0,0,0,0,1,0,0,0,9,24,13,0,3,1
1hp5,A,495,ILE,4.5,166.7,0.0,0,0,-,0.01775147928994083,-99.7,106.0,20.0,9.0,0.6896551724137931,2.578804751807689,30,25,42,-17,0.043829779249916496,0,0,0,0,0,0,0,0,0,9,24,13,0,3,1
1hp5,A,496,ASP,-3.5,111.1,-1.0,1,3,-,0.5214723926380368,-69.8,147.7,7.0,17.0,0.2916666666666667,2.023322546985761,25,16,26,-10,0.04243095650789788,0,0,0,0,0,0,0,0,0,9,24,13,0,3,1
1hp5,A,497,PHE,2.8,189.9,0.0,0,0,-,0.06598984771573604,-155.2,157.7,22.0,12.0,0.6470588235294118,2.350569177972167,32,14,26,-12,0.05175644145468863,0,0,0,0,0,0,0,0,0,-1,0,0,0,0,0
1hp5,A,498,TYR,-1.3,193.6,0.0,1,1,-,0.12162162162162163,-77.1,118.2,22.0,14.0,0.6111111111111112,2.6011404318074853,28,24,21,3,0.045694876239274644,0,0,0,0,0,0,0,0,0,-1,0,0,0,0,0
1hp5,A,499,ARG,-4.5,173.4,1.0,5,0,-,0.5564516129032258,-81.1,73.6,8.0,21.0,0.27586206896551724,1.8277802353562629,24,3,13,-10,0.03870076252918159,0,0,0,0,0,0,0,0,0,-1,0,0,0,0,0
1hp5,A,500,SER,-0.8,89.0,0.0,1,1,-,0.0,-53.3,135.9,19.0,8.0,0.7037037037037037,2.9297395711856553,24,21,9,12,0.04243095650789788,0,0,0,0,0,0,0,0,0,-1,0,0,0,0,0
1hp5,A,501,PRO,-1.6,112.7,0.0,0,0,T,0.8088235294117647,-72.2,-10.7,2.0,13.0,0.13333333333333333,1.8889622365911092,15,13,7,6,0.027510180593032695,0,0,0,0,0,1,0,0,0,-1,0,0,0,0,0
1hp5,A,502,GLN,-3.5,143.8,0.0,2,2,T,0.31313131313131315,-80.9,-8.5,17.0,8.0,0.68,1.9651679642064852,23,18,12,6,0.03590311704514436,0,0,0,0,0,1,0,0,0,-1,0,0,0,0,0
1hp5,A,503,VAL,4.2,140.0,0.0,0,0,S,0.04225352112676056,-114.1,127.2,19.0,6.0,0.76,2.8469530525972444,25,24,9,15,0.04289723075523742,0,0,0,0,0,0,1,0,0,-1,0,0,0,0,0
1hp5,A,504,PRO,-1.6,112.7,0.0,0,0,-,0.5220588235294118,-76.2,60.4,7.0,13.0,0.35,1.833865305503567,21,21,4,17,0.03170664881908853,0,0,0,0,0,0,0,0,0,-1,0,0,0,0,0
1hp5,A,505,TRP,-0.9,227.8,0.0,1,0,-,0.15859030837004406,-39.6,132.8,12.0,12.0,0.5,3.2006441381208006,26,27,4,23,0.03916703677652112,0,0,0,0,0,0,0,0,0,-1,0,0,0,0,0
1hp5,A,506,THR,-0.7,116.1,0.0,1,1,-,0.5563380281690141,-86.0,360.0,17.0,4.0,0.8095238095238095,1.8388032060091237,23,33,9,24,0.03310547156110714,0,0,0,0,0,0,0,0,0,-1,0,0,0,0,0
1e7h,A,3,HIS,-3.2,153.2,0.1,2,1,-,0.7010869565217391,360.0,70.6,8.0,10.0,0.4444444444444444,1.762933640029611,14,22,17,5,0.016319598656883802,0,0,0,0,0,0,0,0,0,9,132,10,0,14,1
1e7h,A,4,LYS,-3.9,168.6,1.0,2,0,-,0.35121951219512193,-73.3,-37.8,9.0,10.0,0.47368421052631576,1.7676781434710969,19,22,22,0,0.019117244140921023,0,0,0,0,0,0,0,0,0,9,132,10,0,14,1
1e7h,A,5,SER,-0.8,89.0,0.0,1,1,-,0.038461538461538464,-114.4,128.2,20.0,8.0,0.7142857142857143,2.1043742356483706,27,39,26,13,0.03730193978716297,0,0,0,0,0,0,0,0,0,9,132,10,0,14,1
1e7h,A,6,GLU,-3.5,138.4,-1.0,1,3,H,0.18556701030927836,-74.9,-43.6,11.0,18.0,0.3793103448275862,1.856134448776805,27,46,18,28,0.03730193978716297,1,0,0,0,0,0,0,0,0,9,132,10,0,14,1
1e7h,A,7,VAL,4.2,140.0,0.0,0,0,H,0.035211267605633804,-66.5,-46.2,27.0,13.0,0.675,3.264965577764219,36,50,23,27,0.04429605349725603,1,0,0,0,0,0,0,0,0,9,132,10,0,14,1
1e7h,A,8,ALA,1.8,88.6,0.0,0,0,H,0.018867924528301886,-55.0,-41.5,15.0,19.0,0.4411764705882353,2.9626896460686067,31,47,23,24,0.04662742473395372,1,0,0,0,0,0,0,0,0,50,0,8,0,0,1
1e7h,A,9,HIS,-3.2,153.2,0.1,2,1,H,0.3804347826086957,-66.6,-42.7,8.0,17.0,0.32,2.1373270381253073,21,31,15,16,0.03776821403450251,1,0,0,0,0,0,0,0,0,50,0,8,0,0,1
1e7h,A,10,ARG,-4.5,173.4,1.0,5,0,H,0.21370967741935484,-73.5,-37.1,18.0,14.0,0.5625,2.3657365528240613,23,21,21,0,0.04103213376587927,1,0,0,0,0,0,0,0,0,-1,0,0,0,0,0
1e7h,A,11,PHE,2.8,189.9,0.0,0,0,H,0.1116751269035533,-57.5,-41.2,18.0,15.0,0.5454545454545454,2.7970081342868283,29,40,29,11,0.045228601991935104,1,0,0,0,0,0,0,0,0,47,0,13,0,0,1
1e7h,A,12,LYS,-3.9,168.6,1.0,2,0,H,0.6292682926829268,-66.8,-50.9,9.0,15.0,0.375,1.9657619878737813,19,26,15,11,0.03450429430312575,1,0,0,0,0,0,0,0,0,50,0,8,0,0,1
1e7h,A,13,ASP,-3.5,111.1,-1.0,1,3,H,0.44785276073619634,-63.0,-43.9,9.0,10.0,0.47368421052631576,1.7458748421589085,21,32,4,28,0.03124037457174899,1,0,0,0,0,0,0,0,0,-1,0,0,0,0,0
1e7h,A,14,LEU,3.8,166.7,0.0,0,0,H,0.1524390243902439,-72.5,-44.7,16.0,7.0,0.6956521739130435,2.143697694963369,24,34,23,11,0.04149840801321881,1,0,0,0,0,0,0,0,0,47,0,13,0,0,1
1e7h,A,15,GLY,-0.4,60.1,0.0,0,0,-,0.34523809523809523,93.4,150.5,6.0,16.0,0.2727272727272727,2.162017015465164,25,32,26,6,0.03124037457174899,0,0,0,0,0,0,0,0,0,47,0,13,0,0,1
1e7h,A,16,GLU,-3.5,138.4,-1.0,1,3,H,0.31443298969072164,-52.6,-52.7,5.0,19.0,0.20833333333333334,2.1550514806174883,23,23,15,8,0.03776821403450251,1,0,0,0,0,0,0,0,0,47,0,13,0,0,1
1e7h,A,17,GLU,-3.5,138.4,-1.0,1,3,H,0.5670103092783505,-54.3,-51.1,3.0,17.0,0.15,1.7498403259716353,20,22,15,7,0.029375277582390842,1,0,0,0,0,0,0,0,0,48,0,12,0,0,1
1e7h,A,18,ASN,-3.5,114.1,0.0,2,2,H,0.2356687898089172,-68.2,-39.4,15.0,14.0,0.5172413793103449,2.320419889417464,28,23,26,-3,0.03590311704514436,1,0,0,0,0,0,0,0,0,52,0,17,0,0,1
1e7h,A,19,PHE,2.8,189.9,0.0,0,0,H,0.07614213197969544,-56.6,-56.9,17.0,13.0,0.5666666666666667,2.628020811226232,36,32,30,2,0.043829779249916496,1,0,0,0,0,0,0,0,0,47,0,13,0,0,1
1e7h,A,20,LYS,-3.9,168.6,1.0,2,0,H,0.21951219512195122,-54.2,-45.4,12.0,22.0,0.35294117647058826,2.520903948961467,29,13,29,-16,0.045228601991935104,1,0,0,0,0,0,0,0,0,48,0,12,0,0,1
1e7h,A,21,ALA,1.8,88.6,0.0,0,0,H,0.05660377358490566,-60.3,-45.0,17.0,21.0,0.4473684210526316,3.29455288803986,34,24,20,4,0.04103213376587927,1,0,0,0,0,0,0,0,0,-1,0,0,0,0,0
1e7h,A,22,LEU,3.8,166.7,0.0,0,0,H,0.1402439024390244,-69.4,-38.5,17.0,21.0,0.4473684210526316,2.263881949328988,37,15,11,4,0.043363505002576956,1,0,0,0,0,0,0,0,0,-1,0,0,0,0,0
1e7h,A,23,VAL,4.2,140.0,0.0,0,0,H,0.1267605633802817,-63.0,-37.0,24.0,19.0,0.5581395348837209,2.1754747342261074,40,25,9,16,0.04243095650789788,1,0,0,0,0,0,0,0,0,-1,0,0,0,0,0
1e7h,A,24,LEU,3.8,166.7,0.0,0,0,H,0.03048780487804878,-62.2,-49.6,23.0,22.0,0.5111111111111111,3.0808108299723287,41,38,8,30,0.04942507021799094,1,0,0,0,0,0,0,0,0,-1,0,0,0,0,0
1e7h,A,25,ILE,4.5,166.7,0.0,0,0,H,0.0,-61.2,-49.6,20.0,22.0,0.47619047619047616,4.7515876736181735,41,33,6,27,0.04662742473395372,1,0,0,0,0,0,0,0,0,-1,0,0,0,0,0
1e7h,A,26,ALA,1.8,88.6,0.0,0,0,H,0.12264150943396226,-52.5,-49.7,19.0,25.0,0.4318181818181818,2.862951169122863,37,19,1,18,0.04243095650789788,1,0,0,0,0,0,0,0,0,-1,0,0,0,0,0
1e7h,A,27,PHE,2.8,189.9,0.0,0,0,H,0.015228426395939087,-66.0,-36.5,23.0,18.0,0.5609756097560976,3.038759909965007,40,26,7,19,0.04616115048661418,1,0,0,0,0,0,0,0,0,-1,0,0,0,0,0
1e7h,A,28,ALA,1.8,88.6,0.0,0,0,H,0.0,-67.1,-38.9,23.0,16.0,0.5897435897435898,5.836113151331498,44,40,9,31,0.05502036118606539,1,0,0,0,0,0,0,0,0,-1,0,0,0,0,0
1e7h,A,29,GLN,-3.5,143.8,0.0,2,2,H,0.015151515151515152,-69.4,-18.0,18.0,21.0,0.46153846153846156,3.341610896137222,40,36,13,23,0.050823892960009553,1,0,0,0,0,0,0,0,0,-1,0,0,0,0,0
1e7h,A,30,TYR,-1.3,193.6,0.0,1,1,H,0.05405405405405406,-97.0,-67.8,19.0,23.0,0.4523809523809524,2.947884020702246,40,28,12,16,0.04989134446533048,1,0,0,0,0,0,0,0,0,-1,0,0,0,0,0
1e7h,A,31,LEU,3.8,166.7,0.0,0,0,S,0.006097560975609756,-88.9,74.5,21.0,22.0,0.4883720930232558,3.0752274025824518,34,32,7,25,0.04289723075523742,0,0,0,0,0,0,1,0,0,-1,0,0,0,0,0
1e7h,A,32,GLN,-3.5,143.8,0.0,2,2,T,0.04040404040404041,-70.2,-11.0,19.0,17.0,0.5277777777777778,2.143915541994515,34,44,18,26,0.04616115048661418,0,0,0,0,0,1,0,0,0,-1,0,0,0,0,0
1e7h,A,33,GLN,-3.5,143.8,0.0,2,2,T,0.41919191919191917,-110.7,13.8,11.0,19.0,0.36666666666666664,1.8854169363683435,26,23,10,13,0.0363693912924839,0,0,0,0,0,1,0,0,0,46,0,10,0,0,1
1e7h,A,34,CYS,2.5,108.5,0.0,1,0,S,0.044444444444444446,-92.1,146.0,21.0,8.0,0.7241379310344828,2.0285792084146004,24,19,19,0,0.03823448828184205,0,0,0,0,0,0,1,0,0,46,0,10,0,0,1
1e7h,A,35,PRO,-1.6,112.7,0.0,0,0,-,0.4338235294117647,-67.3,147.8,3.0,18.0,0.14285714285714285,2.2485609209405095,21,20,20,0,0.032639197313767604,0,0,0,0,0,0,0,0,0,46,0,10,0,0,1
1e7h,A,36,PHE,2.8,189.9,0.0,0,0,H,0.15736040609137056,-47.6,-56.2,11.0,17.0,0.39285714285714285,2.330682717247183,23,35,27,8,0.040565859518539735,1,0,0,0,0,0,0,0,0,46,0,10,0,0,1
1e7h,A,37,GLU,-3.5,138.4,-1.0,1,3,H,0.7010309278350515,-48.7,-26.2,0.0,17.0,0.0,1.813640662508107,14,17,9,8,0.02844272908771177,1,0,0,0,0,0,0,0,0,46,0,10,0,0,1
1e7h,A,38,ASP,-3.5,111.1,-1.0,1,3,H,0.48466257668711654,-74.9,-47.7,13.0,12.0,0.52,1.7234460565565646,20,15,12,3,0.03357174580844668,1,0,0,0,0,0,0,0,0,46,0,10,0,0,1
1e7h,A,39,HIS,-3.2,153.2,0.1,2,1,H,0.016304347826086956,-62.4,-39.4,25.0,12.0,0.6756756756756757,2.567310508916367,38,22,19,3,0.05035761871267001,1,0,0,0,0,0,0,0,0,46,0,10,0,0,1
1e7h,A,40,VAL,4.2,140.0,0.0,0,0,H,0.33098591549295775,-58.8,-36.9,8.0,19.0,0.2962962962962963,2.183555494542983,23,34,28,6,0.03590311704514436,1,0,0,0,0,0,0,0,0,25,24,8,0,2,1
1e7h,A,41,LYS,-3.9,168.6,1.0,2,0,H,0.24390243902439024,-65.8,-42.9,7.0,13.0,0.35,1.9040348495038528,19,15,25,-10,0.030774100324409453,1,0,0,0,0,0,0,0,0,25,24,8,0,2,1
1e7h,A,42,LEU,3.8,166.7,0.0,0,0,H,0.0975609756097561,-60.5,-56.0,22.0,10.0,0.6875,2.72830267822988,30,25,25,0,0.04103213376587927,1,0,0,0,0,0,0,0,0,25,24,8,0,2,1
1e7h,A,43,VAL,4.2,140.0,0.0,0,0,H,0.07042253521126761,-49.0,-45.0,20.0,12.0,0.625,2.8513724504851248,31,34,24,10,0.048026247475972325,1,0,0,0,0,0,0,0,0,25,24,8,0,2,1
1e7h,A,44,ASN,-3.5,114.1,0.0,2,2,H,0.5668789808917197,-66.5,-31.3,5.0,17.0,0.22727272727272727,1.9060785223652852,25,26,24,2,0.032172923066428064,1,0,0,0,0,0,0,0,0,25,24,8,0,2,1
1e7h,A,45,GLU,-3.5,138.4,-1.0,1,3,H,0.5,-71.0,-50.2,10.0,12.0,0.45454545454545453,1.8008170420306873,20,17,7,10,0.03403802005578621,1,0,0,0,0,0,0,0,0,25,24,8,0,2,1
1e7h,A,46,VAL,4.2,140.0,0.0,0,0,H,0.15492957746478872,-62.2,-46.0,23.0,12.0,0.6571428571428571,2.354938252335084,27,28,14,14,0.040565859518539735,1,0,0,0,0,0,0,0,0,-1,0,0,0,0,0
1e7h,A,47,THR,-0.7,116.1,0.0,1,1,H,0.028169014084507043,-63.7,-31.9,16.0,17.0,0.48484848484848486,2.4805589546708555,28,25,26,-1,0.045228601991935104,1,0,0,0,0,0,0,0,0,-1,0,0,0,0,0
1e7h,A,48,GLU,-3.5,138.4,-1.0,1,3,H,0.29896907216494845,-71.6,-43.2,5.0,17.0,0.22727272727272727,1.767659622567344,22,18,13,5,0.032639197313767604,1,0,0,0,0,0,0,0,0,-1,0,0,0,0,0
1e7h,A,49,PHE,2.8,189.9,0.0,0,0,H,0.25380710659898476,-60.3,-51.7,17.0,13.0,0.5666666666666667,2.05092173477694,31,19,26,-7,0.03357174580844668,1,0,0,0,0,0,0,0,0,-1,0,0,0,0,0
1e7h,A,50,ALA,1.8,88.6,0.0,0,0,H,0.0,-52.3,-39.2,21.0,16.0,0.5675675675675675,3.970346050777008,33,27,28,-1,0.04616115048661418,1,0,0,0,0,0,0,0,0,-1,0,0,0,0,0
1e7h,A,51,LYS,-3.9,168.6,1.0,2,0,H,0.5024390243902439,-68.9,-35.4,7.0,20.0,0.25925925925925924,2.0519234346934465,22,8,18,-10,0.0363693912924839,1,0,0,0,0,0,0,0,0,-1,0,0,0,0,0
1e7h,A,52,THR,-0.7,116.1,0.0,1,1,H,0.5352112676056338,-58.1,-42.3,12.0,10.0,0.5454545454545454,1.8642533220607496,21,9,25,-16,0.03310547156110714,1,0,0,0,0,0,0,0,0,-1,0,0,0,0,0
1e7h,A,53,CYS,2.5,108.5,0.0,1,0,H,0.014814814814814815,-75.3,-25.3,20.0,8.0,0.7142857142857143,3.106409986023149,29,25,32,-7,0.048026247475972325,1,0,0,0,0,0,0,0,0,50,0,8,0,0,1
1e7h,A,54,VAL,4.2,140.0,0.0,0,0,H,0.4154929577464789,-73.1,-23.3,14.0,13.0,0.5185185185185185,2.056101677360998,22,27,19,8,0.0363693912924839,1,0,0,0,0,0,0,0,0,50,0,8,0,0,1
1e7h,A,55,ALA,1.8,88.6,0.0,0,0,H,0.8490566037735849,-88.9,-24.3,7.0,12.0,0.3684210526315789,1.8262880635582888,16,11,14,-3,0.022381163872297785,1,0,0,0,0,0,0,0,0,-1,0,0,0,0,0
1e7h,A,56,ASP,-3.5,111.1,-1.0,1,3,-,0.5214723926380368,-159.3,96.4,6.0,14.0,0.3,1.9880469062248725,18,10,11,-1,0.025645083603674543,0,0,0,0,0,0,0,0,0,-1,0,0,0,0,0
1e7h,A,57,GLU,-3.5,138.4,-1.0,1,3,T,0.23195876288659795,-59.9,-8.0,6.0,16.0,0.2727272727272727,1.8747622500127057,23,19,24,-5,0.032639197313767604,0,0,0,0,0,1,0,0,0,-1,0,0,0,0,0
1e7h,A,58,SER,-0.8,89.0,0.0,1,1,T,0.8538461538461538,-94.9,-10.7,0.0,17.0,0.0,1.7395543916994531,15,6,26,-20,0.026577632098353617,0,0,0,0,0,1,0,0,0,-1,0,0,0,0,0
1e7h,A,59,ALA,1.8,88.6,0.0,0,0,S,0.18867924528301888,-53.8,154.4,13.0,6.0,0.6842105263157895,1.8625197869789791,19,11,26,-15,0.02984155182973038,0,0,0,0,0,0,1,0,0,-1,0,0,0,0,0
1e7h,A,60,GLU,-3.5,138.4,-1.0,1,3,T,0.3865979381443299,-46.3,131.8,1.0,15.0,0.0625,1.8703551796650824,15,7,21,-14,0.021914889624958248,0,0,0,0,0,1,0,0,0,-1,0,0,0,0,0
1e7h,A,61,ASN,-3.5,114.1,0.0,2,2,T,0.5477707006369427,63.5,0.4,9.0,15.0,0.375,2.116209514693803,19,8,20,-12,0.027043906345693154,0,0,0,0,0,1,0,0,0,-1,0,0,0,0,0
1e7h,A,62,CYS,2.5,108.5,0.0,1,0,T,0.0,-67.7,-18.9,20.0,10.0,0.6666666666666666,2.4965073411139813,25,19,31,-12,0.04755997322863279,0,0,0,0,0,1,0,0,0,9,132,10,0,14,1
1e7h,A,63,ASP,-3.5,111.1,-1.0,1,3,T,0.7177914110429447,-80.4,-27.8,3.0,22.0,0.12,1.6721110572088096,21,14,17,-3,0.03450429430312575,0,0,0,0,0,1,0,0,0,-1,0,0,0,0,0
1e7h,A,64,LYS,-3.9,168.6,1.0,2,0,S,0.2,-53.7,164.8,14.0,11.0,0.56,1.934690047385344,22,9,27,-18,0.03124037457174899,0,0,0,0,0,0,1,0,0,-1,0,0,0,0,0
1e7h,A,65,SER,-0.8,89.0,0.0,1,1,-,0.4230769230769231,-82.5,170.5,8.0,16.0,0.3333333333333333,2.2205866410891226,24,22,28,-6,0.02984155182973038,0,0,0,0,0,0,0,0,0,39,2,11,0,0,1
1e7h,A,66,LEU,3.8,166.7,0.0,0,0,H,0.25609756097560976,-71.3,-41.2,14.0,18.0,0.4375,1.8774327477312278,34,29,27,2,0.032172923066428064,1,0,0,0,0,0,0,0,0,39,2,11,0,0,1
1e7h,A,67,HIS,-3.2,153.2,0.1,2,1,H,0.14130434782608695,-61.6,-34.5,13.0,15.0,0.4642857142857143,2.2768059455672085,25,15,42,-27,0.03823448828184205,1,0,0,0,0,0,0,0,0,39,2,11,0,0,1
1e7h,A,68,THR,-0.7,116.1,0.0,1,1,H,0.24647887323943662,-76.1,-42.2,9.0,17.0,0.34615384615384615,2.5823052315399697,25,33,24,9,0.03730193978716297,1,0,0,0,0,0,0,0,0,39,2,11,0,0,1
1e7h,A,69,LEU,3.8,166.7,0.0,0,0,H,0.1524390243902439,-67.0,-52.1,18.0,13.0,0.5806451612903226,2.116622226107403,30,28,27,1,0.040565859518539735,1,0,0,0,0,0,0,0,0,-1,0,0,0,0,0
1e7h,A,70,PHE,2.8,189.9,0.0,0,0,H,0.16243654822335024,-53.6,-62.1,17.0,20.0,0.4594594594594595,2.082902044658377,33,29,15,14,0.04289723075523742,1,0,0,0,0,0,0,0,0,-1,0,0,0,0,0
1e7h,A,71,GLY,-0.4,60.1,0.0,0,0,H,0.023809523809523808,-55.7,-29.9,21.0,14.0,0.6,3.927491094103232,32,30,19,11,0.04709369898129325,1,0,0,0,0,0,0,0,0,-1,0,0,0,0,0
1e7h,A,72,ASP,-3.5,111.1,-1.0,1,3,H,0.3803680981595092,-68.6,-42.4,8.0,19.0,0.2962962962962963,1.8475869967442429,26,29,9,20,0.03590311704514436,1,0,0,0,0,0,0,0,0,-1,0,0,0,0,0
1e7h,A,73,LYS,-3.9,168.6,1.0,2,0,H,0.22439024390243903,-68.3,-45.4,18.0,11.0,0.6206896551724138,2.393348832813649,28,11,18,-7,0.03963331102386066,1,0,0,0,0,0,0,0,0,-1,0,0,0,0,0
1e7h,A,74,LEU,3.8,166.7,0.0,0,0,H,0.0,-52.8,-44.4,23.0,16.0,0.5897435897435898,4.886465528892176,35,24,10,14,0.045228601991935104,1,0,0,0,0,0,0,0,0,31,24,3,0,0,1
1e7h,A,75,CYS,2.5,108.5,0.0,1,0,T,0.2518518518518518,-69.0,-15.1,15.0,16.0,0.4838709677419355,2.1826673569572903,28,24,13,11,0.03963331102386066,0,0,0,0,0,1,0,0,0,31,24,3,0,0,1
1e7h,A,76,THR,-0.7,116.1,0.0,1,1,T,0.6197183098591549,-76.8,-25.7,7.0,13.0,0.35,1.8171253381299413,19,11,13,-2,0.026577632098353617,0,0,0,0,0,1,0,0,0,31,24,3,0,0,1
1e7h,A,77,VAL,4.2,140.0,0.0,0,0,-,0.176056338028169,-48.9,110.6,23.0,3.0,0.8846153846153846,1.9503228556733228,26,17,17,0,0.027510180593032695,0,0,0,0,0,0,0,0,0,31,24,3,0,0,1
1e7h,A,78,ALA,1.8,88.6,0.0,0,0,T,1.0,-66.5,-24.5,1.0,15.0,0.0625,1.7675138856795258,17,8,8,0,0.018650969893581486,0,0,0,0,0,1,0,0,0,31,24,3,0,0,1
1e7h,A,79,THR,-0.7,116.1,0.0,1,1,T,0.3380281690140845,-95.7,11.4,6.0,12.0,0.3333333333333333,2.120495849110089,18,9,9,0,0.02471253510899547,0,0,0,0,0,1,0,0,0,31,24,3,0,0,1
1e7h,A,80,LEU,3.8,166.7,0.0,0,0,H,0.04878048780487805,-52.1,-62.3,13.0,11.0,0.5416666666666666,2.6697186063884137,26,13,17,-4,0.04103213376587927,1,0,0,0,0,0,0,0,0,49,2,1,0,0,1
1e7h,A,81,ARG,-4.5,173.4,1.0,5,0,H,0.5846774193548387,-52.6,-55.0,4.0,16.0,0.2,1.8877675588591247,16,0,20,-20,0.03450429430312575,1,0,0,0,0,0,0,0,0,49,2,1,0,0,1
1e7h,A,82,GLU,-3.5,138.4,-1.0,1,3,H,0.4845360824742268,-56.4,-41.8,4.0,10.0,0.2857142857142857,1.7676197916649674,13,11,3,8,0.02144861537761871,1,0,0,0,0,0,0,0,0,49,2,1,0,0,1
1e7h,A,83,THR,-0.7,116.1,0.0,1,1,H,0.528169014084507,-88.7,-47.9,9.0,7.0,0.5625,1.8477340224041339,18,8,9,-1,0.025178809356335007,1,0,0,0,0,0,0,0,0,-1,0,0,0,0,0
1e7h,A,84,TYR,-1.3,193.6,0.0,1,1,H,0.18468468468468469,-95.0,-28.7,20.0,5.0,0.8,2.3840690680365837,28,17,15,2,0.032639197313767604,1,0,0,0,0,0,0,0,0,-1,0,0,0,0,0
1e7h,A,85,GLY,-0.4,60.1,0.0,0,0,G,0.2619047619047619,70.0,-112.7,3.0,16.0,0.15789473684210525,1.890895825760863,18,19,22,-3,0.03310547156110714,0,0,0,1,0,0,0,0,0,49,2,1,0,0,1
1e7h,A,86,GLU,-3.5,138.4,-1.0,1,3,G,0.7061855670103093,-45.5,-44.5,5.0,13.0,0.2777777777777778,1.7493141707405533,17,23,9,14,0.030307826077069916,0,0,0,1,0,0,0,0,0,49,2,1,0,0,1
1e7h,A,87,MET,1.9,162.9,0.0,0,0,G,0.03723404255319149,-48.2,-32.1,20.0,11.0,0.6451612903225806,2.6366107614623315,31,34,22,12,0.04476232774459557,0,0,0,1,0,0,0,0,0,28,24,6,0,1,1
1e7h,A,88,ALA,1.8,88.6,0.0,0,0,G,0.12264150943396226,-72.7,-11.8,10.0,17.0,0.37037037037037035,2.3906023696945295,25,27,22,5,0.04103213376587927,0,0,0,1,0,0,0,0,0,49,2,1,0,0,1
1e7h,A,89,ASP,-3.5,111.1,-1.0,1,3,G,0.44785276073619634,-82.6,-20.5,5.0,17.0,0.22727272727272727,1.8553487842591163,17,31,9,22,0.032172923066428064,0,0,0,1,0,0,0,0,0,49,2,1,0,0,1
1e7h,A,90,CYS,2.5,108.5,0.0,1,0,G,0.0,-62.4,-35.2,23.0,6.0,0.7931034482758621,3.132131090361695,26,31,35,-4,0.04243095650789788,0,0,0,1,0,0,0,0,0,-1,0,0,0,0,0
1e7h,A,91,CYS,2.5,108.5,0.0,1,0,G,0.31851851851851853,-58.6,-16.0,16.0,14.0,0.5333333333333333,1.9827677685513,26,32,27,5,0.0363693912924839,0,0,0,1,0,0,0,0,0,-1,0,0,0,0,0
1e7h,A,92,ALA,1.8,88.6,0.0,0,0,G,0.839622641509434,-85.5,-22.9,5.0,15.0,0.25,1.7675148314479388,18,23,24,-1,0.021914889624958248,0,0,0,1,0,0,0,0,0,-1,0,0,0,0,0
1e7h,A,93,LYS,-3.9,168.6,1.0,2,0,S,0.47804878048780486,-74.7,167.1,15.0,5.0,0.75,1.9130769535887842,19,13,34,-21,0.030307826077069916,0,0,0,0,0,0,1,0,0,-1,0,0,0,0,0
1e7h,A,94,GLN,-3.5,143.8,0.0,2,2,-,0.2676767676767677,-80.5,153.7,1.0,15.0,0.0625,2.1796584031393413,17,21,25,-4,0.027510180593032695,0,0,0,0,0,0,0,0,0,-1,0,0,0,0,0
1e7h,A,95,GLU,-3.5,138.4,-1.0,1,3,H,0.20103092783505155,-43.8,-57.9,9.0,13.0,0.4090909090909091,2.1476944897273076,22,28,23,5,0.032639197313767604,1,0,0,0,0,0,0,0,0,39,2,11,0,0,1
1e7h,A,96,PRO,-1.6,112.7,0.0,0,0,H,0.7647058823529411,-37.3,-56.0,0.0,16.0,0.0,1.9005032568508096,14,28,27,1,0.026577632098353617,1,0,0,0,0,0,0,0,0,-1,0,0,0,0,0
1e7h,A,97,GLU,-3.5,138.4,-1.0,1,3,H,0.5360824742268041,-79.2,-27.2,6.0,12.0,0.3333333333333333,1.8032945635954656,14,20,20,0,0.034970568550465285,1,0,0,0,0,0,0,0,0,-1,0,0,0,0,0
1e7h,A,98,ARG,-4.5,173.4,1.0,5,0,H,0.07661290322580645,-54.1,-54.8,15.0,11.0,0.5769230769230769,2.939027313972925,28,21,36,-15,0.048492521723311866,1,0,0,0,0,0,0,0,0,-1,0,0,0,0,0
1e7h,A,99,ASN,-3.5,114.1,0.0,2,2,H,0.08280254777070063,-54.0,-48.6,14.0,23.0,0.3783783783783784,2.3651547111137403,32,39,40,-1,0.048492521723311866,1,0,0,0,0,0,0,0,0,39,2,11,0,0,1
1e7h,A,100,GLU,-3.5,138.4,-1.0,1,3,H,0.38144329896907214,-61.2,-34.3,5.0,19.0,0.20833333333333334,1.8682623082401686,21,34,22,12,0.03916703677652112,1,0,0,0,0,0,0,0,0,24,18,12,0,2,1
1e7h,A,101,CYS,2.5,108.5,0.0,1,0,H,0.05185185185185185,-65.3,-36.1,14.0,10.0,0.5833333333333334,2.3492025897240123,24,35,37,-2,0.04429605349725603,1,0,0,0,0,0,0,0,0,-1,0,0,0,0,0
1e7h,A,102,PHE,2.8,189.9,0.0,0,0,H,0.005076142131979695,-68.3,-45.1,21.0,16.0,0.5675675675675675,5.181174322223591,37,43,33,10,0.04755997322863279,1,0,0,0,0,0,0,0,0,-1,0,0,0,0,0
1e7h,A,103,LEU,3.8,166.7,0.0,0,0,H,0.036585365853658534,-58.0,-32.2,14.0,15.0,0.4827586206896552,2.462098990348789,29,35,25,10,0.04755997322863279,1,0,0,0,0,0,0,0,0,24,18,12,0,2,1
1e7h,A,104,GLN,-3.5,143.8,0.0,2,2,H,0.6313131313131313,-64.6,-44.2,9.0,11.0,0.45,1.778172425552182,17,32,19,13,0.030307826077069916,1,0,0,0,0,0,0,0,0,24,18,12,0,2,1
1e7h,A,105,HIS,-3.2,153.2,0.1,2,1,T,0.3641304347826087,-90.4,15.0,14.0,10.0,0.5833333333333334,1.9278653383479554,26,11,32,-21,0.03450429430312575,0,0,0,0,0,1,0,0,0,28,24,6,0,1,1
1e7h,A,106,LYS,-3.9,168.6,1.0,2,0,-,0.05365853658536585,-84.0,101.3,20.0,12.0,0.625,2.5037959460667683,36,24,20,4,0.04289723075523742,0,0,0,0,0,0,0,0,0,-1,0,0,0,0,0
1e7h,A,107,ASP,-3.5,111.1,-1.0,1,3,-,0.5276073619631901,-67.1,132.1,12.0,13.0,0.48,1.9915859557392657,24,29,5,24,0.030774100324409453,0,0,0,0,0,0,0,0,0,-1,0,0,0,0,0
1e7h,A,108,ASP,-3.5,111.1,-1.0,1,3,S,0.3803680981595092,-102.7,133.9,7.0,16.0,0.30434782608695654,1.8387404596342418,21,31,8,23,0.030774100324409453,0,0,0,0,0,0,1,0,0,-1,0,0,0,0,0
1e7h,A,109,ASN,-3.5,114.1,0.0,2,2,S,0.9299363057324841,55.4,53.4,1.0,18.0,0.05263157894736842,1.7723773837492556,16,23,13,10,0.026577632098353617,0,0,0,0,0,0,1,0,0,-1,0,0,0,0,0
1e7h,A,110,PRO,-1.6,112.7,0.0,0,0,-,0.16911764705882354,-50.5,-177.0,19.0,3.0,0.8636363636363636,1.8941525536665231,22,36,14,22,0.02844272908771177,0,0,0,0,0,0,0,0,0,-1,0,0,0,0,0
1e7h,A,111,ASN,-3.5,114.1,0.0,2,2,S,0.5796178343949044,-98.1,77.8,1.0,11.0,0.08333333333333333,1.7676363245676665,11,22,10,12,0.019117244140921023,0,0,0,0,0,0,1,0,0,-1,0,0,0,0,0
1e7h,A,112,LEU,3.8,166.7,0.0,0,0,-,0.2621951219512195,-131.1,148.3,16.0,2.0,0.8888888888888888,1.9126386855492843,18,29,15,14,0.026577632098353617,0,0,0,0,0,0,0,0,0,0,2555,21,0,613,1
1e7h,A,113,PRO,-1.6,112.7,0.0,0,0,-,0.7058823529411765,-69.7,144.2,2.0,10.0,0.16666666666666666,1.8689477151963696,11,25,8,17,0.02098234113027917,0,0,0,0,0,0,0,0,0,0,2555,21,0,613,1
1e7h,A,114,ARG,-4.5,173.4,1.0,5,0,-,0.7459677419354839,-59.8,152.8,2.0,10.0,0.16666666666666666,1.8556280516443986,7,11,0,11,0.020516066882939634,0,0,0,0,0,0,0,0,0,0,2555,21,0,613,1
1e7h,A,115,LEU,3.8,166.7,0.0,0,0,-,0.4024390243902439,-87.1,114.8,9.0,5.0,0.6428571428571429,1.9189969704010306,16,38,9,29,0.027043906345693154,0,0,0,0,0,0,0,0,0,0,2555,21,0,613,1
1e7h,A,116,VAL,4.2,140.0,0.0,0,0,-,0.6690140845070423,-85.9,125.4,3.0,8.0,0.2727272727272727,1.8339697321067416,10,26,5,21,0.02144861537761871,0,0,0,0,0,0,0,0,0,0,2555,21,0,613,1
1e7h,A,117,ARG,-4.5,173.4,1.0,5,0,-,0.4112903225806452,-80.4,113.7,6.0,9.0,0.4,1.8069278510103575,19,14,14,0,0.024246260861655933,0,0,0,0,0,0,0,0,0,-1,0,0,0,0,0
1e7h,A,118,PRO,-1.6,112.7,0.0,0,0,-,0.375,-54.0,-170.8,8.0,8.0,0.5,1.9003728615351323,17,13,11,2,0.025178809356335007,0,0,0,0,0,0,0,0,0,-1,0,0,0,0,0
1e7h,A,119,GLU,-3.5,138.4,-1.0,1,3,-,0.29381443298969073,-90.7,132.0,2.0,14.0,0.125,2.241954203776726,19,15,8,7,0.024246260861655933,0,0,0,0,0,0,0,0,0,-1,0,0,0,0,0
1e7h,A,120,VAL,4.2,140.0,0.0,0,0,H,0.08450704225352113,-34.8,-38.7,17.0,10.0,0.6296296296296297,2.3765313570263458,27,18,18,0,0.03963331102386066,1,0,0,0,0,0,0,0,0,-1,0,0,0,0,0
1e7h,A,121,ASP,-3.5,111.1,-1.0,1,3,H,0.5766871165644172,-75.6,-28.3,2.0,22.0,0.08333333333333333,1.7184604287435277,21,9,9,0,0.02984155182973038,1,0,0,0,0,0,0,0,0,-1,0,0,0,0,0
1e7h,A,122,VAL,4.2,140.0,0.0,0,0,H,0.6338028169014085,-75.1,-44.4,3.0,14.0,0.17647058823529413,1.9061222310650092,18,8,17,-9,0.02844272908771177,1,0,0,0,0,0,0,0,0,-1,0,0,0,0,0
1e7h,A,123,MET,1.9,162.9,0.0,0,0,H,0.047872340425531915,-57.0,-61.0,19.0,12.0,0.6129032258064516,2.4051563122064805,25,18,13,5,0.04103213376587927,1,0,0,0,0,0,0,0,0,-1,0,0,0,0,0
1e7h,A,124,CYS,2.5,108.5,0.0,1,0,H,0.05185185185185185,-46.0,-43.7,15.0,15.0,0.5,2.382099962486468,26,19,27,-8,0.04662742473395372,1,0,0,0,0,0,0,0,0,-1,0,0,0,0,0
1e7h,A,125,THR,-0.7,116.1,0.0,1,1,H,0.5422535211267606,-70.2,-34.0,5.0,15.0,0.25,1.9424447920283079,17,14,20,-6,0.03450429430312575,1,0,0,0,0,0,0,0,0,-1,0,0,0,0,0
1e7h,A,126,ALA,1.8,88.6,0.0,0,0,H,0.3584905660377358,-70.2,-37.5,14.0,9.0,0.6086956521739131,1.847627615935648,20,10,28,-18,0.03683566553982344,1,0,0,0,0,0,0,0,0,51,0,2,0,0,1
1e7h,A,127,PHE,2.8,189.9,0.0,0,0,H,0.09644670050761421,-66.7,-19.8,16.0,12.0,0.5714285714285714,2.3277669970820893,29,22,28,-6,0.048026247475972325,1,0,0,0,0,0,0,0,0,-1,0,0,0,0,0
1e7h,A,128,HIS,-3.2,153.2,0.1,2,1,H,0.8097826086956522,-95.7,-56.9,8.0,12.0,0.4,1.8574903278543178,16,1,19,-18,0.03357174580844668,1,0,0,0,0,0,0,0,0,51,0,2,0,0,1
1e7h,A,129,ASP,-3.5,111.1,-1.0,1,3,H,0.7177914110429447,-57.6,-24.2,5.0,8.0,0.38461538461538464,1.784319143589649,13,10,10,0,0.02331371236697686,1,0,0,0,0,0,0,0,0,51,0,2,0,0,1
1e7h,A,130,ASN,-3.5,114.1,0.0,2,2,T,0.4968152866242038,-172.9,85.2,4.0,10.0,0.2857142857142857,1.8416631422860112,15,16,26,-10,0.030774100324409453,0,0,0,0,0,1,0,0,0,51,0,2,0,0,1
1e7h,A,131,GLU,-3.5,138.4,-1.0,1,3,H,0.38144329896907214,-57.8,-43.0,7.0,14.0,0.3333333333333333,1.8787692449490585,21,28,15,13,0.03870076252918159,1,0,0,0,0,0,0,0,0,51,0,2,0,0,1
1e7h,A,132,GLU,-3.5,138.4,-1.0,1,3,H,0.4948453608247423,-67.8,-54.3,4.0,17.0,0.19047619047619047,1.844297830547017,21,26,19,7,0.030774100324409453,1,0,0,0,0,0,0,0,0,51,0,2,0,0,1
1e7h,A,133,THR,-0.7,116.1,0.0,1,1,H,0.4788732394366197,-68.9,-19.5,7.0,15.0,0.3181818181818182,1.8465083217065437,18,17,26,-9,0.03124037457174899,1,0,0,0,0,0,0,0,0,51,0,2,0,0,1
1e7h,A,134,PHE,2.8,189.9,0.0,0,0,H,0.1218274111675127,-72.5,-52.8,13.0,11.0,0.5416666666666666,2.009885436833783,25,26,21,5,0.040099585271200194,1,0,0,0,0,0,0,0,0,51,0,2,0,0,1
1e7h,A,135,LEU,3.8,166.7,0.0,0,0,H,0.21341463414634146,-72.7,-30.3,17.0,16.0,0.5151515151515151,2.0918894380996473,29,32,19,13,0.04429605349725603,1,0,0,0,0,0,0,0,0,-1,0,0,0,0,0
1e7h,A,136,LYS,-3.9,168.6,1.0,2,0,H,0.17073170731707318,-69.4,-43.6,16.0,18.0,0.47058823529411764,2.5152880248254315,29,20,23,-3,0.03963331102386066,1,0,0,0,0,0,0,0,0,48,0,12,0,0,1
1e7h,A,137,LYS,-3.9,168.6,1.0,2,0,H,0.14146341463414633,-60.2,-38.7,9.0,18.0,0.3333333333333333,2.413486686913072,24,21,22,-1,0.04243095650789788,1,0,0,0,0,0,0,0,0,-1,0,0,0,0,0
1e7h,A,138,TYR,-1.3,193.6,0.0,1,1,H,0.34684684684684686,-77.2,-29.5,16.0,17.0,0.48484848484848486,1.8853593924489587,26,26,12,14,0.04103213376587927,1,0,0,0,0,0,0,0,0,-1,0,0,0,0,0
1e7h,A,139,LEU,3.8,166.7,0.0,0,0,H,0.10365853658536585,-67.3,-41.2,26.0,14.0,0.65,2.281470648508538,35,32,12,20,0.04429605349725603,1,0,0,0,0,0,0,0,0,-1,0,0,0,0,0
1e7h,A,140,TYR,-1.3,193.6,0.0,1,1,H,0.02702702702702703,-61.8,-43.1,19.0,23.0,0.4523809523809524,3.3061764406135894,37,44,21,23,0.05129016720734909,1,0,0,0,0,0,0,0,0,-1,0,0,0,0,0
1e7h,A,141,GLU,-3.5,138.4,-1.0,1,3,H,0.2422680412371134,-65.7,-39.3,11.0,23.0,0.3235294117647059,2.789119776440515,28,44,0,44,0.04289723075523742,1,0,0,0,0,0,0,0,0,0,2555,21,0,613,1
1e7h,A,142,ILE,4.5,166.7,0.0,0,0,H,0.3431952662721893,-73.1,-39.0,16.0,22.0,0.42105263157894735,2.743751205340301,28,39,9,30,0.040565859518539735,1,0,0,0,0,0,0,0,0,-1,0,0,0,0,0
1e7h,A,143,ALA,1.8,88.6,0.0,0,0,H,0.0,-61.0,-53.4,27.0,17.0,0.6136363636363636,4.946128919892219,37,43,10,33,0.053621538444046775,1,0,0,0,0,0,0,0,0,-1,0,0,0,0,0
1e7h,A,144,ARG,-4.5,173.4,1.0,5,0,H,0.09274193548387097,-60.1,-19.0,19.0,19.0,0.5,3.539984890233313,34,31,12,19,0.05502036118606539,1,0,0,0,0,0,0,0,0,-1,0,0,0,0,0
1e7h,A,145,ARG,-4.5,173.4,1.0,5,0,H,0.16129032258064516,-94.8,-19.9,10.0,20.0,0.3333333333333333,2.112926993316327,25,28,14,14,0.04709369898129325,1,0,0,0,0,0,0,0,0,0,2555,21,0,613,1
1e7h,A,146,HIS,-3.2,153.2,0.1,2,1,-,0.41847826086956524,-128.6,70.6,18.0,17.0,0.5142857142857142,1.99764715197797,31,25,12,13,0.043829779249916496,0,0,0,0,0,0,0,0,0,-1,0,0,0,0,0
1e7h,A,147,PRO,-1.6,112.7,0.0,0,0,T,0.029411764705882353,-63.9,-23.9,19.0,20.0,0.48717948717948717,2.462108769669056,37,36,15,21,0.04942507021799094,0,0,0,0,0,1,0,0,0,-1,0,0,0,0,0
1e7h,A,148,TYR,-1.3,193.6,0.0,1,1,T,0.4369369369369369,-100.8,4.2,18.0,22.0,0.45,1.7796144017591133,31,35,19,16,0.03730193978716297,0,0,0,0,0,1,0,0,0,3,171,23,0,39,1
1e7h,A,149,PHE,2.8,189.9,0.0,0,0,S,0.05583756345177665,-76.3,123.5,23.0,17.0,0.575,1.994035983460561,32,28,11,17,0.04289723075523742,0,0,0,0,0,0,1,0,0,11,36,28,0,11,1
1e7h,A,150,TYR,-1.3,193.6,0.0,1,1,-,0.13063063063063063,-51.9,110.8,21.0,18.0,0.5384615384615384,2.1376490774392285,35,18,19,-1,0.04243095650789788,0,0,0,0,0,0,0,0,0,53,0,17,0,0,1
1e7h,A,151,ALA,1.8,88.6,0.0,0,0,H,0.0,-36.1,-70.5,20.0,20.0,0.5,3.009502197110925,35,10,10,0,0.04429605349725603,1,0,0,0,0,0,0,0,0,-1,0,0,0,0,0
1e7h,A,152,PRO,-1.6,112.7,0.0,0,0,H,0.14705882352941177,-43.9,-38.7,15.0,21.0,0.4166666666666667,2.1037055593660225,31,21,17,4,0.03916703677652112,1,0,0,0,0,0,0,0,0,-1,0,0,0,0,0
1e7h,A,153,GLU,-3.5,138.4,-1.0,1,3,H,0.17525773195876287,-74.1,-16.0,17.0,15.0,0.53125,2.136757391426963,31,21,14,7,0.04755997322863279,1,0,0,0,0,0,0,0,0,-1,0,0,0,0,0
1e7h,A,154,LEU,3.8,166.7,0.0,0,0,H,0.07926829268292683,-88.2,-40.6,22.0,19.0,0.5365853658536586,2.635530196501718,35,20,10,10,0.04429605349725603,1,0,0,0,0,0,0,0,0,-1,0,0,0,0,0
1e7h,A,155,LEU,3.8,166.7,0.0,0,0,H,0.04878048780487805,-65.6,-26.7,16.0,18.0,0.47058823529411764,2.7717352277542715,31,27,19,8,0.04243095650789788,1,0,0,0,0,0,0,0,0,52,0,17,0,0,1
1e7h,A,156,PHE,2.8,189.9,0.0,0,0,H,0.3248730964467005,-67.3,-42.8,13.0,15.0,0.4642857142857143,2.0118631425042994,25,32,29,3,0.04243095650789788,1,0,0,0,0,0,0,0,0,52,0,17,0,0,1
1e7h,A,157,PHE,2.8,189.9,0.0,0,0,H,0.06091370558375635,-67.4,-39.5,20.0,13.0,0.6060606060606061,2.2793382103342203,30,34,26,8,0.045228601991935104,1,0,0,0,0,0,0,0,0,-1,0,0,0,0,0
1e7h,A,158,ALA,1.8,88.6,0.0,0,0,H,0.24528301886792453,-52.5,-49.9,21.0,12.0,0.6363636363636364,1.76762717560331,26,34,4,30,0.04289723075523742,1,0,0,0,0,0,0,0,0,-1,0,0,0,0,0
1e7h,A,159,LYS,-3.9,168.6,1.0,2,0,H,0.4585365853658537,-57.7,-36.9,9.0,15.0,0.375,1.890102419266485,24,20,11,9,0.03450429430312575,1,0,0,0,0,0,0,0,0,52,0,17,0,0,1
1e7h,A,160,ARG,-4.5,173.4,1.0,5,0,H,0.29838709677419356,-70.2,-28.9,12.0,12.0,0.5,1.8700782520348513,22,25,20,5,0.03590311704514436,1,0,0,0,0,0,0,0,0,-1,0,0,0,0,0
1e7h,A,161,TYR,-1.3,193.6,0.0,1,1,H,0.3153153153153153,-72.9,-44.5,19.0,15.0,0.5588235294117647,2.3414098876886094,31,42,12,30,0.040565859518539735,1,0,0,0,0,0,0,0,0,-1,0,0,0,0,0
1e7h,A,162,LYS,-3.9,168.6,1.0,2,0,H,0.4682926829268293,-57.2,-35.3,11.0,18.0,0.3793103448275862,2.2667127014591317,22,18,19,-1,0.03870076252918159,1,0,0,0,0,0,0,0,0,-1,0,0,0,0,0
1e7h,A,163,ALA,1.8,88.6,0.0,0,0,H,0.49056603773584906,-70.4,-40.5,7.0,15.0,0.3181818181818182,1.8365014387698793,21,30,12,18,0.032172923066428064,1,0,0,0,0,0,0,0,0,-1,0,0,0,0,0
1e7h,A,164,ALA,1.8,88.6,0.0,0,0,H,0.03773584905660377,-59.1,-38.4,19.0,12.0,0.6129032258064516,2.54872563892265,30,31,11,20,0.04662742473395372,1,0,0,0,0,0,0,0,0,-1,0,0,0,0,0
1e7h,A,165,PHE,2.8,189.9,0.0,0,0,H,0.04568527918781726,-75.1,-46.6,17.0,16.0,0.5151515151515151,3.244576108729744,34,31,18,13,0.04709369898129325,1,0,0,0,0,0,0,0,0,-1,0,0,0,0,0
1e7h,A,166,THR,-0.7,116.1,0.0,1,1,H,0.528169014084507,-53.7,-47.0,5.0,19.0,0.20833333333333334,2.0093870997468963,21,18,15,3,0.034970568550465285,1,0,0,0,0,0,0,0,0,-1,0,0,0,0,0
1e7h,A,167,GLU,-3.5,138.4,-1.0,1,3,H,0.6391752577319587,-70.9,-63.6,9.0,12.0,0.42857142857142855,1.7752258900779163,20,18,2,16,0.030774100324409453,1,0,0,0,0,0,0,0,0,-1,0,0,0,0,0
1e7h,A,168,CYS,2.5,108.5,0.0,1,0,H,0.0,-64.3,-37.8,20.0,8.0,0.7142857142857143,3.0538660396320805,27,18,17,1,0.04289723075523742,1,0,0,0,0,0,0,0,0,-1,0,0,0,0,0
1e7h,A,169,CYS,2.5,108.5,0.0,1,0,T,0.14814814814814814,-69.3,19.0,17.0,13.0,0.5666666666666667,2.500325567978615,30,20,23,-3,0.043829779249916496,0,0,0,0,0,1,0,0,0,-1,0,0,0,0,0
1e7h,A,170,GLN,-3.5,143.8,0.0,2,2,T,0.8535353535353535,-140.8,25.6,6.0,15.0,0.2857142857142857,1.848546475603709,16,15,11,4,0.027043906345693154,0,0,0,0,0,1,0,0,0,-1,0,0,0,0,0
1e7h,A,171,ALA,1.8,88.6,0.0,0,0,S,0.3490566037735849,-119.7,136.9,12.0,5.0,0.7058823529411765,1.8358590212226957,17,9,20,-11,0.025178809356335007,0,0,0,0,0,0,1,0,0,35,9,5,0,0,1
1e7h,A,172,ALA,1.8,88.6,0.0,0,0,T,1.0,-40.6,-47.3,0.0,13.0,0.0,1.7675550650757248,14,9,13,-4,0.016319598656883802,0,0,0,0,0,1,0,0,0,35,9,5,0,0,1
1e7h,A,173,ASP,-3.5,111.1,-1.0,1,3,T,0.6441717791411042,-111.8,74.4,2.0,13.0,0.13333333333333333,1.7091958565909502,16,9,4,5,0.022381163872297785,0,0,0,0,0,1,0,0,0,35,9,5,0,0,1
1e7h,A,174,LYS,-3.9,168.6,1.0,2,0,H,0.2731707317073171,-46.9,-64.3,12.0,13.0,0.48,2.281658255947546,24,0,24,-24,0.03963331102386066,1,0,0,0,0,0,0,0,0,35,9,5,0,0,1
1e7h,A,175,ALA,1.8,88.6,0.0,0,0,H,0.32075471698113206,-39.2,-48.9,5.0,20.0,0.2,1.8794687300262152,24,17,20,-3,0.03450429430312575,1,0,0,0,0,0,0,0,0,35,9,5,0,0,1
1e7h,A,176,ALA,1.8,88.6,0.0,0,0,H,0.6037735849056604,-62.8,-20.0,3.0,16.0,0.15789473684210525,1.7675618702180294,15,12,9,3,0.025178809356335007,1,0,0,0,0,0,0,0,0,35,9,5,0,0,1
1e7h,A,177,CYS,2.5,108.5,0.0,1,0,H,0.21481481481481482,-93.6,-68.1,15.0,9.0,0.625,1.8560130744894188,23,17,18,-1,0.0363693912924839,1,0,0,0,0,0,0,0,0,35,9,5,0,0,1
1e7h,A,178,LEU,3.8,166.7,0.0,0,0,H,0.0,-48.8,-66.7,19.0,13.0,0.59375,4.544578619159811,32,24,29,-5,0.04709369898129325,1,0,0,0,0,0,0,0,0,-1,0,0,0,0,0
1e7h,A,179,LEU,3.8,166.7,0.0,0,0,H,0.4329268292682927,-36.8,-53.1,8.0,17.0,0.32,2.2518422457880476,22,23,21,2,0.0363693912924839,1,0,0,0,0,0,0,0,0,-1,0,0,0,0,0
1e7h,A,180,PRO,-1.6,112.7,0.0,0,0,H,0.5514705882352942,-59.3,-26.7,5.0,13.0,0.2777777777777778,1.8575793362058435,19,17,18,-1,0.030307826077069916,1,0,0,0,0,0,0,0,0,-1,0,0,0,0,0
1e7h,A,181,LYS,-3.9,168.6,1.0,2,0,H,0.2097560975609756,-83.1,-40.4,17.0,10.0,0.6296296296296297,2.155624320229783,25,23,26,-3,0.035436842797804825,1,0,0,0,0,0,0,0,0,-1,0,0,0,0,0
1e7h,A,182,LEU,3.8,166.7,0.0,0,0,H,0.06097560975609756,-66.6,-21.2,13.0,16.0,0.4482758620689655,2.292635926238869,25,32,19,13,0.04243095650789788,1,0,0,0,0,0,0,0,0,-1,0,0,0,0,0
1e7h,A,183,ASP,-3.5,111.1,-1.0,1,3,H,0.4233128834355828,-83.1,-41.2,6.0,12.0,0.3333333333333333,1.932226559810235,17,27,18,9,0.034970568550465285,1,0,0,0,0,0,0,0,0,-1,0,0,0,0,0
1e7h,A,184,GLU,-3.5,138.4,-1.0,1,3,H,0.23711340206185566,-66.7,-50.1,8.0,11.0,0.42105263157894735,1.8517690200519759,21,39,25,14,0.032172923066428064,1,0,0,0,0,0,0,0,0,-1,0,0,0,0,0
1e7h,A,185,LEU,3.8,166.7,0.0,0,0,H,0.08536585365853659,-57.8,-44.5,15.0,10.0,0.6,2.4123531873055475,25,39,30,9,0.04243095650789788,1,0,0,0,0,0,0,0,0,-1,0,0,0,0,0
1e7h,A,186,ARG,-4.5,173.4,1.0,5,0,H,0.25806451612903225,-58.9,-46.8,7.0,15.0,0.3181818181818182,1.9648695557353142,21,24,30,-6,0.0363693912924839,1,0,0,0,0,0,0,0,0,11,36,28,0,11,1
1e7h,A,187,ASP,-3.5,111.1,-1.0,1,3,H,0.4294478527607362,-64.1,-36.1,8.0,10.0,0.4444444444444444,1.8713346452358635,24,31,22,9,0.02984155182973038,1,0,0,0,0,0,0,0,0,11,36,28,0,11,1
1e7h,A,188,GLU,-3.5,138.4,-1.0,1,3,H,0.4175257731958763,-70.2,-42.4,11.0,10.0,0.5238095238095238,1.7750291044834305,25,34,26,8,0.03403802005578621,1,0,0,0,0,0,0,0,0,11,36,28,0,11,1
1e7h,A,189,GLY,-0.4,60.1,0.0,0,0,H,0.2261904761904762,-63.8,-39.4,17.0,11.0,0.6071428571428571,1.8774412717242723,25,35,32,3,0.040565859518539735,1,0,0,0,0,0,0,0,0,11,36,28,0,11,1
1e7h,A,190,LYS,-3.9,168.6,1.0,2,0,H,0.6,-70.0,-34.4,8.0,16.0,0.3333333333333333,1.8707403867109516,22,20,22,-2,0.03403802005578621,1,0,0,0,0,0,0,0,0,11,36,28,0,11,1
1e7h,A,191,ALA,1.8,88.6,0.0,0,0,H,0.37735849056603776,-68.8,-52.8,10.0,14.0,0.4166666666666667,2.157948904604795,24,27,30,-3,0.03357174580844668,1,0,0,0,0,0,0,0,0,14,24,23,0,6,1
1e7h,A,192,SER,-0.8,89.0,0.0,1,1,H,0.08461538461538462,-50.5,-50.0,16.0,12.0,0.5714285714285714,1.814139348957899,28,37,28,9,0.03590311704514436,1,0,0,0,0,0,0,0,0,11,36,28,0,11,1
1e7h,A,193,SER,-0.8,89.0,0.0,1,1,H,0.2692307692307692,-59.2,-46.4,17.0,13.0,0.5666666666666667,2.0216099268631815,28,37,15,22,0.03776821403450251,1,0,0,0,0,0,0,0,0,11,36,28,0,11,1
1e7h,A,194,ALA,1.8,88.6,0.0,0,0,H,0.22641509433962265,-63.6,-34.8,16.0,12.0,0.5714285714285714,1.838286882680657,26,30,7,23,0.03730193978716297,1,0,0,0,0,0,0,0,0,11,36,28,0,11,1
1e7h,A,195,LYS,-3.9,168.6,1.0,2,0,H,0.32195121951219513,-63.8,-51.0,9.0,19.0,0.32142857142857145,2.1210804835832677,30,22,18,4,0.035436842797804825,1,0,0,0,0,0,0,0,0,14,24,23,0,6,1
1e7h,A,196,GLN,-3.5,143.8,0.0,2,2,H,0.2676767676767677,-56.7,-51.6,16.0,14.0,0.5333333333333333,1.7725956086181627,28,43,10,33,0.03403802005578621,1,0,0,0,0,0,0,0,0,3,171,23,0,39,1
1e7h,A,197,ARG,-4.5,173.4,1.0,5,0,H,0.2540322580645161,-59.9,-32.0,16.0,15.0,0.5161290322580645,1.7675899201657639,25,20,1,19,0.030774100324409453,1,0,0,0,0,0,0,0,0,3,171,23,0,39,1
1e7h,A,198,LEU,3.8,166.7,0.0,0,0,H,0.0975609756097561,-71.9,-23.7,18.0,15.0,0.5454545454545454,2.021048846639285,33,36,3,33,0.03450429430312575,1,0,0,0,0,0,0,0,0,-1,0,0,0,0,0
1e7h,A,199,LYS,-3.9,168.6,1.0,2,0,H,0.35121951219512193,-88.5,-32.2,15.0,17.0,0.46875,2.205855407877153,27,23,0,23,0.03776821403450251,1,0,0,0,0,0,0,0,0,15,24,22,0,6,1
1e7h,A,200,CYS,2.5,108.5,0.0,1,0,H,0.31851851851851853,-71.1,-24.2,14.0,14.0,0.5,1.9280879684747454,26,41,4,37,0.03683566553982344,1,0,0,0,0,0,0,0,0,3,171,23,0,39,1
1e7h,A,201,ALA,1.8,88.6,0.0,0,0,H,0.25471698113207547,-73.0,-55.6,11.0,15.0,0.4230769230769231,2.091691059473808,20,31,0,31,0.03170664881908853,1,0,0,0,0,0,0,0,0,-1,0,0,0,0,0
1e7h,A,202,SER,-0.8,89.0,0.0,1,1,H,0.2076923076923077,-51.7,-54.6,21.0,11.0,0.65625,2.1705571225528675,27,37,5,32,0.04149840801321881,1,0,0,0,0,0,0,0,0,6,105,22,0,28,1
1e7h,A,203,LEU,3.8,166.7,0.0,0,0,H,0.18292682926829268,-50.6,-52.8,16.0,14.0,0.5333333333333333,2.1605659978348277,27,42,10,32,0.04149840801321881,1,0,0,0,0,0,0,0,0,6,105,22,0,28,1
1e7h,A,204,GLN,-3.5,143.8,0.0,2,2,H,0.40404040404040403,-60.4,-53.5,7.0,12.0,0.3684210526315789,1.7756676885370914,17,18,6,12,0.025178809356335007,1,0,0,0,0,0,0,0,0,6,105,22,0,28,1
1e7h,A,205,LYS,-3.9,168.6,1.0,2,0,H,0.5658536585365853,-63.5,-64.3,10.0,8.0,0.5555555555555556,1.8932663166517318,21,10,6,4,0.022847438119637322,1,0,0,0,0,0,0,0,0,6,105,22,0,28,1
1e7h,A,206,PHE,2.8,189.9,0.0,0,0,H,0.3299492385786802,-90.3,17.6,14.0,7.0,0.6666666666666666,1.912438319702644,25,24,10,14,0.029375277582390842,1,0,0,0,0,0,0,0,0,6,105,22,0,28,1
1e7h,A,207,GLY,-0.4,60.1,0.0,0,0,H,0.38095238095238093,56.9,175.8,2.0,18.0,0.1,1.8062163282333092,18,26,9,17,0.028909003335051305,1,0,0,0,0,0,0,0,0,6,105,22,0,28,1
1e7h,A,208,GLU,-3.5,138.4,-1.0,1,3,H,0.5,-59.3,-42.1,6.0,18.0,0.25,1.9375742871579524,21,26,1,25,0.03170664881908853,1,0,0,0,0,0,0,0,0,32,3,18,0,0,1
1e7h,A,209,ARG,-4.5,173.4,1.0,5,0,H,0.5120967741935484,-53.1,-55.2,4.0,18.0,0.18181818181818182,1.8540580199457153,21,16,22,-6,0.027043906345693154,1,0,0,0,0,0,0,0,0,37,3,12,0,0,1
1e7h,A,210,ALA,1.8,88.6,0.0,0,0,H,0.42452830188679247,-63.1,-41.2,13.0,17.0,0.43333333333333335,1.7676825323630017,26,26,12,14,0.032639197313767604,1,0,0,0,0,0,0,0,0,6,105,22,0,28,1
1e7h,A,211,PHE,2.8,189.9,0.0,0,0,H,0.08121827411167512,-57.8,-50.1,18.0,17.0,0.5142857142857142,2.2384319257060374,35,41,10,31,0.04243095650789788,1,0,0,0,0,0,0,0,0,15,24,22,0,6,1
1e7h,A,212,LYS,-3.9,168.6,1.0,2,0,H,0.3121951219512195,-60.0,-43.4,15.0,22.0,0.40540540540540543,2.2885185847813734,30,16,20,-4,0.040099585271200194,1,0,0,0,0,0,0,0,0,32,3,18,0,0,1
1e7h,A,213,ALA,1.8,88.6,0.0,0,0,H,0.3113207547169811,-57.1,-47.0,22.0,21.0,0.5116279069767442,2.392257386570058,34,27,13,14,0.03963331102386066,1,0,0,0,0,0,0,0,0,-1,0,0,0,0,0
1e7h,A,214,TRP,-0.9,227.8,0.0,1,0,H,0.2907488986784141,-59.1,-49.7,14.0,24.0,0.3684210526315789,2.214244068084319,35,33,7,26,0.04196468226055834,1,0,0,0,0,0,0,0,0,15,24,22,0,6,1
1e7h,A,215,ALA,1.8,88.6,0.0,0,0,H,0.018867924528301886,-61.1,-37.4,19.0,18.0,0.5135135135135135,2.309568596846756,34,38,4,34,0.045228601991935104,1,0,0,0,0,0,0,0,0,13,24,24,0,8,1
1e7h,A,216,VAL,4.2,140.0,0.0,0,0,H,0.09154929577464789,-58.5,-56.0,24.0,23.0,0.5106382978723404,3.541523963225052,42,24,8,16,0.04616115048661418,1,0,0,0,0,0,0,0,0,-1,0,0,0,0,0
1e7h,A,217,ALA,1.8,88.6,0.0,0,0,H,0.0,-55.7,-43.3,22.0,22.0,0.5,5.0658987279442815,42,37,7,30,0.05502036118606539,1,0,0,0,0,0,0,0,0,-1,0,0,0,0,0
1e7h,A,218,ARG,-4.5,173.4,1.0,5,0,H,0.18548387096774194,-67.8,-45.3,15.0,28.0,0.3488372093023256,2.279883650017004,32,18,12,6,0.045228601991935104,1,0,0,0,0,0,0,0,0,13,24,24,0,8,1
1e7h,A,219,LEU,3.8,166.7,0.0,0,0,H,0.13414634146341464,-66.1,-35.0,23.0,22.0,0.5111111111111111,2.663372758016289,39,32,9,23,0.043829779249916496,1,0,0,0,0,0,0,0,0,-1,0,0,0,0,0
1e7h,A,220,SER,-0.8,89.0,0.0,1,1,H,0.0,-70.3,-39.6,24.0,21.0,0.5333333333333333,5.481572828237911,40,45,21,24,0.05502036118606539,1,0,0,0,0,0,0,0,0,-1,0,0,0,0,0
1e7h,A,221,GLN,-3.5,143.8,0.0,2,2,H,0.025252525252525252,-60.5,-39.9,15.0,23.0,0.39473684210526316,2.277914196619791,35,44,19,25,0.050823892960009553,1,0,0,0,0,0,0,0,0,-1,0,0,0,0,0
1e7h,A,222,ARG,-4.5,173.4,1.0,5,0,H,0.21774193548387097,-79.1,-39.5,16.0,20.0,0.4444444444444444,2.5257190292625644,33,19,24,-5,0.04616115048661418,1,0,0,0,0,0,0,0,0,7,142,15,0,23,1
1e7h,A,223,PHE,2.8,189.9,0.0,0,0,-,0.030456852791878174,-116.0,63.0,21.0,22.0,0.4883720930232558,3.817587325360791,38,41,31,10,0.04989134446533048,0,0,0,0,0,0,0,0,0,-1,0,0,0,0,0
1e7h,A,224,PRO,-1.6,112.7,0.0,0,0,T,0.014705882352941176,-59.2,-35.7,18.0,19.0,0.4864864864864865,2.8317433780988366,35,43,28,15,0.05129016720734909,0,0,0,0,0,1,0,0,0,-1,0,0,0,0,0
1e7h,A,225,LYS,-3.9,168.6,1.0,2,0,T,0.4975609756097561,-68.3,-23.9,13.0,19.0,0.40625,2.038517911399607,26,18,29,-11,0.040099585271200194,0,0,0,0,0,1,0,0,0,-1,0,0,0,0,0
1e7h,A,226,ALA,1.8,88.6,0.0,0,0,S,0.009433962264150943,-58.8,169.0,24.0,9.0,0.7272727272727273,2.1387673923360504,30,25,32,-7,0.04476232774459557,0,0,0,0,0,0,1,0,0,-1,0,0,0,0,0
1e7h,A,227,GLU,-3.5,138.4,-1.0,1,3,-,0.27835051546391754,-116.6,149.1,3.0,24.0,0.1111111111111111,2.1562951311996166,24,18,16,2,0.032172923066428064,0,0,0,0,0,0,0,0,0,-1,0,0,0,0,0
1e7h,A,228,PHE,2.8,189.9,0.0,0,0,H,0.19289340101522842,-41.2,-41.2,11.0,20.0,0.3548387096774194,2.2515076630635558,28,12,23,-11,0.03590311704514436,1,0,0,0,0,0,0,0,0,-1,0,0,0,0,0
1e7h,A,229,ALA,1.8,88.6,0.0,0,0,H,0.7452830188679245,-61.4,-36.7,1.0,18.0,0.05263157894736842,1.767677679300974,17,10,14,-4,0.025645083603674543,1,0,0,0,0,0,0,0,0,-1,0,0,0,0,0
1e7h,A,230,GLU,-3.5,138.4,-1.0,1,3,H,0.18041237113402062,-74.2,-45.5,15.0,13.0,0.5357142857142857,2.147666472637036,24,11,11,0,0.03590311704514436,1,0,0,0,0,0,0,0,0,17,20,14,0,3,1
1e7h,A,231,VAL,4.2,140.0,0.0,0,0,H,0.0,-55.6,-55.7,24.0,14.0,0.631578947368421,4.371092826290014,36,23,17,6,0.04989134446533048,1,0,0,0,0,0,0,0,0,-1,0,0,0,0,0
1e7h,A,232,SER,-0.8,89.0,0.0,1,1,H,0.26153846153846155,-55.8,-37.9,8.0,23.0,0.25806451612903225,1.9816100010599504,25,17,22,-5,0.03590311704514436,1,0,0,0,0,0,0,0,0,-1,0,0,0,0,0
1e7h,A,233,LYS,-3.9,168.6,1.0,2,0,H,0.3463414634146341,-54.8,-60.8,10.0,14.0,0.4166666666666667,2.0059032149427205,19,1,19,-18,0.0363693912924839,1,0,0,0,0,0,0,0,0,17,20,14,0,3,1
1e7h,A,234,LEU,3.8,166.7,0.0,0,0,H,0.024390243902439025,-59.0,-39.4,19.0,14.0,0.5757575757575758,2.5769107548979107,31,12,21,-9,0.04429605349725603,1,0,0,0,0,0,0,0,0,17,20,14,0,3,1
1e7h,A,235,VAL,4.2,140.0,0.0,0,0,H,0.035211267605633804,-61.3,-31.6,21.0,11.0,0.65625,2.7730976256488726,30,33,21,12,0.04662742473395372,1,0,0,0,0,0,0,0,0,32,3,18,0,0,1
1e7h,A,236,THR,-0.7,116.1,0.0,1,1,H,0.528169014084507,-73.5,-52.3,6.0,19.0,0.24,1.9369905360095252,22,26,17,9,0.034970568550465285,1,0,0,0,0,0,0,0,0,32,3,18,0,0,1
1e7h,A,237,ASP,-3.5,111.1,-1.0,1,3,H,0.3006134969325153,-62.9,-37.9,13.0,13.0,0.5,1.8104382389783278,26,29,19,10,0.035436842797804825,1,0,0,0,0,0,0,0,0,17,20,14,0,3,1
1e7h,A,238,LEU,3.8,166.7,0.0,0,0,H,0.24390243902439024,-62.5,-43.2,19.0,17.0,0.5277777777777778,2.777039726380249,32,45,19,26,0.03963331102386066,1,0,0,0,0,0,0,0,0,15,24,22,0,6,1
1e7h,A,239,THR,-0.7,116.1,0.0,1,1,H,0.0,-65.6,-31.6,18.0,17.0,0.5142857142857142,2.4773240628700486,30,32,23,9,0.04662742473395372,1,0,0,0,0,0,0,0,0,32,3,18,0,0,1
1e7h,A,240,LYS,-3.9,168.6,1.0,2,0,H,0.33170731707317075,-70.0,-46.3,10.0,17.0,0.37037037037037035,1.9063315530272849,24,21,32,-11,0.034970568550465285,1,0,0,0,0,0,0,0,0,-1,0,0,0,0,0
1e7h,A,241,VAL,4.2,140.0,0.0,0,0,H,0.07042253521126761,-55.0,-60.6,14.0,17.0,0.45161290322580644,2.546093679712846,32,30,40,-10,0.043363505002576956,1,0,0,0,0,0,0,0,0,-1,0,0,0,0,0
1e7h,A,242,HIS,-3.2,153.2,0.1,2,1,H,0.19021739130434784,-51.7,-44.6,20.0,17.0,0.5405405405405406,1.9942247853417776,33,31,18,13,0.04289723075523742,1,0,0,0,0,0,0,0,0,15,24,22,0,6,1
1e7h,A,243,THR,-0.7,116.1,0.0,1,1,H,0.47183098591549294,-52.9,-54.3,10.0,19.0,0.3448275862068966,2.0388164587195408,24,29,26,3,0.0363693912924839,1,0,0,0,0,0,0,0,0,-1,0,0,0,0,0
1e7h,A,244,GLU,-3.5,138.4,-1.0,1,3,H,0.13402061855670103,-63.4,-42.3,13.0,12.0,0.52,2.2127331574419533,27,33,32,1,0.040565859518539735,1,0,0,0,0,0,0,0,0,-1,0,0,0,0,0
1e7h,A,245,CYS,2.5,108.5,0.0,1,0,H,0.2740740740740741,-69.3,-37.3,18.0,12.0,0.6,2.0291146520644836,32,40,33,7,0.04429605349725603,1,0,0,0,0,0,0,0,0,3,171,23,0,39,1
1e7h,A,246,CYS,2.5,108.5,0.0,1,0,H,0.22962962962962963,-62.8,-39.4,15.0,15.0,0.5,1.8080549475915895,30,36,12,24,0.03590311704514436,1,0,0,0,0,0,0,0,0,3,171,23,0,39,1
1e7h,A,247,HIS,-3.2,153.2,0.1,2,1,T,0.5108695652173914,-51.9,-25.6,14.0,16.0,0.4666666666666667,1.7749272935906433,24,10,29,-19,0.030774100324409453,0,0,0,0,0,1,0,0,0,24,18,12,0,2,1
1e7h,A,248,GLY,-0.4,60.1,0.0,0,0,T,0.08333333333333333,96.5,0.7,17.0,18.0,0.4857142857142857,1.9017464320370427,30,25,27,-2,0.040565859518539735,0,0,0,0,0,1,0,0,0,3,171,23,0,39,1
1e7h,A,249,ASP,-3.5,111.1,-1.0,1,3,-,0.07975460122699386,-82.3,99.4,15.0,18.0,0.45454545454545453,1.8939714888557888,29,24,35,-11,0.04476232774459557,0,0,0,0,0,0,0,0,0,39,2,11,0,0,1
1e7h,A,250,LEU,3.8,166.7,0.0,0,0,H,0.17682926829268292,-55.5,-47.9,19.0,20.0,0.48717948717948717,2.074091708141126,33,20,32,-12,0.040565859518539735,1,0,0,0,0,0,0,0,0,-1,0,0,0,0,0
1e7h,A,251,LEU,3.8,166.7,0.0,0,0,H,0.25,-59.3,-55.5,14.0,19.0,0.42424242424242425,1.8221181466369094,29,18,36,-18,0.03450429430312575,1,0,0,0,0,0,0,0,0,39,2,11,0,0,1
1e7h,A,252,GLU,-3.5,138.4,-1.0,1,3,H,0.4175257731958763,-56.1,-50.7,12.0,13.0,0.48,2.09805472705888,26,25,34,-9,0.03403802005578621,1,0,0,0,0,0,0,0,0,-1,0,0,0,0,0
1e7h,A,253,CYS,2.5,108.5,0.0,1,0,H,0.022222222222222223,-55.8,-39.7,14.0,15.0,0.4827586206896552,3.1261726378791828,29,33,45,-12,0.048958795970651406,1,0,0,0,0,0,0,0,0,53,0,17,0,0,1
1e7h,A,254,ALA,1.8,88.6,0.0,0,0,H,0.25471698113207547,-65.4,-51.2,14.0,18.0,0.4375,2.1100112685876455,26,20,45,-25,0.03870076252918159,1,0,0,0,0,0,0,0,0,-1,0,0,0,0,0
1e7h,A,255,ASP,-3.5,111.1,-1.0,1,3,H,0.38650306748466257,-54.8,-52.5,6.0,18.0,0.25,1.804917528971477,23,21,34,-13,0.03310547156110714,1,0,0,0,0,0,0,0,0,-1,0,0,0,0,0
1e7h,A,256,ASP,-3.5,111.1,-1.0,1,3,H,0.22085889570552147,-55.6,-39.7,14.0,10.0,0.5833333333333334,1.7813158416928578,26,23,44,-21,0.03916703677652112,1,0,0,0,0,0,0,0,0,-1,0,0,0,0,0
1e7h,A,257,ARG,-4.5,173.4,1.0,5,0,H,0.2056451612903226,-70.5,-41.2,21.0,15.0,0.5833333333333334,2.039544632430411,35,27,40,-13,0.040099585271200194,1,0,0,0,0,0,0,0,0,53,0,17,0,0,1
1e7h,A,258,ALA,1.8,88.6,0.0,0,0,H,0.19811320754716982,-59.0,-45.6,12.0,19.0,0.3870967741935484,1.7675230326903066,28,31,30,1,0.03870076252918159,1,0,0,0,0,0,0,0,0,-1,0,0,0,0,0
1e7h,A,259,ASP,-3.5,111.1,-1.0,1,3,H,0.6993865030674846,-60.9,-51.6,10.0,13.0,0.43478260869565216,1.703803914404136,22,19,28,-9,0.029375277582390842,1,0,0,0,0,0,0,0,0,-1,0,0,0,0,0
1e7h,A,260,LEU,3.8,166.7,0.0,0,0,H,0.1524390243902439,-58.1,-36.0,19.0,13.0,0.59375,1.9459450547247203,33,38,31,7,0.03916703677652112,1,0,0,0,0,0,0,0,0,-1,0,0,0,0,0
1e7h,A,261,ALA,1.8,88.6,0.0,0,0,H,0.02830188679245283,-66.6,-48.5,19.0,14.0,0.5757575757575758,2.4196432730362054,33,30,31,-1,0.040099585271200194,1,0,0,0,0,0,0,0,0,-1,0,0,0,0,0
1e7h,A,262,LYS,-3.9,168.6,1.0,2,0,H,0.16585365853658537,-55.5,-47.5,6.0,19.0,0.24,2.0768219378962316,25,16,22,-6,0.032172923066428064,1,0,0,0,0,0,0,0,0,-1,0,0,0,0,0
1e7h,A,263,TYR,-1.3,193.6,0.0,1,1,H,0.21621621621621623,-52.3,-66.5,10.0,14.0,0.4166666666666667,2.351230672552307,26,15,34,-19,0.03590311704514436,1,0,0,0,0,0,0,0,0,17,20,14,0,3,1
1e7h,A,264,ILE,4.5,166.7,0.0,0,0,H,0.08284023668639054,-47.5,-40.3,27.0,10.0,0.7297297297297297,3.6431897585371105,32,22,27,-5,0.04616115048661418,1,0,0,0,0,0,0,0,0,-1,0,0,0,0,0
1e7h,A,265,CYS,2.5,108.5,0.0,1,0,H,0.13333333333333333,-69.5,-39.0,16.0,12.0,0.5714285714285714,2.3408905862142193,27,21,25,-4,0.043363505002576956,1,0,0,0,0,0,0,0,0,-1,0,0,0,0,0
1e7h,A,266,GLU,-3.5,138.4,-1.0,1,3,H,0.7628865979381443,-67.6,-52.1,5.0,13.0,0.2777777777777778,1.7308159086634318,19,9,10,-1,0.028909003335051305,1,0,0,0,0,0,0,0,0,-1,0,0,0,0,0
1e7h,A,267,ASN,-3.5,114.1,0.0,2,2,T,0.3248407643312102,-86.1,27.4,10.0,10.0,0.5,1.9457905162810474,19,10,26,-16,0.03590311704514436,0,0,0,0,0,1,0,0,0,38,24,1,0,0,1
1e7h,A,268,GLN,-3.5,143.8,0.0,2,2,G,0.21212121212121213,-48.8,-51.0,13.0,13.0,0.5,2.0468934361814477,23,13,24,-11,0.03916703677652112,0,0,0,1,0,0,0,0,0,38,24,1,0,0,1
1e7h,A,269,ASP,-3.5,111.1,-1.0,1,3,G,1.0,-57.8,-22.5,1.0,19.0,0.05,1.6721990342413813,18,13,8,5,0.025645083603674543,0,0,0,1,0,0,0,0,0,38,24,1,0,0,1
1e7h,A,270,SER,-0.8,89.0,0.0,1,1,G,0.46153846153846156,-93.3,-2.0,10.0,12.0,0.45454545454545453,1.7686447677286816,22,9,29,-20,0.02844272908771177,0,0,0,1,0,0,0,0,0,38,24,1,0,0,1
1e7h,A,271,ILE,4.5,166.7,0.0,0,0,T,0.005917159763313609,-119.5,-52.2,18.0,17.0,0.5142857142857142,3.117408753982056,35,21,33,-12,0.043363505002576956,0,0,0,0,0,1,0,0,0,38,24,1,0,0,1
1e7h,A,272,SER,-0.8,89.0,0.0,1,1,-,0.03076923076923077,-165.5,148.8,22.0,12.0,0.6470588235294118,2.4161412747530413,33,30,32,-2,0.048958795970651406,0,0,0,0,0,0,0,0,0,38,24,1,0,0,1
1e7h,A,273,SER,-0.8,89.0,0.0,1,1,S,0.5307692307692308,-81.2,-36.6,6.0,21.0,0.2222222222222222,1.7395842840331757,22,24,36,-12,0.03403802005578621,0,0,0,0,0,0,1,0,0,30,39,2,0,0,1
1e7h,A,274,LYS,-3.9,168.6,1.0,2,0,T,0.36097560975609755,-77.4,43.7,14.0,13.0,0.5185185185185185,1.9339858390853475,21,16,36,-20,0.03403802005578621,0,0,0,0,0,1,0,0,0,56,0,1,0,0,1
1e7h,A,275,LEU,3.8,166.7,0.0,0,0,T,0.0,-128.9,10.3,19.0,12.0,0.6129032258064516,3.5045127336412776,30,23,38,-15,0.043829779249916496,0,0,0,0,0,1,0,0,0,30,39,2,0,0,1
1e7h,A,276,LYS,-3.9,168.6,1.0,2,0,H,0.23414634146341465,-68.4,-59.9,2.0,20.0,0.09090909090909091,1.8785987842387855,18,19,19,0,0.02844272908771177,1,0,0,0,0,0,0,0,0,30,39,2,0,0,1
1e7h,A,277,GLU,-3.5,138.4,-1.0,1,3,H,0.5773195876288659,-39.3,-57.9,7.0,14.0,0.3333333333333333,1.761403229221726,17,25,7,18,0.02611135785101408,1,0,0,0,0,0,0,0,0,30,39,2,0,0,1
1e7h,A,278,CYS,2.5,108.5,0.0,1,0,H,0.05185185185185185,-56.9,-37.8,19.0,9.0,0.6785714285714286,3.1494800517345793,27,37,28,9,0.043829779249916496,1,0,0,0,0,0,0,0,0,30,39,2,0,0,1
1e7h,A,279,CYS,2.5,108.5,0.0,1,0,H,0.1925925925925926,-75.8,-17.8,14.0,17.0,0.45161290322580644,2.309306830934822,27,30,26,4,0.040099585271200194,1,0,0,0,0,0,0,0,0,30,39,2,0,0,1
1e7h,A,280,GLU,-3.5,138.4,-1.0,1,3,H,0.4587628865979381,-90.7,-16.0,3.0,16.0,0.15789473684210525,1.76761983054612,14,23,17,6,0.025178809356335007,1,0,0,0,0,0,0,0,0,-1,0,0,0,0,0
1e7h,A,281,LYS,-3.9,168.6,1.0,2,0,S,0.44390243902439025,-70.2,159.7,12.0,6.0,0.6666666666666666,1.9484753322456025,16,22,22,0,0.030307826077069916,0,0,0,0,0,0,1,0,0,-1,0,0,0,0,0
1e7h,A,282,PRO,-1.6,112.7,0.0,0,0,-,0.5955882352941176,-67.3,162.8,6.0,15.0,0.2857142857142857,2.1441373285178282,19,22,22,0,0.027043906345693154,0,0,0,0,0,0,0,0,0,-1,0,0,0,0,0
1e7h,A,283,LEU,3.8,166.7,0.0,0,0,H,0.2926829268292683,-37.8,-59.8,11.0,18.0,0.3793103448275862,1.8590524626041767,27,45,25,20,0.030774100324409453,1,0,0,0,0,0,0,0,0,-1,0,0,0,0,0
1e7h,A,284,LEU,3.8,166.7,0.0,0,0,H,0.21951219512195122,-53.5,-40.3,16.0,19.0,0.45714285714285713,1.8220856949461082,28,41,21,20,0.0363693912924839,1,0,0,0,0,0,0,0,0,52,0,17,0,0,1
1e7h,A,285,GLU,-3.5,138.4,-1.0,1,3,H,0.31958762886597936,-94.7,-3.6,12.0,19.0,0.3870967741935484,1.963135700347243,24,36,10,26,0.03823448828184205,1,0,0,0,0,0,0,0,0,-1,0,0,0,0,0
1e7h,A,286,LYS,-3.9,168.6,1.0,2,0,H,0.22439024390243903,-55.9,-64.6,15.0,16.0,0.4838709677419355,2.628185559584052,27,32,24,8,0.04709369898129325,1,0,0,0,0,0,0,0,0,-1,0,0,0,0,0
1e7h,A,287,SER,-0.8,89.0,0.0,1,1,H,0.16153846153846155,-60.8,-37.7,17.0,18.0,0.4857142857142857,1.8429552772071967,34,41,26,15,0.04289723075523742,1,0,0,0,0,0,0,0,0,53,0,17,0,0,1
1e7h,A,288,HIS,-3.2,153.2,0.1,2,1,H,0.14130434782608695,-62.5,-45.0,15.0,14.0,0.5172413793103449,2.0044878370085493,25,21,27,-6,0.03963331102386066,1,0,0,0,0,0,0,0,0,53,0,17,0,0,1
1e7h,A,289,CYS,2.5,108.5,0.0,1,0,H,0.17037037037037037,-58.6,-57.0,17.0,11.0,0.6071428571428571,1.962278885821681,28,39,33,6,0.03823448828184205,1,0,0,0,0,0,0,0,0,7,142,15,0,23,1
1e7h,A,290,ILE,4.5,166.7,0.0,0,0,H,0.07100591715976332,-53.8,-40.0,23.0,13.0,0.6388888888888888,2.2854080813410067,34,50,25,25,0.03963331102386066,1,0,0,0,0,0,0,0,0,7,142,15,0,23,1
1e7h,A,291,ALA,1.8,88.6,0.0,0,0,H,0.4811320754716981,-61.2,-27.2,9.0,15.0,0.375,1.7676017857092219,25,40,19,21,0.032172923066428064,1,0,0,0,0,0,0,0,0,7,142,15,0,23,1
1e7h,A,292,GLU,-3.5,138.4,-1.0,1,3,H,0.7577319587628866,-100.0,-1.2,8.0,11.0,0.42105263157894735,1.7731945188087055,22,24,15,9,0.027043906345693154,1,0,0,0,0,0,0,0,0,7,142,15,0,23,1
1e7h,A,293,VAL,4.2,140.0,0.0,0,0,P,0.1056338028169014,-46.6,152.9,22.0,3.0,0.88,2.0034214946523043,26,32,34,-2,0.0363693912924839,0,0,0,0,0,0,0,0,0,7,142,15,0,23,1
1e7h,A,294,GLU,-3.5,138.4,-1.0,1,3,P,0.6288659793814433,-90.6,154.0,7.0,18.0,0.28,1.9575726198943508,20,24,24,0,0.030774100324409453,0,0,0,0,0,0,0,0,0,34,3,12,0,0,1
1e7h,A,295,ASN,-3.5,114.1,0.0,2,2,P,0.3184713375796178,-57.1,132.7,15.0,16.0,0.4838709677419355,1.8381094268352782,29,45,30,15,0.040565859518539735,0,0,0,0,0,0,0,0,0,-1,0,0,0,0,0
1e7h,A,296,ASP,-3.5,111.1,-1.0,1,3,P,0.05521472392638037,-76.9,163.9,21.0,7.0,0.75,2.277157588432966,23,29,19,10,0.045694876239274644,0,0,0,0,0,0,0,0,0,56,0,1,0,0,1
1e7h,A,297,GLU,-3.5,138.4,-1.0,1,3,P,0.7525773195876289,-76.5,138.9,4.0,19.0,0.17391304347826086,1.8279768208978244,18,18,16,2,0.03170664881908853,0,0,0,0,0,0,0,0,0,56,0,1,0,0,1
1e7h,A,298,MET,1.9,162.9,0.0,0,0,P,0.44680851063829785,-80.1,140.0,14.0,13.0,0.5185185185185185,1.8951739959529352,22,41,23,18,0.03683566553982344,0,0,0,0,0,0,0,0,0,56,0,1,0,0,1
1e7h,A,299,PRO,-1.6,112.7,0.0,0,0,P,0.2647058823529412,-46.9,138.3,11.0,8.0,0.5789473684210527,2.1125819951153364,17,31,24,7,0.026577632098353617,0,0,0,0,0,0,0,0,0,29,24,6,0,1,1
1e7h,A,300,ALA,1.8,88.6,0.0,0,0,S,1.0,-87.5,-6.1,0.0,12.0,0.0,1.7675437566720358,10,13,12,1,0.016319598656883802,0,0,0,0,0,0,1,0,0,4,483,5,0,31,1
1e7h,A,301,ASP,-3.5,111.1,-1.0,1,3,-,0.5521472392638037,-113.4,85.2,0.0,10.0,0.0,1.7675958388656412,11,11,1,10,0.015853324409544265,0,0,0,0,0,0,0,0,0,4,483,5,0,31,1
1e7h,A,302,LEU,3.8,166.7,0.0,0,0,-,0.2682926829268293,-136.4,128.8,11.0,5.0,0.6875,1.8782412880296888,16,26,15,11,0.023779986614316396,0,0,0,0,0,0,0,0,0,29,24,6,0,1,1
1e7h,A,303,PRO,-1.6,112.7,0.0,0,0,-,0.6838235294117647,-49.4,179.3,6.0,8.0,0.42857142857142855,1.8339914147126206,15,14,20,-6,0.022847438119637322,0,0,0,0,0,0,0,0,0,4,483,5,0,31,1
1e7h,A,304,SER,-0.8,89.0,0.0,1,1,-,0.5692307692307692,-107.4,121.6,6.0,11.0,0.35294117647058826,1.7396053375652614,16,7,25,-18,0.02471253510899547,0,0,0,0,0,0,0,0,0,4,483,5,0,31,1
1e7h,A,305,LEU,3.8,166.7,0.0,0,0,H,0.08536585365853659,-40.6,-33.7,12.0,11.0,0.5217391304347826,2.1091304306299055,25,18,24,-6,0.040565859518539735,1,0,0,0,0,0,0,0,0,21,24,8,0,2,1
1e7h,A,306,ALA,1.8,88.6,0.0,0,0,I,0.14150943396226415,-56.1,-24.8,6.0,16.0,0.2727272727272727,2.3781972922244847,22,9,19,-10,0.032639197313767604,0,0,0,0,1,0,0,0,0,21,24,8,0,2,1
1e7h,A,307,ALA,1.8,88.6,0.0,0,0,I,0.39622641509433965,-77.7,-52.9,4.0,14.0,0.2222222222222222,1.7675067056831637,18,11,18,-7,0.030774100324409453,0,0,0,0,1,0,0,0,0,-1,0,0,0,0,0
1e7h,A,308,ASP,-3.5,111.1,-1.0,1,3,I,0.6932515337423313,-83.4,-9.0,11.0,12.0,0.4782608695652174,1.772238868466861,21,8,19,-11,0.03357174580844668,0,0,0,0,1,0,0,0,0,-1,0,0,0,0,0
1e7h,A,309,PHE,2.8,189.9,0.0,0,0,I,0.05583756345177665,-128.0,-22.5,18.0,16.0,0.5294117647058824,3.0790634276407123,32,7,25,-18,0.04662742473395372,0,0,0,0,1,0,0,0,0,-1,0,0,0,0,0
1e7h,A,310,VAL,4.2,140.0,0.0,0,0,I,0.09154929577464789,-121.3,-63.2,10.0,17.0,0.37037037037037035,2.3416013453940794,28,20,24,-4,0.048026247475972325,0,0,0,0,1,0,0,0,0,42,1,9,0,0,1
1e7h,A,311,GLU,-3.5,138.4,-1.0,1,3,I,0.7422680412371134,-60.6,-25.9,5.0,16.0,0.23809523809523808,1.7634043778898514,17,16,10,6,0.03310547156110714,0,0,0,0,1,0,0,0,0,-1,0,0,0,0,0
1e7h,A,312,SER,-0.8,89.0,0.0,1,1,-,0.3384615384615385,-68.2,172.8,11.0,8.0,0.5789473684210527,1.9839269692427857,22,17,24,-7,0.03310547156110714,0,0,0,0,0,0,0,0,0,-1,0,0,0,0,0
1e7h,A,313,LYS,-3.9,168.6,1.0,2,0,S,0.2926829268292683,-123.4,173.4,1.0,20.0,0.047619047619047616,1.8183362798279017,21,14,22,-8,0.026577632098353617,0,0,0,0,0,0,1,0,0,-1,0,0,0,0,0
1e7h,A,314,ASP,-3.5,111.1,-1.0,1,3,S,0.3987730061349693,64.8,19.6,3.0,16.0,0.15789473684210525,1.7975818964990324,21,18,16,2,0.021914889624958248,0,0,0,0,0,0,1,0,0,8,282,5,0,15,1
1e7h,A,315,VAL,4.2,140.0,0.0,0,0,H,0.014084507042253521,-77.2,-49.3,23.0,10.0,0.696969696969697,2.3943576021146886,26,20,21,-1,0.04289723075523742,1,0,0,0,0,0,0,0,0,8,282,5,0,15,1
1e7h,A,316,CYS,2.5,108.5,0.0,1,0,H,0.1925925925925926,-62.1,-30.7,15.0,18.0,0.45454545454545453,1.868022418788765,28,25,20,5,0.03870076252918159,1,0,0,0,0,0,0,0,0,8,282,5,0,15,1
1e7h,A,317,LYS,-3.9,168.6,1.0,2,0,H,0.28780487804878047,-68.4,-46.5,4.0,15.0,0.21052631578947367,1.8165141237317424,17,10,15,-5,0.027043906345693154,1,0,0,0,0,0,0,0,0,8,282,5,0,15,1
1e7h,A,318,ASN,-3.5,114.1,0.0,2,2,H,0.5031847133757962,-68.6,-29.8,11.0,10.0,0.5238095238095238,1.8303623289263362,21,15,20,-5,0.032639197313767604,1,0,0,0,0,0,0,0,0,8,282,5,0,15,1
1e7h,A,319,TYR,-1.3,193.6,0.0,1,1,H,0.018018018018018018,-72.9,-58.1,16.0,11.0,0.5925925925925926,2.8038237204095284,29,16,35,-19,0.04429605349725603,1,0,0,0,0,0,0,0,0,8,282,5,0,15,1
1e7h,A,320,ALA,1.8,88.6,0.0,0,0,H,0.6792452830188679,-58.1,-27.3,8.0,11.0,0.42105263157894735,1.932059901250279,16,14,20,-6,0.030774100324409453,1,0,0,0,0,0,0,0,0,8,282,5,0,15,1
1e7h,A,321,GLU,-3.5,138.4,-1.0,1,3,H,0.8144329896907216,-64.5,-35.0,8.0,5.0,0.6153846153846154,1.7084400892871325,13,13,3,10,0.023779986614316396,1,0,0,0,0,0,0,0,0,8,282,5,0,15,1
1e7h,A,322,ALA,1.8,88.6,0.0,0,0,S,0.4056603773584906,-168.0,77.5,4.0,10.0,0.2857142857142857,1.9382929759788108,18,15,18,-3,0.030774100324409453,0,0,0,0,0,0,1,0,0,-1,0,0,0,0,0
1e7h,A,323,LYS,-3.9,168.6,1.0,2,0,H,0.424390243902439,-42.4,-62.9,7.0,15.0,0.3181818181818182,2.2141274300003033,20,9,31,-22,0.035436842797804825,1,0,0,0,0,0,0,0,0,-1,0,0,0,0,0
1e7h,A,324,ASP,-3.5,111.1,-1.0,1,3,H,0.5337423312883436,-57.6,-44.4,6.0,18.0,0.25,1.6721263785998988,23,28,11,17,0.02844272908771177,1,0,0,0,0,0,0,0,0,37,3,12,0,0,1
1e7h,A,325,VAL,4.2,140.0,0.0,0,0,H,0.5070422535211268,-62.7,-40.9,8.0,17.0,0.32,2.0800318494867125,20,9,16,-7,0.030307826077069916,1,0,0,0,0,0,0,0,0,-1,0,0,0,0,0
1e7h,A,326,PHE,2.8,189.9,0.0,0,0,H,0.08629441624365482,-63.5,-48.7,14.0,13.0,0.5185185185185185,2.4880052624172397,28,13,29,-16,0.043829779249916496,1,0,0,0,0,0,0,0,0,8,282,5,0,15,1
1e7h,A,327,LEU,3.8,166.7,0.0,0,0,H,0.07317073170731707,-62.8,-37.3,19.0,20.0,0.48717948717948717,2.2878836824472613,32,20,22,-2,0.05035761871267001,1,0,0,0,0,0,0,0,0,37,3,12,0,0,1
1e7h,A,328,GLY,-0.4,60.1,0.0,0,0,H,0.15476190476190477,-63.4,-31.7,18.0,21.0,0.46153846153846156,2.4205063192055425,33,14,17,-3,0.043829779249916496,1,0,0,0,0,0,0,0,0,-1,0,0,0,0,0
1e7h,A,329,MET,1.9,162.9,0.0,0,0,H,0.35106382978723405,-69.4,-36.0,11.0,21.0,0.34375,2.639048543203067,28,10,23,-13,0.045228601991935104,1,0,0,0,0,0,0,0,0,-1,0,0,0,0,0
1e7h,A,330,PHE,2.8,189.9,0.0,0,0,H,0.0,-65.7,-45.5,21.0,17.0,0.5526315789473685,4.855731404301834,40,17,20,-3,0.05129016720734909,1,0,0,0,0,0,0,0,0,-1,0,0,0,0,0
1e7h,A,331,LEU,3.8,166.7,0.0,0,0,H,0.042682926829268296,-59.3,-57.3,26.0,18.0,0.5909090909090909,3.310295366088252,42,24,11,13,0.050823892960009553,1,0,0,0,0,0,0,0,0,-1,0,0,0,0,0
1e7h,A,332,TYR,-1.3,193.6,0.0,1,1,H,0.05855855855855856,-52.8,-40.0,18.0,25.0,0.4186046511627907,3.637481905326046,37,30,19,11,0.0526889899493677,1,0,0,0,0,0,0,0,0,-1,0,0,0,0,0
1e7h,A,333,GLU,-3.5,138.4,-1.0,1,3,H,0.18041237113402062,-69.1,-54.0,16.0,24.0,0.4,2.885108799846976,32,28,11,17,0.048492521723311866,1,0,0,0,0,0,0,0,0,4,483,5,0,31,1
1e7h,A,334,TYR,-1.3,193.6,0.0,1,1,H,0.0990990990990991,-65.1,-34.6,21.0,19.0,0.525,3.219173025096719,36,31,11,20,0.04989134446533048,1,0,0,0,0,0,0,0,0,21,24,8,0,2,1
1e7h,A,335,ALA,1.8,88.6,0.0,0,0,H,0.0,-68.2,-46.4,31.0,11.0,0.7380952380952381,5.638775271403384,39,45,16,29,0.056419183928083996,1,0,0,0,0,0,0,0,0,-1,0,0,0,0,0
1e7h,A,336,ARG,-4.5,173.4,1.0,5,0,H,0.11290322580645161,-68.2,-13.6,22.0,15.0,0.5945945945945946,3.2569988042009173,37,31,23,8,0.05455408693872585,1,0,0,0,0,0,0,0,0,29,24,6,0,1,1
1e7h,A,337,ARG,-4.5,173.4,1.0,5,0,T,0.1693548387096774,-94.7,-9.0,11.0,20.0,0.3548387096774194,2.240657706689489,28,22,16,6,0.04103213376587927,0,0,0,0,0,1,0,0,0,29,24,6,0,1,1
1e7h,A,338,HIS,-3.2,153.2,0.1,2,1,-,0.2391304347826087,-138.7,74.8,15.0,17.0,0.46875,2.4225899889118088,29,17,13,4,0.03963331102386066,0,0,0,0,0,0,0,0,0,29,24,6,0,1,1
1e7h,A,339,PRO,-1.6,112.7,0.0,0,0,T,0.33088235294117646,-76.7,-4.9,13.0,21.0,0.38235294117647056,2.077937608362503,31,48,19,29,0.04289723075523742,0,0,0,0,0,1,0,0,0,29,24,6,0,1,1
1e7h,A,340,ASP,-3.5,111.1,-1.0,1,3,T,0.3006134969325153,-91.8,6.3,7.0,24.0,0.22580645161290322,1.7809485490007244,26,34,9,25,0.03916703677652112,0,0,0,0,0,1,0,0,0,18,24,12,0,3,1
1e7h,A,341,TYR,-1.3,193.6,0.0,1,1,S,0.08558558558558559,-105.8,156.7,21.0,16.0,0.5675675675675675,2.9757648296210384,32,28,15,13,0.04662742473395372,0,0,0,0,0,0,1,0,0,33,3,21,0,0,1
1e7h,A,342,SER,-0.8,89.0,0.0,1,1,-,0.046153846153846156,-80.5,157.0,20.0,17.0,0.5405405405405406,3.2530390359889103,34,35,21,14,0.045694876239274644,0,0,0,0,0,0,0,0,0,33,3,21,0,0,1
1e7h,A,343,VAL,4.2,140.0,0.0,0,0,H,0.0,-63.2,-39.1,17.0,24.0,0.4146341463414634,3.790421892024645,35,25,16,9,0.04616115048661418,1,0,0,0,0,0,0,0,0,33,3,21,0,0,1
1e7h,A,344,VAL,4.2,140.0,0.0,0,0,H,0.1619718309859155,-70.3,-20.4,14.0,24.0,0.3684210526315789,3.1348130044262374,31,30,10,20,0.03916703677652112,1,0,0,0,0,0,0,0,0,33,3,21,0,0,1
1e7h,A,345,LEU,3.8,166.7,0.0,0,0,H,0.0,-74.5,-36.2,20.0,20.0,0.5,3.9010269243215125,36,28,23,5,0.048026247475972325,1,0,0,0,0,0,0,0,0,-1,0,0,0,0,0
1e7h,A,346,LEU,3.8,166.7,0.0,0,0,H,0.006097560975609756,-65.9,-48.2,27.0,14.0,0.6585365853658537,5.400402928410165,39,37,12,25,0.053155264196707235,1,0,0,0,0,0,0,0,0,-1,0,0,0,0,0
1e7h,A,347,LEU,3.8,166.7,0.0,0,0,H,0.13414634146341464,-60.7,-33.6,17.0,20.0,0.4594594594594595,2.153734050175228,35,27,6,21,0.04476232774459557,1,0,0,0,0,0,0,0,0,13,24,24,0,8,1
1e7h,A,348,ARG,-4.5,173.4,1.0,5,0,H,0.11290322580645161,-63.8,-31.1,19.0,17.0,0.5277777777777778,2.079371034417957,30,20,11,9,0.040565859518539735,1,0,0,0,0,0,0,0,0,12,69,17,0,10,1
1e7h,A,349,LEU,3.8,166.7,0.0,0,0,H,0.006097560975609756,-80.3,-43.6,22.0,15.0,0.5945945945945946,4.2817059673578,32,25,10,15,0.04942507021799094,1,0,0,0,0,0,0,0,0,-1,0,0,0,0,0
1e7h,A,350,ALA,1.8,88.6,0.0,0,0,H,0.1320754716981132,-58.9,-40.9,24.0,15.0,0.6153846153846154,2.3029206977348733,35,19,10,9,0.048026247475972325,1,0,0,0,0,0,0,0,0,-1,0,0,0,0,0
1e7h,A,351,LYS,-3.9,168.6,1.0,2,0,H,0.34146341463414637,-66.1,-40.5,12.0,17.0,0.41379310344827586,1.9154745857209072,26,13,13,0,0.035436842797804825,1,0,0,0,0,0,0,0,0,-1,0,0,0,0,0
1e7h,A,352,THR,-0.7,116.1,0.0,1,1,H,0.2535211267605634,-64.3,-37.3,15.0,13.0,0.5357142857142857,1.8989842144014502,27,18,24,-6,0.04196468226055834,1,0,0,0,0,0,0,0,0,-1,0,0,0,0,0
1e7h,A,353,TYR,-1.3,193.6,0.0,1,1,H,0.0045045045045045045,-66.5,-50.2,21.0,18.0,0.5384615384615384,5.072429131736356,36,11,22,-11,0.04476232774459557,1,0,0,0,0,0,0,0,0,-1,0,0,0,0,0
1e7h,A,354,GLU,-3.5,138.4,-1.0,1,3,H,0.23711340206185566,-54.7,-42.2,13.0,17.0,0.43333333333333335,2.2502585314933725,24,27,17,10,0.04289723075523742,1,0,0,0,0,0,0,0,0,37,3,12,0,0,1
1e7h,A,355,THR,-0.7,116.1,0.0,1,1,H,0.6126760563380281,-63.1,-44.2,7.0,12.0,0.3684210526315789,1.9526275424174837,22,19,23,-4,0.03683566553982344,1,0,0,0,0,0,0,0,0,-1,0,0,0,0,0
1e7h,A,356,THR,-0.7,116.1,0.0,1,1,H,0.04225352112676056,-70.1,-39.7,18.0,13.0,0.5806451612903226,2.750371692070298,30,19,27,-8,0.040565859518539735,1,0,0,0,0,0,0,0,0,-1,0,0,0,0,0
1e7h,A,357,LEU,3.8,166.7,0.0,0,0,H,0.0,-56.2,-46.5,18.0,16.0,0.5294117647058824,4.127785224206026,34,23,19,4,0.04662742473395372,1,0,0,0,0,0,0,0,0,-1,0,0,0,0,0
1e7h,A,358,GLU,-3.5,138.4,-1.0,1,3,H,0.4587628865979381,-58.6,-34.5,7.0,15.0,0.3181818181818182,1.816729323801432,21,19,9,10,0.03590311704514436,1,0,0,0,0,0,0,0,0,-1,0,0,0,0,0
1e7h,A,359,LYS,-3.9,168.6,1.0,2,0,H,0.6292682926829268,-84.8,-43.6,8.0,12.0,0.4,1.9353780328530281,22,0,20,-20,0.028909003335051305,1,0,0,0,0,0,0,0,0,-1,0,0,0,0,0
1e7h,A,360,CYS,2.5,108.5,0.0,1,0,H,0.007407407407407408,-73.3,-39.9,18.0,7.0,0.72,3.203699132311565,24,15,25,-10,0.04196468226055834,1,0,0,0,0,0,0,0,0,27,86,2,0,1,1
1e7h,A,361,CYS,2.5,108.5,0.0,1,0,T,0.3111111111111111,-64.0,-13.2,15.0,12.0,0.5555555555555556,2.1967824413703663,25,21,22,-1,0.03730193978716297,0,0,0,0,0,1,0,0,0,-1,0,0,0,0,0
1e7h,A,362,ALA,1.8,88.6,0.0,0,0,T,0.8301886792452831,-101.0,-13.2,5.0,14.0,0.2631578947368421,1.8065903654034448,17,10,14,-4,0.022847438119637322,0,0,0,0,0,1,0,0,0,27,86,2,0,1,1
1e7h,A,363,ALA,1.8,88.6,0.0,0,0,S,0.39622641509433965,-88.9,159.3,11.0,4.0,0.7333333333333333,1.8068358241106466,15,13,18,-5,0.024246260861655933,0,0,0,0,0,0,1,0,0,27,86,2,0,1,1
1e7h,A,364,ALA,1.8,88.6,0.0,0,0,S,1.0,-37.0,-71.4,0.0,11.0,0.0,1.7676639894612918,12,6,15,-9,0.017252147151562876,0,0,0,0,0,0,1,0,0,27,86,2,0,1,1
1e7h,A,365,ASP,-3.5,111.1,-1.0,1,3,S,0.5950920245398773,-106.5,82.6,3.0,12.0,0.2,1.7016719011625794,15,13,9,4,0.023779986614316396,0,0,0,0,0,0,1,0,0,27,86,2,0,1,1
1e7h,A,366,PRO,-1.6,112.7,0.0,0,0,H,0.27205882352941174,-40.7,-74.7,12.0,13.0,0.48,2.3723660663816695,22,22,22,0,0.03870076252918159,1,0,0,0,0,0,0,0,0,27,86,2,0,1,1
1e7h,A,367,HIS,-3.2,153.2,0.1,2,1,H,0.2826086956521739,-34.1,-33.6,8.0,20.0,0.2857142857142857,2.018997908162805,23,7,30,-23,0.04243095650789788,1,0,0,0,0,0,0,0,0,27,86,2,0,1,1
1e7h,A,368,GLU,-3.5,138.4,-1.0,1,3,H,0.5979381443298969,-87.7,-30.2,3.0,19.0,0.13636363636363635,1.8747654923701624,15,16,12,4,0.028909003335051305,1,0,0,0,0,0,0,0,0,-1,0,0,0,0,0
1e7h,A,369,CYS,2.5,108.5,0.0,1,0,H,0.4148148148148148,-62.4,-48.6,13.0,9.0,0.5909090909090909,1.8389781906053475,21,24,24,0,0.03683566553982344,1,0,0,0,0,0,0,0,0,27,86,2,0,1,1
1e7h,A,370,TYR,-1.3,193.6,0.0,1,1,T,0.02702702702702703,-92.3,20.6,22.0,10.0,0.6875,2.6855808489717394,33,29,33,-4,0.043829779249916496,0,0,0,0,0,1,0,0,0,42,1,9,0,0,1
1e7h,A,371,ALA,1.8,88.6,0.0,0,0,T,0.44339622641509435,-59.5,-52.8,4.0,20.0,0.16666666666666666,1.8377523101378723,21,15,33,-18,0.03357174580844668,0,0,0,0,0,1,0,0,0,42,1,9,0,0,1
1e7h,A,372,LYS,-3.9,168.6,1.0,2,0,T,0.25365853658536586,-95.3,55.8,3.0,17.0,0.15,1.7675732791147134,21,5,24,-19,0.026577632098353617,0,0,0,0,0,1,0,0,0,42,1,9,0,0,1
1e7h,A,373,VAL,4.2,140.0,0.0,0,0,-,0.007042253521126761,-80.0,-39.9,22.0,7.0,0.7586206896551724,2.6439832044210108,30,11,23,-12,0.03916703677652112,0,0,0,0,0,0,0,0,0,42,1,9,0,0,1
1e7h,A,374,PHE,2.8,189.9,0.0,0,0,H,0.28426395939086296,-67.1,-16.5,8.0,16.0,0.3333333333333333,2.131324665308987,26,12,23,-11,0.032172923066428064,1,0,0,0,0,0,0,0,0,42,1,9,0,0,1
1e7h,A,375,ASP,-3.5,111.1,-1.0,1,3,H,0.7300613496932515,-72.0,-29.3,5.0,12.0,0.29411764705882354,1.6720761616986328,14,14,9,5,0.028909003335051305,1,0,0,0,0,0,0,0,0,42,1,9,0,0,1
1e7h,A,376,GLU,-3.5,138.4,-1.0,1,3,H,0.4329896907216495,-76.5,-24.4,12.0,8.0,0.6,1.787779801239207,23,18,9,9,0.03357174580844668,1,0,0,0,0,0,0,0,0,-1,0,0,0,0,0
1e7h,A,377,PHE,2.8,189.9,0.0,0,0,H,0.015228426395939087,-68.8,-40.3,11.0,11.0,0.5,3.021071304473685,27,24,20,4,0.04289723075523742,1,0,0,0,0,0,0,0,0,36,9,4,0,0,1
1e7h,A,378,LYS,-3.9,168.6,1.0,2,0,H,0.6487804878048781,-34.3,-63.7,5.0,12.0,0.29411764705882354,1.9568494703498536,18,1,26,-25,0.032639197313767604,1,0,0,0,0,0,0,0,0,36,9,4,0,0,1
1e7h,A,379,PRO,-1.6,112.7,0.0,0,0,H,0.5588235294117647,-60.6,-31.1,4.0,13.0,0.23529411764705882,1.8950998871124882,18,12,31,-19,0.02844272908771177,1,0,0,0,0,0,0,0,0,36,9,4,0,0,1
1e7h,A,380,LEU,3.8,166.7,0.0,0,0,H,0.3048780487804878,-67.0,-27.0,18.0,10.0,0.6428571428571429,1.9841707196432332,30,23,30,-7,0.03870076252918159,1,0,0,0,0,0,0,0,0,-1,0,0,0,0,0
1e7h,A,381,VAL,4.2,140.0,0.0,0,0,H,0.06338028169014084,-86.2,-41.1,10.0,18.0,0.35714285714285715,2.7350849472447543,25,25,28,-3,0.04196468226055834,1,0,0,0,0,0,0,0,0,-1,0,0,0,0,0
1e7h,A,382,GLU,-3.5,138.4,-1.0,1,3,H,0.39690721649484534,-71.8,-26.3,4.0,13.0,0.23529411764705882,2.008612919646455,19,10,13,-3,0.03450429430312575,1,0,0,0,0,0,0,0,0,36,9,4,0,0,1
1e7h,A,383,GLU,-3.5,138.4,-1.0,1,3,H,0.3556701030927835,-54.7,-56.7,12.0,10.0,0.5454545454545454,1.7585028325876695,22,20,9,11,0.03590311704514436,1,0,0,0,0,0,0,0,0,12,69,17,0,10,1
1e7h,A,384,PRO,-1.6,112.7,0.0,0,0,H,0.0661764705882353,-73.0,-22.4,19.0,11.0,0.6333333333333333,2.405443621506396,29,25,22,3,0.03963331102386066,1,0,0,0,0,0,0,0,0,12,69,17,0,10,1
1e7h,A,385,GLN,-3.5,143.8,0.0,2,2,H,0.3181818181818182,-67.3,-43.6,9.0,17.0,0.34615384615384615,1.8767937765736373,24,18,33,-15,0.03823448828184205,1,0,0,0,0,0,0,0,0,-1,0,0,0,0,0
1e7h,A,386,ASN,-3.5,114.1,0.0,2,2,H,0.5859872611464968,-71.5,-40.8,6.0,12.0,0.3333333333333333,1.8230441676976596,18,9,24,-15,0.032172923066428064,1,0,0,0,0,0,0,0,0,-1,0,0,0,0,0
1e7h,A,387,LEU,3.8,166.7,0.0,0,0,H,0.36585365853658536,-57.6,-41.3,12.0,11.0,0.5217391304347826,2.0272824472368662,22,19,15,4,0.035436842797804825,1,0,0,0,0,0,0,0,0,12,69,17,0,10,1
1e7h,A,388,ILE,4.5,166.7,0.0,0,0,H,0.1893491124260355,-70.5,-43.0,22.0,11.0,0.6666666666666666,2.0395795881611143,34,25,26,-1,0.03730193978716297,1,0,0,0,0,0,0,0,0,1,1295,10,0,163,1
1e7h,A,389,LYS,-3.9,168.6,1.0,2,0,H,0.22926829268292684,-58.4,-57.6,5.0,19.0,0.20833333333333334,1.8395421033810053,19,8,24,-16,0.035436842797804825,1,0,0,0,0,0,0,0,0,-1,0,0,0,0,0
1e7h,A,390,GLN,-3.5,143.8,0.0,2,2,H,0.6060606060606061,-43.9,-56.8,6.0,11.0,0.35294117647058826,1.7529469337642616,19,11,12,-1,0.032172923066428064,1,0,0,0,0,0,0,0,0,-1,0,0,0,0,0
1e7h,A,391,ASN,-3.5,114.1,0.0,2,2,H,0.2484076433121019,-71.1,-22.6,19.0,11.0,0.6333333333333333,1.9611674584302343,30,17,11,6,0.03776821403450251,1,0,0,0,0,0,0,0,0,1,1295,10,0,163,1
1e7h,A,392,CYS,2.5,108.5,0.0,1,0,H,0.1037037037037037,-90.7,-25.4,18.0,14.0,0.5625,2.015920172528948,28,23,15,8,0.04289723075523742,1,0,0,0,0,0,0,0,0,1,1295,10,0,163,1
1e7h,A,393,GLU,-3.5,138.4,-1.0,1,3,H,0.7319587628865979,-67.3,-32.2,5.0,14.0,0.2631578947368421,1.7404631902147691,16,9,5,4,0.03124037457174899,1,0,0,0,0,0,0,0,0,23,24,7,0,2,1
1e7h,A,394,LEU,3.8,166.7,0.0,0,0,H,0.29878048780487804,-80.1,-52.5,14.0,10.0,0.5833333333333334,2.479123460263008,22,15,18,-3,0.03823448828184205,1,0,0,0,0,0,0,0,0,23,24,7,0,2,1
1e7h,A,395,PHE,2.8,189.9,0.0,0,0,H,0.19289340101522842,-52.6,-25.2,18.0,11.0,0.6206896551724138,2.5827795325481606,30,22,20,2,0.045228601991935104,1,0,0,0,0,0,0,0,0,23,24,7,0,2,1
1e7h,A,396,GLU,-3.5,138.4,-1.0,1,3,H,0.36597938144329895,-70.3,-55.0,7.0,14.0,0.3333333333333333,1.9026727778496522,19,9,14,-5,0.02984155182973038,1,0,0,0,0,0,0,0,0,1,1295,10,0,163,1
1e7h,A,397,GLN,-3.5,143.8,0.0,2,2,H,0.6717171717171717,-54.8,-65.6,5.0,9.0,0.35714285714285715,1.768228060681423,14,7,15,-8,0.022381163872297785,1,0,0,0,0,0,0,0,0,23,24,7,0,2,1
1e7h,A,398,LEU,3.8,166.7,0.0,0,0,S,0.31097560975609756,-98.0,103.8,10.0,9.0,0.5263157894736842,2.2566938738651063,17,6,16,-10,0.032639197313767604,0,0,0,0,0,0,1,0,0,23,24,7,0,2,1
1e7h,A,399,GLY,-0.4,60.1,0.0,0,0,-,0.5,-30.5,-173.3,1.0,19.0,0.05,2.0699821250063253,20,7,16,-9,0.030307826077069916,0,0,0,0,0,0,0,0,0,-1,0,0,0,0,0
1e7h,A,400,GLU,-3.5,138.4,-1.0,1,3,H,0.4072164948453608,-55.9,-48.1,12.0,16.0,0.42857142857142855,2.0029419982134913,24,28,4,24,0.03870076252918159,1,0,0,0,0,0,0,0,0,-1,0,0,0,0,0
1e7h,A,401,TYR,-1.3,193.6,0.0,1,1,H,0.26576576576576577,-64.6,-54.0,7.0,23.0,0.23333333333333334,2.1560575952040617,25,36,13,23,0.03450429430312575,1,0,0,0,0,0,0,0,0,-1,0,0,0,0,0
1e7h,A,402,LYS,-3.9,168.6,1.0,2,0,H,0.2975609756097561,-59.6,-37.3,8.0,19.0,0.2962962962962963,1.8769968343615393,22,1,13,-12,0.032639197313767604,1,0,0,0,0,0,0,0,0,-1,0,0,0,0,0
1e7h,A,403,PHE,2.8,189.9,0.0,0,0,H,0.015228426395939087,-65.0,-43.7,18.0,11.0,0.6206896551724138,3.4680089760513457,33,24,18,6,0.04616115048661418,1,0,0,0,0,0,0,0,0,-1,0,0,0,0,0
1e7h,A,404,GLN,-3.5,143.8,0.0,2,2,H,0.005050505050505051,-56.7,-29.4,20.0,17.0,0.5405405405405406,3.406368901405654,30,26,13,13,0.053155264196707235,1,0,0,0,0,0,0,0,0,-1,0,0,0,0,0
1e7h,A,405,ASN,-3.5,114.1,0.0,2,2,H,0.12738853503184713,-79.0,-34.1,16.0,23.0,0.41025641025641024,2.2600009461315156,31,28,6,22,0.043829779249916496,1,0,0,0,0,0,0,0,0,-1,0,0,0,0,0
1e7h,A,406,ALA,1.8,88.6,0.0,0,0,H,0.330188679245283,-65.8,-38.3,12.0,21.0,0.36363636363636365,1.8238290904668666,28,28,2,26,0.040099585271200194,1,0,0,0,0,0,0,0,0,-1,0,0,0,0,0
1e7h,A,407,LEU,3.8,166.7,0.0,0,0,H,0.012195121951219513,-68.1,-48.0,20.0,14.0,0.5882352941176471,3.00613178772366,33,28,4,24,0.04476232774459557,1,0,0,0,0,0,0,0,0,-1,0,0,0,0,0
1e7h,A,408,LEU,3.8,166.7,0.0,0,0,H,0.006097560975609756,-46.2,-51.3,24.0,17.0,0.5853658536585366,4.903303967839042,41,34,7,27,0.053155264196707235,1,0,0,0,0,0,0,0,0,-1,0,0,0,0,0
1e7h,A,409,VAL,4.2,140.0,0.0,0,0,H,0.11267605633802817,-63.0,-42.8,14.0,27.0,0.34146341463414637,2.441355936338621,32,42,2,40,0.04289723075523742,1,0,0,0,0,0,0,0,0,-1,0,0,0,0,0
1e7h,A,410,ARG,-4.5,173.4,1.0,5,0,H,0.31451612903225806,-60.8,-52.9,10.0,23.0,0.30303030303030304,1.8486746510770031,26,19,3,16,0.03730193978716297,1,0,0,0,0,0,0,0,0,-1,0,0,0,0,0
1e7h,A,411,TYR,-1.3,193.6,0.0,1,1,H,0.2927927927927928,-75.6,-35.1,19.0,18.0,0.5135135135135135,2.0854424880843827,33,28,4,24,0.043363505002576956,1,0,0,0,0,0,0,0,0,-1,0,0,0,0,0
1e7h,A,412,THR,-0.7,116.1,0.0,1,1,H,0.007042253521126761,-59.0,-38.2,26.0,15.0,0.6341463414634146,4.1201006102877455,37,36,16,20,0.048958795970651406,1,0,0,0,0,0,0,0,0,-1,0,0,0,0,0
1e7h,A,413,LYS,-3.9,168.6,1.0,2,0,H,0.1902439024390244,-71.8,-24.8,15.0,21.0,0.4166666666666667,2.093614186597195,33,42,17,25,0.045694876239274644,1,0,0,0,0,0,0,0,0,20,64,4,0,2,1
1e7h,A,414,LYS,-3.9,168.6,1.0,2,0,H,0.2,-83.5,-41.5,13.0,17.0,0.43333333333333335,2.618620739283333,27,27,19,8,0.043363505002576956,1,0,0,0,0,0,0,0,0,26,24,6,0,1,1
1e7h,A,415,VAL,4.2,140.0,0.0,0,0,-,0.08450704225352113,-134.6,71.7,16.0,19.0,0.45714285714285713,2.5857071697340563,34,39,16,23,0.04616115048661418,0,0,0,0,0,0,0,0,0,26,24,6,0,1,1
1e7h,A,416,PRO,-1.6,112.7,0.0,0,0,T,0.04411764705882353,-59.8,-29.0,18.0,21.0,0.46153846153846156,2.7431651839061337,32,40,17,23,0.043363505002576956,0,0,0,0,0,1,0,0,0,10,244,4,0,12,1
1e7h,A,417,GLN,-3.5,143.8,0.0,2,2,T,0.3484848484848485,-65.7,-11.4,14.0,20.0,0.4117647058823529,1.9060359833214509,24,30,11,19,0.032639197313767604,0,0,0,0,0,1,0,0,0,10,244,4,0,12,1
1e7h,A,418,VAL,4.2,140.0,0.0,0,0,S,0.176056338028169,-73.9,147.3,22.0,9.0,0.7096774193548387,2.0022175616690885,32,25,3,22,0.03730193978716297,0,0,0,0,0,0,1,0,0,5,225,11,0,30,1
1e7h,A,419,SER,-0.8,89.0,0.0,1,1,-,0.4846153846153846,-57.1,135.9,9.0,15.0,0.375,2.1880920748948642,24,8,9,-1,0.027510180593032695,0,0,0,0,0,0,0,0,0,-1,0,0,0,0,0
1e7h,A,420,THR,-0.7,116.1,0.0,1,1,H,0.06338028169014084,-57.6,-45.1,14.0,17.0,0.45161290322580644,2.312679423753129,29,12,13,-1,0.040099585271200194,1,0,0,0,0,0,0,0,0,16,24,14,0,4,1
1e7h,A,421,PRO,-1.6,112.7,0.0,0,0,H,0.6323529411764706,-67.1,-21.3,0.0,23.0,0.0,1.935354615340355,21,6,11,-5,0.02984155182973038,1,0,0,0,0,0,0,0,0,16,24,14,0,4,1
1e7h,A,422,THR,-0.7,116.1,0.0,1,1,H,0.29577464788732394,-78.3,-46.9,15.0,14.0,0.5172413793103449,2.007990537842786,26,10,6,4,0.03124037457174899,1,0,0,0,0,0,0,0,0,-1,0,0,0,0,0
1e7h,A,423,LEU,3.8,166.7,0.0,0,0,H,0.036585365853658534,-59.9,-28.9,23.0,13.0,0.6388888888888888,3.0243230922938173,33,23,11,12,0.04429605349725603,1,0,0,0,0,0,0,0,0,-1,0,0,0,0,0
1e7h,A,424,VAL,4.2,140.0,0.0,0,0,H,0.035211267605633804,-76.5,-46.1,13.0,21.0,0.38235294117647056,2.514650460516207,33,21,7,14,0.04709369898129325,1,0,0,0,0,0,0,0,0,16,24,14,0,4,1
1e7h,A,425,GLU,-3.5,138.4,-1.0,1,3,H,0.35051546391752575,-57.9,-47.4,8.0,20.0,0.2857142857142857,2.024247701023139,24,17,0,17,0.03170664881908853,1,0,0,0,0,0,0,0,0,-1,0,0,0,0,0
1e7h,A,426,VAL,4.2,140.0,0.0,0,0,H,0.14084507042253522,-64.2,-53.7,21.0,14.0,0.6,2.4884911344050678,30,13,6,7,0.03823448828184205,1,0,0,0,0,0,0,0,0,-1,0,0,0,0,0
1e7h,A,427,SER,-0.8,89.0,0.0,1,1,H,0.007692307692307693,-57.7,-30.3,22.0,14.0,0.6111111111111112,4.311594977288893,34,28,10,18,0.05175644145468863,1,0,0,0,0,0,0,0,0,-1,0,0,0,0,0
1e7h,A,428,ARG,-4.5,173.4,1.0,5,0,H,0.15725806451612903,-70.2,-46.4,10.0,21.0,0.3225806451612903,2.582551914095206,30,18,16,2,0.04709369898129325,1,0,0,0,0,0,0,0,0,44,0,20,0,0,1
1e7h,A,429,ASN,-3.5,114.1,0.0,2,2,H,0.29936305732484075,-63.6,-51.4,15.0,17.0,0.46875,1.8875972254631193,30,22,12,10,0.03683566553982344,1,0,0,0,0,0,0,0,0,-1,0,0,0,0,0
1e7h,A,430,LEU,3.8,166.7,0.0,0,0,H,0.17073170731707318,-52.2,-35.8,18.0,20.0,0.47368421052631576,2.083156832322043,35,21,9,12,0.04149840801321881,1,0,0,0,0,0,0,0,0,-1,0,0,0,0,0
1e7h,A,431,GLY,-0.4,60.1,0.0,0,0,H,0.0,-64.6,-41.7,16.0,18.0,0.47058823529411764,3.3463895158571155,34,31,11,20,0.048958795970651406,1,0,0,0,0,0,0,0,0,-1,0,0,0,0,0
1e7h,A,432,LYS,-3.9,168.6,1.0,2,0,H,0.4097560975609756,-64.8,-30.7,8.0,22.0,0.26666666666666666,2.0314216748460345,23,20,17,3,0.03823448828184205,1,0,0,0,0,0,0,0,0,-1,0,0,0,0,0
1e7h,A,433,VAL,4.2,140.0,0.0,0,0,H,0.11267605633802817,-65.1,-39.1,19.0,14.0,0.5757575757575758,1.974082449169477,33,27,16,11,0.04243095650789788,1,0,0,0,0,0,0,0,0,-1,0,0,0,0,0
1e7h,A,434,GLY,-0.4,60.1,0.0,0,0,H,0.11904761904761904,-63.2,-40.6,23.0,15.0,0.6052631578947368,2.2215324186983216,33,39,13,26,0.04289723075523742,1,0,0,0,0,0,0,0,0,1,1295,10,0,163,1
1e7h,A,435,SER,-0.8,89.0,0.0,1,1,H,0.26153846153846155,-66.6,-44.1,12.0,17.0,0.41379310344827586,2.003812256559105,25,32,11,21,0.0363693912924839,1,0,0,0,0,0,0,0,0,1,1295,10,0,163,1
1e7h,A,436,LYS,-3.9,168.6,1.0,2,0,H,0.5902439024390244,-66.1,-47.5,13.0,12.0,0.52,1.9283811367038608,19,26,5,21,0.03310547156110714,1,0,0,0,0,0,0,0,0,41,0,23,0,0,1
1e7h,A,437,CYS,2.5,108.5,0.0,1,0,H,0.044444444444444446,-88.0,-29.9,21.0,9.0,0.7,2.8019321523551226,29,48,11,37,0.04289723075523742,1,0,0,0,0,0,0,0,0,41,0,23,0,0,1
1e7h,A,438,CYS,2.5,108.5,0.0,1,0,T,0.14074074074074075,-71.1,-11.1,18.0,13.0,0.5806451612903226,1.9956413416298873,29,45,14,31,0.03823448828184205,0,0,0,0,0,1,0,0,0,1,1295,10,0,163,1
1e7h,A,439,LYS,-3.9,168.6,1.0,2,0,T,0.43414634146341463,-78.8,-14.7,4.0,17.0,0.19047619047619047,1.7675449506770018,16,39,4,35,0.026577632098353617,0,0,0,0,0,1,0,0,0,1,1295,10,0,163,1
1e7h,A,440,HIS,-3.2,153.2,0.1,2,1,S,0.32065217391304346,-87.9,152.9,14.0,6.0,0.7,1.8871235205357926,19,34,6,28,0.03124037457174899,0,0,0,0,0,0,1,0,0,34,3,12,0,0,1
1e7h,A,441,PRO,-1.6,112.7,0.0,0,0,-,0.6323529411764706,-61.0,167.7,3.0,13.0,0.1875,2.144030806290204,15,37,12,25,0.026577632098353617,0,0,0,0,0,0,0,0,0,-1,0,0,0,0,0
1e7h,A,442,GLU,-3.5,138.4,-1.0,1,3,H,0.7938144329896907,-52.8,-45.5,5.0,17.0,0.22727272727272727,1.7631415334137606,18,31,8,23,0.02611135785101408,1,0,0,0,0,0,0,0,0,55,0,12,0,0,1
1e7h,A,443,ALA,1.8,88.6,0.0,0,0,H,0.5377358490566038,-59.3,-21.3,2.0,18.0,0.1,1.8295074026652518,18,36,17,19,0.02984155182973038,1,0,0,0,0,0,0,0,0,55,0,12,0,0,1
1e7h,A,444,LYS,-3.9,168.6,1.0,2,0,H,0.5365853658536586,-109.8,-2.1,8.0,16.0,0.3333333333333333,2.024333608063901,20,28,18,10,0.03683566553982344,1,0,0,0,0,0,0,0,0,34,3,12,0,0,1
1e7h,A,445,ARG,-4.5,173.4,1.0,5,0,H,0.23790322580645162,-66.2,-60.8,16.0,16.0,0.5,2.3287312629163823,28,33,15,18,0.045694876239274644,1,0,0,0,0,0,0,0,0,33,3,21,0,0,1
1e7h,A,446,MET,1.9,162.9,0.0,0,0,H,0.09042553191489362,-48.9,-47.5,18.0,22.0,0.45,2.0009116211660687,38,28,33,-5,0.04429605349725603,1,0,0,0,0,0,0,0,0,33,3,21,0,0,1
1e7h,A,447,PRO,-1.6,112.7,0.0,0,0,H,0.16911764705882354,-62.0,-35.5,14.0,21.0,0.4,2.2599043865621313,31,32,28,4,0.04196468226055834,1,0,0,0,0,0,0,0,0,33,3,21,0,0,1
1e7h,A,448,CYS,2.5,108.5,0.0,1,0,H,0.13333333333333333,-65.4,-52.3,15.0,14.0,0.5172413793103449,2.0516328442633416,32,45,22,23,0.040565859518539735,1,0,0,0,0,0,0,0,0,41,0,23,0,0,1
1e7h,A,449,ALA,1.8,88.6,0.0,0,0,H,0.12264150943396226,-55.1,-45.2,23.0,18.0,0.5609756097560976,2.5055687261582387,34,32,18,14,0.04149840801321881,1,0,0,0,0,0,0,0,0,33,3,21,0,0,1
1e7h,A,450,GLU,-3.5,138.4,-1.0,1,3,H,0.12886597938144329,-59.8,-43.4,16.0,19.0,0.45714285714285713,1.7782571234492879,34,25,10,15,0.03963331102386066,1,0,0,0,0,0,0,0,0,33,3,21,0,0,1
1e7h,A,451,ASP,-3.5,111.1,-1.0,1,3,H,0.3128834355828221,-55.7,-48.4,12.0,16.0,0.42857142857142855,1.724268276772196,26,22,9,13,0.0363693912924839,1,0,0,0,0,0,0,0,0,33,3,21,0,0,1
1e7h,A,452,TYR,-1.3,193.6,0.0,1,1,H,0.34234234234234234,-77.6,-49.6,16.0,18.0,0.47058823529411764,1.9728480647990514,30,27,18,9,0.03963331102386066,1,0,0,0,0,0,0,0,0,41,0,23,0,0,1
1e7h,A,453,LEU,3.8,166.7,0.0,0,0,H,0.25,-55.4,-48.7,16.0,22.0,0.42105263157894735,2.369346833997871,34,20,17,3,0.034970568550465285,1,0,0,0,0,0,0,0,0,-1,0,0,0,0,0
1e7h,A,454,SER,-0.8,89.0,0.0,1,1,H,0.3153846153846154,-43.7,-43.1,20.0,17.0,0.5405405405405406,1.80852170790838,30,27,17,10,0.03776821403450251,1,0,0,0,0,0,0,0,0,-1,0,0,0,0,0
1e7h,A,455,VAL,4.2,140.0,0.0,0,0,H,0.09859154929577464,-76.1,-48.3,15.0,18.0,0.45454545454545453,2.3348021668651575,30,24,15,9,0.04196468226055834,1,0,0,0,0,0,0,0,0,14,24,23,0,6,1
1e7h,A,456,VAL,4.2,140.0,0.0,0,0,H,0.09859154929577464,-54.6,-47.2,16.0,16.0,0.5,2.2236655580075113,29,9,12,-3,0.03963331102386066,1,0,0,0,0,0,0,0,0,-1,0,0,0,0,0
1e7h,A,457,LEU,3.8,166.7,0.0,0,0,H,0.11585365853658537,-65.0,-31.8,19.0,16.0,0.5428571428571428,2.922487310892835,30,19,5,14,0.04289723075523742,1,0,0,0,0,0,0,0,0,-1,0,0,0,0,0
1e7h,A,458,ASN,-3.5,114.1,0.0,2,2,H,0.16560509554140126,-76.0,-45.4,15.0,20.0,0.42857142857142855,2.1643219143072434,30,25,4,21,0.04289723075523742,1,0,0,0,0,0,0,0,0,-1,0,0,0,0,0
1e7h,A,459,GLN,-3.5,143.8,0.0,2,2,H,0.51010101010101,-54.7,-50.9,14.0,13.0,0.5185185185185185,1.8328506110192682,27,14,4,10,0.03403802005578621,1,0,0,0,0,0,0,0,0,-1,0,0,0,0,0
1e7h,A,460,LEU,3.8,166.7,0.0,0,0,H,0.2621951219512195,-48.4,-50.7,20.0,14.0,0.5882352941176471,1.9088823089473714,30,17,8,9,0.03870076252918159,1,0,0,0,0,0,0,0,0,-1,0,0,0,0,0
1e7h,A,461,CYS,2.5,108.5,0.0,1,0,H,0.08148148148148149,-67.9,-28.5,20.0,14.0,0.5882352941176471,2.244460465656217,31,33,11,22,0.045228601991935104,1,0,0,0,0,0,0,0,0,-1,0,0,0,0,0
1e7h,A,462,VAL,4.2,140.0,0.0,0,0,H,0.5422535211267606,-67.4,-40.6,8.0,13.0,0.38095238095238093,2.1511585063642453,19,23,9,14,0.032172923066428064,1,0,0,0,0,0,0,0,0,-1,0,0,0,0,0
1e7h,A,463,LEU,3.8,166.7,0.0,0,0,H,0.5121951219512195,-62.2,-57.8,13.0,9.0,0.5909090909090909,2.074570679537127,21,17,11,6,0.032172923066428064,1,0,0,0,0,0,0,0,0,-1,0,0,0,0,0
1e7h,A,464,HIS,-3.2,153.2,0.1,2,1,H,0.10326086956521739,-48.2,-33.6,18.0,8.0,0.6923076923076923,1.9433142693742276,27,15,14,1,0.04243095650789788,1,0,0,0,0,0,0,0,0,5,225,11,0,30,1
1e7h,A,465,GLU,-3.5,138.4,-1.0,1,3,H,0.7680412371134021,-55.1,-61.6,8.0,11.0,0.42105263157894735,1.7352297332580315,18,21,0,21,0.03170664881908853,1,0,0,0,0,0,0,0,0,-1,0,0,0,0,0
1e7h,A,466,LYS,-3.9,168.6,1.0,2,0,H,0.5024390243902439,-61.5,-38.2,4.0,7.0,0.36363636363636365,1.9486542757910954,10,10,9,1,0.023779986614316396,1,0,0,0,0,0,0,0,0,-1,0,0,0,0,0
1e7h,A,467,THR,-0.7,116.1,0.0,1,1,S,0.6549295774647887,-130.7,70.0,6.0,11.0,0.35294117647058826,1.9624815771403281,17,17,9,8,0.023779986614316396,0,0,0,0,0,0,1,0,0,5,225,11,0,30,1
1e7h,A,468,PRO,-1.6,112.7,0.0,0,0,-,0.6470588235294118,-45.6,150.0,4.0,15.0,0.21052631578947367,1.9342085567731682,17,18,14,4,0.02797645484037223,0,0,0,0,0,0,0,0,0,5,225,11,0,30,1
1e7h,A,469,VAL,4.2,140.0,0.0,0,0,-,0.45774647887323944,-146.1,-29.5,13.0,7.0,0.65,1.8338762606519112,19,20,13,7,0.030774100324409453,0,0,0,0,0,0,0,0,0,5,225,11,0,30,1
1e7h,A,470,SER,-0.8,89.0,0.0,1,1,-,0.1076923076923077,-146.7,133.3,15.0,9.0,0.625,1.8144106339433899,20,28,13,15,0.034970568550465285,0,0,0,0,0,0,0,0,0,26,24,6,0,1,1
1e7h,A,471,ASP,-3.5,111.1,-1.0,1,3,H,0.754601226993865,-63.2,-37.0,0.0,18.0,0.0,1.6721156073992895,17,27,2,25,0.02611135785101408,1,0,0,0,0,0,0,0,0,26,24,6,0,1,1
1e7h,A,472,ARG,-4.5,173.4,1.0,5,0,H,0.2620967741935484,-55.6,-47.9,14.0,13.0,0.5185185185185185,1.8900439656707297,25,24,24,0,0.03310547156110714,1,0,0,0,0,0,0,0,0,45,0,10,0,0,1
1e7h,A,473,VAL,4.2,140.0,0.0,0,0,H,0.08450704225352113,-65.8,-41.9,18.0,17.0,0.5142857142857142,2.9005313816262537,27,39,13,26,0.04289723075523742,1,0,0,0,0,0,0,0,0,26,24,6,0,1,1
1e7h,A,474,THR,-0.7,116.1,0.0,1,1,H,0.3873239436619718,-58.5,-42.0,7.0,19.0,0.2692307692307692,2.1532008574509818,23,30,25,5,0.03870076252918159,1,0,0,0,0,0,0,0,0,-1,0,0,0,0,0
1e7h,A,475,LYS,-3.9,168.6,1.0,2,0,H,0.5853658536585366,-55.8,-58.1,8.0,16.0,0.3333333333333333,1.9680941176710773,19,17,17,0,0.03310547156110714,1,0,0,0,0,0,0,0,0,-1,0,0,0,0,0
1e7h,A,476,CYS,2.5,108.5,0.0,1,0,H,0.007407407407407408,-57.6,-37.4,16.0,11.0,0.5925925925925926,3.3192969824022547,27,40,14,26,0.04709369898129325,1,0,0,0,0,0,0,0,0,-1,0,0,0,0,0
1e7h,A,477,CYS,2.5,108.5,0.0,1,0,H,0.08888888888888889,-70.4,-27.9,16.0,15.0,0.5161290322580645,2.401055175411454,29,40,20,20,0.043829779249916496,1,0,0,0,0,0,0,0,0,-1,0,0,0,0,0
1e7h,A,478,THR,-0.7,116.1,0.0,1,1,T,0.7183098591549296,-105.3,19.6,7.0,18.0,0.28,1.8813109568394342,20,33,17,16,0.03124037457174899,0,0,0,0,0,1,0,0,0,-1,0,0,0,0,0
1e7h,A,479,GLU,-3.5,138.4,-1.0,1,3,S,0.25773195876288657,-95.4,172.6,14.0,7.0,0.6666666666666666,1.8216574092515891,20,28,1,27,0.03730193978716297,0,0,0,0,0,0,1,0,0,-1,0,0,0,0,0
1e7h,A,480,SER,-0.8,89.0,0.0,1,1,-,0.3230769230769231,-65.5,141.7,9.0,13.0,0.4090909090909091,2.1735970772094064,21,36,9,27,0.030307826077069916,0,0,0,0,0,0,0,0,0,-1,0,0,0,0,0
1e7h,A,481,LEU,3.8,166.7,0.0,0,0,T,0.3170731707317073,-55.2,-12.9,20.0,17.0,0.5405405405405406,2.014689677412149,32,31,12,19,0.03403802005578621,0,0,0,0,0,1,0,0,0,-1,0,0,0,0,0
1e7h,A,482,VAL,4.2,140.0,0.0,0,0,T,0.14084507042253522,-85.3,-23.5,16.0,16.0,0.5,2.0547914637877556,25,37,12,25,0.03823448828184205,0,0,0,0,0,1,0,0,0,-1,0,0,0,0,0
1e7h,A,483,ASN,-3.5,114.1,0.0,2,2,T,0.3630573248407643,-104.9,-16.6,9.0,15.0,0.375,1.9575323648816931,23,40,10,30,0.03776821403450251,0,0,0,0,0,1,0,0,0,-1,0,0,0,0,0
1e7h,A,484,ARG,-4.5,173.4,1.0,5,0,H,0.06048387096774194,-38.0,-65.1,16.0,15.0,0.5161290322580645,2.5196375143148813,33,23,9,14,0.048958795970651406,1,0,0,0,0,0,0,0,0,-1,0,0,0,0,0
1e7h,A,485,ARG,-4.5,173.4,1.0,5,0,H,0.17338709677419356,-61.0,-52.9,15.0,20.0,0.42857142857142855,2.05026373485455,29,14,16,-2,0.03916703677652112,1,0,0,0,0,0,0,0,0,12,69,17,0,10,1
1e7h,A,486,PRO,-1.6,112.7,0.0,0,0,H,0.25735294117647056,-57.4,-23.8,12.0,16.0,0.42857142857142855,2.178419990853135,21,26,15,11,0.03357174580844668,1,0,0,0,0,0,0,0,0,12,69,17,0,10,1
1e7h,A,487,CYS,2.5,108.5,0.0,1,0,H,0.18518518518518517,-68.4,-48.6,15.0,6.0,0.7142857142857143,1.8587472297054717,27,41,16,25,0.040565859518539735,1,0,0,0,0,0,0,0,0,-1,0,0,0,0,0
1e7h,A,488,PHE,2.8,189.9,0.0,0,0,H,0.15228426395939088,-62.9,-43.9,15.0,14.0,0.5172413793103449,2.309868925195437,30,46,8,38,0.03963331102386066,1,0,0,0,0,0,0,0,0,-1,0,0,0,0,0
1e7h,A,489,SER,-0.8,89.0,0.0,1,1,H,0.3923076923076923,-59.1,-22.7,10.0,13.0,0.43478260869565216,1.7637643612353529,20,28,15,13,0.032639197313767604,1,0,0,0,0,0,0,0,0,12,69,17,0,10,1
1e7h,A,490,ALA,1.8,88.6,0.0,0,0,H,0.6226415094339622,-88.8,-13.2,10.0,9.0,0.5263157894736842,1.7993245032995246,18,32,12,20,0.025178809356335007,1,0,0,0,0,0,0,0,0,45,0,10,0,0,1
1e7h,A,491,LEU,3.8,166.7,0.0,0,0,-,0.1402439024390244,-52.5,142.2,20.0,5.0,0.8,2.0232227839058203,23,37,17,20,0.032639197313767604,0,0,0,0,0,0,0,0,0,45,0,10,0,0,1
1e7h,A,492,GLU,-3.5,138.4,-1.0,1,3,-,0.7680412371134021,-117.2,168.2,2.0,17.0,0.10526315789473684,1.8865580976208456,14,22,12,10,0.027510180593032695,0,0,0,0,0,0,0,0,0,45,0,10,0,0,1
1e7h,A,493,VAL,4.2,140.0,0.0,0,0,-,0.647887323943662,-56.4,134.9,7.0,15.0,0.3181818181818182,1.9596132845936032,20,33,22,11,0.030307826077069916,0,0,0,0,0,0,0,0,0,45,0,10,0,0,1
1e7h,A,494,ASP,-3.5,111.1,-1.0,1,3,-,0.15950920245398773,-83.2,99.0,17.0,5.0,0.7727272727272727,1.8618107710644085,22,25,14,11,0.035436842797804825,0,0,0,0,0,0,0,0,0,10,244,4,0,12,1
1e7h,A,495,GLU,-3.5,138.4,-1.0,1,3,S,0.5154639175257731,-88.6,10.5,1.0,15.0,0.0625,1.7676153013715479,14,17,14,3,0.01958351838826056,0,0,0,0,0,0,1,0,0,10,244,4,0,12,1
1e7h,A,496,THR,-0.7,116.1,0.0,1,1,S,0.852112676056338,-95.5,-39.0,7.0,8.0,0.4666666666666667,1.8071337460331907,14,8,15,-7,0.018650969893581486,0,0,0,0,0,0,1,0,0,10,244,4,0,12,1
1e7h,A,497,TYR,-1.3,193.6,0.0,1,1,-,0.18018018018018017,-44.4,136.7,20.0,2.0,0.9090909090909091,2.1083163304076717,23,40,14,26,0.030774100324409453,0,0,0,0,0,0,0,0,0,10,244,4,0,12,1
1e7h,A,498,VAL,4.2,140.0,0.0,0,0,-,0.8380281690140845,-106.3,113.1,1.0,16.0,0.058823529411764705,1.977127801489443,14,19,15,4,0.022381163872297785,0,0,0,0,0,0,0,0,0,10,244,4,0,12,1
1e7h,A,499,PRO,-1.6,112.7,0.0,0,0,-,0.5294117647058824,-37.8,131.9,9.0,13.0,0.4090909090909091,1.9461855591455794,18,38,16,22,0.034970568550465285,0,0,0,0,0,0,0,0,0,10,244,4,0,12,1
1e7h,A,500,LYS,-3.9,168.6,1.0,2,0,P,0.3853658536585366,-75.6,149.1,10.0,7.0,0.5882352941176471,1.9882281568595337,21,26,18,8,0.03310547156110714,0,0,0,0,0,0,0,0,0,-1,0,0,0,0,0
1e7h,A,501,GLU,-3.5,138.4,-1.0,1,3,P,0.8195876288659794,-53.1,135.5,3.0,13.0,0.1875,1.763857371165025,13,26,2,24,0.024246260861655933,0,0,0,0,0,0,0,0,0,-1,0,0,0,0,0
1e7h,A,502,PHE,2.8,189.9,0.0,0,0,P,0.2893401015228426,-60.9,135.7,5.0,13.0,0.2777777777777778,1.9355525760845813,19,27,18,9,0.03310547156110714,0,0,0,0,0,0,0,0,0,2,866,8,0,83,1
1e7h,A,503,ASN,-3.5,114.1,0.0,2,2,-,0.46496815286624205,-131.1,107.5,11.0,6.0,0.6470588235294118,2.156647432119191,13,16,22,-6,0.032172923066428064,0,0,0,0,0,0,0,0,0,-1,0,0,0,0,0
1e7h,A,504,ALA,1.8,88.6,0.0,0,0,T,0.5566037735849056,-54.3,-47.3,4.0,15.0,0.21052631578947367,1.8231278521484462,14,9,8,1,0.02797645484037223,0,0,0,0,0,1,0,0,0,22,31,7,0,2,1
1e7h,A,505,GLU,-3.5,138.4,-1.0,1,3,T,0.3865979381443299,-52.1,-39.9,1.0,14.0,0.06666666666666667,1.7676443454600175,11,6,5,1,0.02144861537761871,0,0,0,0,0,1,0,0,0,22,31,7,0,2,1
1e7h,A,506,THR,-0.7,116.1,0.0,1,1,T,0.3591549295774648,-60.2,-46.3,13.0,10.0,0.5652173913043478,1.8886419759069641,20,12,16,-4,0.030307826077069916,0,0,0,0,0,1,0,0,0,22,31,7,0,2,1
1e7h,A,507,PHE,2.8,189.9,0.0,0,0,T,0.1319796954314721,-100.7,40.1,18.0,12.0,0.6,2.070632401579328,30,15,16,-1,0.03403802005578621,0,0,0,0,0,1,0,0,0,22,31,7,0,2,1
1e7h,A,508,THR,-0.7,116.1,0.0,1,1,-,0.528169014084507,-117.2,116.0,6.0,23.0,0.20689655172413793,1.9521587363334711,22,16,11,5,0.030774100324409453,0,0,0,0,0,0,0,0,0,22,31,7,0,2,1
1e7h,A,509,PHE,2.8,189.9,0.0,0,0,-,0.17258883248730963,-121.5,146.5,21.0,11.0,0.65625,1.9045593017226294,28,27,22,5,0.03683566553982344,0,0,0,0,0,0,0,0,0,22,31,7,0,2,1
1e7h,A,510,HIS,-3.2,153.2,0.1,2,1,-,0.44565217391304346,-107.4,-175.5,4.0,24.0,0.14285714285714285,1.9932204023509708,24,6,21,-15,0.03450429430312575,0,0,0,0,0,0,0,0,0,22,31,7,0,2,1
1e7h,A,511,ALA,1.8,88.6,0.0,0,0,T,0.1792452830188679,-77.5,-7.9,13.0,13.0,0.5,1.8282656359797536,22,19,19,0,0.03870076252918159,0,0,0,0,0,1,0,0,0,-1,0,0,0,0,0
1e7h,A,512,ASP,-3.5,111.1,-1.0,1,3,H,0.49079754601226994,-55.3,-33.9,5.0,13.0,0.2777777777777778,1.9513573444875933,17,23,11,12,0.02844272908771177,1,0,0,0,0,0,0,0,0,-1,0,0,0,0,0
1e7h,A,513,ILE,4.5,166.7,0.0,0,0,H,0.10059171597633136,-54.4,-36.3,17.0,9.0,0.6538461538461539,2.2064861614528475,25,32,25,7,0.03823448828184205,1,0,0,0,0,0,0,0,0,-1,0,0,0,0,0
1e7h,A,514,CYS,2.5,108.5,0.0,1,0,H,0.35555555555555557,-64.7,-25.0,13.0,13.0,0.5,1.8470682709504647,22,23,19,4,0.030774100324409453,1,0,0,0,0,0,0,0,0,-1,0,0,0,0,0
1e7h,A,515,THR,-0.7,116.1,0.0,1,1,H,0.8098591549295775,-86.3,-37.7,4.0,11.0,0.26666666666666666,1.838044762086611,13,9,18,-9,0.021914889624958248,1,0,0,0,0,0,0,0,0,-1,0,0,0,0,0
1e7h,A,516,LEU,3.8,166.7,0.0,0,0,S,0.3048780487804878,-54.5,161.4,12.0,4.0,0.75,2.0394762797834285,17,25,22,3,0.030307826077069916,0,0,0,0,0,0,1,0,0,-1,0,0,0,0,0
1e7h,A,517,SER,-0.8,89.0,0.0,1,1,-,0.5,-78.8,155.7,2.0,10.0,0.16666666666666666,2.123615783439719,14,22,16,6,0.025178809356335007,0,0,0,0,0,0,0,0,0,44,0,20,0,0,1
1e7h,A,518,GLU,-3.5,138.4,-1.0,1,3,H,0.3402061855670103,-47.1,-37.5,1.0,13.0,0.07142857142857142,1.8788729350048363,16,29,9,20,0.023779986614316396,1,0,0,0,0,0,0,0,0,44,0,20,0,0,1
1e7h,A,519,LYS,-3.9,168.6,1.0,2,0,H,0.34146341463414637,-60.9,-48.6,0.0,15.0,0.0,2.28937630862121,18,23,16,7,0.028909003335051305,1,0,0,0,0,0,0,0,0,44,0,20,0,0,1
1e7h,A,520,GLU,-3.5,138.4,-1.0,1,3,H,0.5,-73.5,-36.4,6.0,9.0,0.4,1.9504078126468885,16,32,8,24,0.032639197313767604,1,0,0,0,0,0,0,0,0,44,0,20,0,0,1
1e7h,A,521,ARG,-4.5,173.4,1.0,5,0,H,0.24193548387096775,-58.8,-45.2,10.0,12.0,0.45454545454545453,2.3497197955399134,22,26,20,6,0.043829779249916496,1,0,0,0,0,0,0,0,0,44,0,20,0,0,1
1e7h,A,522,GLN,-3.5,143.8,0.0,2,2,H,0.2474747474747475,-61.9,-58.0,11.0,13.0,0.4583333333333333,2.5505779230939862,22,41,19,22,0.04149840801321881,1,0,0,0,0,0,0,0,0,44,0,20,0,0,1
1e7h,A,523,ILE,4.5,166.7,0.0,0,0,H,0.28402366863905326,-52.9,-36.4,7.0,20.0,0.25925925925925924,2.3074887707509864,25,39,19,20,0.04149840801321881,1,0,0,0,0,0,0,0,0,44,0,20,0,0,1
1e7h,A,524,LYS,-3.9,168.6,1.0,2,0,H,0.375609756097561,-66.0,-57.7,14.0,13.0,0.5185185185185185,1.8948804358927458,29,27,19,8,0.03590311704514436,1,0,0,0,0,0,0,0,0,16,24,14,0,4,1
1e7h,A,525,LYS,-3.9,168.6,1.0,2,0,H,0.3804878048780488,-62.3,-36.4,16.0,19.0,0.45714285714285713,1.8881868563875726,26,21,8,13,0.03916703677652112,1,0,0,0,0,0,0,0,0,16,24,14,0,4,1
1e7h,A,526,GLN,-3.5,143.8,0.0,2,2,H,0.005050505050505051,-62.6,-40.5,23.0,14.0,0.6216216216216216,3.0401683802897903,34,40,15,25,0.045228601991935104,1,0,0,0,0,0,0,0,0,16,24,14,0,4,1
1e7h,A,527,THR,-0.7,116.1,0.0,1,1,H,0.3380281690140845,-68.0,-32.0,11.0,20.0,0.3548387096774194,2.236281282955061,31,26,12,14,0.040099585271200194,1,0,0,0,0,0,0,0,0,16,24,14,0,4,1
1e7h,A,528,ALA,1.8,88.6,0.0,0,0,H,0.18867924528301888,-68.8,-38.7,14.0,18.0,0.4375,1.8085062117481132,32,27,11,16,0.043363505002576956,1,0,0,0,0,0,0,0,0,16,24,14,0,4,1
1e7h,A,529,LEU,3.8,166.7,0.0,0,0,H,0.07317073170731707,-65.2,-42.7,24.0,16.0,0.6,2.348152457238049,38,29,9,20,0.04289723075523742,1,0,0,0,0,0,0,0,0,-1,0,0,0,0,0
1e7h,A,530,VAL,4.2,140.0,0.0,0,0,H,0.007042253521126761,-59.4,-53.8,22.0,21.0,0.5116279069767442,5.255116064696906,41,32,10,22,0.05035761871267001,1,0,0,0,0,0,0,0,0,-1,0,0,0,0,0
1e7h,A,531,GLU,-3.5,138.4,-1.0,1,3,H,0.13917525773195877,-59.4,-34.8,14.0,20.0,0.4117647058823529,2.884278918308461,32,35,6,29,0.04429605349725603,1,0,0,0,0,0,0,0,0,-1,0,0,0,0,0
1e7h,A,532,LEU,3.8,166.7,0.0,0,0,H,0.13414634146341464,-64.2,-40.5,20.0,19.0,0.5128205128205128,2.830477345668017,37,43,10,33,0.04196468226055834,1,0,0,0,0,0,0,0,0,-1,0,0,0,0,0
1e7h,A,533,VAL,4.2,140.0,0.0,0,0,H,0.014084507042253521,-69.8,-37.4,24.0,19.0,0.5581395348837209,4.902439878439266,35,55,9,46,0.04942507021799094,1,0,0,0,0,0,0,0,0,-1,0,0,0,0,0
1e7h,A,534,LYS,-3.9,168.6,1.0,2,0,H,0.05853658536585366,-65.1,-25.9,19.0,16.0,0.5428571428571428,3.4734517199294195,34,34,13,21,0.05129016720734909,1,0,0,0,0,0,0,0,0,-1,0,0,0,0,0
1e7h,A,535,HIS,-3.2,153.2,0.1,2,1,H,0.15217391304347827,-87.5,-42.3,14.0,16.0,0.4666666666666667,2.6119960116015224,25,29,18,11,0.045694876239274644,1,0,0,0,0,0,0,0,0,2,866,8,0,83,1
1e7h,A,536,LYS,-3.9,168.6,1.0,2,0,S,0.375609756097561,-129.2,71.8,15.0,17.0,0.46875,2.095872988567165,27,30,7,23,0.03776821403450251,0,0,0,0,0,0,1,0,0,20,64,4,0,2,1
1e7h,A,537,PRO,-1.6,112.7,0.0,0,0,T,0.19852941176470587,-62.0,-25.4,18.0,15.0,0.5454545454545454,2.0002808368243223,27,48,14,34,0.03916703677652112,0,0,0,0,0,1,0,0,0,20,64,4,0,2,1
1e7h,A,538,LYS,-3.9,168.6,1.0,2,0,T,0.4926829268292683,-88.4,15.0,5.0,21.0,0.19230769230769232,1.7891988146644286,19,27,5,22,0.021914889624958248,0,0,0,0,0,1,0,0,0,20,64,4,0,2,1
1e7h,A,539,ALA,1.8,88.6,0.0,0,0,-,0.03773584905660377,-80.0,134.0,20.0,3.0,0.8695652173913043,1.767675252455072,22,36,6,30,0.03357174580844668,0,0,0,0,0,0,0,0,0,20,64,4,0,2,1
1e7h,A,540,THR,-0.7,116.1,0.0,1,1,-,0.5070422535211268,-57.9,163.9,7.0,10.0,0.4117647058823529,2.1540852444930887,17,25,9,16,0.02611135785101408,0,0,0,0,0,0,0,0,0,20,64,4,0,2,1
1e7h,A,541,LYS,-3.9,168.6,1.0,2,0,H,0.5951219512195122,-74.1,-23.8,7.0,14.0,0.3333333333333333,1.8338939910273793,20,18,9,9,0.026577632098353617,1,0,0,0,0,0,0,0,0,40,24,1,0,0,1
1e7h,A,542,GLU,-3.5,138.4,-1.0,1,3,H,0.7525773195876289,-73.5,-52.6,1.0,14.0,0.06666666666666667,1.7298021127442997,11,13,4,9,0.025178809356335007,1,0,0,0,0,0,0,0,0,40,24,1,0,0,1
1e7h,A,543,GLN,-3.5,143.8,0.0,2,2,H,0.398989898989899,-53.1,-45.3,12.0,9.0,0.5714285714285714,1.8872296027598086,19,27,9,18,0.03310547156110714,1,0,0,0,0,0,0,0,0,40,24,1,0,0,1
1e7h,A,544,LEU,3.8,166.7,0.0,0,0,H,0.024390243902439025,-62.8,-39.0,16.0,13.0,0.5517241379310345,2.8821420288444126,29,30,15,15,0.03916703677652112,1,0,0,0,0,0,0,0,0,-1,0,0,0,0,0
1e7h,A,545,LYS,-3.9,168.6,1.0,2,0,H,0.2146341463414634,-62.4,-51.6,5.0,18.0,0.21739130434782608,2.184331768513467,17,7,24,-17,0.030307826077069916,1,0,0,0,0,0,0,0,0,40,24,1,0,0,1
1e7h,A,546,ALA,1.8,88.6,0.0,0,0,H,0.4716981132075472,-49.9,-58.1,10.0,9.0,0.5263157894736842,1.8594071562603773,21,10,25,-15,0.03170664881908853,1,0,0,0,0,0,0,0,0,-1,0,0,0,0,0
1e7h,A,547,VAL,4.2,140.0,0.0,0,0,H,0.09859154929577464,-56.5,-27.2,19.0,10.0,0.6551724137931034,2.0585587634186764,30,10,20,-10,0.03916703677652112,1,0,0,0,0,0,0,0,0,-1,0,0,0,0,0
1e7h,A,548,MET,1.9,162.9,0.0,0,0,H,0.34574468085106386,-82.5,-24.2,16.0,14.0,0.5333333333333333,1.920243876302238,27,21,20,1,0.03590311704514436,1,0,0,0,0,0,0,0,0,54,0,7,0,0,1
1e7h,A,549,ASP,-3.5,111.1,-1.0,1,3,H,0.5950920245398773,-76.8,-44.3,5.0,12.0,0.29411764705882354,1.7247333710855892,17,7,12,-5,0.02844272908771177,1,0,0,0,0,0,0,0,0,54,0,7,0,0,1
1e7h,A,550,ASP,-3.5,111.1,-1.0,1,3,H,0.49079754601226994,-57.3,-37.6,14.0,9.0,0.6086956521739131,1.7493313094487466,23,10,12,-2,0.03124037457174899,1,0,0,0,0,0,0,0,0,54,0,7,0,0,1
1e7h,A,551,PHE,2.8,189.9,0.0,0,0,H,0.16751269035532995,-70.8,-39.1,15.0,16.0,0.4838709677419355,2.245770689931801,32,15,22,-7,0.03730193978716297,1,0,0,0,0,0,0,0,0,54,0,7,0,0,1
1e7h,A,552,ALA,1.8,88.6,0.0,0,0,H,0.5094339622641509,-56.3,-50.1,5.0,15.0,0.25,1.8445822783906212,19,12,25,-13,0.032639197313767604,1,0,0,0,0,0,0,0,0,54,0,7,0,0,1
1e7h,A,553,ALA,1.8,88.6,0.0,0,0,H,0.4528301886792453,-61.9,-46.1,7.0,12.0,0.3684210526315789,1.853449817024877,20,10,31,-21,0.02984155182973038,1,0,0,0,0,0,0,0,0,54,0,7,0,0,1
1e7h,A,554,PHE,2.8,189.9,0.0,0,0,H,0.06598984771573604,-51.2,-53.6,20.0,12.0,0.625,2.390979728894426,35,24,33,-9,0.043363505002576956,1,0,0,0,0,0,0,0,0,54,0,7,0,0,1
1e7h,A,555,VAL,4.2,140.0,0.0,0,0,H,0.18309859154929578,-62.0,-38.3,13.0,19.0,0.40625,2.428382018705681,28,30,20,10,0.04429605349725603,1,0,0,0,0,0,0,0,0,54,0,7,0,0,1
1e7h,A,556,GLU,-3.5,138.4,-1.0,1,3,H,0.7164948453608248,-65.6,-67.9,5.0,15.0,0.25,1.8039722433116379,17,14,4,10,0.03170664881908853,1,0,0,0,0,0,0,0,0,54,0,7,0,0,1
1e7h,A,557,LYS,-3.9,168.6,1.0,2,0,H,0.3951219512195122,-53.0,0.1,9.0,14.0,0.391304347826087,1.8827036284805603,22,11,26,-15,0.03124037457174899,1,0,0,0,0,0,0,0,0,-1,0,0,0,0,0
1e7h,A,558,CYS,2.5,108.5,0.0,1,0,H,0.0,-115.3,-28.3,19.0,8.0,0.7037037037037037,2.2828050392071253,28,21,45,-24,0.04289723075523742,1,0,0,0,0,0,0,0,0,-1,0,0,0,0,0
1e7h,A,559,CYS,2.5,108.5,0.0,1,0,H,0.37777777777777777,-97.0,16.7,13.0,12.0,0.52,1.9597560586349188,24,23,24,-1,0.03450429430312575,1,0,0,0,0,0,0,0,0,-1,0,0,0,0,0
1e7h,A,560,LYS,-3.9,168.6,1.0,2,0,T,0.5463414634146342,-136.5,17.5,5.0,13.0,0.2777777777777778,1.8701206626041278,14,11,21,-10,0.022847438119637322,0,0,0,0,0,1,0,0,0,-1,0,0,0,0,0
1e7h,A,561,ALA,1.8,88.6,0.0,0,0,S,0.3490566037735849,-113.1,144.4,14.0,3.0,0.8235294117647058,1.7676180001274209,18,17,28,-11,0.026577632098353617,0,0,0,0,0,0,1,0,0,19,93,3,0,3,1
1e7h,A,562,ASP,-3.5,111.1,-1.0,1,3,S,0.9631901840490797,-60.2,132.0,0.0,12.0,0.0,1.7236518831605503,10,13,10,3,0.016319598656883802,0,0,0,0,0,0,1,0,0,19,93,3,0,3,1
1e7h,A,563,ASP,-3.5,111.1,-1.0,1,3,S,0.7116564417177914,62.3,71.8,4.0,10.0,0.2857142857142857,1.7034943067172936,14,11,20,-9,0.01818469564624195,0,0,0,0,0,0,1,0,0,19,93,3,0,3,1
1e7h,A,564,LYS,-3.9,168.6,1.0,2,0,H,0.1902439024390244,-50.8,-47.6,11.0,14.0,0.44,2.4179710816132776,24,15,36,-21,0.03683566553982344,1,0,0,0,0,0,0,0,0,19,93,3,0,3,1
1e7h,A,565,GLU,-3.5,138.4,-1.0,1,3,H,0.41237113402061853,-73.1,-8.6,2.0,21.0,0.08695652173913043,1.7614658531417076,21,15,23,-8,0.03403802005578621,1,0,0,0,0,0,0,0,0,-1,0,0,0,0,0
1e7h,A,566,THR,-0.7,116.1,0.0,1,1,H,0.2535211267605634,-90.9,-41.8,3.0,16.0,0.15789473684210525,1.9122379606945004,19,19,36,-17,0.027510180593032695,1,0,0,0,0,0,0,0,0,-1,0,0,0,0,0
1e7h,A,567,CYS,2.5,108.5,0.0,1,0,H,0.14074074074074075,-57.0,-32.0,13.0,12.0,0.52,2.204505153535942,27,28,40,-12,0.04149840801321881,1,0,0,0,0,0,0,0,0,-1,0,0,0,0,0
1e7h,A,568,PHE,2.8,189.9,0.0,0,0,H,0.025380710659898477,-80.3,-24.5,18.0,14.0,0.5625,3.1757502334723657,30,24,42,-18,0.048026247475972325,1,0,0,0,0,0,0,0,0,-1,0,0,0,0,0
1e7h,A,569,ALA,1.8,88.6,0.0,0,0,H,0.5377358490566038,-94.8,-37.5,4.0,19.0,0.17391304347826086,1.805916159055745,20,25,28,-3,0.035436842797804825,1,0,0,0,0,0,0,0,0,-1,0,0,0,0,0
1e7h,A,570,GLU,-3.5,138.4,-1.0,1,3,H,0.29896907216494845,-82.2,-52.5,7.0,13.0,0.35,1.8376389892728457,17,17,21,-4,0.027510180593032695,1,0,0,0,0,0,0,0,0,43,24,0,0,0,1
1e7h,A,571,GLU,-3.5,138.4,-1.0,1,3,H,0.4381443298969072,-69.3,-29.4,17.0,10.0,0.6296296296296297,1.9028842423456835,22,22,10,12,0.03450429430312575,1,0,0,0,0,0,0,0,0,43,24,0,0,0,1
1e7h,A,572,GLY,-0.4,60.1,0.0,0,0,H,0.07142857142857142,-64.7,-46.9,16.0,16.0,0.5,2.1192749418884893,26,17,19,-2,0.045694876239274644,1,0,0,0,0,0,0,0,0,-1,0,0,0,0,0
1e7h,A,573,LYS,-3.9,168.6,1.0,2,0,H,0.424390243902439,-54.1,-40.2,4.0,18.0,0.18181818181818182,1.8062367112514381,20,9,14,-5,0.02984155182973038,1,0,0,0,0,0,0,0,0,-1,0,0,0,0,0
1e7h,A,574,LYS,-3.9,168.6,1.0,2,0,H,0.6536585365853659,-62.9,-52.3,8.0,13.0,0.38095238095238093,1.8939254151204916,15,6,18,-12,0.028909003335051305,1,0,0,0,0,0,0,0,0,43,24,0,0,0,1
1e7h,A,575,LEU,3.8,166.7,0.0,0,0,H,0.13414634146341464,-52.1,-63.2,20.0,10.0,0.6666666666666666,2.091901053966192,31,15,25,-10,0.03730193978716297,1,0,0,0,0,0,0,0,0,-1,0,0,0,0,0
1e7h,A,576,VAL,4.2,140.0,0.0,0,0,H,0.2112676056338028,-49.4,-30.0,14.0,15.0,0.4827586206896552,1.999648205546437,29,15,9,6,0.03310547156110714,1,0,0,0,0,0,0,0,0,2,866,8,0,83,1
1e7h,A,577,ALA,1.8,88.6,0.0,0,0,H,0.5471698113207547,-78.3,-46.7,5.0,14.0,0.2631578947368421,1.7997284568753424,17,14,5,9,0.02844272908771177,1,0,0,0,0,0,0,0,0,-1,0,0,0,0,0
1e7h,A,578,ALA,1.8,88.6,0.0,0,0,H,0.5,-61.6,-54.6,9.0,7.0,0.5625,1.8162027614488092,16,13,8,5,0.027043906345693154,1,0,0,0,0,0,0,0,0,-1,0,0,0,0,0
1e7h,A,579,SER,-0.8,89.0,0.0,1,1,H,0.1076923076923077,-50.6,-51.0,17.0,7.0,0.7083333333333334,2.0229657302620754,25,15,9,6,0.03403802005578621,1,0,0,0,0,0,0,0,0,2,866,8,0,83,1
1e7h,A,580,GLN,-3.5,143.8,0.0,2,2,H,0.5151515151515151,-51.1,-43.7,9.0,12.0,0.42857142857142855,1.7707463352849522,19,21,0,21,0.03124037457174899,1,0,0,0,0,0,0,0,0,2,866,8,0,83,1
1e7h,A,581,ALA,1.8,88.6,0.0,0,0,H,0.8018867924528302,-70.7,-41.8,4.0,8.0,0.3333333333333333,1.781230552300007,13,6,1,5,0.02144861537761871,1,0,0,0,0,0,0,0,0,-1,0,0,0,0,0
1e7h,A,582,ALA,1.8,88.6,0.0,0,0,H,0.6698113207547169,-56.8,-56.0,16.0,4.0,0.8,1.767715197621968,19,6,6,0,0.023779986614316396,1,0,0,0,0,0,0,0,0,-1,0,0,0,0,0
1e7h,A,583,LEU,3.8,166.7,0.0,0,0,-,0.24390243902439024,-71.1,360.0,19.0,5.0,0.7916666666666666,2.074867803171626,25,24,3,21,0.027510180593032695,0,0,0,0,0,0,0,0,0,-1,0,0,0,0,0
1h8i,H,16,ILE,4.5,166.7,0.0,0,0,-,0.0,360.0,118.9,22.0,21.0,0.5116279069767442,4.173837157758352,40,9,39,-30,0.05455408693872585,0,0,0,0,0,0,0,0,0,0,20747,11,0,2655,1
1h8i,H,17,VAL,4.2,140.0,0.0,0,0,B,0.08450704225352113,-92.0,135.7,17.0,23.0,0.425,2.728028345454422,28,22,40,-18,0.04709369898129325,0,1,0,0,0,0,0,0,0,13,7,9,0,0,1
1h8i,H,18,GLU,-3.5,138.4,-1.0,1,3,S,0.6288659793814433,57.9,36.0,12.0,18.0,0.4,1.708605875951474,22,26,16,10,0.032172923066428064,0,0,0,0,0,0,1,0,0,13,7,9,0,0,1
1h8i,H,19,GLY,-0.4,60.1,0.0,0,0,-,0.2857142857142857,-100.9,-148.8,25.0,7.0,0.78125,1.7095699386277823,29,10,27,-17,0.03590311704514436,0,0,0,0,0,0,0,0,0,13,7,9,0,0,1
1h8i,H,20,SER,-0.8,89.0,0.0,1,1,E,0.5,-145.3,163.3,8.0,19.0,0.2962962962962963,2.0344123316556124,24,12,24,-12,0.029375277582390842,0,0,1,0,0,0,0,0,0,13,7,9,0,0,1
1h8i,H,21,ASP,-3.5,111.1,-1.0,1,3,E,0.6503067484662577,-65.4,134.1,7.0,21.0,0.25,1.7693159778833407,22,13,10,3,0.032172923066428064,0,0,1,0,0,0,0,0,0,-1,0,0,0,0,0
1h8i,H,22,ALA,1.8,88.6,0.0,0,0,P,0.07547169811320754,-60.8,155.9,22.0,10.0,0.6875,2.0635418636201854,29,26,23,3,0.04289723075523742,0,0,0,0,0,0,0,0,0,-1,0,0,0,0,0
1h8i,H,23,GLU,-3.5,138.4,-1.0,1,3,P,0.30412371134020616,-80.4,159.9,9.0,16.0,0.36,1.8828172194849655,21,25,23,2,0.032639197313767604,0,0,0,0,0,0,0,0,0,-1,0,0,0,0,0
1h8i,H,24,ILE,4.5,166.7,0.0,0,0,T,0.5384615384615384,-64.7,126.9,3.0,23.0,0.11538461538461539,1.9219325810623709,23,16,23,-7,0.02797645484037223,0,0,0,0,0,1,0,0,0,-1,0,0,0,0,0
1h8i,H,25,GLY,-0.4,60.1,0.0,0,0,T,0.14285714285714285,75.9,15.0,15.0,19.0,0.4411764705882353,2.201086140238889,32,32,28,4,0.048492521723311866,0,0,0,0,0,1,0,0,0,-1,0,0,0,0,0
1h8i,H,26,MET,1.9,162.9,0.0,0,0,S,0.03723404255319149,-71.6,-33.7,19.0,21.0,0.475,2.4961678361284543,32,36,37,-1,0.04709369898129325,0,0,0,0,0,0,1,0,0,-1,0,0,0,0,0
1h8i,H,27,SER,-0.8,89.0,0.0,1,1,-,0.09230769230769231,-136.6,73.2,25.0,25.0,0.5,2.1283369872163083,41,40,12,28,0.045694876239274644,0,0,0,0,0,0,0,0,0,-1,0,0,0,0,0
1h8i,H,28,PRO,-1.6,112.7,0.0,0,0,T,0.014705882352941176,-71.7,-10.4,23.0,22.0,0.5111111111111111,2.4934536340744446,42,30,12,18,0.050823892960009553,0,0,0,0,0,1,0,0,0,-1,0,0,0,0,0
1h8i,H,29,TRP,-0.9,227.8,0.0,1,0,T,0.00881057268722467,-88.0,-1.2,26.0,25.0,0.5098039215686274,5.022430713602321,42,27,5,22,0.048492521723311866,0,0,0,0,0,1,0,0,0,-1,0,0,0,0,0
1h8i,H,30,GLN,-3.5,143.8,0.0,2,2,E,0.010101010101010102,-68.5,132.4,24.0,28.0,0.46153846153846156,2.8934183843112664,46,24,4,20,0.05222271570202816,0,0,1,0,0,0,0,0,0,-1,0,0,0,0,0
1h8i,H,31,VAL,4.2,140.0,0.0,0,0,E,0.0,-126.8,137.3,22.0,25.0,0.46808510638297873,4.90569755817029,49,22,3,19,0.05175644145468863,0,0,1,0,0,0,0,0,0,-1,0,0,0,0,0
1h8i,H,32,MET,1.9,162.9,0.0,0,0,E,0.0,-99.0,129.2,18.0,28.0,0.391304347826087,6.533064478875785,44,40,12,28,0.04989134446533048,0,0,1,0,0,0,0,0,0,-1,0,0,0,0,0
1h8i,H,33,LEU,3.8,166.7,0.0,0,0,E,0.0,-91.5,124.2,22.0,22.0,0.5,6.49412347331511,38,19,11,8,0.05035761871267001,0,0,1,0,0,0,0,0,0,-1,0,0,0,0,0
1h8i,H,34,PHE,2.8,189.9,0.0,0,0,E,0.0,-123.5,128.3,16.0,20.0,0.4444444444444444,5.645217383321195,32,37,20,17,0.05222271570202816,0,0,1,0,0,0,0,0,0,-1,0,0,0,0,0
1h8i,H,35,ARG,-4.5,173.4,1.0,5,0,E,0.31451612903225806,-78.6,137.0,11.0,16.0,0.4074074074074074,2.652518057539733,18,13,17,-4,0.04942507021799094,0,0,1,0,0,0,0,0,0,11,11,7,0,0,1
1h8i,H,36,LYS,-3.9,168.6,1.0,2,0,T,0.7846153846153846,-157.9,119.2,12.0,14.0,0.46153846153846156,2.0819340145008187,23,14,20,-6,0.04196468226055834,0,0,0,0,0,1,0,0,0,11,11,7,0,0,1
1h8i,H,36,SER,-0.8,89.0,0.0,1,1,T,0.7846153846153846,-157.9,119.2,1.0,14.0,0.06666666666666667,1.7927908366358434,13,11,17,-6,0.027043906345693154,0,0,0,0,0,1,0,0,0,11,11,7,0,0,1
1h8i,H,37,PRO,-1.6,112.7,0.0,0,0,T,0.5147058823529411,-65.1,156.6,5.0,8.0,0.38461538461538464,2.2184024557914412,11,18,14,4,0.022381163872297785,0,0,0,0,0,1,0,0,0,11,11,7,0,0,1
1h8i,H,38,GLN,-3.5,143.8,0.0,2,2,T,0.29797979797979796,-75.4,111.2,6.0,12.0,0.3333333333333333,1.8408505542431104,22,25,30,-5,0.034970568550465285,0,0,0,0,0,1,0,0,0,11,11,7,0,0,1
1h8i,H,39,GLU,-3.5,138.4,-1.0,1,3,E,0.3917525773195876,-159.6,165.5,5.0,23.0,0.17857142857142858,2.2665558820719207,21,24,8,16,0.03870076252918159,0,0,1,0,0,0,0,0,0,11,11,7,0,0,1
1h8i,H,40,LEU,3.8,166.7,0.0,0,0,E,0.2073170731707317,-71.4,126.9,20.0,16.0,0.5555555555555556,2.233610746656112,34,29,21,8,0.040565859518539735,0,0,1,0,0,0,0,0,0,0,20747,11,0,2655,1
1h8i,H,41,LEU,3.8,166.7,0.0,0,0,E,0.13414634146341464,-102.3,-34.9,21.0,18.0,0.5384615384615384,2.3048823730615933,34,24,19,5,0.04103213376587927,0,0,1,0,0,0,0,0,0,-1,0,0,0,0,0
1h8i,H,42,CYS,2.5,108.5,0.0,1,0,E,0.02962962962962963,-176.2,178.7,20.0,22.0,0.47619047619047616,3.259706070996245,41,19,20,-1,0.04476232774459557,0,0,1,0,0,0,0,0,0,-1,0,0,0,0,0
1h8i,H,43,GLY,-0.4,60.1,0.0,0,0,E,0.023809523809523808,-92.7,-173.5,26.0,25.0,0.5098039215686274,5.735891644872345,45,9,10,-1,0.058284280917442144,0,0,1,0,0,0,0,0,0,-1,0,0,0,0,0
1h8i,H,44,ALA,1.8,88.6,0.0,0,0,E,0.0,176.1,171.5,26.0,27.0,0.49056603773584906,7.49601234515027,47,5,5,0,0.05222271570202816,0,0,1,0,0,0,0,0,0,-1,0,0,0,0,0
1h8i,H,45,SER,-0.8,89.0,0.0,1,1,E,0.0,-139.2,152.8,27.0,26.0,0.5094339622641509,6.830958956175308,46,7,1,6,0.05129016720734909,0,0,1,0,0,0,0,0,0,-1,0,0,0,0,0
1h8i,H,46,LEU,3.8,166.7,0.0,0,0,E,0.0,-94.6,118.5,24.0,22.0,0.5217391304347826,5.430297557128846,38,19,7,12,0.05175644145468863,0,0,1,0,0,0,0,0,0,-1,0,0,0,0,0
1h8i,H,47,ILE,4.5,166.7,0.0,0,0,-,0.13609467455621302,-112.8,-4.0,20.0,23.0,0.46511627906976744,2.33431196847132,36,11,8,3,0.045694876239274644,0,0,0,0,0,0,0,0,0,-1,0,0,0,0,0
1h8i,H,48,SER,-0.8,89.0,0.0,1,1,S,0.25384615384615383,-168.0,-175.5,12.0,20.0,0.375,2.3881649502376536,31,25,17,8,0.03730193978716297,0,0,0,0,0,0,1,0,0,1,629,3,0,24,1
1h8i,H,49,ASP,-3.5,111.1,-1.0,1,3,S,0.3067484662576687,-79.2,-6.6,9.0,22.0,0.2903225806451613,2.279658926258482,22,28,9,19,0.04103213376587927,0,0,0,0,0,0,1,0,0,1,629,3,0,24,1
1h8i,H,50,ARG,-4.5,173.4,1.0,5,0,S,0.1532258064516129,-130.2,5.6,11.0,20.0,0.3548387096774194,3.2604698270072974,26,28,25,3,0.048958795970651406,0,0,0,0,0,0,1,0,0,1,629,3,0,24,1
1h8i,H,51,TRP,-0.9,227.8,0.0,1,0,E,0.0,-126.1,141.4,15.0,26.0,0.36585365853658536,3.699548733061353,34,31,28,3,0.048492521723311866,0,0,1,0,0,0,0,0,0,-1,0,0,0,0,0
1h8i,H,52,VAL,4.2,140.0,0.0,0,0,E,0.0,-127.8,138.1,29.0,22.0,0.5686274509803921,7.037547733954254,46,21,5,16,0.05175644145468863,0,0,1,0,0,0,0,0,0,-1,0,0,0,0,0
1h8i,H,53,LEU,3.8,166.7,0.0,0,0,E,0.0,-106.5,140.7,27.0,27.0,0.5,7.20159183639099,44,3,2,1,0.04942507021799094,0,0,1,0,0,0,0,0,0,-1,0,0,0,0,0
1h8i,H,54,THR,-0.7,116.1,0.0,1,1,E,0.0,-152.8,-171.4,25.0,23.0,0.5208333333333334,8.1333121758339,46,13,10,3,0.05408781269138631,0,0,1,0,0,0,0,0,0,-1,0,0,0,0,0
1h8i,H,55,ALA,1.8,88.6,0.0,0,0,-,0.0,-91.8,135.7,26.0,22.0,0.5416666666666666,6.154645624221972,44,21,11,10,0.05688545817542354,0,0,0,0,0,0,0,0,0,-1,0,0,0,0,0
1h8i,H,56,ALA,1.8,88.6,0.0,0,0,G,0.0,-53.2,-39.2,16.0,25.0,0.3902439024390244,5.133272588905737,36,32,12,20,0.04989134446533048,0,0,0,1,0,0,0,0,0,-1,0,0,0,0,0
1h8i,H,57,HIS,-3.2,153.2,0.1,2,1,G,0.07065217391304347,-70.8,-12.0,22.0,22.0,0.5,2.8252436344528116,32,11,13,-2,0.05175644145468863,0,0,0,1,0,0,0,0,0,-1,0,0,0,0,0
1h8i,H,58,CYS,2.5,108.5,0.0,1,0,G,0.0,-66.3,-27.3,30.0,15.0,0.6666666666666666,3.1993580600894482,31,19,11,8,0.04662742473395372,0,0,0,1,0,0,0,0,0,-1,0,0,0,0,0
1h8i,H,59,LEU,3.8,166.7,0.0,0,0,T,0.012195121951219513,-109.5,-30.3,22.0,18.0,0.55,2.722383717418572,28,22,21,1,0.04662742473395372,0,0,0,0,0,1,0,0,0,-1,0,0,0,0,0
1h8i,H,60,LEU,3.8,166.7,0.0,0,0,-,0.4788732394366197,-104.4,171.7,16.0,16.0,0.5,2.786198715412612,18,16,5,11,0.045228601991935104,0,0,0,0,0,0,0,0,0,6,45,5,0,2,1
1h8i,H,60,TYR,-1.3,193.6,0.0,1,1,-,0.4788732394366197,-104.4,171.7,10.0,12.0,0.45454545454545453,2.483685883243061,13,16,8,8,0.05129016720734909,0,0,0,0,0,0,0,0,0,6,45,5,0,2,1
1h8i,H,60,PRO,-1.6,112.7,0.0,0,0,-,0.4788732394366197,-104.4,171.7,5.0,12.0,0.29411764705882354,2.0548699401286883,8,17,1,16,0.03590311704514436,0,0,0,0,0,0,0,0,0,6,45,5,0,2,1
1h8i,H,60,PRO,-1.6,112.7,0.0,0,0,-,0.4788732394366197,-104.4,171.7,7.0,6.0,0.5384615384615384,1.8513977484063198,5,14,1,13,0.027043906345693154,0,0,0,0,0,0,0,0,0,6,45,5,0,2,1
1h8i,H,60,TRP,-0.9,227.8,0.0,1,0,-,0.4788732394366197,-104.4,171.7,9.0,4.0,0.6923076923076923,1.852248701507023,7,9,2,7,0.027510180593032695,0,0,0,0,0,0,0,0,0,6,45,5,0,2,1
1h8i,H,60,ASP,-3.5,111.1,-1.0,1,3,-,0.4788732394366197,-104.4,171.7,0.0,12.0,0.0,1.7498503265971002,3,2,0,2,0.02611135785101408,0,0,0,0,0,0,0,0,0,6,45,5,0,2,1
1h8i,H,60,LYS,-3.9,168.6,1.0,2,0,-,0.4788732394366197,-104.4,171.7,11.0,6.0,0.6470588235294118,2.0049076816623117,14,16,4,12,0.03916703677652112,0,0,0,0,0,0,0,0,0,6,45,5,0,2,1
1h8i,H,60,ASN,-3.5,114.1,0.0,2,2,-,0.4788732394366197,-104.4,171.7,4.0,17.0,0.19047619047619047,1.7584051212448448,12,4,8,-4,0.03310547156110714,0,0,0,0,0,0,0,0,0,6,45,5,0,2,1
1h8i,H,60,PHE,2.8,189.9,0.0,0,0,-,0.4788732394366197,-104.4,171.7,20.0,9.0,0.6896551724137931,2.089286633486773,21,16,17,-1,0.03823448828184205,0,0,0,0,0,0,0,0,0,6,45,5,0,2,1
1h8i,H,60,THR,-0.7,116.1,0.0,1,1,-,0.4788732394366197,-104.4,171.7,1.0,20.0,0.047619047619047616,2.254147598909224,17,14,20,-6,0.032172923066428064,0,0,0,0,0,0,0,0,0,6,45,5,0,2,1
1h8i,H,61,GLU,-3.5,138.4,-1.0,1,3,G,0.16494845360824742,-50.2,-46.9,11.0,15.0,0.4230769230769231,1.9507508148337551,21,24,15,9,0.03776821403450251,0,0,0,1,0,0,0,0,0,6,45,5,0,2,1
1h8i,H,62,ASN,-3.5,114.1,0.0,2,2,G,0.7707006369426752,-66.5,-16.2,0.0,22.0,0.0,1.7714598825248637,15,14,21,-7,0.029375277582390842,0,0,0,1,0,0,0,0,0,6,45,5,0,2,1
1h8i,H,63,ASP,-3.5,111.1,-1.0,1,3,G,0.39263803680981596,-81.7,-15.6,11.0,13.0,0.4583333333333333,1.7824736408865567,15,21,9,12,0.03823448828184205,0,0,0,1,0,0,0,0,0,6,45,5,0,2,1
1h8i,H,64,LEU,3.8,166.7,0.0,0,0,E,0.006097560975609756,-130.1,168.8,22.0,10.0,0.6875,3.93093303449548,32,27,21,6,0.048958795970651406,0,0,1,0,0,0,0,0,0,6,45,5,0,2,1
1h8i,H,65,LEU,3.8,166.7,0.0,0,0,E,0.018292682926829267,-129.4,159.6,14.0,24.0,0.3684210526315789,3.2832899522786234,33,31,19,12,0.048492521723311866,0,0,1,0,0,0,0,0,0,-1,0,0,0,0,0
1h8i,H,66,VAL,4.2,140.0,0.0,0,0,E,0.0,-109.1,125.1,24.0,20.0,0.5454545454545454,5.501650222803714,43,35,9,26,0.048026247475972325,0,0,1,0,0,0,0,0,0,-1,0,0,0,0,0
1h8i,H,67,ARG,-4.5,173.4,1.0,5,0,E,0.0,-110.4,121.6,23.0,21.0,0.5227272727272727,5.672357115272221,38,36,26,10,0.048492521723311866,0,0,1,0,0,0,0,0,0,-1,0,0,0,0,0
1h8i,H,68,ILE,4.5,166.7,0.0,0,0,E,0.0,-119.4,143.3,24.0,23.0,0.5106382978723404,4.114954836157709,41,35,16,19,0.0526889899493677,0,0,1,0,0,0,0,0,0,-1,0,0,0,0,0
1h8i,H,69,GLY,-0.4,60.1,0.0,0,0,S,0.09523809523809523,84.6,20.4,17.0,21.0,0.4473684210526316,1.8253713863572392,35,46,24,22,0.04989134446533048,0,0,0,0,0,0,1,0,0,-1,0,0,0,0,0
1h8i,H,70,LYS,-3.9,168.6,1.0,2,0,-,0.05853658536585366,-84.5,162.1,24.0,21.0,0.5333333333333333,3.5777604132983143,34,44,18,26,0.053155264196707235,0,0,0,0,0,0,0,0,0,-1,0,0,0,0,0
1h8i,H,71,HIS,-3.2,153.2,0.1,2,1,-,0.22826086956521738,-133.6,-67.9,12.0,25.0,0.32432432432432434,2.1998613639940894,29,26,26,0,0.04243095650789788,0,0,0,0,0,0,0,0,0,-1,0,0,0,0,0
1h8i,H,72,SER,-0.8,89.0,0.0,1,1,B,0.038461538461538464,-56.0,144.9,9.0,21.0,0.3,2.935209594833953,25,48,24,24,0.04289723075523742,0,1,0,0,0,0,0,0,0,-1,0,0,0,0,0
1h8i,H,73,ARG,-4.5,173.4,1.0,5,0,S,0.0846774193548387,-73.1,-51.5,20.0,18.0,0.5263157894736842,2.956163870897741,31,28,22,6,0.0526889899493677,0,0,0,0,0,0,1,0,0,0,20747,11,0,2655,1
1h8i,H,74,THR,-0.7,116.1,0.0,1,1,S,0.1267605633802817,-98.4,-24.0,7.0,19.0,0.2692307692307692,2.588508896716651,25,36,36,0,0.04476232774459557,0,0,0,0,0,0,1,0,0,-1,0,0,0,0,0
1h8i,H,75,ARG,-4.5,173.4,1.0,5,0,S,0.43548387096774194,-81.3,149.7,9.0,14.0,0.391304347826087,2.2857845239658734,19,32,31,1,0.03823448828184205,0,0,0,0,0,0,1,0,0,-1,0,0,0,0,0
1h8i,H,76,TYR,-1.3,193.6,0.0,1,1,-,0.22972972972972974,-84.2,100.8,6.0,16.0,0.2727272727272727,2.202752859943034,23,42,40,2,0.04289723075523742,0,0,0,0,0,0,0,0,0,-1,0,0,0,0,0
1h8i,H,77,GLU,-3.5,138.4,-1.0,1,3,T,0.7298387096774194,-52.3,130.3,14.0,9.0,0.6086956521739131,2.1283536615186125,26,52,17,35,0.04103213376587927,0,0,0,0,0,1,0,0,0,-1,0,0,0,0,0
1h8i,H,77,ARG,-4.5,173.4,1.0,5,0,T,0.7298387096774194,-52.3,130.3,4.0,14.0,0.2222222222222222,1.8727747751402668,9,5,14,-9,0.028909003335051305,0,0,0,0,0,1,0,0,0,-1,0,0,0,0,0
1h8i,H,78,ASN,-3.5,114.1,0.0,2,2,T,0.8598726114649682,75.7,8.3,0.0,14.0,0.0,1.749723003625833,9,18,15,3,0.024246260861655933,0,0,0,0,0,1,0,0,0,-1,0,0,0,0,0
1h8i,H,79,ILE,4.5,166.7,0.0,0,0,T,0.3609467455621302,-129.7,-55.8,12.0,11.0,0.5217391304347826,2.099663230710443,20,35,25,10,0.03730193978716297,0,0,0,0,0,1,0,0,0,-1,0,0,0,0,0
1h8i,H,80,GLU,-3.5,138.4,-1.0,1,3,-,0.010309278350515464,-79.1,156.0,18.0,15.0,0.5454545454545454,3.116305744709485,28,48,11,37,0.048026247475972325,0,0,0,0,0,0,0,0,0,-1,0,0,0,0,0
1h8i,H,81,LYS,-3.9,168.6,1.0,2,0,E,0.4975609756097561,-124.7,131.8,16.0,18.0,0.47058823529411764,2.2416795836886947,26,22,18,4,0.03776821403450251,0,0,1,0,0,0,0,0,0,-1,0,0,0,0,0
1h8i,H,82,ILE,4.5,166.7,0.0,0,0,E,0.33136094674556216,-109.2,125.4,12.0,21.0,0.36363636363636365,1.8961048627206936,29,30,26,4,0.03730193978716297,0,0,1,0,0,0,0,0,0,-1,0,0,0,0,0
1h8i,H,83,SER,-0.8,89.0,0.0,1,1,E,0.11538461538461539,-123.8,146.4,23.0,11.0,0.6764705882352942,2.07388127326123,34,45,15,30,0.040565859518539735,0,0,1,0,0,0,0,0,0,-1,0,0,0,0,0
1h8i,H,84,MET,1.9,162.9,0.0,0,0,-,0.35106382978723405,-95.1,154.2,5.0,26.0,0.16129032258064516,2.0589429127501475,28,33,24,9,0.03823448828184205,0,0,0,0,0,0,0,0,0,-1,0,0,0,0,0
1h8i,H,85,LEU,3.8,166.7,0.0,0,0,E,0.07317073170731707,-91.9,136.8,16.0,13.0,0.5517241379310345,2.737516422646818,28,39,23,16,0.04989134446533048,0,0,1,0,0,0,0,0,0,-1,0,0,0,0,0
1h8i,H,86,GLU,-3.5,138.4,-1.0,1,3,E,0.4742268041237113,-89.8,-40.9,10.0,15.0,0.4,1.9306501600271224,20,43,10,33,0.03776821403450251,0,0,1,0,0,0,0,0,0,-1,0,0,0,0,0
1h8i,H,87,LYS,-3.9,168.6,1.0,2,0,E,0.4926829268292683,-166.9,141.0,5.0,23.0,0.17857142857142858,2.6629444656045473,19,16,18,-2,0.03870076252918159,0,0,1,0,0,0,0,0,0,-1,0,0,0,0,0
1h8i,H,88,ILE,4.5,166.7,0.0,0,0,E,0.10650887573964497,-103.4,142.2,19.0,18.0,0.5135135135135135,2.1603268046052957,30,17,16,1,0.04243095650789788,0,0,1,0,0,0,0,0,0,6,45,5,0,2,1
1h8i,H,89,TYR,-1.3,193.6,0.0,1,1,E,0.15765765765765766,-129.9,113.8,16.0,20.0,0.4444444444444444,2.380864131655716,26,26,13,13,0.04103213376587927,0,0,1,0,0,0,0,0,0,17,0,3,0,0,1
1h8i,H,90,ILE,4.5,166.7,0.0,0,0,E,0.2781065088757396,-99.7,146.1,16.0,16.0,0.5,1.9781556156152411,27,29,9,20,0.04289723075523742,0,0,1,0,0,0,0,0,0,-1,0,0,0,0,0
1h8i,H,91,HIS,-3.2,153.2,0.1,2,1,-,0.11956521739130435,-56.4,134.9,22.0,10.0,0.6875,2.5905798577200683,30,31,15,16,0.04243095650789788,0,0,0,0,0,0,0,0,0,3,99,6,0,7,1
1h8i,H,92,PRO,-1.6,112.7,0.0,0,0,T,0.7867647058823529,-70.8,-20.0,3.0,17.0,0.15,1.9140867973955176,18,35,3,32,0.02471253510899547,0,0,0,0,0,1,0,0,0,3,99,6,0,7,1
1h8i,H,93,ARG,-4.5,173.4,1.0,5,0,T,0.6532258064516129,-110.5,25.4,5.0,15.0,0.25,1.8879765028184041,15,23,9,14,0.028909003335051305,0,0,0,0,0,1,0,0,0,3,99,6,0,7,1
1h8i,H,94,TYR,-1.3,193.6,0.0,1,1,-,0.07657657657657657,-55.5,125.9,18.0,10.0,0.6428571428571429,2.690389363549776,27,46,21,25,0.048958795970651406,0,0,0,0,0,0,0,0,0,3,99,6,0,7,1
1h8i,H,95,ASN,-3.5,114.1,0.0,2,2,B,0.2356687898089172,-103.7,83.9,9.0,16.0,0.36,2.000262499202463,23,49,24,25,0.043829779249916496,0,1,0,0,0,0,0,0,0,16,8,1,0,0,1
1h8i,H,96,TRP,-0.9,227.8,0.0,1,0,T,0.28634361233480177,-78.0,-18.6,17.0,12.0,0.5862068965517241,2.0585035562789993,15,24,13,11,0.048492521723311866,0,0,0,0,0,1,0,0,0,2,290,5,0,22,1
1h8i,H,97,ARG,-4.5,173.4,1.0,5,0,T,0.5103092783505154,-120.8,-69.8,1.0,16.0,0.058823529411764705,1.8339468521705038,7,1,0,1,0.03124037457174899,0,0,0,0,0,1,0,0,0,16,8,1,0,0,1
1h8i,H,97,GLU,-3.5,138.4,-1.0,1,3,T,0.5103092783505154,-120.8,-69.8,11.0,8.0,0.5789473684210527,1.7475964408047358,16,16,8,8,0.027510180593032695,0,0,0,0,0,1,0,0,0,16,8,1,0,0,1
1h8i,H,98,ASN,-3.5,114.1,0.0,2,2,T,0.025477707006369428,-130.2,15.4,12.0,14.0,0.46153846153846156,2.447240363693491,22,30,24,6,0.04289723075523742,0,0,0,0,0,1,0,0,0,16,8,1,0,0,1
1h8i,H,99,LEU,3.8,166.7,0.0,0,0,-,0.13414634146341464,57.7,33.7,21.0,15.0,0.5833333333333334,2.5366377993868987,30,31,25,6,0.050823892960009553,0,0,0,0,0,0,0,0,0,-1,0,0,0,0,0
1h8i,H,100,ASP,-3.5,111.1,-1.0,1,3,B,0.03067484662576687,-64.5,140.1,11.0,23.0,0.3235294117647059,3.1396255414548744,28,52,22,30,0.05222271570202816,0,1,0,0,0,0,0,0,0,-1,0,0,0,0,0
1h8i,H,101,ARG,-4.5,173.4,1.0,5,0,T,0.16532258064516128,60.2,50.9,11.0,30.0,0.2682926829268293,3.422030822731588,25,38,21,17,0.05175644145468863,0,0,0,0,0,1,0,0,0,3,99,6,0,7,1
1h8i,H,102,ASP,-3.5,111.1,-1.0,1,3,-,0.006134969325153374,-85.4,80.4,26.0,19.0,0.5777777777777777,6.272039596844115,41,36,8,28,0.05735173242276307,0,0,0,0,0,0,0,0,0,-1,0,0,0,0,0
1h8i,H,103,ILE,4.5,166.7,0.0,0,0,-,0.0,-149.5,141.1,21.0,26.0,0.44680851063829785,6.448321058991179,41,40,13,27,0.053621538444046775,0,0,0,0,0,0,0,0,0,-1,0,0,0,0,0
1h8i,H,104,ALA,1.8,88.6,0.0,0,0,E,0.0,-148.8,153.2,20.0,20.0,0.5,6.233923629210928,38,24,8,16,0.05035761871267001,0,0,1,0,0,0,0,0,0,-1,0,0,0,0,0
1h8i,H,105,LEU,3.8,166.7,0.0,0,0,E,0.0,-114.8,153.2,22.0,21.0,0.5116279069767442,5.453442441581635,36,24,2,22,0.05408781269138631,0,0,1,0,0,0,0,0,0,-1,0,0,0,0,0
1h8i,H,106,MET,1.9,162.9,0.0,0,0,E,0.0,-132.5,127.2,26.0,21.0,0.5531914893617021,6.870842565747807,41,22,15,7,0.05408781269138631,0,0,1,0,0,0,0,0,0,-1,0,0,0,0,0
1h8i,H,107,LYS,-3.9,168.6,1.0,2,0,E,0.06341463414634146,-97.3,133.2,12.0,23.0,0.34285714285714286,3.7209548402340067,28,32,28,4,0.05688545817542354,0,0,1,0,0,0,0,0,0,-1,0,0,0,0,0
1h8i,H,108,LEU,3.8,166.7,0.0,0,0,E,0.0,-84.8,154.7,20.0,15.0,0.5714285714285714,3.8476700544609073,36,44,25,19,0.053621538444046775,0,0,1,0,0,0,0,0,0,1,629,3,0,24,1
1h8i,H,109,LYS,-3.9,168.6,1.0,2,0,S,0.43902439024390244,-69.0,-35.3,9.0,14.0,0.391304347826087,1.9835571673999348,19,33,16,17,0.03730193978716297,0,0,0,0,0,0,1,0,0,-1,0,0,0,0,0
1h8i,H,110,LYS,-3.9,168.6,1.0,2,0,S,0.7317073170731707,-134.3,154.5,6.0,15.0,0.2857142857142857,1.9113072437536485,15,25,18,7,0.03450429430312575,0,0,0,0,0,0,1,0,0,1,629,3,0,24,1
1h8i,H,111,PRO,-1.6,112.7,0.0,0,0,P,0.5073529411764706,-64.3,138.8,6.0,18.0,0.25,2.0312685280108,20,35,16,19,0.032172923066428064,0,0,0,0,0,0,0,0,0,1,629,3,0,24,1
1h8i,H,112,VAL,4.2,140.0,0.0,0,0,P,0.06338028169014084,-92.6,138.3,27.0,5.0,0.84375,2.1852330423060358,30,35,14,21,0.0363693912924839,0,0,0,0,0,0,0,0,0,1,629,3,0,24,1
1h8i,H,113,ALA,1.8,88.6,0.0,0,0,P,0.6981132075471698,-78.7,136.3,5.0,17.0,0.22727272727272727,1.8649506671346057,23,22,14,8,0.025178809356335007,0,0,0,0,0,0,0,0,0,1,629,3,0,24,1
1h8i,H,114,PHE,2.8,189.9,0.0,0,0,P,0.4619289340101523,-76.7,154.4,15.0,13.0,0.5357142857142857,1.8500726411866237,23,19,21,-2,0.030307826077069916,0,0,0,0,0,0,0,0,0,1,629,3,0,24,1
1h8i,H,115,SER,-0.8,89.0,0.0,1,1,B,0.35384615384615387,-153.3,-166.5,12.0,12.0,0.5,1.7602792531752742,24,24,12,12,0.02797645484037223,0,1,0,0,0,0,0,0,0,-1,0,0,0,0,0
1h8i,H,116,ASP,-3.5,111.1,-1.0,1,3,T,0.4662576687116564,-64.7,-24.3,7.0,20.0,0.25925925925925924,2.1627666272139954,20,29,0,29,0.032639197313767604,0,0,0,0,0,1,0,0,0,-1,0,0,0,0,0
1h8i,H,117,TYR,-1.3,193.6,0.0,1,1,T,0.35135135135135137,-107.7,-10.1,13.0,20.0,0.3939393939393939,2.0270965336484177,27,28,23,5,0.045228601991935104,0,0,0,0,0,1,0,0,0,-1,0,0,0,0,0
1h8i,H,118,ILE,4.5,166.7,0.0,0,0,B,0.005917159763313609,-130.7,110.8,16.0,23.0,0.41025641025641024,3.101684399990959,33,31,19,12,0.05035761871267001,0,1,0,0,0,0,0,0,0,-1,0,0,0,0,0
1h8i,H,119,HIS,-3.2,153.2,0.1,2,1,-,0.07065217391304347,-158.0,143.5,19.0,23.0,0.4523809523809524,3.13550300563763,33,15,21,-6,0.05595290968074446,0,0,0,0,0,0,0,0,0,-1,0,0,0,0,0
1h8i,H,120,PRO,-1.6,112.7,0.0,0,0,P,0.08088235294117647,-81.6,149.9,15.0,27.0,0.35714285714285715,2.852063511380841,34,23,15,8,0.04989134446533048,0,0,0,0,0,0,0,0,0,-1,0,0,0,0,0
1h8i,H,121,VAL,4.2,140.0,0.0,0,0,P,0.014084507042253521,-89.6,157.3,24.0,17.0,0.5853658536585366,3.591899915155282,37,22,5,17,0.05548663543340492,0,0,0,0,0,0,0,0,0,-1,0,0,0,0,0
1h8i,H,122,CYS,2.5,108.5,0.0,1,0,B,0.022222222222222223,-84.7,155.0,18.0,21.0,0.46153846153846156,2.355320969453554,32,22,10,12,0.04476232774459557,0,1,0,0,0,0,0,0,0,15,4,8,0,0,1
1h8i,H,123,LEU,3.8,166.7,0.0,0,0,-,0.21341463414634146,-105.0,140.1,16.0,26.0,0.38095238095238093,2.004364947242645,36,16,8,8,0.04149840801321881,0,0,0,0,0,0,0,0,0,15,4,8,0,0,1
1h8i,H,124,PRO,-1.6,112.7,0.0,0,0,-,0.0,-66.2,147.0,23.0,12.0,0.6571428571428571,3.4175105275924067,32,32,17,15,0.045228601991935104,0,0,0,0,0,0,0,0,0,15,4,8,0,0,1
1h8i,H,125,ASP,-3.5,111.1,-1.0,1,3,-,0.31901840490797545,-100.2,176.1,2.0,22.0,0.08333333333333333,2.068922114812213,19,20,9,11,0.03450429430312575,0,0,0,0,0,0,0,0,0,15,4,8,0,0,1
1h8i,H,126,ARG,-4.5,173.4,1.0,5,0,H,0.7379032258064516,-54.2,-40.6,1.0,18.0,0.05263157894736842,1.8821521106919286,10,10,17,-7,0.02984155182973038,1,0,0,0,0,0,0,0,0,18,0,1,0,0,1
1h8i,H,127,GLU,-3.5,138.4,-1.0,1,3,H,0.634020618556701,-70.5,-37.5,2.0,14.0,0.125,1.7761681205589195,14,13,8,5,0.027510180593032695,1,0,0,0,0,0,0,0,0,18,0,1,0,0,1
1h8i,H,128,THR,-0.7,116.1,0.0,1,1,H,0.07042253521126761,-53.5,-54.2,18.0,10.0,0.6428571428571429,2.0775144241441565,23,20,17,3,0.04103213376587927,1,0,0,0,0,0,0,0,0,14,8,9,0,0,1
1h8i,H,129,ALA,1.8,88.6,0.0,0,0,H,0.006097560975609756,-96.4,-28.9,14.0,14.0,0.5,2.251263170013453,22,21,17,4,0.04289723075523742,1,0,0,0,0,0,0,0,0,14,8,9,0,0,1
1h8i,H,129,ALA,1.8,88.6,0.0,0,0,H,0.006097560975609756,-96.4,-28.9,3.0,14.0,0.17647058823529413,1.7675554935426572,15,14,17,-3,0.032172923066428064,1,0,0,0,0,0,0,0,0,14,8,9,0,0,1
1h8i,H,129,SER,-0.8,89.0,0.0,1,1,H,0.006097560975609756,-96.4,-28.9,12.0,9.0,0.5714285714285714,1.7955581332434587,17,8,14,-6,0.030774100324409453,1,0,0,0,0,0,0,0,0,14,8,9,0,0,1
1h8i,H,129,LEU,3.8,166.7,0.0,0,0,H,0.006097560975609756,-96.4,-28.9,22.0,12.0,0.6470588235294118,2.9354043356028616,28,14,9,5,0.04429605349725603,1,0,0,0,0,0,0,0,0,14,8,9,0,0,1
1h8i,H,130,LEU,3.8,166.7,0.0,0,0,-,0.22560975609756098,-84.3,75.9,21.0,20.0,0.5121951219512195,2.1417840701049338,33,22,5,17,0.040565859518539735,0,0,0,0,0,0,0,0,0,14,8,9,0,0,1
1h8i,H,131,GLN,-3.5,143.8,0.0,2,2,S,0.4090909090909091,-130.7,146.3,9.0,15.0,0.375,2.0412798580802094,15,4,7,-3,0.032639197313767604,0,0,0,0,0,0,1,0,0,14,8,9,0,0,1
1h8i,H,132,ALA,1.8,88.6,0.0,0,0,T,0.42452830188679247,-58.8,138.0,6.0,20.0,0.23076923076923078,1.8236885696836702,25,15,10,5,0.032172923066428064,0,0,0,0,0,1,0,0,0,7,24,10,0,2,1
1h8i,H,133,GLY,-0.4,60.1,0.0,0,0,T,0.4642857142857143,90.4,-24.1,4.0,23.0,0.14814814814814814,1.7097081998957413,21,13,17,-4,0.03590311704514436,0,0,0,0,0,1,0,0,0,7,24,10,0,2,1
1h8i,H,134,TYR,-1.3,193.6,0.0,1,1,-,0.1036036036036036,-72.1,137.1,16.0,18.0,0.47058823529411764,2.6812522854834158,18,12,7,5,0.04942507021799094,0,0,0,0,0,0,0,0,0,7,24,10,0,2,1
1h8i,H,135,LYS,-3.9,168.6,1.0,2,0,E,0.16585365853658537,-97.2,146.0,14.0,22.0,0.3888888888888889,3.851403015489004,23,23,24,-1,0.0526889899493677,0,0,1,0,0,0,0,0,0,7,24,10,0,2,1
1h8i,H,136,GLY,-0.4,60.1,0.0,0,0,E,0.0,-120.5,-178.1,24.0,23.0,0.5106382978723404,6.466334975173667,32,25,14,11,0.05175644145468863,0,0,1,0,0,0,0,0,0,-1,0,0,0,0,0
1h8i,H,137,ARG,-4.5,173.4,1.0,5,0,E,0.016129032258064516,-127.8,131.8,20.0,25.0,0.4444444444444444,4.597664953300336,31,24,26,-2,0.04616115048661418,0,0,1,0,0,0,0,0,0,-1,0,0,0,0,0
1h8i,H,138,VAL,4.2,140.0,0.0,0,0,E,0.0,-118.0,142.4,28.0,26.0,0.5185185185185185,5.235381640141947,47,13,17,-4,0.053621538444046775,0,0,1,0,0,0,0,0,0,-1,0,0,0,0,0
1h8i,H,139,THR,-0.7,116.1,0.0,1,1,E,0.007042253521126761,-136.2,143.7,21.0,33.0,0.3888888888888889,6.405473669646554,47,12,12,0,0.04755997322863279,0,0,1,0,0,0,0,0,0,-1,0,0,0,0,0
1h8i,H,140,GLY,-0.4,60.1,0.0,0,0,E,0.0,176.8,166.8,28.0,22.0,0.56,6.464712646630106,43,17,18,-1,0.0526889899493677,0,0,1,0,0,0,0,0,0,0,20747,11,0,2655,1
1h8i,H,141,TRP,-0.9,227.8,0.0,1,0,S,0.01762114537444934,-104.5,22.7,19.0,28.0,0.40425531914893614,4.234992759434116,43,41,14,27,0.05129016720734909,0,0,0,0,0,0,1,0,0,0,20747,11,0,2655,1
1h8i,H,142,GLY,-0.4,60.1,0.0,0,0,S,0.011904761904761904,-75.6,-179.9,26.0,16.0,0.6190476190476191,2.1940609221329517,37,15,22,-7,0.04616115048661418,0,0,0,0,0,0,1,0,0,0,20747,11,0,2655,1
1h8i,H,143,ASN,-3.5,114.1,0.0,2,2,-,0.07643312101910828,-51.3,144.5,11.0,25.0,0.3055555555555556,2.553224035783886,26,15,26,-11,0.04989134446533048,0,0,0,0,0,0,0,0,0,0,20747,11,0,2655,1
1h8i,H,144,LEU,3.8,166.7,0.0,0,0,S,0.3231707317073171,-81.1,-19.7,10.0,24.0,0.29411764705882354,2.25026413046932,30,13,29,-16,0.043829779249916496,0,0,0,0,0,0,1,0,0,-1,0,0,0,0,0
1h8i,H,145,LYS,-3.9,168.6,1.0,2,0,S,0.5756097560975609,-140.2,154.3,4.0,21.0,0.16,2.3035231477814304,20,0,29,-29,0.040099585271200194,0,0,0,0,0,0,1,0,0,-1,0,0,0,0,0
1h8i,H,146,GLU,-3.5,138.4,-1.0,1,3,S,0.3556701030927835,-57.2,-40.5,8.0,16.0,0.3333333333333333,1.8112831305317663,16,19,27,-8,0.03730193978716297,0,0,0,0,0,0,1,0,0,-1,0,0,0,0,0
1h8i,H,147,THR,-0.7,116.1,0.0,1,1,-,0.8028169014084507,-153.5,147.6,1.0,14.0,0.06666666666666667,1.801838772702532,13,12,15,-3,0.02471253510899547,0,0,0,0,0,0,0,0,0,-1,0,0,0,0,0
1h8i,H,148,TRP,-0.9,227.8,0.0,1,0,-,0.7444933920704846,-143.5,360.0,6.0,2.0,0.75,1.8060164925700701,11,9,11,-2,0.019117244140921023,0,0,0,0,0,0,0,0,0,-1,0,0,0,0,0
1h8i,H,150,GLY,-0.4,60.1,0.0,0,0,-,0.25,360.0,178.3,3.0,13.0,0.1875,2.2483683571290567,18,14,11,3,0.029375277582390842,0,0,0,0,0,0,0,0,0,-1,0,0,0,0,0
1h8i,H,151,GLN,-3.5,143.8,0.0,2,2,-,0.5202020202020202,-135.2,360.0,13.0,13.0,0.5,1.752929851220343,20,17,11,6,0.030307826077069916,0,0,0,0,0,0,0,0,0,-1,0,0,0,0,0
1h8i,H,152,PRO,-1.6,112.7,0.0,0,0,-,0.022058823529411766,360.0,168.3,24.0,7.0,0.7741935483870968,2.35397842778963,30,18,14,4,0.03963331102386066,0,0,0,0,0,0,0,0,0,0,20747,11,0,2655,1
1h8i,H,153,SER,-0.8,89.0,0.0,1,1,-,0.43846153846153846,-80.6,-36.4,2.0,21.0,0.08695652173913043,2.0898804301960827,23,34,15,19,0.034970568550465285,0,0,0,0,0,0,0,0,0,-1,0,0,0,0,0
1h8i,H,154,VAL,4.2,140.0,0.0,0,0,B,0.09859154929577464,-133.3,159.3,7.0,19.0,0.2692307692307692,2.1838763464263193,24,35,16,19,0.04429605349725603,0,1,0,0,0,0,0,0,0,0,20747,11,0,2655,1
1h8i,H,155,LEU,3.8,166.7,0.0,0,0,-,0.024390243902439025,-45.9,137.5,19.0,21.0,0.475,3.5338209694377354,38,30,19,11,0.053621538444046775,0,0,0,0,0,0,0,0,0,0,20747,11,0,2655,1
1h8i,H,156,GLN,-3.5,143.8,0.0,2,2,E,0.06060606060606061,-107.6,154.7,21.0,19.0,0.525,3.4611942995596894,34,16,23,-7,0.048958795970651406,0,0,1,0,0,0,0,0,0,0,20747,11,0,2655,1
1h8i,H,157,VAL,4.2,140.0,0.0,0,0,E,0.06338028169014084,-135.4,145.7,17.0,24.0,0.4146341463414634,2.275037222772749,34,18,32,-14,0.048026247475972325,0,0,1,0,0,0,0,0,0,13,7,9,0,0,1
1h8i,H,158,VAL,4.2,140.0,0.0,0,0,E,0.08450704225352113,-150.9,136.0,21.0,23.0,0.4772727272727273,2.5707506891343277,36,24,28,-4,0.04616115048661418,0,0,1,0,0,0,0,0,0,13,7,9,0,0,1
1h8i,H,159,ASN,-3.5,114.1,0.0,2,2,E,0.07006369426751592,-99.3,133.3,15.0,26.0,0.36585365853658536,1.9473767901253822,31,42,21,21,0.043363505002576956,0,0,1,0,0,0,0,0,0,-1,0,0,0,0,0
1h8i,H,160,LEU,3.8,166.7,0.0,0,0,E,0.0,-141.4,140.6,27.0,15.0,0.6428571428571429,3.677408402061868,36,31,20,11,0.048492521723311866,0,0,1,0,0,0,0,0,0,-1,0,0,0,0,0
1h8i,H,161,PRO,-1.6,112.7,0.0,0,0,E,0.051470588235294115,-79.7,143.1,14.0,26.0,0.35,2.692027161737784,30,33,17,16,0.045694876239274644,0,0,1,0,0,0,0,0,0,7,24,10,0,2,1
1h8i,H,162,ILE,4.5,166.7,0.0,0,0,B,0.0650887573964497,-69.4,140.5,22.0,18.0,0.55,2.730056754378663,33,18,11,7,0.05035761871267001,0,1,0,0,0,0,0,0,0,7,24,10,0,2,1
1h8i,H,163,VAL,4.2,140.0,0.0,0,0,-,0.04929577464788732,-107.1,143.8,20.0,11.0,0.6451612903225806,2.234689103027526,30,23,13,10,0.04662742473395372,0,0,0,0,0,0,0,0,0,-1,0,0,0,0,0
1h8i,H,164,GLU,-3.5,138.4,-1.0,1,3,-,0.4381443298969072,-53.4,143.0,4.0,19.0,0.17391304347826086,2.061331455487151,21,20,6,14,0.032172923066428064,0,0,0,0,0,0,0,0,0,-1,0,0,0,0,0
1h8i,H,165,ARG,-4.5,173.4,1.0,5,0,H,0.3588709677419355,-62.9,-38.7,8.0,16.0,0.3333333333333333,1.9810871617567478,24,13,19,-6,0.032639197313767604,1,0,0,0,0,0,0,0,0,5,72,3,0,2,1
1h8i,H,166,PRO,-1.6,112.7,0.0,0,0,H,0.6323529411764706,-61.4,-36.4,1.0,14.0,0.06666666666666667,1.900436774472471,15,23,17,6,0.027043906345693154,1,0,0,0,0,0,0,0,0,-1,0,0,0,0,0
1h8i,H,167,VAL,4.2,140.0,0.0,0,0,H,0.3380281690140845,-70.1,-42.9,13.0,9.0,0.5909090909090909,1.9953915263359467,21,28,17,11,0.034970568550465285,1,0,0,0,0,0,0,0,0,-1,0,0,0,0,0
1h8i,H,168,CYS,2.5,108.5,0.0,1,0,H,0.02962962962962963,-54.1,-52.2,20.0,13.0,0.6060606060606061,3.231760108712924,30,32,16,16,0.05035761871267001,1,0,0,0,0,0,0,0,0,-1,0,0,0,0,0
1h8i,H,169,LYS,-3.9,168.6,1.0,2,0,H,0.40487804878048783,-61.9,-43.1,7.0,17.0,0.2916666666666667,2.0518125919999055,21,21,15,6,0.03870076252918159,1,0,0,0,0,0,0,0,0,5,72,3,0,2,1
1h8i,H,170,ASP,-3.5,111.1,-1.0,1,3,H,0.8895705521472392,-70.4,-8.1,6.0,11.0,0.35294117647058826,1.7184402551141058,17,22,3,19,0.02471253510899547,1,0,0,0,0,0,0,0,0,-1,0,0,0,0,0
1h8i,H,171,SER,-0.8,89.0,0.0,1,1,T,0.1,-89.8,-9.0,21.0,6.0,0.7777777777777778,2.0708621144450508,26,31,21,10,0.035436842797804825,0,0,0,0,0,1,0,0,0,-1,0,0,0,0,0
1h8i,H,172,THR,-0.7,116.1,0.0,1,1,-,0.1619718309859155,-141.6,158.2,18.0,4.0,0.8181818181818182,1.8752431555888793,21,36,17,19,0.03450429430312575,0,0,0,0,0,0,0,0,0,-1,0,0,0,0,0
1h8i,H,173,ARG,-4.5,173.4,1.0,5,0,S,1.0,-95.3,-11.5,2.0,11.0,0.15384615384615385,1.8069200520920168,10,9,8,1,0.02144861537761871,0,0,0,0,0,0,1,0,0,-1,0,0,0,0,0
1h8i,H,174,ILE,4.5,166.7,0.0,0,0,S,0.42011834319526625,-69.9,142.2,16.0,5.0,0.7619047619047619,1.9722593905202093,20,28,19,9,0.03170664881908853,0,0,0,0,0,0,1,0,0,16,8,1,0,0,1
1h8i,H,175,ARG,-4.5,173.4,1.0,5,0,-,0.5,-70.7,115.3,6.0,13.0,0.3157894736842105,2.058443743710245,18,16,22,-6,0.03170664881908853,0,0,0,0,0,0,0,0,0,16,8,1,0,0,1
1h8i,H,176,ILE,4.5,166.7,0.0,0,0,-,0.11242603550295859,-88.3,139.4,17.0,13.0,0.5666666666666667,2.258291025240262,25,35,23,12,0.04429605349725603,0,0,0,0,0,0,0,0,0,16,8,1,0,0,1
1h8i,H,177,THR,-0.7,116.1,0.0,1,1,-,0.07746478873239436,-119.0,178.7,12.0,12.0,0.5,2.3116843618550127,25,49,20,29,0.034970568550465285,0,0,0,0,0,0,0,0,0,16,8,1,0,0,1
1h8i,H,178,ASP,-3.5,111.1,-1.0,1,3,T,0.5460122699386503,-73.6,-9.7,3.0,17.0,0.15,1.7206910982129793,18,45,6,39,0.030774100324409453,0,0,0,0,0,1,0,0,0,5,72,3,0,2,1
1h8i,H,179,ASN,-3.5,114.1,0.0,2,2,T,0.06369426751592357,-85.3,2.3,14.0,16.0,0.4666666666666667,2.953011558036674,30,54,22,32,0.04709369898129325,0,0,0,0,0,1,0,0,0,5,72,3,0,2,1
1h8i,H,180,MET,1.9,162.9,0.0,0,0,E,0.02127659574468085,-124.1,158.3,23.0,16.0,0.5897435897435898,3.5806412880865843,31,49,23,26,0.05175644145468863,0,0,1,0,0,0,0,0,0,5,72,3,0,2,1
1h8i,H,181,PHE,2.8,189.9,0.0,0,0,E,0.08121827411167512,-143.7,158.9,19.0,24.0,0.4418604651162791,3.0164827725526475,41,23,8,15,0.04942507021799094,0,0,1,0,0,0,0,0,0,-1,0,0,0,0,0
1h8i,H,182,CYS,2.5,108.5,0.0,1,0,E,0.007407407407407408,-124.4,153.9,22.0,27.0,0.4489795918367347,2.8075583701013342,38,26,11,15,0.05129016720734909,0,0,1,0,0,0,0,0,0,-1,0,0,0,0,0
1h8i,H,183,ALA,1.8,88.6,0.0,0,0,E,0.0,-145.1,155.3,28.0,21.0,0.5714285714285714,3.1018187628822402,39,21,15,6,0.05175644145468863,0,0,1,0,0,0,0,0,0,-1,0,0,0,0,0
1h8i,H,184,GLY,-0.4,60.1,0.0,0,0,-,0.12612612612612611,-84.9,151.9,24.0,22.0,0.5217391304347826,2.147050680256066,34,38,31,7,0.048492521723311866,0,0,0,0,0,0,0,0,0,8,61,3,0,2,1
1h8i,H,184,TYR,-1.3,193.6,0.0,1,1,-,0.12612612612612611,-84.9,151.9,15.0,19.0,0.4411764705882353,2.034014167145473,25,39,34,5,0.048026247475972325,0,0,0,0,0,0,0,0,0,8,61,3,0,2,1
1h8i,H,185,LYS,-3.9,168.6,1.0,2,0,-,0.2,-82.7,161.4,9.0,19.0,0.32142857142857145,2.0020747179739113,18,14,32,-18,0.035436842797804825,0,0,0,0,0,0,0,0,0,-1,0,0,0,0,0
1h8i,H,186,PRO,-1.6,112.7,0.0,0,0,-,0.5317073170731708,-127.0,156.3,5.0,11.0,0.3125,1.8339310258503088,9,28,11,17,0.029375277582390842,0,0,0,0,0,0,0,0,0,8,61,3,0,2,1
1h8i,H,186,ASP,-3.5,111.1,-1.0,1,3,-,0.5317073170731708,-127.0,156.3,0.0,10.0,0.0,1.6721085527814432,6,10,4,6,0.01818469564624195,0,0,0,0,0,0,0,0,0,8,61,3,0,2,1
1h8i,H,186,GLU,-3.5,138.4,-1.0,1,3,-,0.5317073170731708,-127.0,156.3,11.0,3.0,0.7857142857142857,1.796793563920553,13,19,2,17,0.025645083603674543,0,0,0,0,0,0,0,0,0,8,61,3,0,2,1
1h8i,H,186,GLY,-0.4,60.1,0.0,0,0,-,0.5317073170731708,-127.0,156.3,1.0,10.0,0.09090909090909091,1.709636758582342,7,17,6,11,0.02611135785101408,0,0,0,0,0,0,0,0,0,8,61,3,0,2,1
1h8i,H,186,LYS,-3.9,168.6,1.0,2,0,-,0.5317073170731708,-127.0,156.3,8.0,12.0,0.4,1.9416619840071014,12,22,14,8,0.027043906345693154,0,0,0,0,0,0,0,0,0,8,61,3,0,2,1
1h8i,H,187,ARG,-4.5,173.4,1.0,5,0,-,0.3951612903225806,-128.9,-172.2,9.0,20.0,0.3103448275862069,1.8300858896508623,17,22,42,-20,0.03590311704514436,0,0,0,0,0,0,0,0,0,8,61,3,0,2,1
1h8i,H,188,GLY,-0.4,60.1,0.0,0,0,-,0.07142857142857142,130.9,141.6,18.0,21.0,0.46153846153846156,2.0210780698388326,31,31,30,1,0.04616115048661418,0,0,0,0,0,0,0,0,0,-1,0,0,0,0,0
1h8i,H,189,ASP,-3.5,111.1,-1.0,1,3,B,0.0736196319018405,-165.2,165.8,23.0,30.0,0.4339622641509434,2.35183108599062,39,28,36,-8,0.04755997322863279,0,1,0,0,0,0,0,0,0,-1,0,0,0,0,0
1h8i,H,190,ALA,1.8,88.6,0.0,0,0,-,0.09433962264150944,-82.2,160.3,26.0,25.0,0.5098039215686274,2.0110336138439338,46,9,45,-36,0.048492521723311866,0,0,0,0,0,0,0,0,0,-1,0,0,0,0,0
1h8i,H,191,CYS,2.5,108.5,0.0,1,0,-,0.07407407407407407,-143.1,-177.7,23.0,20.0,0.5348837209302325,2.0790543711123077,39,8,45,-37,0.048026247475972325,0,0,0,0,0,0,0,0,0,-1,0,0,0,0,0
1h8i,H,192,GLU,-3.5,138.4,-1.0,1,3,T,0.6752577319587629,-46.7,122.8,9.0,25.0,0.2647058823529412,1.708498805149845,29,9,19,-10,0.02984155182973038,0,0,0,0,0,1,0,0,0,-1,0,0,0,0,0
1h8i,H,193,GLY,-0.4,60.1,0.0,0,0,T,0.2619047619047619,103.6,-12.9,17.0,23.0,0.425,2.3644034938381573,40,11,20,-9,0.0363693912924839,0,0,0,0,0,1,0,0,0,0,20747,11,0,2655,1
1h8i,H,194,ASP,-3.5,111.1,-1.0,1,3,-,0.0,-88.4,-16.6,30.0,20.0,0.6,3.2737469336230736,42,2,16,-14,0.045694876239274644,0,0,0,0,0,0,0,0,0,0,20747,11,0,2655,1
1h8i,H,195,SER,-0.8,89.0,0.0,1,1,T,0.14615384615384616,-53.7,143.1,17.0,31.0,0.3541666666666667,2.5339076190674814,44,13,20,-7,0.045228601991935104,0,0,0,0,0,1,0,0,0,-1,0,0,0,0,0
1h8i,H,196,GLY,-0.4,60.1,0.0,0,0,T,0.0,93.6,-22.4,27.0,22.0,0.5510204081632653,6.251860750728231,46,10,15,-5,0.05502036118606539,0,0,0,0,0,1,0,0,0,-1,0,0,0,0,0
1h8i,H,197,GLY,-0.4,60.1,0.0,0,0,-,0.0,-74.6,176.1,25.0,29.0,0.46296296296296297,6.553573859086959,50,5,10,-5,0.05455408693872585,0,0,0,0,0,0,0,0,0,-1,0,0,0,0,0
1h8i,H,198,PRO,-1.6,112.7,0.0,0,0,E,0.0,-96.1,146.6,22.0,29.0,0.43137254901960786,7.671488202883625,48,8,7,1,0.056419183928083996,0,0,1,0,0,0,0,0,0,-1,0,0,0,0,0
1h8i,H,199,PHE,2.8,189.9,0.0,0,0,E,0.0,-107.6,113.6,25.0,29.0,0.46296296296296297,6.7778330859120635,41,18,0,18,0.05035761871267001,0,0,1,0,0,0,0,0,0,-1,0,0,0,0,0
1h8i,H,200,VAL,4.2,140.0,0.0,0,0,E,0.014084507042253521,-120.8,157.6,22.0,27.0,0.4489795918367347,8.95547407162384,41,30,1,29,0.05222271570202816,0,0,1,0,0,0,0,0,0,-1,0,0,0,0,0
1h8i,H,201,MET,1.9,162.9,0.0,0,0,E,0.0,-135.0,152.2,23.0,23.0,0.5,6.482850987254847,32,30,2,28,0.05595290968074446,0,0,1,0,0,0,0,0,0,-1,0,0,0,0,0
1h8i,H,202,LYS,-3.9,168.6,1.0,2,0,E,0.04390243902439024,-107.4,114.5,18.0,26.0,0.4090909090909091,3.4896500435825732,28,30,31,-1,0.05129016720734909,0,0,1,0,0,0,0,0,0,9,24,7,0,1,1
1h8i,H,203,SER,-0.8,89.0,0.0,1,1,-,0.05384615384615385,-63.6,133.0,19.0,17.0,0.5277777777777778,2.4901344515965063,22,19,8,11,0.048492521723311866,0,0,0,0,0,0,0,0,0,12,25,2,0,0,1
1h8i,H,204,PRO,-1.6,112.7,0.0,0,0,T,0.43312101910828027,-123.1,3.6,11.0,10.0,0.5238095238095238,2.070430754623101,11,15,4,11,0.03357174580844668,0,0,0,0,0,1,0,0,0,12,25,2,0,0,1
1h8i,H,204,PHE,2.8,189.9,0.0,0,0,T,0.43312101910828027,-123.1,3.6,5.0,10.0,0.3333333333333333,1.8498602549636758,10,11,5,6,0.020516066882939634,0,0,0,0,0,1,0,0,0,12,25,2,0,0,1
1h8i,H,204,ASN,-3.5,114.1,0.0,2,2,T,0.43312101910828027,-123.1,3.6,9.0,7.0,0.5625,1.7602163693022599,16,20,5,15,0.027043906345693154,0,0,0,0,0,1,0,0,0,12,25,2,0,0,1
1h8i,H,205,ASN,-3.5,114.1,0.0,2,2,-,0.4713375796178344,63.4,24.1,8.0,17.0,0.32,2.085668132408839,20,33,18,15,0.03823448828184205,0,0,0,0,0,0,0,0,0,12,25,2,0,0,1
1h8i,H,206,ARG,-4.5,173.4,1.0,5,0,-,0.23790322580645162,-105.5,152.3,13.0,16.0,0.4482758620689655,2.878699620856143,23,21,18,3,0.048492521723311866,0,0,0,0,0,0,0,0,0,9,24,7,0,1,1
1h8i,H,207,TRP,-0.9,227.8,0.0,1,0,E,0.004405286343612335,-88.7,133.8,21.0,18.0,0.5384615384615384,6.308222916141486,33,42,22,20,0.058750555164781684,0,0,1,0,0,0,0,0,0,-1,0,0,0,0,0
1h8i,H,208,TYR,-1.3,193.6,0.0,1,1,E,0.0990990990990991,-118.8,140.8,21.0,23.0,0.4772727272727273,3.84759804375852,30,22,10,12,0.05548663543340492,0,0,1,0,0,0,0,0,0,-1,0,0,0,0,0
1h8i,H,209,GLN,-3.5,143.8,0.0,2,2,E,0.0,-90.4,105.3,24.0,22.0,0.5217391304347826,6.633877783349565,42,10,1,9,0.05175644145468863,0,0,1,0,0,0,0,0,0,-1,0,0,0,0,0
1h8i,H,210,MET,1.9,162.9,0.0,0,0,E,0.0,-91.6,-29.0,26.0,23.0,0.5306122448979592,6.280121061439392,39,24,4,20,0.053621538444046775,0,0,1,0,0,0,0,0,0,14,8,9,0,0,1
1h8i,H,211,GLY,-0.4,60.1,0.0,0,0,E,0.0,-137.3,169.0,24.0,26.0,0.48,7.15610818738778,46,15,3,12,0.05502036118606539,0,0,1,0,0,0,0,0,0,-1,0,0,0,0,0
1h8i,H,212,ILE,4.5,166.7,0.0,0,0,E,0.0,-125.5,130.8,29.0,25.0,0.5370370370370371,6.493904720914361,43,17,11,6,0.056419183928083996,0,0,1,0,0,0,0,0,0,-1,0,0,0,0,0
1h8i,H,213,VAL,4.2,140.0,0.0,0,0,E,0.04929577464788732,-55.2,117.0,22.0,29.0,0.43137254901960786,3.10139246162677,47,10,24,-14,0.05129016720734909,0,0,1,0,0,0,0,0,0,-1,0,0,0,0,0
1h8i,H,214,SER,-0.8,89.0,0.0,1,1,E,0.023076923076923078,-115.1,-62.7,23.0,24.0,0.48936170212765956,2.7789611494155673,39,16,19,-3,0.05035761871267001,0,0,1,0,0,0,0,0,0,-1,0,0,0,0,0
1h8i,H,215,TRP,-0.9,227.8,0.0,1,0,E,0.1762114537444934,-153.5,167.9,13.0,28.0,0.3170731707317073,1.9604228661645189,36,14,22,-8,0.03823448828184205,0,0,1,0,0,0,0,0,0,-1,0,0,0,0,0
1h8i,H,216,GLY,-0.4,60.1,0.0,0,0,-,0.4166666666666667,-171.1,153.8,23.0,14.0,0.6216216216216216,1.7096177238262902,29,23,30,-7,0.03823448828184205,0,0,0,0,0,0,0,0,0,-1,0,0,0,0,0
1h8i,H,217,GLU,-3.5,138.4,-1.0,1,3,S,0.42783505154639173,-92.8,87.8,11.0,13.0,0.4583333333333333,1.7363509211235344,19,26,16,10,0.03124037457174899,0,0,0,0,0,0,1,0,0,-1,0,0,0,0,0
1h8i,H,219,GLY,-0.4,60.1,0.0,0,0,S,0.23809523809523808,82.5,-161.7,11.0,14.0,0.44,1.7094794839881575,22,23,46,-23,0.030774100324409453,0,0,0,0,0,0,1,0,0,-1,0,0,0,0,0
1h8i,H,220,CYS,2.5,108.5,0.0,1,0,S,0.1037037037037037,-134.1,120.4,16.0,15.0,0.5161290322580645,2.043266340787039,25,30,52,-22,0.043363505002576956,0,0,0,0,0,0,1,0,0,-1,0,0,0,0,0
1h8i,H,221,ASP,-3.5,111.1,-1.0,1,3,-,0.4153225806451613,-83.6,139.8,18.0,17.0,0.5142857142857142,1.7252269349792828,28,31,37,-6,0.043829779249916496,0,0,0,0,0,0,0,0,0,-1,0,0,0,0,0
1h8i,H,221,ARG,-4.5,173.4,1.0,5,0,-,0.4153225806451613,-83.6,139.8,11.0,15.0,0.4230769230769231,1.825358329017533,19,14,31,-17,0.030774100324409453,0,0,0,0,0,0,0,0,0,-1,0,0,0,0,0
1h8i,H,222,ASP,-3.5,111.1,-1.0,1,3,T,0.656441717791411,-59.0,132.3,4.0,18.0,0.18181818181818182,1.672126971751653,14,38,15,23,0.02844272908771177,0,0,0,0,0,1,0,0,0,-1,0,0,0,0,0
1h8i,H,223,GLY,-0.4,60.1,0.0,0,0,T,0.36904761904761907,80.7,4.1,3.0,25.0,0.10714285714285714,1.7572818922124762,21,31,34,-3,0.029375277582390842,0,0,0,0,0,1,0,0,0,-1,0,0,0,0,0
1h8i,H,224,LYS,-3.9,168.6,1.0,2,0,-,0.3121951219512195,-112.3,167.6,15.0,16.0,0.4838709677419355,2.0149988532170053,28,21,35,-14,0.03963331102386066,0,0,0,0,0,0,0,0,0,-1,0,0,0,0,0
1h8i,H,225,TYR,-1.3,193.6,0.0,1,1,-,0.06756756756756757,-142.0,154.6,22.0,19.0,0.5365853658536586,2.1837655871155097,34,30,39,-9,0.050823892960009553,0,0,0,0,0,0,0,0,0,-1,0,0,0,0,0
1h8i,H,226,GLY,-0.4,60.1,0.0,0,0,E,0.03571428571428571,-83.9,150.7,26.0,21.0,0.5531914893617021,2.261364952744767,35,9,17,-8,0.04709369898129325,0,0,1,0,0,0,0,0,0,-1,0,0,0,0,0
1h8i,H,227,PHE,2.8,189.9,0.0,0,0,E,0.02030456852791878,-116.0,141.4,23.0,29.0,0.4423076923076923,3.600590546725302,37,19,13,6,0.048492521723311866,0,0,1,0,0,0,0,0,0,-1,0,0,0,0,0
1h8i,H,228,TYR,-1.3,193.6,0.0,1,1,E,0.0045045045045045045,-128.2,143.4,26.0,24.0,0.52,3.0923775295417375,41,11,13,-2,0.05455408693872585,0,0,1,0,0,0,0,0,0,-1,0,0,0,0,0
1h8i,H,229,THR,-0.7,116.1,0.0,1,1,E,0.02112676056338028,-67.8,138.5,24.0,21.0,0.5333333333333333,6.655939614845898,42,28,19,9,0.056419183928083996,0,0,1,0,0,0,0,0,0,-1,0,0,0,0,0
1h8i,H,230,HIS,-3.2,153.2,0.1,2,1,E,0.16847826086956522,-86.9,100.3,15.0,25.0,0.375,3.596713235830463,30,24,12,12,0.048958795970651406,0,0,1,0,0,0,0,0,0,-1,0,0,0,0,0
1h8i,H,231,VAL,4.2,140.0,0.0,0,0,T,0.0,-61.3,-46.0,23.0,22.0,0.5111111111111111,6.445501868968269,41,34,9,25,0.05222271570202816,0,0,0,0,0,1,0,0,0,-1,0,0,0,0,0
1h8i,H,232,PHE,2.8,189.9,0.0,0,0,G,0.18781725888324874,-60.0,-37.4,12.0,21.0,0.36363636363636365,2.5865594978404514,26,49,19,30,0.04616115048661418,0,0,0,1,0,0,0,0,0,18,0,1,0,0,1
1h8i,H,233,ARG,-4.5,173.4,1.0,5,0,G,0.5241935483870968,-63.3,-25.2,15.0,17.0,0.46875,1.9570724728772866,23,40,11,29,0.0363693912924839,0,0,0,1,0,0,0,0,0,-1,0,0,0,0,0
1h8i,H,234,LEU,3.8,166.7,0.0,0,0,G,0.054878048780487805,-104.6,10.3,24.0,12.0,0.6666666666666666,2.600199788235712,33,63,15,48,0.048492521723311866,0,0,0,1,0,0,0,0,0,-1,0,0,0,0,0
1h8i,H,235,LYS,-3.9,168.6,1.0,2,0,H,0.15609756097560976,-63.5,-37.7,12.0,17.0,0.41379310344827586,2.598510285016991,25,28,9,19,0.04103213376587927,1,0,0,0,0,0,0,0,0,15,4,8,0,0,1
1h8i,H,236,LYS,-3.9,168.6,1.0,2,0,H,0.5902439024390244,-55.9,-43.4,1.0,16.0,0.058823529411764705,1.9201047196245875,18,31,5,26,0.03170664881908853,1,0,0,0,0,0,0,0,0,-1,0,0,0,0,0
1h8i,H,237,TRP,-0.9,227.8,0.0,1,0,H,0.14537444933920704,-60.7,-43.9,14.0,9.0,0.6086956521739131,2.686798112911859,34,47,5,42,0.03823448828184205,1,0,0,0,0,0,0,0,0,-1,0,0,0,0,0
1h8i,H,238,ILE,4.5,166.7,0.0,0,0,H,0.023668639053254437,-56.5,-51.5,18.0,16.0,0.5294117647058824,3.023431158491322,31,38,7,31,0.04243095650789788,1,0,0,0,0,0,0,0,0,-1,0,0,0,0,0
1h8i,H,239,GLN,-3.5,143.8,0.0,2,2,H,0.3787878787878788,-53.5,-48.1,10.0,13.0,0.43478260869565216,1.8267109966886883,17,29,8,21,0.035436842797804825,1,0,0,0,0,0,0,0,0,15,4,8,0,0,1
1h8i,H,240,LYS,-3.9,168.6,1.0,2,0,H,0.6097560975609756,-61.1,-44.3,6.0,9.0,0.4,1.9400365454678092,17,13,8,5,0.03683566553982344,1,0,0,0,0,0,0,0,0,17,0,3,0,0,1
1h8i,H,241,VAL,4.2,140.0,0.0,0,0,H,0.04929577464788732,-74.7,-35.1,15.0,10.0,0.6,2.8655922175618733,26,29,10,19,0.04755997322863279,1,0,0,0,0,0,0,0,0,17,0,3,0,0,1
1h8i,H,242,ILE,4.5,166.7,0.0,0,0,H,0.23076923076923078,-71.1,-39.4,15.0,10.0,0.6,2.3077835147632095,22,25,15,10,0.04243095650789788,1,0,0,0,0,0,0,0,0,-1,0,0,0,0,0
1h8i,H,243,ASP,-3.5,111.1,-1.0,1,3,H,0.7730061349693251,-77.7,-21.4,3.0,9.0,0.25,1.6742524178360128,15,14,5,9,0.02984155182973038,1,0,0,0,0,0,0,0,0,-1,0,0,0,0,0
1h8i,H,244,GLN,-3.5,143.8,0.0,2,2,H,0.6161616161616161,-78.5,-35.4,6.0,5.0,0.5454545454545454,1.7529821032293753,14,12,10,2,0.028909003335051305,1,0,0,0,0,0,0,0,0,17,0,3,0,0,1
1h8i,H,245,PHE,2.8,189.9,0.0,0,0,H,0.4467005076142132,-122.8,-10.7,13.0,6.0,0.6842105263157895,1.9789029699441123,18,26,17,9,0.03403802005578621,1,0,0,0,0,0,0,0,0,17,0,3,0,0,1
1h8i,H,246,GLY,-0.4,60.1,0.0,0,0,-,0.34523809523809523,-123.5,-160.8,21.0,4.0,0.84,1.709648566874535,19,24,23,1,0.03776821403450251,0,0,0,0,0,0,0,0,0,-1,0,0,0,0,0
1h8i,H,247,GLU,-3.5,138.4,-1.0,1,3,-,0.5670103092783505,-67.5,360.0,13.0,7.0,0.65,1.744062681844742,21,25,16,9,0.02844272908771177,0,0,0,0,0,0,0,0,0,1,629,3,0,24,1
1h8i,I,1,ASP,-3.5,111.1,-1.0,1,3,-,0.8834355828220859,360.0,-27.5,7.0,7.0,0.5,1.672157067660186,16,23,15,8,0.017252147151562876,0,0,0,0,0,0,0,0,0,-1,0,0,0,0,0
1h8i,I,2,PHE,2.8,189.9,0.0,0,0,P,0.16243654822335024,-86.8,128.9,12.0,8.0,0.6,2.3093625917741782,26,36,35,1,0.0363693912924839,0,0,0,0,0,0,0,0,0,-1,0,0,0,0,0
1h8i,I,3,GLU,-3.5,138.4,-1.0,1,3,P,0.3556701030927835,-65.2,138.0,8.0,7.0,0.5333333333333333,1.939505060582687,17,27,29,-2,0.03403802005578621,0,0,0,0,0,0,0,0,0,-1,0,0,0,0,0
1h8i,I,4,GLU,-3.5,138.4,-1.0,1,3,P,0.7268041237113402,-48.7,136.6,3.0,14.0,0.17647058823529413,1.734001988106992,16,10,18,-8,0.02797645484037223,0,0,0,0,0,0,0,0,0,-1,0,0,0,0,0
1h8i,I,5,ILE,4.5,166.7,0.0,0,0,-,0.08875739644970414,-106.9,150.1,16.0,6.0,0.7272727272727273,2.056147682444165,21,25,43,-18,0.03916703677652112,0,0,0,0,0,0,0,0,0,-1,0,0,0,0,0
1h8i,I,6,PRO,-1.6,112.7,0.0,0,0,-,0.3382352941176471,-49.5,141.7,6.0,6.0,0.5,1.9090731244597667,15,11,40,-29,0.025645083603674543,0,0,0,0,0,0,0,0,0,-1,0,0,0,0,0
1h8i,I,7,GLU,-3.5,138.4,-1.0,1,3,-,0.788659793814433,-71.3,-15.1,0.0,6.0,0.0,1.7084599261201,9,3,13,-10,0.01958351838826056,0,0,0,0,0,0,0,0,0,-1,0,0,0,0,0
1h8i,I,8,GLU,-3.5,138.4,-1.0,1,3,-,0.9123711340206185,-50.4,360.0,3.0,5.0,0.375,1.7084558421552796,10,1,9,-8,0.017718421398902413,0,0,0,0,0,0,0,0,0,-1,0,0,0,0,0
1h8i,I,10,LEU,3.8,166.7,0.0,0,0,-,0.4634146341463415,360.0,360.0,0.0,0.0,0.0,1.9425778068832669,16,11,25,-14,0.024246260861655933,0,0,0,0,0,0,0,0,0,-1,0,0,0,0,0
1h8i,L,1,ALA,1.8,88.6,0.0,0,0,T,0.2,-60.4,150.3,5.0,8.0,0.38461538461538464,1.7675844575061432,14,14,0,14,0.013521953172846577,0,0,0,0,0,1,0,0,0,-1,0,0,0,0,0
1h8i,L,1,ASP,-3.5,111.1,-1.0,1,3,T,0.2,-60.4,150.3,7.0,15.0,0.3181818181818182,1.8357916014032922,17,33,7,26,0.026577632098353617,0,0,0,0,0,1,0,0,0,-1,0,0,0,0,0
1h8i,L,1,CYS,2.5,108.5,0.0,1,0,T,0.2,-60.4,150.3,14.0,15.0,0.4827586206896552,2.3804085657099576,24,30,4,26,0.04196468226055834,0,0,0,0,0,1,0,0,0,-1,0,0,0,0,0
1h8i,L,2,GLY,-0.4,60.1,0.0,0,0,T,0.0,73.9,7.4,14.0,22.0,0.3888888888888889,5.06764828985562,30,47,17,30,0.05688545817542354,0,0,0,0,0,1,0,0,0,-1,0,0,0,0,0
1h8i,L,3,LEU,3.8,166.7,0.0,0,0,-,0.1524390243902439,-114.8,112.4,9.0,26.0,0.2571428571428571,2.9545649693565608,24,48,17,31,0.05502036118606539,0,0,0,0,0,0,0,0,0,9,24,7,0,1,1
1h8i,L,4,ARG,-4.5,173.4,1.0,5,0,-,0.0,-80.4,137.2,19.0,16.0,0.5428571428571428,4.966436677352986,33,42,42,0,0.05548663543340492,0,0,0,0,0,0,0,0,0,-1,0,0,0,0,0
1h8i,L,5,PRO,-1.6,112.7,0.0,0,0,T,0.1323529411764706,-58.1,-34.7,12.0,17.0,0.41379310344827586,2.265791084484889,25,39,24,15,0.04196468226055834,0,0,0,0,0,1,0,0,0,-1,0,0,0,0,0
1h8i,L,6,LEU,3.8,166.7,0.0,0,0,T,0.17073170731707318,-95.7,1.9,12.0,11.0,0.5217391304347826,2.1055054383436413,22,32,32,0,0.04429605349725603,0,0,0,0,0,1,0,0,0,-1,0,0,0,0,0
1h8i,L,7,PHE,2.8,189.9,0.0,0,0,T,0.07614213197969544,-133.8,-81.2,18.0,8.0,0.6923076923076923,2.648083439425885,24,36,48,-12,0.04755997322863279,0,0,0,0,0,1,0,0,0,-1,0,0,0,0,0
1h8i,L,8,GLU,-3.5,138.4,-1.0,1,3,G,0.10824742268041238,-60.8,-41.3,14.0,12.0,0.5384615384615384,2.26304496526792,25,51,24,27,0.045228601991935104,0,0,0,1,0,0,0,0,0,9,24,7,0,1,1
1h8i,L,9,LYS,-3.9,168.6,1.0,2,0,G,0.4097560975609756,-63.2,-25.5,11.0,8.0,0.5789473684210527,1.9210575807875412,21,30,25,5,0.03310547156110714,0,0,0,1,0,0,0,0,0,-1,0,0,0,0,0
1h8i,L,10,LYS,-3.9,168.6,1.0,2,0,G,0.6195121951219512,-107.3,8.9,8.0,4.0,0.6666666666666666,1.9307183440047047,11,14,16,-2,0.025178809356335007,0,0,0,1,0,0,0,0,0,-1,0,0,0,0,0
1h8i,L,11,SER,-0.8,89.0,0.0,1,1,T,0.8538461538461538,55.0,45.3,0.0,12.0,0.0,1.739589533622443,13,21,22,-1,0.02611135785101408,0,0,0,0,0,1,0,0,0,-1,0,0,0,0,0
1h8i,L,12,LEU,3.8,166.7,0.0,0,0,-,0.5548780487804879,-113.4,143.4,9.0,8.0,0.5294117647058824,1.8691180426765834,15,29,33,-4,0.032639197313767604,0,0,0,0,0,0,0,0,0,10,24,7,0,1,1
1h8i,L,13,GLU,-3.5,138.4,-1.0,1,3,-,0.6907216494845361,-102.3,150.7,8.0,15.0,0.34782608695652173,1.7754483608896663,14,33,31,2,0.0363693912924839,0,0,0,0,0,0,0,0,0,10,24,7,0,1,1
1h8i,L,14,ASP,-3.5,111.1,-1.0,1,3,-,1.0,82.3,360.0,18.0,6.0,0.75,3.0653916723743286,19,19,26,-7,0.04103213376587927,0,0,0,0,0,0,0,0,0,10,24,7,0,1,1
1h8i,L,14,LYS,-3.9,168.6,1.0,2,0,-,1.0,82.3,360.0,7.0,11.0,0.3888888888888889,1.9382974700433704,11,7,21,-14,0.02984155182973038,0,0,0,0,0,0,0,0,0,10,24,7,0,1,1
1h8i,L,14,THR,-0.7,116.1,0.0,1,1,-,1.0,82.3,360.0,14.0,12.0,0.5384615384615384,2.7594047590314448,19,19,15,4,0.03730193978716297,0,0,0,0,0,0,0,0,0,10,24,7,0,1,1
1h8i,L,14,GLU,-3.5,138.4,-1.0,1,3,-,1.0,82.3,360.0,16.0,17.0,0.48484848484848486,2.3863308640119048,17,23,19,4,0.04942507021799094,0,0,0,0,0,0,0,0,0,10,24,7,0,1,1
1h8i,L,14,ARG,-4.5,173.4,1.0,5,0,-,1.0,82.3,360.0,5.0,16.0,0.23809523809523808,1.8881455799795333,8,10,9,1,0.035436842797804825,0,0,0,0,0,0,0,0,0,10,24,7,0,1,1
1h8i,L,14,GLU,-3.5,138.4,-1.0,1,3,-,1.0,82.3,360.0,10.0,13.0,0.43478260869565216,1.8469891070566338,12,23,0,23,0.03683566553982344,0,0,0,0,0,0,0,0,0,10,24,7,0,1,1
1h8i,L,14,LEU,3.8,166.7,0.0,0,0,-,1.0,82.3,360.0,18.0,13.0,0.5806451612903226,4.7820799215628655,21,29,1,28,0.05502036118606539,0,0,0,0,0,0,0,0,0,10,24,7,0,1,1
1h8i,L,14,LEU,3.8,166.7,0.0,0,0,-,1.0,82.3,360.0,13.0,14.0,0.48148148148148145,1.9585015826263914,15,21,6,15,0.03823448828184205,0,0,0,0,0,0,0,0,0,10,24,7,0,1,1
1h8i,L,14,GLU,-3.5,138.4,-1.0,1,3,-,1.0,82.3,360.0,5.0,13.0,0.2777777777777778,1.7229380323468095,6,9,1,8,0.02844272908771177,0,0,0,0,0,0,0,0,0,10,24,7,0,1,1
1h8i,L,14,SER,-0.8,89.0,0.0,1,1,-,1.0,82.3,360.0,20.0,5.0,0.8,2.0565143191027,15,12,0,12,0.03683566553982344,0,0,0,0,0,0,0,0,0,10,24,7,0,1,1
1h8i,L,14,TYR,-1.3,193.6,0.0,1,1,-,1.0,82.3,360.0,14.0,10.0,0.5833333333333334,3.2188831217588594,18,16,0,16,0.03870076252918159,0,0,0,0,0,0,0,0,0,10,24,7,0,1,1
1h8i,L,14,ILE,4.5,166.7,0.0,0,0,-,1.0,82.3,360.0,3.0,13.0,0.1875,1.91157903048609,7,1,0,1,0.02098234113027917,0,0,0,0,0,0,0,0,0,10,24,7,0,1,1
1hy7,A,83,PHE,2.8,189.9,0.0,0,0,-,0.5025380710659898,360.0,162.7,20.0,10.0,0.6666666666666666,1.9392089379095188,24,15,16,-1,0.040099585271200194,0,0,0,0,0,0,0,0,0,1,620,4,0,29,1
1hy7,A,84,ARG,-4.5,173.4,1.0,5,0,-,0.5645161290322581,-133.1,142.1,11.0,19.0,0.36666666666666664,2.159414405240919,19,12,3,9,0.03450429430312575,0,0,0,0,0,0,0,0,0,-1,0,0,0,0,0
1hy7,A,85,THR,-0.7,116.1,0.0,1,1,B,0.2112676056338028,-99.0,-178.6,14.0,14.0,0.5,1.8708364034218883,25,27,0,27,0.043363505002576956,0,1,0,0,0,0,0,0,0,13,81,3,0,2,1
1hy7,A,86,PHE,2.8,189.9,0.0,0,0,-,0.18781725888324874,-87.7,157.1,12.0,12.0,0.5,2.1744022085680275,24,35,0,35,0.03730193978716297,0,0,0,0,0,0,0,0,0,13,81,3,0,2,1
1hy7,A,87,PRO,-1.6,112.7,0.0,0,0,T,0.8308823529411765,-60.6,131.3,0.0,12.0,0.0,1.8795951194465137,12,11,0,11,0.020049792635600097,0,0,0,0,0,1,0,0,0,13,81,3,0,2,1
1hy7,A,88,GLY,-0.4,60.1,0.0,0,0,T,0.8690476190476191,85.5,-1.4,3.0,10.0,0.23076923076923078,1.7095164670891614,11,10,0,10,0.01678587290422334,0,0,0,0,0,1,0,0,0,13,81,3,0,2,1
1hy7,A,89,ILE,4.5,166.7,0.0,0,0,-,0.4970414201183432,45.5,57.4,8.0,14.0,0.36363636363636365,2.08624427039748,19,13,0,13,0.027510180593032695,0,0,0,0,0,0,0,0,0,13,81,3,0,2,1
1hy7,A,90,PRO,-1.6,112.7,0.0,0,0,-,0.2867647058823529,-61.0,128.3,15.0,9.0,0.625,2.235811379025008,25,17,0,17,0.03450429430312575,0,0,0,0,0,0,0,0,0,13,81,3,0,2,1
1hy7,A,91,LYS,-3.9,168.6,1.0,2,0,-,0.4878048780487805,-140.5,158.4,14.0,19.0,0.42424242424242425,2.061450298515104,27,15,0,15,0.03916703677652112,0,0,0,0,0,0,0,0,0,13,81,3,0,2,1
1hy7,A,92,TRP,-0.9,227.8,0.0,1,0,-,0.09251101321585903,-67.9,140.7,19.0,9.0,0.6785714285714286,2.5889178237359083,34,30,9,21,0.03776821403450251,0,0,0,0,0,0,0,0,0,3,228,8,0,22,1
1hy7,A,93,ARG,-4.5,173.4,1.0,5,0,S,0.967741935483871,-93.7,0.9,2.0,15.0,0.11764705882352941,1.8068370288577003,7,20,0,20,0.022381163872297785,0,0,0,0,0,0,1,0,0,3,228,8,0,22,1
1hy7,A,94,LYS,-3.9,168.6,1.0,2,0,S,0.4878048780487805,-128.5,161.3,7.0,10.0,0.4117647058823529,1.9218747386984383,16,28,7,21,0.025645083603674543,0,0,0,0,0,0,1,0,0,3,228,8,0,22,1
1hy7,A,95,THR,-0.7,116.1,0.0,1,1,S,0.5845070422535211,-94.9,-23.5,10.0,13.0,0.43478260869565216,2.1545390417117996,20,27,4,23,0.03403802005578621,0,0,0,0,0,0,1,0,0,3,228,8,0,22,1
1hy7,A,96,HIS,-3.2,153.2,0.1,2,1,E,0.44565217391304346,-100.0,118.2,2.0,18.0,0.1,1.8446620646000036,17,15,10,5,0.03357174580844668,0,0,1,0,0,0,0,0,0,3,228,8,0,22,1
1hy7,A,97,LEU,3.8,166.7,0.0,0,0,E,0.0,-115.6,145.2,23.0,9.0,0.71875,3.4485959088322318,31,28,14,14,0.04709369898129325,0,0,1,0,0,0,0,0,0,3,228,8,0,22,1
1hy7,A,98,THR,-0.7,116.1,0.0,1,1,E,0.1619718309859155,-103.1,152.0,11.0,18.0,0.3793103448275862,2.835475163324073,26,30,17,13,0.045694876239274644,0,0,1,0,0,0,0,0,0,-1,0,0,0,0,0
1hy7,A,99,TYR,-1.3,193.6,0.0,1,1,E,0.08108108108108109,-134.2,158.5,16.0,15.0,0.5161290322580645,3.7317138313004796,31,27,28,-1,0.048492521723311866,0,0,1,0,0,0,0,0,0,6,67,17,0,13,1
1hy7,A,100,ARG,-4.5,173.4,1.0,5,0,E,0.07258064516129033,-144.4,133.5,12.0,19.0,0.3870967741935484,2.534620396645075,27,11,34,-23,0.05455408693872585,0,0,1,0,0,0,0,0,0,6,67,17,0,13,1
1hy7,A,101,ILE,4.5,166.7,0.0,0,0,E,0.04142011834319527,-97.9,104.6,17.0,22.0,0.4358974358974359,2.4931081131052713,35,30,16,14,0.04989134446533048,0,0,1,0,0,0,0,0,0,-1,0,0,0,0,0
1hy7,A,102,VAL,4.2,140.0,0.0,0,0,-,0.11971830985915492,-74.6,-33.3,20.0,18.0,0.5263157894736842,2.3455672028941175,36,19,29,-10,0.04149840801321881,0,0,0,0,0,0,0,0,0,-1,0,0,0,0,0
1hy7,A,103,ASN,-3.5,114.1,0.0,2,2,-,0.08280254777070063,-154.2,175.7,20.0,18.0,0.5263157894736842,3.1284268201629244,33,22,15,7,0.048492521723311866,0,0,0,0,0,0,0,0,0,-1,0,0,0,0,0
1hy7,A,104,TYR,-1.3,193.6,0.0,1,1,B,0.02702702702702703,-132.7,138.8,17.0,23.0,0.425,3.432570031908266,35,22,26,-4,0.05408781269138631,0,1,0,0,0,0,0,0,0,-1,0,0,0,0,0
1hy7,A,105,THR,-0.7,116.1,0.0,1,1,-,0.0,-71.5,147.1,21.0,17.0,0.5526315789473685,4.0053211505550825,33,15,28,-13,0.05408781269138631,0,0,0,0,0,0,0,0,0,-1,0,0,0,0,0
1hy7,A,106,PRO,-1.6,112.7,0.0,0,0,T,0.3088235294117647,-67.6,-15.2,17.0,17.0,0.5,2.025875610589177,29,28,25,3,0.0363693912924839,0,0,0,0,0,1,0,0,0,-1,0,0,0,0,0
1hy7,A,107,ASP,-3.5,111.1,-1.0,1,3,T,0.2392638036809816,-73.1,-22.8,16.0,13.0,0.5517241379310345,1.8942077195341969,27,13,20,-7,0.03403802005578621,0,0,0,0,0,1,0,0,0,18,12,6,0,1,1
1hy7,A,108,LEU,3.8,166.7,0.0,0,0,S,0.07926829268292683,-138.9,154.7,22.0,6.0,0.7857142857142857,2.432145570203392,27,21,26,-5,0.03963331102386066,0,0,0,0,0,0,1,0,0,18,12,6,0,1,1
1hy7,A,109,PRO,-1.6,112.7,0.0,0,0,-,0.4411764705882353,-58.9,148.4,5.0,16.0,0.23809523809523808,2.1967129854018506,19,23,22,1,0.030307826077069916,0,0,0,0,0,0,0,0,0,18,12,6,0,1,1
1hy7,A,110,LYS,-3.9,168.6,1.0,2,0,H,0.2048780487804878,-58.7,-38.6,13.0,15.0,0.4642857142857143,2.025674989688948,28,13,23,-10,0.0363693912924839,1,0,0,0,0,0,0,0,0,-1,0,0,0,0,0
1hy7,A,111,ASP,-3.5,111.1,-1.0,1,3,H,0.6871165644171779,-63.9,-24.1,0.0,19.0,0.0,1.6721689024100894,16,20,12,8,0.028909003335051305,1,0,0,0,0,0,0,0,0,18,12,6,0,1,1
1hy7,A,112,ALA,1.8,88.6,0.0,0,0,H,0.07547169811320754,-76.2,-33.1,11.0,11.0,0.5,1.936261579538526,25,25,29,-4,0.03403802005578621,1,0,0,0,0,0,0,0,0,18,12,6,0,1,1
1hy7,A,113,VAL,4.2,140.0,0.0,0,0,H,0.007042253521126761,-67.3,-47.4,18.0,17.0,0.5142857142857142,4.664473708312847,33,26,29,-3,0.045694876239274644,1,0,0,0,0,0,0,0,0,-1,0,0,0,0,0
1hy7,A,114,ASP,-3.5,111.1,-1.0,1,3,H,0.17791411042944785,-63.3,-43.4,5.0,23.0,0.17857142857142858,2.4222122722743595,26,24,17,7,0.03870076252918159,1,0,0,0,0,0,0,0,0,-1,0,0,0,0,0
1hy7,A,115,SER,-0.8,89.0,0.0,1,1,H,0.4307692307692308,-60.9,-45.2,7.0,15.0,0.3181818181818182,1.886399774052676,23,32,25,7,0.032639197313767604,1,0,0,0,0,0,0,0,0,-1,0,0,0,0,0
1hy7,A,116,ALA,1.8,88.6,0.0,0,0,H,0.10377358490566038,-64.8,-41.0,20.0,10.0,0.6666666666666666,2.5086657471816642,33,24,23,1,0.04429605349725603,1,0,0,0,0,0,0,0,0,-1,0,0,0,0,0
1hy7,A,117,VAL,4.2,140.0,0.0,0,0,H,0.028169014084507043,-63.8,-47.1,18.0,20.0,0.47368421052631576,4.737170984403578,34,29,21,8,0.048958795970651406,1,0,0,0,0,0,0,0,0,-1,0,0,0,0,0
1hy7,A,118,GLU,-3.5,138.4,-1.0,1,3,H,0.38144329896907214,-58.7,-43.6,7.0,22.0,0.2413793103448276,1.922655268925138,25,28,15,13,0.03730193978716297,1,0,0,0,0,0,0,0,0,-1,0,0,0,0,0
1hy7,A,119,LYS,-3.9,168.6,1.0,2,0,H,0.5756097560975609,-64.9,-37.4,13.0,13.0,0.5,1.9924343180662138,25,10,20,-10,0.03870076252918159,1,0,0,0,0,0,0,0,0,-1,0,0,0,0,0
1hy7,A,120,ALA,1.8,88.6,0.0,0,0,H,0.0,-66.3,-40.7,19.0,12.0,0.6129032258064516,4.207326573760443,33,23,28,-5,0.048958795970651406,1,0,0,0,0,0,0,0,0,-1,0,0,0,0,0
1hy7,A,121,LEU,3.8,166.7,0.0,0,0,H,0.024390243902439025,-65.2,-38.9,15.0,22.0,0.40540540540540543,2.7501426567730007,35,22,28,-6,0.04989134446533048,1,0,0,0,0,0,0,0,0,-1,0,0,0,0,0
1hy7,A,122,LYS,-3.9,168.6,1.0,2,0,H,0.48292682926829267,-64.3,-34.2,7.0,18.0,0.28,2.0356322869021994,23,9,28,-19,0.035436842797804825,1,0,0,0,0,0,0,0,0,-1,0,0,0,0,0
1hy7,A,123,VAL,4.2,140.0,0.0,0,0,H,0.09859154929577464,-50.5,-42.6,23.0,10.0,0.696969696969697,1.9849471981257558,31,27,29,-2,0.04103213376587927,1,0,0,0,0,0,0,0,0,-1,0,0,0,0,0
1hy7,A,124,TRP,-0.9,227.8,0.0,1,0,H,0.0,-88.3,-34.4,27.0,16.0,0.627906976744186,5.389379441411578,45,18,32,-14,0.048492521723311866,1,0,0,0,0,0,0,0,0,-1,0,0,0,0,0
1hy7,A,125,GLU,-3.5,138.4,-1.0,1,3,H,0.37628865979381443,-56.6,-39.2,10.0,21.0,0.3225806451612903,2.1402562175670514,26,16,12,4,0.04476232774459557,1,0,0,0,0,0,0,0,0,-1,0,0,0,0,0
1hy7,A,126,GLU,-3.5,138.4,-1.0,1,3,T,0.7010309278350515,-64.3,-21.2,8.0,15.0,0.34782608695652173,1.7940546140015685,21,12,10,2,0.030774100324409453,0,0,0,0,0,1,0,0,0,-1,0,0,0,0,0
1hy7,A,127,VAL,4.2,140.0,0.0,0,0,T,0.1619718309859155,-122.4,17.9,14.0,13.0,0.5185185185185185,2.499119111350943,27,6,23,-17,0.04196468226055834,0,0,0,0,0,1,0,0,0,-1,0,0,0,0,0
1hy7,A,128,THR,-0.7,116.1,0.0,1,1,S,0.028169014084507043,-147.2,176.1,20.0,7.0,0.7407407407407407,3.3897667681872496,28,5,18,-13,0.045228601991935104,0,0,0,0,0,0,1,0,0,-1,0,0,0,0,0
1hy7,A,129,PRO,-1.6,112.7,0.0,0,0,S,0.25735294117647056,-84.1,4.6,10.0,14.0,0.4166666666666667,2.1107302231692344,21,8,14,-6,0.03870076252918159,0,0,0,0,0,0,1,0,0,24,1,2,0,0,1
1hy7,A,130,LEU,3.8,166.7,0.0,0,0,-,0.006097560975609756,-65.8,143.2,20.0,9.0,0.6896551724137931,2.948876107663656,30,22,14,8,0.043829779249916496,0,0,0,0,0,0,0,0,0,-1,0,0,0,0,0
1hy7,A,131,THR,-0.7,116.1,0.0,1,1,E,0.38028169014084506,-131.0,157.7,3.0,22.0,0.12,2.4851536475189486,21,22,12,10,0.03590311704514436,0,0,1,0,0,0,0,0,0,-1,0,0,0,0,0
1hy7,A,132,PHE,2.8,189.9,0.0,0,0,E,0.14213197969543148,-133.5,147.5,19.0,10.0,0.6551724137931034,2.748238153092163,31,32,22,10,0.040099585271200194,0,0,1,0,0,0,0,0,0,-1,0,0,0,0,0
1hy7,A,133,SER,-0.8,89.0,0.0,1,1,E,0.34615384615384615,-140.9,153.0,3.0,18.0,0.14285714285714285,2.2706358039928367,18,25,11,14,0.03170664881908853,0,0,1,0,0,0,0,0,0,6,67,17,0,13,1
1hy7,A,134,ARG,-4.5,173.4,1.0,5,0,E,0.18548387096774194,-98.8,140.3,7.0,17.0,0.2916666666666667,1.9803343495716101,22,9,19,-10,0.03450429430312575,0,0,1,0,0,0,0,0,0,6,67,17,0,13,1
1hy7,A,135,LEU,3.8,166.7,0.0,0,0,-,0.3353658536585366,-113.9,152.2,13.0,6.0,0.6842105263157895,2.0393611464553465,19,25,24,1,0.040099585271200194,0,0,0,0,0,0,0,0,0,6,67,17,0,13,1
1hy7,A,136,TYR,-1.3,193.6,0.0,1,1,S,0.6936936936936937,-115.7,2.8,5.0,17.0,0.22727272727272727,1.8019022193864407,17,23,18,5,0.030774100324409453,0,0,0,0,0,0,1,0,0,26,0,16,0,0,1
1hy7,A,137,GLU,-3.5,138.4,-1.0,1,3,S,0.7835051546391752,-158.9,160.9,6.0,17.0,0.2608695652173913,1.792054486327459,16,14,21,-7,0.023779986614316396,0,0,0,0,0,0,1,0,0,26,0,16,0,0,1
1hy7,A,138,GLY,-0.4,60.1,0.0,0,0,S,0.5,76.4,-173.0,6.0,15.0,0.2857142857142857,2.0228609489352376,20,17,31,-14,0.023779986614316396,0,0,0,0,0,0,1,0,0,26,0,16,0,0,1
1hy7,A,139,GLU,-3.5,138.4,-1.0,1,3,-,0.6958762886597938,-98.1,113.8,9.0,17.0,0.34615384615384615,1.7715802762337536,21,17,22,-5,0.026577632098353617,0,0,0,0,0,0,0,0,0,-1,0,0,0,0,0
1hy7,A,140,ALA,1.8,88.6,0.0,0,0,-,0.05660377358490566,-89.9,159.9,18.0,9.0,0.6666666666666666,2.261766719282211,29,21,30,-9,0.04103213376587927,0,0,0,0,0,0,0,0,0,-1,0,0,0,0,0
1hy7,A,141,ASP,-3.5,111.1,-1.0,1,3,S,0.1901840490797546,-57.9,-48.6,17.0,18.0,0.4857142857142857,1.777004095084784,34,26,16,10,0.04429605349725603,0,0,0,0,0,0,1,0,0,-1,0,0,0,0,0
1hy7,A,142,ILE,4.5,166.7,0.0,0,0,E,0.0,-109.0,100.8,22.0,19.0,0.5365853658536586,4.996050867528117,43,20,24,-4,0.048958795970651406,0,0,1,0,0,0,0,0,0,-1,0,0,0,0,0
1hy7,A,143,MET,1.9,162.9,0.0,0,0,E,0.10106382978723404,-90.6,126.2,13.0,25.0,0.34210526315789475,2.399556651690342,31,19,29,-10,0.04709369898129325,0,0,1,0,0,0,0,0,0,-1,0,0,0,0,0
1hy7,A,144,ILE,4.5,166.7,0.0,0,0,E,0.023668639053254437,-112.9,130.5,20.0,22.0,0.47619047619047616,4.0604923176361165,34,26,20,6,0.048958795970651406,0,0,1,0,0,0,0,0,0,-1,0,0,0,0,0
1hy7,A,145,SER,-0.8,89.0,0.0,1,1,E,0.16923076923076924,-151.3,158.7,16.0,22.0,0.42105263157894735,2.6687673119499045,36,33,21,12,0.04289723075523742,0,0,1,0,0,0,0,0,0,-1,0,0,0,0,0
1hy7,A,146,PHE,2.8,189.9,0.0,0,0,E,0.03553299492385787,-97.6,142.9,19.0,26.0,0.4222222222222222,3.538980796244445,34,15,31,-16,0.048492521723311866,0,0,1,0,0,0,0,0,0,-1,0,0,0,0,0
1hy7,A,147,ALA,1.8,88.6,0.0,0,0,E,0.1320754716981132,-151.9,165.1,23.0,16.0,0.5897435897435898,2.1983310798190545,37,40,44,-4,0.043829779249916496,0,0,1,0,0,0,0,0,0,-1,0,0,0,0,0
1hy7,A,148,VAL,4.2,140.0,0.0,0,0,-,0.2676056338028169,-135.3,138.8,13.0,23.0,0.3611111111111111,1.9434430660627438,33,32,48,-16,0.040565859518539735,0,0,0,0,0,0,0,0,0,-1,0,0,0,0,0
1hy7,A,149,ARG,-4.5,173.4,1.0,5,0,S,0.5362903225806451,43.6,-128.8,2.0,24.0,0.07692307692307693,2.1962385901719155,19,9,44,-35,0.03730193978716297,0,0,0,0,0,0,1,0,0,17,13,9,0,1,1
1hy7,A,150,GLU,-3.5,138.4,-1.0,1,3,S,0.5515463917525774,-74.6,131.5,8.0,15.0,0.34782608695652173,1.8012959762243514,18,30,21,9,0.035436842797804825,0,0,0,0,0,0,1,0,0,-1,0,0,0,0,0
1hy7,A,151,HIS,-3.2,153.2,0.1,2,1,-,0.1358695652173913,-143.4,24.2,16.0,13.0,0.5517241379310345,2.5021738744335362,29,33,35,-2,0.04103213376587927,0,0,0,0,0,0,0,0,0,-1,0,0,0,0,0
1hy7,A,152,GLY,-0.4,60.1,0.0,0,0,S,0.40476190476190477,104.8,8.8,15.0,10.0,0.6,1.7096149704643833,25,38,34,4,0.032639197313767604,0,0,0,0,0,0,1,0,0,-1,0,0,0,0,0
1hy7,A,153,ASP,-3.5,111.1,-1.0,1,3,S,0.11042944785276074,-138.6,178.3,13.0,12.0,0.52,2.044551987836695,20,37,20,17,0.03870076252918159,0,0,0,0,0,0,1,0,0,16,28,3,0,1,1
1hy7,A,154,PHE,2.8,189.9,0.0,0,0,S,0.9441624365482234,-84.9,10.1,1.0,12.0,0.07692307692307693,1.827194704707476,9,12,15,-3,0.027043906345693154,0,0,0,0,0,0,1,0,0,16,28,3,0,1,1
1hy7,A,155,TYR,-1.3,193.6,0.0,1,1,-,0.6261261261261262,-129.2,73.0,8.0,12.0,0.4,1.8727940207713922,15,27,16,11,0.034970568550465285,0,0,0,0,0,0,0,0,0,16,28,3,0,1,1
1hy7,A,156,PRO,-1.6,112.7,0.0,0,0,-,0.4411764705882353,-60.9,144.2,6.0,19.0,0.24,2.0650978700368063,18,31,30,1,0.03916703677652112,0,0,0,0,0,0,0,0,0,16,28,3,0,1,1
1hy7,A,157,PHE,2.8,189.9,0.0,0,0,-,0.030456852791878174,-70.1,170.1,21.0,6.0,0.7777777777777778,2.6389532362107215,31,41,53,-12,0.048958795970651406,0,0,0,0,0,0,0,0,0,17,13,9,0,1,1
1hy7,A,158,ASP,-3.5,111.1,-1.0,1,3,-,0.3374233128834356,-121.6,23.7,7.0,14.0,0.3333333333333333,1.9564778779045788,21,15,26,-11,0.03590311704514436,0,0,0,0,0,0,0,0,0,17,13,9,0,1,1
1hy7,A,159,GLY,-0.4,60.1,0.0,0,0,S,0.0,76.5,-165.4,1.0,20.0,0.047619047619047616,2.55639465624352,21,11,40,-29,0.035436842797804825,0,0,0,0,0,0,1,0,0,17,13,9,0,1,1
1hy7,A,160,PRO,-1.6,112.7,0.0,0,0,S,0.7132352941176471,-59.7,136.6,4.0,17.0,0.19047619047619047,1.9466761059930782,15,7,36,-29,0.030307826077069916,0,0,0,0,0,0,1,0,0,17,13,9,0,1,1
1hy7,A,161,GLY,-0.4,60.1,0.0,0,0,S,0.32142857142857145,73.7,-175.0,0.0,18.0,0.0,2.2973806099220093,16,4,37,-33,0.028909003335051305,0,0,0,0,0,0,1,0,0,17,13,9,0,1,1
1hy7,A,162,ASN,-3.5,114.1,0.0,2,2,S,0.910828025477707,65.3,-113.5,4.0,11.0,0.26666666666666666,1.7220871157857796,12,0,22,-22,0.022381163872297785,0,0,0,0,0,0,1,0,0,-1,0,0,0,0,0
1hy7,A,163,VAL,4.2,140.0,0.0,0,0,-,0.47183098591549294,-70.3,127.0,13.0,12.0,0.52,2.2520851596784364,26,14,34,-20,0.03310547156110714,0,0,0,0,0,0,0,0,0,-1,0,0,0,0,0
1hy7,A,164,LEU,3.8,166.7,0.0,0,0,-,0.35365853658536583,-100.3,-27.6,13.0,22.0,0.37142857142857144,2.229158623309305,30,18,41,-23,0.043363505002576956,0,0,0,0,0,0,0,0,0,-1,0,0,0,0,0
1hy7,A,165,ALA,1.8,88.6,0.0,0,0,E,0.07547169811320754,-174.9,165.7,25.0,18.0,0.5813953488372093,2.0871748096303335,38,42,35,7,0.048026247475972325,0,0,1,0,0,0,0,0,0,-1,0,0,0,0,0
1hy7,A,166,HIS,-3.2,153.2,0.1,2,1,E,0.1956521739130435,-152.7,156.3,13.0,26.0,0.3333333333333333,2.079715001774039,32,26,34,-8,0.045694876239274644,0,0,1,0,0,0,0,0,0,-1,0,0,0,0,0
1hy7,A,167,ALA,1.8,88.6,0.0,0,0,E,0.18867924528301888,-148.6,149.9,23.0,13.0,0.6388888888888888,2.096161302613463,38,44,20,24,0.048958795970651406,0,0,1,0,0,0,0,0,0,-1,0,0,0,0,0
1hy7,A,168,TYR,-1.3,193.6,0.0,1,1,P,0.1981981981981982,-97.9,148.9,15.0,18.0,0.45454545454545453,2.055594329346117,28,32,23,9,0.043363505002576956,0,0,0,0,0,0,0,0,0,10,28,12,0,3,1
1hy7,A,169,ALA,1.8,88.6,0.0,0,0,P,0.1509433962264151,-68.0,164.0,11.0,21.0,0.34375,2.1834918024680965,32,17,13,4,0.04755997322863279,0,0,0,0,0,0,0,0,0,10,28,12,0,3,1
1hy7,A,170,PRO,-1.6,112.7,0.0,0,0,S,0.08088235294117647,-52.6,149.5,17.0,18.0,0.4857142857142857,2.444896555258077,34,19,13,6,0.04476232774459557,0,0,0,0,0,0,1,0,0,10,28,12,0,3,1
1hy7,A,171,GLY,-0.4,60.1,0.0,0,0,S,0.25,146.2,179.2,11.0,15.0,0.4230769230769231,1.7096444379301137,24,15,16,-1,0.03357174580844668,0,0,0,0,0,0,1,0,0,10,28,12,0,3,1
1hy7,A,172,PRO,-1.6,112.7,0.0,0,0,S,0.8014705882352942,-78.7,163.2,0.0,20.0,0.0,1.8339545356944276,17,3,16,-13,0.022847438119637322,0,0,0,0,0,0,1,0,0,10,28,12,0,3,1
1hy7,A,173,GLY,-0.4,60.1,0.0,0,0,T,0.7380952380952381,63.6,-127.6,1.0,16.0,0.058823529411764705,1.7094958126047535,18,3,25,-22,0.022847438119637322,0,0,0,0,0,1,0,0,0,10,28,12,0,3,1
1hy7,A,174,ILE,4.5,166.7,0.0,0,0,T,0.40236686390532544,-65.2,-20.9,8.0,17.0,0.32,2.3008065889386446,27,17,20,-3,0.03310547156110714,0,0,0,0,0,1,0,0,0,10,28,12,0,3,1
1hy7,A,175,ASN,-3.5,114.1,0.0,2,2,T,0.36942675159235666,-61.1,144.7,9.0,19.0,0.32142857142857145,2.159614509372847,24,6,15,-9,0.040565859518539735,0,0,0,0,0,1,0,0,0,10,28,12,0,3,1
1hy7,A,176,GLY,-0.4,60.1,0.0,0,0,T,0.0,82.5,-18.3,17.0,17.0,0.5,4.0065315450503824,33,21,21,0,0.05455408693872585,0,0,0,0,0,1,0,0,0,10,28,12,0,3,1
1hy7,A,177,ASP,-3.5,111.1,-1.0,1,3,-,0.10429447852760736,-76.4,156.5,15.0,23.0,0.39473684210526316,2.9566957674192706,33,30,20,10,0.04942507021799094,0,0,0,0,0,0,0,0,0,-1,0,0,0,0,0
1hy7,A,178,ALA,1.8,88.6,0.0,0,0,E,0.0,-133.4,131.0,21.0,19.0,0.525,3.9444646950302484,41,37,23,14,0.05129016720734909,0,0,1,0,0,0,0,0,0,-1,0,0,0,0,0
1hy7,A,179,HIS,-3.2,153.2,0.1,2,1,E,0.09239130434782608,-123.6,135.7,17.0,26.0,0.3953488372093023,3.184652335941216,37,22,33,-11,0.05035761871267001,0,0,1,0,0,0,0,0,0,-1,0,0,0,0,0
1hy7,A,180,PHE,2.8,189.9,0.0,0,0,E,0.02030456852791878,-118.7,130.6,27.0,21.0,0.5625,5.807722285312949,41,26,39,-13,0.056419183928083996,0,0,1,0,0,0,0,0,0,-1,0,0,0,0,0
1hy7,A,181,ASP,-3.5,111.1,-1.0,1,3,E,0.0,-77.9,116.4,17.0,22.0,0.4358974358974359,5.135356061604252,33,35,38,-3,0.05735173242276307,0,0,1,0,0,0,0,0,0,17,13,9,0,1,1
1hy7,A,182,ASP,-3.5,111.1,-1.0,1,3,T,0.06134969325153374,-83.1,5.2,18.0,22.0,0.45,2.1353038728806437,36,11,34,-23,0.04989134446533048,0,0,0,0,0,1,0,0,0,-1,0,0,0,0,0
1hy7,A,183,ASP,-3.5,111.1,-1.0,1,3,T,0.25766871165644173,-77.9,-5.4,13.0,20.0,0.3939393939393939,1.7891397981259067,30,16,45,-29,0.040565859518539735,0,0,0,0,0,1,0,0,0,17,13,9,0,1,1
1hy7,A,184,GLU,-3.5,138.4,-1.0,1,3,S,0.06701030927835051,-88.5,157.0,19.0,12.0,0.6129032258064516,2.210118174426013,29,3,37,-34,0.045694876239274644,0,0,0,0,0,0,1,0,0,17,13,9,0,1,1
1hy7,A,185,GLN,-3.5,143.8,0.0,2,2,-,0.5707070707070707,-96.2,99.2,6.0,21.0,0.2222222222222222,1.8877700977247558,25,3,41,-38,0.03730193978716297,0,0,0,0,0,0,0,0,0,-1,0,0,0,0,0
1hy7,A,186,TRP,-0.9,227.8,0.0,1,0,E,0.004405286343612335,-75.0,128.9,22.0,12.0,0.6470588235294118,4.299857845881411,34,7,41,-34,0.04662742473395372,0,0,1,0,0,0,0,0,0,-1,0,0,0,0,0
1hy7,A,187,THR,-0.7,116.1,0.0,1,1,E,0.09859154929577464,-129.2,162.2,8.0,19.0,0.2962962962962963,2.313684942725167,23,9,21,-12,0.04429605349725603,0,0,1,0,0,0,0,0,0,-1,0,0,0,0,0
1hy7,A,188,LYS,-3.9,168.6,1.0,2,0,S,0.6439024390243903,-80.6,-24.2,8.0,19.0,0.2962962962962963,1.8706437304482044,24,5,21,-16,0.03310547156110714,0,0,0,0,0,0,1,0,0,18,12,6,0,1,1
1hy7,A,189,ASP,-3.5,111.1,-1.0,1,3,S,0.44171779141104295,-114.4,-158.0,1.0,17.0,0.05555555555555555,1.9542280809991188,16,9,0,9,0.02797645484037223,0,0,0,0,0,0,1,0,0,-1,0,0,0,0,0
1hy7,A,190,THR,-0.7,116.1,0.0,1,1,S,0.6971830985915493,-98.2,16.9,3.0,12.0,0.2,1.7768287359386339,13,5,8,-3,0.027510180593032695,0,0,0,0,0,0,1,0,0,-1,0,0,0,0,0
1hy7,A,191,THR,-0.7,116.1,0.0,1,1,S,0.8028169014084507,-75.6,-17.7,3.0,9.0,0.25,1.8519209314048133,12,6,8,-2,0.021914889624958248,0,0,0,0,0,0,1,0,0,-1,0,0,0,0,0
1hy7,A,192,GLY,-0.4,60.1,0.0,0,0,S,0.36904761904761907,-134.4,-137.6,16.0,5.0,0.7619047619047619,1.7814640183324155,19,5,20,-15,0.03170664881908853,0,0,0,0,0,0,1,0,0,-1,0,0,0,0,0
1hy7,A,193,THR,-0.7,116.1,0.0,1,1,E,0.21830985915492956,-95.7,123.4,18.0,11.0,0.6206896551724138,2.246626950852064,29,5,34,-29,0.04103213376587927,0,0,1,0,0,0,0,0,0,-1,0,0,0,0,0
1hy7,A,194,ASN,-3.5,114.1,0.0,2,2,E,0.08280254777070063,-77.8,118.8,10.0,19.0,0.3448275862068966,1.9503271690660413,28,11,9,2,0.045228601991935104,0,0,1,0,0,0,0,0,0,-1,0,0,0,0,0
1hy7,A,195,LEU,3.8,166.7,0.0,0,0,H,0.012195121951219513,-61.7,-46.4,22.0,18.0,0.55,2.9686658522028035,40,16,25,-9,0.05035761871267001,1,0,0,0,0,0,0,0,0,-1,0,0,0,0,0
1hy7,A,196,PHE,2.8,189.9,0.0,0,0,H,0.09644670050761421,-56.7,-50.3,12.0,21.0,0.36363636363636365,2.5082992196063274,33,24,12,12,0.045228601991935104,1,0,0,0,0,0,0,0,0,-1,0,0,0,0,0
1hy7,A,197,LEU,3.8,166.7,0.0,0,0,H,0.3475609756097561,-61.4,-45.1,20.0,21.0,0.4878048780487805,2.2210373959862224,34,22,10,12,0.03870076252918159,1,0,0,0,0,0,0,0,0,-1,0,0,0,0,0
1hy7,A,198,VAL,4.2,140.0,0.0,0,0,H,0.1267605633802817,-70.3,-37.5,20.0,19.0,0.5128205128205128,2.2439596431557622,38,21,13,8,0.045694876239274644,1,0,0,0,0,0,0,0,0,-1,0,0,0,0,0
1hy7,A,199,ALA,1.8,88.6,0.0,0,0,H,0.009433962264150943,-65.3,-39.1,22.0,22.0,0.5,5.279345021197977,39,30,14,16,0.048026247475972325,1,0,0,0,0,0,0,0,0,-1,0,0,0,0,0
1hy7,A,200,ALA,1.8,88.6,0.0,0,0,H,0.0,-62.0,-42.6,20.0,19.0,0.5128205128205128,4.776025874998429,36,30,18,12,0.05408781269138631,1,0,0,0,0,0,0,0,0,-1,0,0,0,0,0
1hy7,A,201,HIS,-3.2,153.2,0.1,2,1,H,0.10326086956521739,-65.8,-47.7,17.0,24.0,0.4146341463414634,2.611205505852662,36,24,13,11,0.048958795970651406,1,0,0,0,0,0,0,0,0,-1,0,0,0,0,0
1hy7,A,202,GLU,-3.5,138.4,-1.0,1,3,H,0.07731958762886598,-64.2,-39.3,21.0,22.0,0.4883720930232558,3.2669784524000427,43,42,5,37,0.05129016720734909,1,0,0,0,0,0,0,0,0,-1,0,0,0,0,0
1hy7,A,203,ILE,4.5,166.7,0.0,0,0,H,0.011834319526627219,-60.5,-32.9,23.0,24.0,0.48936170212765956,7.209797552994427,48,28,17,11,0.050823892960009553,1,0,0,0,0,0,0,0,0,-1,0,0,0,0,0
1hy7,A,204,GLY,-0.4,60.1,0.0,0,0,H,0.0,-53.9,-49.0,24.0,23.0,0.5106382978723404,6.297769597930275,44,29,18,11,0.05129016720734909,1,0,0,0,0,0,0,0,0,-1,0,0,0,0,0
1hy7,A,205,HIS,-3.2,153.2,0.1,2,1,H,0.08152173913043478,-59.6,-47.0,17.0,27.0,0.38636363636363635,2.6685985038807765,36,30,14,16,0.05455408693872585,1,0,0,0,0,0,0,0,0,-1,0,0,0,0,0
1hy7,A,206,SER,-0.8,89.0,0.0,1,1,H,0.0,-53.8,-24.9,23.0,19.0,0.5476190476190477,5.776779340617804,45,23,22,1,0.05175644145468863,1,0,0,0,0,0,0,0,0,-1,0,0,0,0,0
1hy7,A,207,LEU,3.8,166.7,0.0,0,0,H,0.0,-96.9,-7.2,27.0,23.0,0.54,7.097740521697859,45,21,12,9,0.05548663543340492,1,0,0,0,0,0,0,0,0,-1,0,0,0,0,0
1hy7,A,208,GLY,-0.4,60.1,0.0,0,0,T,0.0,110.0,10.8,16.0,22.0,0.42105263157894735,6.036519035531888,36,29,4,25,0.05502036118606539,0,0,0,0,0,1,0,0,0,-1,0,0,0,0,0
1hy7,A,209,LEU,3.8,166.7,0.0,0,0,B,0.018292682926829267,-96.3,133.8,23.0,20.0,0.5348837209302325,5.717209205983547,42,41,17,24,0.05222271570202816,0,1,0,0,0,0,0,0,0,-1,0,0,0,0,0
1hy7,A,210,PHE,2.8,189.9,0.0,0,0,-,0.3401015228426396,-91.8,-165.1,8.0,27.0,0.22857142857142856,2.779962404416391,20,37,0,37,0.04429605349725603,0,0,0,0,0,0,0,0,0,-1,0,0,0,0,0
1hy7,A,211,HIS,-3.2,153.2,0.1,2,1,-,0.33695652173913043,-78.6,141.5,5.0,21.0,0.19230769230769232,2.1043174483478175,22,30,8,22,0.045228601991935104,0,0,0,0,0,0,0,0,0,-1,0,0,0,0,0
1hy7,A,212,SER,-0.8,89.0,0.0,1,1,-,0.05384615384615385,-90.2,160.4,19.0,9.0,0.6785714285714286,1.9841157391529982,22,28,21,7,0.04709369898129325,0,0,0,0,0,0,0,0,0,25,0,2,0,0,1
1hy7,A,213,ALA,1.8,88.6,0.0,0,0,S,0.8962264150943396,-94.4,-12.7,1.0,17.0,0.05555555555555555,1.7676443564453597,17,15,16,-1,0.02797645484037223,0,0,0,0,0,0,1,0,0,25,0,2,0,0,1
1hy7,A,214,ASN,-3.5,114.1,0.0,2,2,-,0.43312101910828027,-75.4,117.4,13.0,6.0,0.6842105263157895,2.0676389759477196,19,5,24,-19,0.030774100324409453,0,0,0,0,0,0,0,0,0,25,0,2,0,0,1
1hy7,A,215,THR,-0.7,116.1,0.0,1,1,T,0.5845070422535211,-61.3,-14.9,0.0,16.0,0.0,1.9275910044149587,13,0,15,-15,0.02797645484037223,0,0,0,0,0,1,0,0,0,25,0,2,0,0,1
1hy7,A,216,GLU,-3.5,138.4,-1.0,1,3,T,0.7577319587628866,-98.1,-6.4,7.0,13.0,0.35,1.793365526031691,18,11,11,0,0.02797645484037223,0,0,0,0,0,1,0,0,0,-1,0,0,0,0,0
1hy7,A,217,ALA,1.8,88.6,0.0,0,0,S,0.03773584905660377,-72.5,145.0,19.0,11.0,0.6333333333333333,2.378498382394714,25,22,25,-3,0.04755997322863279,0,0,0,0,0,0,1,0,0,-1,0,0,0,0,0
1hy7,A,218,LEU,3.8,166.7,0.0,0,0,T,0.11585365853658537,-57.7,-36.9,24.0,13.0,0.6486486486486487,2.265456959131298,33,29,28,1,0.04662742473395372,0,0,0,0,0,1,0,0,0,-1,0,0,0,0,0
1hy7,A,219,MET,1.9,162.9,0.0,0,0,T,0.015957446808510637,-81.0,1.0,22.0,15.0,0.5945945945945946,4.614754316906191,38,36,29,7,0.05222271570202816,0,0,0,0,0,1,0,0,0,-1,0,0,0,0,0
1hy7,A,220,TYR,-1.3,193.6,0.0,1,1,S,0.3738738738738739,-65.7,143.7,10.0,16.0,0.38461538461538464,2.320415403485534,17,18,15,3,0.045228601991935104,0,0,0,0,0,0,1,0,0,25,0,2,0,0,1
1hy7,A,221,PRO,-1.6,112.7,0.0,0,0,-,0.6176470588235294,-47.0,-31.3,3.0,23.0,0.11538461538461539,1.9914793252984977,18,24,8,16,0.028909003335051305,0,0,0,0,0,0,0,0,0,25,0,2,0,0,1
1hy7,A,222,LEU,3.8,166.7,0.0,0,0,-,1.0,-104.1,360.0,3.0,18.0,0.14285714285714285,1.8356567264075656,15,11,8,3,0.023779986614316396,0,0,0,0,0,0,0,0,0,25,0,2,0,0,1
1hy7,A,229,LEU,3.8,166.7,0.0,0,0,-,0.5121951219512195,360.0,-31.5,10.0,5.0,0.6666666666666666,1.8758374841904137,14,21,8,13,0.02471253510899547,0,0,0,0,0,0,0,0,0,7,168,7,0,13,1
1hy7,A,230,THR,-0.7,116.1,0.0,1,1,T,1.0,-67.0,-18.0,0.0,7.0,0.0,1.8048820063042643,8,15,0,15,0.013988227420186116,0,0,0,0,0,1,0,0,0,7,168,7,0,13,1
1hy7,A,231,ARG,-4.5,173.4,1.0,5,0,T,0.9475806451612904,-95.1,5.7,1.0,7.0,0.125,1.8308722497416043,8,7,6,1,0.018650969893581486,0,0,0,0,0,1,0,0,0,27,0,1,0,0,1
1hy7,A,232,PHE,2.8,189.9,0.0,0,0,-,0.34517766497461927,-67.1,131.1,9.0,6.0,0.6,1.931666904411381,20,27,6,21,0.02331371236697686,0,0,0,0,0,0,0,0,0,7,168,7,0,13,1
1hy7,A,233,ARG,-4.5,173.4,1.0,5,0,-,0.8951612903225806,-150.2,134.4,5.0,16.0,0.23809523809523808,1.8447037702362998,15,6,9,-3,0.023779986614316396,0,0,0,0,0,0,0,0,0,7,168,7,0,13,1
1hy7,A,234,LEU,3.8,166.7,0.0,0,0,-,0.11585365853658537,-57.5,133.7,16.0,13.0,0.5517241379310345,2.1848089131315627,29,17,29,-12,0.040099585271200194,0,0,0,0,0,0,0,0,0,7,168,7,0,13,1
1hy7,A,235,SER,-0.8,89.0,0.0,1,1,-,0.15384615384615385,-79.3,161.7,13.0,11.0,0.5416666666666666,2.1973863687167596,24,12,24,-12,0.0363693912924839,0,0,0,0,0,0,0,0,0,1,620,4,0,29,1
1hy7,A,236,GLN,-3.5,143.8,0.0,2,2,H,0.8080808080808081,-60.6,-31.8,0.0,20.0,0.0,1.8667434053815681,14,10,19,-9,0.028909003335051305,1,0,0,0,0,0,0,0,0,21,24,1,0,0,1
1hy7,A,237,ASP,-3.5,111.1,-1.0,1,3,H,0.1656441717791411,-60.5,-43.9,13.0,11.0,0.5416666666666666,2.2184157320819886,26,10,14,-4,0.03776821403450251,1,0,0,0,0,0,0,0,0,1,620,4,0,29,1
1hy7,A,238,ASP,-3.5,111.1,-1.0,1,3,H,0.006134969325153374,-64.1,-38.6,18.0,19.0,0.4864864864864865,4.223482883015193,32,19,13,6,0.048958795970651406,1,0,0,0,0,0,0,0,0,1,620,4,0,29,1
1hy7,A,239,ILE,4.5,166.7,0.0,0,0,H,0.23668639053254437,-68.0,-44.2,9.0,21.0,0.3,2.656329815803436,25,5,21,-16,0.043829779249916496,1,0,0,0,0,0,0,0,0,1,620,4,0,29,1
1hy7,A,240,ASN,-3.5,114.1,0.0,2,2,H,0.5668789808917197,-56.1,-45.2,8.0,16.0,0.3333333333333333,1.8669709166629347,23,1,16,-15,0.034970568550465285,1,0,0,0,0,0,0,0,0,1,620,4,0,29,1
1hy7,A,241,GLY,-0.4,60.1,0.0,0,0,H,0.0,-70.4,-43.9,23.0,13.0,0.6388888888888888,3.617529810065344,31,7,16,-9,0.045228601991935104,1,0,0,0,0,0,0,0,0,1,620,4,0,29,1
1hy7,A,242,ILE,4.5,166.7,0.0,0,0,H,0.0,-69.4,-31.8,23.0,19.0,0.5476190476190477,5.633848578427982,38,9,19,-10,0.05502036118606539,1,0,0,0,0,0,0,0,0,1,620,4,0,29,1
1hy7,A,243,GLN,-3.5,143.8,0.0,2,2,H,0.29292929292929293,-74.7,-24.3,12.0,17.0,0.41379310344827586,2.105285479969143,25,0,12,-12,0.043363505002576956,1,0,0,0,0,0,0,0,0,-1,0,0,0,0,0
1hy7,A,244,SER,-0.8,89.0,0.0,1,1,H,0.47692307692307695,-64.1,-26.7,11.0,13.0,0.4583333333333333,1.7397442883419307,24,10,5,5,0.032172923066428064,1,0,0,0,0,0,0,0,0,-1,0,0,0,0,0
1hy7,A,245,LEU,3.8,166.7,0.0,0,0,H,0.07926829268292683,-90.1,-41.1,26.0,8.0,0.7647058823529411,2.493822255668643,32,14,2,12,0.0363693912924839,1,0,0,0,0,0,0,0,0,-1,0,0,0,0,0
1hy7,A,246,TYR,-1.3,193.6,0.0,1,1,H,0.13963963963963963,-121.7,-5.2,22.0,8.0,0.7333333333333333,2.6417756214104915,35,21,4,17,0.03870076252918159,1,0,0,0,0,0,0,0,0,-1,0,0,0,0,0
1hy7,A,247,GLY,-0.4,60.1,0.0,0,0,-,0.2619047619047619,83.0,173.6,5.0,15.0,0.25,2.246484239305321,21,3,5,-2,0.032172923066428064,0,0,0,0,0,0,0,0,0,-1,0,0,0,0,0
1hy7,A,248,PRO,-1.6,112.7,0.0,0,0,S,0.5661764705882353,-83.2,170.0,2.0,17.0,0.10526315789473684,2.1261590537439488,17,0,5,-5,0.032172923066428064,0,0,0,0,0,0,1,0,0,24,1,2,0,0,1
1hy7,A,249,PRO,-1.6,112.7,0.0,0,0,-,0.4632352941176471,-63.0,148.5,6.0,12.0,0.3333333333333333,2.0869303649248683,15,0,12,-12,0.028909003335051305,0,0,0,0,0,0,0,0,0,24,1,2,0,0,1
1hy7,A,250,PRO,-1.6,112.7,0.0,0,0,-,1.0,-70.7,360.0,5.0,8.0,0.38461538461538464,1.886894374655212,13,0,4,-4,0.015387050162204726,0,0,0,0,0,0,0,0,0,24,1,2,0,0,1
1hy7,B,583,PHE,2.8,189.9,0.0,0,0,-,0.5025380710659898,360.0,154.2,19.0,11.0,0.6333333333333333,1.9593246733025038,24,16,16,0,0.04103213376587927,0,0,0,0,0,0,0,0,0,-1,0,0,0,0,0
1hy7,B,584,ARG,-4.5,173.4,1.0,5,0,-,0.6733870967741935,-132.9,165.2,10.0,20.0,0.3333333333333333,2.07360133473292,17,12,3,9,0.032639197313767604,0,0,0,0,0,0,0,0,0,28,0,1,0,0,1
1hy7,B,585,THR,-0.7,116.1,0.0,1,1,B,0.2746478873239437,-122.3,173.6,14.0,13.0,0.5185185185185185,1.948132522997359,24,28,0,28,0.043363505002576956,0,1,0,0,0,0,0,0,0,14,83,3,0,2,1
1hy7,B,586,PHE,2.8,189.9,0.0,0,0,-,0.18781725888324874,-82.3,158.4,13.0,11.0,0.5416666666666666,2.1986161251088316,25,31,0,31,0.03450429430312575,0,0,0,0,0,0,0,0,0,14,83,3,0,2,1
1hy7,B,587,PRO,-1.6,112.7,0.0,0,0,T,0.9191176470588235,-56.6,127.5,0.0,12.0,0.0,1.833905928659213,12,6,0,6,0.018650969893581486,0,0,0,0,0,1,0,0,0,14,83,3,0,2,1
1hy7,B,588,GLY,-0.4,60.1,0.0,0,0,T,0.9166666666666666,83.2,7.0,5.0,8.0,0.38461538461538464,1.709641507205749,10,8,0,8,0.01678587290422334,0,0,0,0,0,1,0,0,0,14,83,3,0,2,1
1hy7,B,589,ILE,4.5,166.7,0.0,0,0,-,0.5502958579881657,39.0,63.4,7.0,16.0,0.30434782608695654,2.0586223751784933,19,13,0,13,0.027510180593032695,0,0,0,0,0,0,0,0,0,14,83,3,0,2,1
1hy7,B,590,PRO,-1.6,112.7,0.0,0,0,-,0.25735294117647056,-64.6,136.4,15.0,9.0,0.625,2.262901199501424,25,17,0,17,0.035436842797804825,0,0,0,0,0,0,0,0,0,14,83,3,0,2,1
1hy7,B,591,LYS,-3.9,168.6,1.0,2,0,-,0.5219512195121951,-151.3,156.9,13.0,19.0,0.40625,2.0707432620734774,27,18,0,18,0.04149840801321881,0,0,0,0,0,0,0,0,0,14,83,3,0,2,1
1hy7,B,592,TRP,-0.9,227.8,0.0,1,0,-,0.07488986784140969,-67.6,141.4,18.0,10.0,0.6428571428571429,2.5762462218170477,34,32,9,23,0.03823448828184205,0,0,0,0,0,0,0,0,0,8,98,6,0,7,1
1hy7,B,593,ARG,-4.5,173.4,1.0,5,0,S,1.0,-85.9,-24.3,2.0,16.0,0.1111111111111111,1.8068114466790703,11,18,0,18,0.022847438119637322,0,0,0,0,0,0,1,0,0,8,98,6,0,7,1
1hy7,B,594,LYS,-3.9,168.6,1.0,2,0,S,0.5073170731707317,-98.5,161.1,7.0,10.0,0.4117647058823529,1.910182507721597,17,27,7,20,0.02471253510899547,0,0,0,0,0,0,1,0,0,8,98,6,0,7,1
1hy7,B,595,THR,-0.7,116.1,0.0,1,1,S,0.6267605633802817,-96.8,-19.3,9.0,14.0,0.391304347826087,1.9369008962785164,18,26,4,22,0.032172923066428064,0,0,0,0,0,0,1,0,0,8,98,6,0,7,1
1hy7,B,596,HIS,-3.2,153.2,0.1,2,1,E,0.46195652173913043,-112.1,126.5,2.0,19.0,0.09523809523809523,1.8324826269432535,17,13,10,3,0.03450429430312575,0,0,1,0,0,0,0,0,0,19,8,8,0,0,1
1hy7,B,597,LEU,3.8,166.7,0.0,0,0,E,0.0,-119.8,152.1,24.0,8.0,0.75,3.253737784785265,30,27,12,15,0.04662742473395372,0,0,1,0,0,0,0,0,0,-1,0,0,0,0,0
1hy7,B,598,THR,-0.7,116.1,0.0,1,1,E,0.19718309859154928,-109.8,152.9,11.0,17.0,0.39285714285714285,2.778681717498106,27,29,17,12,0.045694876239274644,0,0,1,0,0,0,0,0,0,-1,0,0,0,0,0
1hy7,B,599,TYR,-1.3,193.6,0.0,1,1,E,0.07657657657657657,-131.8,164.1,16.0,15.0,0.5161290322580645,3.727352493867867,31,26,28,-2,0.04989134446533048,0,0,1,0,0,0,0,0,0,15,24,9,0,2,1
1hy7,B,600,ARG,-4.5,173.4,1.0,5,0,E,0.10080645161290322,-150.7,129.6,10.0,21.0,0.3225806451612903,2.521318786777746,27,11,31,-20,0.053155264196707235,0,0,1,0,0,0,0,0,0,5,213,5,0,15,1
1hy7,B,601,ILE,4.5,166.7,0.0,0,0,E,0.03550295857988166,-93.5,110.0,17.0,21.0,0.4473684210526316,2.380515712061146,35,30,17,13,0.04942507021799094,0,0,1,0,0,0,0,0,0,-1,0,0,0,0,0
1hy7,B,602,VAL,4.2,140.0,0.0,0,0,-,0.15492957746478872,-80.8,-30.2,19.0,18.0,0.5135135135135135,2.3693801530504817,36,19,26,-7,0.03963331102386066,0,0,0,0,0,0,0,0,0,-1,0,0,0,0,0
1hy7,B,603,ASN,-3.5,114.1,0.0,2,2,-,0.09554140127388536,-154.5,178.6,21.0,17.0,0.5526315789473685,3.0969515106505288,33,23,15,8,0.04709369898129325,0,0,0,0,0,0,0,0,0,-1,0,0,0,0,0
1hy7,B,604,TYR,-1.3,193.6,0.0,1,1,B,0.02702702702702703,-136.1,143.5,16.0,24.0,0.4,3.4696155533119195,34,23,26,-3,0.053155264196707235,0,1,0,0,0,0,0,0,0,-1,0,0,0,0,0
1hy7,B,605,THR,-0.7,116.1,0.0,1,1,-,0.0,-77.1,145.8,22.0,16.0,0.5789473684210527,4.060902165368286,34,15,28,-13,0.0526889899493677,0,0,0,0,0,0,0,0,0,-1,0,0,0,0,0
1hy7,B,606,PRO,-1.6,112.7,0.0,0,0,T,0.27205882352941174,-68.1,-13.5,16.0,18.0,0.47058823529411764,2.031892653004555,30,28,26,2,0.03776821403450251,0,0,0,0,0,1,0,0,0,-1,0,0,0,0,0
1hy7,B,607,ASP,-3.5,111.1,-1.0,1,3,T,0.2331288343558282,-73.2,-22.6,19.0,12.0,0.6129032258064516,1.8917412721927929,28,12,20,-8,0.034970568550465285,0,0,0,0,0,1,0,0,0,-1,0,0,0,0,0
1hy7,B,608,LEU,3.8,166.7,0.0,0,0,S,0.12804878048780488,-143.0,156.8,21.0,6.0,0.7777777777777778,2.199646134036159,26,20,25,-5,0.03683566553982344,0,0,0,0,0,0,1,0,0,20,11,4,0,0,1
1hy7,B,609,PRO,-1.6,112.7,0.0,0,0,-,0.5588235294117647,-62.4,150.3,4.0,18.0,0.18181818181818182,2.1982294488132648,19,24,22,2,0.030307826077069916,0,0,0,0,0,0,0,0,0,20,11,4,0,0,1
1hy7,B,610,LYS,-3.9,168.6,1.0,2,0,H,0.2146341463414634,-52.4,-41.7,13.0,15.0,0.4642857142857143,2.036912937067692,28,13,23,-10,0.03683566553982344,1,0,0,0,0,0,0,0,0,-1,0,0,0,0,0
1hy7,B,611,ASP,-3.5,111.1,-1.0,1,3,H,0.6932515337423313,-61.0,-34.4,1.0,17.0,0.05555555555555555,1.6720665136259725,16,21,12,9,0.02797645484037223,1,0,0,0,0,0,0,0,0,-1,0,0,0,0,0
1hy7,B,612,ALA,1.8,88.6,0.0,0,0,H,0.14150943396226415,-71.1,-35.8,11.0,11.0,0.5,1.9119374951783397,24,26,29,-3,0.03357174580844668,1,0,0,0,0,0,0,0,0,20,11,4,0,0,1
1hy7,B,613,VAL,4.2,140.0,0.0,0,0,H,0.0,-62.5,-48.2,18.0,16.0,0.5294117647058824,4.056813822491153,32,25,29,-4,0.045694876239274644,1,0,0,0,0,0,0,0,0,-1,0,0,0,0,0
1hy7,B,614,ASP,-3.5,111.1,-1.0,1,3,H,0.1656441717791411,-61.0,-43.0,5.0,23.0,0.17857142857142858,2.3804223535954105,26,26,17,9,0.03823448828184205,1,0,0,0,0,0,0,0,0,15,24,9,0,2,1
1hy7,B,615,SER,-0.8,89.0,0.0,1,1,H,0.4076923076923077,-63.2,-42.9,7.0,13.0,0.35,1.7799028830309052,23,30,25,5,0.03310547156110714,1,0,0,0,0,0,0,0,0,15,24,9,0,2,1
1hy7,B,616,ALA,1.8,88.6,0.0,0,0,H,0.12264150943396226,-62.9,-43.6,18.0,10.0,0.6428571428571429,2.470792455299581,35,25,24,1,0.043829779249916496,1,0,0,0,0,0,0,0,0,-1,0,0,0,0,0
1hy7,B,617,VAL,4.2,140.0,0.0,0,0,H,0.028169014084507043,-62.1,-49.4,18.0,20.0,0.47368421052631576,4.710816220622726,34,26,21,5,0.048026247475972325,1,0,0,0,0,0,0,0,0,15,24,9,0,2,1
1hy7,B,618,GLU,-3.5,138.4,-1.0,1,3,H,0.4639175257731959,-52.8,-48.6,6.0,23.0,0.20689655172413793,1.8906347121098444,24,28,15,13,0.0363693912924839,1,0,0,0,0,0,0,0,0,15,24,9,0,2,1
1hy7,B,619,LYS,-3.9,168.6,1.0,2,0,H,0.5951219512195122,-61.9,-37.5,12.0,14.0,0.46153846153846156,1.9426822937680517,25,12,20,-8,0.03730193978716297,1,0,0,0,0,0,0,0,0,15,24,9,0,2,1
1hy7,B,620,ALA,1.8,88.6,0.0,0,0,H,0.009433962264150943,-67.6,-39.7,19.0,12.0,0.6129032258064516,4.104867010184029,33,23,30,-7,0.048492521723311866,1,0,0,0,0,0,0,0,0,-1,0,0,0,0,0
1hy7,B,621,LEU,3.8,166.7,0.0,0,0,H,0.024390243902439025,-64.9,-42.1,17.0,20.0,0.4594594594594595,2.7445188941019008,35,20,29,-9,0.048492521723311866,1,0,0,0,0,0,0,0,0,-1,0,0,0,0,0
1hy7,B,622,LYS,-3.9,168.6,1.0,2,0,H,0.5609756097560976,-59.9,-34.4,7.0,19.0,0.2692307692307692,2.035617485999096,21,9,26,-17,0.03683566553982344,1,0,0,0,0,0,0,0,0,23,1,3,0,0,1
1hy7,B,623,VAL,4.2,140.0,0.0,0,0,H,0.08450704225352113,-51.7,-41.9,22.0,10.0,0.6875,1.9760493343744998,30,28,29,-1,0.04243095650789788,1,0,0,0,0,0,0,0,0,23,1,3,0,0,1
1hy7,B,624,TRP,-0.9,227.8,0.0,1,0,H,0.0,-85.3,-35.1,25.0,18.0,0.5813953488372093,5.310932422369342,44,18,31,-13,0.048958795970651406,1,0,0,0,0,0,0,0,0,-1,0,0,0,0,0
1hy7,B,625,GLU,-3.5,138.4,-1.0,1,3,H,0.3247422680412371,-56.6,-39.4,10.0,23.0,0.30303030303030304,2.0381547087179395,27,18,16,2,0.04429605349725603,1,0,0,0,0,0,0,0,0,19,8,8,0,0,1
1hy7,B,626,GLU,-3.5,138.4,-1.0,1,3,T,0.6443298969072165,-62.5,-21.6,8.0,16.0,0.3333333333333333,1.7780195343516008,24,21,13,8,0.03170664881908853,0,0,0,0,0,1,0,0,0,23,1,3,0,0,1
1hy7,B,627,VAL,4.2,140.0,0.0,0,0,T,0.09859154929577464,-122.7,14.4,14.0,17.0,0.45161290322580644,2.5301458601866336,32,11,28,-17,0.04243095650789788,0,0,0,0,0,1,0,0,0,0,1036,9,0,106,1
1hy7,B,628,THR,-0.7,116.1,0.0,1,1,S,0.02112676056338028,-144.6,178.7,20.0,11.0,0.6451612903225806,3.351881371759358,31,5,22,-17,0.045694876239274644,0,0,0,0,0,0,1,0,0,-1,0,0,0,0,0
1hy7,B,629,PRO,-1.6,112.7,0.0,0,0,S,0.2867647058823529,-84.6,2.3,11.0,16.0,0.4074074074074074,1.9885822696422648,24,9,21,-12,0.040565859518539735,0,0,0,0,0,0,1,0,0,-1,0,0,0,0,0
1hy7,B,630,LEU,3.8,166.7,0.0,0,0,-,0.012195121951219513,-73.8,140.0,21.0,9.0,0.7,2.7187952374227002,31,23,15,8,0.043829779249916496,0,0,0,0,0,0,0,0,0,19,8,8,0,0,1
1hy7,B,631,THR,-0.7,116.1,0.0,1,1,E,0.45774647887323944,-128.4,155.3,3.0,22.0,0.12,2.4315130575730355,22,21,13,8,0.0363693912924839,0,0,1,0,0,0,0,0,0,19,8,8,0,0,1
1hy7,B,632,PHE,2.8,189.9,0.0,0,0,E,0.1116751269035533,-125.4,144.4,20.0,9.0,0.6896551724137931,3.000631231602257,31,28,22,6,0.040565859518539735,0,0,1,0,0,0,0,0,0,19,8,8,0,0,1
1hy7,B,633,SER,-0.8,89.0,0.0,1,1,E,0.33076923076923076,-132.9,148.0,3.0,19.0,0.13636363636363635,2.215982663228065,21,25,13,12,0.032639197313767604,0,0,1,0,0,0,0,0,0,19,8,8,0,0,1
1hy7,B,634,ARG,-4.5,173.4,1.0,5,0,E,0.20967741935483872,-86.8,136.3,7.0,17.0,0.2916666666666667,1.970425486653531,22,9,19,-10,0.03450429430312575,0,0,1,0,0,0,0,0,0,15,24,9,0,2,1
1hy7,B,635,LEU,3.8,166.7,0.0,0,0,-,0.35365853658536583,-111.2,149.7,13.0,6.0,0.6842105263157895,2.2193398880902198,19,25,25,0,0.040099585271200194,0,0,0,0,0,0,0,0,0,5,213,5,0,15,1
1hy7,B,636,TYR,-1.3,193.6,0.0,1,1,S,0.7477477477477478,-115.5,-6.1,3.0,18.0,0.14285714285714285,1.7981226228495997,16,22,16,6,0.028909003335051305,0,0,0,0,0,0,1,0,0,5,213,5,0,15,1
1hy7,B,637,GLU,-3.5,138.4,-1.0,1,3,S,0.8195876288659794,-154.1,163.1,6.0,16.0,0.2727272727272727,1.7717151872038044,16,11,16,-5,0.022381163872297785,0,0,0,0,0,0,1,0,0,5,213,5,0,15,1
1hy7,B,638,GLY,-0.4,60.1,0.0,0,0,S,0.5,76.2,-172.7,5.0,15.0,0.25,2.070252807821062,19,15,28,-13,0.022847438119637322,0,0,0,0,0,0,1,0,0,5,213,5,0,15,1
1hy7,B,639,GLU,-3.5,138.4,-1.0,1,3,-,0.7577319587628866,-95.8,127.6,7.0,17.0,0.2916666666666667,1.7412003690172393,21,14,22,-8,0.027510180593032695,0,0,0,0,0,0,0,0,0,-1,0,0,0,0,0
1hy7,B,640,ALA,1.8,88.6,0.0,0,0,-,0.07547169811320754,-103.5,160.1,18.0,9.0,0.6666666666666666,2.140308689144475,29,21,29,-8,0.040099585271200194,0,0,0,0,0,0,0,0,0,-1,0,0,0,0,0
1hy7,B,641,ASP,-3.5,111.1,-1.0,1,3,S,0.18404907975460122,-58.0,-45.6,17.0,17.0,0.5,1.7712237153477388,33,25,16,9,0.043829779249916496,0,0,0,0,0,0,1,0,0,-1,0,0,0,0,0
1hy7,B,642,ILE,4.5,166.7,0.0,0,0,E,0.0,-110.5,101.0,22.0,19.0,0.5365853658536586,4.910642746219372,43,19,24,-5,0.048958795970651406,0,0,1,0,0,0,0,0,0,-1,0,0,0,0,0
1hy7,B,643,MET,1.9,162.9,0.0,0,0,E,0.11170212765957446,-89.7,122.3,13.0,25.0,0.34210526315789475,2.3848695710072723,31,19,27,-8,0.048492521723311866,0,0,1,0,0,0,0,0,0,-1,0,0,0,0,0
1hy7,B,644,ILE,4.5,166.7,0.0,0,0,E,0.023668639053254437,-109.7,126.5,20.0,21.0,0.4878048780487805,4.1737255015002726,34,26,20,6,0.048492521723311866,0,0,1,0,0,0,0,0,0,-1,0,0,0,0,0
1hy7,B,645,SER,-0.8,89.0,0.0,1,1,E,0.14615384615384616,-148.3,160.8,16.0,22.0,0.42105263157894735,2.7433986562173884,37,33,21,12,0.04196468226055834,0,0,1,0,0,0,0,0,0,-1,0,0,0,0,0
1hy7,B,646,PHE,2.8,189.9,0.0,0,0,E,0.030456852791878174,-99.7,143.2,19.0,24.0,0.4418604651162791,3.57392390977683,35,16,30,-14,0.05035761871267001,0,0,1,0,0,0,0,0,0,-1,0,0,0,0,0
1hy7,B,647,ALA,1.8,88.6,0.0,0,0,E,0.09433962264150944,-149.0,157.1,23.0,17.0,0.575,2.1853635621716174,36,41,44,-3,0.04616115048661418,0,0,1,0,0,0,0,0,0,-1,0,0,0,0,0
1hy7,B,648,VAL,4.2,140.0,0.0,0,0,-,0.22535211267605634,-131.8,133.6,15.0,23.0,0.39473684210526316,1.9368651920425353,36,32,49,-17,0.04196468226055834,0,0,0,0,0,0,0,0,0,-1,0,0,0,0,0
1hy7,B,649,ARG,-4.5,173.4,1.0,5,0,S,0.5120967741935484,46.6,-129.2,5.0,23.0,0.17857142857142858,2.1773594700293857,21,10,44,-34,0.03823448828184205,0,0,0,0,0,0,1,0,0,22,3,7,0,0,1
1hy7,B,650,GLU,-3.5,138.4,-1.0,1,3,-,0.5618556701030928,-74.0,130.6,6.0,18.0,0.25,1.8035015142336188,19,29,21,8,0.03450429430312575,0,0,0,0,0,0,0,0,0,4,255,6,0,18,1
1hy7,B,651,HIS,-3.2,153.2,0.1,2,1,-,0.15760869565217392,-143.6,23.1,16.0,12.0,0.5714285714285714,2.497289730770614,30,33,35,-2,0.040099585271200194,0,0,0,0,0,0,0,0,0,4,255,6,0,18,1
1hy7,B,652,GLY,-0.4,60.1,0.0,0,0,S,0.4166666666666667,97.4,10.1,16.0,9.0,0.64,1.7096239629890246,24,38,33,5,0.03170664881908853,0,0,0,0,0,0,1,0,0,4,255,6,0,18,1
1hy7,B,653,ASP,-3.5,111.1,-1.0,1,3,S,0.15337423312883436,-129.3,-169.8,13.0,12.0,0.52,2.119860030629816,20,36,21,15,0.03683566553982344,0,0,0,0,0,0,1,0,0,4,255,6,0,18,1
1hy7,B,654,PHE,2.8,189.9,0.0,0,0,S,0.8730964467005076,-80.4,-7.2,3.0,12.0,0.2,1.8068594717298077,10,14,11,3,0.026577632098353617,0,0,0,0,0,0,1,0,0,4,255,6,0,18,1
1hy7,B,655,TYR,-1.3,193.6,0.0,1,1,S,0.581081081081081,-133.0,87.9,8.0,13.0,0.38095238095238093,1.9034976938882373,15,27,13,14,0.03357174580844668,0,0,0,0,0,0,1,0,0,4,255,6,0,18,1
1hy7,B,656,PRO,-1.6,112.7,0.0,0,0,-,0.4485294117647059,-60.5,145.5,6.0,18.0,0.25,2.0768307046131116,18,31,30,1,0.03963331102386066,0,0,0,0,0,0,0,0,0,4,255,6,0,18,1
1hy7,B,657,PHE,2.8,189.9,0.0,0,0,-,0.030456852791878174,-69.7,174.1,22.0,6.0,0.7857142857142857,2.6371974371591946,31,41,54,-13,0.05035761871267001,0,0,0,0,0,0,0,0,0,-1,0,0,0,0,0
1hy7,B,658,ASP,-3.5,111.1,-1.0,1,3,-,0.3312883435582822,-126.9,21.6,7.0,14.0,0.3333333333333333,1.968572406861348,21,16,27,-11,0.0363693912924839,0,0,0,0,0,0,0,0,0,22,3,7,0,0,1
1hy7,B,659,GLY,-0.4,60.1,0.0,0,0,S,0.0,81.6,-174.1,2.0,20.0,0.09090909090909091,2.3190730966718336,21,13,40,-27,0.03683566553982344,0,0,0,0,0,0,1,0,0,22,3,7,0,0,1
1hy7,B,660,PRO,-1.6,112.7,0.0,0,0,S,0.6911764705882353,-55.6,134.1,4.0,18.0,0.18181818181818182,1.93432212557879,20,11,42,-31,0.02984155182973038,0,0,0,0,0,0,1,0,0,22,3,7,0,0,1
1hy7,B,661,GLY,-0.4,60.1,0.0,0,0,S,0.3333333333333333,79.5,-169.2,0.0,19.0,0.0,2.318296518073894,16,4,37,-33,0.02797645484037223,0,0,0,0,0,0,1,0,0,22,3,7,0,0,1
1hy7,B,662,ASN,-3.5,114.1,0.0,2,2,S,0.8980891719745223,53.9,-124.0,4.0,12.0,0.25,1.7220585854889907,15,2,22,-20,0.022847438119637322,0,0,0,0,0,0,1,0,0,22,3,7,0,0,1
1hy7,B,663,VAL,4.2,140.0,0.0,0,0,-,0.49295774647887325,-67.1,129.3,15.0,12.0,0.5555555555555556,2.239561524516657,27,14,35,-21,0.032639197313767604,0,0,0,0,0,0,0,0,0,-1,0,0,0,0,0
1hy7,B,664,LEU,3.8,166.7,0.0,0,0,-,0.21951219512195122,-96.3,-28.9,14.0,22.0,0.3888888888888889,2.2105546914370904,31,18,41,-23,0.04429605349725603,0,0,0,0,0,0,0,0,0,-1,0,0,0,0,0
1hy7,B,665,ALA,1.8,88.6,0.0,0,0,E,0.09433962264150944,-170.5,165.8,26.0,18.0,0.5909090909090909,1.928351148438378,39,42,36,6,0.04616115048661418,0,0,1,0,0,0,0,0,0,-1,0,0,0,0,0
1hy7,B,666,HIS,-3.2,153.2,0.1,2,1,E,0.18478260869565216,-153.2,157.5,13.0,26.0,0.3333333333333333,2.1897731863949064,31,26,35,-9,0.04616115048661418,0,0,1,0,0,0,0,0,0,-1,0,0,0,0,0
1hy7,B,667,ALA,1.8,88.6,0.0,0,0,E,0.18867924528301888,-146.8,159.7,25.0,14.0,0.6410256410256411,2.0467950083881403,38,43,21,22,0.05035761871267001,0,0,1,0,0,0,0,0,0,-1,0,0,0,0,0
1hy7,B,668,TYR,-1.3,193.6,0.0,1,1,-,0.15315315315315314,-107.8,146.3,17.0,17.0,0.5,2.1438130096040493,28,32,24,8,0.043363505002576956,0,0,0,0,0,0,0,0,0,-1,0,0,0,0,0
1hy7,B,669,ALA,1.8,88.6,0.0,0,0,-,0.1320754716981132,-62.9,164.2,10.0,21.0,0.3225806451612903,2.307887675731556,33,17,13,4,0.048026247475972325,0,0,0,0,0,0,0,0,0,12,28,10,0,3,1
1hy7,B,670,PRO,-1.6,112.7,0.0,0,0,S,0.07352941176470588,-59.6,147.3,17.0,18.0,0.4857142857142857,2.4704642000850328,34,22,14,8,0.04662742473395372,0,0,0,0,0,0,1,0,0,12,28,10,0,3,1
1hy7,B,671,GLY,-0.4,60.1,0.0,0,0,S,0.23809523809523808,153.7,-175.4,11.0,15.0,0.4230769230769231,1.7433700540542958,24,19,16,3,0.03357174580844668,0,0,0,0,0,0,1,0,0,12,28,10,0,3,1
1hy7,B,672,PRO,-1.6,112.7,0.0,0,0,S,0.8161764705882353,-83.6,166.0,0.0,20.0,0.0,1.8339980366560982,18,5,15,-10,0.02331371236697686,0,0,0,0,0,0,1,0,0,12,28,10,0,3,1
1hy7,B,673,GLY,-0.4,60.1,0.0,0,0,T,0.7738095238095238,67.1,-131.1,1.0,16.0,0.058823529411764705,1.7095669581109172,18,3,25,-22,0.022847438119637322,0,0,0,0,0,1,0,0,0,12,28,10,0,3,1
1hy7,B,674,ILE,4.5,166.7,0.0,0,0,T,0.40828402366863903,-61.9,-24.9,8.0,17.0,0.32,2.3270782192087296,27,15,20,-5,0.03357174580844668,0,0,0,0,0,1,0,0,0,12,28,10,0,3,1
1hy7,B,675,ASN,-3.5,114.1,0.0,2,2,T,0.35668789808917195,-59.0,147.3,9.0,19.0,0.32142857142857145,2.151613435990454,24,7,15,-8,0.040565859518539735,0,0,0,0,0,1,0,0,0,12,28,10,0,3,1
1hy7,B,676,GLY,-0.4,60.1,0.0,0,0,T,0.0,78.7,-18.8,17.0,17.0,0.5,4.042453840236918,35,21,21,0,0.05502036118606539,0,0,0,0,0,1,0,0,0,12,28,10,0,3,1
1hy7,B,677,ASP,-3.5,111.1,-1.0,1,3,-,0.08588957055214724,-70.7,157.2,15.0,23.0,0.39473684210526316,3.002255737091803,33,30,20,10,0.04989134446533048,0,0,0,0,0,0,0,0,0,-1,0,0,0,0,0
1hy7,B,678,ALA,1.8,88.6,0.0,0,0,E,0.0,-135.9,128.2,20.0,20.0,0.5,3.9852936617465153,43,37,23,14,0.0526889899493677,0,0,1,0,0,0,0,0,0,-1,0,0,0,0,0
1hy7,B,679,HIS,-3.2,153.2,0.1,2,1,E,0.08152173913043478,-122.7,139.5,18.0,26.0,0.4090909090909091,3.2913650951707254,35,22,32,-10,0.050823892960009553,0,0,1,0,0,0,0,0,0,-1,0,0,0,0,0
1hy7,B,680,PHE,2.8,189.9,0.0,0,0,E,0.02030456852791878,-117.3,131.6,28.0,21.0,0.5714285714285714,5.681049693347574,40,26,38,-12,0.05548663543340492,0,0,1,0,0,0,0,0,0,-1,0,0,0,0,0
1hy7,B,681,ASP,-3.5,111.1,-1.0,1,3,E,0.0,-74.7,115.5,17.0,22.0,0.4358974358974359,5.016458818819197,34,35,38,-3,0.05921682941212122,0,0,1,0,0,0,0,0,0,22,3,7,0,0,1
1hy7,B,682,ASP,-3.5,111.1,-1.0,1,3,T,0.05521472392638037,-80.4,2.2,19.0,22.0,0.4634146341463415,2.160785687043332,36,13,36,-23,0.04989134446533048,0,0,0,0,0,1,0,0,0,-1,0,0,0,0,0
1hy7,B,683,ASP,-3.5,111.1,-1.0,1,3,T,0.18404907975460122,-78.3,-5.4,14.0,19.0,0.42424242424242425,1.844040308429542,30,16,49,-33,0.040565859518539735,0,0,0,0,0,1,0,0,0,22,3,7,0,0,1
1hy7,B,684,GLU,-3.5,138.4,-1.0,1,3,S,0.07216494845360824,-90.9,162.1,19.0,14.0,0.5757575757575758,2.1671278725323213,30,3,37,-34,0.045228601991935104,0,0,0,0,0,0,1,0,0,22,3,7,0,0,1
1hy7,B,685,GLN,-3.5,143.8,0.0,2,2,-,0.5656565656565656,-101.3,104.4,6.0,23.0,0.20689655172413793,1.9082525979627118,25,3,41,-38,0.0363693912924839,0,0,0,0,0,0,0,0,0,-1,0,0,0,0,0
1hy7,B,686,TRP,-0.9,227.8,0.0,1,0,E,0.0,-77.8,129.2,22.0,12.0,0.6470588235294118,4.345410215480017,34,6,41,-35,0.04662742473395372,0,0,1,0,0,0,0,0,0,-1,0,0,0,0,0
1hy7,B,687,THR,-0.7,116.1,0.0,1,1,E,0.1056338028169014,-131.7,162.8,7.0,19.0,0.2692307692307692,2.3549358954828636,24,9,20,-11,0.043363505002576956,0,0,1,0,0,0,0,0,0,20,11,4,0,0,1
1hy7,B,688,LYS,-3.9,168.6,1.0,2,0,S,0.8390243902439024,-79.7,-24.1,9.0,18.0,0.3333333333333333,1.8983501222829071,21,4,14,-10,0.032172923066428064,0,0,0,0,0,0,1,0,0,20,11,4,0,0,1
1hy7,B,689,ASP,-3.5,111.1,-1.0,1,3,S,0.4601226993865031,-119.9,-154.1,3.0,18.0,0.14285714285714285,2.0601858818739958,18,9,3,6,0.028909003335051305,0,0,0,0,0,0,1,0,0,20,11,4,0,0,1
1hy7,B,690,THR,-0.7,116.1,0.0,1,1,S,0.4225352112676056,-98.3,16.4,6.0,13.0,0.3157894736842105,1.8069262076704324,16,6,14,-8,0.03357174580844668,0,0,0,0,0,0,1,0,0,9,98,3,0,4,1
1hy7,B,691,THR,-0.7,116.1,0.0,1,1,S,0.7746478873239436,-74.7,-16.8,4.0,12.0,0.25,1.8376241943054445,15,6,8,-2,0.022381163872297785,0,0,0,0,0,0,1,0,0,-1,0,0,0,0,0
1hy7,B,692,GLY,-0.4,60.1,0.0,0,0,S,0.30952380952380953,-134.6,-133.9,16.0,8.0,0.6666666666666666,1.7817835692443764,21,5,21,-16,0.03310547156110714,0,0,0,0,0,0,1,0,0,-1,0,0,0,0,0
1hy7,B,693,THR,-0.7,116.1,0.0,1,1,E,0.14084507042253522,-99.0,123.3,18.0,12.0,0.6,2.4728202291275574,29,4,34,-30,0.04429605349725603,0,0,1,0,0,0,0,0,0,-1,0,0,0,0,0
1hy7,B,694,ASN,-3.5,114.1,0.0,2,2,E,0.012738853503184714,-71.0,120.2,13.0,19.0,0.40625,3.052443517178432,29,9,9,0,0.048026247475972325,0,0,1,0,0,0,0,0,0,-1,0,0,0,0,0
1hy7,B,695,LEU,3.8,166.7,0.0,0,0,H,0.018292682926829267,-67.6,-47.7,22.0,19.0,0.5365853658536586,2.970285094974844,41,15,23,-8,0.050823892960009553,1,0,0,0,0,0,0,0,0,-1,0,0,0,0,0
1hy7,B,696,PHE,2.8,189.9,0.0,0,0,H,0.17766497461928935,-51.7,-50.0,13.0,20.0,0.3939393939393939,2.364533117692508,35,24,12,12,0.04476232774459557,1,0,0,0,0,0,0,0,0,-1,0,0,0,0,0
1hy7,B,697,LEU,3.8,166.7,0.0,0,0,H,0.11585365853658537,-68.0,-43.3,22.0,20.0,0.5238095238095238,2.248479293940363,35,20,12,8,0.043829779249916496,1,0,0,0,0,0,0,0,0,-1,0,0,0,0,0
1hy7,B,698,VAL,4.2,140.0,0.0,0,0,H,0.04225352112676056,-65.5,-39.9,22.0,19.0,0.5365853658536586,2.3031869651865238,36,23,13,10,0.04989134446533048,1,0,0,0,0,0,0,0,0,-1,0,0,0,0,0
1hy7,B,699,ALA,1.8,88.6,0.0,0,0,H,0.02830188679245283,-66.2,-37.4,22.0,23.0,0.4888888888888889,5.31884574114177,40,30,13,17,0.04755997322863279,1,0,0,0,0,0,0,0,0,-1,0,0,0,0,0
1hy7,B,700,ALA,1.8,88.6,0.0,0,0,H,0.0,-64.8,-41.4,20.0,18.0,0.5263157894736842,4.7383364117730284,37,29,17,12,0.05502036118606539,1,0,0,0,0,0,0,0,0,-1,0,0,0,0,0
1hy7,B,701,HIS,-3.2,153.2,0.1,2,1,H,0.14673913043478262,-59.3,-49.6,19.0,24.0,0.4418604651162791,2.562354026055297,38,24,13,11,0.048492521723311866,1,0,0,0,0,0,0,0,0,-1,0,0,0,0,0
1hy7,B,702,GLU,-3.5,138.4,-1.0,1,3,H,0.07216494845360824,-65.3,-36.0,22.0,21.0,0.5116279069767442,3.1871608660189175,42,42,6,36,0.05129016720734909,1,0,0,0,0,0,0,0,0,-1,0,0,0,0,0
1hy7,B,703,ILE,4.5,166.7,0.0,0,0,H,0.023668639053254437,-68.2,-28.6,23.0,24.0,0.48936170212765956,7.237161077342301,50,28,16,12,0.05129016720734909,1,0,0,0,0,0,0,0,0,-1,0,0,0,0,0
1hy7,B,704,GLY,-0.4,60.1,0.0,0,0,H,0.0,-56.9,-45.8,24.0,23.0,0.5106382978723404,6.227787156063998,45,28,18,10,0.05175644145468863,1,0,0,0,0,0,0,0,0,-1,0,0,0,0,0
1hy7,B,705,HIS,-3.2,153.2,0.1,2,1,H,0.07065217391304347,-63.6,-43.2,17.0,26.0,0.3953488372093023,2.62409761270361,38,30,14,16,0.056419183928083996,1,0,0,0,0,0,0,0,0,-1,0,0,0,0,0
1hy7,B,706,SER,-0.8,89.0,0.0,1,1,H,0.0,-60.4,-23.1,24.0,19.0,0.5581395348837209,5.789045492165266,45,24,22,2,0.053155264196707235,1,0,0,0,0,0,0,0,0,-1,0,0,0,0,0
1hy7,B,707,LEU,3.8,166.7,0.0,0,0,T,0.0,-95.2,-5.3,24.0,24.0,0.5,7.024478080113351,45,22,12,10,0.05548663543340492,0,0,0,0,0,1,0,0,0,-1,0,0,0,0,0
1hy7,B,708,GLY,-0.4,60.1,0.0,0,0,T,0.0,112.9,5.6,16.0,22.0,0.42105263157894735,6.156548596773798,36,27,4,23,0.05502036118606539,0,0,0,0,0,1,0,0,0,-1,0,0,0,0,0
1hy7,B,709,LEU,3.8,166.7,0.0,0,0,B,0.012195121951219513,-96.3,140.5,23.0,20.0,0.5348837209302325,5.717705656337857,40,40,17,23,0.05222271570202816,0,1,0,0,0,0,0,0,0,-1,0,0,0,0,0
1hy7,B,710,PHE,2.8,189.9,0.0,0,0,-,0.41624365482233505,-106.1,-163.3,8.0,27.0,0.22857142857142856,2.771873150056997,21,37,0,37,0.04289723075523742,0,0,0,0,0,0,0,0,0,-1,0,0,0,0,0
1hy7,B,711,HIS,-3.2,153.2,0.1,2,1,-,0.3532608695652174,-76.7,143.0,6.0,21.0,0.2222222222222222,2.011905092344239,23,29,7,22,0.04476232774459557,0,0,0,0,0,0,0,0,0,28,0,1,0,0,1
1hy7,B,712,SER,-0.8,89.0,0.0,1,1,-,0.038461538461538464,-98.7,150.9,20.0,8.0,0.7142857142857143,1.9456399332096614,22,29,22,7,0.04616115048661418,0,0,0,0,0,0,0,0,0,-1,0,0,0,0,0
1hy7,B,713,ALA,1.8,88.6,0.0,0,0,S,0.9433962264150944,-94.7,0.0,1.0,16.0,0.058823529411764705,1.767598737653972,17,17,13,4,0.029375277582390842,0,0,0,0,0,0,1,0,0,-1,0,0,0,0,0
1hy7,B,714,ASN,-3.5,114.1,0.0,2,2,-,0.3503184713375796,-89.8,126.1,14.0,6.0,0.7,2.085918412188818,16,5,24,-19,0.032172923066428064,0,0,0,0,0,0,0,0,0,-1,0,0,0,0,0
1hy7,B,715,THR,-0.7,116.1,0.0,1,1,T,0.7323943661971831,-73.1,-17.6,0.0,18.0,0.0,1.8479370378185387,14,0,15,-15,0.02797645484037223,0,0,0,0,0,1,0,0,0,-1,0,0,0,0,0
1hy7,B,716,GLU,-3.5,138.4,-1.0,1,3,T,0.7577319587628866,-94.0,-4.5,7.0,15.0,0.3181818181818182,1.512374553904663,17,10,14,-4,0.027043906345693154,0,0,0,0,0,1,0,0,0,-1,0,0,0,0,0
1hy7,B,717,ALA,1.8,88.6,0.0,0,0,S,0.08490566037735849,-72.6,142.0,19.0,12.0,0.6129032258064516,2.423325547214202,26,19,25,-6,0.04662742473395372,0,0,0,0,0,0,1,0,0,-1,0,0,0,0,0
1hy7,B,718,LEU,3.8,166.7,0.0,0,0,T,0.12804878048780488,-57.8,-33.8,24.0,15.0,0.6153846153846154,2.2493875087075006,35,29,29,0,0.04476232774459557,0,0,0,0,0,1,0,0,0,-1,0,0,0,0,0
1hy7,B,719,MET,1.9,162.9,0.0,0,0,T,0.015957446808510637,-85.0,5.8,22.0,17.0,0.5641025641025641,4.193797020490831,38,36,29,7,0.053621538444046775,0,0,0,0,0,1,0,0,0,-1,0,0,0,0,0
1hy7,B,720,TYR,-1.3,193.6,0.0,1,1,S,0.2702702702702703,-61.6,147.9,12.0,15.0,0.4444444444444444,2.0418545527077976,18,18,12,6,0.045694876239274644,0,0,0,0,0,0,1,0,0,11,59,5,0,3,1
1hy7,B,721,PRO,-1.6,112.7,0.0,0,0,S,0.45588235294117646,-78.4,4.1,6.0,20.0,0.23076923076923078,2.0342831132755523,17,23,2,21,0.03124037457174899,0,0,0,0,0,0,1,0,0,11,59,5,0,3,1
1hy7,B,722,LEU,3.8,166.7,0.0,0,0,-,0.7378048780487805,-118.9,132.5,5.0,15.0,0.25,1.860840247601977,15,13,1,12,0.023779986614316396,0,0,0,0,0,0,0,0,0,11,59,5,0,3,1
1hy7,B,723,TYR,-1.3,193.6,0.0,1,1,-,0.6261261261261262,-60.1,360.0,15.0,12.0,0.5555555555555556,1.8274117985292728,26,8,3,5,0.02471253510899547,0,0,0,0,0,0,0,0,0,11,59,5,0,3,1
1hy7,B,726,LEU,3.8,166.7,0.0,0,0,-,0.7987804878048781,360.0,162.2,14.0,3.0,0.8235294117647058,1.940866343007869,14,7,12,-5,0.018650969893581486,0,0,0,0,0,0,0,0,0,9,98,3,0,4,1
1hy7,B,727,THR,-0.7,116.1,0.0,1,1,-,0.9154929577464789,-129.7,-29.8,0.0,13.0,0.0,1.7950755116883665,12,5,13,-8,0.01818469564624195,0,0,0,0,0,0,0,0,0,9,98,3,0,4,1
1hy7,B,728,ASP,-3.5,111.1,-1.0,1,3,-,0.5705521472392638,-115.0,107.1,3.0,9.0,0.25,1.7475467088529115,10,12,3,9,0.023779986614316396,0,0,0,0,0,0,0,0,0,9,98,3,0,4,1
1hy7,B,729,LEU,3.8,166.7,0.0,0,0,G,0.29878048780487804,-79.8,-10.3,8.0,8.0,0.5,1.9652083736066972,18,16,16,0,0.03170664881908853,0,0,0,1,0,0,0,0,0,9,98,3,0,4,1
1hy7,B,730,THR,-0.7,116.1,0.0,1,1,G,0.8802816901408451,-67.3,-39.1,1.0,9.0,0.1,1.798033520178486,9,13,8,5,0.019117244140921023,0,0,0,1,0,0,0,0,0,2,263,8,0,23,1
1hy7,B,731,ARG,-4.5,173.4,1.0,5,0,G,0.9193548387096774,-71.9,0.3,4.0,6.0,0.4,1.8147707088020304,9,7,11,-4,0.02331371236697686,0,0,0,1,0,0,0,0,0,2,263,8,0,23,1
1hy7,B,732,PHE,2.8,189.9,0.0,0,0,-,0.27918781725888325,-65.8,125.3,12.0,6.0,0.6666666666666666,1.9444325798539692,23,22,15,7,0.02797645484037223,0,0,0,0,0,0,0,0,0,2,263,8,0,23,1
1hy7,B,733,ARG,-4.5,173.4,1.0,5,0,-,0.7661290322580645,-152.2,147.6,6.0,18.0,0.25,1.8381868501683363,17,8,19,-11,0.025645083603674543,0,0,0,0,0,0,0,0,0,2,263,8,0,23,1
1hy7,B,734,LEU,3.8,166.7,0.0,0,0,-,0.08536585365853659,-59.9,145.9,17.0,13.0,0.5666666666666667,1.983178510088405,29,18,32,-14,0.04103213376587927,0,0,0,0,0,0,0,0,0,2,263,8,0,23,1
1hy7,B,735,SER,-0.8,89.0,0.0,1,1,-,0.06153846153846154,-74.1,163.2,14.0,11.0,0.56,2.066340821950345,24,12,25,-13,0.03776821403450251,0,0,0,0,0,0,0,0,0,-1,0,0,0,0,0
1hy7,B,736,GLN,-3.5,143.8,0.0,2,2,H,0.5555555555555556,-66.1,-32.1,0.0,20.0,0.0,1.915845345574247,18,9,25,-16,0.03170664881908853,1,0,0,0,0,0,0,0,0,0,1036,9,0,106,1
1hy7,B,737,ASP,-3.5,111.1,-1.0,1,3,H,0.1411042944785276,-61.8,-39.8,14.0,11.0,0.56,2.126292094947773,25,9,17,-8,0.040565859518539735,1,0,0,0,0,0,0,0,0,-1,0,0,0,0,0
1hy7,B,738,ASP,-3.5,111.1,-1.0,1,3,H,0.006134969325153374,-66.6,-42.5,17.0,20.0,0.4594594594594595,4.217125303865681,33,20,16,4,0.04942507021799094,1,0,0,0,0,0,0,0,0,-1,0,0,0,0,0
1hy7,B,739,ILE,4.5,166.7,0.0,0,0,H,0.0650887573964497,-64.2,-43.1,9.0,21.0,0.3,3.00047523732172,26,10,24,-14,0.045694876239274644,1,0,0,0,0,0,0,0,0,0,1036,9,0,106,1
1hy7,B,740,ASN,-3.5,114.1,0.0,2,2,H,0.4713375796178344,-62.7,-44.1,7.0,17.0,0.2916666666666667,1.9021887094316452,23,1,19,-18,0.0363693912924839,1,0,0,0,0,0,0,0,0,0,1036,9,0,106,1
1hy7,B,741,GLY,-0.4,60.1,0.0,0,0,H,0.0,-56.7,-57.3,22.0,13.0,0.6285714285714286,3.628779226491009,29,6,16,-10,0.045228601991935104,1,0,0,0,0,0,0,0,0,-1,0,0,0,0,0
1hy7,B,742,ILE,4.5,166.7,0.0,0,0,H,0.0,-67.9,-30.9,24.0,19.0,0.5581395348837209,5.601746260477339,39,8,20,-12,0.05548663543340492,1,0,0,0,0,0,0,0,0,-1,0,0,0,0,0
1hy7,B,743,GLN,-3.5,143.8,0.0,2,2,H,0.18686868686868688,-76.8,-22.6,13.0,17.0,0.43333333333333335,2.104349316112989,27,0,17,-17,0.043363505002576956,1,0,0,0,0,0,0,0,0,0,1036,9,0,106,1
1hy7,B,744,SER,-0.8,89.0,0.0,1,1,H,0.5230769230769231,-63.6,-26.1,11.0,12.0,0.4782608695652174,1.7681196406387105,24,10,5,5,0.03124037457174899,1,0,0,0,0,0,0,0,0,-1,0,0,0,0,0
1hy7,B,745,LEU,3.8,166.7,0.0,0,0,H,0.0975609756097561,-91.2,-39.3,24.0,8.0,0.75,2.452865377706269,31,12,1,11,0.03590311704514436,1,0,0,0,0,0,0,0,0,-1,0,0,0,0,0
1hy7,B,746,TYR,-1.3,193.6,0.0,1,1,H,0.14414414414414414,-124.4,-10.1,22.0,7.0,0.7586206896551724,2.6332797976508022,35,21,3,18,0.03823448828184205,1,0,0,0,0,0,0,0,0,-1,0,0,0,0,0
1hy7,B,747,GLY,-0.4,60.1,0.0,0,0,-,0.25,83.1,174.4,7.0,16.0,0.30434782608695654,2.2173250974905088,23,3,9,-6,0.032639197313767604,0,0,0,0,0,0,0,0,0,0,1036,9,0,106,1
1hy7,B,748,PRO,-1.6,112.7,0.0,0,0,S,0.40441176470588236,-81.2,173.0,6.0,18.0,0.25,2.110166863048,22,0,22,-22,0.03916703677652112,0,0,0,0,0,0,1,0,0,0,1036,9,0,106,1
1hy7,B,749,PRO,-1.6,112.7,0.0,0,0,-,0.08823529411764706,-64.7,139.0,10.0,10.0,0.5,2.160432605190949,20,0,26,-26,0.03683566553982344,0,0,0,0,0,0,0,0,0,-1,0,0,0,0,0
1hy7,B,750,PRO,-1.6,112.7,0.0,0,0,T,0.7867647058823529,-68.0,-21.5,5.0,12.0,0.29411764705882354,1.879186295830309,17,0,14,-14,0.022847438119637322,0,0,0,0,0,1,0,0,0,-1,0,0,0,0,0
1hy7,B,751,ASP,-3.5,111.1,-1.0,1,3,T,0.8343558282208589,-99.1,9.9,5.0,8.0,0.38461538461538464,1.6949144164345422,12,0,8,-8,0.017252147151562876,0,0,0,0,0,1,0,0,0,-1,0,0,0,0,0
1hy7,B,752,SER,-0.8,89.0,0.0,1,1,S,0.4461538461538462,-107.0,146.6,10.0,3.0,0.7692307692307693,1.7735824019851971,14,0,21,-21,0.021914889624958248,0,0,0,0,0,0,1,0,0,-1,0,0,0,0,0
1hy7,B,753,PRO,-1.6,112.7,0.0,0,0,-,0.8088235294117647,-83.3,167.3,1.0,9.0,0.1,1.8338267584238614,9,0,18,-18,0.01958351838826056,0,0,0,0,0,0,0,0,0,-1,0,0,0,0,0
1hy7,B,754,GLU,-3.5,138.4,-1.0,1,3,-,0.6237113402061856,-106.2,137.5,5.0,6.0,0.45454545454545453,1.7083993646637392,13,0,2,-2,0.016319598656883802,0,0,0,0,0,0,0,0,0,0,1036,9,0,106,1
1hy7,B,755,THR,-0.7,116.1,0.0,1,1,-,1.0,-73.6,360.0,0.0,4.0,0.0,1.7295675045997863,6,0,9,-9,0.011190581936148893,0,0,0,0,0,0,0,0,0,-1,0,0,0,0,0
1qhi,A,46,MET,1.9,162.9,0.0,0,0,-,0.46808510638297873,360.0,134.6,17.0,4.0,0.8095238095238095,1.767565380878472,19,11,2,9,0.023779986614316396,0,0,0,0,0,0,0,0,0,-1,0,0,0,0,0
1qhi,A,47,PRO,-1.6,112.7,0.0,0,0,-,0.38235294117647056,-58.2,159.7,13.0,14.0,0.48148148148148145,2.1845392567395123,25,12,0,12,0.02984155182973038,0,0,0,0,0,0,0,0,0,-1,0,0,0,0,0
1qhi,A,48,THR,-0.7,116.1,0.0,1,1,E,0.176056338028169,-105.4,147.9,10.0,19.0,0.3448275862068966,2.2686033257084377,28,12,5,7,0.04243095650789788,0,0,1,0,0,0,0,0,0,-1,0,0,0,0,0
1qhi,A,49,LEU,3.8,166.7,0.0,0,0,E,0.006097560975609756,-121.5,157.4,25.0,15.0,0.625,5.8354843601839255,39,26,7,19,0.050823892960009553,0,0,1,0,0,0,0,0,0,-1,0,0,0,0,0
1qhi,A,50,LEU,3.8,166.7,0.0,0,0,E,0.036585365853658534,-134.1,112.9,15.0,24.0,0.38461538461538464,3.264803449938025,36,14,2,12,0.04755997322863279,0,0,1,0,0,0,0,0,0,-1,0,0,0,0,0
1qhi,A,51,ARG,-4.5,173.4,1.0,5,0,E,0.016129032258064516,-101.7,135.9,25.0,21.0,0.5434782608695652,6.457947057649906,38,20,4,16,0.04989134446533048,0,0,1,0,0,0,0,0,0,1,1789,14,0,300,1
1qhi,A,52,VAL,4.2,140.0,0.0,0,0,E,0.0,-136.1,121.8,20.0,20.0,0.5,4.617093054971437,33,23,9,14,0.05129016720734909,0,0,1,0,0,0,0,0,0,-1,0,0,0,0,0
1qhi,A,53,TYR,-1.3,193.6,0.0,1,1,E,0.02702702702702703,-107.1,112.3,16.0,25.0,0.3902439024390244,8.053121834575016,35,31,20,11,0.053155264196707235,0,0,1,0,0,0,0,0,0,-1,0,0,0,0,0
1qhi,A,54,ILE,4.5,166.7,0.0,0,0,E,0.011834319526627219,-85.3,114.1,23.0,21.0,0.5227272727272727,6.364744555886686,39,30,17,13,0.053155264196707235,0,0,1,0,0,0,0,0,0,-1,0,0,0,0,0
1qhi,A,55,ASP,-3.5,111.1,-1.0,1,3,-,0.0,-128.9,-171.6,21.0,20.0,0.5121951219512195,5.560328574502705,38,36,9,27,0.050823892960009553,0,0,0,0,0,0,0,0,0,-1,0,0,0,0,0
1qhi,A,56,GLY,-0.4,60.1,0.0,0,0,S,0.0,120.5,179.4,19.0,24.0,0.4418604651162791,3.450899501872347,39,48,15,33,0.04616115048661418,0,0,0,0,0,0,1,0,0,-1,0,0,0,0,0
1qhi,A,57,PRO,-1.6,112.7,0.0,0,0,S,0.04411764705882353,-63.9,147.0,23.0,15.0,0.6052631578947368,3.0938697424024584,34,50,8,42,0.045228601991935104,0,0,0,0,0,0,1,0,0,-1,0,0,0,0,0
1qhi,A,58,HIS,-3.2,153.2,0.1,2,1,T,0.08695652173913043,-73.3,157.8,14.0,25.0,0.358974358974359,4.0066405524768625,39,49,18,31,0.040565859518539735,0,0,0,0,0,1,0,0,0,8,119,15,0,23,1
1qhi,A,59,GLY,-0.4,60.1,0.0,0,0,T,0.08333333333333333,89.1,13.8,23.0,12.0,0.6571428571428571,2.3088918833230028,36,78,13,65,0.048958795970651406,0,0,0,0,0,1,0,0,0,-1,0,0,0,0,0
1qhi,A,60,MET,1.9,162.9,0.0,0,0,S,0.010638297872340425,-96.9,-8.1,21.0,18.0,0.5384615384615384,2.6803537334473533,39,70,21,49,0.048958795970651406,0,0,0,0,0,0,1,0,0,-1,0,0,0,0,0
1qhi,A,61,GLY,-0.4,60.1,0.0,0,0,S,0.05952380952380952,105.8,13.6,24.0,17.0,0.5853658536585366,1.9413166863863398,37,61,9,52,0.03963331102386066,0,0,0,0,0,0,1,0,0,-1,0,0,0,0,0
1qhi,A,62,LYS,-3.9,168.6,1.0,2,0,H,0.03414634146341464,-52.0,-49.8,20.0,21.0,0.4878048780487805,2.395245814074935,35,33,23,10,0.04196468226055834,1,0,0,0,0,0,0,0,0,-1,0,0,0,0,0
1qhi,A,63,THR,-0.7,116.1,0.0,1,1,H,0.28169014084507044,-74.0,-34.9,10.0,22.0,0.3125,2.123082926684265,30,30,16,14,0.03403802005578621,1,0,0,0,0,0,0,0,0,-1,0,0,0,0,0
1qhi,A,64,THR,-0.7,116.1,0.0,1,1,H,0.36619718309859156,-56.1,-42.7,13.0,12.0,0.52,1.8870771428170205,26,33,1,32,0.032172923066428064,1,0,0,0,0,0,0,0,0,-1,0,0,0,0,0
1qhi,A,65,THR,-0.7,116.1,0.0,1,1,H,0.014084507042253521,-76.5,-44.0,23.0,7.0,0.7666666666666667,3.598599652079868,31,26,10,16,0.04709369898129325,1,0,0,0,0,0,0,0,0,5,1265,5,0,77,1
1qhi,A,66,THR,-0.7,116.1,0.0,1,1,H,0.04225352112676056,-63.3,-33.6,20.0,16.0,0.5555555555555556,3.236320132172049,30,19,9,10,0.04429605349725603,1,0,0,0,0,0,0,0,0,-1,0,0,0,0,0
1qhi,A,67,GLN,-3.5,143.8,0.0,2,2,T,0.7323232323232324,-76.5,-9.9,5.0,16.0,0.23809523809523808,1.862234319858938,18,10,3,7,0.03170664881908853,0,0,0,0,0,1,0,0,0,-1,0,0,0,0,0
1qhi,A,68,LEU,3.8,166.7,0.0,0,0,T,0.5182926829268293,-96.1,-5.0,15.0,4.0,0.7894736842105263,2.014520960243031,18,14,6,8,0.030774100324409453,0,0,0,0,0,1,0,0,0,-1,0,0,0,0,0
1qhi,A,69,LEU,3.8,166.7,0.0,0,0,-,0.38414634146341464,-72.9,360.0,17.0,6.0,0.7391304347826086,2.0688375831223054,25,13,7,6,0.03124037457174899,0,0,0,0,0,0,0,0,0,-1,0,0,0,0,0
1qhi,A,77,ASP,-3.5,111.1,-1.0,1,3,-,0.901840490797546,360.0,26.7,8.0,11.0,0.42105263157894735,1.724007440761694,16,3,0,3,0.022381163872297785,0,0,0,0,0,0,0,0,0,6,952,4,0,45,1
1qhi,A,78,ILE,4.5,166.7,0.0,0,0,E,0.47928994082840237,-162.9,122.6,6.0,18.0,0.25,1.9564792822559631,22,6,8,-2,0.027043906345693154,0,0,1,0,0,0,0,0,0,6,952,4,0,45,1
1qhi,A,79,VAL,4.2,140.0,0.0,0,0,E,0.1267605633802817,-119.5,153.1,20.0,12.0,0.625,2.0897505460888115,29,13,12,1,0.03776821403450251,0,0,1,0,0,0,0,0,0,6,952,4,0,45,1
1qhi,A,80,TYR,-1.3,193.6,0.0,1,1,E,0.24774774774774774,-120.7,127.5,11.0,24.0,0.3142857142857143,2.1342382529476223,32,9,14,-5,0.03963331102386066,0,0,1,0,0,0,0,0,0,-1,0,0,0,0,0
1qhi,A,81,VAL,4.2,140.0,0.0,0,0,E,0.035211267605633804,-106.6,107.8,22.0,16.0,0.5789473684210527,4.331900318181204,34,15,15,0,0.04709369898129325,0,0,1,0,0,0,0,0,0,-1,0,0,0,0,0
1qhi,A,82,PRO,-1.6,112.7,0.0,0,0,-,0.18382352941176472,-69.5,171.5,15.0,19.0,0.4411764705882353,2.480139994042442,33,17,27,-10,0.043363505002576956,0,0,0,0,0,0,0,0,0,-1,0,0,0,0,0
1qhi,A,83,GLU,-3.5,138.4,-1.0,1,3,-,0.12886597938144329,-75.3,145.1,17.0,22.0,0.4358974358974359,2.067535168497293,30,26,17,9,0.043363505002576956,0,0,0,0,0,0,0,0,0,-1,0,0,0,0,0
1qhi,A,84,PRO,-1.6,112.7,0.0,0,0,-,0.0,-71.7,57.4,21.0,15.0,0.5833333333333334,4.627282782957465,35,16,32,-16,0.05455408693872585,0,0,0,0,0,0,0,0,0,31,0,20,0,0,1
1qhi,A,85,MET,1.9,162.9,0.0,0,0,H,0.06914893617021277,-54.6,-41.9,8.0,25.0,0.24242424242424243,2.8779794789626987,29,22,29,-7,0.04476232774459557,1,0,0,0,0,0,0,0,0,22,24,9,0,2,1
1qhi,A,86,THR,-0.7,116.1,0.0,1,1,H,0.2112676056338028,-65.1,-29.9,11.0,18.0,0.3793103448275862,2.9360987112739103,28,15,31,-16,0.04429605349725603,1,0,0,0,0,0,0,0,0,22,24,9,0,2,1
1qhi,A,87,TYR,-1.3,193.6,0.0,1,1,I,0.009009009009009009,-69.0,-44.3,24.0,15.0,0.6153846153846154,4.16297772605796,38,6,16,-10,0.0526889899493677,0,0,0,0,1,0,0,0,0,22,24,9,0,2,1
1qhi,A,88,TRP,-0.9,227.8,0.0,1,0,I,0.06167400881057269,-67.1,-38.0,18.0,15.0,0.5454545454545454,5.749049891242997,34,18,23,-5,0.05548663543340492,0,0,0,0,1,0,0,0,0,8,119,15,0,23,1
1qhi,A,89,ARG,-4.5,173.4,1.0,5,0,I,0.2862903225806452,-84.4,-37.5,11.0,16.0,0.4074074074074074,2.2694568950089544,24,6,20,-14,0.04616115048661418,0,0,0,0,1,0,0,0,0,22,24,9,0,2,1
1qhi,A,90,VAL,4.2,140.0,0.0,0,0,I,0.6549295774647887,-131.2,-51.1,7.0,19.0,0.2692307692307692,2.079207377008483,20,11,20,-9,0.034970568550465285,0,0,0,0,1,0,0,0,0,22,24,9,0,2,1
1qhi,A,91,LEU,3.8,166.7,0.0,0,0,I,0.06097560975609756,-61.3,-51.1,19.0,15.0,0.5588235294117647,2.1560228882042285,31,6,18,-12,0.04149840801321881,0,0,0,0,1,0,0,0,0,22,24,9,0,2,1
1qhi,A,92,GLY,-0.4,60.1,0.0,0,0,S,0.047619047619047616,-80.8,-36.6,24.0,12.0,0.6666666666666666,2.306584184791467,33,6,12,-6,0.043829779249916496,0,0,0,0,0,0,1,0,0,-1,0,0,0,0,0
1qhi,A,93,ALA,1.8,88.6,0.0,0,0,S,0.33962264150943394,-170.9,169.8,21.0,12.0,0.6363636363636364,2.0454709064039482,26,7,14,-7,0.03450429430312575,0,0,0,0,0,0,1,0,0,-1,0,0,0,0,0
1qhi,A,94,SER,-0.8,89.0,0.0,1,1,S,0.7692307692307693,-85.8,121.5,2.0,21.0,0.08695652173913043,1.8015158592432687,18,10,9,1,0.027510180593032695,0,0,0,0,0,0,1,0,0,-1,0,0,0,0,0
1qhi,A,95,GLU,-3.5,138.4,-1.0,1,3,-,0.3402061855670103,42.9,73.3,8.0,16.0,0.3333333333333333,1.9134453587027194,24,14,5,9,0.03776821403450251,0,0,0,0,0,0,0,0,0,-1,0,0,0,0,0
1qhi,A,96,THR,-0.7,116.1,0.0,1,1,H,0.028169014084507043,-67.5,-38.0,19.0,14.0,0.5757575757575758,2.3632218549035264,32,9,11,-2,0.045228601991935104,1,0,0,0,0,0,0,0,0,-1,0,0,0,0,0
1qhi,A,97,ILE,4.5,166.7,0.0,0,0,H,0.08284023668639054,-66.9,-37.7,12.0,19.0,0.3870967741935484,4.807272856557324,31,37,21,16,0.04709369898129325,1,0,0,0,0,0,0,0,0,8,119,15,0,23,1
1qhi,A,98,ALA,1.8,88.6,0.0,0,0,H,0.2169811320754717,-64.2,-44.0,8.0,18.0,0.3076923076923077,2.230191832416952,26,32,17,15,0.040565859518539735,1,0,0,0,0,0,0,0,0,-1,0,0,0,0,0
1qhi,A,99,ASN,-3.5,114.1,0.0,2,2,H,0.4267515923566879,-61.1,-44.2,15.0,14.0,0.5172413793103449,1.9752944886782142,31,18,11,7,0.0363693912924839,1,0,0,0,0,0,0,0,0,-1,0,0,0,0,0
1qhi,A,100,ILE,4.5,166.7,0.0,0,0,H,0.07100591715976332,-61.1,-53.2,25.0,16.0,0.6097560975609756,4.71080370688341,33,21,14,7,0.04755997322863279,1,0,0,0,0,0,0,0,0,8,119,15,0,23,1
1qhi,A,101,TYR,-1.3,193.6,0.0,1,1,H,0.08108108108108109,-65.7,-36.5,13.0,17.0,0.43333333333333335,3.030663459006572,33,38,22,16,0.04709369898129325,1,0,0,0,0,0,0,0,0,-1,0,0,0,0,0
1qhi,A,102,THR,-0.7,116.1,0.0,1,1,H,0.22535211267605634,-65.5,-46.5,9.0,18.0,0.3333333333333333,2.38120267484841,24,35,19,16,0.03776821403450251,1,0,0,0,0,0,0,0,0,26,24,7,0,1,1
1qhi,A,103,THR,-0.7,116.1,0.0,1,1,H,0.014084507042253521,-60.7,-43.0,22.0,14.0,0.6111111111111112,2.7020872824667905,36,33,23,10,0.04662742473395372,1,0,0,0,0,0,0,0,0,26,24,7,0,1,1
1qhi,A,104,GLN,-3.5,143.8,0.0,2,2,H,0.005050505050505051,-63.7,-46.9,19.0,21.0,0.475,2.6300094464261856,34,40,18,22,0.04755997322863279,1,0,0,0,0,0,0,0,0,4,1345,6,0,112,1
1qhi,A,105,HIS,-3.2,153.2,0.1,2,1,H,0.391304347826087,-52.5,-49.9,10.0,18.0,0.35714285714285715,2.097179647774877,21,23,22,1,0.04243095650789788,1,0,0,0,0,0,0,0,0,4,1345,6,0,112,1
1qhi,A,106,ARG,-4.5,173.4,1.0,5,0,H,0.47580645161290325,-58.5,-42.9,15.0,7.0,0.6818181818181818,2.6133888600719306,20,15,23,-8,0.043829779249916496,1,0,0,0,0,0,0,0,0,26,24,7,0,1,1
1qhi,A,107,LEU,3.8,166.7,0.0,0,0,H,0.22560975609756098,-64.9,-45.2,19.0,7.0,0.7307692307692307,2.689836002417011,25,21,25,-4,0.045228601991935104,1,0,0,0,0,0,0,0,0,4,1345,6,0,112,1
1qhi,A,108,ASP,-3.5,111.1,-1.0,1,3,H,0.49693251533742333,-54.9,-43.2,9.0,11.0,0.45,1.8111227979897233,23,20,12,8,0.032172923066428064,1,0,0,0,0,0,0,0,0,4,1345,6,0,112,1
1qhi,A,109,GLN,-3.5,143.8,0.0,2,2,T,0.6111111111111112,-77.1,-7.4,6.0,7.0,0.46153846153846156,1.858588032396882,12,20,17,3,0.028909003335051305,0,0,0,0,0,1,0,0,0,4,1345,6,0,112,1
1qhi,A,110,GLY,-0.4,60.1,0.0,0,0,T,0.7023809523809523,77.7,8.4,0.0,15.0,0.0,1.7761104701026293,14,16,20,-4,0.027043906345693154,0,0,0,0,0,1,0,0,0,4,1345,6,0,112,1
1qhi,A,111,GLU,-3.5,138.4,-1.0,1,3,S,0.6855670103092784,-70.4,-23.1,7.0,8.0,0.4666666666666667,1.7270993422005636,13,21,9,12,0.025645083603674543,0,0,0,0,0,0,1,0,0,4,1345,6,0,112,1
1qhi,A,112,ILE,4.5,166.7,0.0,0,0,S,0.20710059171597633,-140.5,163.2,14.0,5.0,0.7368421052631579,2.0736222077720345,20,18,24,-6,0.03310547156110714,0,0,0,0,0,0,1,0,0,26,24,7,0,1,1
1qhi,A,113,SER,-0.8,89.0,0.0,1,1,-,0.45384615384615384,-89.6,169.4,3.0,18.0,0.14285714285714285,2.1772664136466804,18,7,17,-10,0.025645083603674543,0,0,0,0,0,0,0,0,0,4,1345,6,0,112,1
1qhi,A,114,ALA,1.8,88.6,0.0,0,0,H,0.5660377358490566,-61.8,-29.6,6.0,20.0,0.23076923076923078,1.8561107369110168,25,3,14,-11,0.027510180593032695,1,0,0,0,0,0,0,0,0,4,1345,6,0,112,1
1qhi,A,115,GLY,-0.4,60.1,0.0,0,0,H,0.5833333333333334,-78.7,-38.2,2.0,23.0,0.08,1.7097033222533953,18,0,8,-8,0.024246260861655933,1,0,0,0,0,0,0,0,0,-1,0,0,0,0,0
1qhi,A,116,ASP,-3.5,111.1,-1.0,1,3,H,0.5398773006134969,-68.0,-44.3,9.0,17.0,0.34615384615384615,1.7687568965052656,18,9,5,4,0.02844272908771177,1,0,0,0,0,0,0,0,0,-1,0,0,0,0,0
1qhi,A,117,ALA,1.8,88.6,0.0,0,0,H,0.0,-60.3,-42.7,21.0,15.0,0.5833333333333334,3.691337702959842,29,21,12,9,0.045228601991935104,1,0,0,0,0,0,0,0,0,4,1345,6,0,112,1
1qhi,A,118,ALA,1.8,88.6,0.0,0,0,H,0.10377358490566038,-64.4,-40.3,14.0,23.0,0.3783783783783784,2.2517314691459274,29,6,8,-2,0.03916703677652112,1,0,0,0,0,0,0,0,0,-1,0,0,0,0,0
1qhi,A,119,VAL,4.2,140.0,0.0,0,0,H,0.19718309859154928,-65.3,-43.2,16.0,22.0,0.42105263157894735,2.2896297108773105,21,0,14,-14,0.03963331102386066,1,0,0,0,0,0,0,0,0,-1,0,0,0,0,0
1qhi,A,120,VAL,4.2,140.0,0.0,0,0,H,0.21830985915492956,-71.6,-48.7,20.0,20.0,0.5,2.425986714168967,27,4,15,-11,0.04103213376587927,1,0,0,0,0,0,0,0,0,-1,0,0,0,0,0
1qhi,A,121,MET,1.9,162.9,0.0,0,0,H,0.0,-57.9,-47.1,26.0,18.0,0.5909090909090909,4.947244461117096,41,12,5,7,0.048958795970651406,1,0,0,0,0,0,0,0,0,-1,0,0,0,0,0
1qhi,A,122,THR,-0.7,116.1,0.0,1,1,H,0.04929577464788732,-61.3,-48.0,27.0,23.0,0.54,3.1176735355424525,30,7,2,5,0.04662742473395372,1,0,0,0,0,0,0,0,0,-1,0,0,0,0,0
1qhi,A,123,SER,-0.8,89.0,0.0,1,1,H,0.13846153846153847,-58.9,-34.6,22.0,24.0,0.4782608695652174,2.1125773148123996,26,0,2,-2,0.04709369898129325,1,0,0,0,0,0,0,0,0,-1,0,0,0,0,0
1qhi,A,124,ALA,1.8,88.6,0.0,0,0,H,0.03773584905660377,-71.0,-34.1,23.0,22.0,0.5111111111111111,2.338038117737085,35,5,2,3,0.043829779249916496,1,0,0,0,0,0,0,0,0,-1,0,0,0,0,0
1qhi,A,125,GLN,-3.5,143.8,0.0,2,2,H,0.050505050505050504,-61.5,-32.2,25.0,23.0,0.5208333333333334,6.039802059643658,35,10,0,10,0.043363505002576956,1,0,0,0,0,0,0,0,0,-1,0,0,0,0,0
1qhi,A,126,ILE,4.5,166.7,0.0,0,0,H,0.04142011834319527,-61.8,-46.3,24.0,22.0,0.5217391304347826,2.8037359927805428,34,0,0,0,0.043829779249916496,1,0,0,0,0,0,0,0,0,-1,0,0,0,0,0
1qhi,A,127,THR,-0.7,116.1,0.0,1,1,H,0.14788732394366197,-66.5,-37.6,24.0,20.0,0.5454545454545454,2.3516866802872776,37,3,4,-1,0.045694876239274644,1,0,0,0,0,0,0,0,0,-1,0,0,0,0,0
1qhi,A,128,MET,1.9,162.9,0.0,0,0,H,0.16489361702127658,-65.2,-41.1,19.0,23.0,0.4523809523809524,5.5921864200308,36,4,9,-5,0.04709369898129325,1,0,0,0,0,0,0,0,0,8,119,15,0,23,1
1qhi,A,129,GLY,-0.4,60.1,0.0,0,0,H,0.10714285714285714,-87.9,-11.7,20.0,22.0,0.47619047619047616,5.431104202505977,38,8,2,6,0.048492521723311866,1,0,0,0,0,0,0,0,0,31,0,20,0,0,1
1qhi,A,130,MET,1.9,162.9,0.0,0,0,H,0.015957446808510637,-48.3,-52.8,23.0,20.0,0.5348837209302325,3.78025942603362,41,0,2,-2,0.043829779249916496,1,0,0,0,0,0,0,0,0,-1,0,0,0,0,0
1qhi,A,131,PRO,-1.6,112.7,0.0,0,0,H,0.0,-59.3,-30.3,24.0,28.0,0.46153846153846156,6.031614569195726,44,4,12,-8,0.045694876239274644,1,0,0,0,0,0,0,0,0,31,0,20,0,0,1
1qhi,A,132,TYR,-1.3,193.6,0.0,1,1,H,0.1036036036036036,-74.8,-37.4,21.0,22.0,0.4883720930232558,6.22813254472911,37,20,26,-6,0.04196468226055834,1,0,0,0,0,0,0,0,0,31,0,20,0,0,1
1qhi,A,133,ALA,1.8,88.6,0.0,0,0,H,0.08490566037735849,-65.6,-52.6,22.0,19.0,0.5365853658536586,2.155661755491072,37,8,8,0,0.043363505002576956,1,0,0,0,0,0,0,0,0,31,0,20,0,0,1
1qhi,A,134,VAL,4.2,140.0,0.0,0,0,H,0.0,-59.3,-43.4,20.0,18.0,0.5263157894736842,4.614971393885006,37,3,16,-13,0.04755997322863279,1,0,0,0,0,0,0,0,0,-1,0,0,0,0,0
1qhi,A,135,THR,-0.7,116.1,0.0,1,1,H,0.09154929577464789,-57.1,-49.6,17.0,22.0,0.4358974358974359,5.517153697720025,39,10,9,1,0.04243095650789788,1,0,0,0,0,0,0,0,0,31,0,20,0,0,1
1qhi,A,136,ASP,-3.5,111.1,-1.0,1,3,H,0.07975460122699386,-62.4,-41.8,20.0,19.0,0.5128205128205128,2.432163164378586,34,24,0,24,0.03963331102386066,1,0,0,0,0,0,0,0,0,-1,0,0,0,0,0
1qhi,A,137,ALA,1.8,88.6,0.0,0,0,H,0.07547169811320754,-56.8,-50.6,23.0,15.0,0.6052631578947368,1.9846599207808495,31,22,15,7,0.03916703677652112,1,0,0,0,0,0,0,0,0,-1,0,0,0,0,0
1qhi,A,138,VAL,4.2,140.0,0.0,0,0,H,0.1619718309859155,-73.3,-25.1,21.0,15.0,0.5833333333333334,2.151360785844068,32,21,16,5,0.04196468226055834,1,0,0,0,0,0,0,0,0,-1,0,0,0,0,0
1qhi,A,139,LEU,3.8,166.7,0.0,0,0,H,0.0,-84.1,-43.0,16.0,14.0,0.5333333333333333,4.96367746636262,33,22,8,14,0.04149840801321881,1,0,0,0,0,0,0,0,0,1,1789,14,0,300,1
1qhi,A,140,ALA,1.8,88.6,0.0,0,0,G,0.29245283018867924,-33.8,-49.5,15.0,15.0,0.5,2.295303716161352,31,24,8,16,0.0363693912924839,0,0,0,1,0,0,0,0,0,1,1789,14,0,300,1
1qhi,A,141,PRO,-1.6,112.7,0.0,0,0,G,0.4411764705882353,-58.7,-30.0,12.0,12.0,0.5,1.9191043323013994,23,19,8,11,0.02797645484037223,0,0,0,1,0,0,0,0,0,1,1789,14,0,300,1
1qhi,A,142,HIS,-3.2,153.2,0.1,2,1,G,0.17391304347826086,-78.1,-22.4,18.0,13.0,0.5806451612903226,2.371701101076712,30,11,2,9,0.03916703677652112,0,0,0,1,0,0,0,0,0,1,1789,14,0,300,1
1qhi,A,143,ILE,4.5,166.7,0.0,0,0,E,0.10059171597633136,-74.7,128.1,15.0,18.0,0.45454545454545453,2.606593918682938,35,26,9,17,0.04429605349725603,0,0,1,0,0,0,0,0,0,1,1789,14,0,300,1
1qhi,A,144,GLY,-0.4,60.1,0.0,0,0,E,0.21428571428571427,-104.3,-154.1,14.0,14.0,0.5,1.88980217909962,27,23,8,15,0.03403802005578621,0,0,1,0,0,0,0,0,0,1,1789,14,0,300,1
1qhi,A,145,GLY,-0.4,60.1,0.0,0,0,E,0.5238095238095238,-85.4,158.9,0.0,23.0,0.0,1.8046828092910507,22,16,9,7,0.027043906345693154,0,0,1,0,0,0,0,0,0,-1,0,0,0,0,0
1qhi,A,146,GLU,-3.5,138.4,-1.0,1,3,E,0.6443298969072165,-47.9,136.2,5.0,17.0,0.22727272727272727,1.7715847107776503,20,16,0,16,0.02984155182973038,0,0,1,0,0,0,0,0,0,25,24,7,0,2,1
1qhi,A,147,ALA,1.8,88.6,0.0,0,0,-,0.7264150943396226,-89.7,360.0,16.0,4.0,0.8,1.8990483402285387,19,10,9,1,0.028909003335051305,0,0,0,0,0,0,0,0,0,25,24,7,0,2,1
1qhi,A,154,PRO,-1.6,112.7,0.0,0,0,-,0.9926470588235294,360.0,138.7,2.0,15.0,0.11764705882352941,1.7925310378051127,12,0,6,-6,0.013521953172846577,0,0,0,0,0,0,0,0,0,-1,0,0,0,0,0
1qhi,A,155,PRO,-1.6,112.7,0.0,0,0,-,0.27941176470588236,-64.4,145.3,15.0,9.0,0.625,2.1151401609987066,21,3,8,-5,0.032172923066428064,0,0,0,0,0,0,0,0,0,-1,0,0,0,0,0
1qhi,A,156,ALA,1.8,88.6,0.0,0,0,S,0.41509433962264153,-69.4,-35.8,14.0,11.0,0.56,1.8389107852898927,24,3,8,-5,0.03124037457174899,0,0,0,0,0,0,1,0,0,6,952,4,0,45,1
1qhi,A,157,LEU,3.8,166.7,0.0,0,0,E,0.012195121951219513,-149.4,147.1,16.0,11.0,0.5925925925925926,2.485249502668122,31,10,9,1,0.04149840801321881,0,0,1,0,0,0,0,0,0,6,952,4,0,45,1
1qhi,A,158,THR,-0.7,116.1,0.0,1,1,E,0.15492957746478872,-122.2,122.0,12.0,22.0,0.35294117647058826,2.776812337312598,29,8,8,0,0.043829779249916496,0,0,1,0,0,0,0,0,0,6,952,4,0,45,1
1qhi,A,159,LEU,3.8,166.7,0.0,0,0,E,0.012195121951219513,-105.0,121.9,24.0,15.0,0.6153846153846154,6.12323996826317,33,14,5,9,0.048026247475972325,0,0,1,0,0,0,0,0,0,6,952,4,0,45,1
1qhi,A,160,ILE,4.5,166.7,0.0,0,0,E,0.029585798816568046,-108.6,108.0,15.0,23.0,0.39473684210526316,3.1358460290704677,32,12,11,1,0.05035761871267001,0,0,1,0,0,0,0,0,0,-1,0,0,0,0,0
1qhi,A,161,PHE,2.8,189.9,0.0,0,0,E,0.05583756345177665,-98.0,144.5,16.0,21.0,0.43243243243243246,7.702813503608235,36,28,19,9,0.050823892960009553,0,0,1,0,0,0,0,0,0,-1,0,0,0,0,0
1qhi,A,162,ASP,-3.5,111.1,-1.0,1,3,E,0.03067484662576687,-92.5,97.0,19.0,22.0,0.4634146341463415,3.835432744774004,33,31,17,14,0.0526889899493677,0,0,1,0,0,0,0,0,0,31,0,20,0,0,1
1qhi,A,163,ARG,-4.5,173.4,1.0,5,0,-,0.06048387096774194,80.8,150.8,19.0,22.0,0.4634146341463415,6.150154825527639,40,30,25,5,0.048958795970651406,0,0,0,0,0,0,0,0,0,31,0,20,0,0,1
1qhi,A,164,HIS,-3.2,153.2,0.1,2,1,-,0.043478260869565216,-109.2,157.0,21.0,21.0,0.5,7.866001862908439,39,22,20,2,0.04709369898129325,0,0,0,0,0,0,0,0,0,31,0,20,0,0,1
1qhi,A,165,PRO,-1.6,112.7,0.0,0,0,H,0.029411764705882353,-50.4,-30.4,21.0,22.0,0.4883720930232558,5.333621998639211,39,22,15,7,0.04429605349725603,1,0,0,0,0,0,0,0,0,31,0,20,0,0,1
1qhi,A,166,ILE,4.5,166.7,0.0,0,0,H,0.01775147928994083,-60.5,-22.9,17.0,25.0,0.40476190476190477,8.375159441528485,36,26,8,18,0.04103213376587927,1,0,0,0,0,0,0,0,0,-1,0,0,0,0,0
1qhi,A,167,ALA,1.8,88.6,0.0,0,0,I,0.03773584905660377,-65.7,-39.2,17.0,19.0,0.4722222222222222,9.63805333265032,36,23,11,12,0.04942507021799094,0,0,0,0,1,0,0,0,0,-1,0,0,0,0,0
1qhi,A,168,ALA,1.8,88.6,0.0,0,0,I,0.14150943396226415,-85.7,-33.5,19.0,17.0,0.5277777777777778,8.113906401953633,35,18,3,15,0.04709369898129325,0,0,0,0,1,0,0,0,0,31,0,20,0,0,1
1qhi,A,169,LEU,3.8,166.7,0.0,0,0,I,0.06707317073170732,-102.1,1.3,18.0,19.0,0.4864864864864865,6.044600950039454,33,12,0,12,0.04989134446533048,0,0,0,0,1,0,0,0,0,-1,0,0,0,0,0
1qhi,A,170,LEU,3.8,166.7,0.0,0,0,I,0.0,-142.9,-64.4,22.0,19.0,0.5365853658536586,10.03614037952465,40,7,3,4,0.04616115048661418,0,0,0,0,1,0,0,0,0,-1,0,0,0,0,0
1qhi,A,171,CYS,2.5,108.5,0.0,1,0,I,0.0,-62.2,-52.3,19.0,22.0,0.4634146341463415,8.388235726308833,42,25,6,19,0.048026247475972325,0,0,0,0,1,0,0,0,0,-1,0,0,0,0,0
1qhi,A,172,TYR,-1.3,193.6,0.0,1,1,H,0.17567567567567569,-67.3,-43.5,18.0,25.0,0.4186046511627907,8.739977934108405,35,33,3,30,0.04243095650789788,1,0,0,0,0,0,0,0,0,8,119,15,0,23,1
1qhi,A,173,PRO,-1.6,112.7,0.0,0,0,H,0.0,-59.1,-41.7,22.0,20.0,0.5238095238095238,8.472268726697612,42,11,0,11,0.04989134446533048,1,0,0,0,0,0,0,0,0,-1,0,0,0,0,0
1qhi,A,174,ALA,1.8,88.6,0.0,0,0,H,0.0,-58.3,-43.3,21.0,22.0,0.4883720930232558,6.4169016366349325,37,20,0,20,0.04755997322863279,1,0,0,0,0,0,0,0,0,-1,0,0,0,0,0
1qhi,A,175,ALA,1.8,88.6,0.0,0,0,H,0.0,-65.4,-39.4,21.0,17.0,0.5526315789473685,4.910364751913591,34,27,0,27,0.050823892960009553,1,0,0,0,0,0,0,0,0,-1,0,0,0,0,0
1qhi,A,176,ARG,-4.5,173.4,1.0,5,0,H,0.024193548387096774,-66.0,-33.3,24.0,18.0,0.5714285714285714,5.067580252227105,37,2,7,-5,0.04942507021799094,1,0,0,0,0,0,0,0,0,-1,0,0,0,0,0
1qhi,A,177,TYR,-1.3,193.6,0.0,1,1,H,0.21171171171171171,-65.6,-42.2,16.0,18.0,0.47058823529411764,2.2935324593452577,32,13,6,7,0.04196468226055834,1,0,0,0,0,0,0,0,0,10,134,13,0,20,1
1qhi,A,178,LEU,3.8,166.7,0.0,0,0,T,0.31097560975609756,-66.8,-10.6,18.0,12.0,0.6,1.92422066740572,31,23,0,23,0.035436842797804825,0,0,0,0,0,1,0,0,0,-1,0,0,0,0,0
1qhi,A,179,MET,1.9,162.9,0.0,0,0,T,0.14893617021276595,-107.5,5.7,27.0,6.0,0.8181818181818182,2.03564465296696,28,13,13,0,0.03823448828184205,0,0,0,0,0,1,0,0,0,-1,0,0,0,0,0
1qhi,A,180,GLY,-0.4,60.1,0.0,0,0,T,0.5,72.9,15.0,7.0,22.0,0.2413793103448276,1.7096767210719699,29,10,10,0,0.030774100324409453,0,0,0,0,0,1,0,0,0,-1,0,0,0,0,0
1qhi,A,181,SER,-0.8,89.0,0.0,1,1,S,0.0,-117.7,19.8,25.0,14.0,0.6410256410256411,2.793048696679749,35,13,10,3,0.04989134446533048,0,0,0,0,0,0,1,0,0,-1,0,0,0,0,0
1qhi,A,182,MET,1.9,162.9,0.0,0,0,S,0.0425531914893617,-153.7,137.5,20.0,18.0,0.5263157894736842,2.960536908758255,37,10,4,6,0.05035761871267001,0,0,0,0,0,0,1,0,0,-1,0,0,0,0,0
1qhi,A,183,THR,-0.7,116.1,0.0,1,1,-,0.3873239436619718,-83.3,146.6,18.0,20.0,0.47368421052631576,2.3441121545776187,35,5,9,-4,0.03776821403450251,0,0,0,0,0,0,0,0,0,-1,0,0,0,0,0
1qhi,A,184,PRO,-1.6,112.7,0.0,0,0,H,0.0,-63.7,-23.2,13.0,24.0,0.35135135135135137,3.6199803839303963,34,6,9,-3,0.048026247475972325,1,0,0,0,0,0,0,0,0,10,134,13,0,20,1
1qhi,A,185,GLN,-3.5,143.8,0.0,2,2,H,0.11616161616161616,-70.0,-37.3,23.0,22.0,0.5111111111111111,2.1690166559535005,33,0,9,-9,0.045228601991935104,1,0,0,0,0,0,0,0,0,10,134,13,0,20,1
1qhi,A,186,ALA,1.8,88.6,0.0,0,0,H,0.0660377358490566,-67.6,-37.7,19.0,25.0,0.4318181818181818,2.381781909731165,38,2,0,2,0.043829779249916496,1,0,0,0,0,0,0,0,0,-1,0,0,0,0,0
1qhi,A,187,VAL,4.2,140.0,0.0,0,0,H,0.0,-64.1,-44.0,22.0,24.0,0.4782608695652174,5.823661762060787,38,6,0,6,0.048492521723311866,1,0,0,0,0,0,0,0,0,-1,0,0,0,0,0
1qhi,A,188,LEU,3.8,166.7,0.0,0,0,H,0.0,-71.1,-17.7,21.0,22.0,0.4883720930232558,5.795356279411232,41,0,1,-1,0.045228601991935104,1,0,0,0,0,0,0,0,0,-1,0,0,0,0,0
1qhi,A,189,ALA,1.8,88.6,0.0,0,0,H,0.018867924528301886,-72.7,-39.7,22.0,24.0,0.4782608695652174,3.6607695211876687,37,0,0,0,0.048492521723311866,1,0,0,0,0,0,0,0,0,-1,0,0,0,0,0
1qhi,A,190,PHE,2.8,189.9,0.0,0,0,H,0.01015228426395939,-68.7,-38.9,23.0,22.0,0.5111111111111111,5.722801682579655,33,0,0,0,0.04243095650789788,1,0,0,0,0,0,0,0,0,-1,0,0,0,0,0
1qhi,A,191,VAL,4.2,140.0,0.0,0,0,H,0.0,-63.1,-41.7,23.0,20.0,0.5348837209302325,6.1457611881462695,37,11,4,7,0.04662742473395372,1,0,0,0,0,0,0,0,0,-1,0,0,0,0,0
1qhi,A,192,ALA,1.8,88.6,0.0,0,0,H,0.05660377358490566,-62.1,-23.7,24.0,18.0,0.5714285714285714,3.1580300057525426,35,10,11,-1,0.04476232774459557,1,0,0,0,0,0,0,0,0,-1,0,0,0,0,0
1qhi,A,193,LEU,3.8,166.7,0.0,0,0,T,0.12195121951219512,-94.6,4.7,24.0,22.0,0.5217391304347826,2.414019187487225,27,6,5,1,0.04196468226055834,0,0,0,0,0,1,0,0,0,-1,0,0,0,0,0
1qhi,A,194,ILE,4.5,166.7,0.0,0,0,P,0.01775147928994083,-64.6,122.0,23.0,19.0,0.5476190476190477,3.42991658794283,31,26,6,20,0.04243095650789788,0,0,0,0,0,0,0,0,0,-1,0,0,0,0,0
1qhi,A,195,PRO,-1.6,112.7,0.0,0,0,P,0.19852941176470587,-60.0,154.4,19.0,20.0,0.48717948717948717,2.2633086516816863,26,26,8,18,0.0363693912924839,0,0,0,0,0,0,0,0,0,-1,0,0,0,0,0
1qhi,A,196,PRO,-1.6,112.7,0.0,0,0,P,0.4632352941176471,-56.1,140.2,13.0,21.0,0.38235294117647056,1.979723230000364,24,28,8,20,0.028909003335051305,0,0,0,0,0,0,0,0,0,-1,0,0,0,0,0
1qhi,A,197,THR,-0.7,116.1,0.0,1,1,-,0.21830985915492956,-73.2,109.6,15.0,12.0,0.5555555555555556,1.8981740566443932,27,39,4,35,0.03963331102386066,0,0,0,0,0,0,0,0,0,-1,0,0,0,0,0
1qhi,A,198,LEU,3.8,166.7,0.0,0,0,-,0.1524390243902439,-71.1,159.3,20.0,13.0,0.6060606060606061,2.184292682270632,30,28,10,18,0.032639197313767604,0,0,0,0,0,0,0,0,0,1,1789,14,0,300,1
1qhi,A,199,PRO,-1.6,112.7,0.0,0,0,T,0.4338235294117647,-68.0,153.5,12.0,18.0,0.4,2.2544218900101956,26,26,10,16,0.03776821403450251,0,0,0,0,0,1,0,0,0,25,24,7,0,2,1
1qhi,A,200,GLY,-0.4,60.1,0.0,0,0,T,0.023809523809523808,68.1,33.3,17.0,14.0,0.5483870967741935,2.928814638197524,34,28,10,18,0.04989134446533048,0,0,0,0,0,1,0,0,0,25,24,7,0,2,1
1qhi,A,201,THR,-0.7,116.1,0.0,1,1,-,0.007042253521126761,-90.5,95.3,16.0,24.0,0.4,3.410187318112669,35,36,5,31,0.05129016720734909,0,0,0,0,0,0,0,0,0,-1,0,0,0,0,0
1qhi,A,202,ASN,-3.5,114.1,0.0,2,2,E,0.0,-98.0,120.1,21.0,16.0,0.5675675675675675,5.151982903015814,35,28,1,27,0.05455408693872585,0,0,1,0,0,0,0,0,0,-1,0,0,0,0,0
1qhi,A,203,ILE,4.5,166.7,0.0,0,0,E,0.011834319526627219,-114.2,126.5,19.0,22.0,0.4634146341463415,6.39000148090848,37,33,8,25,0.056419183928083996,0,0,1,0,0,0,0,0,0,-1,0,0,0,0,0
1qhi,A,204,VAL,4.2,140.0,0.0,0,0,E,0.0,-104.1,121.4,21.0,20.0,0.5121951219512195,5.660061933629783,38,25,13,12,0.04942507021799094,0,0,1,0,0,0,0,0,0,-1,0,0,0,0,0
1qhi,A,205,LEU,3.8,166.7,0.0,0,0,E,0.03048780487804878,-106.6,149.6,17.0,24.0,0.4146341463414634,2.7713774687302033,36,13,11,2,0.04709369898129325,0,0,1,0,0,0,0,0,0,-1,0,0,0,0,0
1qhi,A,206,GLY,-0.4,60.1,0.0,0,0,E,0.25,-88.5,155.5,23.0,15.0,0.6052631578947368,1.928341200239232,34,31,18,13,0.04662742473395372,0,0,1,0,0,0,0,0,0,-1,0,0,0,0,0
1qhi,A,207,ALA,1.8,88.6,0.0,0,0,E,0.27358490566037735,-128.2,126.7,10.0,19.0,0.3448275862068966,2.0409333367661158,28,28,20,8,0.03403802005578621,0,0,1,0,0,0,0,0,0,-1,0,0,0,0,0
1qhi,A,208,LEU,3.8,166.7,0.0,0,0,-,0.07317073170731707,-173.7,123.9,25.0,5.0,0.8333333333333334,2.68480550048465,27,43,37,6,0.04289723075523742,0,0,0,0,0,0,0,0,0,-1,0,0,0,0,0
1qhi,A,209,PRO,-1.6,112.7,0.0,0,0,-,0.4485294117647059,-55.2,139.5,5.0,13.0,0.2777777777777778,2.10060448235584,19,36,36,0,0.02844272908771177,0,0,0,0,0,0,0,0,0,-1,0,0,0,0,0
1qhi,A,210,GLU,-3.5,138.4,-1.0,1,3,H,0.4742268041237113,-45.6,-50.2,8.0,16.0,0.3333333333333333,1.960958291814932,22,30,16,14,0.03170664881908853,1,0,0,0,0,0,0,0,0,-1,0,0,0,0,0
1qhi,A,211,ASP,-3.5,111.1,-1.0,1,3,H,0.7116564417177914,-67.1,-30.9,0.0,17.0,0.0,1.7086110494380313,13,30,21,9,0.030307826077069916,1,0,0,0,0,0,0,0,0,-1,0,0,0,0,0
1qhi,A,212,ARG,-4.5,173.4,1.0,5,0,H,0.36693548387096775,-72.1,-32.6,9.0,10.0,0.47368421052631576,2.114688764769849,22,30,33,-3,0.03776821403450251,1,0,0,0,0,0,0,0,0,-1,0,0,0,0,0
1qhi,A,213,HIS,-3.2,153.2,0.1,2,1,H,0.0,-66.2,-42.7,18.0,13.0,0.5806451612903226,4.221558385940076,33,52,32,20,0.05035761871267001,1,0,0,0,0,0,0,0,0,-1,0,0,0,0,0
1qhi,A,214,ILE,4.5,166.7,0.0,0,0,H,0.2781065088757396,-60.4,-42.7,7.0,19.0,0.2692307692307692,2.3970530315919385,23,39,29,10,0.04149840801321881,1,0,0,0,0,0,0,0,0,-1,0,0,0,0,0
1qhi,A,215,ASP,-3.5,111.1,-1.0,1,3,H,0.6871165644171779,-58.3,-54.7,6.0,14.0,0.3,1.7457308088719983,17,43,14,29,0.03310547156110714,1,0,0,0,0,0,0,0,0,-1,0,0,0,0,0
1qhi,A,216,ARG,-4.5,173.4,1.0,5,0,H,0.10887096774193548,-56.7,-42.9,18.0,8.0,0.6923076923076923,2.147440777091279,29,43,23,20,0.043363505002576956,1,0,0,0,0,0,0,0,0,5,1265,5,0,77,1
1qhi,A,217,LEU,3.8,166.7,0.0,0,0,H,0.018292682926829267,-61.1,-47.2,15.0,11.0,0.5769230769230769,4.6305032863900735,29,68,26,42,0.04616115048661418,1,0,0,0,0,0,0,0,0,2,2495,8,0,232,1
1qhi,A,218,ALA,1.8,88.6,0.0,0,0,H,0.5188679245283019,-55.1,-35.9,6.0,15.0,0.2857142857142857,2.0789958318327013,20,46,18,28,0.03170664881908853,1,0,0,0,0,0,0,0,0,2,2495,8,0,232,1
1qhi,A,219,LYS,-3.9,168.6,1.0,2,0,H,0.43902439024390244,-69.9,-21.3,9.0,7.0,0.5625,1.8708138466604132,20,42,11,31,0.02611135785101408,1,0,0,0,0,0,0,0,0,-1,0,0,0,0,0
1qhi,A,220,ARG,-4.5,173.4,1.0,5,0,-,0.6491935483870968,-143.5,74.4,9.0,12.0,0.42857142857142855,2.0568487015134953,18,28,9,19,0.03170664881908853,0,0,0,0,0,0,0,0,0,2,2495,8,0,232,1
1qhi,A,221,GLN,-3.5,143.8,0.0,2,2,P,0.23737373737373738,-78.1,145.3,9.0,12.0,0.42857142857142855,2.051604893288966,19,51,13,38,0.03963331102386066,0,0,0,0,0,0,0,0,0,2,2495,8,0,232,1
1qhi,A,222,ARG,-4.5,173.4,1.0,5,0,P,0.18548387096774194,-93.9,166.4,15.0,9.0,0.625,2.0135524161463123,25,42,18,24,0.03310547156110714,0,0,0,0,0,0,0,0,0,2,2495,8,0,232,1
1qhi,A,223,PRO,-1.6,112.7,0.0,0,0,T,0.3602941176470588,-59.2,121.5,9.0,13.0,0.4090909090909091,1.9282049254625429,20,32,25,7,0.02797645484037223,0,0,0,0,0,1,0,0,0,-1,0,0,0,0,0
1qhi,A,224,GLY,-0.4,60.1,0.0,0,0,T,0.44047619047619047,89.7,-12.3,14.0,8.0,0.6363636363636364,1.7095090215772635,20,29,18,11,0.03730193978716297,0,0,0,0,0,1,0,0,0,-1,0,0,0,0,0
1qhi,A,225,GLU,-3.5,138.4,-1.0,1,3,-,0.09278350515463918,-69.4,145.0,13.0,14.0,0.48148148148148145,3.1463277256457665,24,41,7,34,0.03963331102386066,0,0,0,0,0,0,0,0,0,2,2495,8,0,232,1
1qhi,A,226,ARG,-4.5,173.4,1.0,5,0,-,0.4112903225806452,-119.5,130.5,12.0,12.0,0.5,2.0130797701421157,22,19,20,-1,0.030774100324409453,0,0,0,0,0,0,0,0,0,-1,0,0,0,0,0
1qhi,A,227,LEU,3.8,166.7,0.0,0,0,-,0.5,-61.9,96.5,9.0,18.0,0.3333333333333333,1.9821972306710738,20,24,21,3,0.032639197313767604,0,0,0,0,0,0,0,0,0,-1,0,0,0,0,0
1qhi,A,228,ASP,-3.5,111.1,-1.0,1,3,-,0.18404907975460122,-105.6,110.6,17.0,7.0,0.7083333333333334,2.077921684128649,21,23,12,11,0.03450429430312575,0,0,0,0,0,0,0,0,0,-1,0,0,0,0,0
1qhi,A,229,LEU,3.8,166.7,0.0,0,0,H,0.5670731707317073,-74.4,-27.0,4.0,16.0,0.2,1.8656599532901579,22,13,21,-8,0.029375277582390842,1,0,0,0,0,0,0,0,0,-1,0,0,0,0,0
1qhi,A,230,ALA,1.8,88.6,0.0,0,0,H,0.5283018867924528,-69.7,-41.7,9.0,13.0,0.4090909090909091,1.841786235930251,23,17,16,1,0.025645083603674543,1,0,0,0,0,0,0,0,0,-1,0,0,0,0,0
1qhi,A,231,MET,1.9,162.9,0.0,0,0,H,0.010638297872340425,-68.8,-36.1,17.0,17.0,0.5,4.575894865464099,35,36,15,21,0.040565859518539735,1,0,0,0,0,0,0,0,0,-1,0,0,0,0,0
1qhi,A,232,LEU,3.8,166.7,0.0,0,0,H,0.018292682926829267,-64.2,-37.6,17.0,16.0,0.5151515151515151,3.0920566832083436,36,40,24,16,0.04616115048661418,1,0,0,0,0,0,0,0,0,-1,0,0,0,0,0
1qhi,A,233,ALA,1.8,88.6,0.0,0,0,H,0.39622641509433965,-73.0,-44.4,5.0,20.0,0.2,1.9228029803230773,22,30,17,13,0.032172923066428064,1,0,0,0,0,0,0,0,0,-1,0,0,0,0,0
1qhi,A,234,ALA,1.8,88.6,0.0,0,0,H,0.09433962264150944,-55.6,-49.9,15.0,12.0,0.5555555555555556,2.350970179900516,29,35,10,25,0.04149840801321881,1,0,0,0,0,0,0,0,0,-1,0,0,0,0,0
1qhi,A,235,ILE,4.5,166.7,0.0,0,0,H,0.0,-68.4,-37.7,17.0,16.0,0.5151515151515151,4.968773815817375,38,47,4,43,0.05222271570202816,1,0,0,0,0,0,0,0,0,-1,0,0,0,0,0
1qhi,A,236,ARG,-4.5,173.4,1.0,5,0,H,0.2620967741935484,-63.5,-42.2,14.0,21.0,0.4,1.9733438106803112,30,26,12,14,0.04149840801321881,1,0,0,0,0,0,0,0,0,16,34,15,0,5,1
1qhi,A,237,ARG,-4.5,173.4,1.0,5,0,H,0.4959677419354839,-57.9,-49.6,14.0,15.0,0.4827586206896552,1.8499844404640327,26,8,8,0,0.034970568550465285,1,0,0,0,0,0,0,0,0,16,34,15,0,5,1
1qhi,A,238,VAL,4.2,140.0,0.0,0,0,H,0.0,-57.7,-41.9,19.0,16.0,0.5428571428571428,4.798209514678797,38,20,3,17,0.04755997322863279,1,0,0,0,0,0,0,0,0,16,34,15,0,5,1
1qhi,A,239,TYR,-1.3,193.6,0.0,1,1,H,0.04504504504504504,-74.4,-28.6,19.0,18.0,0.5135135135135135,3.3377181649405174,42,34,8,26,0.04289723075523742,1,0,0,0,0,0,0,0,0,16,34,15,0,5,1
1qhi,A,240,GLY,-0.4,60.1,0.0,0,0,H,0.42857142857142855,-68.3,-46.2,8.0,21.0,0.27586206896551724,1.7096144704749279,28,27,7,20,0.03310547156110714,1,0,0,0,0,0,0,0,0,16,34,15,0,5,1
1qhi,A,241,LEU,3.8,166.7,0.0,0,0,H,0.0975609756097561,-62.0,-42.7,17.0,14.0,0.5483870967741935,2.7412563454852754,33,21,8,13,0.04289723075523742,1,0,0,0,0,0,0,0,0,16,34,15,0,5,1
1qhi,A,242,LEU,3.8,166.7,0.0,0,0,H,0.018292682926829267,-53.3,-48.3,23.0,21.0,0.5227272727272727,4.715083037720357,35,14,7,7,0.045228601991935104,1,0,0,0,0,0,0,0,0,16,34,15,0,5,1
1qhi,A,243,ALA,1.8,88.6,0.0,0,0,H,0.19811320754716982,-62.5,-38.6,14.0,20.0,0.4117647058823529,2.2140860084864027,31,16,4,12,0.03776821403450251,1,0,0,0,0,0,0,0,0,16,34,15,0,5,1
1qhi,A,244,ASN,-3.5,114.1,0.0,2,2,H,0.2611464968152866,-68.9,-38.1,15.0,16.0,0.4838709677419355,2.7865580559015197,29,26,8,18,0.043363505002576956,1,0,0,0,0,0,0,0,0,16,34,15,0,5,1
1qhi,A,245,THR,-0.7,116.1,0.0,1,1,H,0.0,-59.6,-45.0,20.0,18.0,0.5263157894736842,5.5142031737415715,39,32,6,26,0.053621538444046775,1,0,0,0,0,0,0,0,0,-1,0,0,0,0,0
1qhi,A,246,VAL,4.2,140.0,0.0,0,0,H,0.035211267605633804,-61.4,-47.4,13.0,22.0,0.37142857142857144,2.7150800800615804,36,37,1,36,0.04616115048661418,1,0,0,0,0,0,0,0,0,-1,0,0,0,0,0
1qhi,A,247,ARG,-4.5,173.4,1.0,5,0,H,0.5403225806451613,-60.8,-37.6,13.0,17.0,0.43333333333333335,1.9713801821316859,23,12,4,8,0.03963331102386066,1,0,0,0,0,0,0,0,0,32,2,3,0,0,1
1qhi,A,248,TYR,-1.3,193.6,0.0,1,1,H,0.0045045045045045045,-61.5,-50.3,19.0,10.0,0.6551724137931034,3.4880767735521583,33,40,19,21,0.05129016720734909,1,0,0,0,0,0,0,0,0,28,12,7,0,0,1
1qhi,A,249,LEU,3.8,166.7,0.0,0,0,H,0.012195121951219513,-65.3,-41.3,18.0,15.0,0.5454545454545454,2.931948298717421,32,36,2,34,0.045228601991935104,1,0,0,0,0,0,0,0,0,28,12,7,0,0,1
1qhi,A,250,GLN,-3.5,143.8,0.0,2,2,H,0.5202020202020202,-64.7,-30.9,11.0,12.0,0.4782608695652174,1.8723590615867372,23,38,0,38,0.03357174580844668,1,0,0,0,0,0,0,0,0,-1,0,0,0,0,0
1qhi,A,251,CYS,2.5,108.5,0.0,1,0,T,0.4962962962962963,-85.2,7.4,10.0,6.0,0.625,1.821726403526843,15,29,1,28,0.029375277582390842,0,0,0,0,0,1,0,0,0,32,2,3,0,0,1
1qhi,A,252,GLY,-0.4,60.1,0.0,0,0,T,0.6547619047619048,96.8,12.1,2.0,18.0,0.1,1.7097574852005877,18,25,9,16,0.02611135785101408,0,0,0,0,0,1,0,0,0,28,12,7,0,0,1
1qhi,A,253,GLY,-0.4,60.1,0.0,0,0,-,0.047619047619047616,-66.0,136.7,20.0,6.0,0.7692307692307693,1.7871894545211884,26,32,17,15,0.03683566553982344,0,0,0,0,0,0,0,0,0,28,12,7,0,0,1
1qhi,A,254,SER,-0.8,89.0,0.0,1,1,-,0.4076923076923077,-117.8,109.3,2.0,26.0,0.07142857142857142,2.049269683316757,22,22,20,2,0.03776821403450251,0,0,0,0,0,0,0,0,0,28,12,7,0,0,1
1qhi,A,255,TRP,-0.9,227.8,0.0,1,0,H,0.06607929515418502,-57.6,-43.7,20.0,13.0,0.6060606060606061,2.4483295963947933,29,13,24,-11,0.043363505002576956,1,0,0,0,0,0,0,0,0,-1,0,0,0,0,0
1qhi,A,256,ARG,-4.5,173.4,1.0,5,0,H,0.45564516129032256,-58.6,-36.1,7.0,16.0,0.30434782608695654,1.817043983296898,21,0,24,-24,0.03357174580844668,1,0,0,0,0,0,0,0,0,33,0,13,0,0,1
1qhi,A,257,GLU,-3.5,138.4,-1.0,1,3,H,0.7474226804123711,-75.1,-38.9,4.0,10.0,0.2857142857142857,1.7552234744621915,12,13,8,5,0.027510180593032695,1,0,0,0,0,0,0,0,0,28,12,7,0,0,1
1qhi,A,258,ASP,-3.5,111.1,-1.0,1,3,H,0.09202453987730061,-91.6,-0.3,15.0,7.0,0.6818181818181818,1.9278055754521715,19,24,9,15,0.03776821403450251,1,0,0,0,0,0,0,0,0,28,12,7,0,0,1
1qhi,A,259,TRP,-0.9,227.8,0.0,1,0,G,0.17180616740088106,-53.7,-41.4,11.0,15.0,0.4230769230769231,2.4570330910788543,28,22,20,2,0.040099585271200194,0,0,0,1,0,0,0,0,0,9,427,5,0,23,1
1qhi,A,260,GLY,-0.4,60.1,0.0,0,0,G,0.6547619047619048,-57.2,-31.1,1.0,17.0,0.05555555555555555,1.7097354846941615,16,17,14,3,0.02611135785101408,0,0,0,1,0,0,0,0,0,9,427,5,0,23,1
1qhi,A,261,GLN,-3.5,143.8,0.0,2,2,G,0.494949494949495,-57.4,-24.0,12.0,4.0,0.75,1.798040705966355,19,14,18,-4,0.027510180593032695,0,0,0,1,0,0,0,0,0,9,427,5,0,23,1
1qhi,A,262,LEU,3.8,166.7,0.0,0,0,G,0.14634146341463414,-75.0,-18.3,17.0,4.0,0.8095238095238095,2.0991400117902543,23,21,12,9,0.035436842797804825,0,0,0,1,0,0,0,0,0,9,427,5,0,23,1
1qhi,A,263,SER,-0.8,89.0,0.0,1,1,-,0.9076923076923077,-107.0,360.0,7.0,5.0,0.5833333333333334,1.8196514473276004,12,12,2,10,0.018650969893581486,0,0,0,0,0,0,0,0,0,9,427,5,0,23,1
1qhi,A,280,PRO,-1.6,112.7,0.0,0,0,-,0.9485294117647058,360.0,100.1,0.0,12.0,0.0,1.767620339641103,10,23,0,23,0.01305567892550704,0,0,0,0,0,0,0,0,0,32,2,3,0,0,1
1qhi,A,281,ARG,-4.5,173.4,1.0,5,0,-,0.4274193548387097,-159.0,166.0,15.0,5.0,0.75,2.0185168971349987,21,20,7,13,0.029375277582390842,0,0,0,0,0,0,0,0,0,32,2,3,0,0,1
1qhi,A,282,PRO,-1.6,112.7,0.0,0,0,-,0.11764705882352941,-63.2,163.4,19.0,8.0,0.7037037037037037,1.859772455063005,26,32,12,20,0.03823448828184205,0,0,0,0,0,0,0,0,0,32,2,3,0,0,1
1qhi,A,283,HIS,-3.2,153.2,0.1,2,1,-,0.4782608695652174,-81.7,139.9,5.0,21.0,0.19230769230769232,2.0050746342060735,19,10,16,-6,0.03357174580844668,0,0,0,0,0,0,0,0,0,-1,0,0,0,0,0
1qhi,A,284,ILE,4.5,166.7,0.0,0,0,G,0.0,-51.9,-20.5,17.0,16.0,0.5151515151515151,3.069247827490829,29,26,21,5,0.0526889899493677,0,0,0,1,0,0,0,0,0,9,427,5,0,23,1
1qhi,A,285,GLY,-0.4,60.1,0.0,0,0,G,0.23809523809523808,-73.6,-13.7,5.0,19.0,0.20833333333333334,1.9588678113823823,22,23,14,9,0.03450429430312575,0,0,0,1,0,0,0,0,0,-1,0,0,0,0,0
1qhi,A,286,ASP,-3.5,111.1,-1.0,1,3,G,0.5276073619631901,-111.2,24.2,8.0,19.0,0.2962962962962963,2.0053999014952955,21,27,0,27,0.03730193978716297,0,0,0,1,0,0,0,0,0,-1,0,0,0,0,0
1qhi,A,287,THR,-0.7,116.1,0.0,1,1,S,0.0,-121.8,171.5,21.0,14.0,0.6,4.831334277938629,32,28,13,15,0.0526889899493677,0,0,0,0,0,0,1,0,0,-1,0,0,0,0,0
1qhi,A,288,LEU,3.8,166.7,0.0,0,0,G,0.0,-63.6,-21.8,19.0,20.0,0.48717948717948717,6.4076345802690104,38,12,5,7,0.04942507021799094,0,0,0,1,0,0,0,0,0,-1,0,0,0,0,0
1qhi,A,289,PHE,2.8,189.9,0.0,0,0,G,0.0,-57.3,-31.7,28.0,14.0,0.6666666666666666,4.688798721324316,39,13,17,-4,0.05035761871267001,0,0,0,1,0,0,0,0,0,-1,0,0,0,0,0
1qhi,A,290,THR,-0.7,116.1,0.0,1,1,G,0.24647887323943662,-60.3,-29.6,15.0,15.0,0.5,2.2719159595548004,25,24,9,15,0.045228601991935104,0,0,0,1,0,0,0,0,0,-1,0,0,0,0,0
1qhi,A,291,LEU,3.8,166.7,0.0,0,0,G,0.054878048780487805,-69.1,-24.2,22.0,13.0,0.6285714285714286,2.3339754769389995,33,20,5,15,0.03730193978716297,0,0,0,1,0,0,0,0,0,10,134,13,0,20,1
1qhi,A,292,PHE,2.8,189.9,0.0,0,0,G,0.005076142131979695,-90.4,7.5,20.0,14.0,0.5882352941176471,4.846266348316769,35,8,6,2,0.04243095650789788,0,0,0,1,0,0,0,0,0,-1,0,0,0,0,0
1qhi,A,293,ARG,-4.5,173.4,1.0,5,0,-,0.4717741935483871,-88.8,49.5,14.0,16.0,0.4666666666666667,1.8930807169833608,24,1,5,-4,0.04103213376587927,0,0,0,0,0,0,0,0,0,10,134,13,0,20,1
1qhi,A,294,ALA,1.8,88.6,0.0,0,0,-,0.018867924528301886,-97.4,132.9,15.0,11.0,0.5769230769230769,2.3531208926166807,25,11,11,0,0.035436842797804825,0,0,0,0,0,0,0,0,0,10,134,13,0,20,1
1qhi,A,295,PRO,-1.6,112.7,0.0,0,0,G,0.7426470588235294,-48.8,-31.7,0.0,20.0,0.0,1.8870915584670145,20,11,12,-1,0.024246260861655933,0,0,0,1,0,0,0,0,0,10,134,13,0,20,1
1qhi,A,296,GLU,-3.5,138.4,-1.0,1,3,G,0.4639175257731959,-68.4,-23.9,15.0,12.0,0.5555555555555556,1.749560595865332,22,4,0,4,0.030774100324409453,0,0,0,1,0,0,0,0,0,10,134,13,0,20,1
1qhi,A,297,LEU,3.8,166.7,0.0,0,0,G,0.0,-91.9,0.0,18.0,14.0,0.5625,4.288640622638319,35,7,15,-8,0.048958795970651406,0,0,0,1,0,0,0,0,0,10,134,13,0,20,1
1qhi,A,298,LEU,3.8,166.7,0.0,0,0,B,0.23780487804878048,-113.0,144.1,8.0,14.0,0.36363636363636365,2.1610133068398714,21,10,17,-7,0.04243095650789788,0,1,0,0,0,0,0,0,0,24,59,4,0,2,1
1qhi,A,299,ALA,1.8,88.6,0.0,0,0,-,0.16981132075471697,-79.4,161.1,9.0,10.0,0.47368421052631576,2.0108081862670524,15,0,17,-17,0.030774100324409453,0,0,0,0,0,0,0,0,0,24,59,4,0,2,1
1qhi,A,300,PRO,-1.6,112.7,0.0,0,0,T,0.9852941176470589,-42.3,-30.6,0.0,11.0,0.0,1.833852393503973,11,0,10,-10,0.01818469564624195,0,0,0,0,0,1,0,0,0,24,59,4,0,2,1
1qhi,A,301,ASN,-3.5,114.1,0.0,2,2,T,0.7261146496815286,-90.7,5.9,2.0,7.0,0.2222222222222222,1.802035906391624,8,0,8,-8,0.017252147151562876,0,0,0,0,0,1,0,0,0,24,59,4,0,2,1
1qhi,A,302,GLY,-0.4,60.1,0.0,0,0,S,0.4642857142857143,89.8,-6.9,4.0,12.0,0.25,1.7096420188108439,15,9,11,-2,0.023779986614316396,0,0,0,0,0,0,1,0,0,24,59,4,0,2,1
1qhi,A,303,ASP,-3.5,111.1,-1.0,1,3,P,0.6257668711656442,-71.2,143.8,6.0,15.0,0.2857142857142857,1.9222892123878346,18,1,3,-2,0.02984155182973038,0,0,0,0,0,0,0,0,0,24,59,4,0,2,1
1qhi,A,304,LEU,3.8,166.7,0.0,0,0,B,0.1402439024390244,-74.2,138.0,15.0,12.0,0.5555555555555556,2.2807870110057955,28,15,16,-1,0.045694876239274644,0,1,0,0,0,0,0,0,0,24,59,4,0,2,1
1qhi,A,305,TYR,-1.3,193.6,0.0,1,1,P,0.25225225225225223,-67.4,146.1,20.0,12.0,0.625,2.2098127967736194,29,3,22,-19,0.04196468226055834,0,0,0,0,0,0,0,0,0,33,0,13,0,0,1
1qhi,A,306,ASN,-3.5,114.1,0.0,2,2,H,0.29936305732484075,-54.5,-37.8,13.0,17.0,0.43333333333333335,2.2902886662661346,28,19,23,-4,0.040565859518539735,1,0,0,0,0,0,0,0,0,33,0,13,0,0,1
1qhi,A,307,VAL,4.2,140.0,0.0,0,0,H,0.0,-54.8,-40.2,21.0,20.0,0.5121951219512195,5.999724080206647,39,3,14,-11,0.050823892960009553,1,0,0,0,0,0,0,0,0,33,0,13,0,0,1
1qhi,A,308,PHE,2.8,189.9,0.0,0,0,H,0.0,-79.5,-31.5,20.0,23.0,0.46511627906976744,4.922846489905137,37,2,13,-11,0.048958795970651406,1,0,0,0,0,0,0,0,0,-1,0,0,0,0,0
1qhi,A,309,ALA,1.8,88.6,0.0,0,0,H,0.03773584905660377,-66.0,-39.3,12.0,22.0,0.35294117647058826,3.5403715020319586,29,10,13,-3,0.045228601991935104,1,0,0,0,0,0,0,0,0,33,0,13,0,0,1
1qhi,A,310,TRP,-0.9,227.8,0.0,1,0,H,0.09251101321585903,-65.9,-35.4,18.0,15.0,0.5454545454545454,3.1225063193974014,33,7,17,-10,0.04289723075523742,1,0,0,0,0,0,0,0,0,33,0,13,0,0,1
1qhi,A,311,ALA,1.8,88.6,0.0,0,0,H,0.0,-68.3,-30.1,23.0,16.0,0.5897435897435898,6.3651856989934705,38,15,8,7,0.05129016720734909,1,0,0,0,0,0,0,0,0,-1,0,0,0,0,0
1qhi,A,312,LEU,3.8,166.7,0.0,0,0,H,0.0,-76.2,-31.0,21.0,21.0,0.5,4.963051241092051,41,15,8,7,0.04709369898129325,1,0,0,0,0,0,0,0,0,-1,0,0,0,0,0
1qhi,A,313,ASP,-3.5,111.1,-1.0,1,3,H,0.3006134969325153,-65.1,-39.1,11.0,18.0,0.3793103448275862,1.8753266062250749,30,31,0,31,0.04149840801321881,1,0,0,0,0,0,0,0,0,-1,0,0,0,0,0
1qhi,A,314,VAL,4.2,140.0,0.0,0,0,H,0.0,-63.1,-53.5,23.0,13.0,0.6388888888888888,3.5211011296538097,38,25,11,14,0.043829779249916496,1,0,0,0,0,0,0,0,0,-1,0,0,0,0,0
1qhi,A,315,LEU,3.8,166.7,0.0,0,0,H,0.0,-50.4,-48.7,22.0,20.0,0.5238095238095238,5.976604823807849,37,28,8,20,0.045228601991935104,1,0,0,0,0,0,0,0,0,-1,0,0,0,0,0
1qhi,A,316,ALA,1.8,88.6,0.0,0,0,H,0.04716981132075472,-58.9,-39.6,15.0,20.0,0.42857142857142855,2.6076670927328687,29,33,8,25,0.04429605349725603,1,0,0,0,0,0,0,0,0,-1,0,0,0,0,0
1qhi,A,317,LYS,-3.9,168.6,1.0,2,0,H,0.32195121951219513,-66.4,-45.4,14.0,17.0,0.45161290322580644,1.9026339779404904,25,22,8,14,0.035436842797804825,1,0,0,0,0,0,0,0,0,-1,0,0,0,0,0
1qhi,A,318,ARG,-4.5,173.4,1.0,5,0,H,0.11290322580645161,-68.5,-37.6,18.0,15.0,0.5454545454545454,2.4024039181061236,31,23,6,17,0.04429605349725603,1,0,0,0,0,0,0,0,0,-1,0,0,0,0,0
1qhi,A,319,LEU,3.8,166.7,0.0,0,0,H,0.0,-81.4,-29.6,20.0,18.0,0.5263157894736842,5.586475958468853,37,40,2,38,0.045694876239274644,1,0,0,0,0,0,0,0,0,-1,0,0,0,0,0
1qhi,A,320,ARG,-4.5,173.4,1.0,5,0,H,0.43548387096774194,-62.5,-30.2,12.0,18.0,0.4,2.016084267460175,24,21,3,18,0.040565859518539735,1,0,0,0,0,0,0,0,0,-1,0,0,0,0,0
1qhi,A,321,SER,-0.8,89.0,0.0,1,1,T,0.43846153846153846,-98.6,20.1,9.0,18.0,0.3333333333333333,1.8474101400232492,26,41,2,39,0.0363693912924839,0,0,0,0,0,1,0,0,0,-1,0,0,0,0,0
1qhi,A,322,MET,1.9,162.9,0.0,0,0,-,0.015957446808510637,-94.6,152.8,23.0,11.0,0.6764705882352942,4.039547690320282,34,39,0,39,0.043829779249916496,0,0,0,0,0,0,0,0,0,-1,0,0,0,0,0
1qhi,A,323,HIS,-3.2,153.2,0.1,2,1,E,0.2826086956521739,-109.8,111.5,14.0,18.0,0.4375,2.211032381695106,28,12,4,8,0.040565859518539735,0,0,1,0,0,0,0,0,0,25,24,7,0,2,1
1qhi,A,324,VAL,4.2,140.0,0.0,0,0,E,0.31690140845070425,-98.7,137.2,17.0,18.0,0.4857142857142857,2.012742180373609,28,20,2,18,0.03730193978716297,0,0,1,0,0,0,0,0,0,-1,0,0,0,0,0
1qhi,A,325,PHE,2.8,189.9,0.0,0,0,E,0.17766497461928935,-133.2,133.1,19.0,12.0,0.6129032258064516,2.344580512459647,28,12,1,11,0.03357174580844668,0,0,1,0,0,0,0,0,0,15,98,5,0,5,1
1qhi,A,326,ILE,4.5,166.7,0.0,0,0,E,0.5325443786982249,-97.6,130.4,8.0,23.0,0.25806451612903225,1.933258438081597,23,4,11,-7,0.030774100324409453,0,0,1,0,0,0,0,0,0,-1,0,0,0,0,0
1qhi,A,327,LEU,3.8,166.7,0.0,0,0,E,0.012195121951219513,-115.6,115.8,25.0,8.0,0.7575757575757576,2.793322726198244,36,14,21,-7,0.03916703677652112,0,0,1,0,0,0,0,0,0,-1,0,0,0,0,0
1qhi,A,328,ASP,-3.5,111.1,-1.0,1,3,E,0.4785276073619632,-73.1,116.0,7.0,22.0,0.2413793103448276,2.037670572097701,24,8,9,-1,0.0363693912924839,0,0,1,0,0,0,0,0,0,5,1265,5,0,77,1
1qhi,A,329,TYR,-1.3,193.6,0.0,1,1,-,0.0,-89.4,-12.5,21.0,14.0,0.6,3.918359312149212,39,43,20,23,0.04942507021799094,0,0,0,0,0,0,0,0,0,5,1265,5,0,77,1
1qhi,A,330,ASP,-3.5,111.1,-1.0,1,3,S,0.4049079754601227,-73.1,54.5,9.0,17.0,0.34615384615384615,2.0372269726842407,18,21,11,10,0.03590311704514436,0,0,0,0,0,0,1,0,0,5,1265,5,0,77,1
1qhi,A,331,GLN,-3.5,143.8,0.0,2,2,S,0.3282828282828283,-158.6,-170.4,12.0,10.0,0.5454545454545454,1.9133790669309703,21,18,23,-5,0.030774100324409453,0,0,0,0,0,0,1,0,0,5,1265,5,0,77,1
1qhi,A,332,SER,-0.8,89.0,0.0,1,1,-,0.5076923076923077,-84.0,153.0,2.0,19.0,0.09523809523809523,2.090202126698103,20,20,21,-1,0.02611135785101408,0,0,0,0,0,0,0,0,0,5,1265,5,0,77,1
1qhi,A,333,PRO,-1.6,112.7,0.0,0,0,H,0.4117647058823529,-52.5,-33.6,7.0,16.0,0.30434782608695654,2.162546494391607,26,25,13,12,0.03776821403450251,1,0,0,0,0,0,0,0,0,5,1265,5,0,77,1
1qhi,A,334,ALA,1.8,88.6,0.0,0,0,H,0.46226415094339623,-67.2,-49.7,0.0,19.0,0.0,2.1475032217350702,20,12,9,3,0.02984155182973038,1,0,0,0,0,0,0,0,0,5,1265,5,0,77,1
1qhi,A,335,GLY,-0.4,60.1,0.0,0,0,H,0.13095238095238096,-64.4,-49.2,5.0,16.0,0.23809523809523808,1.8002999753822804,20,14,20,-6,0.030307826077069916,1,0,0,0,0,0,0,0,0,5,1265,5,0,77,1
1qhi,A,336,CYS,2.5,108.5,0.0,1,0,H,0.007407407407407408,-54.2,-45.2,20.0,11.0,0.6451612903225806,3.2785135625269977,34,23,21,2,0.048958795970651406,1,0,0,0,0,0,0,0,0,5,1265,5,0,77,1
1qhi,A,337,ARG,-4.5,173.4,1.0,5,0,H,0.28225806451612906,-65.9,-40.2,10.0,17.0,0.37037037037037035,2.7907650971278297,23,1,8,-7,0.048026247475972325,1,0,0,0,0,0,0,0,0,5,1265,5,0,77,1
1qhi,A,338,ASP,-3.5,111.1,-1.0,1,3,H,0.4294478527607362,-64.3,-42.2,5.0,15.0,0.25,1.8713937130386495,17,11,1,10,0.03310547156110714,1,0,0,0,0,0,0,0,0,30,24,1,0,0,1
1qhi,A,339,ALA,1.8,88.6,0.0,0,0,H,0.20754716981132076,-56.3,-47.9,18.0,10.0,0.6428571428571429,1.8401994549422596,24,11,16,-5,0.03916703677652112,1,0,0,0,0,0,0,0,0,30,24,1,0,0,1
1qhi,A,340,LEU,3.8,166.7,0.0,0,0,H,0.012195121951219513,-58.1,-39.2,23.0,14.0,0.6216216216216216,2.7126205863631103,35,15,12,3,0.04243095650789788,1,0,0,0,0,0,0,0,0,-1,0,0,0,0,0
1qhi,A,341,LEU,3.8,166.7,0.0,0,0,H,0.4817073170731707,-69.5,-29.1,7.0,18.0,0.28,2.067920212083363,27,11,8,3,0.034970568550465285,1,0,0,0,0,0,0,0,0,30,24,1,0,0,1
1qhi,A,342,GLN,-3.5,143.8,0.0,2,2,H,0.7070707070707071,-72.1,-42.2,8.0,10.0,0.4444444444444444,1.8033042961472947,17,5,8,-3,0.027043906345693154,1,0,0,0,0,0,0,0,0,30,24,1,0,0,1
1qhi,A,343,LEU,3.8,166.7,0.0,0,0,H,0.27439024390243905,-58.9,-24.4,17.0,7.0,0.7083333333333334,1.97568271632779,27,4,5,-1,0.03590311704514436,1,0,0,0,0,0,0,0,0,30,24,1,0,0,1
1qhi,A,344,THR,-0.7,116.1,0.0,1,1,G,0.38028169014084506,-55.9,-27.0,14.0,16.0,0.4666666666666667,2.2245398794948588,25,5,2,3,0.035436842797804825,0,0,0,1,0,0,0,0,0,15,98,5,0,5,1
1qhi,A,345,SER,-0.8,89.0,0.0,1,1,G,0.7769230769230769,-62.8,-32.1,4.0,12.0,0.25,1.8273057430197783,15,0,0,0,0.02098234113027917,0,0,0,1,0,0,0,0,0,30,24,1,0,0,1
1qhi,A,346,GLY,-0.4,60.1,0.0,0,0,G,0.6428571428571429,-100.3,11.1,9.0,10.0,0.47368421052631576,1.7096738513508116,18,11,0,11,0.021914889624958248,0,0,0,1,0,0,0,0,0,15,98,5,0,5,1
1qhi,A,347,MET,1.9,162.9,0.0,0,0,P,0.06914893617021277,-82.0,145.5,22.0,8.0,0.7333333333333333,2.667387235009235,30,15,0,15,0.03916703677652112,0,0,0,0,0,0,0,0,0,15,98,5,0,5,1
1qhi,A,348,VAL,4.2,140.0,0.0,0,0,P,0.2323943661971831,-89.7,134.3,15.0,16.0,0.4838709677419355,2.3453225911214006,31,21,9,12,0.03870076252918159,0,0,0,0,0,0,0,0,0,25,24,7,0,2,1
1qhi,A,349,GLN,-3.5,143.8,0.0,2,2,P,0.29292929292929293,-100.8,161.0,14.0,18.0,0.4375,2.1534597684810612,32,21,9,12,0.04476232774459557,0,0,0,0,0,0,0,0,0,25,24,7,0,2,1
1qhi,A,350,THR,-0.7,116.1,0.0,1,1,E,0.028169014084507043,-139.9,163.1,16.0,16.0,0.5,4.808607748423618,31,27,9,18,0.04942507021799094,0,0,1,0,0,0,0,0,0,-1,0,0,0,0,0
1qhi,A,351,HIS,-3.2,153.2,0.1,2,1,E,0.358695652173913,-90.3,157.4,8.0,22.0,0.26666666666666666,2.224201009275071,24,3,7,-4,0.04103213376587927,0,0,1,0,0,0,0,0,0,-1,0,0,0,0,0
1qhi,A,352,VAL,4.2,140.0,0.0,0,0,E,0.028169014084507043,-92.6,162.0,19.0,15.0,0.5588235294117647,3.3510912493410383,29,21,2,19,0.04989134446533048,0,0,1,0,0,0,0,0,0,-1,0,0,0,0,0
1qhi,A,353,THR,-0.7,116.1,0.0,1,1,S,0.5704225352112676,-80.5,-25.1,8.0,14.0,0.36363636363636365,1.9167165587833437,19,18,0,18,0.03310547156110714,0,0,0,0,0,0,1,0,0,-1,0,0,0,0,0
1qhi,A,354,THR,-0.7,116.1,0.0,1,1,S,0.43661971830985913,-134.0,165.9,7.0,12.0,0.3684210526315789,1.9471246117858392,17,14,0,14,0.026577632098353617,0,0,0,0,0,0,1,0,0,-1,0,0,0,0,0
1qhi,A,355,PRO,-1.6,112.7,0.0,0,0,T,0.8823529411764706,-69.8,-36.5,0.0,17.0,0.0,1.8338474357042396,12,7,0,7,0.023779986614316396,0,0,0,0,0,1,0,0,0,-1,0,0,0,0,0
1qhi,A,356,GLY,-0.4,60.1,0.0,0,0,T,0.42857142857142855,-82.3,7.8,0.0,14.0,0.0,1.7096878601175967,15,10,5,5,0.02471253510899547,0,0,0,0,0,1,0,0,0,-1,0,0,0,0,0
1qhi,A,357,SER,-0.8,89.0,0.0,1,1,H,0.0,-63.8,-48.6,18.0,8.0,0.6923076923076923,2.7338960988964067,27,14,6,8,0.03916703677652112,1,0,0,0,0,0,0,0,0,-1,0,0,0,0,0
1qhi,A,358,ILE,4.5,166.7,0.0,0,0,H,0.17751479289940827,-51.6,-53.3,14.0,18.0,0.4375,2.499177629468961,32,15,12,3,0.03916703677652112,1,0,0,0,0,0,0,0,0,-1,0,0,0,0,0
1qhi,A,359,PRO,-1.6,112.7,0.0,0,0,H,0.5220588235294118,-61.1,-43.1,3.0,19.0,0.13636363636363635,2.0163668404968016,19,12,8,4,0.02844272908771177,1,0,0,0,0,0,0,0,0,-1,0,0,0,0,0
1qhi,A,360,THR,-0.7,116.1,0.0,1,1,H,0.4859154929577465,-65.0,-40.8,11.0,10.0,0.5238095238095238,1.9276394627811868,21,15,8,7,0.032172923066428064,1,0,0,0,0,0,0,0,0,-1,0,0,0,0,0
1qhi,A,361,ILE,4.5,166.7,0.0,0,0,H,0.005917159763313609,-68.5,-34.6,24.0,12.0,0.6666666666666666,4.809046310080585,34,23,8,15,0.045694876239274644,1,0,0,0,0,0,0,0,0,-1,0,0,0,0,0
1qhi,A,362,CYS,2.5,108.5,0.0,1,0,H,0.07407407407407407,-66.4,-46.6,9.0,17.0,0.34615384615384615,2.800714077095371,27,14,12,2,0.03823448828184205,1,0,0,0,0,0,0,0,0,6,952,4,0,45,1
1qhi,A,363,ASP,-3.5,111.1,-1.0,1,3,H,0.588957055214724,-59.7,-43.5,7.0,15.0,0.3181818181818182,1.8514132720055618,21,18,0,18,0.03357174580844668,1,0,0,0,0,0,0,0,0,-1,0,0,0,0,0
1qhi,A,364,LEU,3.8,166.7,0.0,0,0,H,0.0975609756097561,-56.4,-52.1,16.0,15.0,0.5161290322580645,2.4140980409094785,34,20,12,8,0.03870076252918159,1,0,0,0,0,0,0,0,0,-1,0,0,0,0,0
1qhi,A,365,ALA,1.8,88.6,0.0,0,0,H,0.02830188679245283,-59.7,-46.6,17.0,20.0,0.4594594594594595,3.549650150790339,30,20,11,9,0.04662742473395372,1,0,0,0,0,0,0,0,0,-1,0,0,0,0,0
1qhi,A,366,ARG,-4.5,173.4,1.0,5,0,H,0.49193548387096775,-68.0,-35.8,6.0,17.0,0.2608695652173913,1.9189517377176473,21,10,9,1,0.03823448828184205,1,0,0,0,0,0,0,0,0,21,24,10,0,2,1
1qhi,A,367,THR,-0.7,116.1,0.0,1,1,H,0.15492957746478872,-71.4,-40.1,12.0,13.0,0.48,2.3708147723590693,23,21,17,4,0.03776821403450251,1,0,0,0,0,0,0,0,0,21,24,10,0,2,1
1qhi,A,368,PHE,2.8,189.9,0.0,0,0,H,0.02030456852791878,-61.1,-51.6,19.0,16.0,0.5428571428571428,5.919476590578543,36,16,24,-8,0.05035761871267001,1,0,0,0,0,0,0,0,0,31,0,20,0,0,1
1qhi,A,369,ALA,1.8,88.6,0.0,0,0,H,0.25471698113207547,-54.8,-50.2,12.0,16.0,0.42857142857142855,2.2321266088151637,27,19,24,-5,0.04196468226055834,1,0,0,0,0,0,0,0,0,-1,0,0,0,0,0
1qhi,A,370,ARG,-4.5,173.4,1.0,5,0,H,0.7338709677419355,-59.5,-41.1,8.0,15.0,0.34782608695652173,1.8371834262422553,18,7,12,-5,0.02844272908771177,1,0,0,0,0,0,0,0,0,21,24,10,0,2,1
1qhi,A,371,GLU,-3.5,138.4,-1.0,1,3,H,0.15463917525773196,-85.7,-40.7,15.0,12.0,0.5555555555555556,2.0775531083839005,29,15,5,10,0.03823448828184205,1,0,0,0,0,0,0,0,0,22,24,9,0,2,1
1qhi,A,372,MET,1.9,162.9,0.0,0,0,H,0.0,-112.0,-12.5,21.0,8.0,0.7241379310344828,3.8552211334299207,35,13,25,-12,0.04616115048661418,1,0,0,0,0,0,0,0,0,22,24,9,0,2,1
1qhi,A,373,GLY,-0.4,60.1,0.0,0,0,-,0.21428571428571427,-76.3,133.8,12.0,13.0,0.48,1.930255278110886,25,12,29,-17,0.040565859518539735,0,0,0,0,0,0,0,0,0,-1,0,0,0,0,0
1qhi,A,374,GLU,-3.5,138.4,-1.0,1,3,-,0.6649484536082474,-88.8,360.0,10.0,9.0,0.5263157894736842,1.7084573921681914,21,17,14,3,0.025178809356335007,0,0,0,0,0,0,0,0,0,22,24,9,0,2,1
1qhi,B,46,MET,1.9,162.9,0.0,0,0,-,0.4574468085106383,360.0,139.4,17.0,3.0,0.85,1.7676120900189296,18,11,1,10,0.024246260861655933,0,0,0,0,0,0,0,0,0,-1,0,0,0,0,0
1qhi,B,47,PRO,-1.6,112.7,0.0,0,0,-,0.375,-61.2,167.9,14.0,12.0,0.5384615384615384,2.157361732798335,24,12,0,12,0.02984155182973038,0,0,0,0,0,0,0,0,0,-1,0,0,0,0,0
1qhi,B,48,THR,-0.7,116.1,0.0,1,1,E,0.19014084507042253,-108.7,153.9,10.0,20.0,0.3333333333333333,2.32546204214043,29,12,5,7,0.04149840801321881,0,0,1,0,0,0,0,0,0,12,225,5,0,13,1
1qhi,B,49,LEU,3.8,166.7,0.0,0,0,E,0.006097560975609756,-125.8,145.2,26.0,15.0,0.6341463414634146,6.03518910729143,41,25,6,19,0.05035761871267001,0,0,1,0,0,0,0,0,0,-1,0,0,0,0,0
1qhi,B,50,LEU,3.8,166.7,0.0,0,0,E,0.018292682926829267,-122.3,113.4,14.0,25.0,0.358974358974359,3.487154708945101,33,12,3,9,0.048492521723311866,0,0,1,0,0,0,0,0,0,-1,0,0,0,0,0
1qhi,B,51,ARG,-4.5,173.4,1.0,5,0,E,0.016129032258064516,-106.4,134.0,24.0,19.0,0.5581395348837209,6.622773560010201,40,18,6,12,0.05035761871267001,0,0,1,0,0,0,0,0,0,3,1410,14,0,219,1
1qhi,B,52,VAL,4.2,140.0,0.0,0,0,E,0.0,-136.4,121.7,23.0,20.0,0.5348837209302325,5.345651997564181,36,25,7,18,0.05222271570202816,0,0,1,0,0,0,0,0,0,-1,0,0,0,0,0
1qhi,B,53,TYR,-1.3,193.6,0.0,1,1,E,0.02252252252252252,-105.1,114.3,17.0,25.0,0.40476190476190477,8.452811532913458,36,33,20,13,0.053621538444046775,0,0,1,0,0,0,0,0,0,-1,0,0,0,0,0
1qhi,B,54,ILE,4.5,166.7,0.0,0,0,E,0.0,-88.8,122.2,27.0,20.0,0.574468085106383,6.887446830886026,41,29,20,9,0.0526889899493677,0,0,1,0,0,0,0,0,0,-1,0,0,0,0,0
1qhi,B,55,ASP,-3.5,111.1,-1.0,1,3,E,0.006134969325153374,-138.0,-178.4,20.0,23.0,0.46511627906976744,5.415413343515025,35,34,12,22,0.050823892960009553,0,0,1,0,0,0,0,0,0,-1,0,0,0,0,0
1qhi,B,56,GLY,-0.4,60.1,0.0,0,0,S,0.0,133.2,-177.7,18.0,24.0,0.42857142857142855,3.368315612708167,41,49,17,32,0.045228601991935104,0,0,0,0,0,0,1,0,0,-1,0,0,0,0,0
1qhi,B,57,PRO,-1.6,112.7,0.0,0,0,S,0.03676470588235294,-65.3,151.7,22.0,15.0,0.5945945945945946,2.816912804718015,37,50,10,40,0.045228601991935104,0,0,0,0,0,0,1,0,0,-1,0,0,0,0,0
1qhi,B,58,HIS,-3.2,153.2,0.1,2,1,T,0.08695652173913043,-70.1,153.8,15.0,24.0,0.38461538461538464,3.8659348195816277,38,51,15,36,0.040565859518539735,0,0,0,0,0,1,0,0,0,7,119,19,0,29,1
1qhi,B,59,GLY,-0.4,60.1,0.0,0,0,T,0.10714285714285714,93.2,10.5,21.0,12.0,0.6363636363636364,2.1774499591283805,35,74,12,62,0.04429605349725603,0,0,0,0,0,1,0,0,0,0,12929,12,0,1935,1
1qhi,B,60,MET,1.9,162.9,0.0,0,0,S,0.031914893617021274,-100.9,-9.1,22.0,17.0,0.5641025641025641,2.3360555608591005,37,66,15,51,0.045228601991935104,0,0,0,0,0,0,1,0,0,-1,0,0,0,0,0
1qhi,B,61,GLY,-0.4,60.1,0.0,0,0,S,0.14285714285714285,94.5,26.6,19.0,18.0,0.5135135135135135,1.7987241431859362,38,41,13,28,0.0363693912924839,0,0,0,0,0,0,1,0,0,-1,0,0,0,0,0
1qhi,B,62,LYS,-3.9,168.6,1.0,2,0,H,0.03902439024390244,-64.8,-49.8,20.0,20.0,0.5,2.343667787995111,36,31,22,9,0.04289723075523742,1,0,0,0,0,0,0,0,0,-1,0,0,0,0,0
1qhi,B,63,THR,-0.7,116.1,0.0,1,1,H,0.31690140845070425,-62.2,-33.6,13.0,22.0,0.37142857142857144,1.9128389824713687,31,30,22,8,0.03730193978716297,1,0,0,0,0,0,0,0,0,-1,0,0,0,0,0
1qhi,B,64,THR,-0.7,116.1,0.0,1,1,H,0.49295774647887325,-65.0,-44.4,11.0,15.0,0.4230769230769231,1.8826983450914951,26,19,3,16,0.032639197313767604,1,0,0,0,0,0,0,0,0,-1,0,0,0,0,0
1qhi,B,65,THR,-0.7,116.1,0.0,1,1,H,0.014084507042253521,-76.3,-22.6,21.0,14.0,0.6,3.3170640362876838,32,23,10,13,0.04662742473395372,1,0,0,0,0,0,0,0,0,-1,0,0,0,0,0
1qhi,B,66,THR,-0.7,116.1,0.0,1,1,H,0.0,-68.4,-41.8,20.0,19.0,0.5128205128205128,4.644687979977459,35,18,11,7,0.05175644145468863,1,0,0,0,0,0,0,0,0,-1,0,0,0,0,0
1qhi,B,67,GLN,-3.5,143.8,0.0,2,2,H,0.5606060606060606,-64.6,-42.3,8.0,20.0,0.2857142857142857,1.9379699013474034,21,7,7,0,0.03683566553982344,1,0,0,0,0,0,0,0,0,-1,0,0,0,0,0
1qhi,B,68,LEU,3.8,166.7,0.0,0,0,H,0.29878048780487804,-60.4,-42.5,15.0,10.0,0.6,2.084895762572568,24,13,7,6,0.03823448828184205,1,0,0,0,0,0,0,0,0,-1,0,0,0,0,0
1qhi,B,69,LEU,3.8,166.7,0.0,0,0,H,0.054878048780487805,-57.5,-47.5,23.0,8.0,0.7419354838709677,2.592254756803261,33,12,7,5,0.04429605349725603,1,0,0,0,0,0,0,0,0,-1,0,0,0,0,0
1qhi,B,70,VAL,4.2,140.0,0.0,0,0,H,0.2535211267605634,-66.7,-26.8,17.0,9.0,0.6538461538461539,2.2783341896130147,22,5,7,-2,0.03590311704514436,1,0,0,0,0,0,0,0,0,-1,0,0,0,0,0
1qhi,B,71,ALA,1.8,88.6,0.0,0,0,T,0.7830188679245284,-68.9,-12.3,7.0,9.0,0.4375,1.7675594756030832,12,8,0,8,0.023779986614316396,0,0,0,0,0,1,0,0,0,-1,0,0,0,0,0
1qhi,B,72,LEU,3.8,166.7,0.0,0,0,-,0.725609756097561,-83.3,360.0,11.0,4.0,0.7333333333333333,1.9065726283411306,14,10,8,2,0.022381163872297785,0,0,0,0,0,0,0,0,0,-1,0,0,0,0,0
1qhi,B,77,ASP,-3.5,111.1,-1.0,1,3,-,0.8711656441717791,360.0,15.3,7.0,15.0,0.3181818181818182,1.7657140589277798,20,4,0,4,0.02331371236697686,0,0,0,0,0,0,0,0,0,12,225,5,0,13,1
1qhi,B,78,ILE,4.5,166.7,0.0,0,0,E,0.23076923076923078,-137.6,134.4,11.0,19.0,0.36666666666666664,2.128475716342173,26,6,8,-2,0.03170664881908853,0,0,1,0,0,0,0,0,0,-1,0,0,0,0,0
1qhi,B,79,VAL,4.2,140.0,0.0,0,0,E,0.08450704225352113,-132.9,157.3,16.0,20.0,0.4444444444444444,2.447534596701921,33,13,13,0,0.04196468226055834,0,0,1,0,0,0,0,0,0,-1,0,0,0,0,0
1qhi,B,80,TYR,-1.3,193.6,0.0,1,1,E,0.13063063063063063,-115.8,138.5,16.0,24.0,0.4,2.1973774079067097,31,11,15,-4,0.04616115048661418,0,0,1,0,0,0,0,0,0,23,24,10,0,2,1
1qhi,B,81,VAL,4.2,140.0,0.0,0,0,E,0.07746478873239436,-119.3,98.8,22.0,19.0,0.5365853658536586,4.678216408381059,39,16,17,-1,0.04662742473395372,0,0,1,0,0,0,0,0,0,-1,0,0,0,0,0
1qhi,B,82,PRO,-1.6,112.7,0.0,0,0,-,0.09558823529411764,-72.8,175.6,16.0,22.0,0.42105263157894735,2.6215575189432956,34,17,27,-10,0.045694876239274644,0,0,0,0,0,0,0,0,0,23,24,10,0,2,1
1qhi,B,83,GLU,-3.5,138.4,-1.0,1,3,-,0.08247422680412371,-71.9,128.1,16.0,24.0,0.4,2.0679090845796444,33,28,17,11,0.04476232774459557,0,0,0,0,0,0,0,0,0,-1,0,0,0,0,0
1qhi,B,84,PRO,-1.6,112.7,0.0,0,0,-,0.0,-69.0,53.1,20.0,17.0,0.5405405405405406,4.862125703910375,36,17,34,-17,0.05408781269138631,0,0,0,0,0,0,0,0,0,29,2,19,0,0,1
1qhi,B,85,MET,1.9,162.9,0.0,0,0,H,0.047872340425531915,-49.9,-39.7,11.0,24.0,0.3142857142857143,3.0788014343175347,29,20,27,-7,0.04429605349725603,1,0,0,0,0,0,0,0,0,18,24,11,0,3,1
1qhi,B,86,THR,-0.7,116.1,0.0,1,1,H,0.20422535211267606,-66.4,-29.3,10.0,18.0,0.35714285714285715,2.8311681358568768,29,15,28,-13,0.04289723075523742,1,0,0,0,0,0,0,0,0,18,24,11,0,3,1
1qhi,B,87,TYR,-1.3,193.6,0.0,1,1,I,0.0045045045045045045,-70.0,-47.6,24.0,14.0,0.631578947368421,4.212323848315,38,7,14,-7,0.05222271570202816,0,0,0,0,1,0,0,0,0,18,24,11,0,3,1
1qhi,B,88,TRP,-0.9,227.8,0.0,1,0,I,0.05726872246696035,-61.3,-37.9,17.0,16.0,0.5151515151515151,5.49645566621605,36,18,26,-8,0.05455408693872585,0,0,0,0,1,0,0,0,0,7,119,19,0,29,1
1qhi,B,89,ARG,-4.5,173.4,1.0,5,0,I,0.24193548387096775,-86.5,-33.9,10.0,16.0,0.38461538461538464,2.2877589341436595,24,6,19,-13,0.04662742473395372,0,0,0,0,1,0,0,0,0,18,24,11,0,3,1
1qhi,B,90,VAL,4.2,140.0,0.0,0,0,I,0.647887323943662,-134.8,-57.3,8.0,18.0,0.3076923076923077,2.086754254701441,22,11,20,-9,0.034970568550465285,0,0,0,0,1,0,0,0,0,18,24,11,0,3,1
1qhi,B,91,LEU,3.8,166.7,0.0,0,0,I,0.06707317073170732,-62.0,-40.5,19.0,15.0,0.5588235294117647,2.1118460677060322,30,6,17,-11,0.04243095650789788,0,0,0,0,1,0,0,0,0,18,24,11,0,3,1
1qhi,B,92,GLY,-0.4,60.1,0.0,0,0,S,0.047619047619047616,-89.9,-38.6,25.0,11.0,0.6944444444444444,2.2686044787032436,33,6,12,-6,0.043829779249916496,0,0,0,0,0,0,1,0,0,-1,0,0,0,0,0
1qhi,B,93,ALA,1.8,88.6,0.0,0,0,S,0.33962264150943394,-162.0,178.3,21.0,12.0,0.6363636363636364,1.9857246800452,26,8,14,-6,0.035436842797804825,0,0,0,0,0,0,1,0,0,-1,0,0,0,0,0
1qhi,B,94,SER,-0.8,89.0,0.0,1,1,S,0.7461538461538462,-99.8,121.7,2.0,21.0,0.08695652173913043,1.8099366541057538,18,11,9,2,0.029375277582390842,0,0,0,0,0,0,1,0,0,-1,0,0,0,0,0
1qhi,B,95,GLU,-3.5,138.4,-1.0,1,3,S,0.32989690721649484,42.2,64.6,8.0,16.0,0.3333333333333333,1.9570706973885226,24,14,4,10,0.03730193978716297,0,0,0,0,0,0,1,0,0,-1,0,0,0,0,0
1qhi,B,96,THR,-0.7,116.1,0.0,1,1,H,0.02112676056338028,-63.6,-42.2,19.0,14.0,0.5757575757575758,2.5094089898462366,32,11,10,1,0.043829779249916496,1,0,0,0,0,0,0,0,0,-1,0,0,0,0,0
1qhi,B,97,ILE,4.5,166.7,0.0,0,0,H,0.07692307692307693,-64.5,-44.9,13.0,19.0,0.40625,5.063802369786104,31,38,19,19,0.048958795970651406,1,0,0,0,0,0,0,0,0,7,119,19,0,29,1
1qhi,B,98,ALA,1.8,88.6,0.0,0,0,H,0.22641509433962265,-59.3,-40.3,8.0,17.0,0.32,2.1620775082480956,26,34,17,17,0.043829779249916496,1,0,0,0,0,0,0,0,0,-1,0,0,0,0,0
1qhi,B,99,ASN,-3.5,114.1,0.0,2,2,H,0.43312101910828027,-62.7,-41.0,15.0,15.0,0.5,1.9663263725777245,31,13,11,2,0.034970568550465285,1,0,0,0,0,0,0,0,0,-1,0,0,0,0,0
1qhi,B,100,ILE,4.5,166.7,0.0,0,0,H,0.0650887573964497,-62.5,-49.7,25.0,16.0,0.6097560975609756,4.747302450493762,32,22,13,9,0.04755997322863279,1,0,0,0,0,0,0,0,0,7,119,19,0,29,1
1qhi,B,101,TYR,-1.3,193.6,0.0,1,1,H,0.07657657657657657,-66.4,-35.5,14.0,18.0,0.4375,2.9926139890859993,33,39,21,18,0.04709369898129325,1,0,0,0,0,0,0,0,0,0,12929,12,0,1935,1
1qhi,B,102,THR,-0.7,116.1,0.0,1,1,H,0.2746478873239437,-66.8,-47.5,9.0,18.0,0.3333333333333333,2.405630562459528,24,35,15,20,0.03823448828184205,1,0,0,0,0,0,0,0,0,-1,0,0,0,0,0
1qhi,B,103,THR,-0.7,116.1,0.0,1,1,H,0.08450704225352113,-59.8,-42.9,21.0,15.0,0.5833333333333334,2.2923380787381924,35,34,21,13,0.04755997322863279,1,0,0,0,0,0,0,0,0,-1,0,0,0,0,0
1qhi,B,104,GLN,-3.5,143.8,0.0,2,2,H,0.005050505050505051,-67.3,-39.5,22.0,19.0,0.5365853658536586,2.6058067953720836,35,38,19,19,0.048492521723311866,1,0,0,0,0,0,0,0,0,-1,0,0,0,0,0
1qhi,B,105,HIS,-3.2,153.2,0.1,2,1,H,0.34782608695652173,-64.8,-43.5,10.0,19.0,0.3448275862068966,1.9646909813309814,21,23,23,0,0.043829779249916496,1,0,0,0,0,0,0,0,0,-1,0,0,0,0,0
1qhi,B,106,ARG,-4.5,173.4,1.0,5,0,H,0.4032258064516129,-65.6,-24.5,14.0,8.0,0.6363636363636364,2.5007969080582995,17,16,17,-1,0.043829779249916496,1,0,0,0,0,0,0,0,0,-1,0,0,0,0,0
1qhi,B,107,LEU,3.8,166.7,0.0,0,0,H,0.18902439024390244,-76.7,-55.6,18.0,7.0,0.72,2.532317063878218,25,20,25,-5,0.045694876239274644,1,0,0,0,0,0,0,0,0,-1,0,0,0,0,0
1qhi,B,108,ASP,-3.5,111.1,-1.0,1,3,H,0.5337423312883436,-55.5,-28.4,9.0,11.0,0.45,1.7560883104125293,23,20,13,7,0.03124037457174899,1,0,0,0,0,0,0,0,0,-1,0,0,0,0,0
1qhi,B,109,GLN,-3.5,143.8,0.0,2,2,T,0.5404040404040404,-82.7,-5.2,7.0,6.0,0.5384615384615384,1.9274428705386468,11,21,17,4,0.029375277582390842,0,0,0,0,0,1,0,0,0,-1,0,0,0,0,0
1qhi,B,110,GLY,-0.4,60.1,0.0,0,0,T,0.7857142857142857,73.2,22.5,0.0,14.0,0.0,1.767548316881752,14,16,19,-3,0.02611135785101408,0,0,0,0,0,1,0,0,0,-1,0,0,0,0,0
1qhi,B,111,GLU,-3.5,138.4,-1.0,1,3,S,0.5927835051546392,-90.9,-16.1,7.0,8.0,0.4666666666666667,1.7711729530326514,12,21,9,12,0.025178809356335007,0,0,0,0,0,0,1,0,0,-1,0,0,0,0,0
1qhi,B,112,ILE,4.5,166.7,0.0,0,0,S,0.30177514792899407,-138.6,164.4,15.0,4.0,0.7894736842105263,2.0592066135436915,20,16,24,-8,0.03124037457174899,0,0,0,0,0,0,1,0,0,-1,0,0,0,0,0
1qhi,B,113,SER,-0.8,89.0,0.0,1,1,-,0.45384615384615384,-90.3,164.6,3.0,17.0,0.15,2.1208610584911547,18,5,16,-11,0.025178809356335007,0,0,0,0,0,0,0,0,0,-1,0,0,0,0,0
1qhi,B,114,ALA,1.8,88.6,0.0,0,0,H,0.5660377358490566,-57.6,-40.8,6.0,20.0,0.23076923076923078,1.8391598481921698,23,3,14,-11,0.027043906345693154,1,0,0,0,0,0,0,0,0,-1,0,0,0,0,0
1qhi,B,115,GLY,-0.4,60.1,0.0,0,0,H,0.5595238095238095,-64.3,-36.9,3.0,22.0,0.12,1.709579189728142,18,0,8,-8,0.024246260861655933,1,0,0,0,0,0,0,0,0,-1,0,0,0,0,0
1qhi,B,116,ASP,-3.5,111.1,-1.0,1,3,H,0.558282208588957,-69.3,-40.7,9.0,17.0,0.34615384615384615,1.797062335571689,17,5,4,1,0.02844272908771177,1,0,0,0,0,0,0,0,0,-1,0,0,0,0,0
1qhi,B,117,ALA,1.8,88.6,0.0,0,0,H,0.0,-63.7,-49.7,21.0,15.0,0.5833333333333334,3.5302914522161695,29,18,12,6,0.045228601991935104,1,0,0,0,0,0,0,0,0,-1,0,0,0,0,0
1qhi,B,118,ALA,1.8,88.6,0.0,0,0,H,0.12264150943396226,-56.7,-45.6,15.0,22.0,0.40540540540540543,2.3033600749722742,29,6,8,-2,0.03963331102386066,1,0,0,0,0,0,0,0,0,-1,0,0,0,0,0
1qhi,B,119,VAL,4.2,140.0,0.0,0,0,H,0.19014084507042253,-60.5,-42.8,15.0,22.0,0.40540540540540543,2.405076632516266,21,0,13,-13,0.040099585271200194,1,0,0,0,0,0,0,0,0,-1,0,0,0,0,0
1qhi,B,120,VAL,4.2,140.0,0.0,0,0,H,0.2323943661971831,-73.5,-47.2,19.0,20.0,0.48717948717948717,2.3532102832935218,26,1,14,-13,0.040565859518539735,1,0,0,0,0,0,0,0,0,-1,0,0,0,0,0
1qhi,B,121,MET,1.9,162.9,0.0,0,0,H,0.005319148936170213,-59.3,-44.2,25.0,18.0,0.5813953488372093,4.995407880643167,41,12,4,8,0.048492521723311866,1,0,0,0,0,0,0,0,0,-1,0,0,0,0,0
1qhi,B,122,THR,-0.7,116.1,0.0,1,1,H,0.028169014084507043,-63.4,-46.2,28.0,21.0,0.5714285714285714,3.1451040435035766,31,7,2,5,0.048026247475972325,1,0,0,0,0,0,0,0,0,-1,0,0,0,0,0
1qhi,B,123,SER,-0.8,89.0,0.0,1,1,H,0.1,-64.9,-36.5,25.0,23.0,0.5208333333333334,2.1500660822731787,27,0,2,-2,0.04662742473395372,1,0,0,0,0,0,0,0,0,-1,0,0,0,0,0
1qhi,B,124,ALA,1.8,88.6,0.0,0,0,H,0.04716981132075472,-62.7,-36.7,22.0,22.0,0.5,2.4011339387759887,35,5,2,3,0.043829779249916496,1,0,0,0,0,0,0,0,0,-1,0,0,0,0,0
1qhi,B,125,GLN,-3.5,143.8,0.0,2,2,H,0.04040404040404041,-63.4,-37.1,25.0,21.0,0.5434782608695652,6.050062302072157,36,10,0,10,0.04289723075523742,1,0,0,0,0,0,0,0,0,-1,0,0,0,0,0
1qhi,B,126,ILE,4.5,166.7,0.0,0,0,H,0.05917159763313609,-61.0,-40.3,23.0,24.0,0.48936170212765956,2.828171266393391,35,0,0,0,0.04196468226055834,1,0,0,0,0,0,0,0,0,-1,0,0,0,0,0
1qhi,B,127,THR,-0.7,116.1,0.0,1,1,H,0.15492957746478872,-68.0,-39.2,26.0,18.0,0.5909090909090909,2.3067205217814526,38,3,4,-1,0.045694876239274644,1,0,0,0,0,0,0,0,0,-1,0,0,0,0,0
1qhi,B,128,MET,1.9,162.9,0.0,0,0,H,0.1702127659574468,-64.2,-39.3,18.0,23.0,0.43902439024390244,5.640404876167606,37,5,9,-4,0.04709369898129325,1,0,0,0,0,0,0,0,0,29,2,19,0,0,1
1qhi,B,129,GLY,-0.4,60.1,0.0,0,0,H,0.10714285714285714,-88.6,-11.8,20.0,23.0,0.46511627906976744,5.55996109472177,40,6,2,4,0.048492521723311866,1,0,0,0,0,0,0,0,0,29,2,19,0,0,1
1qhi,B,130,MET,1.9,162.9,0.0,0,0,H,0.015957446808510637,-49.0,-52.2,24.0,21.0,0.5333333333333333,3.842220723728814,42,0,2,-2,0.045228601991935104,1,0,0,0,0,0,0,0,0,29,2,19,0,0,1
1qhi,B,131,PRO,-1.6,112.7,0.0,0,0,H,0.0,-62.3,-26.8,24.0,28.0,0.46153846153846156,6.010080589555299,41,3,12,-9,0.045694876239274644,1,0,0,0,0,0,0,0,0,29,2,19,0,0,1
1qhi,B,132,TYR,-1.3,193.6,0.0,1,1,H,0.10810810810810811,-70.6,-43.4,20.0,22.0,0.47619047619047616,6.349745920037769,36,19,26,-7,0.04149840801321881,1,0,0,0,0,0,0,0,0,29,2,19,0,0,1
1qhi,B,133,ALA,1.8,88.6,0.0,0,0,H,0.0660377358490566,-67.7,-45.1,22.0,18.0,0.55,2.173068454241685,35,8,8,0,0.043363505002576956,1,0,0,0,0,0,0,0,0,29,2,19,0,0,1
1qhi,B,134,VAL,4.2,140.0,0.0,0,0,H,0.0,-59.6,-46.4,22.0,16.0,0.5789473684210527,4.6579641460085766,40,3,16,-13,0.04709369898129325,1,0,0,0,0,0,0,0,0,29,2,19,0,0,1
1qhi,B,135,THR,-0.7,116.1,0.0,1,1,H,0.07042253521126761,-55.6,-49.7,21.0,22.0,0.4883720930232558,5.654795849705692,38,9,8,1,0.043829779249916496,1,0,0,0,0,0,0,0,0,29,2,19,0,0,1
1qhi,B,136,ASP,-3.5,111.1,-1.0,1,3,H,0.09815950920245399,-60.2,-47.4,21.0,19.0,0.525,2.4529387102277505,36,22,0,22,0.03776821403450251,1,0,0,0,0,0,0,0,0,29,2,19,0,0,1
1qhi,B,137,ALA,1.8,88.6,0.0,0,0,H,0.08490566037735849,-62.4,-38.2,23.0,14.0,0.6216216216216216,2.104950151242548,31,22,15,7,0.03870076252918159,1,0,0,0,0,0,0,0,0,-1,0,0,0,0,0
1qhi,B,138,VAL,4.2,140.0,0.0,0,0,H,0.19718309859154928,-73.3,-37.9,20.0,16.0,0.5555555555555556,2.163590832030173,32,18,16,2,0.04196468226055834,1,0,0,0,0,0,0,0,0,-1,0,0,0,0,0
1qhi,B,139,LEU,3.8,166.7,0.0,0,0,H,0.006097560975609756,-76.7,-34.7,18.0,14.0,0.5625,5.014486257459854,35,21,8,13,0.040565859518539735,1,0,0,0,0,0,0,0,0,-1,0,0,0,0,0
1qhi,B,140,ALA,1.8,88.6,0.0,0,0,G,0.25471698113207547,-37.4,-56.9,14.0,15.0,0.4827586206896552,2.3090877784208823,31,25,8,17,0.03450429430312575,0,0,0,1,0,0,0,0,0,-1,0,0,0,0,0
1qhi,B,141,PRO,-1.6,112.7,0.0,0,0,G,0.5073529411764706,-69.1,3.5,6.0,17.0,0.2608695652173913,1.8554262325701576,22,20,5,15,0.02844272908771177,0,0,0,1,0,0,0,0,0,-1,0,0,0,0,0
1qhi,B,142,HIS,-3.2,153.2,0.1,2,1,G,0.17391304347826086,-100.2,-22.5,17.0,13.0,0.5666666666666667,2.401724178585367,30,10,2,8,0.03870076252918159,0,0,0,1,0,0,0,0,0,20,59,5,0,2,1
1qhi,B,143,ILE,4.5,166.7,0.0,0,0,E,0.09467455621301775,-77.0,121.7,14.0,19.0,0.42424242424242425,2.8497342637907597,34,26,12,14,0.04429605349725603,0,0,1,0,0,0,0,0,0,3,1410,14,0,219,1
1qhi,B,144,GLY,-0.4,60.1,0.0,0,0,E,0.19047619047619047,-101.2,-159.9,14.0,12.0,0.5384615384615384,2.0125366833010174,27,23,9,14,0.03450429430312575,0,0,1,0,0,0,0,0,0,-1,0,0,0,0,0
1qhi,B,145,GLY,-0.4,60.1,0.0,0,0,E,0.5714285714285714,-69.1,163.5,1.0,22.0,0.043478260869565216,1.948041090270272,22,16,9,7,0.027043906345693154,0,0,1,0,0,0,0,0,0,-1,0,0,0,0,0
1qhi,B,146,GLU,-3.5,138.4,-1.0,1,3,E,0.4845360824742268,-69.6,150.2,8.0,16.0,0.3333333333333333,1.7376704830771925,22,19,0,19,0.030774100324409453,0,0,1,0,0,0,0,0,0,-1,0,0,0,0,0
1qhi,B,147,ALA,1.8,88.6,0.0,0,0,-,0.7830188679245284,-99.1,360.0,16.0,4.0,0.8,1.8540370961576904,19,11,9,2,0.027510180593032695,0,0,0,0,0,0,0,0,0,-1,0,0,0,0,0
1qhi,B,154,PRO,-1.6,112.7,0.0,0,0,-,0.9632352941176471,360.0,122.0,3.0,15.0,0.16666666666666666,1.820168481667921,15,0,6,-6,0.01305567892550704,0,0,0,0,0,0,0,0,0,12,225,5,0,13,1
1qhi,B,155,PRO,-1.6,112.7,0.0,0,0,-,0.22794117647058823,-71.1,157.1,20.0,6.0,0.7692307692307693,2.020029217530191,21,2,8,-6,0.03170664881908853,0,0,0,0,0,0,0,0,0,12,225,5,0,13,1
1qhi,B,156,ALA,1.8,88.6,0.0,0,0,S,0.46226415094339623,-78.4,-21.4,14.0,11.0,0.56,1.8415494129208365,24,3,8,-5,0.03170664881908853,0,0,0,0,0,0,1,0,0,12,225,5,0,13,1
1qhi,B,157,LEU,3.8,166.7,0.0,0,0,E,0.006097560975609756,-154.5,137.2,17.0,11.0,0.6071428571428571,2.4094954516648217,31,10,9,1,0.040565859518539735,0,0,1,0,0,0,0,0,0,12,225,5,0,13,1
1qhi,B,158,THR,-0.7,116.1,0.0,1,1,E,0.11971830985915492,-119.0,123.4,15.0,22.0,0.40540540540540543,2.6234231781178203,32,8,8,0,0.04243095650789788,0,0,1,0,0,0,0,0,0,12,225,5,0,13,1
1qhi,B,159,LEU,3.8,166.7,0.0,0,0,E,0.024390243902439025,-110.0,113.6,21.0,18.0,0.5384615384615384,6.295101192617431,34,13,5,8,0.048026247475972325,0,0,1,0,0,0,0,0,0,-1,0,0,0,0,0
1qhi,B,160,ILE,4.5,166.7,0.0,0,0,E,0.005917159763313609,-101.5,116.0,19.0,22.0,0.4634146341463415,4.763038622507427,34,12,11,1,0.053155264196707235,0,0,1,0,0,0,0,0,0,-1,0,0,0,0,0
1qhi,B,161,PHE,2.8,189.9,0.0,0,0,E,0.050761421319796954,-100.4,143.6,17.0,24.0,0.4146341463414634,8.177768926415688,37,28,21,7,0.05222271570202816,0,0,1,0,0,0,0,0,0,-1,0,0,0,0,0
1qhi,B,162,ASP,-3.5,111.1,-1.0,1,3,E,0.018404907975460124,-93.2,91.2,22.0,21.0,0.5116279069767442,3.6286565476306194,36,29,17,12,0.05502036118606539,0,0,1,0,0,0,0,0,0,-1,0,0,0,0,0
1qhi,B,163,ARG,-4.5,173.4,1.0,5,0,S,0.04838709677419355,83.7,162.6,19.0,22.0,0.4634146341463415,5.496932363736691,41,28,25,3,0.0526889899493677,0,0,0,0,0,0,1,0,0,29,2,19,0,0,1
1qhi,B,164,HIS,-3.2,153.2,0.1,2,1,-,0.04891304347826087,-116.8,155.9,21.0,20.0,0.5121951219512195,8.203136084895922,38,17,19,-2,0.04709369898129325,0,0,0,0,0,0,0,0,0,29,2,19,0,0,1
1qhi,B,165,PRO,-1.6,112.7,0.0,0,0,H,0.029411764705882353,-47.9,-33.9,21.0,22.0,0.4883720930232558,5.862316945538175,39,21,16,5,0.043829779249916496,1,0,0,0,0,0,0,0,0,29,2,19,0,0,1
1qhi,B,166,ILE,4.5,166.7,0.0,0,0,H,0.011834319526627219,-61.3,-19.6,16.0,25.0,0.3902439024390244,8.662183108815068,37,26,8,18,0.04103213376587927,1,0,0,0,0,0,0,0,0,-1,0,0,0,0,0
1qhi,B,167,ALA,1.8,88.6,0.0,0,0,I,0.05660377358490566,-67.0,-36.2,17.0,21.0,0.4473684210526316,9.322227241920258,38,24,12,12,0.048958795970651406,0,0,0,0,1,0,0,0,0,-1,0,0,0,0,0
1qhi,B,168,ALA,1.8,88.6,0.0,0,0,I,0.09433962264150944,-87.7,-31.9,19.0,17.0,0.5277777777777778,8.709758460430887,35,18,3,15,0.04755997322863279,0,0,0,0,1,0,0,0,0,-1,0,0,0,0,0
1qhi,B,169,LEU,3.8,166.7,0.0,0,0,I,0.06097560975609756,-100.4,0.6,17.0,20.0,0.4594594594594595,6.613625651974953,33,12,1,11,0.04989134446533048,0,0,0,0,1,0,0,0,0,-1,0,0,0,0,0
1qhi,B,170,LEU,3.8,166.7,0.0,0,0,I,0.0,-147.2,-63.9,23.0,19.0,0.5476190476190477,10.025840441691292,39,8,3,5,0.04662742473395372,0,0,0,0,1,0,0,0,0,-1,0,0,0,0,0
1qhi,B,171,CYS,2.5,108.5,0.0,1,0,I,0.0,-60.2,-55.5,20.0,21.0,0.4878048780487805,8.271973940822594,42,25,6,19,0.048026247475972325,0,0,0,0,1,0,0,0,0,-1,0,0,0,0,0
1qhi,B,172,TYR,-1.3,193.6,0.0,1,1,H,0.17117117117117117,-69.2,-37.8,18.0,26.0,0.4090909090909091,7.726768297170515,36,32,4,28,0.043363505002576956,1,0,0,0,0,0,0,0,0,7,119,19,0,29,1
1qhi,B,173,PRO,-1.6,112.7,0.0,0,0,H,0.0,-65.0,-36.5,22.0,20.0,0.5238095238095238,8.23135909052718,41,11,0,11,0.048958795970651406,1,0,0,0,0,0,0,0,0,-1,0,0,0,0,0
1qhi,B,174,ALA,1.8,88.6,0.0,0,0,H,0.0,-65.6,-41.1,20.0,22.0,0.47619047619047616,6.334077944940965,36,19,0,19,0.04616115048661418,1,0,0,0,0,0,0,0,0,35,0,13,0,0,1
1qhi,B,175,ALA,1.8,88.6,0.0,0,0,H,0.0,-63.1,-43.6,21.0,16.0,0.5675675675675675,4.685806645738894,34,27,0,27,0.05175644145468863,1,0,0,0,0,0,0,0,0,-1,0,0,0,0,0
1qhi,B,176,ARG,-4.5,173.4,1.0,5,0,H,0.020161290322580645,-65.1,-31.0,24.0,16.0,0.6,4.791181481298711,37,3,8,-5,0.05035761871267001,1,0,0,0,0,0,0,0,0,-1,0,0,0,0,0
1qhi,B,177,TYR,-1.3,193.6,0.0,1,1,H,0.21171171171171171,-62.0,-51.1,15.0,17.0,0.46875,2.3656296727889528,31,12,5,7,0.04289723075523742,1,0,0,0,0,0,0,0,0,35,0,13,0,0,1
1qhi,B,178,LEU,3.8,166.7,0.0,0,0,H,0.3475609756097561,-57.2,-33.5,17.0,13.0,0.5666666666666667,1.9258175801162436,28,22,0,22,0.03450429430312575,1,0,0,0,0,0,0,0,0,35,0,13,0,0,1
1qhi,B,179,MET,1.9,162.9,0.0,0,0,T,0.13829787234042554,-77.3,-9.0,26.0,7.0,0.7878787878787878,2.0666636669579894,28,13,13,0,0.03916703677652112,0,0,0,0,0,1,0,0,0,-1,0,0,0,0,0
1qhi,B,180,GLY,-0.4,60.1,0.0,0,0,T,0.4642857142857143,82.5,9.4,7.0,23.0,0.23333333333333334,1.8330455066491618,30,10,9,1,0.032639197313767604,0,0,0,0,0,1,0,0,0,-1,0,0,0,0,0
1qhi,B,181,SER,-0.8,89.0,0.0,1,1,S,0.0,-103.2,13.2,23.0,15.0,0.6052631578947368,3.0496880944579896,36,13,10,3,0.04989134446533048,0,0,0,0,0,0,1,0,0,-1,0,0,0,0,0
1qhi,B,182,MET,1.9,162.9,0.0,0,0,S,0.0425531914893617,-153.1,148.3,22.0,15.0,0.5945945945945946,3.005682291828914,38,11,3,8,0.048026247475972325,0,0,0,0,0,0,1,0,0,35,0,13,0,0,1
1qhi,B,183,THR,-0.7,116.1,0.0,1,1,-,0.38028169014084506,-89.4,150.0,18.0,20.0,0.47368421052631576,2.3204759166219446,35,5,9,-4,0.03730193978716297,0,0,0,0,0,0,0,0,0,35,0,13,0,0,1
1qhi,B,184,PRO,-1.6,112.7,0.0,0,0,H,0.007352941176470588,-63.7,-24.0,13.0,24.0,0.35135135135135137,3.510747850879128,34,6,9,-3,0.04709369898129325,1,0,0,0,0,0,0,0,0,35,0,13,0,0,1
1qhi,B,185,GLN,-3.5,143.8,0.0,2,2,H,0.1111111111111111,-69.7,-35.2,23.0,22.0,0.5111111111111111,2.1698160589738995,33,0,9,-9,0.04476232774459557,1,0,0,0,0,0,0,0,0,-1,0,0,0,0,0
1qhi,B,186,ALA,1.8,88.6,0.0,0,0,H,0.08490566037735849,-70.7,-39.5,22.0,24.0,0.4782608695652174,2.4034626550233464,38,2,0,2,0.04476232774459557,1,0,0,0,0,0,0,0,0,-1,0,0,0,0,0
1qhi,B,187,VAL,4.2,140.0,0.0,0,0,H,0.0,-58.0,-45.5,22.0,24.0,0.4782608695652174,5.891492330461195,38,6,0,6,0.048958795970651406,1,0,0,0,0,0,0,0,0,-1,0,0,0,0,0
1qhi,B,188,LEU,3.8,166.7,0.0,0,0,H,0.0,-68.1,-23.7,21.0,21.0,0.5,5.669981276090766,39,0,1,-1,0.045694876239274644,1,0,0,0,0,0,0,0,0,-1,0,0,0,0,0
1qhi,B,189,ALA,1.8,88.6,0.0,0,0,H,0.02830188679245283,-69.7,-39.9,21.0,24.0,0.4666666666666667,3.6259052368214655,36,0,0,0,0.048492521723311866,1,0,0,0,0,0,0,0,0,-1,0,0,0,0,0
1qhi,B,190,PHE,2.8,189.9,0.0,0,0,H,0.015228426395939087,-66.6,-44.8,24.0,23.0,0.5106382978723404,5.665892659204713,34,0,0,0,0.04289723075523742,1,0,0,0,0,0,0,0,0,-1,0,0,0,0,0
1qhi,B,191,VAL,4.2,140.0,0.0,0,0,H,0.0,-58.0,-42.0,24.0,19.0,0.5581395348837209,6.228981821869022,38,10,4,6,0.048026247475972325,1,0,0,0,0,0,0,0,0,-1,0,0,0,0,0
1qhi,B,192,ALA,1.8,88.6,0.0,0,0,H,0.05660377358490566,-62.9,-19.7,23.0,19.0,0.5476190476190477,3.1666518507635297,36,11,12,-1,0.04616115048661418,1,0,0,0,0,0,0,0,0,-1,0,0,0,0,0
1qhi,B,193,LEU,3.8,166.7,0.0,0,0,T,0.12804878048780488,-96.5,0.3,25.0,21.0,0.5434782608695652,2.4313174125730916,27,6,6,0,0.04289723075523742,0,0,0,0,0,1,0,0,0,-1,0,0,0,0,0
1qhi,B,194,ILE,4.5,166.7,0.0,0,0,P,0.01775147928994083,-59.1,125.0,24.0,19.0,0.5581395348837209,3.5922861802325783,30,25,6,19,0.04243095650789788,0,0,0,0,0,0,0,0,0,-1,0,0,0,0,0
1qhi,B,195,PRO,-1.6,112.7,0.0,0,0,P,0.17647058823529413,-64.0,153.6,18.0,20.0,0.47368421052631576,2.305478930110531,26,25,8,17,0.03730193978716297,0,0,0,0,0,0,0,0,0,-1,0,0,0,0,0
1qhi,B,196,PRO,-1.6,112.7,0.0,0,0,P,0.47794117647058826,-52.1,140.2,13.0,21.0,0.38235294117647056,1.9944033018545295,24,26,8,18,0.02797645484037223,0,0,0,0,0,0,0,0,0,3,1410,14,0,219,1
1qhi,B,197,THR,-0.7,116.1,0.0,1,1,-,0.2112676056338028,-79.7,113.3,16.0,12.0,0.5714285714285714,1.9360157961018645,28,40,6,34,0.03870076252918159,0,0,0,0,0,0,0,0,0,3,1410,14,0,219,1
1qhi,B,198,LEU,3.8,166.7,0.0,0,0,-,0.15853658536585366,-75.1,149.7,19.0,14.0,0.5757575757575758,1.9734952194260489,30,29,15,14,0.03357174580844668,0,0,0,0,0,0,0,0,0,3,1410,14,0,219,1
1qhi,B,199,PRO,-1.6,112.7,0.0,0,0,T,0.3897058823529412,-58.0,142.9,14.0,18.0,0.4375,2.301201439587008,26,25,10,15,0.03776821403450251,0,0,0,0,0,1,0,0,0,3,1410,14,0,219,1
1qhi,B,200,GLY,-0.4,60.1,0.0,0,0,T,0.011904761904761904,78.8,25.8,17.0,14.0,0.5483870967741935,3.4318366511771092,33,28,9,19,0.048958795970651406,0,0,0,0,0,1,0,0,0,3,1410,14,0,219,1
1qhi,B,201,THR,-0.7,116.1,0.0,1,1,-,0.014084507042253521,-84.2,92.5,15.0,24.0,0.38461538461538464,4.016494450814909,37,36,7,29,0.05222271570202816,0,0,0,0,0,0,0,0,0,3,1410,14,0,219,1
1qhi,B,202,ASN,-3.5,114.1,0.0,2,2,E,0.0,-95.0,119.4,18.0,21.0,0.46153846153846156,4.88963112858974,35,27,4,23,0.053621538444046775,0,0,1,0,0,0,0,0,0,-1,0,0,0,0,0
1qhi,B,203,ILE,4.5,166.7,0.0,0,0,E,0.011834319526627219,-118.6,126.9,20.0,20.0,0.5,6.358497056031084,36,32,8,24,0.05502036118606539,0,0,1,0,0,0,0,0,0,-1,0,0,0,0,0
1qhi,B,204,VAL,4.2,140.0,0.0,0,0,E,0.0,-105.8,117.0,20.0,19.0,0.5128205128205128,5.734636735518171,40,26,12,14,0.04989134446533048,0,0,1,0,0,0,0,0,0,-1,0,0,0,0,0
1qhi,B,205,LEU,3.8,166.7,0.0,0,0,E,0.03048780487804878,-106.1,142.0,17.0,22.0,0.4358974358974359,2.637794029908132,38,13,11,2,0.048492521723311866,0,0,1,0,0,0,0,0,0,-1,0,0,0,0,0
1qhi,B,206,GLY,-0.4,60.1,0.0,0,0,E,0.19047619047619047,-98.2,151.4,22.0,15.0,0.5945945945945946,2.0219891375169907,34,30,18,12,0.04476232774459557,0,0,1,0,0,0,0,0,0,-1,0,0,0,0,0
1qhi,B,207,ALA,1.8,88.6,0.0,0,0,E,0.37735849056603776,-121.5,140.8,6.0,24.0,0.2,1.9831695232896425,27,28,20,8,0.034970568550465285,0,0,1,0,0,0,0,0,0,-1,0,0,0,0,0
1qhi,B,208,LEU,3.8,166.7,0.0,0,0,-,0.06097560975609756,-161.9,125.8,24.0,6.0,0.8,2.3968144363732486,27,44,35,9,0.04243095650789788,0,0,0,0,0,0,0,0,0,-1,0,0,0,0,0
1qhi,B,209,PRO,-1.6,112.7,0.0,0,0,-,0.375,-52.5,142.7,5.0,13.0,0.2777777777777778,2.179055635370331,19,33,37,-4,0.029375277582390842,0,0,0,0,0,0,0,0,0,-1,0,0,0,0,0
1qhi,B,210,GLU,-3.5,138.4,-1.0,1,3,H,0.5051546391752577,-55.6,-42.1,8.0,15.0,0.34782608695652173,1.8743627225011537,17,31,15,16,0.03124037457174899,1,0,0,0,0,0,0,0,0,-1,0,0,0,0,0
1qhi,B,211,ASP,-3.5,111.1,-1.0,1,3,H,0.6871165644171779,-63.9,-37.0,0.0,15.0,0.0,1.7273586952753208,13,31,21,10,0.02844272908771177,1,0,0,0,0,0,0,0,0,-1,0,0,0,0,0
1qhi,B,212,ARG,-4.5,173.4,1.0,5,0,H,0.3185483870967742,-71.5,-41.6,8.0,11.0,0.42105263157894735,1.9997077435346062,22,27,32,-5,0.0363693912924839,1,0,0,0,0,0,0,0,0,-1,0,0,0,0,0
1qhi,B,213,HIS,-3.2,153.2,0.1,2,1,H,0.005434782608695652,-60.5,-47.9,16.0,14.0,0.5333333333333333,3.3237761438386357,33,50,32,18,0.05035761871267001,1,0,0,0,0,0,0,0,0,0,12929,12,0,1935,1
1qhi,B,214,ILE,4.5,166.7,0.0,0,0,H,0.21893491124260356,-55.6,-50.7,7.0,18.0,0.28,2.460692569758179,23,40,29,11,0.04103213376587927,1,0,0,0,0,0,0,0,0,-1,0,0,0,0,0
1qhi,B,215,ASP,-3.5,111.1,-1.0,1,3,H,0.6073619631901841,-58.7,-44.9,6.0,13.0,0.3157894736842105,1.759373999207077,16,43,14,29,0.03403802005578621,1,0,0,0,0,0,0,0,0,-1,0,0,0,0,0
1qhi,B,216,ARG,-4.5,173.4,1.0,5,0,H,0.31451612903225806,-59.2,-55.7,14.0,9.0,0.6086956521739131,2.0551615150762115,26,43,16,27,0.04196468226055834,1,0,0,0,0,0,0,0,0,-1,0,0,0,0,0
1qhi,B,217,LEU,3.8,166.7,0.0,0,0,H,0.018292682926829267,-46.6,-43.0,16.0,10.0,0.6153846153846154,4.224051604046619,29,65,25,40,0.04616115048661418,1,0,0,0,0,0,0,0,0,0,12929,12,0,1935,1
1qhi,B,218,ALA,1.8,88.6,0.0,0,0,T,0.5,-57.3,-11.3,4.0,16.0,0.2,2.1116270751568678,18,37,17,20,0.02984155182973038,0,0,0,0,0,1,0,0,0,-1,0,0,0,0,0
1qhi,B,219,LYS,-3.9,168.6,1.0,2,0,T,0.7951219512195122,-106.2,-73.9,8.0,10.0,0.4444444444444444,1.975314671818469,12,22,8,14,0.02611135785101408,0,0,0,0,0,1,0,0,0,-1,0,0,0,0,0
1qhi,B,220,ARG,-4.5,173.4,1.0,5,0,S,0.14516129032258066,-65.4,46.3,13.0,8.0,0.6190476190476191,1.796263086426665,22,50,13,37,0.03170664881908853,0,0,0,0,0,0,1,0,0,0,12929,12,0,1935,1
1qhi,B,221,GLN,-3.5,143.8,0.0,2,2,-,0.3333333333333333,-63.2,-171.5,10.0,13.0,0.43478260869565216,2.000174493198848,22,47,14,33,0.035436842797804825,0,0,0,0,0,0,0,0,0,0,12929,12,0,1935,1
1qhi,B,222,ARG,-4.5,173.4,1.0,5,0,-,0.22580645161290322,-137.9,146.3,17.0,6.0,0.7391304347826086,2.0222666420153477,26,28,19,9,0.03124037457174899,0,0,0,0,0,0,0,0,0,-1,0,0,0,0,0
1qhi,B,223,PRO,-1.6,112.7,0.0,0,0,T,0.41911764705882354,-61.1,103.7,8.0,14.0,0.36363636363636365,1.913903900560506,19,28,24,4,0.02844272908771177,0,0,0,0,0,1,0,0,0,-1,0,0,0,0,0
1qhi,B,224,GLY,-0.4,60.1,0.0,0,0,T,0.34523809523809523,115.9,-17.7,14.0,8.0,0.6363636363636364,1.7096556044343698,19,27,18,9,0.040099585271200194,0,0,0,0,0,1,0,0,0,-1,0,0,0,0,0
1qhi,B,225,GLU,-3.5,138.4,-1.0,1,3,-,0.1134020618556701,-73.3,136.0,14.0,13.0,0.5185185185185185,3.3023915029581805,26,44,7,37,0.040099585271200194,0,0,0,0,0,0,0,0,0,0,12929,12,0,1935,1
1qhi,B,226,ARG,-4.5,173.4,1.0,5,0,-,0.3790322580645161,-116.5,136.4,12.0,13.0,0.48,2.047548080501219,22,26,18,8,0.03124037457174899,0,0,0,0,0,0,0,0,0,-1,0,0,0,0,0
1qhi,B,227,LEU,3.8,166.7,0.0,0,0,-,0.4573170731707317,-69.8,104.4,10.0,17.0,0.37037037037037035,2.0099853256524494,22,27,21,6,0.03357174580844668,0,0,0,0,0,0,0,0,0,-1,0,0,0,0,0
1qhi,B,228,ASP,-3.5,111.1,-1.0,1,3,-,0.22085889570552147,-115.8,110.6,15.0,7.0,0.6818181818181818,2.059356051163883,22,26,13,13,0.03403802005578621,0,0,0,0,0,0,0,0,0,-1,0,0,0,0,0
1qhi,B,229,LEU,3.8,166.7,0.0,0,0,H,0.4024390243902439,-80.5,-11.1,8.0,15.0,0.34782608695652173,1.9480690584603548,23,23,22,1,0.02844272908771177,1,0,0,0,0,0,0,0,0,-1,0,0,0,0,0
1qhi,B,230,ALA,1.8,88.6,0.0,0,0,H,0.5283018867924528,-73.6,-39.6,8.0,14.0,0.36363636363636365,1.843016014705189,22,17,16,1,0.025178809356335007,1,0,0,0,0,0,0,0,0,-1,0,0,0,0,0
1qhi,B,231,MET,1.9,162.9,0.0,0,0,H,0.010638297872340425,-70.9,-38.2,16.0,17.0,0.48484848484848486,4.244075404153037,33,35,15,20,0.04243095650789788,1,0,0,0,0,0,0,0,0,-1,0,0,0,0,0
1qhi,B,232,LEU,3.8,166.7,0.0,0,0,H,0.012195121951219513,-62.9,-45.2,17.0,17.0,0.5,2.8726069075360603,36,42,23,19,0.04709369898129325,1,0,0,0,0,0,0,0,0,0,12929,12,0,1935,1
1qhi,B,233,ALA,1.8,88.6,0.0,0,0,H,0.36792452830188677,-62.9,-42.8,6.0,20.0,0.23076923076923078,1.7676720741102407,22,32,17,15,0.03450429430312575,1,0,0,0,0,0,0,0,0,-1,0,0,0,0,0
1qhi,B,234,ALA,1.8,88.6,0.0,0,0,H,0.09433962264150944,-60.0,-48.7,15.0,12.0,0.5555555555555556,2.3668457267347143,29,37,8,29,0.04103213376587927,1,0,0,0,0,0,0,0,0,-1,0,0,0,0,0
1qhi,B,235,ILE,4.5,166.7,0.0,0,0,H,0.0,-67.4,-33.7,16.0,17.0,0.48484848484848486,4.9019385391616055,39,49,3,46,0.05222271570202816,1,0,0,0,0,0,0,0,0,-1,0,0,0,0,0
1qhi,B,236,ARG,-4.5,173.4,1.0,5,0,H,0.27419354838709675,-68.5,-42.4,13.0,20.0,0.3939393939393939,1.9969251665541607,28,26,10,16,0.04103213376587927,1,0,0,0,0,0,0,0,0,-1,0,0,0,0,0
1qhi,B,237,ARG,-4.5,173.4,1.0,5,0,H,0.5282258064516129,-65.6,-42.1,14.0,16.0,0.4666666666666667,1.850395485803972,25,10,8,2,0.03403802005578621,1,0,0,0,0,0,0,0,0,-1,0,0,0,0,0
1qhi,B,238,VAL,4.2,140.0,0.0,0,0,H,0.0,-60.4,-42.0,20.0,15.0,0.5714285714285714,4.732941034256801,37,21,2,19,0.04709369898129325,1,0,0,0,0,0,0,0,0,-1,0,0,0,0,0
1qhi,B,239,TYR,-1.3,193.6,0.0,1,1,H,0.04054054054054054,-72.0,-29.7,19.0,18.0,0.5135135135135135,3.2069662849150795,43,35,8,27,0.043363505002576956,1,0,0,0,0,0,0,0,0,-1,0,0,0,0,0
1qhi,B,240,GLY,-0.4,60.1,0.0,0,0,H,0.4523809523809524,-71.2,-37.3,8.0,22.0,0.26666666666666666,1.7096770502436978,29,26,8,18,0.032639197313767604,1,0,0,0,0,0,0,0,0,-1,0,0,0,0,0
1qhi,B,241,LEU,3.8,166.7,0.0,0,0,H,0.07926829268292683,-66.8,-40.7,17.0,14.0,0.5483870967741935,2.74676071518971,33,22,8,14,0.043363505002576956,1,0,0,0,0,0,0,0,0,-1,0,0,0,0,0
1qhi,B,242,LEU,3.8,166.7,0.0,0,0,H,0.018292682926829267,-55.9,-51.7,25.0,21.0,0.5434782608695652,4.723631696754916,38,15,7,8,0.04476232774459557,1,0,0,0,0,0,0,0,0,-1,0,0,0,0,0
1qhi,B,243,ALA,1.8,88.6,0.0,0,0,H,0.16981132075471697,-53.6,-45.4,16.0,21.0,0.43243243243243246,2.1977575865358205,33,16,4,12,0.03963331102386066,1,0,0,0,0,0,0,0,0,11,327,5,0,19,1
1qhi,B,244,ASN,-3.5,114.1,0.0,2,2,H,0.21656050955414013,-65.9,-36.0,15.0,20.0,0.42857142857142855,2.817127246559806,31,24,8,16,0.04429605349725603,1,0,0,0,0,0,0,0,0,27,24,6,0,1,1
1qhi,B,245,THR,-0.7,116.1,0.0,1,1,H,0.0,-62.9,-41.7,20.0,21.0,0.4878048780487805,5.663101219015653,38,31,6,25,0.053155264196707235,1,0,0,0,0,0,0,0,0,-1,0,0,0,0,0
1qhi,B,246,VAL,4.2,140.0,0.0,0,0,H,0.028169014084507043,-63.9,-44.9,15.0,25.0,0.375,2.630327626543178,39,37,1,36,0.045694876239274644,1,0,0,0,0,0,0,0,0,-1,0,0,0,0,0
1qhi,B,247,ARG,-4.5,173.4,1.0,5,0,H,0.31048387096774194,-57.1,-58.4,16.0,16.0,0.5,1.9412908036150005,26,14,7,7,0.04476232774459557,1,0,0,0,0,0,0,0,0,11,327,5,0,19,1
1qhi,B,248,TYR,-1.3,193.6,0.0,1,1,H,0.0,-44.7,-51.6,19.0,13.0,0.59375,3.983911400321043,34,40,19,21,0.05222271570202816,1,0,0,0,0,0,0,0,0,34,0,3,0,0,1
1qhi,B,249,LEU,3.8,166.7,0.0,0,0,H,0.042682926829268296,-66.9,-40.5,18.0,17.0,0.5142857142857142,3.19455787669053,32,35,2,33,0.045228601991935104,1,0,0,0,0,0,0,0,0,-1,0,0,0,0,0
1qhi,B,250,GLN,-3.5,143.8,0.0,2,2,H,0.5303030303030303,-72.8,-16.9,15.0,10.0,0.6,1.8406494881886877,25,35,0,35,0.032639197313767604,1,0,0,0,0,0,0,0,0,-1,0,0,0,0,0
1qhi,B,251,CYS,2.5,108.5,0.0,1,0,T,0.4740740740740741,-90.5,11.1,14.0,6.0,0.7,1.8343547025920228,17,28,1,27,0.02797645484037223,0,0,0,0,0,1,0,0,0,34,0,3,0,0,1
1qhi,B,252,GLY,-0.4,60.1,0.0,0,0,T,0.7261904761904762,82.8,15.0,2.0,19.0,0.09523809523809523,1.7095745664135744,18,25,9,16,0.02611135785101408,0,0,0,0,0,1,0,0,0,34,0,3,0,0,1
1qhi,B,253,GLY,-0.4,60.1,0.0,0,0,-,0.03571428571428571,-66.2,142.7,20.0,5.0,0.8,1.87657739346511,24,33,17,16,0.03730193978716297,0,0,0,0,0,0,0,0,0,34,0,3,0,0,1
1qhi,B,254,SER,-0.8,89.0,0.0,1,1,-,0.2692307692307692,-120.9,109.2,3.0,25.0,0.10714285714285714,1.9432402771346864,24,21,20,1,0.03776821403450251,0,0,0,0,0,0,0,0,0,34,0,3,0,0,1
1qhi,B,255,TRP,-0.9,227.8,0.0,1,0,H,0.07048458149779736,-57.4,-35.8,19.0,15.0,0.5588235294117647,2.437666710962626,31,16,25,-9,0.043829779249916496,1,0,0,0,0,0,0,0,0,13,207,3,0,6,1
1qhi,B,256,ARG,-4.5,173.4,1.0,5,0,H,0.4637096774193548,-63.7,-38.4,6.0,16.0,0.2727272727272727,1.82527603078193,23,1,28,-27,0.03403802005578621,1,0,0,0,0,0,0,0,0,-1,0,0,0,0,0
1qhi,B,257,GLU,-3.5,138.4,-1.0,1,3,H,0.8092783505154639,-69.4,-38.8,4.0,9.0,0.3076923076923077,1.761009533333643,14,16,8,8,0.026577632098353617,1,0,0,0,0,0,0,0,0,13,207,3,0,6,1
1qhi,B,258,ASP,-3.5,111.1,-1.0,1,3,H,0.07975460122699386,-94.7,3.9,14.0,6.0,0.7,2.0734824574960347,20,23,10,13,0.03916703677652112,1,0,0,0,0,0,0,0,0,34,0,3,0,0,1
1qhi,B,259,TRP,-0.9,227.8,0.0,1,0,G,0.12334801762114538,-55.3,-45.3,10.0,14.0,0.4166666666666667,2.3112235263078964,29,21,21,0,0.03870076252918159,0,0,0,1,0,0,0,0,0,13,207,3,0,6,1
1qhi,B,260,GLY,-0.4,60.1,0.0,0,0,G,0.9047619047619048,-62.2,-17.0,1.0,16.0,0.058823529411764705,1.7097179454369855,16,17,15,2,0.02611135785101408,0,0,0,1,0,0,0,0,0,13,207,3,0,6,1
1qhi,B,261,GLN,-3.5,143.8,0.0,2,2,G,0.5505050505050505,-75.4,0.3,10.0,5.0,0.6666666666666666,1.7706214611312703,17,22,15,7,0.02611135785101408,0,0,0,1,0,0,0,0,0,13,207,3,0,6,1
1qhi,B,262,LEU,3.8,166.7,0.0,0,0,-,0.3597560975609756,-94.8,360.0,16.0,3.0,0.8421052631578947,2.1994308738074366,21,21,13,8,0.032639197313767604,0,0,0,0,0,0,0,0,0,13,207,3,0,6,1
1qhi,B,278,ALA,1.8,88.6,0.0,0,0,-,1.0,360.0,-171.6,1.0,16.0,0.058823529411764705,1.7676052494067533,14,16,0,16,0.013521953172846577,0,0,0,0,0,0,0,0,0,11,327,5,0,19,1
1qhi,B,279,GLY,-0.4,60.1,0.0,0,0,-,0.6785714285714286,97.5,-172.7,7.0,4.0,0.6363636363636364,1.7096269553727104,11,18,0,18,0.014454501667525653,0,0,0,0,0,0,0,0,0,11,327,5,0,19,1
1qhi,B,280,PRO,-1.6,112.7,0.0,0,0,S,0.7426470588235294,-85.2,177.6,2.0,13.0,0.13333333333333333,1.8892058252685755,10,25,1,24,0.020049792635600097,0,0,0,0,0,0,1,0,0,11,327,5,0,19,1
1qhi,B,281,ARG,-4.5,173.4,1.0,5,0,P,0.4717741935483871,-71.7,126.2,8.0,13.0,0.38095238095238093,1.8840877815730581,24,21,9,12,0.032639197313767604,0,0,0,0,0,0,0,0,0,34,0,3,0,0,1
1qhi,B,282,PRO,-1.6,112.7,0.0,0,0,P,0.07352941176470588,-71.9,158.9,19.0,9.0,0.6785714285714286,2.164122772275791,28,32,11,21,0.04196468226055834,0,0,0,0,0,0,0,0,0,27,24,6,0,1,1
1qhi,B,283,HIS,-3.2,153.2,0.1,2,1,P,0.532608695652174,-73.5,136.9,6.0,20.0,0.23076923076923078,1.9843526325828251,20,12,16,-4,0.035436842797804825,0,0,0,0,0,0,0,0,0,27,24,6,0,1,1
1qhi,B,284,ILE,4.5,166.7,0.0,0,0,G,0.0,-50.8,-29.9,16.0,16.0,0.5,3.1866348738011014,29,28,21,7,0.05175644145468863,0,0,0,1,0,0,0,0,0,13,207,3,0,6,1
1qhi,B,285,GLY,-0.4,60.1,0.0,0,0,G,0.2619047619047619,-67.0,-9.7,4.0,19.0,0.17391304347826086,1.9467798918646886,23,21,14,7,0.03450429430312575,0,0,0,1,0,0,0,0,0,27,24,6,0,1,1
1qhi,B,286,ASP,-3.5,111.1,-1.0,1,3,G,0.5337423312883436,-107.7,17.7,9.0,17.0,0.34615384615384615,1.9154381995495178,22,29,0,29,0.03776821403450251,0,0,0,1,0,0,0,0,0,27,24,6,0,1,1
1qhi,B,287,THR,-0.7,116.1,0.0,1,1,S,0.0,-120.2,176.6,21.0,14.0,0.6,4.812920930337256,31,28,11,17,0.053621538444046775,0,0,0,0,0,0,1,0,0,27,24,6,0,1,1
1qhi,B,288,LEU,3.8,166.7,0.0,0,0,G,0.0,-66.9,-20.9,20.0,19.0,0.5128205128205128,6.2155959541894195,38,12,5,7,0.048026247475972325,0,0,0,1,0,0,0,0,0,-1,0,0,0,0,0
1qhi,B,289,PHE,2.8,189.9,0.0,0,0,G,0.0,-60.5,-24.9,30.0,14.0,0.6818181818181818,5.020629312675188,39,13,18,-5,0.050823892960009553,0,0,0,1,0,0,0,0,0,-1,0,0,0,0,0
1qhi,B,290,THR,-0.7,116.1,0.0,1,1,G,0.2535211267605634,-67.3,-23.7,13.0,15.0,0.4642857142857143,2.315527445629088,25,24,9,15,0.04289723075523742,0,0,0,1,0,0,0,0,0,-1,0,0,0,0,0
1qhi,B,291,LEU,3.8,166.7,0.0,0,0,G,0.07317073170731707,-74.6,-20.8,22.0,13.0,0.6285714285714286,2.3015861024705444,31,17,4,13,0.034970568550465285,0,0,0,1,0,0,0,0,0,35,0,13,0,0,1
1qhi,B,292,PHE,2.8,189.9,0.0,0,0,G,0.005076142131979695,-95.2,26.7,22.0,12.0,0.6470588235294118,4.7538720289625935,36,8,5,3,0.04196468226055834,0,0,0,1,0,0,0,0,0,-1,0,0,0,0,0
1qhi,B,293,ARG,-4.5,173.4,1.0,5,0,-,0.4879032258064516,-102.3,50.9,11.0,16.0,0.4074074074074074,1.8783282654776685,24,0,9,-9,0.03916703677652112,0,0,0,0,0,0,0,0,0,17,47,9,0,5,1
1qhi,B,294,ALA,1.8,88.6,0.0,0,0,-,0.03773584905660377,-103.8,147.3,11.0,10.0,0.5238095238095238,2.3670304323522613,22,11,12,-1,0.03403802005578621,0,0,0,0,0,0,0,0,0,35,0,13,0,0,1
1qhi,B,295,PRO,-1.6,112.7,0.0,0,0,G,0.7573529411764706,-50.9,-36.1,0.0,19.0,0.0,1.906406506453033,19,11,12,-1,0.022847438119637322,0,0,0,1,0,0,0,0,0,17,47,9,0,5,1
1qhi,B,296,GLU,-3.5,138.4,-1.0,1,3,G,0.4639175257731959,-63.8,-21.1,13.0,12.0,0.52,1.7284640658170451,22,5,0,5,0.03124037457174899,0,0,0,1,0,0,0,0,0,35,0,13,0,0,1
1qhi,B,297,LEU,3.8,166.7,0.0,0,0,G,0.0,-102.2,-3.6,18.0,14.0,0.5625,4.0233470698061105,33,8,17,-9,0.048492521723311866,0,0,0,1,0,0,0,0,0,17,47,9,0,5,1
1qhi,B,298,LEU,3.8,166.7,0.0,0,0,B,0.25609756097560976,-97.9,132.9,8.0,13.0,0.38095238095238093,2.288598683712184,20,11,17,-6,0.043829779249916496,0,1,0,0,0,0,0,0,0,19,93,3,0,3,1
1qhi,B,299,ALA,1.8,88.6,0.0,0,0,-,0.16037735849056603,-76.2,172.2,9.0,10.0,0.47368421052631576,2.00576569861817,16,0,17,-17,0.032639197313767604,0,0,0,0,0,0,0,0,0,19,93,3,0,3,1
1qhi,B,300,PRO,-1.6,112.7,0.0,0,0,T,0.9338235294117647,-51.1,-46.9,0.0,10.0,0.0,1.8338555197776607,11,0,9,-9,0.018650969893581486,0,0,0,0,0,1,0,0,0,19,93,3,0,3,1
1qhi,B,301,ASN,-3.5,114.1,0.0,2,2,T,0.7707006369426752,-66.1,9.8,3.0,6.0,0.3333333333333333,1.8019644449682524,11,1,8,-7,0.017252147151562876,0,0,0,0,0,1,0,0,0,19,93,3,0,3,1
1qhi,B,302,GLY,-0.4,60.1,0.0,0,0,S,0.4642857142857143,82.4,-12.6,2.0,12.0,0.14285714285714285,1.7095464732205174,14,10,10,0,0.022381163872297785,0,0,0,0,0,0,1,0,0,19,93,3,0,3,1
1qhi,B,303,ASP,-3.5,111.1,-1.0,1,3,S,0.5950920245398773,-85.8,161.7,6.0,14.0,0.3,1.8762837495810714,20,7,1,6,0.02984155182973038,0,0,0,0,0,0,1,0,0,19,93,3,0,3,1
1qhi,B,304,LEU,3.8,166.7,0.0,0,0,B,0.12195121951219512,-74.2,140.9,15.0,12.0,0.5555555555555556,2.216693398887938,26,17,16,1,0.04616115048661418,0,1,0,0,0,0,0,0,0,-1,0,0,0,0,0
1qhi,B,305,TYR,-1.3,193.6,0.0,1,1,P,0.23873873873873874,-62.0,144.0,20.0,12.0,0.625,2.2526883792228465,29,3,22,-19,0.04196468226055834,0,0,0,0,0,0,0,0,0,19,93,3,0,3,1
1qhi,B,306,ASN,-3.5,114.1,0.0,2,2,H,0.28662420382165604,-52.5,-34.1,12.0,18.0,0.4,2.280420124645938,29,19,22,-3,0.040565859518539735,1,0,0,0,0,0,0,0,0,21,24,10,0,2,1
1qhi,B,307,VAL,4.2,140.0,0.0,0,0,H,0.0,-64.0,-38.4,21.0,19.0,0.525,5.780428853197232,37,3,14,-11,0.04942507021799094,1,0,0,0,0,0,0,0,0,-1,0,0,0,0,0
1qhi,B,308,PHE,2.8,189.9,0.0,0,0,H,0.0,-74.3,-35.3,19.0,23.0,0.4523809523809524,4.848992077190295,37,3,13,-10,0.05035761871267001,1,0,0,0,0,0,0,0,0,-1,0,0,0,0,0
1qhi,B,309,ALA,1.8,88.6,0.0,0,0,H,0.04716981132075472,-66.6,-41.3,12.0,22.0,0.35294117647058826,3.591551697924892,28,10,15,-5,0.04662742473395372,1,0,0,0,0,0,0,0,0,-1,0,0,0,0,0
1qhi,B,310,TRP,-0.9,227.8,0.0,1,0,H,0.09251101321585903,-64.4,-30.2,18.0,15.0,0.5454545454545454,3.215290913274465,32,6,18,-12,0.043363505002576956,1,0,0,0,0,0,0,0,0,-1,0,0,0,0,0
1qhi,B,311,ALA,1.8,88.6,0.0,0,0,H,0.0,-69.0,-32.1,24.0,15.0,0.6153846153846154,6.451786356832325,38,15,8,7,0.05035761871267001,1,0,0,0,0,0,0,0,0,-1,0,0,0,0,0
1qhi,B,312,LEU,3.8,166.7,0.0,0,0,H,0.0,-72.4,-30.1,20.0,21.0,0.4878048780487805,4.715157120877613,39,16,8,8,0.04709369898129325,1,0,0,0,0,0,0,0,0,-1,0,0,0,0,0
1qhi,B,313,ASP,-3.5,111.1,-1.0,1,3,H,0.27607361963190186,-64.6,-38.7,11.0,18.0,0.3793103448275862,1.8899440514749926,29,33,0,33,0.04243095650789788,1,0,0,0,0,0,0,0,0,-1,0,0,0,0,0
1qhi,B,314,VAL,4.2,140.0,0.0,0,0,H,0.0,-66.3,-47.6,23.0,12.0,0.6571428571428571,3.8583075661501565,37,26,11,15,0.045694876239274644,1,0,0,0,0,0,0,0,0,-1,0,0,0,0,0
1qhi,B,315,LEU,3.8,166.7,0.0,0,0,H,0.0,-55.0,-49.7,22.0,20.0,0.5238095238095238,6.13116608134692,37,30,8,22,0.045228601991935104,1,0,0,0,0,0,0,0,0,-1,0,0,0,0,0
1qhi,B,316,ALA,1.8,88.6,0.0,0,0,H,0.02830188679245283,-60.1,-41.5,15.0,21.0,0.4166666666666667,3.005999968644694,30,33,8,25,0.04429605349725603,1,0,0,0,0,0,0,0,0,-1,0,0,0,0,0
1qhi,B,317,LYS,-3.9,168.6,1.0,2,0,H,0.3170731707317073,-63.8,-41.8,14.0,17.0,0.45161290322580644,1.9986743206856792,27,22,8,14,0.035436842797804825,1,0,0,0,0,0,0,0,0,-1,0,0,0,0,0
1qhi,B,318,ARG,-4.5,173.4,1.0,5,0,H,0.10887096774193548,-68.9,-45.5,18.0,15.0,0.5454545454545454,2.402312316830556,31,22,6,16,0.043829779249916496,1,0,0,0,0,0,0,0,0,-1,0,0,0,0,0
1qhi,B,319,LEU,3.8,166.7,0.0,0,0,H,0.0,-75.0,-29.9,22.0,17.0,0.5641025641025641,5.816020867257443,37,40,2,38,0.045694876239274644,1,0,0,0,0,0,0,0,0,-1,0,0,0,0,0
1qhi,B,320,ARG,-4.5,173.4,1.0,5,0,T,0.4717741935483871,-67.1,-16.0,12.0,18.0,0.4,2.079279691448496,24,22,3,19,0.03916703677652112,0,0,0,0,0,1,0,0,0,-1,0,0,0,0,0
1qhi,B,321,SER,-0.8,89.0,0.0,1,1,T,0.4230769230769231,-104.5,5.3,9.0,18.0,0.3333333333333333,1.8472970106263908,26,40,4,36,0.034970568550465285,0,0,0,0,0,1,0,0,0,3,1410,14,0,219,1
1qhi,B,322,MET,1.9,162.9,0.0,0,0,-,0.005319148936170213,-84.0,152.9,22.0,11.0,0.6666666666666666,3.984117639912794,36,39,2,37,0.045228601991935104,0,0,0,0,0,0,0,0,0,-1,0,0,0,0,0
1qhi,B,323,HIS,-3.2,153.2,0.1,2,1,E,0.2554347826086957,-109.7,104.4,14.0,20.0,0.4117647058823529,2.219239608030885,28,10,5,5,0.040099585271200194,0,0,1,0,0,0,0,0,0,-1,0,0,0,0,0
1qhi,B,324,VAL,4.2,140.0,0.0,0,0,E,0.2605633802816901,-99.3,138.8,22.0,16.0,0.5789473684210527,1.996509340415572,29,22,2,20,0.03963331102386066,0,0,1,0,0,0,0,0,0,-1,0,0,0,0,0
1qhi,B,325,PHE,2.8,189.9,0.0,0,0,E,0.233502538071066,-136.5,151.0,18.0,16.0,0.5294117647058824,2.2933536494172575,30,11,2,9,0.03403802005578621,0,0,1,0,0,0,0,0,0,14,72,7,0,6,1
1qhi,B,326,ILE,4.5,166.7,0.0,0,0,E,0.5384615384615384,-112.4,130.2,9.0,20.0,0.3103448275862069,1.9320272967152783,25,5,11,-6,0.030774100324409453,0,0,1,0,0,0,0,0,0,-1,0,0,0,0,0
1qhi,B,327,LEU,3.8,166.7,0.0,0,0,E,0.012195121951219513,-112.7,127.9,26.0,8.0,0.7647058823529411,2.72296669301198,35,11,21,-10,0.04149840801321881,0,0,1,0,0,0,0,0,0,-1,0,0,0,0,0
1qhi,B,328,ASP,-3.5,111.1,-1.0,1,3,E,0.5337423312883436,-80.9,115.6,6.0,21.0,0.2222222222222222,2.0793931680704523,22,6,8,-2,0.035436842797804825,0,0,1,0,0,0,0,0,0,-1,0,0,0,0,0
1qhi,B,329,TYR,-1.3,193.6,0.0,1,1,-,0.013513513513513514,-96.2,5.2,23.0,13.0,0.6388888888888888,2.918655735162732,36,36,20,16,0.04709369898129325,0,0,0,0,0,0,0,0,0,-1,0,0,0,0,0
1qhi,B,330,ASP,-3.5,111.1,-1.0,1,3,S,0.4539877300613497,-86.7,67.3,8.0,16.0,0.3333333333333333,1.9462909521482221,18,20,13,7,0.03310547156110714,0,0,0,0,0,0,1,0,0,-1,0,0,0,0,0
1qhi,B,331,GLN,-3.5,143.8,0.0,2,2,S,0.3434343434343434,-171.8,-179.1,13.0,10.0,0.5652173913043478,1.8343196629144083,22,14,22,-8,0.028909003335051305,0,0,0,0,0,0,1,0,0,-1,0,0,0,0,0
1qhi,B,332,SER,-0.8,89.0,0.0,1,1,-,0.5230769230769231,-71.5,159.1,3.0,15.0,0.16666666666666666,1.9329225622507622,19,19,18,1,0.024246260861655933,0,0,0,0,0,0,0,0,0,-1,0,0,0,0,0
1qhi,B,333,PRO,-1.6,112.7,0.0,0,0,H,0.5147058823529411,-55.3,-43.5,8.0,15.0,0.34782608695652173,2.260144419385607,24,23,13,10,0.03450429430312575,1,0,0,0,0,0,0,0,0,-1,0,0,0,0,0
1qhi,B,334,ALA,1.8,88.6,0.0,0,0,H,0.3584905660377358,-64.9,-37.6,0.0,22.0,0.0,1.9288117157713405,20,11,9,2,0.029375277582390842,1,0,0,0,0,0,0,0,0,-1,0,0,0,0,0
1qhi,B,335,GLY,-0.4,60.1,0.0,0,0,H,0.21428571428571427,-60.4,-47.3,7.0,13.0,0.35,1.801216884439452,20,11,20,-9,0.03170664881908853,1,0,0,0,0,0,0,0,0,-1,0,0,0,0,0
1qhi,B,336,CYS,2.5,108.5,0.0,1,0,H,0.02962962962962963,-58.8,-44.1,23.0,9.0,0.71875,3.334956388584546,32,18,21,-3,0.048026247475972325,1,0,0,0,0,0,0,0,0,-1,0,0,0,0,0
1qhi,B,337,ARG,-4.5,173.4,1.0,5,0,H,0.25,-57.0,-48.8,12.0,17.0,0.41379310344827586,3.3271393400805014,23,0,8,-8,0.048026247475972325,1,0,0,0,0,0,0,0,0,-1,0,0,0,0,0
1qhi,B,338,ASP,-3.5,111.1,-1.0,1,3,H,0.49693251533742333,-68.5,-35.9,5.0,18.0,0.21739130434782608,1.882563042271675,19,11,1,10,0.03310547156110714,1,0,0,0,0,0,0,0,0,-1,0,0,0,0,0
1qhi,B,339,ALA,1.8,88.6,0.0,0,0,H,0.3018867924528302,-67.3,-38.8,15.0,11.0,0.5769230769230769,1.8448590383669772,24,10,16,-6,0.03776821403450251,1,0,0,0,0,0,0,0,0,-1,0,0,0,0,0
1qhi,B,340,LEU,3.8,166.7,0.0,0,0,H,0.0,-70.0,-39.5,22.0,13.0,0.6285714285714286,4.443699622024469,38,9,12,-3,0.04476232774459557,1,0,0,0,0,0,0,0,0,-1,0,0,0,0,0
1qhi,B,341,LEU,3.8,166.7,0.0,0,0,H,0.4573170731707317,-57.2,-41.4,11.0,14.0,0.44,2.226058492469479,25,10,8,2,0.034970568550465285,1,0,0,0,0,0,0,0,0,-1,0,0,0,0,0
1qhi,B,342,GLN,-3.5,143.8,0.0,2,2,H,0.6767676767676768,-75.2,-30.8,4.0,12.0,0.25,1.825198872275146,15,3,7,-4,0.027510180593032695,1,0,0,0,0,0,0,0,0,14,72,7,0,6,1
1qhi,B,343,LEU,3.8,166.7,0.0,0,0,H,0.20121951219512196,-65.2,-33.1,18.0,7.0,0.72,2.050345294965723,27,4,5,-1,0.035436842797804825,1,0,0,0,0,0,0,0,0,14,72,7,0,6,1
1qhi,B,344,THR,-0.7,116.1,0.0,1,1,G,0.19014084507042253,-62.0,-16.2,17.0,15.0,0.53125,2.250230357914312,28,6,3,3,0.03823448828184205,0,0,0,1,0,0,0,0,0,14,72,7,0,6,1
1qhi,B,345,SER,-0.8,89.0,0.0,1,1,G,0.8153846153846154,-75.0,-41.0,4.0,14.0,0.2222222222222222,1.7865871031642422,17,0,1,-1,0.02331371236697686,0,0,0,1,0,0,0,0,0,14,72,7,0,6,1
1qhi,B,346,GLY,-0.4,60.1,0.0,0,0,G,0.7738095238095238,-90.0,33.9,6.0,11.0,0.35294117647058826,1.709658466055722,18,10,0,10,0.022847438119637322,0,0,0,1,0,0,0,0,0,14,72,7,0,6,1
1qhi,B,347,MET,1.9,162.9,0.0,0,0,-,0.06382978723404255,-106.4,142.9,23.0,7.0,0.7666666666666667,2.553871667999794,29,15,1,14,0.03683566553982344,0,0,0,0,0,0,0,0,0,14,72,7,0,6,1
1qhi,B,348,VAL,4.2,140.0,0.0,0,0,-,0.2676056338028169,-72.9,128.2,14.0,16.0,0.4666666666666667,2.318087115399138,31,22,9,13,0.03916703677652112,0,0,0,0,0,0,0,0,0,-1,0,0,0,0,0
1qhi,B,349,GLN,-3.5,143.8,0.0,2,2,-,0.2474747474747475,-103.9,166.2,15.0,16.0,0.4838709677419355,2.1903064926129243,32,22,9,13,0.045694876239274644,0,0,0,0,0,0,0,0,0,-1,0,0,0,0,0
1qhi,B,350,THR,-0.7,116.1,0.0,1,1,E,0.014084507042253521,-138.5,162.8,17.0,16.0,0.5151515151515151,4.915747660264216,32,27,9,18,0.04989134446533048,0,0,1,0,0,0,0,0,0,-1,0,0,0,0,0
1qhi,B,351,HIS,-3.2,153.2,0.1,2,1,E,0.4076086956521739,-89.2,162.2,8.0,22.0,0.26666666666666666,2.2984718658601984,24,3,7,-4,0.04196468226055834,0,0,1,0,0,0,0,0,0,-1,0,0,0,0,0
1qhi,B,352,VAL,4.2,140.0,0.0,0,0,E,0.028169014084507043,-98.7,149.4,19.0,14.0,0.5757575757575758,3.3577055041400596,29,21,3,18,0.05129016720734909,0,0,1,0,0,0,0,0,0,-1,0,0,0,0,0
1qhi,B,353,THR,-0.7,116.1,0.0,1,1,S,0.5633802816901409,-64.6,-27.3,9.0,14.0,0.391304347826087,1.921178593647767,19,18,0,18,0.03124037457174899,0,0,0,0,0,0,1,0,0,20,59,5,0,2,1
1qhi,B,354,THR,-0.7,116.1,0.0,1,1,S,0.4295774647887324,-140.6,165.9,7.0,13.0,0.35,2.179484081514716,17,15,0,15,0.02797645484037223,0,0,0,0,0,0,1,0,0,20,59,5,0,2,1
1qhi,B,355,PRO,-1.6,112.7,0.0,0,0,T,0.8308823529411765,-68.1,-37.9,0.0,18.0,0.0,1.880989125452984,14,9,0,9,0.027043906345693154,0,0,0,0,0,1,0,0,0,20,59,5,0,2,1
1qhi,B,356,GLY,-0.4,60.1,0.0,0,0,T,0.4166666666666667,-85.7,12.5,0.0,17.0,0.0,1.709704883659993,16,10,3,7,0.02611135785101408,0,0,0,0,0,1,0,0,0,20,59,5,0,2,1
1qhi,B,357,SER,-0.8,89.0,0.0,1,1,H,0.0,-68.0,-45.6,18.0,8.0,0.6923076923076923,2.746486871831854,27,13,5,8,0.03870076252918159,1,0,0,0,0,0,0,0,0,20,59,5,0,2,1
1qhi,B,358,ILE,4.5,166.7,0.0,0,0,H,0.14792899408284024,-53.5,-53.5,14.0,18.0,0.4375,2.511954818785507,31,15,12,3,0.04103213376587927,1,0,0,0,0,0,0,0,0,20,59,5,0,2,1
1qhi,B,359,PRO,-1.6,112.7,0.0,0,0,H,0.5,-61.5,-47.5,3.0,18.0,0.14285714285714285,2.0049988103830803,19,12,8,4,0.02797645484037223,1,0,0,0,0,0,0,0,0,20,59,5,0,2,1
1qhi,B,360,THR,-0.7,116.1,0.0,1,1,H,0.528169014084507,-55.4,-46.9,10.0,10.0,0.5,1.8944066425493145,20,14,8,6,0.03124037457174899,1,0,0,0,0,0,0,0,0,20,59,5,0,2,1
1qhi,B,361,ILE,4.5,166.7,0.0,0,0,H,0.011834319526627219,-65.2,-40.0,24.0,12.0,0.6666666666666666,4.565575417569488,34,22,8,14,0.043829779249916496,1,0,0,0,0,0,0,0,0,-1,0,0,0,0,0
1qhi,B,362,CYS,2.5,108.5,0.0,1,0,H,0.13333333333333333,-56.6,-45.2,8.0,18.0,0.3076923076923077,2.8737124072028557,26,13,13,0,0.03823448828184205,1,0,0,0,0,0,0,0,0,-1,0,0,0,0,0
1qhi,B,363,ASP,-3.5,111.1,-1.0,1,3,H,0.5153374233128835,-67.5,-35.5,6.0,19.0,0.24,1.834131746535305,22,18,0,18,0.03450429430312575,1,0,0,0,0,0,0,0,0,-1,0,0,0,0,0
1qhi,B,364,LEU,3.8,166.7,0.0,0,0,H,0.12195121951219512,-63.4,-47.7,16.0,16.0,0.5,2.4269190813353516,36,22,14,8,0.03870076252918159,1,0,0,0,0,0,0,0,0,33,0,13,0,0,1
1qhi,B,365,ALA,1.8,88.6,0.0,0,0,H,0.02830188679245283,-62.7,-45.8,19.0,20.0,0.48717948717948717,3.5090780317052412,30,21,11,10,0.04709369898129325,1,0,0,0,0,0,0,0,0,23,24,10,0,2,1
1qhi,B,366,ARG,-4.5,173.4,1.0,5,0,H,0.5362903225806451,-67.6,-35.7,7.0,17.0,0.2916666666666667,1.920862520883353,24,10,10,0,0.03916703677652112,1,0,0,0,0,0,0,0,0,23,24,10,0,2,1
1qhi,B,367,THR,-0.7,116.1,0.0,1,1,H,0.1267605633802817,-69.8,-43.4,11.0,13.0,0.4583333333333333,2.5493604564502994,23,21,17,4,0.03823448828184205,1,0,0,0,0,0,0,0,0,33,0,13,0,0,1
1qhi,B,368,PHE,2.8,189.9,0.0,0,0,H,0.015228426395939087,-59.4,-51.4,19.0,16.0,0.5428571428571428,5.85476648769444,38,17,22,-5,0.0526889899493677,1,0,0,0,0,0,0,0,0,33,0,13,0,0,1
1qhi,B,369,ALA,1.8,88.6,0.0,0,0,H,0.2830188679245283,-54.8,-50.4,12.0,16.0,0.42857142857142855,2.217940063802905,27,19,22,-3,0.04429605349725603,1,0,0,0,0,0,0,0,0,23,24,10,0,2,1
1qhi,B,370,ARG,-4.5,173.4,1.0,5,0,H,0.7379032258064516,-60.8,-47.8,7.0,15.0,0.3181818181818182,1.8271516096072817,18,8,14,-6,0.02797645484037223,1,0,0,0,0,0,0,0,0,23,24,10,0,2,1
1qhi,B,371,GLU,-3.5,138.4,-1.0,1,3,H,0.14432989690721648,-76.6,-39.1,15.0,12.0,0.5555555555555556,2.063856300406279,29,15,7,8,0.03823448828184205,1,0,0,0,0,0,0,0,0,33,0,13,0,0,1
1qhi,B,372,MET,1.9,162.9,0.0,0,0,H,0.0,-111.2,-12.0,24.0,8.0,0.75,3.8042819425878576,35,14,24,-10,0.04616115048661418,1,0,0,0,0,0,0,0,0,23,24,10,0,2,1
1qhi,B,373,GLY,-0.4,60.1,0.0,0,0,-,0.34523809523809523,-68.7,137.5,13.0,13.0,0.5,1.8926703584732998,23,12,28,-16,0.03823448828184205,0,0,0,0,0,0,0,0,0,23,24,10,0,2,1
1qhi,B,374,GLU,-3.5,138.4,-1.0,1,3,-,0.654639175257732,-174.9,360.0,12.0,7.0,0.631578947368421,1.7085041944954635,21,19,13,6,0.024246260861655933,0,0,0,0,0,0,0,0,0,18,24,11,0,3,1
1m2q,A,7,SER,-0.8,89.0,0.0,1,1,-,0.36923076923076925,360.0,144.9,15.0,8.0,0.6521739130434783,1.9618523590761356,27,40,23,17,0.02984155182973038,0,0,0,0,0,0,0,0,0,5,420,6,0,25,1
1m2q,A,8,LYS,-3.9,168.6,1.0,2,0,-,0.624390243902439,-147.6,153.2,7.0,16.0,0.30434782608695654,2.0048716272151856,20,18,17,1,0.035436842797804825,0,0,0,0,0,0,0,0,0,-1,0,0,0,0,0
1m2q,A,9,ALA,1.8,88.6,0.0,0,0,-,0.018867924528301886,-56.5,142.0,19.0,11.0,0.6333333333333333,2.7654204692029465,24,37,19,18,0.043363505002576956,0,0,0,0,0,0,0,0,0,1,751,7,0,66,1
1m2q,A,10,ARG,-4.5,173.4,1.0,5,0,S,0.6330645161290323,-80.6,-18.2,10.0,14.0,0.4166666666666667,1.8630415183819584,21,24,19,5,0.026577632098353617,0,0,0,0,0,0,1,0,0,1,751,7,0,66,1
1m2q,A,11,VAL,4.2,140.0,0.0,0,0,S,0.3873239436619718,-138.1,153.2,13.0,13.0,0.5,2.142363642264118,26,32,27,5,0.028909003335051305,0,0,0,0,0,0,1,0,0,1,751,7,0,66,1
1m2q,A,12,TYR,-1.3,193.6,0.0,1,1,S,0.2972972972972973,53.0,31.1,18.0,12.0,0.6,2.1992277837218324,25,19,19,0,0.0363693912924839,0,0,0,0,0,0,1,0,0,1,751,7,0,66,1
1m2q,A,13,ALA,1.8,88.6,0.0,0,0,T,0.16037735849056603,-68.1,-35.1,9.0,19.0,0.32142857142857145,2.056326207333259,25,28,14,14,0.04196468226055834,0,0,0,0,0,1,0,0,0,-1,0,0,0,0,0
1m2q,A,14,ASP,-3.5,111.1,-1.0,1,3,T,0.5214723926380368,-99.1,17.2,1.0,21.0,0.045454545454545456,1.9232364529312962,19,22,0,22,0.032172923066428064,0,0,0,0,0,1,0,0,0,-1,0,0,0,0,0
1m2q,A,15,VAL,4.2,140.0,0.0,0,0,H,0.1056338028169014,-57.6,-51.0,19.0,8.0,0.7037037037037037,2.047734340941041,24,25,8,17,0.045228601991935104,1,0,0,0,0,0,0,0,0,-1,0,0,0,0,0
1m2q,A,16,ASN,-3.5,114.1,0.0,2,2,H,0.01910828025477707,-79.7,-13.3,15.0,10.0,0.6,3.267823102165331,28,29,18,11,0.05408781269138631,1,0,0,0,0,0,0,0,0,22,24,1,0,0,1
1m2q,A,17,VAL,4.2,140.0,0.0,0,0,H,0.6830985915492958,-74.9,-39.6,6.0,14.0,0.3,2.023079035132196,16,21,8,13,0.03170664881908853,1,0,0,0,0,0,0,0,0,-1,0,0,0,0,0
1m2q,A,18,LEU,3.8,166.7,0.0,0,0,H,0.8109756097560976,-81.6,-22.3,6.0,10.0,0.375,1.9974603836010645,13,13,8,5,0.025178809356335007,1,0,0,0,0,0,0,0,0,22,24,1,0,0,1
1m2q,A,19,ARG,-4.5,173.4,1.0,5,0,S,0.31048387096774194,-88.1,154.6,14.0,4.0,0.7777777777777778,1.8807783201012533,24,10,16,-6,0.03450429430312575,0,0,0,0,0,0,1,0,0,22,24,1,0,0,1
1m2q,A,20,PRO,-1.6,112.7,0.0,0,0,-,0.5882352941176471,-55.8,143.6,2.0,10.0,0.16666666666666666,2.094239935545859,15,23,16,7,0.029375277582390842,0,0,0,0,0,0,0,0,0,22,24,1,0,0,1
1m2q,A,21,LYS,-3.9,168.6,1.0,2,0,H,0.5073170731707317,-53.7,-24.8,2.0,14.0,0.125,1.9627196419694606,16,14,21,-7,0.03124037457174899,1,0,0,0,0,0,0,0,0,22,24,1,0,0,1
1m2q,A,22,GLU,-3.5,138.4,-1.0,1,3,H,0.7010309278350515,-69.9,-18.9,2.0,15.0,0.11764705882352941,1.7500025509174817,15,21,10,11,0.032639197313767604,1,0,0,0,0,0,0,0,0,22,24,1,0,0,1
1m2q,A,23,TYR,-1.3,193.6,0.0,1,1,H,0.12612612612612611,-74.2,-43.6,12.0,14.0,0.46153846153846156,2.4992861150598746,28,31,17,14,0.04149840801321881,1,0,0,0,0,0,0,0,0,22,24,1,0,0,1
1m2q,A,24,TRP,-0.9,227.8,0.0,1,0,H,0.29955947136563876,-106.7,-8.0,14.0,17.0,0.45161290322580644,2.424568545756135,26,35,26,9,0.048492521723311866,1,0,0,0,0,0,0,0,0,22,24,1,0,0,1
1m2q,A,25,ASP,-3.5,111.1,-1.0,1,3,-,0.2331288343558282,-85.9,70.2,7.0,18.0,0.28,1.8780062337262184,20,37,19,18,0.04196468226055834,0,0,0,0,0,0,0,0,0,-1,0,0,0,0,0
1m2q,A,26,TYR,-1.3,193.6,0.0,1,1,G,0.0990990990990991,-56.7,-27.6,16.0,11.0,0.5925925925925926,2.230399821866205,26,59,34,25,0.04755997322863279,0,0,0,1,0,0,0,0,0,13,24,11,0,2,1
1m2q,A,27,GLU,-3.5,138.4,-1.0,1,3,G,0.520618556701031,-64.5,-27.8,1.0,20.0,0.047619047619047616,1.7531584522822488,17,47,10,37,0.03357174580844668,0,0,0,1,0,0,0,0,0,-1,0,0,0,0,0
1m2q,A,28,ALA,1.8,88.6,0.0,0,0,G,0.6698113207547169,-83.3,0.1,5.0,12.0,0.29411764705882354,1.7821282730946273,16,29,25,4,0.02471253510899547,0,0,0,1,0,0,0,0,0,-1,0,0,0,0,0
1m2q,A,29,LEU,3.8,166.7,0.0,0,0,-,0.17073170731707318,-68.8,136.4,19.0,4.0,0.8260869565217391,2.136331126379368,25,34,25,9,0.032172923066428064,0,0,0,0,0,0,0,0,0,-1,0,0,0,0,0
1m2q,A,30,THR,-0.7,116.1,0.0,1,1,-,0.8943661971830986,-122.8,115.7,0.0,17.0,0.0,1.864528297691885,14,16,5,11,0.021914889624958248,0,0,0,0,0,0,0,0,0,-1,0,0,0,0,0
1m2q,A,31,VAL,4.2,140.0,0.0,0,0,-,0.14084507042253522,-74.3,144.5,16.0,7.0,0.6956521739130435,1.9461860647637674,22,24,5,19,0.029375277582390842,0,0,0,0,0,0,0,0,0,0,1135,9,0,152,1
1m2q,A,32,GLN,-3.5,143.8,0.0,2,2,-,0.9090909090909091,-97.5,82.5,2.0,12.0,0.14285714285714285,1.7710171010737958,12,0,11,-11,0.024246260861655933,0,0,0,0,0,0,0,0,0,-1,0,0,0,0,0
1m2q,A,33,TRP,-0.9,227.8,0.0,1,0,-,0.5066079295154186,-52.1,119.0,9.0,12.0,0.42857142857142855,2.0786982239222636,21,14,15,-1,0.032639197313767604,0,0,0,0,0,0,0,0,0,0,1135,9,0,152,1
1m2q,A,34,GLY,-0.4,60.1,0.0,0,0,-,0.23809523809523808,-79.9,-169.0,11.0,7.0,0.6111111111111112,1.8743544517378157,17,10,35,-25,0.03590311704514436,0,0,0,0,0,0,0,0,0,0,1135,9,0,152,1
1m2q,A,35,GLU,-3.5,138.4,-1.0,1,3,-,0.6237113402061856,-103.1,131.0,5.0,16.0,0.23809523809523808,2.0670111554244364,14,7,20,-13,0.032639197313767604,0,0,0,0,0,0,0,0,0,-1,0,0,0,0,0
1m2q,A,36,GLN,-3.5,143.8,0.0,2,2,G,0.37373737373737376,-64.0,-32.9,10.0,18.0,0.35714285714285715,1.9000144396117753,21,10,40,-30,0.03963331102386066,0,0,0,1,0,0,0,0,0,-1,0,0,0,0,0
1m2q,A,37,ASP,-3.5,111.1,-1.0,1,3,G,0.6993865030674846,-68.9,-9.0,0.0,19.0,0.0,1.7200030177108852,16,5,26,-21,0.028909003335051305,0,0,0,1,0,0,0,0,0,-1,0,0,0,0,0
1m2q,A,38,ASP,-3.5,111.1,-1.0,1,3,G,0.26380368098159507,-71.5,-18.3,13.0,12.0,0.52,2.0273549661925236,21,2,32,-30,0.03730193978716297,0,0,0,1,0,0,0,0,0,-1,0,0,0,0,0
1m2q,A,39,TYR,-1.3,193.6,0.0,1,1,E,0.14414414414414414,-125.8,135.8,24.0,11.0,0.6857142857142857,2.284207844654917,31,7,44,-37,0.04103213376587927,0,0,1,0,0,0,0,0,0,-1,0,0,0,0,0
1m2q,A,40,GLU,-3.5,138.4,-1.0,1,3,E,0.6288659793814433,-119.2,122.9,8.0,21.0,0.27586206896551724,2.0368077957870323,20,3,19,-16,0.03310547156110714,0,0,1,0,0,0,0,0,0,10,101,4,0,5,1
1m2q,A,41,VAL,4.2,140.0,0.0,0,0,E,0.5070422535211268,-67.6,134.0,13.0,14.0,0.48148148148148145,1.9284557255565418,26,16,24,-8,0.034970568550465285,0,0,1,0,0,0,0,0,0,10,101,4,0,5,1
1m2q,A,42,VAL,4.2,140.0,0.0,0,0,E,0.5070422535211268,-111.9,-21.6,8.0,9.0,0.47058823529411764,1.919732490254415,17,22,18,4,0.02797645484037223,0,0,1,0,0,0,0,0,0,10,101,4,0,5,1
1m2q,A,43,ARG,-4.5,173.4,1.0,5,0,E,0.657258064516129,173.9,157.0,2.0,15.0,0.11764705882352941,2.0419847960195865,16,10,11,-1,0.029375277582390842,0,0,1,0,0,0,0,0,0,10,101,4,0,5,1
1m2q,A,44,LYS,-3.9,168.6,1.0,2,0,E,0.4878048780487805,-80.0,149.3,5.0,12.0,0.29411764705882354,1.903800555521942,16,23,17,6,0.03403802005578621,0,0,1,0,0,0,0,0,0,-1,0,0,0,0,0
1m2q,A,45,VAL,4.2,140.0,0.0,0,0,E,0.6408450704225352,-129.1,-17.2,17.0,7.0,0.7083333333333334,1.8757490639951477,22,29,17,12,0.029375277582390842,0,0,1,0,0,0,0,0,0,18,7,11,0,1,1
1m2q,A,46,GLY,-0.4,60.1,0.0,0,0,E,0.35714285714285715,168.2,-158.2,8.0,13.0,0.38095238095238093,1.8392902513102984,20,38,13,25,0.02797645484037223,0,0,1,0,0,0,0,0,0,-1,0,0,0,0,0
1m2q,A,47,ARG,-4.5,173.4,1.0,5,0,E,0.625,-165.6,139.0,4.0,15.0,0.21052631578947367,1.8895247818251997,15,26,11,15,0.03310547156110714,0,0,1,0,0,0,0,0,0,-1,0,0,0,0,0
1m2q,A,48,GLY,-0.4,60.1,0.0,0,0,-,0.09523809523809523,-87.4,-152.8,19.0,6.0,0.76,1.709634655230763,25,48,22,26,0.032172923066428064,0,0,0,0,0,0,0,0,0,8,37,18,0,8,1
1m2q,A,49,LYS,-3.9,168.6,1.0,2,0,S,0.5073170731707317,-77.6,-42.1,9.0,13.0,0.4090909090909091,1.9131774542454691,24,31,13,18,0.02471253510899547,0,0,0,0,0,0,1,0,0,8,37,18,0,8,1
1m2q,A,50,TYR,-1.3,193.6,0.0,1,1,S,0.6081081081081081,-135.6,52.9,11.0,11.0,0.5,1.8029806169568294,18,44,8,36,0.03730193978716297,0,0,0,0,0,0,1,0,0,8,37,18,0,8,1
1m2q,A,51,SER,-0.8,89.0,0.0,1,1,-,0.046153846153846156,-157.0,143.1,17.0,10.0,0.6296296296296297,2.7111026996786425,26,45,18,27,0.045694876239274644,0,0,0,0,0,0,0,0,0,8,37,18,0,8,1
1m2q,A,52,GLU,-3.5,138.4,-1.0,1,3,E,0.30412371134020616,-109.7,125.6,10.0,18.0,0.35714285714285715,3.0404560578161277,27,44,5,39,0.04476232774459557,0,0,1,0,0,0,0,0,0,18,7,11,0,1,1
1m2q,A,53,VAL,4.2,140.0,0.0,0,0,E,0.2112676056338028,-111.1,133.3,12.0,17.0,0.41379310344827586,2.890374046895144,27,40,19,21,0.04616115048661418,0,0,1,0,0,0,0,0,0,18,7,11,0,1,1
1m2q,A,54,PHE,2.8,189.9,0.0,0,0,E,0.12690355329949238,-133.7,160.8,13.0,17.0,0.43333333333333335,2.978510340928415,26,30,26,4,0.04709369898129325,0,0,1,0,0,0,0,0,0,18,7,11,0,1,1
1m2q,A,55,GLU,-3.5,138.4,-1.0,1,3,E,0.15463917525773196,-98.8,136.5,11.0,19.0,0.36666666666666664,2.3513324500271917,23,27,9,18,0.048492521723311866,0,0,1,0,0,0,0,0,0,18,7,11,0,1,1
1m2q,A,56,GLY,-0.4,60.1,0.0,0,0,E,0.011904761904761904,-137.4,-163.6,19.0,11.0,0.6333333333333333,2.3676721716304527,29,24,32,-8,0.048026247475972325,0,0,1,0,0,0,0,0,0,10,101,4,0,5,1
1m2q,A,57,ILE,4.5,166.7,0.0,0,0,E,0.3431952662721893,-145.5,137.1,5.0,20.0,0.2,2.4656444833048976,24,10,34,-24,0.04429605349725603,0,0,1,0,0,0,0,0,0,10,101,4,0,5,1
1m2q,A,58,ASN,-3.5,114.1,0.0,2,2,E,0.15286624203821655,-74.5,123.3,12.0,14.0,0.46153846153846156,2.249900341829858,23,6,34,-28,0.045228601991935104,0,0,1,0,0,0,0,0,0,-1,0,0,0,0,0
1m2q,A,59,VAL,4.2,140.0,0.0,0,0,T,0.4859154929577465,-66.0,-30.1,7.0,10.0,0.4117647058823529,2.049203040855712,16,1,32,-31,0.0363693912924839,0,0,0,0,0,1,0,0,0,-1,0,0,0,0,0
1m2q,A,60,ASN,-3.5,114.1,0.0,2,2,T,0.7579617834394905,-76.7,-52.7,5.0,9.0,0.35714285714285715,1.8114923811597479,12,0,20,-20,0.025178809356335007,0,0,0,0,0,1,0,0,0,-1,0,0,0,0,0
1m2q,A,61,ASN,-3.5,114.1,0.0,2,2,T,0.6305732484076433,-107.0,7.2,3.0,8.0,0.2727272727272727,1.8519140657234576,11,5,14,-9,0.02331371236697686,0,0,0,0,0,1,0,0,0,-1,0,0,0,0,0
1m2q,A,62,ASN,-3.5,114.1,0.0,2,2,-,0.7515923566878981,63.4,4.3,0.0,13.0,0.0,1.9415186929876775,12,9,14,-5,0.02797645484037223,0,0,0,0,0,0,0,0,0,-1,0,0,0,0,0
1m2q,A,63,GLU,-3.5,138.4,-1.0,1,3,-,0.6134020618556701,-79.4,166.7,8.0,11.0,0.42105263157894735,1.7744293132335032,18,9,11,-2,0.02844272908771177,0,0,0,0,0,0,0,0,0,-1,0,0,0,0,0
1m2q,A,64,LYS,-3.9,168.6,1.0,2,0,E,0.44878048780487806,-79.1,148.6,7.0,18.0,0.28,1.957930968843237,22,0,27,-27,0.03776821403450251,0,0,1,0,0,0,0,0,0,-1,0,0,0,0,0
1m2q,A,65,CYS,2.5,108.5,0.0,1,0,E,0.022222222222222223,-146.9,173.0,21.0,13.0,0.6176470588235294,3.06348783770582,33,15,37,-22,0.04942507021799094,0,0,1,0,0,0,0,0,0,-1,0,0,0,0,0
1m2q,A,66,ILE,4.5,166.7,0.0,0,0,E,0.13609467455621302,-116.1,130.7,18.0,20.0,0.47368421052631576,3.1645738312420684,36,24,24,0,0.048492521723311866,0,0,1,0,0,0,0,0,0,18,7,11,0,1,1
1m2q,A,67,ILE,4.5,166.7,0.0,0,0,E,0.04142011834319527,-112.8,114.5,20.0,21.0,0.4878048780487805,3.2295563159346563,37,22,35,-13,0.04989134446533048,0,0,1,0,0,0,0,0,0,18,7,11,0,1,1
1m2q,A,68,LYS,-3.9,168.6,1.0,2,0,E,0.04878048780487805,-109.9,109.4,23.0,24.0,0.48936170212765956,2.8998776457312605,39,15,27,-12,0.048958795970651406,0,0,1,0,0,0,0,0,0,18,7,11,0,1,1
1m2q,A,69,ILE,4.5,166.7,0.0,0,0,E,0.07100591715976332,-90.7,117.3,18.0,20.0,0.47368421052631576,2.987230554897329,34,41,19,22,0.05035761871267001,0,0,1,0,0,0,0,0,0,18,7,11,0,1,1
1m2q,A,70,LEU,3.8,166.7,0.0,0,0,-,0.012195121951219513,-79.3,76.6,20.0,16.0,0.5555555555555556,2.944339511588263,37,53,25,28,0.048492521723311866,0,0,0,0,0,0,0,0,0,-1,0,0,0,0,0
1m2q,A,71,LYS,-3.9,168.6,1.0,2,0,T,0.2731707317073171,-33.4,161.9,7.0,21.0,0.25,2.1372557171092983,25,36,12,24,0.03916703677652112,0,0,0,0,0,1,0,0,0,8,37,18,0,8,1
1m2q,A,72,PRO,-1.6,112.7,0.0,0,0,T,0.7941176470588235,-41.4,102.1,1.0,21.0,0.045454545454545456,1.9234832517613714,19,38,7,31,0.03124037457174899,0,0,0,0,0,1,0,0,0,-1,0,0,0,0,0
1m2q,A,73,VAL,4.2,140.0,0.0,0,0,-,0.14084507042253522,-102.7,-153.4,20.0,4.0,0.8333333333333334,2.0357507548132605,22,55,7,48,0.03590311704514436,0,0,0,0,0,0,0,0,0,-1,0,0,0,0,0
1m2q,A,74,LYS,-3.9,168.6,1.0,2,0,-,0.5951219512195122,-116.5,141.0,4.0,15.0,0.21052631578947367,2.179002578292271,16,45,3,42,0.02611135785101408,0,0,0,0,0,0,0,0,0,-1,0,0,0,0,0
1m2q,A,75,LYS,-3.9,168.6,1.0,2,0,H,0.6146341463414634,-49.0,-40.5,7.0,16.0,0.30434782608695654,2.0918415151918874,22,47,10,37,0.02797645484037223,1,0,0,0,0,0,0,0,0,-1,0,0,0,0,0
1m2q,A,76,LYS,-3.9,168.6,1.0,2,0,H,0.5756097560975609,-56.1,-42.0,1.0,20.0,0.047619047619047616,2.0114017195763134,16,48,19,29,0.03776821403450251,1,0,0,0,0,0,0,0,0,-1,0,0,0,0,0
1m2q,A,77,LYS,-3.9,168.6,1.0,2,0,H,0.11219512195121951,-68.8,-31.0,10.0,15.0,0.4,2.3686845370965495,28,53,18,35,0.040565859518539735,1,0,0,0,0,0,0,0,0,13,24,11,0,2,1
1m2q,A,78,ILE,4.5,166.7,0.0,0,0,H,0.07692307692307693,-69.3,-44.3,17.0,19.0,0.4722222222222222,3.019932934966487,34,72,11,61,0.04662742473395372,1,0,0,0,0,0,0,0,0,-1,0,0,0,0,0
1m2q,A,79,LYS,-3.9,168.6,1.0,2,0,H,0.2146341463414634,-63.8,-37.6,10.0,23.0,0.30303030303030304,2.9218909491385996,26,48,25,23,0.04755997322863279,1,0,0,0,0,0,0,0,0,-1,0,0,0,0,0
1m2q,A,80,ARG,-4.5,173.4,1.0,5,0,H,0.125,-59.0,-54.3,13.0,18.0,0.41935483870967744,3.1620409005930457,31,55,29,26,0.05408781269138631,1,0,0,0,0,0,0,0,0,13,24,11,0,2,1
1m2q,A,81,GLU,-3.5,138.4,-1.0,1,3,H,0.010309278350515464,-59.7,-41.9,17.0,22.0,0.4358974358974359,4.159889702216779,39,48,10,38,0.053155264196707235,1,0,0,0,0,0,0,0,0,-1,0,0,0,0,0
1m2q,A,82,ILE,4.5,166.7,0.0,0,0,H,0.0,-63.6,-50.1,23.0,22.0,0.5111111111111111,4.3514564738667065,35,37,14,23,0.04429605349725603,1,0,0,0,0,0,0,0,0,-1,0,0,0,0,0
1m2q,A,83,LYS,-3.9,168.6,1.0,2,0,H,0.17073170731707318,-56.4,-41.9,18.0,15.0,0.5454545454545454,3.3343613452742185,33,19,26,-7,0.048026247475972325,1,0,0,0,0,0,0,0,0,-1,0,0,0,0,0
1m2q,A,84,ILE,4.5,166.7,0.0,0,0,H,0.0,-68.0,-43.0,22.0,18.0,0.55,6.1645875038154125,38,35,22,13,0.0526889899493677,1,0,0,0,0,0,0,0,0,-1,0,0,0,0,0
1m2q,A,85,LEU,3.8,166.7,0.0,0,0,H,0.006097560975609756,-63.9,-36.5,20.0,19.0,0.5128205128205128,3.6255132112096287,36,28,17,11,0.05129016720734909,1,0,0,0,0,0,0,0,0,3,253,17,0,43,1
1m2q,A,86,GLN,-3.5,143.8,0.0,2,2,H,0.45454545454545453,-67.0,-41.2,13.0,16.0,0.4482758620689655,1.857071626136399,29,20,11,9,0.034970568550465285,1,0,0,0,0,0,0,0,0,3,253,17,0,43,1
1m2q,A,87,ASN,-3.5,114.1,0.0,2,2,H,0.1910828025477707,-71.0,-24.2,23.0,10.0,0.696969696969697,2.042713449520275,32,19,6,13,0.03730193978716297,1,0,0,0,0,0,0,0,0,3,253,17,0,43,1
1m2q,A,88,LEU,3.8,166.7,0.0,0,0,H,0.0,-99.8,-9.8,29.0,7.0,0.8055555555555556,3.7685343148051524,36,22,4,18,0.04662742473395372,1,0,0,0,0,0,0,0,0,3,253,17,0,43,1
1m2q,A,89,CYS,2.5,108.5,0.0,1,0,T,0.43703703703703706,-56.9,128.2,10.0,17.0,0.37037037037037035,1.9237727595495115,23,11,4,7,0.03403802005578621,0,0,0,0,0,1,0,0,0,3,253,17,0,43,1
1m2q,A,90,GLY,-0.4,60.1,0.0,0,0,T,0.6547619047619048,104.7,-22.0,3.0,16.0,0.15789473684210525,1.8094517724930106,20,15,2,13,0.025645083603674543,0,0,0,0,0,1,0,0,0,3,253,17,0,43,1
1m2q,A,91,GLY,-0.4,60.1,0.0,0,0,S,0.03571428571428571,-61.7,153.2,24.0,3.0,0.8888888888888888,1.8563942769487882,26,23,4,19,0.03450429430312575,0,0,0,0,0,0,1,0,0,3,253,17,0,43,1
1m2q,A,92,PRO,-1.6,112.7,0.0,0,0,T,0.39705882352941174,-63.3,124.9,10.0,13.0,0.43478260869565216,2.2438051811324566,26,24,16,8,0.03310547156110714,0,0,0,0,0,1,0,0,0,-1,0,0,0,0,0
1m2q,A,93,ASN,-3.5,114.1,0.0,2,2,T,0.12738853503184713,61.2,28.1,21.0,11.0,0.65625,2.402394988582947,33,38,10,28,0.04429605349725603,0,0,0,0,0,1,0,0,0,-1,0,0,0,0,0
1m2q,A,94,ILE,4.5,166.7,0.0,0,0,B,0.005917159763313609,-109.2,135.2,19.0,18.0,0.5135135135135135,4.153904507612277,33,29,7,22,0.04942507021799094,0,1,0,0,0,0,0,0,0,3,253,17,0,43,1
1m2q,A,95,VAL,4.2,140.0,0.0,0,0,-,0.04929577464788732,-56.2,143.3,21.0,17.0,0.5526315789473685,2.4904607520584823,32,24,18,6,0.04942507021799094,0,0,0,0,0,0,0,0,0,3,253,17,0,43,1
1m2q,A,96,LYS,-3.9,168.6,1.0,2,0,-,0.2780487804878049,-105.6,121.4,10.0,20.0,0.3333333333333333,2.25049309171952,24,9,10,-1,0.04103213376587927,0,0,0,0,0,0,0,0,0,3,253,17,0,43,1
1m2q,A,97,LEU,3.8,166.7,0.0,0,0,E,0.13414634146341464,-79.3,118.1,17.0,15.0,0.53125,2.1641467499883738,27,16,24,-8,0.04243095650789788,0,0,1,0,0,0,0,0,0,-1,0,0,0,0,0
1m2q,A,98,LEU,3.8,166.7,0.0,0,0,E,0.5304878048780488,-92.8,-41.2,13.0,15.0,0.4642857142857143,2.0005874868339903,23,11,19,-8,0.03357174580844668,0,0,1,0,0,0,0,0,0,-1,0,0,0,0,0
1m2q,A,99,ASP,-3.5,111.1,-1.0,1,3,E,0.25153374233128833,-153.4,169.5,13.0,16.0,0.4482758620689655,1.9254297660645863,26,5,16,-11,0.034970568550465285,0,0,1,0,0,0,0,0,0,-1,0,0,0,0,0
1m2q,A,100,ILE,4.5,166.7,0.0,0,0,E,0.07100591715976332,-140.6,125.5,15.0,21.0,0.4166666666666667,2.223877906504386,31,14,16,-2,0.04709369898129325,0,0,1,0,0,0,0,0,0,0,1135,9,0,152,1
1m2q,A,101,VAL,4.2,140.0,0.0,0,0,E,0.04225352112676056,-135.9,179.5,16.0,14.0,0.5333333333333333,3.4138436013285904,31,16,38,-22,0.04942507021799094,0,0,1,0,0,0,0,0,0,0,1135,9,0,152,1
1m2q,A,102,ARG,-4.5,173.4,1.0,5,0,E,0.31048387096774194,-101.2,143.8,7.0,20.0,0.25925925925925924,2.0405852235008353,24,14,15,-1,0.04429605349725603,0,0,1,0,0,0,0,0,0,24,24,1,0,0,1
1m2q,A,103,ASP,-3.5,111.1,-1.0,1,3,-,0.15950920245398773,-98.4,116.1,16.0,12.0,0.5714285714285714,1.7639655774072445,26,37,7,30,0.04149840801321881,0,0,0,0,0,0,0,0,0,-1,0,0,0,0,0
1m2q,A,104,GLN,-3.5,143.8,0.0,2,2,S,0.8282828282828283,-41.5,-60.4,6.0,11.0,0.35294117647058826,1.781472761145258,14,23,15,8,0.025645083603674543,0,0,0,0,0,0,1,0,0,-1,0,0,0,0,0
1m2q,A,105,HIS,-3.2,153.2,0.1,2,1,S,0.8858695652173914,-79.7,78.8,2.0,11.0,0.15384615384615385,1.7701174651180671,9,8,11,-3,0.02098234113027917,0,0,0,0,0,0,1,0,0,-1,0,0,0,0,0
1m2q,A,106,SER,-0.8,89.0,0.0,1,1,S,0.5692307692307692,129.9,172.6,10.0,3.0,0.7692307692307693,1.7396003636022337,14,36,9,27,0.025178809356335007,0,0,0,0,0,0,1,0,0,-1,0,0,0,0,0
1m2q,A,107,LYS,-3.9,168.6,1.0,2,0,S,0.8585365853658536,-122.7,78.2,2.0,15.0,0.11764705882352941,1.9186719160188863,17,25,8,17,0.027043906345693154,0,0,0,0,0,0,1,0,0,24,24,1,0,0,1
1m2q,A,108,THR,-0.7,116.1,0.0,1,1,-,0.028169014084507043,-135.1,135.6,15.0,12.0,0.5555555555555556,2.5038304628089016,26,43,14,29,0.04429605349725603,0,0,0,0,0,0,0,0,0,-1,0,0,0,0,0
1m2q,A,109,PRO,-1.6,112.7,0.0,0,0,E,0.0661764705882353,-71.0,162.6,18.0,19.0,0.4864864864864865,3.2162903569929377,33,52,14,38,0.04755997322863279,0,0,1,0,0,0,0,0,0,0,1135,9,0,152,1
1m2q,A,110,SER,-0.8,89.0,0.0,1,1,E,0.03076923076923077,-140.6,112.8,21.0,22.0,0.4883720930232558,3.13508252024443,36,29,28,1,0.04989134446533048,0,0,1,0,0,0,0,0,0,-1,0,0,0,0,0
1m2q,A,111,LEU,3.8,166.7,0.0,0,0,E,0.0,-83.4,129.4,22.0,23.0,0.4888888888888889,4.925539393819112,38,17,25,-8,0.05035761871267001,0,0,1,0,0,0,0,0,0,18,7,11,0,1,1
1m2q,A,112,ILE,4.5,166.7,0.0,0,0,E,0.005917159763313609,-103.3,121.4,19.0,21.0,0.475,3.8521377076890135,35,15,26,-11,0.05222271570202816,0,0,1,0,0,0,0,0,0,-1,0,0,0,0,0
1m2q,A,113,PHE,2.8,189.9,0.0,0,0,E,0.06598984771573604,-114.8,162.6,20.0,17.0,0.5405405405405406,2.603817692059837,35,20,26,-6,0.04662742473395372,0,0,1,0,0,0,0,0,0,18,7,11,0,1,1
1m2q,A,114,GLU,-3.5,138.4,-1.0,1,3,E,0.4639175257731959,-70.5,147.9,8.0,21.0,0.27586206896551724,2.048693903952944,24,26,11,15,0.03823448828184205,0,0,1,0,0,0,0,0,0,-1,0,0,0,0,0
1m2q,A,115,TYR,-1.3,193.6,0.0,1,1,-,0.3153153153153153,-65.7,139.4,11.0,18.0,0.3793103448275862,2.0223194972619587,27,18,29,-11,0.03776821403450251,0,0,0,0,0,0,0,0,0,4,263,11,0,32,1
1m2q,A,116,VAL,4.2,140.0,0.0,0,0,-,0.14788732394366197,-131.0,122.6,22.0,12.0,0.6470588235294118,2.0723689985144502,28,32,22,10,0.03870076252918159,0,0,0,0,0,0,0,0,0,4,263,11,0,32,1
1m2q,A,117,ASN,-3.5,114.1,0.0,2,2,-,0.46496815286624205,-89.7,135.1,7.0,18.0,0.28,1.8582691489208463,21,25,22,3,0.03124037457174899,0,0,0,0,0,0,0,0,0,4,263,11,0,32,1
1m2q,A,118,ASN,-3.5,114.1,0.0,2,2,-,0.40764331210191085,-132.1,157.7,17.0,12.0,0.5862068965517241,1.790345069594749,24,21,17,4,0.03170664881908853,0,0,0,0,0,0,0,0,0,4,263,11,0,32,1
1m2q,A,119,THR,-0.7,116.1,0.0,1,1,-,0.3732394366197183,-126.9,112.0,13.0,13.0,0.5,2.0918022266413607,23,17,19,-2,0.034970568550465285,0,0,0,0,0,0,0,0,0,4,263,11,0,32,1
1m2q,A,120,ASP,-3.5,111.1,-1.0,1,3,-,0.39263803680981596,-35.8,123.3,4.0,16.0,0.2,1.8747697020431617,17,19,3,16,0.03124037457174899,0,0,0,0,0,0,0,0,0,-1,0,0,0,0,0
1m2q,A,121,PHE,2.8,189.9,0.0,0,0,H,0.07106598984771574,-60.3,-27.2,13.0,12.0,0.52,1.985004499417271,23,25,17,8,0.04149840801321881,1,0,0,0,0,0,0,0,0,-1,0,0,0,0,0
1m2q,A,122,LYS,-3.9,168.6,1.0,2,0,H,0.5902439024390244,-62.2,-27.2,1.0,19.0,0.05,1.9901094443482117,12,8,17,-9,0.030307826077069916,1,0,0,0,0,0,0,0,0,-1,0,0,0,0,0
1m2q,A,123,VAL,4.2,140.0,0.0,0,0,H,0.6901408450704225,-104.1,-32.1,4.0,9.0,0.3076923076923077,1.9830052286054973,13,14,10,4,0.02984155182973038,1,0,0,0,0,0,0,0,0,-1,0,0,0,0,0
1m2q,A,124,LEU,3.8,166.7,0.0,0,0,H,0.036585365853658534,-71.1,-54.6,16.0,8.0,0.6666666666666666,2.646525451533271,25,19,21,-2,0.03963331102386066,1,0,0,0,0,0,0,0,0,-1,0,0,0,0,0
1m2q,A,125,TYR,-1.3,193.6,0.0,1,1,G,0.15315315315315314,-49.5,-43.4,18.0,15.0,0.5454545454545454,2.5457957786721956,31,31,21,10,0.040099585271200194,0,0,0,1,0,0,0,0,0,2,475,8,0,52,1
1m2q,A,126,PRO,-1.6,112.7,0.0,0,0,G,0.45588235294117646,-60.9,-19.1,6.0,18.0,0.25,1.8629483249727161,21,26,11,15,0.028909003335051305,0,0,0,1,0,0,0,0,0,2,475,8,0,52,1
1m2q,A,127,THR,-0.7,116.1,0.0,1,1,G,0.6126760563380281,-99.0,-10.4,7.0,14.0,0.3333333333333333,1.8519060660150728,20,22,9,13,0.02797645484037223,0,0,0,1,0,0,0,0,0,2,475,8,0,52,1
1m2q,A,128,LEU,3.8,166.7,0.0,0,0,-,0.018292682926829267,-67.5,137.0,21.0,5.0,0.8076923076923077,2.3980016945260147,26,31,16,15,0.040565859518539735,0,0,0,0,0,0,0,0,0,2,475,8,0,52,1
1m2q,A,129,THR,-0.7,116.1,0.0,1,1,-,0.528169014084507,-86.1,168.6,4.0,17.0,0.19047619047619047,2.240394353770083,19,31,16,15,0.03403802005578621,0,0,0,0,0,0,0,0,0,2,475,8,0,52,1
1m2q,A,130,ASP,-3.5,111.1,-1.0,1,3,H,0.2883435582822086,-50.6,-43.1,10.0,19.0,0.3448275862068966,2.0442251311923187,26,22,10,12,0.0363693912924839,1,0,0,0,0,0,0,0,0,2,475,8,0,52,1
1m2q,A,131,TYR,-1.3,193.6,0.0,1,1,H,0.2882882882882883,-69.7,-40.8,3.0,20.0,0.13043478260869565,2.118520569845406,20,20,16,4,0.03823448828184205,1,0,0,0,0,0,0,0,0,23,20,2,0,0,1
1m2q,A,132,ASP,-3.5,111.1,-1.0,1,3,H,0.09202453987730061,-56.7,-41.5,15.0,12.0,0.5555555555555556,2.8315467067993083,23,30,9,21,0.045228601991935104,1,0,0,0,0,0,0,0,0,14,22,8,0,2,1
1m2q,A,133,ILE,4.5,166.7,0.0,0,0,H,0.01775147928994083,-63.4,-42.9,19.0,17.0,0.5277777777777778,4.091217971146985,36,23,17,6,0.04989134446533048,1,0,0,0,0,0,0,0,0,2,475,8,0,52,1
1m2q,A,134,ARG,-4.5,173.4,1.0,5,0,H,0.14112903225806453,-60.2,-47.8,17.0,17.0,0.5,3.4964660568355224,31,10,25,-15,0.0526889899493677,1,0,0,0,0,0,0,0,0,23,20,2,0,0,1
1m2q,A,135,TYR,-1.3,193.6,0.0,1,1,H,0.21171171171171171,-57.8,-54.6,12.0,17.0,0.41379310344827586,3.0144538808552155,29,36,27,9,0.05035761871267001,1,0,0,0,0,0,0,0,0,14,22,8,0,2,1
1m2q,A,136,TYR,-1.3,193.6,0.0,1,1,H,0.013513513513513514,-66.5,-35.2,24.0,13.0,0.6486486486486487,5.28316321519395,32,36,25,11,0.048492521723311866,1,0,0,0,0,0,0,0,0,14,22,8,0,2,1
1m2q,A,137,ILE,4.5,166.7,0.0,0,0,H,0.023668639053254437,-67.1,-37.7,25.0,21.0,0.5434782608695652,7.551724535461891,37,14,15,-1,0.048026247475972325,1,0,0,0,0,0,0,0,0,-1,0,0,0,0,0
1m2q,A,138,TYR,-1.3,193.6,0.0,1,1,H,0.09009009009009009,-62.7,-42.0,16.0,21.0,0.43243243243243246,3.9389916928888167,34,32,21,11,0.053155264196707235,1,0,0,0,0,0,0,0,0,7,159,7,0,10,1
1m2q,A,139,GLU,-3.5,138.4,-1.0,1,3,H,0.07731958762886598,-63.0,-42.6,15.0,19.0,0.4411764705882353,3.1756334717518593,27,37,7,30,0.05035761871267001,1,0,0,0,0,0,0,0,0,-1,0,0,0,0,0
1m2q,A,140,LEU,3.8,166.7,0.0,0,0,H,0.012195121951219513,-64.6,-38.2,23.0,20.0,0.5348837209302325,7.138345257448,46,29,19,10,0.05035761871267001,1,0,0,0,0,0,0,0,0,-1,0,0,0,0,0
1m2q,A,141,LEU,3.8,166.7,0.0,0,0,H,0.0,-62.1,-35.0,18.0,22.0,0.45,5.19997967021767,39,19,25,-6,0.04942507021799094,1,0,0,0,0,0,0,0,0,-1,0,0,0,0,0
1m2q,A,142,LYS,-3.9,168.6,1.0,2,0,H,0.21951219512195122,-60.9,-40.1,11.0,18.0,0.3793103448275862,2.0763883447052263,28,3,22,-19,0.048492521723311866,1,0,0,0,0,0,0,0,0,-1,0,0,0,0,0
1m2q,A,143,ALA,1.8,88.6,0.0,0,0,H,0.0,-67.6,-42.1,18.0,19.0,0.4864864864864865,4.366612171960786,37,33,20,13,0.04989134446533048,1,0,0,0,0,0,0,0,0,-1,0,0,0,0,0
1m2q,A,144,LEU,3.8,166.7,0.0,0,0,H,0.0,-70.0,-46.0,23.0,21.0,0.5227272727272727,6.020855932691,43,29,21,8,0.048026247475972325,1,0,0,0,0,0,0,0,0,-1,0,0,0,0,0
1m2q,A,145,ASP,-3.5,111.1,-1.0,1,3,H,0.17177914110429449,-60.8,-33.4,14.0,22.0,0.3888888888888889,2.2712880821868793,30,17,8,9,0.04662742473395372,1,0,0,0,0,0,0,0,0,-1,0,0,0,0,0
1m2q,A,146,TYR,-1.3,193.6,0.0,1,1,H,0.2702702702702703,-67.7,-53.5,14.0,17.0,0.45161290322580644,2.3356195571157854,30,20,9,11,0.045228601991935104,1,0,0,0,0,0,0,0,0,3,253,17,0,43,1
1m2q,A,147,CYS,2.5,108.5,0.0,1,0,H,0.0,-64.0,-32.5,24.0,15.0,0.6153846153846154,5.868521131752957,40,29,17,12,0.05455408693872585,1,0,0,0,0,0,0,0,0,-1,0,0,0,0,0
1m2q,A,148,HIS,-3.2,153.2,0.1,2,1,H,0.03260869565217391,-68.1,-41.7,20.0,20.0,0.5,5.643720387030431,40,12,26,-14,0.05175644145468863,1,0,0,0,0,0,0,0,0,-1,0,0,0,0,0
1m2q,A,149,SER,-0.8,89.0,0.0,1,1,H,0.16153846153846155,-63.4,-19.8,11.0,20.0,0.3548387096774194,2.2169791318335155,29,18,12,6,0.04429605349725603,1,0,0,0,0,0,0,0,0,-1,0,0,0,0,0
1m2q,A,150,GLN,-3.5,143.8,0.0,2,2,T,0.15656565656565657,-99.6,14.2,18.0,17.0,0.5142857142857142,2.8895885795015146,31,19,11,8,0.05035761871267001,0,0,0,0,0,1,0,0,0,-1,0,0,0,0,0
1m2q,A,151,GLY,-0.4,60.1,0.0,0,0,T,0.0,74.0,27.8,13.0,20.0,0.3939393939393939,5.485534329827076,36,31,20,11,0.05781800667010261,0,0,0,0,0,1,0,0,0,-1,0,0,0,0,0
1m2q,A,152,ILE,4.5,166.7,0.0,0,0,E,0.0,-128.8,139.4,19.0,22.0,0.4634146341463415,7.19667367437445,38,42,21,21,0.05502036118606539,0,0,1,0,0,0,0,0,0,-1,0,0,0,0,0
1m2q,A,153,MET,1.9,162.9,0.0,0,0,E,0.0,-107.0,135.8,20.0,22.0,0.47619047619047616,7.156214011480673,35,43,29,14,0.05502036118606539,0,0,1,0,0,0,0,0,0,-1,0,0,0,0,0
1m2q,A,154,HIS,-3.2,153.2,0.1,2,1,-,0.0,-75.2,-45.5,25.0,21.0,0.5434782608695652,4.890355280831275,40,27,32,-5,0.05175644145468863,0,0,0,0,0,0,0,0,0,-1,0,0,0,0,0
1m2q,A,155,ARG,-4.5,173.4,1.0,5,0,-,0.028225806451612902,66.0,11.3,17.0,25.0,0.40476190476190477,4.089576351444575,39,27,32,-5,0.048958795970651406,0,0,0,0,0,0,0,0,0,13,24,11,0,2,1
1m2q,A,156,ASP,-3.5,111.1,-1.0,1,3,-,0.024539877300613498,-151.0,42.1,15.0,24.0,0.38461538461538464,2.7617847349578315,34,56,17,39,0.05035761871267001,0,0,0,0,0,0,0,0,0,-1,0,0,0,0,0
1m2q,A,157,VAL,4.2,140.0,0.0,0,0,-,0.0,-72.5,126.6,22.0,21.0,0.5116279069767442,6.6051798718887165,38,38,21,17,0.0526889899493677,0,0,0,0,0,0,0,0,0,-1,0,0,0,0,0
1m2q,A,158,LYS,-3.9,168.6,1.0,2,0,S,0.06829268292682927,-171.7,159.9,13.0,24.0,0.35135135135135137,3.575804539532118,31,30,19,11,0.04709369898129325,0,0,0,0,0,0,1,0,0,-1,0,0,0,0,0
1m2q,A,159,PRO,-1.6,112.7,0.0,0,0,G,0.07352941176470588,-48.2,-39.2,16.0,23.0,0.41025641025641024,2.5372878770330796,35,30,20,10,0.040565859518539735,0,0,0,1,0,0,0,0,0,-1,0,0,0,0,0
1m2q,A,160,HIS,-3.2,153.2,0.1,2,1,G,0.483695652173913,-61.6,-26.4,12.0,18.0,0.4,1.9447288900212019,25,22,24,-2,0.03450429430312575,0,0,0,1,0,0,0,0,0,-1,0,0,0,0,0
1m2q,A,161,ASN,-3.5,114.1,0.0,2,2,G,0.044585987261146494,-102.7,14.5,19.0,17.0,0.5277777777777778,2.775280180661764,34,43,16,27,0.04662742473395372,0,0,0,1,0,0,0,0,0,-1,0,0,0,0,0
1m2q,A,162,VAL,4.2,140.0,0.0,0,0,E,0.04225352112676056,-123.8,95.6,18.0,20.0,0.47368421052631576,2.917613942853048,37,32,14,18,0.04709369898129325,0,0,1,0,0,0,0,0,0,-1,0,0,0,0,0
1m2q,A,163,MET,1.9,162.9,0.0,0,0,E,0.1595744680851064,-87.5,128.3,10.0,24.0,0.29411764705882354,2.053781646924266,32,27,17,10,0.045694876239274644,0,0,1,0,0,0,0,0,0,4,263,11,0,32,1
1m2q,A,164,ILE,4.5,166.7,0.0,0,0,E,0.01775147928994083,-122.2,131.6,20.0,16.0,0.5555555555555556,3.178808513226889,33,42,24,18,0.04755997322863279,0,0,1,0,0,0,0,0,0,4,263,11,0,32,1
1m2q,A,165,ASP,-3.5,111.1,-1.0,1,3,E,0.1165644171779141,-102.0,95.5,10.0,12.0,0.45454545454545453,2.073209014257716,19,38,10,28,0.045228601991935104,0,0,1,0,0,0,0,0,0,25,2,11,0,0,1
1m2q,A,166,HIS,-3.2,153.2,0.1,2,1,T,0.29347826086956524,-62.2,-30.1,11.0,15.0,0.4230769230769231,1.7912336269502673,22,16,27,-11,0.03963331102386066,0,0,0,0,0,1,0,0,0,14,22,8,0,2,1
1m2q,A,167,GLU,-3.5,138.4,-1.0,1,3,T,0.7938144329896907,-65.3,-49.7,3.0,10.0,0.23076923076923078,1.7550798883830687,10,28,8,20,0.025178809356335007,0,0,0,0,0,1,0,0,0,-1,0,0,0,0,0
1m2q,A,168,LEU,3.8,166.7,0.0,0,0,T,0.6158536585365854,-92.6,3.0,10.0,4.0,0.7142857142857143,1.970782224579817,13,31,17,14,0.026577632098353617,0,0,0,0,0,1,0,0,0,25,2,11,0,0,1
1m2q,A,169,ARG,-4.5,173.4,1.0,5,0,T,0.3024193548387097,49.2,52.7,7.0,15.0,0.3181818181818182,1.9481336436865895,19,19,31,-12,0.03870076252918159,0,0,0,0,0,1,0,0,0,14,22,8,0,2,1
1m2q,A,170,LYS,-3.9,168.6,1.0,2,0,E,0.44390243902439025,-121.4,138.9,10.0,16.0,0.38461538461538464,1.9353210979381923,23,27,21,6,0.04289723075523742,0,0,1,0,0,0,0,0,0,25,2,11,0,0,1
1m2q,A,171,LEU,3.8,166.7,0.0,0,0,E,0.012195121951219513,-125.0,140.2,17.0,17.0,0.5,3.1700553228264527,35,36,17,19,0.048026247475972325,0,0,1,0,0,0,0,0,0,25,2,11,0,0,1
1m2q,A,172,ARG,-4.5,173.4,1.0,5,0,E,0.18951612903225806,-133.4,131.9,17.0,24.0,0.4146341463414634,2.3982617157341335,29,22,23,-1,0.04942507021799094,0,0,1,0,0,0,0,0,0,25,2,11,0,0,1
1m2q,A,173,LEU,3.8,166.7,0.0,0,0,E,0.0,-89.2,118.6,27.0,16.0,0.627906976744186,5.9922614864948756,39,36,20,16,0.05502036118606539,0,0,1,0,0,0,0,0,0,-1,0,0,0,0,0
1m2q,A,174,ILE,4.5,166.7,0.0,0,0,-,0.17751479289940827,-110.8,-176.6,18.0,24.0,0.42857142857142855,2.6412398693796684,35,38,20,18,0.04709369898129325,0,0,0,0,0,0,0,0,0,-1,0,0,0,0,0
1m2q,A,175,ASP,-3.5,111.1,-1.0,1,3,-,0.17177914110429449,45.3,81.6,20.0,20.0,0.5,1.7379762005385677,33,48,17,31,0.04196468226055834,0,0,0,0,0,0,0,0,0,-1,0,0,0,0,0
1m2q,A,176,TRP,-0.9,227.8,0.0,1,0,-,0.004405286343612335,-93.8,26.8,26.0,19.0,0.5777777777777777,4.562159400037731,39,35,32,3,0.04989134446533048,0,0,0,0,0,0,0,0,0,-1,0,0,0,0,0
1m2q,A,177,GLY,-0.4,60.1,0.0,0,0,T,0.03571428571428571,-68.8,-21.2,16.0,21.0,0.43243243243243246,2.0867914469941073,34,64,34,30,0.04289723075523742,0,0,0,0,0,1,0,0,0,13,24,11,0,2,1
1m2q,A,178,LEU,3.8,166.7,0.0,0,0,T,0.27439024390243905,-109.2,-0.4,17.0,20.0,0.4594594594594595,2.339035913611816,34,58,35,23,0.04476232774459557,0,0,0,0,0,1,0,0,0,13,24,11,0,2,1
1m2q,A,179,ALA,1.8,88.6,0.0,0,0,-,0.0,-65.2,154.0,24.0,15.0,0.6153846153846154,4.826157441787644,37,50,37,13,0.05222271570202816,0,0,0,0,0,0,0,0,0,13,24,11,0,2,1
1m2q,A,180,GLU,-3.5,138.4,-1.0,1,3,E,0.05154639175257732,-148.1,163.2,18.0,25.0,0.4186046511627907,3.1487696703399646,34,55,10,45,0.048492521723311866,0,0,1,0,0,0,0,0,0,13,24,11,0,2,1
1m2q,A,181,PHE,2.8,189.9,0.0,0,0,E,0.0,-85.2,135.0,17.0,24.0,0.4146341463414634,2.8666715463477628,38,51,23,28,0.05035761871267001,0,0,1,0,0,0,0,0,0,-1,0,0,0,0,0
1m2q,A,182,TYR,-1.3,193.6,0.0,1,1,-,0.018018018018018018,-90.1,129.5,23.0,13.0,0.6388888888888888,5.144926439344263,34,41,32,9,0.05408781269138631,0,0,0,0,0,0,0,0,0,-1,0,0,0,0,0
1m2q,A,183,HIS,-3.2,153.2,0.1,2,1,-,0.21195652173913043,-131.1,124.6,9.0,23.0,0.28125,2.1967511364483028,27,9,21,-12,0.040099585271200194,0,0,0,0,0,0,0,0,0,-1,0,0,0,0,0
1m2q,A,184,PRO,-1.6,112.7,0.0,0,0,T,0.4411764705882353,-47.6,122.7,9.0,17.0,0.34615384615384615,1.9583217759158138,25,29,21,8,0.032639197313767604,0,0,0,0,0,1,0,0,0,-1,0,0,0,0,0
1m2q,A,185,GLY,-0.4,60.1,0.0,0,0,T,0.5833333333333334,84.6,-9.8,3.0,14.0,0.17647058823529413,1.7095396678849828,18,27,22,5,0.02984155182973038,0,0,0,0,0,1,0,0,0,5,420,6,0,25,1
1m2q,A,186,LYS,-3.9,168.6,1.0,2,0,P,0.4,-68.6,142.5,9.0,9.0,0.5,2.1661430143754554,18,12,28,-16,0.03450429430312575,0,0,0,0,0,0,0,0,0,5,420,6,0,25,1
1m2q,A,187,GLU,-3.5,138.4,-1.0,1,3,P,0.7010309278350515,-99.8,120.8,3.0,17.0,0.15,1.7838038361686996,15,13,11,2,0.03310547156110714,0,0,0,0,0,0,0,0,0,5,420,6,0,25,1
1m2q,A,188,TYR,-1.3,193.6,0.0,1,1,P,0.03153153153153153,-103.3,170.2,19.0,7.0,0.7307692307692307,2.747128791748253,27,31,33,-2,0.040565859518539735,0,0,0,0,0,0,0,0,0,5,420,6,0,25,1
1m2q,A,189,ASN,-3.5,114.1,0.0,2,2,P,0.5987261146496815,-70.2,141.0,7.0,13.0,0.35,2.0490482079488515,22,30,22,8,0.030307826077069916,0,0,0,0,0,0,0,0,0,-1,0,0,0,0,0
1m2q,A,190,VAL,4.2,140.0,0.0,0,0,S,0.176056338028169,-95.7,-3.2,13.0,13.0,0.5,2.1120821523569537,21,26,24,2,0.04196468226055834,0,0,0,0,0,0,1,0,0,-1,0,0,0,0,0
1m2q,A,191,ARG,-4.5,173.4,1.0,5,0,-,0.8225806451612904,-91.2,59.6,0.0,21.0,0.0,1.8494243520020035,17,8,3,5,0.027510180593032695,0,0,0,0,0,0,0,0,0,30,0,14,0,0,1
1m2q,A,192,VAL,4.2,140.0,0.0,0,0,-,0.028169014084507043,-124.7,172.5,22.0,10.0,0.6875,2.4956194327984997,29,43,15,28,0.03963331102386066,0,0,0,0,0,0,0,0,0,-1,0,0,0,0,0
1m2q,A,193,ALA,1.8,88.6,0.0,0,0,S,0.12264150943396226,64.7,174.1,23.0,15.0,0.6052631578947368,2.3854572406225136,30,54,13,41,0.045228601991935104,0,0,0,0,0,0,1,0,0,-1,0,0,0,0,0
1m2q,A,194,SER,-0.8,89.0,0.0,1,1,-,0.16923076923076924,-101.0,144.3,16.0,19.0,0.45714285714285713,2.198151489989534,31,54,8,46,0.03963331102386066,0,0,0,0,0,0,0,0,0,-1,0,0,0,0,0
1m2q,A,195,ARG,-4.5,173.4,1.0,5,0,G,0.3548387096774194,-35.3,-54.8,12.0,20.0,0.375,2.214175736134018,23,28,15,13,0.03963331102386066,0,0,0,1,0,0,0,0,0,17,24,7,0,1,1
1m2q,A,196,TYR,-1.3,193.6,0.0,1,1,G,0.2882882882882883,-64.5,-18.7,15.0,25.0,0.375,2.5578161409209055,31,48,16,32,0.045228601991935104,0,0,0,1,0,0,0,0,0,17,24,7,0,1,1
1m2q,A,197,PHE,2.8,189.9,0.0,0,0,G,0.050761421319796954,-111.4,8.7,22.0,22.0,0.5,3.8085535897361193,39,38,17,21,0.05175644145468863,0,0,0,1,0,0,0,0,0,-1,0,0,0,0,0
1m2q,A,198,LYS,-3.9,168.6,1.0,2,0,-,0.07317073170731707,-70.7,130.8,22.0,23.0,0.4888888888888889,3.767813144828474,36,25,21,4,0.05175644145468863,0,0,0,0,0,0,0,0,0,-1,0,0,0,0,0
1m2q,A,199,GLY,-0.4,60.1,0.0,0,0,-,0.0,-78.6,158.4,27.0,20.0,0.574468085106383,5.3362857643041295,42,34,20,14,0.048026247475972325,0,0,0,0,0,0,0,0,0,-1,0,0,0,0,0
1m2q,A,200,PRO,-1.6,112.7,0.0,0,0,H,0.0,-49.1,-35.9,20.0,27.0,0.425531914893617,6.196814926676824,42,29,20,9,0.048492521723311866,1,0,0,0,0,0,0,0,0,-1,0,0,0,0,0
1m2q,A,201,GLU,-3.5,138.4,-1.0,1,3,H,0.0,-59.8,-38.2,23.0,18.0,0.5609756097560976,6.488340547807403,39,26,31,-5,0.048492521723311866,1,0,0,0,0,0,0,0,0,-1,0,0,0,0,0
1m2q,A,202,LEU,3.8,166.7,0.0,0,0,H,0.042682926829268296,-72.2,-33.1,20.0,16.0,0.5555555555555556,2.8007436111901125,34,36,22,14,0.048958795970651406,1,0,0,0,0,0,0,0,0,-1,0,0,0,0,0
1m2q,A,203,LEU,3.8,166.7,0.0,0,0,H,0.08536585365853659,-79.4,-20.1,25.0,16.0,0.6097560975609756,2.2106247151393017,40,31,26,5,0.04662742473395372,1,0,0,0,0,0,0,0,0,-1,0,0,0,0,0
1m2q,A,204,VAL,4.2,140.0,0.0,0,0,T,0.06338028169014084,-110.4,8.6,22.0,14.0,0.6111111111111112,2.537846503133476,31,14,32,-18,0.040099585271200194,0,0,0,0,0,1,0,0,0,-1,0,0,0,0,0
1m2q,A,205,ASP,-3.5,111.1,-1.0,1,3,T,0.6687116564417178,69.4,26.9,7.0,21.0,0.25,1.84744486518169,26,7,22,-15,0.03170664881908853,0,0,0,0,0,1,0,0,0,-1,0,0,0,0,0
1m2q,A,206,LEU,3.8,166.7,0.0,0,0,-,0.024390243902439025,-81.2,99.6,22.0,10.0,0.6875,2.3336617852953117,33,20,42,-22,0.04196468226055834,0,0,0,0,0,0,0,0,0,5,420,6,0,25,1
1m2q,A,207,GLN,-3.5,143.8,0.0,2,2,-,0.35353535353535354,-81.6,-22.7,6.0,20.0,0.23076923076923078,2.0820068430048284,21,11,33,-22,0.04196468226055834,0,0,0,0,0,0,0,0,0,5,420,6,0,25,1
1m2q,A,208,ASP,-3.5,111.1,-1.0,1,3,S,0.2822085889570552,-88.1,63.7,9.0,17.0,0.34615384615384615,2.2470095177046256,28,22,30,-8,0.043829779249916496,0,0,0,0,0,0,1,0,0,5,420,6,0,25,1
1m2q,A,209,TYR,-1.3,193.6,0.0,1,1,-,0.0,-92.3,175.9,25.0,16.0,0.6097560975609756,5.597615827298468,37,39,50,-11,0.053155264196707235,0,0,0,0,0,0,0,0,0,5,420,6,0,25,1
1m2q,A,210,ASP,-3.5,111.1,-1.0,1,3,-,0.049079754601226995,-145.6,-159.6,19.0,24.0,0.4418604651162791,7.317458045489292,42,54,26,28,0.05175644145468863,0,0,0,0,0,0,0,0,0,-1,0,0,0,0,0
1m2q,A,211,TYR,-1.3,193.6,0.0,1,1,T,0.02702702702702703,-49.2,-34.8,24.0,24.0,0.5,7.132018308863174,39,36,32,4,0.04709369898129325,0,0,0,0,0,1,0,0,0,-1,0,0,0,0,0
1m2q,A,212,SER,-0.8,89.0,0.0,1,1,H,0.1,-53.9,-18.3,25.0,23.0,0.5208333333333334,7.928187251444169,44,49,38,11,0.05129016720734909,1,0,0,0,0,0,0,0,0,-1,0,0,0,0,0
1m2q,A,213,LEU,3.8,166.7,0.0,0,0,H,0.0,-61.7,-41.9,25.0,26.0,0.49019607843137253,8.987687717170166,46,47,33,14,0.05502036118606539,1,0,0,0,0,0,0,0,0,-1,0,0,0,0,0
1m2q,A,214,ASP,-3.5,111.1,-1.0,1,3,H,0.0,-63.6,-31.3,20.0,25.0,0.4444444444444444,9.787998522649993,43,39,20,19,0.04755997322863279,1,0,0,0,0,0,0,0,0,-1,0,0,0,0,0
1m2q,A,215,MET,1.9,162.9,0.0,0,0,H,0.010638297872340425,-71.0,-30.6,26.0,24.0,0.52,8.030225840368827,41,36,24,12,0.05035761871267001,1,0,0,0,0,0,0,0,0,-1,0,0,0,0,0
1m2q,A,216,TRP,-0.9,227.8,0.0,1,0,H,0.0,-68.6,-48.7,23.0,23.0,0.5,6.99295782378,43,34,20,14,0.05455408693872585,1,0,0,0,0,0,0,0,0,-1,0,0,0,0,0
1m2q,A,217,SER,-0.8,89.0,0.0,1,1,H,0.0,-58.4,-39.4,23.0,23.0,0.5,6.593863528985877,42,35,18,17,0.05129016720734909,1,0,0,0,0,0,0,0,0,-1,0,0,0,0,0
1m2q,A,218,LEU,3.8,166.7,0.0,0,0,H,0.0,-62.6,-42.2,25.0,24.0,0.5102040816326531,7.300934508600072,40,12,10,2,0.048492521723311866,1,0,0,0,0,0,0,0,0,-1,0,0,0,0,0
1m2q,A,219,GLY,-0.4,60.1,0.0,0,0,H,0.0,-59.2,-43.2,24.0,21.0,0.5333333333333333,5.780099375921656,40,18,9,9,0.05222271570202816,1,0,0,0,0,0,0,0,0,-1,0,0,0,0,0
1m2q,A,220,CYS,2.5,108.5,0.0,1,0,H,0.022222222222222223,-61.9,-45.6,23.0,18.0,0.5609756097560976,3.0528799809443883,39,17,7,10,0.05502036118606539,1,0,0,0,0,0,0,0,0,-1,0,0,0,0,0
1m2q,A,221,MET,1.9,162.9,0.0,0,0,H,0.031914893617021274,-62.6,-46.1,19.0,21.0,0.475,2.6744931326119312,40,17,11,6,0.045694876239274644,1,0,0,0,0,0,0,0,0,-1,0,0,0,0,0
1m2q,A,222,PHE,2.8,189.9,0.0,0,0,H,0.0,-60.6,-43.7,21.0,21.0,0.5,5.863774359051055,43,9,8,1,0.043829779249916496,1,0,0,0,0,0,0,0,0,-1,0,0,0,0,0
1m2q,A,223,ALA,1.8,88.6,0.0,0,0,H,0.0,-62.1,-43.9,20.0,20.0,0.5,4.198770980990141,37,16,7,9,0.05035761871267001,1,0,0,0,0,0,0,0,0,-1,0,0,0,0,0
1m2q,A,224,GLY,-0.4,60.1,0.0,0,0,H,0.10714285714285714,-60.7,-35.8,17.0,16.0,0.5151515151515151,1.8788107396458404,30,19,9,10,0.048958795970651406,1,0,0,0,0,0,0,0,0,9,68,9,0,7,1
1m2q,A,225,MET,1.9,162.9,0.0,0,0,H,0.06382978723404255,-70.9,-50.8,22.0,18.0,0.55,2.031127843644242,38,20,16,4,0.045228601991935104,1,0,0,0,0,0,0,0,0,2,475,8,0,52,1
1m2q,A,226,ILE,4.5,166.7,0.0,0,0,H,0.0,-74.1,-28.6,22.0,20.0,0.5238095238095238,4.961854484965324,40,29,14,15,0.04662742473395372,1,0,0,0,0,0,0,0,0,-1,0,0,0,0,0
1m2q,A,227,PHE,2.8,189.9,0.0,0,0,H,0.025380710659898477,-97.1,-4.0,18.0,17.0,0.5142857142857142,3.1317983352969305,34,26,8,18,0.04755997322863279,1,0,0,0,0,0,0,0,0,27,1,6,0,0,1
1m2q,A,228,ARG,-4.5,173.4,1.0,5,0,T,0.3911290322580645,56.1,45.6,14.0,17.0,0.45161290322580644,2.001884766180015,28,18,16,2,0.03870076252918159,0,0,0,0,0,1,0,0,0,9,68,9,0,7,1
1m2q,A,229,LYS,-3.9,168.6,1.0,2,0,-,0.43414634146341463,-136.9,99.2,12.0,11.0,0.5217391304347826,2.070989871169152,22,8,10,-2,0.03357174580844668,0,0,0,0,0,0,0,0,0,9,68,9,0,7,1
1m2q,A,230,GLU,-3.5,138.4,-1.0,1,3,S,0.5721649484536082,-121.4,123.5,13.0,11.0,0.5416666666666666,1.7425016884139912,22,32,0,32,0.03357174580844668,0,0,0,0,0,0,1,0,0,9,68,9,0,7,1
1m2q,A,231,PRO,-1.6,112.7,0.0,0,0,S,0.14705882352941177,-80.1,161.8,18.0,13.0,0.5806451612903226,2.0493414100287155,24,30,9,21,0.04196468226055834,0,0,0,0,0,0,1,0,0,9,68,9,0,7,1
1m2q,A,232,PHE,2.8,189.9,0.0,0,0,S,0.04060913705583756,-72.0,-39.7,20.0,11.0,0.6451612903225806,2.2312222851404373,33,23,6,17,0.04289723075523742,0,0,0,0,0,0,1,0,0,9,68,9,0,7,1
1m2q,A,233,PHE,2.8,189.9,0.0,0,0,S,0.01015228426395939,-111.3,98.0,26.0,10.0,0.7222222222222222,3.0156332101023513,37,36,7,29,0.045694876239274644,0,0,0,0,0,0,1,0,0,-1,0,0,0,0,0
1m2q,A,234,TYR,-1.3,193.6,0.0,1,1,-,0.5135135135135135,-95.9,75.2,5.0,21.0,0.19230769230769232,1.9438698015558236,13,37,18,19,0.04429605349725603,0,0,0,0,0,0,0,0,0,-1,0,0,0,0,0
1m2q,A,235,GLY,-0.4,60.1,0.0,0,0,-,0.0,-88.5,154.8,19.0,5.0,0.7916666666666666,3.252405763962815,22,44,16,28,0.04989134446533048,0,0,0,0,0,0,0,0,0,19,19,5,0,1,1
1m2q,A,236,HIS,-3.2,153.2,0.1,2,1,S,0.5652173913043478,-97.7,-1.9,0.0,15.0,0.0,1.9233319278092822,15,23,16,7,0.03403802005578621,0,0,0,0,0,0,1,0,0,19,19,5,0,1,1
1m2q,A,237,ASP,-3.5,111.1,-1.0,1,3,S,0.49079754601226994,-171.6,168.7,3.0,16.0,0.15789473684210525,2.1116692648528224,17,40,8,32,0.03124037457174899,0,0,0,0,0,0,1,0,0,19,19,5,0,1,1
1m2q,A,238,ASN,-3.5,114.1,0.0,2,2,H,0.3821656050955414,-56.0,-40.1,13.0,18.0,0.41935483870967744,1.7641549777217256,29,48,19,29,0.03823448828184205,1,0,0,0,0,0,0,0,0,30,0,14,0,0,1
1m2q,A,239,HIS,-3.2,153.2,0.1,2,1,H,0.3695652173913043,-64.7,-46.9,10.0,20.0,0.3333333333333333,2.0135808400515103,24,10,33,-23,0.03916703677652112,1,0,0,0,0,0,0,0,0,19,19,5,0,1,1
1m2q,A,240,ASP,-3.5,111.1,-1.0,1,3,H,0.2085889570552147,-66.3,-28.5,7.0,20.0,0.25925925925925924,2.228238664466871,21,46,8,38,0.045694876239274644,1,0,0,0,0,0,0,0,0,19,19,5,0,1,1
1m2q,A,241,GLN,-3.5,143.8,0.0,2,2,H,0.0,-60.9,-44.5,15.0,16.0,0.4838709677419355,4.962260189739988,30,51,16,35,0.05455408693872585,1,0,0,0,0,0,0,0,0,19,19,5,0,1,1
1m2q,A,242,LEU,3.8,166.7,0.0,0,0,H,0.0,-65.8,-32.8,19.0,21.0,0.475,4.006251569291209,39,37,24,13,0.04942507021799094,1,0,0,0,0,0,0,0,0,-1,0,0,0,0,0
1m2q,A,243,VAL,4.2,140.0,0.0,0,0,H,0.06338028169014084,-65.2,-45.5,14.0,18.0,0.4375,3.1867117095410076,31,43,19,24,0.045694876239274644,1,0,0,0,0,0,0,0,0,6,352,6,0,25,1
1m2q,A,244,LYS,-3.9,168.6,1.0,2,0,H,0.1951219512195122,-60.7,-36.5,17.0,17.0,0.5,2.1519667887241885,28,34,15,19,0.043829779249916496,1,0,0,0,0,0,0,0,0,19,19,5,0,1,1
1m2q,A,245,ILE,4.5,166.7,0.0,0,0,H,0.0,-69.5,-46.5,19.0,20.0,0.48717948717948717,4.652799876516989,38,36,9,27,0.048958795970651406,1,0,0,0,0,0,0,0,0,-1,0,0,0,0,0
1m2q,A,246,ALA,1.8,88.6,0.0,0,0,H,0.0,-60.8,-31.7,18.0,18.0,0.5,4.507411711087356,31,51,8,43,0.05129016720734909,1,0,0,0,0,0,0,0,0,-1,0,0,0,0,0
1m2q,A,247,LYS,-3.9,168.6,1.0,2,0,H,0.47317073170731705,-69.1,-14.1,10.0,18.0,0.35714285714285715,2.0881275427044197,27,37,7,30,0.043363505002576956,1,0,0,0,0,0,0,0,0,-1,0,0,0,0,0
1m2q,A,248,VAL,4.2,140.0,0.0,0,0,H,0.09154929577464789,-108.8,-51.9,16.0,16.0,0.5,3.0822327306812425,29,54,1,53,0.048492521723311866,1,0,0,0,0,0,0,0,0,21,8,6,0,0,1
1m2q,A,249,LEU,3.8,166.7,0.0,0,0,H,0.04878048780487805,-79.5,-16.7,19.0,11.0,0.6333333333333333,2.344052683425151,32,44,14,30,0.04616115048661418,1,0,0,0,0,0,0,0,0,29,0,5,0,0,1
1m2q,A,250,GLY,-0.4,60.1,0.0,0,0,-,0.011904761904761904,88.2,154.6,9.0,18.0,0.3333333333333333,2.4791867819963116,29,48,8,40,0.048026247475972325,0,0,0,0,0,0,0,0,0,29,0,5,0,0,1
1m2q,A,251,THR,-0.7,116.1,0.0,1,1,H,0.014084507042253521,-85.8,-15.0,9.0,21.0,0.3,2.3158861989540718,25,35,11,24,0.043363505002576956,1,0,0,0,0,0,0,0,0,29,0,5,0,0,1
1m2q,A,252,ASP,-3.5,111.1,-1.0,1,3,H,0.6380368098159509,-59.7,-49.1,6.0,15.0,0.2857142857142857,1.767069812170138,19,28,0,28,0.030774100324409453,1,0,0,0,0,0,0,0,0,29,0,5,0,0,1
1m2q,A,253,GLY,-0.4,60.1,0.0,0,0,H,0.39285714285714285,-67.8,-32.9,16.0,10.0,0.6153846153846154,1.7906848037112946,25,23,17,6,0.03590311704514436,1,0,0,0,0,0,0,0,0,29,0,5,0,0,1
1m2q,A,254,LEU,3.8,166.7,0.0,0,0,H,0.012195121951219513,-64.0,-38.6,21.0,17.0,0.5526315789473685,2.977070782294428,32,15,17,-2,0.043829779249916496,1,0,0,0,0,0,0,0,0,29,0,5,0,0,1
1m2q,A,255,ASN,-3.5,114.1,0.0,2,2,H,0.4840764331210191,-67.2,-45.1,9.0,18.0,0.3333333333333333,1.9921908900124123,23,10,13,-3,0.03450429430312575,1,0,0,0,0,0,0,0,0,29,0,5,0,0,1
1m2q,A,256,VAL,4.2,140.0,0.0,0,0,H,0.6690140845070423,-59.0,-39.6,7.0,10.0,0.4117647058823529,1.9259768651346258,16,10,19,-9,0.03124037457174899,1,0,0,0,0,0,0,0,0,29,0,5,0,0,1
1m2q,A,257,TYR,-1.3,193.6,0.0,1,1,H,0.018018018018018018,-62.6,-52.4,18.0,9.0,0.6666666666666666,3.4284162952857273,34,34,29,5,0.04755997322863279,1,0,0,0,0,0,0,0,0,29,0,5,0,0,1
1m2q,A,258,LEU,3.8,166.7,0.0,0,0,H,0.07317073170731707,-61.4,-36.3,13.0,12.0,0.52,2.5190382430472784,27,16,26,-10,0.043363505002576956,1,0,0,0,0,0,0,0,0,11,83,5,0,5,1
1m2q,A,259,ASN,-3.5,114.1,0.0,2,2,H,0.7770700636942676,-69.2,-46.9,6.0,11.0,0.35294117647058826,1.7820727315301537,15,19,11,8,0.03310547156110714,1,0,0,0,0,0,0,0,0,-1,0,0,0,0,0
1m2q,A,260,LYS,-3.9,168.6,1.0,2,0,H,0.4634146341463415,-56.4,-43.0,11.0,6.0,0.6470588235294118,1.918099249513673,17,19,14,5,0.03310547156110714,1,0,0,0,0,0,0,0,0,-1,0,0,0,0,0
1m2q,A,261,TYR,-1.3,193.6,0.0,1,1,T,0.13513513513513514,-97.9,13.5,20.0,4.0,0.8333333333333334,2.248658898090432,25,30,25,5,0.03590311704514436,0,0,0,0,0,1,0,0,0,11,83,5,0,5,1
1m2q,A,262,ARG,-4.5,173.4,1.0,5,0,T,0.8467741935483871,51.8,44.5,1.0,14.0,0.06666666666666667,1.8902129940581849,12,8,8,0,0.025645083603674543,0,0,0,0,0,1,0,0,0,11,83,5,0,5,1
1m2q,A,263,ILE,4.5,166.7,0.0,0,0,-,0.24260355029585798,-103.7,135.0,17.0,3.0,0.85,2.050419709237976,22,17,23,-6,0.03450429430312575,0,0,0,0,0,0,0,0,0,11,83,5,0,5,1
1m2q,A,264,GLU,-3.5,138.4,-1.0,1,3,-,0.8711340206185567,-112.7,111.5,2.0,18.0,0.1,1.7429938541567696,13,7,16,-9,0.025178809356335007,0,0,0,0,0,0,0,0,0,11,83,5,0,5,1
1m2q,A,265,LEU,3.8,166.7,0.0,0,0,-,0.09146341463414634,-63.5,140.0,19.0,7.0,0.7307692307692307,1.9096087337408483,24,8,33,-25,0.03450429430312575,0,0,0,0,0,0,0,0,0,11,83,5,0,5,1
1m2q,A,266,ASP,-3.5,111.1,-1.0,1,3,-,0.38650306748466257,-61.2,156.8,7.0,8.0,0.4666666666666667,1.8653126123503547,16,8,23,-15,0.026577632098353617,0,0,0,0,0,0,0,0,0,26,24,1,0,0,1
1m2q,A,267,PRO,-1.6,112.7,0.0,0,0,H,0.8088235294117647,-55.3,-43.1,0.0,12.0,0.0,1.874816638173263,10,5,25,-20,0.024246260861655933,1,0,0,0,0,0,0,0,0,-1,0,0,0,0,0
1m2q,A,268,GLN,-3.5,143.8,0.0,2,2,H,0.702020202020202,-59.2,-54.2,2.0,11.0,0.15384615384615385,1.8037027063400484,12,10,18,-8,0.02844272908771177,1,0,0,0,0,0,0,0,0,26,24,1,0,0,1
1m2q,A,269,LEU,3.8,166.7,0.0,0,0,H,0.024390243902439025,-61.2,-40.9,14.0,8.0,0.6363636363636364,3.246308559137532,23,10,33,-23,0.03916703677652112,1,0,0,0,0,0,0,0,0,26,24,1,0,0,1
1m2q,A,270,GLU,-3.5,138.4,-1.0,1,3,H,0.5824742268041238,-60.2,-37.2,7.0,16.0,0.30434782608695654,1.970934069840015,19,5,17,-12,0.035436842797804825,1,0,0,0,0,0,0,0,0,6,352,6,0,25,1
1m2q,A,271,ALA,1.8,88.6,0.0,0,0,H,0.7358490566037735,-70.0,-46.6,3.0,12.0,0.2,1.7676463201182382,15,14,17,-3,0.026577632098353617,1,0,0,0,0,0,0,0,0,6,352,6,0,25,1
1m2q,A,272,LEU,3.8,166.7,0.0,0,0,H,0.5853658536585366,-57.5,-42.5,13.0,9.0,0.5909090909090909,1.9293400693009646,21,20,24,-4,0.028909003335051305,1,0,0,0,0,0,0,0,0,6,352,6,0,25,1
1m2q,A,273,VAL,4.2,140.0,0.0,0,0,H,0.028169014084507043,-61.6,-41.1,21.0,11.0,0.65625,2.4315163666395456,30,39,21,18,0.040565859518539735,1,0,0,0,0,0,0,0,0,6,352,6,0,25,1
1m2q,A,274,GLY,-0.4,60.1,0.0,0,0,-,0.5119047619047619,61.7,-138.9,8.0,16.0,0.3333333333333333,1.8420709695128343,24,27,12,15,0.025645083603674543,0,0,0,0,0,0,0,0,0,6,352,6,0,25,1
1m2q,A,275,ARG,-4.5,173.4,1.0,5,0,-,0.8104838709677419,-142.3,132.9,1.0,22.0,0.043478260869565216,1.8531496262489109,15,13,9,4,0.02611135785101408,0,0,0,0,0,0,0,0,0,6,352,6,0,25,1
1m2q,A,276,HIS,-3.2,153.2,0.1,2,1,-,0.31521739130434784,-143.4,146.7,16.0,5.0,0.7619047619047619,1.949650363327009,24,34,8,26,0.035436842797804825,0,0,0,0,0,0,0,0,0,21,8,6,0,0,1
1m2q,A,277,SER,-0.8,89.0,0.0,1,1,-,0.7692307692307693,-89.4,154.0,1.0,17.0,0.05555555555555555,1.8170950312648937,17,47,7,40,0.030774100324409453,0,0,0,0,0,0,0,0,0,21,8,6,0,0,1
1m2q,A,278,ARG,-4.5,173.4,1.0,5,0,-,0.45564516129032256,-63.1,137.1,7.0,12.0,0.3684210526315789,1.8436169886498306,23,26,14,12,0.034970568550465285,0,0,0,0,0,0,0,0,0,21,8,6,0,0,1
1m2q,A,279,LYS,-3.9,168.6,1.0,2,0,-,0.4097560975609756,-103.8,111.9,9.0,11.0,0.45,2.1982710361002296,19,35,0,35,0.03730193978716297,0,0,0,0,0,0,0,0,0,21,8,6,0,0,1
1m2q,A,280,PRO,-1.6,112.7,0.0,0,0,-,0.47794117647058826,-48.9,137.0,3.0,13.0,0.1875,2.279982358724258,16,31,2,29,0.03357174580844668,0,0,0,0,0,0,0,0,0,21,8,6,0,0,1
1m2q,A,281,TRP,-0.9,227.8,0.0,1,0,G,0.06607929515418502,-55.6,-37.8,15.0,13.0,0.5357142857142857,3.0297161092453813,32,32,13,19,0.04149840801321881,0,0,0,1,0,0,0,0,0,16,24,8,0,1,1
1m2q,A,282,LEU,3.8,166.7,0.0,0,0,G,0.6585365853658537,-62.0,-24.3,4.0,20.0,0.16666666666666666,1.9013897329859368,18,16,1,15,0.03170664881908853,0,0,0,1,0,0,0,0,0,27,1,6,0,0,1
1m2q,A,283,LYS,-3.9,168.6,1.0,2,0,G,0.697560975609756,-62.8,-17.9,5.0,10.0,0.3333333333333333,1.97322616020462,15,14,0,14,0.02844272908771177,0,0,0,1,0,0,0,0,0,27,1,6,0,0,1
1m2q,A,284,PHE,2.8,189.9,0.0,0,0,G,0.17258883248730963,-87.6,-9.6,15.0,8.0,0.6521739130434783,2.176602487407749,23,34,0,34,0.040565859518539735,0,0,0,1,0,0,0,0,0,27,1,6,0,0,1
1m2q,A,285,MET,1.9,162.9,0.0,0,0,-,0.3723404255319149,-74.1,139.4,11.0,14.0,0.44,2.010054830434596,18,15,6,9,0.03870076252918159,0,0,0,0,0,0,0,0,0,27,1,6,0,0,1
1m2q,A,286,ASN,-3.5,114.1,0.0,2,2,-,0.49044585987261147,-152.1,-178.3,5.0,11.0,0.3125,1.8760338470265754,16,27,8,19,0.027510180593032695,0,0,0,0,0,0,0,0,0,27,1,6,0,0,1
1m2q,A,287,ALA,1.8,88.6,0.0,0,0,T,0.8207547169811321,-56.0,-33.9,0.0,12.0,0.0,1.7675613562696082,12,16,8,8,0.021914889624958248,0,0,0,0,0,1,0,0,0,27,1,6,0,0,1
1m2q,A,288,ASP,-3.5,111.1,-1.0,1,3,T,0.6932515337423313,-74.9,-21.1,7.0,8.0,0.4666666666666667,1.7388716479143544,15,23,0,23,0.030307826077069916,0,0,0,0,0,1,0,0,0,27,1,6,0,0,1
1m2q,A,289,ASN,-3.5,114.1,0.0,2,2,T,0.0,-126.2,7.1,16.0,10.0,0.6153846153846154,3.0623551180387154,24,28,8,20,0.04616115048661418,0,0,0,0,0,1,0,0,0,27,1,6,0,0,1
1m2q,A,290,GLN,-3.5,143.8,0.0,2,2,T,0.6363636363636364,-59.2,-37.3,3.0,18.0,0.14285714285714285,1.9091484154394023,15,12,8,4,0.034970568550465285,0,0,0,0,0,1,0,0,0,-1,0,0,0,0,0
1m2q,A,291,HIS,-3.2,153.2,0.1,2,1,T,0.5434782608695652,-67.2,-8.1,9.0,13.0,0.4090909090909091,1.753576935997256,21,9,16,-7,0.027510180593032695,0,0,0,0,0,1,0,0,0,2,475,8,0,52,1
1m2q,A,292,LEU,3.8,166.7,0.0,0,0,T,0.024390243902439025,-117.2,-18.9,22.0,11.0,0.6666666666666666,2.2651216902432267,31,30,17,13,0.04196468226055834,0,0,0,0,0,1,0,0,0,2,475,8,0,52,1
1m2q,A,293,VAL,4.2,140.0,0.0,0,0,-,0.11971830985915492,-89.1,111.6,15.0,18.0,0.45454545454545453,2.294582082914291,29,20,17,3,0.043363505002576956,0,0,0,0,0,0,0,0,0,20,24,2,0,0,1
1m2q,A,294,SER,-0.8,89.0,0.0,1,1,-,0.18461538461538463,-129.1,158.9,9.0,14.0,0.391304347826087,2.0229535348287926,22,13,21,-8,0.03124037457174899,0,0,0,0,0,0,0,0,0,20,24,2,0,0,1
1m2q,A,295,PRO,-1.6,112.7,0.0,0,0,H,0.8529411764705882,-53.3,-37.6,0.0,18.0,0.0,1.8698439073250992,22,7,19,-12,0.02471253510899547,1,0,0,0,0,0,0,0,0,20,24,2,0,0,1
1m2q,A,296,GLU,-3.5,138.4,-1.0,1,3,H,0.3865979381443299,-69.9,-38.3,8.0,13.0,0.38095238095238093,2.1003799567853285,21,21,13,8,0.03870076252918159,1,0,0,0,0,0,0,0,0,20,24,2,0,0,1
1m2q,A,297,ALA,1.8,88.6,0.0,0,0,H,0.0,-63.2,-44.6,20.0,16.0,0.5555555555555556,4.515663045239438,29,23,29,-6,0.048492521723311866,1,0,0,0,0,0,0,0,0,20,24,2,0,0,1
1m2q,A,298,ILE,4.5,166.7,0.0,0,0,H,0.1301775147928994,-65.9,-39.4,10.0,19.0,0.3448275862068966,2.5890869123200115,28,16,24,-8,0.048958795970651406,1,0,0,0,0,0,0,0,0,20,24,2,0,0,1
1m2q,A,299,ASP,-3.5,111.1,-1.0,1,3,H,0.3496932515337423,-65.2,-44.8,8.0,17.0,0.32,1.9880405271446284,19,24,17,7,0.03916703677652112,1,0,0,0,0,0,0,0,0,16,24,8,0,1,1
1m2q,A,300,PHE,2.8,189.9,0.0,0,0,H,0.0,-60.4,-50.1,23.0,14.0,0.6216216216216216,5.234364524933171,38,28,29,-1,0.05175644145468863,1,0,0,0,0,0,0,0,0,-1,0,0,0,0,0
1m2q,A,301,LEU,3.8,166.7,0.0,0,0,H,0.0,-57.2,-46.4,18.0,18.0,0.5,5.963347239536254,39,24,20,4,0.053155264196707235,1,0,0,0,0,0,0,0,0,16,24,8,0,1,1
1m2q,A,302,ASP,-3.5,111.1,-1.0,1,3,H,0.22699386503067484,-55.5,-34.7,10.0,20.0,0.3333333333333333,2.542118989617098,29,36,15,21,0.04289723075523742,1,0,0,0,0,0,0,0,0,16,24,8,0,1,1
1m2q,A,303,LYS,-3.9,168.6,1.0,2,0,T,0.33658536585365856,-81.8,-6.9,12.0,20.0,0.375,2.282619525915148,25,28,36,-8,0.04289723075523742,0,0,0,0,0,1,0,0,0,16,24,8,0,1,1
1m2q,A,304,LEU,3.8,166.7,0.0,0,0,T,0.0,-99.7,-47.2,20.0,16.0,0.5555555555555556,5.647225318226176,40,38,26,12,0.05595290968074446,0,0,0,0,0,1,0,0,0,-1,0,0,0,0,0
1m2q,A,305,LEU,3.8,166.7,0.0,0,0,-,0.006097560975609756,-84.2,75.5,21.0,21.0,0.5,4.242148565516197,41,36,20,16,0.053155264196707235,0,0,0,0,0,0,0,0,0,16,24,8,0,1,1
1m2q,A,306,ARG,-4.5,173.4,1.0,5,0,-,0.25806451612903225,-120.5,138.6,15.0,20.0,0.42857142857142855,2.2021990704105847,27,31,27,4,0.048026247475972325,0,0,0,0,0,0,0,0,0,16,24,8,0,1,1
1m2q,A,307,TYR,-1.3,193.6,0.0,1,1,S,0.06756756756756757,-57.5,-52.8,20.0,21.0,0.4878048780487805,2.749895801055965,38,32,29,3,0.04942507021799094,0,0,0,0,0,0,1,0,0,29,0,5,0,0,1
1m2q,A,308,ASP,-3.5,111.1,-1.0,1,3,S,0.04294478527607362,-67.7,109.5,12.0,21.0,0.36363636363636365,2.5013535722488425,26,47,19,28,0.04755997322863279,0,0,0,0,0,0,1,0,0,-1,0,0,0,0,0
1m2q,A,309,HIS,-3.2,153.2,0.1,2,1,G,0.010869565217391304,-58.0,-28.3,22.0,15.0,0.5945945945945946,4.879636734285526,31,34,43,-9,0.053155264196707235,0,0,0,1,0,0,0,0,0,-1,0,0,0,0,0
1m2q,A,310,GLN,-3.5,143.8,0.0,2,2,G,0.2727272727272727,-72.7,-17.3,8.0,21.0,0.27586206896551724,2.08465551583752,24,53,29,24,0.040099585271200194,0,0,0,1,0,0,0,0,0,-1,0,0,0,0,0
1m2q,A,311,GLU,-3.5,138.4,-1.0,1,3,G,0.4948453608247423,-88.5,-15.7,9.0,12.0,0.42857142857142855,1.7947733490026225,21,51,14,37,0.03590311704514436,0,0,0,1,0,0,0,0,0,-1,0,0,0,0,0
1m2q,A,312,ARG,-4.5,173.4,1.0,5,0,S,0.020161290322580645,-69.8,152.1,22.0,10.0,0.6875,4.557859953354548,34,34,42,-8,0.05035761871267001,0,0,0,0,0,0,1,0,0,-1,0,0,0,0,0
1m2q,A,313,LEU,3.8,166.7,0.0,0,0,P,0.14634146341463414,-64.3,148.3,19.0,15.0,0.5588235294117647,2.552422992347257,33,48,26,22,0.040565859518539735,0,0,0,0,0,0,0,0,0,-1,0,0,0,0,0
1m2q,A,314,THR,-0.7,116.1,0.0,1,1,P,0.176056338028169,-87.6,163.2,10.0,26.0,0.2777777777777778,3.0342405148930456,31,33,25,8,0.040565859518539735,0,0,0,0,0,0,0,0,0,1,751,7,0,66,1
1m2q,A,315,ALA,1.8,88.6,0.0,0,0,H,0.018867924528301886,-58.9,-37.6,22.0,16.0,0.5789473684210527,4.327974070459066,34,24,25,-1,0.048026247475972325,1,0,0,0,0,0,0,0,0,-1,0,0,0,0,0
1m2q,A,316,LEU,3.8,166.7,0.0,0,0,H,0.5670731707317073,-65.5,-44.5,8.0,19.0,0.2962962962962963,2.1580670869635594,20,15,17,-2,0.0363693912924839,1,0,0,0,0,0,0,0,0,-1,0,0,0,0,0
1m2q,A,317,GLU,-3.5,138.4,-1.0,1,3,H,0.4381443298969072,-64.1,-45.2,11.0,14.0,0.44,1.7798050459982173,23,29,6,23,0.03124037457174899,1,0,0,0,0,0,0,0,0,-1,0,0,0,0,0
1m2q,A,318,ALA,1.8,88.6,0.0,0,0,H,0.0,-52.4,-44.4,24.0,10.0,0.7058823529411765,3.1404603282610375,29,32,18,14,0.04709369898129325,1,0,0,0,0,0,0,0,0,7,159,7,0,10,1
1m2q,A,319,MET,1.9,162.9,0.0,0,0,H,0.11702127659574468,-62.6,-21.0,14.0,17.0,0.45161290322580644,2.3439805307411588,31,29,24,5,0.04616115048661418,1,0,0,0,0,0,0,0,0,7,159,7,0,10,1
1m2q,A,320,THR,-0.7,116.1,0.0,1,1,T,0.6197183098591549,-96.4,1.4,4.0,18.0,0.18181818181818182,1.962874768039432,17,21,9,12,0.03590311704514436,0,0,0,0,0,1,0,0,0,7,159,7,0,10,1
1m2q,A,321,HIS,-3.2,153.2,0.1,2,1,S,0.05434782608695652,-62.6,141.0,22.0,6.0,0.7857142857142857,2.3022386091296894,29,22,24,-2,0.043363505002576956,0,0,0,0,0,0,1,0,0,7,159,7,0,10,1
1m2q,A,322,PRO,-1.6,112.7,0.0,0,0,G,0.4632352941176471,-54.0,-22.9,6.0,15.0,0.2857142857142857,1.9979087861095788,21,29,19,10,0.032639197313767604,0,0,0,1,0,0,0,0,0,7,159,7,0,10,1
1m2q,A,323,TYR,-1.3,193.6,0.0,1,1,G,0.013513513513513514,-55.2,-34.1,21.0,9.0,0.7,4.088582942236664,35,27,26,1,0.04616115048661418,0,0,0,1,0,0,0,0,0,-1,0,0,0,0,0
1m2q,A,324,PHE,2.8,189.9,0.0,0,0,G,0.0,-99.2,17.1,16.0,13.0,0.5517241379310345,5.137335911774408,34,34,18,16,0.05129016720734909,0,0,0,1,0,0,0,0,0,7,159,7,0,10,1
1m2q,A,325,GLN,-3.5,143.8,0.0,2,2,H,0.5252525252525253,-57.8,-36.7,5.0,15.0,0.25,1.9195180941233498,17,28,6,22,0.03683566553982344,1,0,0,0,0,0,0,0,0,28,1,5,0,0,1
1m2q,A,326,GLN,-3.5,143.8,0.0,2,2,H,0.5252525252525253,-73.5,-34.0,7.0,14.0,0.3333333333333333,1.901548446512801,17,23,9,14,0.032639197313767604,1,0,0,0,0,0,0,0,0,28,1,5,0,0,1
1m2q,A,327,VAL,4.2,140.0,0.0,0,0,H,0.028169014084507043,-64.4,-42.9,16.0,8.0,0.6666666666666666,2.455451434248045,27,30,21,9,0.045228601991935104,1,0,0,0,0,0,0,0,0,28,1,5,0,0,1
1m2q,A,328,ARG,-4.5,173.4,1.0,5,0,H,0.23790322580645162,-69.8,-46.1,8.0,11.0,0.42105263157894735,2.168101908017029,21,13,10,3,0.0363693912924839,1,0,0,0,0,0,0,0,0,28,1,5,0,0,1
1m2q,A,329,ALA,1.8,88.6,0.0,0,0,H,0.4716981132075472,-53.6,-52.3,5.0,8.0,0.38461538461538464,1.767648785938136,11,11,9,2,0.02984155182973038,1,0,0,0,0,0,0,0,0,28,1,5,0,0,1
1m2q,A,330,ALA,1.8,88.6,0.0,0,0,H,0.5471698113207547,-57.8,-36.6,6.0,5.0,0.5454545454545454,1.7675602588785708,14,9,10,-1,0.02844272908771177,1,0,0,0,0,0,0,0,0,28,1,5,0,0,1
1m2q,A,331,GLU,-3.5,138.4,-1.0,1,3,H,0.4381443298969072,-68.9,-42.4,8.0,4.0,0.6666666666666666,1.724192783627717,15,14,5,9,0.02611135785101408,1,0,0,0,0,0,0,0,0,28,1,5,0,0,1
1m2q,A,332,ASN,-3.5,114.1,0.0,2,2,T,0.8535031847133758,-68.0,32.5,4.0,4.0,0.5,1.785647685630886,10,9,9,0,0.019117244140921023,0,0,0,0,0,1,0,0,0,28,1,5,0,0,1
1m2q,A,333,SER,-0.8,89.0,0.0,1,1,-,1.0,-141.3,360.0,5.0,2.0,0.7142857142857143,1.6910299230331691,7,4,9,-5,0.014454501667525653,0,0,0,0,0,0,0,0,0,28,1,5,0,0,1
7tln,A,1,ILE,4.5,166.7,0.0,0,0,-,0.5562130177514792,360.0,142.2,21.0,3.0,0.875,2.0577070891044102,23,1,1,0,0.025178809356335007,0,0,0,0,0,0,0,0,0,8,97,4,0,5,1
7tln,A,2,THR,-0.7,116.1,0.0,1,1,-,0.9436619718309859,-99.6,123.8,0.0,16.0,0.0,1.823746674073773,14,0,0,0,0.01958351838826056,0,0,0,0,0,0,0,0,0,8,97,4,0,5,1
7tln,A,3,GLY,-0.4,60.1,0.0,0,0,-,0.4880952380952381,-171.0,-164.9,15.0,2.0,0.8823529411764706,1.7095567159920748,15,0,0,0,0.02984155182973038,0,0,0,0,0,0,0,0,0,16,1,1,0,0,1
7tln,A,4,THR,-0.7,116.1,0.0,1,1,E,0.5704225352112676,-94.9,124.4,1.0,18.0,0.05263157894736842,2.1873172699846424,18,0,0,0,0.025178809356335007,0,0,1,0,0,0,0,0,0,16,1,1,0,0,1
7tln,A,5,SER,-0.8,89.0,0.0,1,1,E,0.5230769230769231,-67.2,132.8,8.0,16.0,0.3333333333333333,1.784771566062677,20,0,7,-7,0.03170664881908853,0,0,1,0,0,0,0,0,0,16,1,1,0,0,1
7tln,A,6,THR,-0.7,116.1,0.0,1,1,E,0.2887323943661972,-145.6,-177.7,13.0,11.0,0.5416666666666666,1.9472986917175394,25,1,8,-7,0.032172923066428064,0,0,1,0,0,0,0,0,0,16,1,1,0,0,1
7tln,A,7,VAL,4.2,140.0,0.0,0,0,E,0.5985915492957746,-132.3,123.0,4.0,21.0,0.16,1.9263421298942731,24,5,6,-1,0.03170664881908853,0,0,1,0,0,0,0,0,0,-1,0,0,0,0,0
7tln,A,8,GLY,-0.4,60.1,0.0,0,0,E,0.011904761904761904,-104.0,177.0,22.0,7.0,0.7586206896551724,1.9398798457906203,26,13,8,5,0.04196468226055834,0,0,1,0,0,0,0,0,0,-1,0,0,0,0,0
7tln,A,9,VAL,4.2,140.0,0.0,0,0,E,0.23943661971830985,-132.2,148.1,4.0,25.0,0.13793103448275862,2.7413129018866127,24,19,15,4,0.04196468226055834,0,0,1,0,0,0,0,0,0,18,0,1,0,0,1
7tln,A,10,GLY,-0.4,60.1,0.0,0,0,E,0.0,-157.9,-180.0,26.0,8.0,0.7647058823529411,4.175289677514339,28,20,23,-3,0.05222271570202816,0,0,1,0,0,0,0,0,0,18,0,1,0,0,1
7tln,A,11,ARG,-4.5,173.4,1.0,5,0,E,0.43951612903225806,-122.6,133.5,6.0,23.0,0.20689655172413793,2.037579555258918,22,9,20,-11,0.048958795970651406,0,0,1,0,0,0,0,0,0,18,0,1,0,0,1
7tln,A,12,GLY,-0.4,60.1,0.0,0,0,-,0.047619047619047616,-81.6,-178.8,17.0,18.0,0.4857142857142857,2.504390839679363,31,21,23,-2,0.048958795970651406,0,0,0,0,0,0,0,0,0,12,8,8,0,0,1
7tln,A,13,VAL,4.2,140.0,0.0,0,0,T,0.22535211267605634,-55.5,-41.9,21.0,16.0,0.5675675675675675,2.0211646974241786,34,15,33,-18,0.04196468226055834,0,0,0,0,0,1,0,0,0,-1,0,0,0,0,0
7tln,A,14,LEU,3.8,166.7,0.0,0,0,T,0.5182926829268293,-76.2,-1.6,13.0,12.0,0.52,1.9255258418391263,22,16,24,-8,0.02611135785101408,0,0,0,0,0,1,0,0,0,-1,0,0,0,0,0
7tln,A,15,GLY,-0.4,60.1,0.0,0,0,S,0.5595238095238095,91.0,9.4,0.0,18.0,0.0,1.7726183417140675,18,19,12,7,0.023779986614316396,0,0,0,0,0,0,1,0,0,-1,0,0,0,0,0
7tln,A,16,ASP,-3.5,111.1,-1.0,1,3,-,0.3619631901840491,-87.6,140.4,10.0,9.0,0.5263157894736842,2.0522424211343826,21,24,7,17,0.02797645484037223,0,0,0,0,0,0,0,0,0,12,8,8,0,0,1
7tln,A,17,GLN,-3.5,143.8,0.0,2,2,E,0.6464646464646465,-90.8,134.7,2.0,18.0,0.1,1.7874717295039997,17,20,9,11,0.03124037457174899,0,0,1,0,0,0,0,0,0,18,0,1,0,0,1
7tln,A,18,LYS,-3.9,168.6,1.0,2,0,E,0.07804878048780488,-148.3,155.2,14.0,10.0,0.5833333333333334,2.2397001252314817,27,18,17,1,0.03683566553982344,0,0,1,0,0,0,0,0,0,12,8,8,0,0,1
7tln,A,19,ASN,-3.5,114.1,0.0,2,2,E,0.6560509554140127,-88.0,138.9,3.0,22.0,0.12,1.775552215312564,19,15,2,13,0.032172923066428064,0,0,1,0,0,0,0,0,0,12,8,8,0,0,1
7tln,A,20,ILE,4.5,166.7,0.0,0,0,E,0.011834319526627219,-124.7,156.9,29.0,9.0,0.7631578947368421,2.4969066818056795,36,26,14,12,0.04616115048661418,0,0,1,0,0,0,0,0,0,-1,0,0,0,0,0
7tln,A,21,ASN,-3.5,114.1,0.0,2,2,E,0.27388535031847133,-91.1,130.1,15.0,21.0,0.4166666666666667,2.0484001605412545,30,24,9,15,0.04429605349725603,0,0,1,0,0,0,0,0,0,-1,0,0,0,0,0
7tln,A,22,THR,-0.7,116.1,0.0,1,1,E,0.007042253521126761,-131.9,174.1,22.0,20.0,0.5238095238095238,4.311585465865053,35,7,17,-10,0.05595290968074446,0,0,1,0,0,0,0,0,0,-1,0,0,0,0,0
7tln,A,23,THR,-0.7,116.1,0.0,1,1,E,0.0,-132.8,131.5,17.0,16.0,0.5151515151515151,3.839783868675671,31,4,10,-6,0.053621538444046775,0,0,1,0,0,0,0,0,0,8,97,4,0,5,1
7tln,A,24,TYR,-1.3,193.6,0.0,1,1,E,0.4369369369369369,-106.3,126.4,8.0,18.0,0.3076923076923077,2.2453928936591225,18,0,8,-8,0.04429605349725603,0,0,1,0,0,0,0,0,0,16,1,1,0,0,1
7tln,A,25,SER,-0.8,89.0,0.0,1,1,S,0.36923076923076925,-164.5,82.3,9.0,11.0,0.45,1.9091262676086787,21,0,3,-3,0.03776821403450251,0,0,0,0,0,0,1,0,0,10,47,2,0,1,1
7tln,A,26,THR,-0.7,116.1,0.0,1,1,S,0.8309859154929577,71.2,-53.2,0.0,15.0,0.0,1.8057879170390367,14,0,5,-5,0.027043906345693154,0,0,0,0,0,0,1,0,0,10,47,2,0,1,1
7tln,A,27,TYR,-1.3,193.6,0.0,1,1,S,0.5225225225225225,-108.0,174.8,9.0,14.0,0.391304347826087,2.3366763211496564,16,0,13,-13,0.03916703677652112,0,0,0,0,0,0,1,0,0,10,47,2,0,1,1
7tln,A,28,TYR,-1.3,193.6,0.0,1,1,E,0.23873873873873874,-104.0,122.4,14.0,16.0,0.4666666666666667,3.2728043757811682,27,0,16,-16,0.05548663543340492,0,0,1,0,0,0,0,0,0,10,47,2,0,1,1
7tln,A,29,TYR,-1.3,193.6,0.0,1,1,E,0.17567567567567569,-104.6,155.7,20.0,20.0,0.5,3.937012156007826,31,3,10,-7,0.05408781269138631,0,0,1,0,0,0,0,0,0,8,97,4,0,5,1
7tln,A,30,LEU,3.8,166.7,0.0,0,0,S,0.0,-84.4,72.9,30.0,22.0,0.5769230769230769,5.701296091139381,37,10,27,-17,0.05408781269138631,0,0,0,0,0,0,1,0,0,-1,0,0,0,0,0
7tln,A,31,GLN,-3.5,143.8,0.0,2,2,E,0.050505050505050504,-134.4,117.8,18.0,28.0,0.391304347826087,3.622453857708637,34,11,11,0,0.05129016720734909,0,0,1,0,0,0,0,0,0,8,97,4,0,5,1
7tln,A,32,ASP,-3.5,111.1,-1.0,1,3,E,0.012269938650306749,-107.5,118.8,19.0,19.0,0.5,2.758867017000986,31,21,7,14,0.05035761871267001,0,0,1,0,0,0,0,0,0,-1,0,0,0,0,0
7tln,A,33,ASN,-3.5,114.1,0.0,2,2,-,0.36942675159235666,-90.5,-15.2,11.0,17.0,0.39285714285714285,1.8977893720133001,23,14,15,-1,0.03823448828184205,0,0,0,0,0,0,0,0,0,-1,0,0,0,0,0
7tln,A,34,THR,-0.7,116.1,0.0,1,1,S,0.6197183098591549,-76.9,-14.7,10.0,13.0,0.43478260869565216,1.8111966257156986,21,16,15,1,0.027043906345693154,0,0,0,0,0,0,1,0,0,-1,0,0,0,0,0
7tln,A,35,ARG,-4.5,173.4,1.0,5,0,S,0.1814516129032258,-122.6,107.1,22.0,8.0,0.7333333333333333,2.134179082216615,30,15,21,-6,0.03590311704514436,0,0,0,0,0,0,1,0,0,2,555,8,0,46,1
7tln,A,36,GLY,-0.4,60.1,0.0,0,0,T,0.34523809523809523,57.4,-138.1,20.0,6.0,0.7692307692307693,1.7096665746758304,22,16,18,-2,0.03683566553982344,0,0,0,0,0,1,0,0,0,2,555,8,0,46,1
7tln,A,37,ASP,-3.5,111.1,-1.0,1,3,T,0.6932515337423313,-83.5,10.4,10.0,12.0,0.45454545454545453,1.7357060816151653,20,11,7,4,0.03170664881908853,0,0,0,0,0,1,0,0,0,2,555,8,0,46,1
7tln,A,38,GLY,-0.4,60.1,0.0,0,0,-,0.011904761904761904,111.1,158.5,12.0,19.0,0.3870967741935484,2.851557877020956,28,27,16,11,0.045228601991935104,0,0,0,0,0,0,0,0,0,2,555,8,0,46,1
7tln,A,39,ILE,4.5,166.7,0.0,0,0,E,0.0,-118.5,119.1,21.0,22.0,0.4883720930232558,3.7522869136019588,40,32,15,17,0.053621538444046775,0,0,1,0,0,0,0,0,0,-1,0,0,0,0,0
7tln,A,40,PHE,2.8,189.9,0.0,0,0,E,0.1116751269035533,-120.0,126.4,14.0,28.0,0.3333333333333333,3.3067773281993897,34,25,16,9,0.05129016720734909,0,0,1,0,0,0,0,0,0,-1,0,0,0,0,0
7tln,A,41,THR,-0.7,116.1,0.0,1,1,E,0.0,-117.9,129.6,26.0,20.0,0.5652173913043478,5.820697741607023,40,22,21,1,0.05595290968074446,0,0,1,0,0,0,0,0,0,-1,0,0,0,0,0
7tln,A,42,TYR,-1.3,193.6,0.0,1,1,E,0.11711711711711711,-114.0,155.2,18.0,19.0,0.4864864864864865,3.559171602003437,30,22,15,7,0.05129016720734909,0,0,1,0,0,0,0,0,0,-1,0,0,0,0,0
7tln,A,43,ASP,-3.5,111.1,-1.0,1,3,E,0.147239263803681,-101.3,116.7,11.0,27.0,0.2894736842105263,2.478508792825592,27,25,8,17,0.04942507021799094,0,0,1,0,0,0,0,0,0,-1,0,0,0,0,0
7tln,A,44,ALA,1.8,88.6,0.0,0,0,-,0.03773584905660377,-86.0,-4.7,19.0,10.0,0.6551724137931034,2.2426532764772795,28,28,15,13,0.053621538444046775,0,0,0,0,0,0,0,0,0,-1,0,0,0,0,0
7tln,A,45,LYS,-3.9,168.6,1.0,2,0,T,0.5170731707317073,49.7,39.8,5.0,20.0,0.2,1.9989286999415379,20,21,9,12,0.03870076252918159,0,0,0,0,0,1,0,0,0,-1,0,0,0,0,0
7tln,A,46,TYR,-1.3,193.6,0.0,1,1,T,0.4954954954954955,64.3,23.1,4.0,21.0,0.16,1.9996971514822643,19,28,14,14,0.03823448828184205,0,0,0,0,0,1,0,0,0,19,0,1,0,0,1
7tln,A,47,ARG,-4.5,173.4,1.0,5,0,S,0.7258064516129032,-116.6,178.5,9.0,14.0,0.391304347826087,2.0944574184428486,14,13,3,10,0.0363693912924839,0,0,0,0,0,0,1,0,0,19,0,1,0,0,1
7tln,A,48,THR,-0.7,116.1,0.0,1,1,S,0.6056338028169014,-108.7,-1.4,4.0,16.0,0.2,1.8550659581450524,19,19,1,18,0.02984155182973038,0,0,0,0,0,0,1,0,0,19,0,1,0,0,1
7tln,A,49,THR,-0.7,116.1,0.0,1,1,S,0.7394366197183099,-83.4,121.7,5.0,12.0,0.29411764705882354,1.893162415174462,19,22,6,16,0.023779986614316396,0,0,0,0,0,0,1,0,0,-1,0,0,0,0,0
7tln,A,50,LEU,3.8,166.7,0.0,0,0,S,0.3353658536585366,-114.3,151.6,13.0,13.0,0.5,2.1196016120697707,24,14,13,1,0.02984155182973038,0,0,0,0,0,0,1,0,0,-1,0,0,0,0,0
7tln,A,51,PRO,-1.6,112.7,0.0,0,0,S,0.34558823529411764,-79.3,-13.5,13.0,15.0,0.4642857142857143,2.506800275139298,24,18,16,2,0.0363693912924839,0,0,0,0,0,0,1,0,0,-1,0,0,0,0,0
7tln,A,52,GLY,-0.4,60.1,0.0,0,0,-,0.4166666666666667,101.6,-143.5,21.0,4.0,0.84,1.709640797675125,22,21,12,9,0.03776821403450251,0,0,0,0,0,0,0,0,0,-1,0,0,0,0,0
7tln,A,53,SER,-0.8,89.0,0.0,1,1,E,0.35384615384615387,-108.3,139.0,10.0,17.0,0.37037037037037035,2.0475761901284035,22,10,9,1,0.032172923066428064,0,0,1,0,0,0,0,0,0,-1,0,0,0,0,0
7tln,A,54,LEU,3.8,166.7,0.0,0,0,E,0.1951219512195122,-64.5,133.5,11.0,18.0,0.3793103448275862,1.9985233217918579,27,12,12,0,0.04103213376587927,0,0,1,0,0,0,0,0,0,-1,0,0,0,0,0
7tln,A,55,TRP,-0.9,227.8,0.0,1,0,-,0.05286343612334802,-63.2,121.2,25.0,13.0,0.6578947368421053,2.1629781058061375,34,23,24,-1,0.04243095650789788,0,0,0,0,0,0,0,0,0,3,493,7,0,35,1
7tln,A,56,ALA,1.8,88.6,0.0,0,0,E,0.4339622641509434,-118.1,132.8,9.0,18.0,0.3333333333333333,1.8654679573068491,26,2,25,-23,0.040099585271200194,0,0,1,0,0,0,0,0,0,-1,0,0,0,0,0
7tln,A,57,ASP,-3.5,111.1,-1.0,1,3,E,0.12883435582822086,-136.6,137.8,23.0,8.0,0.7419354838709677,2.099470656335693,25,0,14,-14,0.04616115048661418,0,0,1,0,0,0,0,0,0,10,47,2,0,1,1
7tln,A,58,ALA,1.8,88.6,0.0,0,0,S,0.7075471698113207,-71.3,-35.4,0.0,17.0,0.0,1.811124189395502,16,0,18,-18,0.029375277582390842,0,0,0,0,0,0,1,0,0,10,47,2,0,1,1
7tln,A,59,ASP,-3.5,111.1,-1.0,1,3,S,0.558282208588957,-122.5,13.8,5.0,17.0,0.22727272727272727,1.7353467266139595,19,0,11,-11,0.02844272908771177,0,0,0,0,0,0,1,0,0,-1,0,0,0,0,0
7tln,A,60,ASN,-3.5,114.1,0.0,2,2,S,0.12738853503184713,65.7,18.7,14.0,17.0,0.45161290322580644,2.3057978764080893,29,1,18,-17,0.04196468226055834,0,0,0,0,0,0,1,0,0,-1,0,0,0,0,0
7tln,A,61,GLN,-3.5,143.8,0.0,2,2,E,0.48484848484848486,-124.7,124.2,2.0,27.0,0.06896551724137931,1.957938409311178,20,5,20,-15,0.03963331102386066,0,0,1,0,0,0,0,0,0,3,493,7,0,35,1
7tln,A,62,PHE,2.8,189.9,0.0,0,0,E,0.0,-113.0,66.2,30.0,6.0,0.8333333333333334,3.48962900853964,33,17,25,-8,0.045228601991935104,0,0,1,0,0,0,0,0,0,3,493,7,0,35,1
7tln,A,63,PHE,2.8,189.9,0.0,0,0,-,0.37055837563451777,-107.0,5.1,5.0,20.0,0.2,1.8069726381948024,21,16,21,-5,0.03403802005578621,0,0,0,0,0,0,0,0,0,18,0,1,0,0,1
7tln,A,64,ALA,1.8,88.6,0.0,0,0,S,0.4716981132075472,-84.2,153.7,7.0,13.0,0.35,1.7677949628681464,19,14,14,0,0.02471253510899547,0,0,0,0,0,0,1,0,0,3,493,7,0,35,1
7tln,A,65,SER,-0.8,89.0,0.0,1,1,G,0.8769230769230769,-65.5,-31.5,4.0,16.0,0.2,1.7396336205598193,19,14,11,3,0.02331371236697686,0,0,0,1,0,0,0,0,0,3,493,7,0,35,1
7tln,A,66,TYR,-1.3,193.6,0.0,1,1,G,0.30180180180180183,-60.3,-32.9,6.0,18.0,0.25,1.965898025716234,23,17,22,-5,0.03124037457174899,0,0,0,1,0,0,0,0,0,3,493,7,0,35,1
7tln,A,67,ASP,-3.5,111.1,-1.0,1,3,G,0.10429447852760736,-65.2,-35.4,14.0,20.0,0.4117647058823529,2.6341220310683515,28,13,18,-5,0.045228601991935104,0,0,0,1,0,0,0,0,0,3,493,7,0,35,1
7tln,A,68,ALA,1.8,88.6,0.0,0,0,H,0.14150943396226415,-38.5,-55.9,15.0,19.0,0.4411764705882353,2.8442851608474395,34,23,29,-6,0.04662742473395372,1,0,0,0,0,0,0,0,0,3,493,7,0,35,1
7tln,A,69,PRO,-1.6,112.7,0.0,0,0,H,0.029411764705882353,-69.2,-30.4,20.0,28.0,0.4166666666666667,3.579436674736552,43,21,30,-9,0.05175644145468863,1,0,0,0,0,0,0,0,0,-1,0,0,0,0,0
7tln,A,70,ALA,1.8,88.6,0.0,0,0,H,0.0,-67.3,-44.0,24.0,29.0,0.4528301886792453,6.021811104527108,46,26,25,1,0.0526889899493677,1,0,0,0,0,0,0,0,0,-1,0,0,0,0,0
7tln,A,71,VAL,4.2,140.0,0.0,0,0,H,0.0,-52.7,-52.3,24.0,29.0,0.4528301886792453,4.910579662798178,39,27,24,3,0.05595290968074446,1,0,0,0,0,0,0,0,0,12,8,8,0,0,1
7tln,A,72,ASP,-3.5,111.1,-1.0,1,3,H,0.0,-69.1,-43.7,24.0,23.0,0.5106382978723404,4.990138121420377,38,28,12,16,0.05129016720734909,1,0,0,0,0,0,0,0,0,12,8,8,0,0,1
7tln,A,73,ALA,1.8,88.6,0.0,0,0,H,0.0,-62.1,-46.1,29.0,22.0,0.5686274509803921,6.101449569374815,43,19,11,8,0.05175644145468863,1,0,0,0,0,0,0,0,0,-1,0,0,0,0,0
7tln,A,74,HIS,-3.2,153.2,0.1,2,1,H,0.016304347826086956,-58.1,-56.5,28.0,24.0,0.5384615384615384,2.5541353269310756,43,16,16,0,0.05408781269138631,1,0,0,0,0,0,0,0,0,-1,0,0,0,0,0
7tln,A,75,TYR,-1.3,193.6,0.0,1,1,H,0.42792792792792794,-61.1,-50.1,22.0,23.0,0.4888888888888889,2.0136744347793996,35,30,23,7,0.045694876239274644,1,0,0,0,0,0,0,0,0,12,8,8,0,0,1
7tln,A,76,TYR,-1.3,193.6,0.0,1,1,H,0.03153153153153153,-69.7,-25.7,26.0,19.0,0.5777777777777777,3.3776837063872702,42,23,27,-4,0.045694876239274644,1,0,0,0,0,0,0,0,0,12,8,8,0,0,1
7tln,A,77,ALA,1.8,88.6,0.0,0,0,H,0.0,-67.5,-36.2,28.0,22.0,0.56,4.389684718512972,41,25,20,5,0.04662742473395372,1,0,0,0,0,0,0,0,0,-1,0,0,0,0,0
7tln,A,78,GLY,-0.4,60.1,0.0,0,0,H,0.0,-60.1,-50.6,17.0,25.0,0.40476190476190477,2.3750412727487236,37,23,19,4,0.045694876239274644,1,0,0,0,0,0,0,0,0,-1,0,0,0,0,0
7tln,A,79,VAL,4.2,140.0,0.0,0,0,H,0.1056338028169014,-62.3,-35.0,16.0,19.0,0.45714285714285713,2.21973166655733,34,17,17,0,0.04289723075523742,1,0,0,0,0,0,0,0,0,11,15,7,0,1,1
7tln,A,80,THR,-0.7,116.1,0.0,1,1,H,0.0,-64.9,-44.3,25.0,18.0,0.5813953488372093,6.0601466236486505,42,19,20,-1,0.04989134446533048,1,0,0,0,0,0,0,0,0,-1,0,0,0,0,0
7tln,A,81,TYR,-1.3,193.6,0.0,1,1,H,0.05855855855855856,-62.2,-45.3,20.0,23.0,0.46511627906976744,3.409290460643943,36,30,18,12,0.048958795970651406,1,0,0,0,0,0,0,0,0,2,555,8,0,46,1
7tln,A,82,ASP,-3.5,111.1,-1.0,1,3,H,0.2392638036809816,-59.0,-44.3,9.0,18.0,0.3333333333333333,2.1100809297685106,30,26,2,24,0.04289723075523742,1,0,0,0,0,0,0,0,0,-1,0,0,0,0,0
7tln,A,83,TYR,-1.3,193.6,0.0,1,1,H,0.04504504504504504,-60.2,-51.2,21.0,12.0,0.6363636363636364,3.5405293598839744,34,27,15,12,0.048026247475972325,1,0,0,0,0,0,0,0,0,-1,0,0,0,0,0
7tln,A,84,TYR,-1.3,193.6,0.0,1,1,H,0.009009009009009009,-60.1,-42.7,20.0,13.0,0.6060606060606061,6.413217685480157,38,29,8,21,0.05455408693872585,1,0,0,0,0,0,0,0,0,9,24,7,0,2,1
7tln,A,85,LYS,-3.9,168.6,1.0,2,0,H,0.44878048780487806,-71.4,-48.6,11.0,11.0,0.5,2.3261651628267974,21,22,8,14,0.045694876239274644,1,0,0,0,0,0,0,0,0,-1,0,0,0,0,0
7tln,A,86,ASN,-3.5,114.1,0.0,2,2,H,0.6242038216560509,-71.7,-42.8,7.0,8.0,0.4666666666666667,1.7988673613928052,15,25,8,17,0.03403802005578621,1,0,0,0,0,0,0,0,0,-1,0,0,0,0,0
7tln,A,87,VAL,4.2,140.0,0.0,0,0,H,0.3873239436619718,-86.5,-39.1,16.0,6.0,0.7272727272727273,1.9891507741641372,21,36,13,23,0.03403802005578621,1,0,0,0,0,0,0,0,0,9,24,7,0,2,1
7tln,A,88,HIS,-3.2,153.2,0.1,2,1,H,0.11413043478260869,-120.1,3.6,23.0,5.0,0.8214285714285714,2.1965875245535846,28,30,7,23,0.03776821403450251,1,0,0,0,0,0,0,0,0,9,24,7,0,2,1
7tln,A,89,ASN,-3.5,114.1,0.0,2,2,-,0.8980891719745223,67.2,30.6,2.0,17.0,0.10526315789473684,1.814064306513192,14,31,2,29,0.030774100324409453,0,0,0,0,0,0,0,0,0,9,24,7,0,2,1
7tln,A,90,ARG,-4.5,173.4,1.0,5,0,-,0.12096774193548387,-111.7,128.4,17.0,9.0,0.6538461538461539,2.3508694070640903,29,18,11,7,0.043363505002576956,0,0,0,0,0,0,0,0,0,9,24,7,0,2,1
7tln,A,91,LEU,3.8,166.7,0.0,0,0,-,0.35365853658536583,-96.0,104.5,7.0,19.0,0.2692307692307692,2.3675407787418044,24,30,18,12,0.04429605349725603,0,0,0,0,0,0,0,0,0,2,555,8,0,46,1
7tln,A,92,SER,-0.8,89.0,0.0,1,1,T,0.023076923076923078,64.3,-175.2,14.0,19.0,0.42424242424242425,5.103278134250961,34,26,20,6,0.05408781269138631,0,0,0,0,0,1,0,0,0,2,555,8,0,46,1
7tln,A,93,TYR,-1.3,193.6,0.0,1,1,T,0.09009009009009009,-70.4,-26.9,21.0,19.0,0.525,3.6810227976407734,32,20,25,-5,0.05129016720734909,0,0,0,0,0,1,0,0,0,2,555,8,0,46,1
7tln,A,94,ASP,-3.5,111.1,-1.0,1,3,T,0.2822085889570552,-93.6,-12.0,9.0,21.0,0.3,2.2357970001966123,22,11,9,2,0.040099585271200194,0,0,0,0,0,1,0,0,0,2,555,8,0,46,1
7tln,A,95,GLY,-0.4,60.1,0.0,0,0,S,0.34523809523809523,86.1,5.7,8.0,16.0,0.3333333333333333,1.943587273773831,22,17,11,6,0.032639197313767604,0,0,0,0,0,0,1,0,0,-1,0,0,0,0,0
7tln,A,96,ASN,-3.5,114.1,0.0,2,2,S,0.821656050955414,-128.6,26.5,1.0,18.0,0.05263157894736842,1.8076692071959777,14,10,14,-4,0.02797645484037223,0,0,0,0,0,0,1,0,0,2,555,8,0,46,1
7tln,A,97,ASN,-3.5,114.1,0.0,2,2,-,0.2356687898089172,63.5,30.4,6.0,17.0,0.2608695652173913,2.160835599255309,20,22,16,6,0.04103213376587927,0,0,0,0,0,0,0,0,0,2,555,8,0,46,1
7tln,A,98,ALA,1.8,88.6,0.0,0,0,P,0.1792452830188679,-62.0,139.7,12.0,11.0,0.5217391304347826,2.370280119267563,23,18,16,2,0.03963331102386066,0,0,0,0,0,0,0,0,0,2,555,8,0,46,1
7tln,A,99,ALA,1.8,88.6,0.0,0,0,P,0.1792452830188679,-55.8,136.1,10.0,20.0,0.3333333333333333,1.937711713224202,30,16,22,-6,0.04243095650789788,0,0,0,0,0,0,0,0,0,2,555,8,0,46,1
7tln,A,100,ILE,4.5,166.7,0.0,0,0,E,0.011834319526627219,-98.1,124.6,29.0,18.0,0.6170212765957447,3.984603561135799,37,28,27,1,0.04709369898129325,0,0,1,0,0,0,0,0,0,2,555,8,0,46,1
7tln,A,101,ARG,-4.5,173.4,1.0,5,0,E,0.3588709677419355,-125.7,142.1,15.0,29.0,0.3409090909090909,2.262695849916376,29,2,15,-13,0.048492521723311866,0,0,1,0,0,0,0,0,0,-1,0,0,0,0,0
7tln,A,102,SER,-0.8,89.0,0.0,1,1,E,0.0,-140.8,137.3,27.0,21.0,0.5625,5.675943419386134,44,22,17,5,0.05175644145468863,0,0,1,0,0,0,0,0,0,-1,0,0,0,0,0
7tln,A,103,SER,-0.8,89.0,0.0,1,1,E,0.0,-122.8,131.5,21.0,26.0,0.44680851063829785,6.034827301019722,41,27,19,8,0.05502036118606539,0,0,1,0,0,0,0,0,0,-1,0,0,0,0,0
7tln,A,104,VAL,4.2,140.0,0.0,0,0,E,0.0,-113.4,163.5,21.0,30.0,0.4117647058823529,6.388995123703155,46,24,27,-3,0.05595290968074446,0,0,1,0,0,0,0,0,0,-1,0,0,0,0,0
7tln,A,105,HIS,-3.2,153.2,0.1,2,1,S,0.03804347826086957,66.3,36.1,16.0,27.0,0.37209302325581395,3.4564016394732526,37,14,22,-8,0.053621538444046775,0,0,0,0,0,0,1,0,0,1,1485,9,0,198,1
7tln,A,106,TYR,-1.3,193.6,0.0,1,1,-,0.15315315315315314,-79.5,125.6,21.0,15.0,0.5833333333333334,3.3036536156687393,32,20,14,6,0.05688545817542354,0,0,0,0,0,0,0,0,0,1,1485,9,0,198,1
7tln,A,107,SER,-0.8,89.0,0.0,1,1,T,0.23846153846153847,58.4,-165.9,11.0,15.0,0.4230769230769231,2.097306130934072,25,24,10,14,0.04243095650789788,0,0,0,0,0,1,0,0,0,1,1485,9,0,198,1
7tln,A,108,GLN,-3.5,143.8,0.0,2,2,T,0.8181818181818182,-114.0,125.8,0.0,20.0,0.0,1.7529419044817651,15,20,13,7,0.032172923066428064,0,0,0,0,0,1,0,0,0,1,1485,9,0,198,1
7tln,A,109,GLY,-0.4,60.1,0.0,0,0,T,0.4642857142857143,55.5,40.8,4.0,20.0,0.16666666666666666,1.785956343434594,21,6,16,-10,0.030307826077069916,0,0,0,0,0,1,0,0,0,-1,0,0,0,0,0
7tln,A,110,TYR,-1.3,193.6,0.0,1,1,-,0.3333333333333333,-83.2,118.1,16.0,10.0,0.6153846153846154,2.341459136379525,24,6,14,-8,0.03776821403450251,0,0,0,0,0,0,0,0,0,1,1485,9,0,198,1
7tln,A,111,ASN,-3.5,114.1,0.0,2,2,-,0.3184713375796178,-93.5,54.2,8.0,20.0,0.2857142857142857,2.03265545237413,24,0,14,-14,0.04103213376587927,0,0,0,0,0,0,0,0,0,-1,0,0,0,0,0
7tln,A,112,ASN,-3.5,114.1,0.0,2,2,-,0.5477707006369427,-172.7,172.9,2.0,31.0,0.06060606060606061,2.2483411282566634,29,9,10,-1,0.03683566553982344,0,0,0,0,0,0,0,0,0,-1,0,0,0,0,0
7tln,A,113,ALA,1.8,88.6,0.0,0,0,E,0.018867924528301886,-137.8,164.3,25.0,14.0,0.6410256410256411,1.9750565530622128,34,19,15,4,0.04476232774459557,0,0,1,0,0,0,0,0,0,-1,0,0,0,0,0
7tln,A,114,PHE,2.8,189.9,0.0,0,0,E,0.25380710659898476,-171.4,153.3,6.0,25.0,0.1935483870967742,2.1561673733339943,26,9,18,-9,0.04196468226055834,0,0,1,0,0,0,0,0,0,1,1485,9,0,198,1
7tln,A,115,TRP,-0.9,227.8,0.0,1,0,E,0.11894273127753303,-93.7,116.0,17.0,12.0,0.5862068965517241,2.3625585034966727,29,19,26,-7,0.04662742473395372,0,0,1,0,0,0,0,0,0,-1,0,0,0,0,0
7tln,A,116,ASN,-3.5,114.1,0.0,2,2,-,0.4267515923566879,-97.4,20.6,10.0,9.0,0.5263157894736842,1.9526275821532504,20,8,18,-10,0.03170664881908853,0,0,0,0,0,0,0,0,0,-1,0,0,0,0,0
7tln,A,117,GLY,-0.4,60.1,0.0,0,0,S,0.5119047619047619,98.8,-28.0,2.0,21.0,0.08695652173913043,1.7097219205398881,18,10,19,-9,0.026577632098353617,0,0,0,0,0,0,1,0,0,-1,0,0,0,0,0
7tln,A,118,SER,-0.8,89.0,0.0,1,1,S,0.5692307692307692,-133.5,-12.9,2.0,22.0,0.08333333333333333,1.7873227724012704,22,12,14,-2,0.028909003335051305,0,0,0,0,0,0,1,0,0,-1,0,0,0,0,0
7tln,A,119,GLU,-3.5,138.4,-1.0,1,3,-,0.07216494845360824,-164.0,166.6,15.0,19.0,0.4411764705882353,2.7128098018999136,29,11,3,8,0.04289723075523742,0,0,0,0,0,0,0,0,0,-1,0,0,0,0,0
7tln,A,120,MET,1.9,162.9,0.0,0,0,E,0.0,-92.4,142.7,27.0,16.0,0.627906976744186,6.098630136184372,39,20,18,2,0.05222271570202816,0,0,1,0,0,0,0,0,0,-1,0,0,0,0,0
7tln,A,121,VAL,4.2,140.0,0.0,0,0,E,0.007042253521126761,-127.4,136.8,18.0,26.0,0.4090909090909091,4.910440466740195,34,10,18,-8,0.053621538444046775,0,0,1,0,0,0,0,0,0,1,1485,9,0,198,1
7tln,A,122,TYR,-1.3,193.6,0.0,1,1,E,0.009009009009009009,-129.4,118.9,25.0,23.0,0.5208333333333334,6.285634147178787,44,13,29,-16,0.05502036118606539,0,0,1,0,0,0,0,0,0,-1,0,0,0,0,0
7tln,A,123,GLY,-0.4,60.1,0.0,0,0,-,0.011904761904761904,-80.9,168.2,15.0,23.0,0.39473684210526316,5.16837782458883,36,11,13,-2,0.05735173242276307,0,0,0,0,0,0,0,0,0,1,1485,9,0,198,1
7tln,A,124,ASP,-3.5,111.1,-1.0,1,3,-,0.17177914110429449,-92.4,-9.9,17.0,24.0,0.4146341463414634,2.0762874512126097,36,13,8,5,0.048958795970651406,0,0,0,0,0,0,0,0,0,-1,0,0,0,0,0
7tln,A,125,GLY,-0.4,60.1,0.0,0,0,-,0.08333333333333333,77.6,172.1,15.0,15.0,0.5,2.314338274212619,28,8,16,-8,0.04616115048661418,0,0,0,0,0,0,0,0,0,-1,0,0,0,0,0
7tln,A,126,ASP,-3.5,111.1,-1.0,1,3,-,0.4539877300613497,-98.0,1.4,4.0,18.0,0.18181818181818182,1.8660140031809456,19,0,7,-7,0.03310547156110714,0,0,0,0,0,0,0,0,0,-1,0,0,0,0,0
7tln,A,127,GLY,-0.4,60.1,0.0,0,0,S,0.5833333333333334,86.2,3.2,2.0,19.0,0.09523809523809523,1.7097499591467025,17,0,14,-14,0.029375277582390842,0,0,0,0,0,0,1,0,0,-1,0,0,0,0,0
7tln,A,128,GLN,-3.5,143.8,0.0,2,2,S,0.797979797979798,-129.7,-44.1,2.0,15.0,0.11764705882352941,1.8250852073985868,14,0,9,-9,0.02984155182973038,0,0,0,0,0,0,1,0,0,-1,0,0,0,0,0
7tln,A,129,THR,-0.7,116.1,0.0,1,1,S,0.36619718309859156,-80.6,-39.7,9.0,17.0,0.34615384615384615,2.2993296541488903,22,0,13,-13,0.03776821403450251,0,0,0,0,0,0,1,0,0,-1,0,0,0,0,0
7tln,A,130,PHE,2.8,189.9,0.0,0,0,B,0.07614213197969544,-147.4,152.9,18.0,15.0,0.5454545454545454,3.183795457841785,32,0,23,-23,0.04989134446533048,0,1,0,0,0,0,0,0,0,-1,0,0,0,0,0
7tln,A,131,ILE,4.5,166.7,0.0,0,0,S,0.24260355029585798,-105.4,165.9,13.0,20.0,0.3939393939393939,2.5481784900435027,31,0,25,-25,0.04616115048661418,0,0,0,0,0,0,1,0,0,-1,0,0,0,0,0
7tln,A,132,PRO,-1.6,112.7,0.0,0,0,-,0.20588235294117646,-42.2,108.5,21.0,26.0,0.44680851063829785,3.1752271204765035,39,9,26,-17,0.04476232774459557,0,0,0,0,0,0,0,0,0,-1,0,0,0,0,0
7tln,A,133,LEU,3.8,166.7,0.0,0,0,G,0.03048780487804878,-47.4,-31.5,27.0,24.0,0.5294117647058824,4.098737965123172,42,2,29,-27,0.050823892960009553,0,0,0,1,0,0,0,0,0,-1,0,0,0,0,0
7tln,A,134,SER,-0.8,89.0,0.0,1,1,G,0.0,-69.8,-1.0,24.0,24.0,0.5,6.3393025225065065,44,13,31,-18,0.0526889899493677,0,0,0,1,0,0,0,0,0,-1,0,0,0,0,0
7tln,A,135,GLY,-0.4,60.1,0.0,0,0,G,0.0,-79.4,-5.2,21.0,21.0,0.5,4.228919972984486,40,11,38,-27,0.0526889899493677,0,0,0,1,0,0,0,0,0,-1,0,0,0,0,0
7tln,A,136,GLY,-0.4,60.1,0.0,0,0,-,0.0,-104.3,116.8,25.0,19.0,0.5681818181818182,5.4718723775460445,38,14,47,-33,0.04989134446533048,0,0,0,0,0,0,0,0,0,-1,0,0,0,0,0
7tln,A,137,ILE,4.5,166.7,0.0,0,0,H,0.005917159763313609,-61.3,-37.4,20.0,27.0,0.425531914893617,4.336823346444369,45,15,42,-27,0.04709369898129325,1,0,0,0,0,0,0,0,0,-1,0,0,0,0,0
7tln,A,138,ASP,-3.5,111.1,-1.0,1,3,H,0.0,-65.8,-29.1,25.0,23.0,0.5208333333333334,4.103258261238408,42,24,55,-31,0.053155264196707235,1,0,0,0,0,0,0,0,0,-1,0,0,0,0,0
7tln,A,139,VAL,4.2,140.0,0.0,0,0,H,0.09154929577464789,-68.2,-49.7,23.0,25.0,0.4791666666666667,2.2170291865508056,47,18,48,-30,0.04755997322863279,1,0,0,0,0,0,0,0,0,-1,0,0,0,0,0
7tln,A,140,VAL,4.2,140.0,0.0,0,0,H,0.0,-59.9,-43.5,27.0,25.0,0.5192307692307693,5.426813663354295,44,20,29,-9,0.0526889899493677,1,0,0,0,0,0,0,0,0,-1,0,0,0,0,0
7tln,A,141,ALA,1.8,88.6,0.0,0,0,H,0.0,-77.3,-27.3,26.0,23.0,0.5306122448979592,5.701459863375301,40,19,32,-13,0.053621538444046775,1,0,0,0,0,0,0,0,0,-1,0,0,0,0,0
7tln,A,142,HIS,-3.2,153.2,0.1,2,1,H,0.04891304347826087,-65.5,-45.8,15.0,22.0,0.40540540540540543,2.6081188639051183,42,19,34,-15,0.053621538444046775,1,0,0,0,0,0,0,0,0,-1,0,0,0,0,0
7tln,A,143,GLU,-3.5,138.4,-1.0,1,3,H,0.09278350515463918,-64.8,-43.9,24.0,23.0,0.5106382978723404,2.9892048212900186,40,24,21,3,0.05222271570202816,1,0,0,0,0,0,0,0,0,-1,0,0,0,0,0
7tln,A,144,LEU,3.8,166.7,0.0,0,0,H,0.012195121951219513,-70.1,-33.8,24.0,24.0,0.5,6.893834425625075,45,25,21,4,0.05175644145468863,1,0,0,0,0,0,0,0,0,-1,0,0,0,0,0
7tln,A,145,THR,-0.7,116.1,0.0,1,1,H,0.0,-62.1,-31.1,22.0,23.0,0.4888888888888889,6.385979316630012,40,25,33,-8,0.0526889899493677,1,0,0,0,0,0,0,0,0,-1,0,0,0,0,0
7tln,A,146,HIS,-3.2,153.2,0.1,2,1,H,0.07608695652173914,-61.2,-31.7,16.0,24.0,0.4,2.1704735839121216,42,14,33,-19,0.050823892960009553,1,0,0,0,0,0,0,0,0,-1,0,0,0,0,0
7tln,A,147,ALA,1.8,88.6,0.0,0,0,H,0.0,-64.5,-45.5,21.0,16.0,0.5675675675675675,3.6968413088494065,36,20,28,-8,0.04989134446533048,1,0,0,0,0,0,0,0,0,-1,0,0,0,0,0
7tln,A,148,VAL,4.2,140.0,0.0,0,0,H,0.0,-55.6,-56.3,20.0,20.0,0.5,5.655213082975124,31,24,19,5,0.05175644145468863,1,0,0,0,0,0,0,0,0,-1,0,0,0,0,0
7tln,A,149,THR,-0.7,116.1,0.0,1,1,H,0.0,-53.3,-40.4,21.0,18.0,0.5384615384615384,3.7350312873035745,38,17,16,1,0.04709369898129325,1,0,0,0,0,0,0,0,0,-1,0,0,0,0,0
7tln,A,150,ASP,-3.5,111.1,-1.0,1,3,H,0.4539877300613497,-59.4,-44.2,12.0,20.0,0.375,1.8357276761912678,25,13,5,8,0.03870076252918159,1,0,0,0,0,0,0,0,0,-1,0,0,0,0,0
7tln,A,151,TYR,-1.3,193.6,0.0,1,1,H,0.5675675675675675,-82.1,-14.6,12.0,15.0,0.4444444444444444,1.8309150764949678,22,10,16,-6,0.03403802005578621,1,0,0,0,0,0,0,0,0,-1,0,0,0,0,0
7tln,A,152,THR,-0.7,116.1,0.0,1,1,T,0.2887323943661972,-111.1,-99.8,19.0,8.0,0.7037037037037037,2.0583080448946154,28,11,13,-2,0.03170664881908853,0,0,0,0,0,1,0,0,0,-1,0,0,0,0,0
7tln,A,153,ALA,1.8,88.6,0.0,0,0,T,0.05660377358490566,-56.8,-41.5,27.0,7.0,0.7941176470588235,1.9226402047323403,29,6,8,-2,0.04243095650789788,0,0,0,0,0,1,0,0,0,4,658,4,0,28,1
7tln,A,154,GLY,-0.4,60.1,0.0,0,0,-,0.27380952380952384,77.0,29.9,5.0,25.0,0.16666666666666666,1.8421193860236869,25,5,8,-3,0.0363693912924839,0,0,0,0,0,0,0,0,0,4,658,4,0,28,1
7tln,A,155,LEU,3.8,166.7,0.0,0,0,-,0.03048780487804878,-50.9,122.6,25.0,10.0,0.7142857142857143,3.546746855693132,34,7,18,-11,0.048958795970651406,0,0,0,0,0,0,0,0,0,4,658,4,0,28,1
7tln,A,156,ILE,4.5,166.7,0.0,0,0,-,0.39644970414201186,-59.7,140.2,9.0,18.0,0.3333333333333333,2.2521161620193495,22,0,10,-10,0.03683566553982344,0,0,0,0,0,0,0,0,0,4,658,4,0,28,1
7tln,A,157,TYR,-1.3,193.6,0.0,1,1,S,0.40540540540540543,-76.7,52.4,7.0,22.0,0.2413793103448276,1.7795559161908419,27,19,25,-6,0.0363693912924839,0,0,0,0,0,0,1,0,0,13,3,8,0,0,1
7tln,A,158,GLN,-3.5,143.8,0.0,2,2,S,0.51010101010101,-161.0,154.8,7.0,22.0,0.2413793103448276,1.9677802412639198,22,0,10,-10,0.03730193978716297,0,0,0,0,0,0,1,0,0,13,3,8,0,0,1
7tln,A,159,ASN,-3.5,114.1,0.0,2,2,H,0.6178343949044586,55.9,-146.8,7.0,24.0,0.22580645161290322,1.9416308333981742,30,3,16,-13,0.03776821403450251,1,0,0,0,0,0,0,0,0,-1,0,0,0,0,0
7tln,A,160,GLU,-3.5,138.4,-1.0,1,3,H,0.20618556701030927,-59.5,-41.0,13.0,25.0,0.34210526315789475,2.03607778074268,32,9,0,9,0.04429605349725603,1,0,0,0,0,0,0,0,0,-1,0,0,0,0,0
7tln,A,161,SER,-0.8,89.0,0.0,1,1,H,0.1,-67.8,-31.3,15.0,20.0,0.42857142857142855,2.7157390078067754,33,0,14,-14,0.04942507021799094,1,0,0,0,0,0,0,0,0,4,658,4,0,28,1
7tln,A,162,GLY,-0.4,60.1,0.0,0,0,H,0.0,-74.4,-24.5,11.0,24.0,0.3142857142857143,4.859384525597943,36,16,24,-8,0.04989134446533048,1,0,0,0,0,0,0,0,0,-1,0,0,0,0,0
7tln,A,163,ALA,1.8,88.6,0.0,0,0,H,0.0,-72.6,-39.0,22.0,18.0,0.55,5.134335733147216,41,18,28,-10,0.05781800667010261,1,0,0,0,0,0,0,0,0,-1,0,0,0,0,0
7tln,A,164,ILE,4.5,166.7,0.0,0,0,H,0.0,-63.5,-43.1,22.0,24.0,0.4782608695652174,6.203795933388249,44,4,19,-15,0.05175644145468863,1,0,0,0,0,0,0,0,0,-1,0,0,0,0,0
7tln,A,165,ASN,-3.5,114.1,0.0,2,2,H,0.025477707006369428,-58.8,-47.3,25.0,23.0,0.5208333333333334,3.7128002260042052,41,26,29,-3,0.053155264196707235,1,0,0,0,0,0,0,0,0,-1,0,0,0,0,0
7tln,A,166,GLU,-3.5,138.4,-1.0,1,3,H,0.005154639175257732,-61.1,-48.7,21.0,24.0,0.4666666666666667,3.833991985964961,37,37,22,15,0.05502036118606539,1,0,0,0,0,0,0,0,0,-1,0,0,0,0,0
7tln,A,167,ALA,1.8,88.6,0.0,0,0,H,0.0,-56.8,-41.6,25.0,19.0,0.5681818181818182,7.923510194903825,42,33,19,14,0.0526889899493677,1,0,0,0,0,0,0,0,0,-1,0,0,0,0,0
7tln,A,168,ILE,4.5,166.7,0.0,0,0,H,0.0,-62.7,-42.8,25.0,27.0,0.4807692307692308,8.024674495829885,43,20,19,1,0.050823892960009553,1,0,0,0,0,0,0,0,0,-1,0,0,0,0,0
7tln,A,169,SER,-0.8,89.0,0.0,1,1,H,0.0,-58.6,-43.0,24.0,19.0,0.5581395348837209,5.355536847972869,42,27,31,-4,0.0526889899493677,1,0,0,0,0,0,0,0,0,-1,0,0,0,0,0
7tln,A,170,ASP,-3.5,111.1,-1.0,1,3,H,0.0,-68.5,-44.9,26.0,21.0,0.5531914893617021,4.889833940955995,43,35,29,6,0.05222271570202816,1,0,0,0,0,0,0,0,0,-1,0,0,0,0,0
7tln,A,171,ILE,4.5,166.7,0.0,0,0,H,0.005917159763313609,-58.9,-54.7,25.0,24.0,0.5102040816326531,7.114129997563339,46,21,18,3,0.048492521723311866,1,0,0,0,0,0,0,0,0,-1,0,0,0,0,0
7tln,A,172,PHE,2.8,189.9,0.0,0,0,H,0.0,-73.9,-23.1,24.0,23.0,0.5106382978723404,5.5639827627959315,44,24,15,9,0.048958795970651406,1,0,0,0,0,0,0,0,0,-1,0,0,0,0,0
7tln,A,173,GLY,-0.4,60.1,0.0,0,0,H,0.0,-74.2,-32.7,22.0,21.0,0.5116279069767442,6.363731618400141,41,12,44,-32,0.056419183928083996,1,0,0,0,0,0,0,0,0,-1,0,0,0,0,0
7tln,A,174,THR,-0.7,116.1,0.0,1,1,H,0.0,-65.5,-45.2,21.0,25.0,0.45652173913043476,5.316105388197971,41,17,42,-25,0.05735173242276307,1,0,0,0,0,0,0,0,0,-1,0,0,0,0,0
7tln,A,175,LEU,3.8,166.7,0.0,0,0,H,0.06097560975609756,-58.8,-40.9,22.0,24.0,0.4782608695652174,2.0890351706405994,41,21,30,-9,0.04709369898129325,1,0,0,0,0,0,0,0,0,11,15,7,0,1,1
7tln,A,176,VAL,4.2,140.0,0.0,0,0,H,0.0,-64.8,-44.3,28.0,16.0,0.6363636363636364,4.482876283389361,37,16,25,-9,0.0526889899493677,1,0,0,0,0,0,0,0,0,11,15,7,0,1,1
7tln,A,177,GLU,-3.5,138.4,-1.0,1,3,H,0.0,-62.1,-35.8,22.0,12.0,0.6470588235294118,4.885759193896881,36,14,35,-21,0.050823892960009553,1,0,0,0,0,0,0,0,0,11,15,7,0,1,1
7tln,A,178,PHE,2.8,189.9,0.0,0,0,H,0.15736040609137056,-72.5,-40.9,11.0,15.0,0.4230769230769231,2.3415506168654194,28,17,27,-10,0.043363505002576956,1,0,0,0,0,0,0,0,0,11,15,7,0,1,1
7tln,A,179,TYR,-1.3,193.6,0.0,1,1,H,0.40540540540540543,-52.2,-46.9,19.0,9.0,0.6785714285714286,1.8871624203905262,27,11,15,-4,0.03683566553982344,1,0,0,0,0,0,0,0,0,11,15,7,0,1,1
7tln,A,180,ALA,1.8,88.6,0.0,0,0,H,0.39622641509433965,-80.7,-13.0,19.0,6.0,0.76,1.9440132612995356,21,11,14,-3,0.03403802005578621,1,0,0,0,0,0,0,0,0,11,15,7,0,1,1
7tln,A,181,ASN,-3.5,114.1,0.0,2,2,T,0.8471337579617835,63.0,37.8,0.0,15.0,0.0,1.9060239579579914,14,12,10,2,0.02797645484037223,0,0,0,0,0,1,0,0,0,11,15,7,0,1,1
7tln,A,182,LYS,-3.9,168.6,1.0,2,0,S,0.2,-96.7,67.8,17.0,5.0,0.7727272727272727,2.120976194232325,26,2,43,-41,0.032172923066428064,0,0,0,0,0,0,1,0,0,-1,0,0,0,0,0
7tln,A,183,ASN,-3.5,114.1,0.0,2,2,S,0.8471337579617835,53.3,63.3,6.0,12.0,0.3333333333333333,1.7220920894802272,15,9,33,-24,0.02844272908771177,0,0,0,0,0,0,1,0,0,-1,0,0,0,0,0
7tln,A,184,PRO,-1.6,112.7,0.0,0,0,-,0.3235294117647059,-72.2,149.3,11.0,11.0,0.5,2.1026259629828594,19,15,35,-20,0.03730193978716297,0,0,0,0,0,0,0,0,0,-1,0,0,0,0,0
7tln,A,185,ASP,-3.5,111.1,-1.0,1,3,-,0.22699386503067484,-158.7,-176.0,13.0,20.0,0.3939393939393939,2.2532359163160796,29,11,41,-30,0.0363693912924839,0,0,0,0,0,0,0,0,0,-1,0,0,0,0,0
7tln,A,186,TRP,-0.9,227.8,0.0,1,0,S,0.1013215859030837,-112.0,25.0,13.0,22.0,0.37142857142857144,2.8604915066710808,35,18,36,-18,0.04289723075523742,0,0,0,0,0,0,1,0,0,15,0,12,0,0,1
7tln,A,187,GLU,-3.5,138.4,-1.0,1,3,E,0.14432989690721648,-105.8,158.1,15.0,22.0,0.40540540540540543,2.6871912076089792,28,14,51,-37,0.04662742473395372,0,0,1,0,0,0,0,0,0,-1,0,0,0,0,0
7tln,A,188,ILE,4.5,166.7,0.0,0,0,E,0.023668639053254437,-113.7,124.1,23.0,19.0,0.5476190476190477,3.8221794642765476,37,22,61,-39,0.05129016720734909,0,0,1,0,0,0,0,0,0,-1,0,0,0,0,0
7tln,A,189,GLY,-0.4,60.1,0.0,0,0,S,0.0,65.0,22.1,18.0,22.0,0.45,3.875840543481863,37,16,56,-40,0.04989134446533048,0,0,0,0,0,0,1,0,0,-1,0,0,0,0,0
7tln,A,190,GLU,-3.5,138.4,-1.0,1,3,T,0.19072164948453607,-56.4,-26.2,15.0,18.0,0.45454545454545453,2.45556752865908,32,11,46,-35,0.04289723075523742,0,0,0,0,0,1,0,0,0,-1,0,0,0,0,0
7tln,A,191,ASP,-3.5,111.1,-1.0,1,3,T,0.2331288343558282,-80.1,-20.1,16.0,18.0,0.47058823529411764,1.7868646140314868,33,8,38,-30,0.029375277582390842,0,0,0,0,0,1,0,0,0,-1,0,0,0,0,0
7tln,A,192,VAL,4.2,140.0,0.0,0,0,T,0.007042253521126761,-121.2,-10.1,24.0,17.0,0.5853658536585366,2.683874023979047,39,2,34,-32,0.045694876239274644,0,0,0,0,0,1,0,0,0,-1,0,0,0,0,0
7tln,A,193,TYR,-1.3,193.6,0.0,1,1,B,0.2702702702702703,-88.1,137.1,12.0,22.0,0.35294117647058826,2.41312937177332,26,7,24,-17,0.04709369898129325,0,1,0,0,0,0,0,0,0,7,285,3,0,8,1
7tln,A,194,THR,-0.7,116.1,0.0,1,1,-,0.1267605633802817,39.1,75.5,7.0,16.0,0.30434782608695654,2.1348314748704467,22,0,20,-20,0.04289723075523742,0,0,0,0,0,0,0,0,0,7,285,3,0,8,1
7tln,A,195,PRO,-1.6,112.7,0.0,0,0,T,0.5,-54.0,-20.8,13.0,11.0,0.5416666666666666,1.9651348591448685,20,0,21,-21,0.03170664881908853,0,0,0,0,0,1,0,0,0,7,285,3,0,8,1
7tln,A,196,GLY,-0.4,60.1,0.0,0,0,T,0.8571428571428571,-84.5,-27.6,4.0,12.0,0.25,1.709624216692728,14,0,9,-9,0.020516066882939634,0,0,0,0,0,1,0,0,0,7,285,3,0,8,1
7tln,A,197,ILE,4.5,166.7,0.0,0,0,S,0.6390532544378699,-100.1,139.3,10.0,5.0,0.6666666666666666,1.9677571904437268,14,0,11,-11,0.022847438119637322,0,0,0,0,0,0,1,0,0,7,285,3,0,8,1
7tln,A,198,SER,-0.8,89.0,0.0,1,1,S,0.8846153846153846,-104.1,152.5,0.0,11.0,0.0,1.7395625918374673,12,1,14,-13,0.020049792635600097,0,0,0,0,0,0,1,0,0,7,285,3,0,8,1
7tln,A,199,GLY,-0.4,60.1,0.0,0,0,S,0.8809523809523809,71.7,1.7,1.0,18.0,0.05263157894736842,1.7095817445295214,18,5,30,-25,0.019117244140921023,0,0,0,0,0,0,1,0,0,7,285,3,0,8,1
7tln,A,200,ASP,-3.5,111.1,-1.0,1,3,-,0.19631901840490798,-100.0,175.7,10.0,13.0,0.43478260869565216,1.7252284476276276,22,11,21,-10,0.0363693912924839,0,0,0,0,0,0,0,0,0,7,285,3,0,8,1
7tln,A,201,SER,-0.8,89.0,0.0,1,1,-,0.007692307692307693,-160.5,171.0,17.0,13.0,0.5666666666666667,2.141788815039201,28,20,42,-22,0.04616115048661418,0,0,0,0,0,0,0,0,0,7,285,3,0,8,1
7tln,A,202,LEU,3.8,166.7,0.0,0,0,S,0.35365853658536583,-75.7,-39.6,16.0,18.0,0.47058823529411764,2.0892053913403976,29,21,37,-16,0.03823448828184205,0,0,0,0,0,0,1,0,0,-1,0,0,0,0,0
7tln,A,203,ARG,-4.5,173.4,1.0,5,0,E,0.10887096774193548,-151.0,148.1,22.0,16.0,0.5789473684210527,2.798680397036095,37,17,49,-32,0.04476232774459557,0,0,1,0,0,0,0,0,0,-1,0,0,0,0,0
7tln,A,204,SER,-0.8,89.0,0.0,1,1,E,0.015384615384615385,-108.8,135.6,12.0,24.0,0.3333333333333333,3.751545842944805,33,30,50,-20,0.04942507021799094,0,0,1,0,0,0,0,0,0,15,0,12,0,0,1
7tln,A,205,MET,1.9,162.9,0.0,0,0,S,0.0,-90.8,-36.0,23.0,19.0,0.5476190476190477,5.628154726348748,44,21,39,-18,0.053621538444046775,0,0,0,0,0,0,1,0,0,15,0,12,0,0,1
7tln,A,206,SER,-0.8,89.0,0.0,1,1,S,0.24615384615384617,-69.4,-33.1,8.0,27.0,0.22857142857142856,2.2067957892651124,25,27,27,0,0.040099585271200194,0,0,0,0,0,0,1,0,0,15,0,12,0,0,1
7tln,A,207,ASP,-3.5,111.1,-1.0,1,3,-,0.4049079754601227,-151.9,76.3,4.0,27.0,0.12903225806451613,2.327898160654997,23,30,22,8,0.03823448828184205,0,0,0,0,0,0,0,0,0,15,0,12,0,0,1
7tln,A,208,PRO,-1.6,112.7,0.0,0,0,G,0.0,-55.3,-27.5,22.0,13.0,0.6285714285714286,4.2740119408493795,34,40,31,9,0.0526889899493677,0,0,0,1,0,0,0,0,0,6,118,9,0,10,1
7tln,A,209,ALA,1.8,88.6,0.0,0,0,G,0.4339622641509434,-64.5,-17.7,6.0,17.0,0.2608695652173913,2.053630358699452,22,28,25,3,0.03403802005578621,0,0,0,1,0,0,0,0,0,6,118,9,0,10,1
7tln,A,210,LYS,-3.9,168.6,1.0,2,0,G,0.5707317073170731,-55.0,-33.2,13.0,6.0,0.6842105263157895,1.922827454968792,17,6,30,-24,0.02797645484037223,0,0,0,1,0,0,0,0,0,6,118,9,0,10,1
7tln,A,211,TYR,-1.3,193.6,0.0,1,1,G,0.33783783783783783,-115.4,6.5,14.0,6.0,0.7,2.0776708499543237,20,19,31,-12,0.02797645484037223,0,0,0,1,0,0,0,0,0,6,118,9,0,10,1
7tln,A,212,GLY,-0.4,60.1,0.0,0,0,T,0.7738095238095238,93.7,8.7,2.0,18.0,0.1,1.7095365104738376,18,24,22,2,0.020516066882939634,0,0,0,0,0,1,0,0,0,6,118,9,0,10,1
7tln,A,213,ASP,-3.5,111.1,-1.0,1,3,-,0.15950920245398773,-89.1,144.6,20.0,11.0,0.6451612903225806,1.915274419069203,29,38,18,20,0.03963331102386066,0,0,0,0,0,0,0,0,0,6,118,9,0,10,1
7tln,A,214,PRO,-1.6,112.7,0.0,0,0,-,0.08088235294117647,-63.5,144.3,18.0,16.0,0.5294117647058824,2.2915409889617977,34,42,21,21,0.045228601991935104,0,0,0,0,0,0,0,0,0,6,118,9,0,10,1
7tln,A,215,ASP,-3.5,111.1,-1.0,1,3,S,0.07975460122699386,-125.2,14.2,15.0,24.0,0.38461538461538464,2.550528797179234,32,44,16,28,0.05222271570202816,0,0,0,0,0,0,1,0,0,-1,0,0,0,0,0
7tln,A,216,HIS,-3.2,153.2,0.1,2,1,S,0.20652173913043478,-153.2,141.2,8.0,25.0,0.24242424242424243,2.7493310986809294,29,36,14,22,0.045694876239274644,0,0,0,0,0,0,1,0,0,-1,0,0,0,0,0
7tln,A,217,TYR,-1.3,193.6,0.0,1,1,G,0.24774774774774774,-58.5,-28.2,11.0,17.0,0.39285714285714285,2.1332489513084916,23,36,11,25,0.043363505002576956,0,0,0,1,0,0,0,0,0,5,647,3,0,26,1
7tln,A,218,SER,-0.8,89.0,0.0,1,1,G,0.676923076923077,-70.8,-15.0,5.0,13.0,0.2777777777777778,1.7397724324341777,17,31,7,24,0.027043906345693154,0,0,0,1,0,0,0,0,0,5,647,3,0,26,1
7tln,A,219,LYS,-3.9,168.6,1.0,2,0,G,0.5902439024390244,-104.4,4.9,12.0,10.0,0.5454545454545454,1.9355712557902522,20,24,13,11,0.03170664881908853,0,0,0,1,0,0,0,0,0,5,647,3,0,26,1
7tln,A,220,ARG,-4.5,173.4,1.0,5,0,-,0.3709677419354839,-59.1,140.6,13.0,17.0,0.43333333333333335,1.8881056246132615,22,15,9,6,0.040099585271200194,0,0,0,0,0,0,0,0,0,5,647,3,0,26,1
7tln,A,221,TYR,-1.3,193.6,0.0,1,1,-,0.3063063063063063,-79.1,122.9,21.0,6.0,0.7777777777777778,2.0638633853956643,23,19,12,7,0.032172923066428064,0,0,0,0,0,0,0,0,0,5,647,3,0,26,1
7tln,A,222,THR,-0.7,116.1,0.0,1,1,-,0.8591549295774648,-107.3,-5.5,3.0,17.0,0.15,1.7767618393562024,16,15,4,11,0.02331371236697686,0,0,0,0,0,0,0,0,0,5,647,3,0,26,1
7tln,A,223,GLY,-0.4,60.1,0.0,0,0,S,0.35714285714285715,-67.7,-157.4,7.0,9.0,0.4375,1.7095816440937293,15,7,8,-1,0.023779986614316396,0,0,0,0,0,0,1,0,0,-1,0,0,0,0,0
7tln,A,224,THR,-0.7,116.1,0.0,1,1,S,0.9507042253521126,-110.2,-31.8,0.0,12.0,0.0,1.8331074565545664,12,0,8,-8,0.023779986614316396,0,0,0,0,0,0,1,0,0,-1,0,0,0,0,0
7tln,A,225,GLN,-3.5,143.8,0.0,2,2,H,0.696969696969697,-70.2,164.7,0.0,14.0,0.0,2.0010270204679967,13,5,8,-3,0.02471253510899547,1,0,0,0,0,0,0,0,0,-1,0,0,0,0,0
7tln,A,226,ASP,-3.5,111.1,-1.0,1,3,H,0.3067484662576687,55.0,44.3,13.0,7.0,0.65,1.7636133898233406,20,11,6,5,0.032639197313767604,1,0,0,0,0,0,0,0,0,13,3,8,0,0,1
7tln,A,227,ASN,-3.5,114.1,0.0,2,2,H,0.5605095541401274,55.8,30.3,13.0,10.0,0.5652173913043478,1.7508340681371026,20,9,14,-5,0.03590311704514436,1,0,0,0,0,0,0,0,0,13,3,8,0,0,1
7tln,A,228,GLY,-0.4,60.1,0.0,0,0,H,0.07142857142857142,88.4,35.5,9.0,13.0,0.4090909090909091,1.780249202772952,24,14,17,-3,0.04243095650789788,1,0,0,0,0,0,0,0,0,-1,0,0,0,0,0
7tln,A,229,GLY,-0.4,60.1,0.0,0,0,H,0.0,66.0,45.5,12.0,18.0,0.4,3.6464035507751404,29,18,27,-9,0.048026247475972325,1,0,0,0,0,0,0,0,0,-1,0,0,0,0,0
7tln,A,230,VAL,4.2,140.0,0.0,0,0,T,0.0,-60.3,-34.9,15.0,20.0,0.42857142857142855,3.227632013949063,34,20,26,-6,0.05735173242276307,0,0,0,0,0,1,0,0,0,13,3,8,0,0,1
7tln,A,231,HIS,-3.2,153.2,0.1,2,1,T,0.32608695652173914,-91.2,-12.1,8.0,30.0,0.21052631578947367,1.9869558752899485,30,18,28,-10,0.04243095650789788,0,0,0,0,0,1,0,0,0,-1,0,0,0,0,0
7tln,A,232,ILE,4.5,166.7,0.0,0,0,T,0.21893491124260356,-94.2,-61.7,16.0,25.0,0.3902439024390244,2.4711082411608025,34,29,23,6,0.043363505002576956,0,0,0,0,0,1,0,0,0,-1,0,0,0,0,0
7tln,A,233,ASN,-3.5,114.1,0.0,2,2,T,0.03821656050955414,-65.9,-14.6,23.0,21.0,0.5227272727272727,3.7966767298337216,39,29,32,-3,0.05222271570202816,0,0,0,0,0,1,0,0,0,5,647,3,0,26,1
7tln,A,234,SER,-0.8,89.0,0.0,1,1,H,0.0,-59.4,-23.9,21.0,25.0,0.45652173913043476,5.94515960804621,43,32,38,-6,0.05595290968074446,1,0,0,0,0,0,0,0,0,-1,0,0,0,0,0
7tln,A,235,GLY,-0.4,60.1,0.0,0,0,H,0.023809523809523808,-62.8,-25.9,22.0,25.0,0.46808510638297873,6.146945169214733,44,39,32,7,0.053155264196707235,1,0,0,0,0,0,0,0,0,-1,0,0,0,0,0
7tln,A,236,ILE,4.5,166.7,0.0,0,0,H,0.0,-64.9,-45.1,23.0,27.0,0.46,6.584998856724641,41,41,22,19,0.05222271570202816,1,0,0,0,0,0,0,0,0,5,647,3,0,26,1
7tln,A,237,ILE,4.5,166.7,0.0,0,0,H,0.0,-68.2,-45.5,24.0,28.0,0.46153846153846156,8.401467766349352,45,14,22,-8,0.048026247475972325,1,0,0,0,0,0,0,0,0,-1,0,0,0,0,0
7tln,A,238,ASN,-3.5,114.1,0.0,2,2,H,0.006369426751592357,-60.8,-42.8,28.0,18.0,0.6086956521739131,8.06046162292838,45,23,32,-9,0.048958795970651406,1,0,0,0,0,0,0,0,0,-1,0,0,0,0,0
7tln,A,239,LYS,-3.9,168.6,1.0,2,0,H,0.1073170731707317,-60.0,-51.0,24.0,23.0,0.5106382978723404,4.668269163758593,39,17,19,-2,0.05222271570202816,1,0,0,0,0,0,0,0,0,15,0,12,0,0,1
7tln,A,240,ALA,1.8,88.6,0.0,0,0,H,0.0,-53.3,-46.5,25.0,26.0,0.49019607843137253,7.890403288862117,42,24,9,15,0.05129016720734909,1,0,0,0,0,0,0,0,0,-1,0,0,0,0,0
7tln,A,241,ALA,1.8,88.6,0.0,0,0,H,0.0,-62.5,-46.8,27.0,26.0,0.5094339622641509,8.288494187249324,42,16,4,12,0.04709369898129325,1,0,0,0,0,0,0,0,0,0,4350,6,0,272,1
7tln,A,242,TYR,-1.3,193.6,0.0,1,1,H,0.24774774774774774,-52.6,-50.0,22.0,24.0,0.4782608695652174,3.639436071030327,34,19,12,7,0.04942507021799094,1,0,0,0,0,0,0,0,0,15,0,12,0,0,1
7tln,A,243,LEU,3.8,166.7,0.0,0,0,H,0.018292682926829267,-62.1,-45.9,23.0,16.0,0.5897435897435898,4.026314966589149,40,22,4,18,0.05035761871267001,1,0,0,0,0,0,0,0,0,0,4350,6,0,272,1
7tln,A,244,ILE,4.5,166.7,0.0,0,0,H,0.005917159763313609,-55.3,-43.9,26.0,20.0,0.5652173913043478,6.532573576943116,40,21,9,12,0.053621538444046775,1,0,0,0,0,0,0,0,0,0,4350,6,0,272,1
7tln,A,245,SER,-0.8,89.0,0.0,1,1,H,0.03076923076923077,-73.9,-53.2,19.0,15.0,0.5588235294117647,2.9260323407097473,31,20,7,13,0.04755997322863279,1,0,0,0,0,0,0,0,0,0,4350,6,0,272,1
7tln,A,246,GLN,-3.5,143.8,0.0,2,2,H,0.46464646464646464,-95.7,-26.5,11.0,16.0,0.4074074074074074,1.901077384429674,25,14,1,13,0.03776821403450251,1,0,0,0,0,0,0,0,0,15,0,12,0,0,1
7tln,A,247,GLY,-0.4,60.1,0.0,0,0,-,0.14285714285714285,86.8,174.3,5.0,23.0,0.17857142857142858,1.9171442360413815,24,12,0,12,0.03730193978716297,0,0,0,0,0,0,0,0,0,0,4350,6,0,272,1
7tln,A,248,GLY,-0.4,60.1,0.0,0,0,E,0.4166666666666667,142.0,175.7,15.0,11.0,0.5769230769230769,1.751550081810518,23,16,0,16,0.02984155182973038,0,0,1,0,0,0,0,0,0,-1,0,0,0,0,0
7tln,A,249,THR,-0.7,116.1,0.0,1,1,E,0.6549295774647887,-113.0,120.0,1.0,22.0,0.043478260869565216,1.8201713731003075,16,14,0,14,0.02844272908771177,0,0,1,0,0,0,0,0,0,-1,0,0,0,0,0
7tln,A,250,HIS,-3.2,153.2,0.1,2,1,E,0.08695652173913043,-131.4,124.2,21.0,5.0,0.8076923076923077,2.3075277897222564,31,21,19,2,0.03310547156110714,0,0,1,0,0,0,0,0,0,-1,0,0,0,0,0
7tln,A,251,TYR,-1.3,193.6,0.0,1,1,T,0.5045045045045045,49.5,42.1,12.0,8.0,0.6,1.7796726485269654,20,31,12,19,0.025178809356335007,0,0,0,0,0,1,0,0,0,-1,0,0,0,0,0
7tln,A,252,GLY,-0.4,60.1,0.0,0,0,T,0.8333333333333334,82.5,-4.8,2.0,11.0,0.15384615384615385,1.7096741826611315,13,12,4,8,0.018650969893581486,0,0,0,0,0,1,0,0,0,-1,0,0,0,0,0
7tln,A,253,VAL,4.2,140.0,0.0,0,0,E,0.3380281690140845,-102.9,119.7,13.0,8.0,0.6190476190476191,2.3730461060209556,22,17,8,9,0.02984155182973038,0,0,1,0,0,0,0,0,0,-1,0,0,0,0,0
7tln,A,254,SER,-0.8,89.0,0.0,1,1,E,0.6,-94.1,128.1,1.0,23.0,0.041666666666666664,1.8383525845133468,19,9,7,2,0.030307826077069916,0,0,1,0,0,0,0,0,0,-1,0,0,0,0,0
7tln,A,255,VAL,4.2,140.0,0.0,0,0,E,0.04929577464788732,-118.7,125.0,27.0,6.0,0.8181818181818182,2.8519799056793915,33,15,7,8,0.04196468226055834,0,0,1,0,0,0,0,0,0,0,4350,6,0,272,1
7tln,A,256,VAL,4.2,140.0,0.0,0,0,-,0.5633802816901409,-85.7,127.3,6.0,20.0,0.23076923076923078,2.3164213554591586,24,1,8,-7,0.03310547156110714,0,0,0,0,0,0,0,0,0,0,4350,6,0,272,1
7tln,A,257,GLY,-0.4,60.1,0.0,0,0,-,0.34523809523809523,-72.8,138.9,10.0,18.0,0.35714285714285715,1.7097276164127726,25,12,9,3,0.0363693912924839,0,0,0,0,0,0,0,0,0,0,4350,6,0,272,1
7tln,A,258,ILE,4.5,166.7,0.0,0,0,-,0.15384615384615385,-110.2,0.1,19.0,11.0,0.6333333333333333,2.361312596520574,31,17,16,1,0.03870076252918159,0,0,0,0,0,0,0,0,0,0,4350,6,0,272,1
7tln,A,259,GLY,-0.4,60.1,0.0,0,0,-,0.30952380952380953,97.4,161.2,5.0,19.0,0.20833333333333334,2.1626072652589,27,24,15,9,0.03730193978716297,0,0,0,0,0,0,0,0,0,0,4350,6,0,272,1
7tln,A,260,ARG,-4.5,173.4,1.0,5,0,H,0.39919354838709675,-74.8,-27.5,15.0,15.0,0.5,1.9055158689787957,26,8,14,-6,0.03916703677652112,1,0,0,0,0,0,0,0,0,-1,0,0,0,0,0
7tln,A,261,ASP,-3.5,111.1,-1.0,1,3,H,0.754601226993865,-58.6,-55.1,3.0,23.0,0.11538461538461539,1.7237303181732788,22,34,1,33,0.030774100324409453,1,0,0,0,0,0,0,0,0,-1,0,0,0,0,0
7tln,A,262,LYS,-3.9,168.6,1.0,2,0,H,0.36097560975609755,-63.8,-38.8,14.0,16.0,0.4666666666666667,2.536095213572851,25,16,17,-1,0.03823448828184205,1,0,0,0,0,0,0,0,0,-1,0,0,0,0,0
7tln,A,263,LEU,3.8,166.7,0.0,0,0,H,0.0,-57.7,-49.5,19.0,18.0,0.5135135135135135,4.65573250456858,43,30,11,19,0.045228601991935104,1,0,0,0,0,0,0,0,0,-1,0,0,0,0,0
7tln,A,264,GLY,-0.4,60.1,0.0,0,0,H,0.023809523809523808,-58.5,-40.3,14.0,22.0,0.3888888888888889,2.3703778424974984,31,40,8,32,0.045228601991935104,1,0,0,0,0,0,0,0,0,-1,0,0,0,0,0
7tln,A,265,LYS,-3.9,168.6,1.0,2,0,H,0.44878048780487806,-69.2,-46.3,14.0,19.0,0.42424242424242425,2.072816571428239,26,34,11,23,0.043363505002576956,1,0,0,0,0,0,0,0,0,-1,0,0,0,0,0
7tln,A,266,ILE,4.5,166.7,0.0,0,0,H,0.005917159763313609,-64.1,-47.4,24.0,16.0,0.6,4.761195098188388,41,35,20,15,0.048492521723311866,1,0,0,0,0,0,0,0,0,-1,0,0,0,0,0
7tln,A,267,PHE,2.8,189.9,0.0,0,0,H,0.005076142131979695,-60.1,-38.8,22.0,22.0,0.5,7.081704236893268,45,27,3,24,0.04709369898129325,1,0,0,0,0,0,0,0,0,-1,0,0,0,0,0
7tln,A,268,TYR,-1.3,193.6,0.0,1,1,H,0.14414414414414414,-67.5,-42.2,15.0,20.0,0.42857142857142855,2.5995951191976547,32,43,1,42,0.043829779249916496,1,0,0,0,0,0,0,0,0,9,24,7,0,2,1
7tln,A,269,ARG,-4.5,173.4,1.0,5,0,H,0.25806451612903225,-64.2,-43.4,14.0,16.0,0.4666666666666667,2.1150435348767176,26,14,8,6,0.04709369898129325,1,0,0,0,0,0,0,0,0,9,24,7,0,2,1
7tln,A,270,ALA,1.8,88.6,0.0,0,0,I,0.0,-60.6,-46.5,19.0,13.0,0.59375,4.47057906554163,34,20,3,17,0.053621538444046775,0,0,0,0,1,0,0,0,0,-1,0,0,0,0,0
7tln,A,271,LEU,3.8,166.7,0.0,0,0,I,0.006097560975609756,-57.9,-45.7,20.0,21.0,0.4878048780487805,3.974692996533051,39,20,4,16,0.04755997322863279,0,0,0,0,1,0,0,0,0,-1,0,0,0,0,0
7tln,A,272,THR,-0.7,116.1,0.0,1,1,I,0.2676056338028169,-89.9,-26.1,12.0,18.0,0.4,1.9290051078288946,27,25,0,25,0.03823448828184205,0,0,0,0,1,0,0,0,0,9,24,7,0,2,1
7tln,A,273,GLN,-3.5,143.8,0.0,2,2,I,0.6161616161616161,-110.6,-37.8,11.0,11.0,0.5,1.804909042427712,18,13,4,9,0.032172923066428064,0,0,0,0,1,0,0,0,0,-1,0,0,0,0,0
7tln,A,274,TYR,-1.3,193.6,0.0,1,1,I,0.3918918918918919,-109.7,-24.0,17.0,12.0,0.5862068965517241,2.0473647754667987,23,13,6,7,0.03450429430312575,0,0,0,0,1,0,0,0,0,-1,0,0,0,0,0
7tln,A,275,LEU,3.8,166.7,0.0,0,0,-,0.07317073170731707,-80.3,144.2,27.0,8.0,0.7714285714285715,2.528311310652793,33,9,0,9,0.04289723075523742,0,0,0,0,0,0,0,0,0,4,658,4,0,28,1
7tln,A,276,THR,-0.7,116.1,0.0,1,1,-,0.5140845070422535,-120.5,173.7,3.0,23.0,0.11538461538461539,2.3352976921535857,21,0,0,0,0.032639197313767604,0,0,0,0,0,0,0,0,0,4,658,4,0,28,1
7tln,A,277,PRO,-1.6,112.7,0.0,0,0,T,0.4411764705882353,-62.7,-20.4,4.0,23.0,0.14814814814814814,2.356625020951104,22,0,7,-7,0.030774100324409453,0,0,0,0,0,1,0,0,0,4,658,4,0,28,1
7tln,A,278,THR,-0.7,116.1,0.0,1,1,T,0.704225352112676,-111.6,4.7,0.0,23.0,0.0,1.884159532831656,20,0,7,-7,0.032172923066428064,0,0,0,0,0,1,0,0,0,4,658,4,0,28,1
7tln,A,279,SER,-0.8,89.0,0.0,1,1,-,0.038461538461538464,-54.6,142.6,19.0,9.0,0.6785714285714286,1.9266119796834642,28,1,9,-8,0.04243095650789788,0,0,0,0,0,0,0,0,0,4,658,4,0,28,1
7tln,A,280,ASN,-3.5,114.1,0.0,2,2,-,0.37579617834394907,-114.0,175.6,4.0,26.0,0.13333333333333333,2.2157532109625238,26,10,9,1,0.03916703677652112,0,0,0,0,0,0,0,0,0,4,658,4,0,28,1
7tln,A,281,PHE,2.8,189.9,0.0,0,0,H,0.005076142131979695,-59.8,-36.2,20.0,17.0,0.5405405405405406,3.215534881090983,36,23,9,14,0.04476232774459557,1,0,0,0,0,0,0,0,0,17,0,3,0,0,1
7tln,A,282,SER,-0.8,89.0,0.0,1,1,H,0.36923076923076925,-75.3,-25.9,5.0,20.0,0.2,1.9049189144768588,20,21,8,13,0.03916703677652112,1,0,0,0,0,0,0,0,0,17,0,3,0,0,1
7tln,A,283,GLN,-3.5,143.8,0.0,2,2,H,0.4494949494949495,-79.1,-24.5,11.0,13.0,0.4583333333333333,1.8638685891273699,22,12,8,4,0.034970568550465285,1,0,0,0,0,0,0,0,0,17,0,3,0,0,1
7tln,A,284,LEU,3.8,166.7,0.0,0,0,H,0.0,-69.0,-40.6,23.0,19.0,0.5476190476190477,4.7427595927165855,41,16,5,11,0.04616115048661418,1,0,0,0,0,0,0,0,0,17,0,3,0,0,1
7tln,A,285,ARG,-4.5,173.4,1.0,5,0,H,0.13306451612903225,-55.4,-53.0,15.0,22.0,0.40540540540540543,2.4951778198487853,28,19,8,11,0.043829779249916496,1,0,0,0,0,0,0,0,0,17,0,3,0,0,1
7tln,A,286,ALA,1.8,88.6,0.0,0,0,H,0.4528301886792453,-55.7,-41.4,8.0,18.0,0.3076923076923077,1.881416096904704,24,23,0,23,0.03450429430312575,1,0,0,0,0,0,0,0,0,17,0,3,0,0,1
7tln,A,287,ALA,1.8,88.6,0.0,0,0,H,0.0660377358490566,-68.5,-43.1,17.0,14.0,0.5483870967741935,2.3613109386027142,32,22,5,17,0.04289723075523742,1,0,0,0,0,0,0,0,0,17,0,3,0,0,1
7tln,A,288,ALA,1.8,88.6,0.0,0,0,H,0.0,-64.0,-48.6,21.0,22.0,0.4883720930232558,5.018229480011446,38,33,10,23,0.048492521723311866,1,0,0,0,0,0,0,0,0,-1,0,0,0,0,0
7tln,A,289,VAL,4.2,140.0,0.0,0,0,H,0.19718309859154928,-56.2,-46.5,13.0,23.0,0.3611111111111111,2.473578499210569,34,25,12,13,0.04243095650789788,1,0,0,0,0,0,0,0,0,17,0,3,0,0,1
7tln,A,290,GLN,-3.5,143.8,0.0,2,2,H,0.4393939393939394,-63.5,-38.9,11.0,19.0,0.36666666666666664,2.145944613011573,23,15,8,7,0.0363693912924839,1,0,0,0,0,0,0,0,0,-1,0,0,0,0,0
7tln,A,291,SER,-0.8,89.0,0.0,1,1,H,0.0,-64.5,-43.9,20.0,13.0,0.6060606060606061,4.6976720589936845,33,22,13,9,0.05035761871267001,1,0,0,0,0,0,0,0,0,-1,0,0,0,0,0
7tln,A,292,ALA,1.8,88.6,0.0,0,0,H,0.0,-62.3,-46.0,20.0,14.0,0.5882352941176471,5.175322440618103,32,31,17,14,0.05408781269138631,1,0,0,0,0,0,0,0,0,-1,0,0,0,0,0
7tln,A,293,THR,-0.7,116.1,0.0,1,1,H,0.2605633802816901,-57.7,-42.1,7.0,18.0,0.28,2.287008796705108,23,11,16,-5,0.04196468226055834,1,0,0,0,0,0,0,0,0,-1,0,0,0,0,0
7tln,A,294,ASP,-3.5,111.1,-1.0,1,3,H,0.4233128834355828,-63.5,-43.9,12.0,9.0,0.5714285714285714,1.7445074806948082,20,13,0,13,0.03357174580844668,1,0,0,0,0,0,0,0,0,-1,0,0,0,0,0
7tln,A,295,LEU,3.8,166.7,0.0,0,0,H,0.4268292682926829,-79.9,-43.8,16.0,7.0,0.6956521739130435,2.005953795388661,24,29,18,11,0.03403802005578621,1,0,0,0,0,0,0,0,0,-1,0,0,0,0,0
7tln,A,296,TYR,-1.3,193.6,0.0,1,1,H,0.30180180180180183,-117.3,-10.5,16.0,6.0,0.7272727272727273,2.1404440368488618,24,22,19,3,0.03450429430312575,1,0,0,0,0,0,0,0,0,-1,0,0,0,0,0
7tln,A,297,GLY,-0.4,60.1,0.0,0,0,-,0.36904761904761907,94.1,144.1,3.0,12.0,0.2,2.0140434506657394,18,1,17,-16,0.029375277582390842,0,0,0,0,0,0,0,0,0,14,5,1,0,0,1
7tln,A,298,SER,-0.8,89.0,0.0,1,1,T,0.6230769230769231,-62.8,-21.0,1.0,18.0,0.05263157894736842,1.8632886622846359,16,4,12,-8,0.02611135785101408,0,0,0,0,0,1,0,0,0,14,5,1,0,0,1
7tln,A,299,THR,-0.7,116.1,0.0,1,1,T,0.9788732394366197,-105.1,20.7,0.0,17.0,0.0,1.7899996965658567,11,3,7,-4,0.021914889624958248,0,0,0,0,0,1,0,0,0,14,5,1,0,0,1
7tln,A,300,SER,-0.8,89.0,0.0,1,1,S,0.13846153846153847,-82.6,165.4,15.0,4.0,0.7894736842105263,1.9719810967692666,21,9,12,-3,0.03170664881908853,0,0,0,0,0,0,1,0,0,14,5,1,0,0,1
7tln,A,301,GLN,-3.5,143.8,0.0,2,2,H,0.46464646464646464,-69.5,-37.7,7.0,16.0,0.30434782608695654,2.1581115788788727,22,10,9,1,0.03170664881908853,1,0,0,0,0,0,0,0,0,-1,0,0,0,0,0
7tln,A,302,GLU,-3.5,138.4,-1.0,1,3,H,0.12886597938144329,-50.2,-50.5,18.0,18.0,0.5,2.986973319638406,30,11,2,9,0.04429605349725603,1,0,0,0,0,0,0,0,0,-1,0,0,0,0,0
7tln,A,303,VAL,4.2,140.0,0.0,0,0,H,0.02112676056338028,-64.3,-41.3,14.0,19.0,0.42424242424242425,2.7475148857299287,29,14,12,2,0.04989134446533048,1,0,0,0,0,0,0,0,0,-1,0,0,0,0,0
7tln,A,304,ALA,1.8,88.6,0.0,0,0,H,0.3113207547169811,-64.7,-42.2,7.0,20.0,0.25925925925925924,1.9043295111665965,27,13,14,-1,0.03683566553982344,1,0,0,0,0,0,0,0,0,-1,0,0,0,0,0
7tln,A,305,SER,-0.8,89.0,0.0,1,1,H,0.0,-64.3,-38.8,23.0,17.0,0.575,4.2567202307493295,36,14,14,0,0.04662742473395372,1,0,0,0,0,0,0,0,0,0,4350,6,0,272,1
7tln,A,306,VAL,4.2,140.0,0.0,0,0,H,0.0,-60.7,-47.5,21.0,26.0,0.44680851063829785,5.527592933669056,38,22,15,7,0.05222271570202816,1,0,0,0,0,0,0,0,0,-1,0,0,0,0,0
7tln,A,307,LYS,-3.9,168.6,1.0,2,0,H,0.44390243902439025,-59.0,-44.5,9.0,29.0,0.23684210526315788,2.3141067996650335,26,19,13,6,0.04149840801321881,1,0,0,0,0,0,0,0,0,-1,0,0,0,0,0
7tln,A,308,GLN,-3.5,143.8,0.0,2,2,H,0.2474747474747475,-60.8,-49.4,19.0,17.0,0.5277777777777778,2.1378114315577736,30,17,12,5,0.04103213376587927,1,0,0,0,0,0,0,0,0,-1,0,0,0,0,0
7tln,A,309,ALA,1.8,88.6,0.0,0,0,H,0.0,-52.6,-55.3,25.0,18.0,0.5813953488372093,5.420062055187714,40,40,10,30,0.05455408693872585,1,0,0,0,0,0,0,0,0,-1,0,0,0,0,0
7tln,A,310,PHE,2.8,189.9,0.0,0,0,H,0.0,-62.1,-35.2,15.0,24.0,0.38461538461538464,5.440174479467566,40,36,9,27,0.04709369898129325,1,0,0,0,0,0,0,0,0,-1,0,0,0,0,0
7tln,A,311,ASP,-3.5,111.1,-1.0,1,3,H,0.43558282208588955,-66.4,-41.8,11.0,22.0,0.3333333333333333,1.9092500545996938,25,37,0,37,0.03776821403450251,1,0,0,0,0,0,0,0,0,-1,0,0,0,0,0
7tln,A,312,ALA,1.8,88.6,0.0,0,0,H,0.009433962264150943,-58.1,-30.5,23.0,11.0,0.6764705882352942,2.402322702757505,30,44,16,28,0.04942507021799094,1,0,0,0,0,0,0,0,0,-1,0,0,0,0,0
7tln,A,313,VAL,4.2,140.0,0.0,0,0,T,0.0,-100.0,5.8,28.0,14.0,0.6666666666666666,4.334244234573593,35,50,16,34,0.053155264196707235,0,0,0,0,0,1,0,0,0,-1,0,0,0,0,0
7tln,A,314,GLY,-0.4,60.1,0.0,0,0,T,0.25,78.1,15.1,13.0,14.0,0.48148148148148145,1.9436792703537515,25,42,12,30,0.03730193978716297,0,0,0,0,0,1,0,0,0,-1,0,0,0,0,0
7tln,A,315,VAL,4.2,140.0,0.0,0,0,-,0.02112676056338028,-90.8,98.9,21.0,7.0,0.75,2.4283236120650975,27,41,14,27,0.04662742473395372,0,0,0,0,0,0,0,0,0,-1,0,0,0,0,0
7tln,A,316,LYS,-3.9,168.6,1.0,2,0,-,0.7073170731707317,74.9,360.0,10.0,9.0,0.5263157894736842,1.880504202474847,20,17,9,8,0.027510180593032695,0,0,0,0,0,0,0,0,0,17,0,3,0,0,1
1lon,A,27,ALA,1.8,88.6,0.0,0,0,-,1.0,360.0,-23.0,3.0,9.0,0.25,1.767442650456052,12,15,0,15,0.013521953172846577,0,0,0,0,0,0,0,0,0,29,3,1,0,0,1
1lon,A,28,ALA,1.8,88.6,0.0,0,0,-,0.9339622641509434,-61.9,-41.4,0.0,12.0,0.0,1.7676182046936133,11,11,0,11,0.01492077591486519,0,0,0,0,0,0,0,0,0,29,3,1,0,0,1
1lon,A,29,THR,-0.7,116.1,0.0,1,1,S,0.3591549295774648,-61.6,-38.2,8.0,10.0,0.4444444444444444,1.9891906411863312,14,20,0,20,0.026577632098353617,0,0,0,0,0,0,1,0,0,29,3,1,0,0,1
1lon,A,30,GLY,-0.4,60.1,0.0,0,0,-,0.15476190476190477,121.0,178.6,17.0,8.0,0.68,1.9357898300219862,24,25,3,22,0.03450429430312575,0,0,0,0,0,0,0,0,0,29,3,1,0,0,1
1lon,A,31,SER,-0.8,89.0,0.0,1,1,-,0.23846153846153847,-78.7,166.2,15.0,13.0,0.5357142857142857,2.1659314184322893,29,36,5,31,0.04103213376587927,0,0,0,0,0,0,0,0,0,-1,0,0,0,0,0
1lon,A,32,ARG,-4.5,173.4,1.0,5,0,-,0.5362903225806451,-114.5,131.8,9.0,21.0,0.3,1.8808336489235045,19,1,8,-7,0.03590311704514436,0,0,0,0,0,0,0,0,0,-1,0,0,0,0,0
1lon,A,33,VAL,4.2,140.0,0.0,0,0,E,0.0,-77.0,157.1,24.0,15.0,0.6153846153846154,2.9310586155453726,32,22,9,13,0.04476232774459557,0,0,1,0,0,0,0,0,0,-1,0,0,0,0,0
1lon,A,34,THR,-0.7,116.1,0.0,1,1,E,0.2676056338028169,-104.6,138.6,14.0,23.0,0.3783783783783784,2.4571577812960177,36,19,13,6,0.04429605349725603,0,0,1,0,0,0,0,0,0,-1,0,0,0,0,0
1lon,A,35,VAL,4.2,140.0,0.0,0,0,E,0.0,-123.3,139.6,25.0,22.0,0.5319148936170213,5.510631463382488,41,7,14,-7,0.048026247475972325,0,0,1,0,0,0,0,0,0,-1,0,0,0,0,0
1lon,A,36,VAL,4.2,140.0,0.0,0,0,E,0.0,-117.4,116.7,23.0,28.0,0.45098039215686275,6.5321238551473675,47,20,19,1,0.05035761871267001,0,0,1,0,0,0,0,0,0,-1,0,0,0,0,0
1lon,A,37,LEU,3.8,166.7,0.0,0,0,E,0.012195121951219513,-122.9,151.9,31.0,24.0,0.5636363636363636,6.964440378985909,50,13,14,-1,0.0526889899493677,0,0,1,0,0,0,0,0,0,-1,0,0,0,0,0
1lon,A,38,GLY,-0.4,60.1,0.0,0,0,E,0.011904761904761904,-85.3,130.6,24.0,27.0,0.47058823529411764,6.753857709186631,45,17,21,-4,0.053155264196707235,0,0,1,0,0,0,0,0,0,-1,0,0,0,0,0
1lon,A,39,ALA,1.8,88.6,0.0,0,0,S,0.0,-95.1,-5.0,30.0,25.0,0.5454545454545454,8.560531986880163,47,24,19,5,0.05175644145468863,0,0,0,0,0,0,1,0,0,-1,0,0,0,0,0
1lon,A,40,GLN,-3.5,143.8,0.0,2,2,S,0.015151515151515152,-120.8,-119.4,22.0,26.0,0.4583333333333333,6.915993714773343,44,22,24,-2,0.05408781269138631,0,0,0,0,0,0,1,0,0,-1,0,0,0,0,0
1lon,A,41,TRP,-0.9,227.8,0.0,1,0,S,0.01762114537444934,-116.2,33.8,20.0,27.0,0.425531914893617,3.70945212713868,46,26,23,3,0.05035761871267001,0,0,0,0,0,0,1,0,0,-1,0,0,0,0,0
1lon,A,42,GLY,-0.4,60.1,0.0,0,0,S,0.03571428571428571,91.7,171.6,23.0,22.0,0.5111111111111111,2.5832949287298668,41,44,21,23,0.04616115048661418,0,0,0,0,0,0,1,0,0,-1,0,0,0,0,0
1lon,A,43,ASP,-3.5,111.1,-1.0,1,3,-,0.2147239263803681,52.5,36.3,19.0,29.0,0.3958333333333333,1.6720632170344685,40,52,18,34,0.04196468226055834,0,0,0,0,0,0,0,0,0,-1,0,0,0,0,0
1lon,A,44,GLU,-3.5,138.4,-1.0,1,3,S,0.005154639175257732,-84.6,-18.4,27.0,20.0,0.574468085106383,3.4247123305666323,43,44,11,33,0.04942507021799094,0,0,0,0,0,0,1,0,0,-1,0,0,0,0,0
1lon,A,45,GLY,-0.4,60.1,0.0,0,0,S,0.27380952380952384,122.6,21.3,28.0,28.0,0.5,2.036187420220081,43,52,25,27,0.04616115048661418,0,0,0,0,0,0,1,0,0,-1,0,0,0,0,0
1lon,A,46,LYS,-3.9,168.6,1.0,2,0,H,0.01951219512195122,-55.3,-38.6,26.0,25.0,0.5098039215686274,2.591553751804617,41,26,29,-3,0.05035761871267001,1,0,0,0,0,0,0,0,0,-1,0,0,0,0,0
1lon,A,47,GLY,-0.4,60.1,0.0,0,0,H,0.023809523809523808,-61.6,-42.0,24.0,25.0,0.4897959183673469,2.4224513590233627,45,40,31,9,0.04709369898129325,1,0,0,0,0,0,0,0,0,-1,0,0,0,0,0
1lon,A,48,LYS,-3.9,168.6,1.0,2,0,H,0.08780487804878048,-69.2,-41.4,23.0,24.0,0.48936170212765956,2.7271165101353905,36,35,22,13,0.04709369898129325,1,0,0,0,0,0,0,0,0,4,829,10,0,86,1
1lon,A,49,VAL,4.2,140.0,0.0,0,0,H,0.007042253521126761,-69.2,-45.5,28.0,22.0,0.56,5.1956713946075705,42,32,21,11,0.04289723075523742,1,0,0,0,0,0,0,0,0,-1,0,0,0,0,0
1lon,A,50,VAL,4.2,140.0,0.0,0,0,H,0.0,-61.0,-43.4,29.0,17.0,0.6304347826086957,4.8146581356068285,42,33,18,15,0.04709369898129325,1,0,0,0,0,0,0,0,0,-1,0,0,0,0,0
1lon,A,51,ASP,-3.5,111.1,-1.0,1,3,H,0.018404907975460124,-56.7,-47.1,20.0,20.0,0.5,2.241268868446227,36,30,10,20,0.04942507021799094,1,0,0,0,0,0,0,0,0,-1,0,0,0,0,0
1lon,A,52,LEU,3.8,166.7,0.0,0,0,H,0.22560975609756098,-56.0,-54.9,17.0,18.0,0.4857142857142857,2.2107010995788077,31,24,20,4,0.03963331102386066,1,0,0,0,0,0,0,0,0,-1,0,0,0,0,0
1lon,A,53,LEU,3.8,166.7,0.0,0,0,H,0.20121951219512196,-69.4,-23.1,22.0,14.0,0.6111111111111112,2.038306439576308,35,28,23,5,0.03730193978716297,1,0,0,0,0,0,0,0,0,-1,0,0,0,0,0
1lon,A,54,ALA,1.8,88.6,0.0,0,0,H,0.02830188679245283,-76.5,-11.4,26.0,11.0,0.7027027027027027,2.2899647334993274,36,28,28,0,0.04476232774459557,1,0,0,0,0,0,0,0,0,-1,0,0,0,0,0
1lon,A,55,THR,-0.7,116.1,0.0,1,1,T,0.4507042253521127,-51.1,-42.9,7.0,20.0,0.25925925925925924,1.7767879494598005,23,23,20,3,0.03357174580844668,0,0,0,0,0,1,0,0,0,-1,0,0,0,0,0
1lon,A,56,ASP,-3.5,111.1,-1.0,1,3,T,0.49693251533742333,-115.7,27.7,0.0,21.0,0.0,1.7854571408690756,19,22,10,12,0.028909003335051305,0,0,0,0,0,1,0,0,0,30,0,8,0,0,1
1lon,A,57,ALA,1.8,88.6,0.0,0,0,-,0.02830188679245283,-91.6,146.9,23.0,8.0,0.7419354838709677,2.4031661596926366,26,25,19,6,0.04289723075523742,0,0,0,0,0,0,0,0,0,30,0,8,0,0,1
1lon,A,58,ASP,-3.5,111.1,-1.0,1,3,S,0.3496932515337423,-87.9,-30.7,9.0,21.0,0.3,1.8691592770227894,24,27,8,19,0.040099585271200194,0,0,0,0,0,0,1,0,0,30,0,8,0,0,1
1lon,A,59,ILE,4.5,166.7,0.0,0,0,E,0.03550295857988166,-142.3,131.1,18.0,23.0,0.43902439024390244,3.117307430324698,35,27,12,15,0.045694876239274644,0,0,1,0,0,0,0,0,0,13,51,4,0,2,1
1lon,A,60,VAL,4.2,140.0,0.0,0,0,E,0.0,-124.6,128.8,24.0,22.0,0.5217391304347826,5.639839609937121,42,21,22,-1,0.0526889899493677,0,0,1,0,0,0,0,0,0,-1,0,0,0,0,0
1lon,A,61,SER,-0.8,89.0,0.0,1,1,E,0.0,-137.7,162.2,23.0,26.0,0.46938775510204084,7.917549834187741,45,16,11,5,0.05175644145468863,0,0,1,0,0,0,0,0,0,-1,0,0,0,0,0
1lon,A,62,ARG,-4.5,173.4,1.0,5,0,E,0.008064516129032258,-110.1,140.6,29.0,25.0,0.5370370370370371,7.495609427627599,48,14,11,3,0.05175644145468863,0,0,1,0,0,0,0,0,0,-1,0,0,0,0,0
1lon,A,63,CYS,2.5,108.5,0.0,1,0,-,0.02962962962962963,-116.2,-24.2,22.0,26.0,0.4583333333333333,5.591671009493745,44,13,8,5,0.05455408693872585,0,0,0,0,0,0,0,0,0,-1,0,0,0,0,0
1lon,A,64,GLN,-3.5,143.8,0.0,2,2,S,0.07575757575757576,-145.4,172.2,22.0,27.0,0.4489795918367347,3.8306963479186456,45,15,6,9,0.05129016720734909,0,0,0,0,0,0,1,0,0,-1,0,0,0,0,0
1lon,A,65,GLY,-0.4,60.1,0.0,0,0,B,0.0,71.4,-175.0,26.0,24.0,0.52,5.999838330189398,42,29,2,27,0.05129016720734909,0,1,0,0,0,0,0,0,0,-1,0,0,0,0,0
1lon,A,66,GLY,-0.4,60.1,0.0,0,0,-,0.0,-133.7,-137.1,23.0,26.0,0.46938775510204084,5.712699141962208,42,44,5,39,0.04989134446533048,0,0,0,0,0,0,0,0,0,-1,0,0,0,0,0
1lon,A,67,ASN,-3.5,114.1,0.0,2,2,T,0.05732484076433121,-93.1,22.0,21.0,22.0,0.4883720930232558,2.4687500006182783,41,42,11,31,0.04662742473395372,0,0,0,0,0,1,0,0,0,-1,0,0,0,0,0
1lon,A,68,ASN,-3.5,114.1,0.0,2,2,T,0.10191082802547771,-74.9,-20.5,26.0,19.0,0.5777777777777777,2.367758081603993,43,40,6,34,0.04103213376587927,0,0,0,0,0,1,0,0,0,-1,0,0,0,0,0
1lon,A,69,ALA,1.8,88.6,0.0,0,0,-,0.04716981132075472,-75.4,148.9,29.0,17.0,0.6304347826086957,2.3940907233286444,39,41,21,20,0.045694876239274644,0,0,0,0,0,0,0,0,0,-1,0,0,0,0,0
1lon,A,70,GLY,-0.4,60.1,0.0,0,0,-,0.08333333333333333,-141.9,106.9,13.0,26.0,0.3333333333333333,1.824528976891227,37,40,28,12,0.043363505002576956,0,0,0,0,0,0,0,0,0,-1,0,0,0,0,0
1lon,A,71,HIS,-3.2,153.2,0.1,2,1,E,0.03260869565217391,-116.9,118.9,24.0,15.0,0.6153846153846154,2.5411642589256,36,34,38,-4,0.048026247475972325,0,0,1,0,0,0,0,0,0,-1,0,0,0,0,0
1lon,A,72,THR,-0.7,116.1,0.0,1,1,E,0.2676056338028169,-93.8,130.7,14.0,23.0,0.3783783783783784,1.868141222231026,37,53,36,17,0.04196468226055834,0,0,1,0,0,0,0,0,0,-1,0,0,0,0,0
1lon,A,73,VAL,4.2,140.0,0.0,0,0,E,0.0,-125.0,134.4,21.0,18.0,0.5384615384615384,3.22067673985502,37,52,29,23,0.05175644145468863,0,0,1,0,0,0,0,0,0,-1,0,0,0,0,0
1lon,A,74,VAL,4.2,140.0,0.0,0,0,E,0.11267605633802817,-126.4,126.0,9.0,19.0,0.32142857142857145,2.5862962611488394,23,39,35,4,0.04662742473395372,0,0,1,0,0,0,0,0,0,-1,0,0,0,0,0
1lon,A,75,VAL,4.2,140.0,0.0,0,0,E,0.09154929577464789,-149.2,121.5,13.0,12.0,0.52,2.153953547747201,23,30,32,-2,0.03730193978716297,0,0,1,0,0,0,0,0,0,31,0,2,0,0,1
1lon,A,76,ASP,-3.5,111.1,-1.0,1,3,T,0.9141104294478528,59.6,44.9,0.0,12.0,0.0,1.672125642339693,12,19,14,5,0.02098234113027917,0,0,0,0,0,1,0,0,0,31,0,2,0,0,1
1lon,A,77,GLY,-0.4,60.1,0.0,0,0,T,0.9166666666666666,72.8,-11.4,0.0,14.0,0.0,1.7096357598191831,12,20,20,0,0.020049792635600097,0,0,0,0,0,1,0,0,0,31,0,2,0,0,1
1lon,A,78,LYS,-3.9,168.6,1.0,2,0,E,0.40487804878048783,-89.9,130.0,9.0,9.0,0.5,2.1407226692350703,19,12,19,-7,0.02797645484037223,0,0,1,0,0,0,0,0,0,31,0,2,0,0,1
1lon,A,79,GLU,-3.5,138.4,-1.0,1,3,E,0.44329896907216493,-116.2,139.7,6.0,20.0,0.23076923076923078,1.7953767490774366,18,27,12,15,0.0363693912924839,0,0,1,0,0,0,0,0,0,28,0,7,0,0,1
1lon,A,80,TYR,-1.3,193.6,0.0,1,1,E,0.15765765765765766,-131.2,151.0,24.0,10.0,0.7058823529411765,2.8257876972396367,31,33,32,1,0.03963331102386066,0,0,1,0,0,0,0,0,0,28,0,7,0,0,1
1lon,A,81,ASP,-3.5,111.1,-1.0,1,3,E,0.2331288343558282,-125.8,106.5,11.0,25.0,0.3055555555555556,2.1965350713286527,28,34,22,12,0.040565859518539735,0,0,1,0,0,0,0,0,0,28,0,7,0,0,1
1lon,A,82,PHE,2.8,189.9,0.0,0,0,E,0.005076142131979695,-96.0,154.1,20.0,20.0,0.5,5.018025829788218,35,39,33,6,0.050823892960009553,0,0,1,0,0,0,0,0,0,-1,0,0,0,0,0
1lon,A,83,HIS,-3.2,153.2,0.1,2,1,S,0.13043478260869565,-134.9,-50.4,20.0,26.0,0.43478260869565216,2.578637098145701,35,27,27,0,0.04989134446533048,0,0,0,0,0,0,1,0,0,-1,0,0,0,0,0
1lon,A,84,LEU,3.8,166.7,0.0,0,0,S,0.006097560975609756,-112.1,-37.8,18.0,26.0,0.4090909090909091,3.78807265052011,46,41,17,24,0.04942507021799094,0,0,0,0,0,0,1,0,0,-1,0,0,0,0,0
1lon,A,85,LEU,3.8,166.7,0.0,0,0,S,0.0,-67.0,132.8,25.0,29.0,0.46296296296296297,6.246820833349499,41,31,23,8,0.05035761871267001,0,0,0,0,0,0,1,0,0,-1,0,0,0,0,0
1lon,A,86,PRO,-1.6,112.7,0.0,0,0,-,0.0,-60.8,140.3,25.0,26.0,0.49019607843137253,7.3982133921122335,43,33,17,16,0.0526889899493677,0,0,0,0,0,0,0,0,0,-1,0,0,0,0,0
1lon,A,87,SER,-0.8,89.0,0.0,1,1,G,0.0,-57.3,-22.0,27.0,25.0,0.5192307692307693,4.08243658931691,47,35,24,11,0.053621538444046775,0,0,0,1,0,0,0,0,0,-1,0,0,0,0,0
1lon,A,88,GLY,-0.4,60.1,0.0,0,0,G,0.011904761904761904,-80.2,8.2,25.0,23.0,0.5208333333333334,2.8064316269077243,41,26,21,5,0.053155264196707235,0,0,0,1,0,0,0,0,0,-1,0,0,0,0,0
1lon,A,89,ILE,4.5,166.7,0.0,0,0,G,0.0,-62.8,-26.4,27.0,20.0,0.574468085106383,4.5339560944091915,38,23,18,5,0.05035761871267001,0,0,0,1,0,0,0,0,0,-1,0,0,0,0,0
1lon,A,90,ILE,4.5,166.7,0.0,0,0,G,0.17159763313609466,-69.6,-27.0,19.0,24.0,0.4418604651162791,2.0483138095518183,33,28,9,19,0.03916703677652112,0,0,0,1,0,0,0,0,0,-1,0,0,0,0,0
1lon,A,91,ASN,-3.5,114.1,0.0,2,2,-,0.15286624203821655,-70.3,107.9,19.0,13.0,0.59375,2.103518503010323,30,25,22,3,0.03730193978716297,0,0,0,0,0,0,0,0,0,13,51,4,0,2,1
1lon,A,92,THR,-0.7,116.1,0.0,1,1,S,0.7746478873239436,-71.4,-13.9,4.0,21.0,0.16,1.8362669379846934,20,33,8,25,0.02797645484037223,0,0,0,0,0,0,1,0,0,13,51,4,0,2,1
1lon,A,93,LYS,-3.9,168.6,1.0,2,0,S,0.5414634146341464,-92.6,-23.9,6.0,15.0,0.2857142857142857,1.8707767091886278,18,14,16,-2,0.02471253510899547,0,0,0,0,0,0,1,0,0,13,51,4,0,2,1
1lon,A,94,ALA,1.8,88.6,0.0,0,0,S,0.0,-91.0,157.1,22.0,9.0,0.7096774193548387,2.2752384090832547,30,30,14,16,0.04429605349725603,0,0,0,0,0,0,1,0,0,13,51,4,0,2,1
1lon,A,95,VAL,4.2,140.0,0.0,0,0,E,0.31690140845070425,-101.8,126.5,13.0,26.0,0.3333333333333333,2.830230211630752,35,35,11,24,0.04616115048661418,0,0,1,0,0,0,0,0,0,13,51,4,0,2,1
1lon,A,96,SER,-0.8,89.0,0.0,1,1,E,0.0,-95.3,129.0,19.0,22.0,0.4634146341463415,5.228224406440711,38,26,12,14,0.0526889899493677,0,0,1,0,0,0,0,0,0,-1,0,0,0,0,0
1lon,A,97,PHE,2.8,189.9,0.0,0,0,E,0.005076142131979695,-121.7,128.8,24.0,22.0,0.5217391304347826,6.4572198332189,45,18,9,9,0.04942507021799094,0,0,1,0,0,0,0,0,0,-1,0,0,0,0,0
1lon,A,98,ILE,4.5,166.7,0.0,0,0,E,0.0,-102.6,111.5,25.0,28.0,0.4716981132075472,8.359654772604701,44,25,5,20,0.05035761871267001,0,0,1,0,0,0,0,0,0,-1,0,0,0,0,0
1lon,A,99,GLY,-0.4,60.1,0.0,0,0,-,0.0,-73.4,171.3,22.0,26.0,0.4583333333333333,6.101439222138417,43,30,11,19,0.05222271570202816,0,0,0,0,0,0,0,0,0,-1,0,0,0,0,0
1lon,A,100,ASN,-3.5,114.1,0.0,2,2,T,0.16560509554140126,-67.6,-16.1,18.0,23.0,0.43902439024390244,2.2203664141979935,34,39,11,28,0.04989134446533048,0,0,0,0,0,1,0,0,0,11,24,13,0,4,1
1lon,A,101,GLY,-0.4,60.1,0.0,0,0,T,0.0,-79.3,-15.7,22.0,22.0,0.5,2.634679841479592,37,36,1,35,0.04616115048661418,0,0,0,0,0,1,0,0,0,11,24,13,0,4,1
1lon,A,102,VAL,4.2,140.0,0.0,0,0,B,0.007042253521126761,-80.9,142.7,25.0,23.0,0.5208333333333334,5.876314746312089,43,34,3,31,0.04989134446533048,0,1,0,0,0,0,0,0,0,-1,0,0,0,0,0
1lon,A,103,VAL,4.2,140.0,0.0,0,0,E,0.007042253521126761,-107.0,124.1,23.0,27.0,0.46,6.525216699115617,44,49,0,49,0.050823892960009553,0,0,1,0,0,0,0,0,0,11,24,13,0,4,1
1lon,A,104,ILE,4.5,166.7,0.0,0,0,E,0.0,-108.0,135.6,24.0,23.0,0.5106382978723404,7.22569782804603,44,34,1,33,0.04662742473395372,0,0,1,0,0,0,0,0,0,-1,0,0,0,0,0
1lon,A,105,HIS,-3.2,153.2,0.1,2,1,-,0.08152173913043478,-111.2,101.8,19.0,19.0,0.5,3.069902505180946,31,21,16,5,0.04709369898129325,0,0,0,0,0,0,0,0,0,15,24,8,0,1,1
1lon,A,106,LEU,3.8,166.7,0.0,0,0,H,0.018292682926829267,-51.7,-46.9,20.0,16.0,0.5555555555555556,5.138703922832391,38,30,14,16,0.04243095650789788,1,0,0,0,0,0,0,0,0,-1,0,0,0,0,0
1lon,A,107,PRO,-1.6,112.7,0.0,0,0,H,0.25735294117647056,-56.9,-49.0,9.0,18.0,0.3333333333333333,2.209019011539921,25,25,25,0,0.034970568550465285,1,0,0,0,0,0,0,0,0,-1,0,0,0,0,0
1lon,A,108,GLY,-0.4,60.1,0.0,0,0,H,0.17857142857142858,-61.0,-36.5,18.0,10.0,0.6428571428571429,1.7548258541374195,25,32,28,4,0.03730193978716297,1,0,0,0,0,0,0,0,0,24,1,9,0,0,1
1lon,A,109,LEU,3.8,166.7,0.0,0,0,H,0.006097560975609756,-59.8,-56.0,17.0,14.0,0.5483870967741935,3.981428164700719,33,28,28,0,0.04616115048661418,1,0,0,0,0,0,0,0,0,-1,0,0,0,0,0
1lon,A,110,PHE,2.8,189.9,0.0,0,0,H,0.03553299492385787,-66.9,-40.5,6.0,19.0,0.24,2.49371926272981,28,23,39,-16,0.043829779249916496,1,0,0,0,0,0,0,0,0,24,1,9,0,0,1
1lon,A,111,GLU,-3.5,138.4,-1.0,1,3,H,0.5360824742268041,-53.6,-40.1,6.0,13.0,0.3157894736842105,1.7715995538926352,22,28,28,0,0.032639197313767604,1,0,0,0,0,0,0,0,0,24,1,9,0,0,1
1lon,A,112,GLU,-3.5,138.4,-1.0,1,3,H,0.05154639175257732,-71.2,-49.4,18.0,10.0,0.6428571428571429,2.3873350588108533,34,30,33,-3,0.045228601991935104,1,0,0,0,0,0,0,0,0,24,1,9,0,0,1
1lon,A,113,ALA,1.8,88.6,0.0,0,0,H,0.0,-60.6,-36.4,14.0,17.0,0.45161290322580644,4.666165779440709,31,36,48,-12,0.04942507021799094,1,0,0,0,0,0,0,0,0,9,57,10,0,6,1
1lon,A,114,GLU,-3.5,138.4,-1.0,1,3,H,0.3865979381443299,-76.4,-17.6,5.0,15.0,0.25,1.936271158949932,19,25,28,-3,0.04196468226055834,1,0,0,0,0,0,0,0,0,9,57,10,0,6,1
1lon,A,115,LYS,-3.9,168.6,1.0,2,0,H,0.3804878048780488,-77.3,-35.3,11.0,10.0,0.5238095238095238,1.9655818363290232,21,25,46,-21,0.03590311704514436,1,0,0,0,0,0,0,0,0,28,0,7,0,0,1
1lon,A,116,ASN,-3.5,114.1,0.0,2,2,T,0.0,-82.2,-10.7,20.0,7.0,0.7407407407407407,3.8987321313320096,26,42,46,-4,0.04662742473395372,0,0,0,0,0,1,0,0,0,28,0,7,0,0,1
1lon,A,117,GLU,-3.5,138.4,-1.0,1,3,G,0.30927835051546393,-70.4,-48.9,8.0,10.0,0.4444444444444444,1.8981112811245522,19,36,29,7,0.0363693912924839,0,0,0,1,0,0,0,0,0,9,57,10,0,6,1
1lon,A,118,LYS,-3.9,168.6,1.0,2,0,G,0.7609756097560976,-59.6,-0.4,4.0,10.0,0.2857142857142857,1.9090633481109107,14,22,24,-2,0.02611135785101408,0,0,0,1,0,0,0,0,0,-1,0,0,0,0,0
1lon,A,119,LYS,-3.9,168.6,1.0,2,0,G,0.2926829268292683,-115.5,-0.7,14.0,4.0,0.7777777777777778,1.965037886810735,19,28,30,-2,0.03124037457174899,0,0,0,1,0,0,0,0,0,28,0,7,0,0,1
1lon,A,120,GLY,-0.4,60.1,0.0,0,0,T,0.7380952380952381,112.1,6.1,7.0,11.0,0.3888888888888889,1.7094652426474892,19,40,19,21,0.02471253510899547,0,0,0,0,0,1,0,0,0,7,158,4,0,8,1
1lon,A,121,LEU,3.8,166.7,0.0,0,0,-,0.08536585365853659,-75.8,104.2,20.0,6.0,0.7692307692307693,2.245794651799189,26,44,32,12,0.04196468226055834,0,0,0,0,0,0,0,0,0,7,158,4,0,8,1
1lon,A,122,LYS,-3.9,168.6,1.0,2,0,-,0.7219512195121951,-112.5,137.4,1.0,18.0,0.05263157894736842,1.9085008743269514,15,19,21,-2,0.027043906345693154,0,0,0,0,0,0,0,0,0,7,158,4,0,8,1
1lon,A,123,ASP,-3.5,111.1,-1.0,1,3,S,0.5521472392638037,57.1,35.0,7.0,12.0,0.3684210526315789,1.7444118396639419,14,29,14,15,0.03170664881908853,0,0,0,0,0,0,1,0,0,7,158,4,0,8,1
1lon,A,124,TRP,-0.9,227.8,0.0,1,0,G,0.02643171806167401,-67.5,-37.1,18.0,13.0,0.5806451612903226,2.8069625014335218,28,35,43,-8,0.04243095650789788,0,0,0,1,0,0,0,0,0,9,57,10,0,6,1
1lon,A,125,GLU,-3.5,138.4,-1.0,1,3,G,0.33505154639175255,-64.7,-4.8,10.0,18.0,0.35714285714285715,1.8403662162630292,24,39,17,22,0.03590311704514436,0,0,0,1,0,0,0,0,0,9,57,10,0,6,1
1lon,A,126,LYS,-3.9,168.6,1.0,2,0,G,0.8439024390243902,-95.2,-17.3,8.0,14.0,0.36363636363636365,1.8707463637083295,15,21,17,4,0.02984155182973038,0,0,0,1,0,0,0,0,0,-1,0,0,0,0,0
1lon,A,127,ARG,-4.5,173.4,1.0,5,0,S,0.08870967741935484,-129.8,32.1,18.0,11.0,0.6206896551724138,2.1653138666043534,25,21,17,4,0.040099585271200194,0,0,0,0,0,0,1,0,0,7,158,4,0,8,1
1lon,A,128,LEU,3.8,166.7,0.0,0,0,E,0.018292682926829267,-122.0,114.0,20.0,19.0,0.5128205128205128,3.205481607358164,36,28,12,16,0.04662742473395372,0,0,1,0,0,0,0,0,0,-1,0,0,0,0,0
1lon,A,129,ILE,4.5,166.7,0.0,0,0,E,0.10650887573964497,-103.1,138.7,19.0,17.0,0.5277777777777778,3.3439687682887476,34,26,13,13,0.048492521723311866,0,0,1,0,0,0,0,0,0,-1,0,0,0,0,0
1lon,A,130,ILE,4.5,166.7,0.0,0,0,E,0.0,-121.3,121.3,22.0,23.0,0.4888888888888889,5.771411390486338,40,30,13,17,0.04989134446533048,0,0,1,0,0,0,0,0,0,-1,0,0,0,0,0
1lon,A,131,SER,-0.8,89.0,0.0,1,1,E,0.0,-62.8,131.2,24.0,16.0,0.6,5.25488122856357,38,39,16,23,0.053155264196707235,0,0,1,0,0,0,0,0,0,-1,0,0,0,0,0
1lon,A,132,ASP,-3.5,111.1,-1.0,1,3,T,0.2147239263803681,-72.2,-0.1,15.0,21.0,0.4166666666666667,2.33399830730958,32,35,15,20,0.04755997322863279,0,0,0,0,0,1,0,0,0,-1,0,0,0,0,0
1lon,A,133,ARG,-4.5,173.4,1.0,5,0,T,0.3467741935483871,-104.2,1.1,12.0,22.0,0.35294117647058826,2.0826071392660963,27,27,19,8,0.043363505002576956,0,0,0,0,0,1,0,0,0,11,24,13,0,4,1
1lon,A,134,ALA,1.8,88.6,0.0,0,0,P,0.0,-66.9,138.5,25.0,17.0,0.5952380952380952,4.013569490829662,39,42,15,27,0.0526889899493677,0,0,0,0,0,0,0,0,0,-1,0,0,0,0,0
1lon,A,135,HIS,-3.2,153.2,0.1,2,1,E,0.07608695652173914,-81.4,156.8,22.0,18.0,0.55,3.55454847729375,37,38,10,28,0.05129016720734909,0,0,1,0,0,0,0,0,0,11,24,13,0,4,1
1lon,A,136,LEU,3.8,166.7,0.0,0,0,E,0.012195121951219513,-103.2,133.1,21.0,28.0,0.42857142857142855,7.058089245559285,39,45,13,32,0.05129016720734909,0,0,1,0,0,0,0,0,0,-1,0,0,0,0,0
1lon,A,137,VAL,4.2,140.0,0.0,0,0,P,0.035211267605633804,-92.4,123.0,25.0,21.0,0.5434782608695652,6.240870050596078,42,42,10,32,0.053621538444046775,0,0,0,0,0,0,0,0,0,-1,0,0,0,0,0
1lon,A,138,PHE,2.8,189.9,0.0,0,0,P,0.015228426395939087,-101.6,152.5,20.0,21.0,0.4878048780487805,5.966012162202986,38,41,8,33,0.04755997322863279,0,0,0,0,0,0,0,0,0,15,24,8,0,1,1
1lon,A,139,ASP,-3.5,111.1,-1.0,1,3,H,0.2883435582822086,-47.4,-39.3,11.0,24.0,0.3142857142857143,1.906514893880928,31,34,9,25,0.03730193978716297,1,0,0,0,0,0,0,0,0,15,24,8,0,1,1
1lon,A,140,PHE,2.8,189.9,0.0,0,0,H,0.005076142131979695,-70.0,-19.3,21.0,19.0,0.525,3.8182388699291043,37,36,19,17,0.04616115048661418,1,0,0,0,0,0,0,0,0,15,24,8,0,1,1
1lon,A,141,HIS,-3.2,153.2,0.1,2,1,H,0.0,-68.5,-45.8,21.0,21.0,0.5,4.4893266885623015,39,29,16,13,0.053155264196707235,1,0,0,0,0,0,0,0,0,-1,0,0,0,0,0
1lon,A,142,GLN,-3.5,143.8,0.0,2,2,H,0.21212121212121213,-65.8,-39.3,14.0,21.0,0.4,2.074509045222886,31,39,16,23,0.048958795970651406,1,0,0,0,0,0,0,0,0,-1,0,0,0,0,0
1lon,A,143,ALA,1.8,88.6,0.0,0,0,H,0.3584905660377358,-65.3,-40.3,13.0,18.0,0.41935483870967744,1.8739804205529633,29,35,28,7,0.03683566553982344,1,0,0,0,0,0,0,0,0,-1,0,0,0,0,0
1lon,A,144,VAL,4.2,140.0,0.0,0,0,H,0.0,-67.1,-34.3,21.0,15.0,0.5833333333333334,3.517927904209195,37,37,22,15,0.04709369898129325,1,0,0,0,0,0,0,0,0,-1,0,0,0,0,0
1lon,A,145,ASP,-3.5,111.1,-1.0,1,3,H,0.018404907975460124,-57.8,-52.7,20.0,14.0,0.5882352941176471,2.701233490469837,31,33,11,22,0.05175644145468863,1,0,0,0,0,0,0,0,0,-1,0,0,0,0,0
1lon,A,146,GLY,-0.4,60.1,0.0,0,0,H,0.15476190476190477,-53.8,-58.7,7.0,20.0,0.25925925925925924,1.9976726212065528,27,26,18,8,0.03916703677652112,1,0,0,0,0,0,0,0,0,-1,0,0,0,0,0
1lon,A,147,LEU,3.8,166.7,0.0,0,0,H,0.2865853658536585,-50.9,-45.0,14.0,16.0,0.4666666666666667,1.8926283403163142,26,22,19,3,0.03823448828184205,1,0,0,0,0,0,0,0,0,22,3,4,0,0,1
1lon,A,148,GLN,-3.5,143.8,0.0,2,2,H,0.1919191919191919,-62.4,-35.3,16.0,15.0,0.5161290322580645,2.175798431033962,29,27,18,9,0.03916703677652112,1,0,0,0,0,0,0,0,0,22,3,4,0,0,1
1lon,A,149,GLU,-3.5,138.4,-1.0,1,3,H,0.010309278350515464,-69.6,-50.3,16.0,13.0,0.5517241379310345,2.6137247855718244,28,28,12,16,0.048492521723311866,1,0,0,0,0,0,0,0,0,-1,0,0,0,0,0
1lon,A,150,VAL,4.2,140.0,0.0,0,0,H,0.6056338028169014,-57.4,-36.4,6.0,15.0,0.2857142857142857,2.021243131984383,22,19,16,3,0.035436842797804825,1,0,0,0,0,0,0,0,0,-1,0,0,0,0,0
1lon,A,151,GLN,-3.5,143.8,0.0,2,2,H,0.46464646464646464,-70.3,-40.5,8.0,12.0,0.4,1.8491315147949763,18,14,20,-6,0.0363693912924839,1,0,0,0,0,0,0,0,0,22,3,4,0,0,1
1lon,A,152,ARG,-4.5,173.4,1.0,5,0,H,0.22983870967741934,-71.5,-36.7,9.0,8.0,0.5294117647058824,2.497592946999563,23,10,24,-14,0.04429605349725603,1,0,0,0,0,0,0,0,0,22,3,4,0,0,1
1lon,A,153,GLN,-3.5,143.8,0.0,2,2,H,0.494949494949495,-64.9,-59.7,9.0,8.0,0.5294117647058824,2.1415724061121817,17,20,18,2,0.03870076252918159,1,0,0,0,0,0,0,0,0,18,14,6,0,1,1
1lon,A,154,ALA,1.8,88.6,0.0,0,0,H,0.7641509433962265,-80.0,52.2,5.0,7.0,0.4166666666666667,1.876387807300409,13,14,14,0,0.027510180593032695,1,0,0,0,0,0,0,0,0,-1,0,0,0,0,0
1lon,A,155,GLN,-3.5,143.8,0.0,2,2,H,0.7070707070707071,-161.7,-67.4,7.0,5.0,0.5833333333333334,1.752973814105361,12,14,13,1,0.02471253510899547,1,0,0,0,0,0,0,0,0,22,3,4,0,0,1
1lon,A,156,GLU,-3.5,138.4,-1.0,1,3,H,0.6494845360824743,-100.1,1.9,6.0,6.0,0.5,1.8068671273360941,16,19,5,14,0.024246260861655933,1,0,0,0,0,0,0,0,0,18,14,6,0,1,1
1lon,A,157,GLY,-0.4,60.1,0.0,0,0,S,0.6190476190476191,97.2,-28.0,1.0,11.0,0.08333333333333333,1.7095702180855796,14,17,12,5,0.02331371236697686,0,0,0,0,0,0,1,0,0,18,14,6,0,1,1
1lon,A,158,LYS,-3.9,168.6,1.0,2,0,-,0.37073170731707317,-146.8,151.6,7.0,12.0,0.3684210526315789,1.9331404394112246,22,9,19,-10,0.032639197313767604,0,0,0,0,0,0,0,0,0,18,14,6,0,1,1
1lon,A,159,ASN,-3.5,114.1,0.0,2,2,-,0.1592356687898089,-115.9,-172.2,15.0,10.0,0.6,1.9765448340199605,25,26,21,5,0.04429605349725603,0,0,0,0,0,0,0,0,0,18,14,6,0,1,1
1lon,A,160,ILE,4.5,166.7,0.0,0,0,-,0.21301775147928995,-79.0,-31.5,16.0,14.0,0.5333333333333333,2.1313249137020165,30,33,18,15,0.03963331102386066,0,0,0,0,0,0,0,0,0,-1,0,0,0,0,0
1lon,A,161,GLY,-0.4,60.1,0.0,0,0,-,0.15476190476190477,82.8,41.4,11.0,20.0,0.3548387096774194,1.9419958795091132,28,38,16,22,0.03590311704514436,0,0,0,0,0,0,0,0,0,1,1556,18,0,342,1
1lon,A,162,THR,-0.7,116.1,0.0,1,1,-,0.2605633802816901,-67.4,167.1,22.0,17.0,0.5641025641025641,2.00353590626032,33,31,17,14,0.03823448828184205,0,0,0,0,0,0,0,0,0,1,1556,18,0,342,1
1lon,A,163,THR,-0.7,116.1,0.0,1,1,-,0.20422535211267606,-77.9,2.2,20.0,15.0,0.5714285714285714,1.8316122531038725,30,29,13,16,0.03730193978716297,0,0,0,0,0,0,0,0,0,1,1556,18,0,342,1
1lon,A,164,LYS,-3.9,168.6,1.0,2,0,S,0.47804878048780486,52.3,39.4,9.0,23.0,0.28125,2.0274329549994903,27,21,18,3,0.04149840801321881,0,0,0,0,0,0,1,0,0,1,1556,18,0,342,1
1lon,A,165,LYS,-3.9,168.6,1.0,2,0,S,0.33658536585365856,-102.4,9.2,21.0,20.0,0.5121951219512195,2.4147595885638875,32,33,12,21,0.043829779249916496,0,0,0,0,0,0,1,0,0,-1,0,0,0,0,0
1lon,A,166,GLY,-0.4,60.1,0.0,0,0,S,0.0,69.1,27.5,15.0,21.0,0.4166666666666667,3.057151618698194,36,39,15,24,0.05408781269138631,0,0,0,0,0,0,1,0,0,-1,0,0,0,0,0
1lon,A,167,ILE,4.5,166.7,0.0,0,0,H,0.04142011834319527,-72.1,-50.2,17.0,23.0,0.425,2.4025565682714056,40,34,8,26,0.053155264196707235,1,0,0,0,0,0,0,0,0,-1,0,0,0,0,0
1lon,A,168,GLY,-0.4,60.1,0.0,0,0,H,0.2976190476190476,-58.6,-48.3,16.0,21.0,0.43243243243243246,1.7095245716900624,36,32,11,21,0.040099585271200194,1,0,0,0,0,0,0,0,0,-1,0,0,0,0,0
1lon,A,169,PRO,-1.6,112.7,0.0,0,0,H,0.04411764705882353,-60.2,-43.1,24.0,17.0,0.5853658536585366,1.931553133419316,35,33,12,21,0.043363505002576956,1,0,0,0,0,0,0,0,0,-1,0,0,0,0,0
1lon,A,170,THR,-0.7,116.1,0.0,1,1,H,0.007042253521126761,-69.8,-31.2,24.0,18.0,0.5714285714285714,4.764628329479578,38,45,7,38,0.050823892960009553,1,0,0,0,0,0,0,0,0,-1,0,0,0,0,0
1lon,A,171,TYR,-1.3,193.6,0.0,1,1,H,0.0990990990990991,-75.6,-22.4,15.0,21.0,0.4166666666666667,2.426979777075404,33,26,0,26,0.04289723075523742,1,0,0,0,0,0,0,0,0,11,24,13,0,4,1
1lon,A,172,SER,-0.8,89.0,0.0,1,1,H,0.6153846153846154,-77.3,-33.9,10.0,17.0,0.37037037037037035,1.739551518673821,24,33,0,33,0.03124037457174899,1,0,0,0,0,0,0,0,0,8,113,5,0,7,1
1lon,A,173,SER,-0.8,89.0,0.0,1,1,H,0.038461538461538464,-71.9,-33.0,21.0,8.0,0.7241379310344828,2.4010351446351965,27,45,0,45,0.040565859518539735,1,0,0,0,0,0,0,0,0,8,113,5,0,7,1
1lon,A,174,LYS,-3.9,168.6,1.0,2,0,H,0.28780487804878047,-60.6,-54.4,17.0,10.0,0.6296296296296297,2.1949438084634156,27,35,0,35,0.04103213376587927,1,0,0,0,0,0,0,0,0,11,24,13,0,4,1
1lon,A,175,ALA,1.8,88.6,0.0,0,0,H,0.7264150943396226,-56.3,-41.9,7.0,9.0,0.4375,1.7869732314623263,13,26,0,26,0.026577632098353617,1,0,0,0,0,0,0,0,0,11,24,13,0,4,1
1lon,A,176,ALA,1.8,88.6,0.0,0,0,H,0.5,-70.6,-14.8,10.0,3.0,0.7692307692307693,1.870265048524408,16,27,0,27,0.023779986614316396,1,0,0,0,0,0,0,0,0,8,113,5,0,7,1
1lon,A,177,ARG,-4.5,173.4,1.0,5,0,T,0.8870967741935484,68.7,25.0,0.0,15.0,0.0,1.9060784115119473,12,14,0,14,0.025178809356335007,0,0,0,0,0,1,0,0,0,8,113,5,0,7,1
1lon,A,178,THR,-0.7,116.1,0.0,1,1,-,0.33098591549295775,-102.5,-13.5,13.0,14.0,0.48148148148148145,1.8768076433457228,25,47,1,46,0.032172923066428064,0,0,0,0,0,0,0,0,0,8,113,5,0,7,1
1lon,A,179,GLY,-0.4,60.1,0.0,0,0,-,0.14285714285714285,-75.1,158.3,21.0,14.0,0.6,2.2209518622532394,33,59,7,52,0.04616115048661418,0,0,0,0,0,0,0,0,0,8,113,5,0,7,1
1lon,A,180,LEU,3.8,166.7,0.0,0,0,-,0.006097560975609756,-106.0,154.5,22.0,18.0,0.55,2.8585679788766405,37,52,12,40,0.04989134446533048,0,0,0,0,0,0,0,0,0,-1,0,0,0,0,0
1lon,A,181,ARG,-4.5,173.4,1.0,5,0,B,0.32661290322580644,-119.3,169.2,13.0,24.0,0.35135135135135137,2.544008909510027,30,40,16,24,0.043829779249916496,0,1,0,0,0,0,0,0,0,-1,0,0,0,0,0
1lon,A,182,ILE,4.5,166.7,0.0,0,0,H,0.0,-47.0,-63.9,24.0,20.0,0.5454545454545454,4.282565995996898,36,42,18,24,0.048958795970651406,1,0,0,0,0,0,0,0,0,-1,0,0,0,0,0
1lon,A,183,CYS,2.5,108.5,0.0,1,0,H,0.31851851851851853,-43.3,-30.1,8.0,20.0,0.2857142857142857,1.9304452192474775,24,40,24,16,0.03683566553982344,1,0,0,0,0,0,0,0,0,-1,0,0,0,0,0
1lon,A,184,ASP,-3.5,111.1,-1.0,1,3,H,0.10429447852760736,-72.6,-46.5,15.0,14.0,0.5172413793103449,2.123140819663799,26,37,25,12,0.04289723075523742,1,0,0,0,0,0,0,0,0,-1,0,0,0,0,0
1lon,A,185,LEU,3.8,166.7,0.0,0,0,H,0.006097560975609756,-59.8,-39.7,25.0,13.0,0.6578947368421053,3.629615670015542,34,31,31,0,0.050823892960009553,1,0,0,0,0,0,0,0,0,5,987,6,0,68,1
1lon,A,186,LEU,3.8,166.7,0.0,0,0,H,0.15853658536585366,-82.6,-16.3,13.0,16.0,0.4482758620689655,2.3945254350917606,27,28,30,-2,0.03776821403450251,1,0,0,0,0,0,0,0,0,5,987,6,0,68,1
1lon,A,187,SER,-0.8,89.0,0.0,1,1,S,0.5153846153846153,-79.2,-145.1,9.0,10.0,0.47368421052631576,1.7397086542490765,17,14,35,-21,0.029375277582390842,0,0,0,0,0,0,1,0,0,-1,0,0,0,0,0
1lon,A,188,ASP,-3.5,111.1,-1.0,1,3,-,0.5030674846625767,-64.7,127.6,4.0,11.0,0.26666666666666666,1.92423921092691,14,9,24,-15,0.02797645484037223,0,0,0,0,0,0,0,0,0,-1,0,0,0,0,0
1lon,A,189,PHE,2.8,189.9,0.0,0,0,H,0.19796954314720813,-77.1,-27.0,8.0,16.0,0.3333333333333333,2.2093792752521986,27,30,33,-3,0.03730193978716297,1,0,0,0,0,0,0,0,0,5,987,6,0,68,1
1lon,A,190,ASP,-3.5,111.1,-1.0,1,3,H,0.7791411042944786,-68.1,-34.1,0.0,17.0,0.0,1.7317008009286645,15,12,18,-6,0.027510180593032695,1,0,0,0,0,0,0,0,0,-1,0,0,0,0,0
1lon,A,191,GLU,-3.5,138.4,-1.0,1,3,H,0.4845360824742268,-72.8,-47.1,7.0,11.0,0.3888888888888889,2.0390812529358655,16,15,24,-9,0.032172923066428064,1,0,0,0,0,0,0,0,0,-1,0,0,0,0,0
1lon,A,192,PHE,2.8,189.9,0.0,0,0,H,0.0,-52.4,-54.7,16.0,11.0,0.5925925925925926,5.1541318278253945,31,32,33,-1,0.04942507021799094,1,0,0,0,0,0,0,0,0,-1,0,0,0,0,0
1lon,A,193,SER,-0.8,89.0,0.0,1,1,H,0.09230769230769231,-54.8,-34.7,12.0,14.0,0.46153846153846156,2.4278972142300037,24,32,38,-6,0.04289723075523742,1,0,0,0,0,0,0,0,0,-1,0,0,0,0,0
1lon,A,194,ALA,1.8,88.6,0.0,0,0,H,0.44339622641509435,-61.6,-50.7,6.0,14.0,0.3,1.7676608185411162,19,25,23,2,0.032639197313767604,1,0,0,0,0,0,0,0,0,-1,0,0,0,0,0
1lon,A,195,ARG,-4.5,173.4,1.0,5,0,H,0.4032258064516129,-73.0,-33.3,11.0,12.0,0.4782608695652174,1.8631663886056031,24,15,24,-9,0.03916703677652112,1,0,0,0,0,0,0,0,0,-1,0,0,0,0,0
1lon,A,196,PHE,2.8,189.9,0.0,0,0,H,0.005076142131979695,-60.4,-46.7,23.0,14.0,0.6216216216216216,5.297693548546099,35,37,24,13,0.048026247475972325,1,0,0,0,0,0,0,0,0,-1,0,0,0,0,0
1lon,A,197,LYS,-3.9,168.6,1.0,2,0,H,0.3170731707317073,-63.0,-41.2,8.0,20.0,0.2857142857142857,2.1947590069071166,25,18,20,-2,0.04103213376587927,1,0,0,0,0,0,0,0,0,3,1472,5,0,100,1
1lon,A,198,ASN,-3.5,114.1,0.0,2,2,H,0.643312101910828,-67.2,-42.0,8.0,12.0,0.4,1.870510294348052,19,34,2,32,0.032639197313767604,1,0,0,0,0,0,0,0,0,-1,0,0,0,0,0
1lon,A,199,LEU,3.8,166.7,0.0,0,0,H,0.012195121951219513,-63.6,-45.5,23.0,10.0,0.696969696969697,2.4834762983493235,33,47,0,47,0.045694876239274644,1,0,0,0,0,0,0,0,0,-1,0,0,0,0,0
1lon,A,200,ALA,1.8,88.6,0.0,0,0,H,0.0,-55.2,-54.8,16.0,21.0,0.43243243243243246,4.187271731911113,28,40,11,29,0.050823892960009553,1,0,0,0,0,0,0,0,0,3,1472,5,0,100,1
1lon,A,201,HIS,-3.2,153.2,0.1,2,1,H,0.5380434782608695,-50.7,-40.9,5.0,18.0,0.21739130434782608,1.9523249943249694,20,21,1,20,0.03730193978716297,1,0,0,0,0,0,0,0,0,3,1472,5,0,100,1
1lon,A,202,GLN,-3.5,143.8,0.0,2,2,H,0.4090909090909091,-55.7,-44.1,11.0,12.0,0.4782608695652174,1.7897014811589251,22,31,0,31,0.034970568550465285,1,0,0,0,0,0,0,0,0,-1,0,0,0,0,0
1lon,A,203,HIS,-3.2,153.2,0.1,2,1,H,0.07065217391304347,-70.1,-36.3,23.0,9.0,0.71875,2.8091144979141447,31,21,7,14,0.045694876239274644,1,0,0,0,0,0,0,0,0,3,1472,5,0,100,1
1lon,A,204,GLN,-3.5,143.8,0.0,2,2,H,0.2474747474747475,-62.5,-22.7,9.0,13.0,0.4090909090909091,2.0040724744341207,22,23,7,16,0.04149840801321881,1,0,0,0,0,0,0,0,0,3,1472,5,0,100,1
1lon,A,205,SER,-0.8,89.0,0.0,1,1,T,0.8,-76.0,-23.4,5.0,10.0,0.3333333333333333,1.7681674559878473,14,19,0,19,0.027510180593032695,0,0,0,0,0,1,0,0,0,-1,0,0,0,0,0
1lon,A,206,MET,1.9,162.9,0.0,0,0,T,0.5585106382978723,-83.9,-41.8,14.0,7.0,0.6666666666666666,1.910349346236783,20,14,1,13,0.030307826077069916,0,0,0,0,0,1,0,0,0,-1,0,0,0,0,0
1lon,A,207,PHE,2.8,189.9,0.0,0,0,-,0.07614213197969544,-131.3,87.0,17.0,6.0,0.7391304347826086,2.283367942268782,24,13,9,4,0.035436842797804825,0,0,0,0,0,0,0,0,0,22,3,4,0,0,1
1lon,A,208,PRO,-1.6,112.7,0.0,0,0,T,0.7867647058823529,-52.3,-34.5,0.0,14.0,0.0,1.9596673486457805,15,8,6,2,0.02611135785101408,0,0,0,0,0,1,0,0,0,-1,0,0,0,0,0
1lon,A,209,THR,-0.7,116.1,0.0,1,1,T,0.8450704225352113,-74.7,-1.7,5.0,11.0,0.3125,1.804294569848716,13,2,9,-7,0.022381163872297785,0,0,0,0,0,1,0,0,0,-1,0,0,0,0,0
1lon,A,210,LEU,3.8,166.7,0.0,0,0,-,0.07317073170731707,-77.2,120.6,21.0,3.0,0.875,2.4482973041989102,25,18,14,4,0.03590311704514436,0,0,0,0,0,0,0,0,0,3,1472,5,0,100,1
1lon,A,211,GLU,-3.5,138.4,-1.0,1,3,-,0.9072164948453608,-101.5,128.4,2.0,19.0,0.09523809523809523,1.70850792201159,14,0,11,-11,0.023779986614316396,0,0,0,0,0,0,0,0,0,3,1472,5,0,100,1
1lon,A,212,ILE,4.5,166.7,0.0,0,0,-,0.1301775147928994,-127.3,122.1,24.0,4.0,0.8571428571428571,2.1589946474469177,28,26,30,-4,0.032639197313767604,0,0,0,0,0,0,0,0,0,3,1472,5,0,100,1
1lon,A,213,ASP,-3.5,111.1,-1.0,1,3,-,0.558282208588957,-87.9,75.8,5.0,14.0,0.2631578947368421,1.9140649256096698,17,16,24,-8,0.027510180593032695,0,0,0,0,0,0,0,0,0,-1,0,0,0,0,0
1lon,A,214,VAL,4.2,140.0,0.0,0,0,H,0.1267605633802817,-38.5,-70.9,10.0,15.0,0.4,2.311294516546536,25,30,23,7,0.03776821403450251,1,0,0,0,0,0,0,0,0,3,1472,5,0,100,1
1lon,A,215,GLU,-3.5,138.4,-1.0,1,3,H,0.5463917525773195,-58.6,-30.3,0.0,15.0,0.0,1.7949580202313224,16,28,8,20,0.02984155182973038,1,0,0,0,0,0,0,0,0,-1,0,0,0,0,0
1lon,A,216,GLY,-0.4,60.1,0.0,0,0,H,0.17857142857142858,-63.0,-59.9,5.0,12.0,0.29411764705882354,1.8051587693890008,17,26,21,5,0.03170664881908853,1,0,0,0,0,0,0,0,0,-1,0,0,0,0,0
1lon,A,217,GLN,-3.5,143.8,0.0,2,2,H,0.10606060606060606,-63.6,-50.1,15.0,10.0,0.6,3.027190890158081,25,28,27,1,0.04149840801321881,1,0,0,0,0,0,0,0,0,15,24,8,0,1,1
1lon,A,218,LEU,3.8,166.7,0.0,0,0,H,0.054878048780487805,-53.3,-36.2,16.0,14.0,0.5333333333333333,3.716753237111618,28,39,26,13,0.04942507021799094,1,0,0,0,0,0,0,0,0,-1,0,0,0,0,0
1lon,A,219,LYS,-3.9,168.6,1.0,2,0,H,0.5365853658536586,-66.3,-50.9,4.0,16.0,0.2,2.129786963670309,18,22,15,7,0.035436842797804825,1,0,0,0,0,0,0,0,0,-1,0,0,0,0,0
1lon,A,220,ARG,-4.5,173.4,1.0,5,0,H,0.5403225806451613,-53.4,-47.2,9.0,12.0,0.42857142857142855,1.8547628704856456,19,19,19,0,0.034970568550465285,1,0,0,0,0,0,0,0,0,15,24,8,0,1,1
1lon,A,221,LEU,3.8,166.7,0.0,0,0,H,0.06707317073170732,-51.7,-46.2,21.0,12.0,0.6363636363636364,4.971819973181874,35,35,17,18,0.04662742473395372,1,0,0,0,0,0,0,0,0,5,987,6,0,68,1
1lon,A,222,LYS,-3.9,168.6,1.0,2,0,H,0.44878048780487806,-55.8,-35.1,11.0,18.0,0.3793103448275862,2.242181896460818,22,21,15,6,0.04103213376587927,1,0,0,0,0,0,0,0,0,5,987,6,0,68,1
1lon,A,223,GLY,-0.4,60.1,0.0,0,0,H,0.5,-69.6,-54.4,8.0,11.0,0.42105263157894735,1.781951634703429,21,43,9,34,0.03357174580844668,1,0,0,0,0,0,0,0,0,5,987,6,0,68,1
1lon,A,224,PHE,2.8,189.9,0.0,0,0,H,0.19796954314720813,-49.1,-40.0,16.0,12.0,0.5714285714285714,2.287989473886984,33,47,14,33,0.04103213376587927,1,0,0,0,0,0,0,0,0,5,987,6,0,68,1
1lon,A,225,ALA,1.8,88.6,0.0,0,0,H,0.009433962264150943,-45.6,-52.5,15.0,13.0,0.5357142857142857,3.356261197487476,28,35,14,21,0.04476232774459557,1,0,0,0,0,0,0,0,0,5,987,6,0,68,1
1lon,A,226,GLU,-3.5,138.4,-1.0,1,3,H,0.6030927835051546,-70.2,-27.1,4.0,15.0,0.21052631578947367,1.8811299432285162,19,31,1,30,0.03170664881908853,1,0,0,0,0,0,0,0,0,5,987,6,0,68,1
1lon,A,227,ARG,-4.5,173.4,1.0,5,0,H,0.31451612903225806,-73.2,-45.0,9.0,12.0,0.42857142857142855,1.8765263234792278,24,9,26,-17,0.034970568550465285,1,0,0,0,0,0,0,0,0,9,57,10,0,6,1
1lon,A,228,ILE,4.5,166.7,0.0,0,0,H,0.0,-79.7,-38.7,21.0,8.0,0.7241379310344828,5.078299318139349,29,27,20,7,0.04429605349725603,1,0,0,0,0,0,0,0,0,-1,0,0,0,0,0
1lon,A,229,ARG,-4.5,173.4,1.0,5,0,G,0.36693548387096775,-28.0,-58.6,11.0,15.0,0.4230769230769231,2.1365825727358385,22,12,13,-1,0.03590311704514436,0,0,0,1,0,0,0,0,0,5,987,6,0,68,1
1lon,A,230,PRO,-1.6,112.7,0.0,0,0,G,0.5955882352941176,-58.7,-20.7,6.0,14.0,0.3,1.8709963911957495,19,35,18,17,0.028909003335051305,0,0,0,1,0,0,0,0,0,-1,0,0,0,0,0
1lon,A,231,MET,1.9,162.9,0.0,0,0,G,0.026595744680851064,-89.4,-26.9,18.0,9.0,0.6666666666666666,2.60039661255483,29,40,15,25,0.040565859518539735,0,0,0,1,0,0,0,0,0,9,57,10,0,6,1
1lon,A,232,VAL,4.2,140.0,0.0,0,0,E,0.11971830985915492,-64.7,152.6,17.0,18.0,0.4857142857142857,2.2197049258943955,30,30,19,11,0.04429605349725603,0,0,1,0,0,0,0,0,0,-1,0,0,0,0,0
1lon,A,233,ARG,-4.5,173.4,1.0,5,0,E,0.4637096774193548,-164.6,174.4,12.0,13.0,0.48,1.925541880187077,24,8,16,-8,0.03776821403450251,0,0,1,0,0,0,0,0,0,-1,0,0,0,0,0
1lon,A,234,ASP,-3.5,111.1,-1.0,1,3,-,0.34355828220858897,-85.2,106.1,5.0,21.0,0.19230769230769232,1.7762012263977451,23,21,11,10,0.03590311704514436,0,0,0,0,0,0,0,0,0,-1,0,0,0,0,0
1lon,A,235,GLY,-0.4,60.1,0.0,0,0,H,0.0,-64.1,-32.4,26.0,10.0,0.7222222222222222,3.9304314415748163,29,21,21,0,0.05035761871267001,1,0,0,0,0,0,0,0,0,6,181,10,0,21,1
1lon,A,236,VAL,4.2,140.0,0.0,0,0,H,0.4154929577464789,-63.0,-51.6,5.0,24.0,0.1724137931034483,2.3718664988316527,24,15,22,-7,0.03683566553982344,1,0,0,0,0,0,0,0,0,6,181,10,0,21,1
1lon,A,237,TYR,-1.3,193.6,0.0,1,1,H,0.6441441441441441,-64.3,-43.0,4.0,16.0,0.2,1.9557554946602664,14,15,17,-2,0.03124037457174899,1,0,0,0,0,0,0,0,0,23,7,1,0,0,1
1lon,A,238,PHE,2.8,189.9,0.0,0,0,H,0.2182741116751269,-53.8,-60.3,17.0,11.0,0.6071428571428571,2.2261041945548627,32,16,19,-3,0.04149840801321881,1,0,0,0,0,0,0,0,0,23,7,1,0,0,1
1lon,A,239,MET,1.9,162.9,0.0,0,0,H,0.005319148936170213,-61.6,-41.0,25.0,18.0,0.5813953488372093,3.5405575734348393,37,16,15,1,0.04709369898129325,1,0,0,0,0,0,0,0,0,-1,0,0,0,0,0
1lon,A,240,TYR,-1.3,193.6,0.0,1,1,H,0.5540540540540541,-57.4,-55.3,5.0,20.0,0.2,2.0595481790440764,21,10,11,-1,0.04243095650789788,1,0,0,0,0,0,0,0,0,19,24,2,0,0,1
1lon,A,241,GLU,-3.5,138.4,-1.0,1,3,H,0.4484536082474227,-56.0,-39.7,5.0,14.0,0.2631578947368421,1.8571207075791354,17,14,3,11,0.03823448828184205,1,0,0,0,0,0,0,0,0,23,7,1,0,0,1
1lon,A,242,ALA,1.8,88.6,0.0,0,0,H,0.0660377358490566,-64.0,-42.8,19.0,10.0,0.6551724137931034,1.917001653775117,25,26,15,11,0.04243095650789788,1,0,0,0,0,0,0,0,0,14,65,2,0,2,1
1lon,A,243,LEU,3.8,166.7,0.0,0,0,H,0.03048780487804878,-74.1,-21.5,22.0,12.0,0.6470588235294118,2.6079360402626266,31,30,9,21,0.045694876239274644,1,0,0,0,0,0,0,0,0,14,65,2,0,2,1
1lon,A,244,HIS,-3.2,153.2,0.1,2,1,H,0.32065217391304346,-110.2,-13.3,7.0,15.0,0.3181818181818182,1.9865210229153416,22,7,9,-2,0.03870076252918159,1,0,0,0,0,0,0,0,0,19,24,2,0,0,1
1lon,A,245,GLY,-0.4,60.1,0.0,0,0,S,0.39285714285714285,-79.9,-161.3,8.0,9.0,0.47058823529411764,1.7095291339579632,20,20,9,11,0.027510180593032695,0,0,0,0,0,0,1,0,0,14,65,2,0,2,1
1lon,A,246,PRO,-1.6,112.7,0.0,0,0,S,0.6985294117647058,-51.0,144.8,1.0,13.0,0.07142857142857142,2.0042370229613637,14,18,12,6,0.018650969893581486,0,0,0,0,0,0,1,0,0,14,65,2,0,2,1
1lon,A,247,PRO,-1.6,112.7,0.0,0,0,-,0.9044117647058824,-49.2,134.3,1.0,18.0,0.05263157894736842,1.833916172745001,15,24,8,16,0.02331371236697686,0,0,0,0,0,0,0,0,0,14,65,2,0,2,1
1lon,A,248,LYS,-3.9,168.6,1.0,2,0,-,0.35121951219512193,-139.3,163.7,16.0,8.0,0.6666666666666666,1.9414742354105161,24,19,15,4,0.03403802005578621,0,0,0,0,0,0,0,0,0,14,65,2,0,2,1
1lon,A,249,LYS,-3.9,168.6,1.0,2,0,-,0.5560975609756098,-109.5,113.0,8.0,25.0,0.24242424242424243,2.0615568263455333,23,17,16,1,0.03683566553982344,0,0,0,0,0,0,0,0,0,30,0,8,0,0,1
1lon,A,250,VAL,4.2,140.0,0.0,0,0,E,0.028169014084507043,-109.9,131.7,21.0,21.0,0.5,2.6957839987458962,36,24,15,9,0.04429605349725603,0,0,1,0,0,0,0,0,0,-1,0,0,0,0,0
1lon,A,251,LEU,3.8,166.7,0.0,0,0,E,0.024390243902439025,-116.7,135.4,23.0,26.0,0.46938775510204084,2.686485258245893,42,19,30,-11,0.04662742473395372,0,0,1,0,0,0,0,0,0,-1,0,0,0,0,0
1lon,A,252,VAL,4.2,140.0,0.0,0,0,E,0.0,-115.0,122.0,26.0,26.0,0.5,6.206935542056313,45,17,13,4,0.04709369898129325,0,0,1,0,0,0,0,0,0,-1,0,0,0,0,0
1lon,A,253,GLU,-3.5,138.4,-1.0,1,3,E,0.005154639175257732,-94.8,109.0,32.0,26.0,0.5517241379310345,6.760122710071574,49,36,3,33,0.05175644145468863,0,0,1,0,0,0,0,0,0,-1,0,0,0,0,0
1lon,A,254,GLY,-0.4,60.1,0.0,0,0,-,0.023809523809523808,-72.4,158.0,31.0,26.0,0.543859649122807,5.757477900601611,47,29,13,16,0.0526889899493677,0,0,0,0,0,0,0,0,0,-1,0,0,0,0,0
1lon,A,255,ALA,1.8,88.6,0.0,0,0,-,0.05660377358490566,-123.5,157.8,27.0,30.0,0.47368421052631576,3.6154803432639326,47,31,22,9,0.04755997322863279,0,0,0,0,0,0,0,0,0,-1,0,0,0,0,0
1lon,A,256,ASN,-3.5,114.1,0.0,2,2,S,0.10191082802547771,56.7,-139.5,22.0,26.0,0.4583333333333333,2.4449671315612385,42,21,27,-6,0.045228601991935104,0,0,0,0,0,0,1,0,0,-1,0,0,0,0,0
1lon,A,257,ALA,1.8,88.6,0.0,0,0,-,0.0,-167.0,173.3,23.0,28.0,0.45098039215686275,4.796053416787631,42,11,22,-11,0.04942507021799094,0,0,0,0,0,0,0,0,0,-1,0,0,0,0,0
1lon,A,258,ALA,1.8,88.6,0.0,0,0,G,0.018867924528301886,-48.4,-57.1,21.0,25.0,0.45652173913043476,6.716818800681961,41,8,17,-9,0.05688545817542354,0,0,0,1,0,0,0,0,0,-1,0,0,0,0,0
1lon,A,259,LEU,3.8,166.7,0.0,0,0,G,0.0,-71.5,5.0,24.0,25.0,0.4897959183673469,5.044024658403196,45,11,21,-10,0.05408781269138631,0,0,0,1,0,0,0,0,0,-1,0,0,0,0,0
1lon,A,260,LEU,3.8,166.7,0.0,0,0,G,0.18292682926829268,-111.9,0.3,24.0,19.0,0.5581395348837209,3.3843936821630036,38,11,17,-6,0.05408781269138631,0,0,0,1,0,0,0,0,0,-1,0,0,0,0,0
1lon,A,261,ASP,-3.5,111.1,-1.0,1,3,-,0.0,-62.4,131.6,20.0,16.0,0.5555555555555556,4.459055508722766,32,0,8,-8,0.05688545817542354,0,0,0,0,0,0,0,0,0,-1,0,0,0,0,0
1lon,A,262,ILE,4.5,166.7,0.0,0,0,T,0.2958579881656805,-53.8,-32.4,12.0,17.0,0.41379310344827586,2.3657751306005546,24,0,16,-16,0.04662742473395372,0,0,0,0,0,1,0,0,0,-1,0,0,0,0,0
1lon,A,263,ASP,-3.5,111.1,-1.0,1,3,T,0.6687116564417178,-92.4,-50.2,7.0,18.0,0.28,1.7815626009786238,20,0,8,-8,0.03170664881908853,0,0,0,0,0,1,0,0,0,-1,0,0,0,0,0
1lon,A,264,PHE,2.8,189.9,0.0,0,0,T,0.41116751269035534,-98.9,-11.7,20.0,17.0,0.5405405405405406,2.1356951203194794,26,0,16,-16,0.03916703677652112,0,0,0,0,0,1,0,0,0,-1,0,0,0,0,0
1lon,A,265,GLY,-0.4,60.1,0.0,0,0,S,0.09523809523809523,-76.4,-162.1,23.0,16.0,0.5897435897435898,2.272080715149249,32,4,16,-12,0.04755997322863279,0,0,0,0,0,0,1,0,0,-1,0,0,0,0,0
1lon,A,266,THR,-0.7,116.1,0.0,1,1,S,0.02112676056338028,-83.6,58.3,19.0,18.0,0.5135135135135135,2.757360096939384,35,8,18,-10,0.05595290968074446,0,0,0,0,0,0,1,0,0,10,24,14,0,4,1
1lon,A,267,TYR,-1.3,193.6,0.0,1,1,T,0.6396396396396397,-49.6,136.0,10.0,17.0,0.37037037037037035,1.931474247157108,20,1,17,-16,0.040565859518539735,0,0,0,0,0,1,0,0,0,10,24,14,0,4,1
1lon,A,268,PRO,-1.6,112.7,0.0,0,0,T,0.4117647058823529,-84.6,6.6,5.0,23.0,0.17857142857142858,2.0176526701085167,28,15,17,-2,0.02984155182973038,0,0,0,0,0,1,0,0,0,10,24,14,0,4,1
1lon,A,269,PHE,2.8,189.9,0.0,0,0,S,0.08121827411167512,-91.0,72.9,16.0,14.0,0.5333333333333333,2.266911761089186,33,22,12,10,0.045228601991935104,0,0,0,0,0,0,1,0,0,10,24,14,0,4,1
1lon,A,270,VAL,4.2,140.0,0.0,0,0,S,0.11267605633802817,-149.4,177.6,17.0,21.0,0.4473684210526316,2.3051664238980356,34,7,13,-6,0.04662742473395372,0,0,0,0,0,0,1,0,0,-1,0,0,0,0,0
1lon,A,271,THR,-0.7,116.1,0.0,1,1,-,0.1267605633802817,-95.8,169.9,25.0,21.0,0.5434782608695652,2.0029365046229333,38,2,11,-9,0.03963331102386066,0,0,0,0,0,0,0,0,0,-1,0,0,0,0,0
1lon,A,272,SER,-0.8,89.0,0.0,1,1,S,0.3230769230769231,-90.2,23.2,18.0,25.0,0.4186046511627907,1.8752995530086538,32,4,15,-11,0.0363693912924839,0,0,0,0,0,0,1,0,0,-1,0,0,0,0,0
1lon,A,273,SER,-0.8,89.0,0.0,1,1,S,0.023076923076923078,-136.2,167.0,24.0,19.0,0.5581395348837209,2.7410931922240658,36,4,15,-11,0.040565859518539735,0,0,0,0,0,0,1,0,0,-1,0,0,0,0,0
1lon,A,274,ASN,-3.5,114.1,0.0,2,2,-,0.2802547770700637,-86.7,109.8,13.0,24.0,0.35135135135135137,2.2265404488373566,32,1,16,-15,0.04476232774459557,0,0,0,0,0,0,0,0,0,-1,0,0,0,0,0
1lon,A,275,CYS,2.5,108.5,0.0,1,0,-,0.044444444444444446,-87.7,-5.0,24.0,23.0,0.5106382978723404,5.300876676526253,44,6,19,-13,0.05408781269138631,0,0,0,0,0,0,0,0,0,-1,0,0,0,0,0
1lon,A,276,THR,-0.7,116.1,0.0,1,1,S,0.04929577464788732,-81.7,175.4,17.0,31.0,0.3541666666666667,2.840841490717999,40,3,16,-13,0.04429605349725603,0,0,0,0,0,0,1,0,0,-1,0,0,0,0,0
1lon,A,277,VAL,4.2,140.0,0.0,0,0,T,0.20422535211267606,-53.7,-34.8,21.0,26.0,0.44680851063829785,2.27644036237846,37,2,6,-4,0.035436842797804825,0,0,0,0,0,1,0,0,0,-1,0,0,0,0,0
1lon,A,278,GLY,-0.4,60.1,0.0,0,0,H,0.44047619047619047,-62.8,-24.5,8.0,23.0,0.25806451612903225,1.779363770136093,27,0,7,-7,0.032172923066428064,1,0,0,0,0,0,0,0,0,-1,0,0,0,0,0
1lon,A,279,GLY,-0.4,60.1,0.0,0,0,H,0.0,-64.6,-23.7,28.0,13.0,0.6829268292682927,2.744577221591784,35,4,7,-3,0.03963331102386066,1,0,0,0,0,0,0,0,0,-1,0,0,0,0,0
1lon,A,280,VAL,4.2,140.0,0.0,0,0,H,0.0,-68.0,-45.4,24.0,20.0,0.5454545454545454,4.370932433416298,39,5,5,0,0.045694876239274644,1,0,0,0,0,0,0,0,0,-1,0,0,0,0,0
1lon,A,281,CYS,2.5,108.5,0.0,1,0,H,0.2222222222222222,-64.7,-47.1,8.0,23.0,0.25806451612903225,2.1414043664767433,25,0,0,0,0.03590311704514436,1,0,0,0,0,0,0,0,0,-1,0,0,0,0,0
1lon,A,282,THR,-0.7,116.1,0.0,1,1,H,0.6126760563380281,-75.8,-27.6,10.0,16.0,0.38461538461538464,1.812953391213705,25,4,0,4,0.03124037457174899,1,0,0,0,0,0,0,0,0,-1,0,0,0,0,0
1lon,A,283,GLY,-0.4,60.1,0.0,0,0,H,0.0,-89.4,-6.8,23.0,15.0,0.6052631578947368,2.8797057877389776,37,16,1,15,0.03870076252918159,1,0,0,0,0,0,0,0,0,-1,0,0,0,0,0
1lon,A,284,LEU,3.8,166.7,0.0,0,0,H,0.006097560975609756,-133.1,-10.0,27.0,17.0,0.6136363636363636,4.653265924849166,40,7,4,3,0.04662742473395372,1,0,0,0,0,0,0,0,0,6,181,10,0,21,1
1lon,A,285,GLY,-0.4,60.1,0.0,0,0,T,0.5119047619047619,69.9,45.6,15.0,16.0,0.4838709677419355,1.8307599477773555,32,7,4,3,0.032639197313767604,0,0,0,0,0,1,0,0,0,6,181,10,0,21,1
1lon,A,286,ILE,4.5,166.7,0.0,0,0,-,0.04142011834319527,-127.6,143.0,26.0,10.0,0.7222222222222222,2.4119541805432925,33,7,0,7,0.040099585271200194,0,0,0,0,0,0,0,0,0,6,181,10,0,21,1
1lon,A,287,PRO,-1.6,112.7,0.0,0,0,-,0.3897058823529412,-75.3,157.8,6.0,18.0,0.25,2.353655974071724,22,15,0,15,0.027043906345693154,0,0,0,0,0,0,0,0,0,-1,0,0,0,0,0
1lon,A,288,PRO,-1.6,112.7,0.0,0,0,G,0.7352941176470589,-57.2,-15.5,3.0,21.0,0.125,1.9649332046906949,18,8,0,8,0.02611135785101408,0,0,0,1,0,0,0,0,0,-1,0,0,0,0,0
1lon,A,289,GLN,-3.5,143.8,0.0,2,2,G,0.5151515151515151,-79.2,-8.8,5.0,14.0,0.2631578947368421,2.0025208160935972,18,15,0,15,0.02984155182973038,0,0,0,1,0,0,0,0,0,-1,0,0,0,0,0
1lon,A,290,ASN,-3.5,114.1,0.0,2,2,G,0.006369426751592357,-108.8,15.2,19.0,11.0,0.6333333333333333,3.4650875392757583,27,19,1,18,0.043829779249916496,0,0,0,1,0,0,0,0,0,-1,0,0,0,0,0
1lon,A,291,ILE,4.5,166.7,0.0,0,0,E,0.1301775147928994,-108.5,118.0,19.0,14.0,0.5757575757575758,2.2677557103016235,30,11,8,3,0.04103213376587927,0,0,1,0,0,0,0,0,0,-1,0,0,0,0,0
1lon,A,292,GLY,-0.4,60.1,0.0,0,0,E,0.2976190476190476,-93.2,-115.6,10.0,17.0,0.37037037037037035,1.9674258180356654,27,11,8,3,0.032639197313767604,0,0,1,0,0,0,0,0,0,-1,0,0,0,0,0
1lon,A,293,ASP,-3.5,111.1,-1.0,1,3,E,0.4294478527607362,-71.7,138.3,11.0,17.0,0.39285714285714285,2.1895601464509435,26,15,0,15,0.03590311704514436,0,0,1,0,0,0,0,0,0,-1,0,0,0,0,0
1lon,A,294,VAL,4.2,140.0,0.0,0,0,E,0.04929577464788732,-125.6,103.4,17.0,20.0,0.4594594594594595,2.965951112190172,32,7,8,-1,0.048492521723311866,0,0,1,0,0,0,0,0,0,-1,0,0,0,0,0
1lon,A,295,TYR,-1.3,193.6,0.0,1,1,E,0.04954954954954955,-90.8,136.1,21.0,19.0,0.525,3.9081825819928597,33,9,8,1,0.05035761871267001,0,0,1,0,0,0,0,0,0,-1,0,0,0,0,0
1lon,A,296,GLY,-0.4,60.1,0.0,0,0,E,0.0,-102.6,123.6,24.0,26.0,0.48,8.100494239310809,39,24,13,11,0.05175644145468863,0,0,1,0,0,0,0,0,0,-1,0,0,0,0,0
1lon,A,297,VAL,4.2,140.0,0.0,0,0,E,0.0,-89.4,116.4,23.0,26.0,0.46938775510204084,6.359818833556168,42,28,14,14,0.053155264196707235,0,0,1,0,0,0,0,0,0,-1,0,0,0,0,0
1lon,A,298,VAL,4.2,140.0,0.0,0,0,E,0.0,-120.0,118.3,26.0,24.0,0.52,7.495955971322878,48,21,16,5,0.048026247475972325,0,0,1,0,0,0,0,0,0,-1,0,0,0,0,0
1lon,A,299,LYS,-3.9,168.6,1.0,2,0,E,0.0,-75.7,145.7,22.0,26.0,0.4583333333333333,4.619452314853451,40,19,27,-8,0.04989134446533048,0,0,1,0,0,0,0,0,0,12,24,11,0,3,1
1lon,A,300,ALA,1.8,88.6,0.0,0,0,S,0.0,-62.5,-15.8,18.0,26.0,0.4090909090909091,7.75889979692064,37,21,20,1,0.05129016720734909,0,0,0,0,0,0,1,0,0,-1,0,0,0,0,0
1lon,A,301,TYR,-1.3,193.6,0.0,1,1,S,0.0045045045045045045,-141.2,172.9,23.0,25.0,0.4791666666666667,6.733312942640482,41,32,24,8,0.04662742473395372,0,0,0,0,0,0,1,0,0,12,24,11,0,3,1
1lon,A,302,THR,-0.7,116.1,0.0,1,1,E,0.0,-105.2,147.7,21.0,25.0,0.45652173913043476,7.510917862739878,43,34,33,1,0.0526889899493677,0,0,1,0,0,0,0,0,0,-1,0,0,0,0,0
1lon,A,303,THR,-0.7,116.1,0.0,1,1,E,0.02112676056338028,-136.4,152.8,21.0,26.0,0.44680851063829785,4.946338292344783,42,52,35,17,0.05548663543340492,0,0,1,0,0,0,0,0,0,-1,0,0,0,0,0
1lon,A,304,ARG,-4.5,173.4,1.0,5,0,E,0.020161290322580645,-147.3,137.2,20.0,23.0,0.46511627906976744,2.5321461209651086,35,26,12,14,0.048958795970651406,0,0,1,0,0,0,0,0,0,-1,0,0,0,0,0
1lon,A,305,VAL,4.2,140.0,0.0,0,0,-,0.23943661971830985,-126.5,111.8,21.0,21.0,0.5,1.9940649520320524,32,51,15,36,0.04149840801321881,0,0,0,0,0,0,0,0,0,-1,0,0,0,0,0
1lon,A,306,GLY,-0.4,60.1,0.0,0,0,S,0.19047619047619047,127.4,-177.3,17.0,15.0,0.53125,1.7095901408107435,27,46,7,39,0.035436842797804825,0,0,0,0,0,0,1,0,0,-1,0,0,0,0,0
1lon,A,307,ILE,4.5,166.7,0.0,0,0,S,0.34911242603550297,-80.5,155.4,12.0,18.0,0.4,2.013891399513339,26,31,8,23,0.03683566553982344,0,0,0,0,0,0,1,0,0,-1,0,0,0,0,0
1lon,A,308,GLY,-0.4,60.1,0.0,0,0,S,0.047619047619047616,128.6,156.5,21.0,10.0,0.6774193548387096,1.7098303862989437,26,24,15,9,0.04196468226055834,0,0,0,0,0,0,1,0,0,-1,0,0,0,0,0
1lon,A,309,ALA,1.8,88.6,0.0,0,0,-,0.0,-52.0,144.6,18.0,16.0,0.5294117647058824,2.894093977097302,35,24,19,5,0.045694876239274644,0,0,0,0,0,0,0,0,0,-1,0,0,0,0,0
1lon,A,310,PHE,2.8,189.9,0.0,0,0,-,0.030456852791878174,-153.8,83.2,18.0,22.0,0.45,3.1134286292629914,34,25,17,8,0.04662742473395372,0,0,0,0,0,0,0,0,0,-1,0,0,0,0,0
1lon,A,311,PRO,-1.6,112.7,0.0,0,0,T,0.16911764705882354,-46.4,-51.2,25.0,15.0,0.625,2.155883786508538,37,16,26,-10,0.04476232774459557,0,0,0,0,0,1,0,0,0,-1,0,0,0,0,0
1lon,A,312,THR,-0.7,116.1,0.0,1,1,T,0.0,-90.1,12.2,20.0,17.0,0.5405405405405406,3.109442370425306,39,18,23,-5,0.04616115048661418,0,0,0,0,0,1,0,0,0,-1,0,0,0,0,0
1lon,A,313,GLU,-3.5,138.4,-1.0,1,3,B,0.25773195876288657,-51.2,135.6,10.0,22.0,0.3125,1.8218504644169125,27,23,3,20,0.045694876239274644,0,1,0,0,0,0,0,0,0,-1,0,0,0,0,0
1lon,A,314,GLN,-3.5,143.8,0.0,2,2,-,0.13131313131313133,-114.7,87.1,19.0,8.0,0.7037037037037037,2.076820597234694,23,15,21,-6,0.04289723075523742,0,0,0,0,0,0,0,0,0,2,1736,9,0,195,1
1lon,A,315,ILE,4.5,166.7,0.0,0,0,-,0.8402366863905325,-87.0,79.1,2.0,17.0,0.10526315789473684,1.862258222506039,15,11,21,-10,0.028909003335051305,0,0,0,0,0,0,0,0,0,-1,0,0,0,0,0
1lon,A,316,ASN,-3.5,114.1,0.0,2,2,S,0.40764331210191085,-169.9,-158.7,6.0,9.0,0.4,1.8164949309363636,15,1,26,-25,0.02611135785101408,0,0,0,0,0,0,1,0,0,33,0,1,0,0,1
1lon,A,317,GLU,-3.5,138.4,-1.0,1,3,H,0.8762886597938144,-64.4,-32.0,1.0,14.0,0.06666666666666667,1.708419306081131,12,0,8,-8,0.02471253510899547,1,0,0,0,0,0,0,0,0,33,0,1,0,0,1
1lon,A,318,ILE,4.5,166.7,0.0,0,0,H,0.2958579881656805,-71.0,-43.9,14.0,13.0,0.5185185185185185,2.527131532469471,25,11,24,-13,0.03776821403450251,1,0,0,0,0,0,0,0,0,33,0,1,0,0,1
1lon,A,319,GLY,-0.4,60.1,0.0,0,0,H,0.05952380952380952,-58.4,-41.9,12.0,16.0,0.42857142857142855,2.0472935153110017,27,18,31,-13,0.04429605349725603,1,0,0,0,0,0,0,0,0,2,1736,9,0,195,1
1lon,A,320,ASP,-3.5,111.1,-1.0,1,3,H,0.6319018404907976,-66.9,-36.3,2.0,21.0,0.08695652173913043,1.7191713190299527,18,15,12,3,0.03590311704514436,1,0,0,0,0,0,0,0,0,2,1736,9,0,195,1
1lon,A,321,LEU,3.8,166.7,0.0,0,0,H,0.3719512195121951,-67.9,-42.3,11.0,13.0,0.4583333333333333,2.2399463170430707,22,15,23,-8,0.03730193978716297,1,0,0,0,0,0,0,0,0,2,1736,9,0,195,1
1lon,A,322,LEU,3.8,166.7,0.0,0,0,H,0.018292682926829267,-66.2,-51.9,22.0,15.0,0.5945945945945946,4.891482075854043,36,35,26,9,0.048958795970651406,1,0,0,0,0,0,0,0,0,2,1736,9,0,195,1
1lon,A,323,GLN,-3.5,143.8,0.0,2,2,H,0.11616161616161616,-57.1,-42.6,18.0,14.0,0.5625,2.2019365432131437,28,48,19,29,0.05035761871267001,1,0,0,0,0,0,0,0,0,-1,0,0,0,0,0
1lon,A,324,ASN,-3.5,114.1,0.0,2,2,H,0.7070063694267515,-75.2,-51.6,5.0,13.0,0.2777777777777778,1.8911939809526326,19,27,19,8,0.035436842797804825,1,0,0,0,0,0,0,0,0,-1,0,0,0,0,0
1lon,A,325,ARG,-4.5,173.4,1.0,5,0,H,0.32661290322580644,-65.1,-29.9,17.0,6.0,0.7391304347826086,1.9731549214175976,20,18,25,-7,0.03730193978716297,1,0,0,0,0,0,0,0,0,12,24,11,0,3,1
1lon,A,326,GLY,-0.4,60.1,0.0,0,0,H,0.05952380952380952,-89.5,-9.6,30.0,6.0,0.8333333333333334,1.9848731442291894,23,52,21,31,0.043363505002576956,1,0,0,0,0,0,0,0,0,12,24,11,0,3,1
1lon,A,327,HIS,-3.2,153.2,0.1,2,1,T,0.5380434782608695,58.4,47.6,4.0,20.0,0.16666666666666666,1.8730972652242226,20,31,14,17,0.03357174580844668,0,0,0,0,0,1,0,0,0,12,24,11,0,3,1
1lon,A,328,GLU,-3.5,138.4,-1.0,1,3,-,0.0,-80.3,81.1,23.0,10.0,0.696969696969697,3.17966404406076,32,61,15,46,0.048958795970651406,0,0,0,0,0,0,0,0,0,12,24,11,0,3,1
1lon,A,329,TRP,-0.9,227.8,0.0,1,0,B,0.5947136563876652,-138.9,134.1,7.0,19.0,0.2692307692307692,1.9547065802298198,21,42,16,26,0.040099585271200194,0,1,0,0,0,0,0,0,0,-1,0,0,0,0,0
1lon,A,330,GLY,-0.4,60.1,0.0,0,0,-,0.08333333333333333,-38.6,125.8,14.0,15.0,0.4827586206896552,2.1897167061312786,26,42,20,22,0.040099585271200194,0,0,0,0,0,0,0,0,0,-1,0,0,0,0,0
1lon,A,331,VAL,4.2,140.0,0.0,0,0,T,0.2535211267605634,-75.6,-16.5,18.0,12.0,0.6,1.8338315817831887,28,40,25,15,0.03916703677652112,0,0,0,0,0,1,0,0,0,-1,0,0,0,0,0
1lon,A,332,THR,-0.7,116.1,0.0,1,1,T,0.21830985915492956,-108.6,-35.3,18.0,12.0,0.6,1.8168680099267998,26,47,12,35,0.03590311704514436,0,0,0,0,0,1,0,0,0,1,1556,18,0,342,1
1lon,A,333,THR,-0.7,116.1,0.0,1,1,T,0.3732394366197183,-117.7,-7.3,12.0,10.0,0.5454545454545454,1.812601071653159,22,43,4,39,0.027043906345693154,0,0,0,0,0,1,0,0,0,1,1556,18,0,342,1
1lon,A,334,GLY,-0.4,60.1,0.0,0,0,-,0.6071428571428571,74.4,-0.4,0.0,15.0,0.0,1.7095349088517922,15,34,6,28,0.027043906345693154,0,0,0,0,0,0,0,0,0,1,1556,18,0,342,1
1lon,A,335,ARG,-4.5,173.4,1.0,5,0,P,0.29435483870967744,-66.7,138.6,13.0,8.0,0.6190476190476191,2.0557608225145865,21,34,6,28,0.030307826077069916,0,0,0,0,0,0,0,0,0,1,1556,18,0,342,1
1lon,A,336,LYS,-3.9,168.6,1.0,2,0,B,0.7170731707317073,-72.1,122.7,5.0,17.0,0.22727272727272727,1.943525296054637,21,36,16,20,0.03450429430312575,0,1,0,0,0,0,0,0,0,-1,0,0,0,0,0
1lon,A,337,ARG,-4.5,173.4,1.0,5,0,P,0.08064516129032258,-79.2,147.3,21.0,13.0,0.6176470588235294,2.5574010405203262,33,47,20,27,0.04662742473395372,0,0,0,0,0,0,0,0,0,-1,0,0,0,0,0
1lon,A,338,ARG,-4.5,173.4,1.0,5,0,E,0.21774193548387097,-77.9,144.9,15.0,22.0,0.40540540540540543,2.0566259639122166,25,32,15,17,0.043363505002576956,0,0,1,0,0,0,0,0,0,-1,0,0,0,0,0
1lon,A,339,CYS,2.5,108.5,0.0,1,0,E,0.044444444444444446,-126.6,145.3,18.0,19.0,0.4864864864864865,2.0024096042372457,34,38,29,9,0.05408781269138631,0,0,1,0,0,0,0,0,0,-1,0,0,0,0,0
1lon,A,340,GLY,-0.4,60.1,0.0,0,0,E,0.0,-152.8,174.9,19.0,20.0,0.48717948717948717,4.881016658950482,39,32,24,8,0.05408781269138631,0,0,1,0,0,0,0,0,0,-1,0,0,0,0,0
1lon,A,341,TRP,-0.9,227.8,0.0,1,0,-,0.039647577092511016,-69.7,170.3,19.0,24.0,0.4418604651162791,3.94695860465806,35,10,25,-15,0.05455408693872585,0,0,0,0,0,0,0,0,0,2,1736,9,0,195,1
1lon,A,342,LEU,3.8,166.7,0.0,0,0,E,0.0,-64.2,146.0,23.0,26.0,0.46938775510204084,8.87395433176506,42,16,15,1,0.05175644145468863,0,0,1,0,0,0,0,0,0,-1,0,0,0,0,0
1lon,A,343,ASP,-3.5,111.1,-1.0,1,3,E,0.0,-127.7,106.6,21.0,21.0,0.5,6.783635625381339,40,14,5,9,0.05408781269138631,0,0,1,0,0,0,0,0,0,-1,0,0,0,0,0
1lon,A,344,LEU,3.8,166.7,0.0,0,0,H,0.0,-73.7,-23.0,17.0,22.0,0.4358974358974359,4.313754892941714,38,27,18,9,0.045228601991935104,1,0,0,0,0,0,0,0,0,0,3965,9,0,421,1
1lon,A,345,MET,1.9,162.9,0.0,0,0,H,0.06914893617021277,-60.7,-55.2,20.0,18.0,0.5263157894736842,2.245018765240957,34,20,13,7,0.04429605349725603,1,0,0,0,0,0,0,0,0,-1,0,0,0,0,0
1lon,A,346,ILE,4.5,166.7,0.0,0,0,H,0.0,-62.1,-37.5,26.0,18.0,0.5909090909090909,5.069877415384443,42,17,9,8,0.048492521723311866,1,0,0,0,0,0,0,0,0,-1,0,0,0,0,0
1lon,A,347,LEU,3.8,166.7,0.0,0,0,H,0.0,-64.4,-44.7,22.0,22.0,0.5,5.723955353022274,39,31,11,20,0.045228601991935104,1,0,0,0,0,0,0,0,0,0,3965,9,0,421,1
1lon,A,348,ARG,-4.5,173.4,1.0,5,0,H,0.31451612903225806,-66.7,-37.7,14.0,19.0,0.42424242424242425,1.956705603822468,30,21,9,12,0.04103213376587927,1,0,0,0,0,0,0,0,0,0,3965,9,0,421,1
1lon,A,349,TYR,-1.3,193.6,0.0,1,1,H,0.2072072072072072,-64.1,-43.6,17.0,14.0,0.5483870967741935,2.3034053897986473,32,18,8,10,0.043363505002576956,1,0,0,0,0,0,0,0,0,-1,0,0,0,0,0
1lon,A,350,ALA,1.8,88.6,0.0,0,0,H,0.0,-60.0,-38.7,26.0,12.0,0.6842105263157895,5.101396407412464,38,18,5,13,0.04942507021799094,1,0,0,0,0,0,0,0,0,-1,0,0,0,0,0
1lon,A,351,HIS,-3.2,153.2,0.1,2,1,H,0.2608695652173913,-68.5,-34.2,15.0,22.0,0.40540540540540543,2.2241633031276598,29,10,1,9,0.04196468226055834,1,0,0,0,0,0,0,0,0,0,3965,9,0,421,1
1lon,A,352,MET,1.9,162.9,0.0,0,0,H,0.8297872340425532,-60.9,-41.7,8.0,15.0,0.34782608695652173,1.9039438222384009,20,18,0,18,0.030774100324409453,1,0,0,0,0,0,0,0,0,-1,0,0,0,0,0
1lon,A,353,VAL,4.2,140.0,0.0,0,0,H,0.28169014084507044,-80.7,-38.1,21.0,8.0,0.7241379310344828,1.9350986077981973,27,14,8,6,0.034970568550465285,1,0,0,0,0,0,0,0,0,-1,0,0,0,0,0
1lon,A,354,ASN,-3.5,114.1,0.0,2,2,H,0.044585987261146494,-94.5,-22.5,33.0,6.0,0.8461538461538461,3.0246760540897983,39,13,6,7,0.03776821403450251,1,0,0,0,0,0,0,0,0,-1,0,0,0,0,0
1lon,A,355,GLY,-0.4,60.1,0.0,0,0,-,0.4880952380952381,55.6,59.8,5.0,25.0,0.16666666666666666,1.7096313597911776,27,12,5,7,0.032172923066428064,0,0,0,0,0,0,0,0,0,-1,0,0,0,0,0
1lon,A,356,PHE,2.8,189.9,0.0,0,0,-,0.04568527918781726,-61.4,140.0,25.0,12.0,0.6756756756756757,4.426805527764893,34,14,4,10,0.04289723075523742,0,0,0,0,0,0,0,0,0,-1,0,0,0,0,0
1lon,A,357,THR,-0.7,116.1,0.0,1,1,S,0.4788732394366197,-90.6,-23.5,9.0,18.0,0.3333333333333333,1.9252553626596771,25,15,8,7,0.03730193978716297,0,0,0,0,0,0,1,0,0,-1,0,0,0,0,0
1lon,A,358,ALA,1.8,88.6,0.0,0,0,E,0.03773584905660377,-167.4,161.0,12.0,21.0,0.36363636363636365,3.2339195352129027,32,16,14,2,0.04709369898129325,0,0,1,0,0,0,0,0,0,-1,0,0,0,0,0
1lon,A,359,LEU,3.8,166.7,0.0,0,0,E,0.006097560975609756,-114.4,163.2,23.0,24.0,0.48936170212765956,5.872612739553237,36,19,9,10,0.053155264196707235,0,0,1,0,0,0,0,0,0,0,3965,9,0,421,1
1lon,A,360,ALA,1.8,88.6,0.0,0,0,E,0.0,-126.6,105.6,21.0,24.0,0.4666666666666667,6.9320087707923435,47,32,10,22,0.04942507021799094,0,0,1,0,0,0,0,0,0,-1,0,0,0,0,0
1lon,A,361,LEU,3.8,166.7,0.0,0,0,E,0.006097560975609756,-91.3,107.8,22.0,25.0,0.46808510638297873,6.3101916565853955,45,24,14,10,0.048958795970651406,0,0,1,0,0,0,0,0,0,-1,0,0,0,0,0
1lon,A,362,THR,-0.7,116.1,0.0,1,1,E,0.014084507042253521,-100.2,160.8,21.0,24.0,0.4666666666666667,2.8549228426199065,38,34,21,13,0.04989134446533048,0,0,1,0,0,0,0,0,0,-1,0,0,0,0,0
1lon,A,363,LYS,-3.9,168.6,1.0,2,0,-,0.24878048780487805,55.8,38.9,19.0,23.0,0.4523809523809524,2.261249687027344,39,40,29,11,0.048492521723311866,0,0,0,0,0,0,0,0,0,12,24,11,0,3,1
1lon,A,364,LEU,3.8,166.7,0.0,0,0,G,0.0,-64.9,-36.5,26.0,23.0,0.5306122448979592,5.659366936336577,41,17,20,-3,0.05408781269138631,0,0,0,1,0,0,0,0,0,-1,0,0,0,0,0
1lon,A,365,ASP,-3.5,111.1,-1.0,1,3,G,0.13496932515337423,-60.2,-23.3,15.0,21.0,0.4166666666666667,2.2085384000803945,35,29,17,12,0.04755997322863279,0,0,0,1,0,0,0,0,0,12,24,11,0,3,1
1lon,A,366,ILE,4.5,166.7,0.0,0,0,G,0.07100591715976332,-60.9,-31.5,21.0,15.0,0.5833333333333334,2.8523622738240038,34,36,24,12,0.04755997322863279,0,0,0,1,0,0,0,0,0,12,24,11,0,3,1
1lon,A,367,LEU,3.8,166.7,0.0,0,0,G,0.0,-85.1,-4.3,19.0,21.0,0.475,5.871924573339483,38,28,21,7,0.048958795970651406,0,0,0,1,0,0,0,0,0,-1,0,0,0,0,0
1lon,A,368,ASP,-3.5,111.1,-1.0,1,3,G,0.04294478527607362,-46.8,-31.4,14.0,18.0,0.4375,2.345829607480695,27,19,16,3,0.048492521723311866,0,0,0,1,0,0,0,0,0,27,1,4,0,0,1
1lon,A,369,VAL,4.2,140.0,0.0,0,0,G,0.4859154929577465,-93.7,-12.4,6.0,17.0,0.2608695652173913,1.9482175954336165,20,19,23,-4,0.03683566553982344,0,0,0,1,0,0,0,0,0,-1,0,0,0,0,0
1lon,A,370,LEU,3.8,166.7,0.0,0,0,-,0.0975609756097561,-75.2,140.1,19.0,7.0,0.7307692307692307,2.4901990940681653,25,22,21,1,0.03870076252918159,0,0,0,0,0,0,0,0,0,2,1736,9,0,195,1
1lon,A,371,SER,-0.8,89.0,0.0,1,1,S,0.5846153846153846,-78.7,-32.7,0.0,17.0,0.0,1.800234977659365,18,10,13,-3,0.02797645484037223,0,0,0,0,0,0,1,0,0,21,24,1,0,0,1
1lon,A,372,GLU,-3.5,138.4,-1.0,1,3,E,0.5721649484536082,-143.0,153.1,5.0,16.0,0.23809523809523808,1.8334908875094942,18,15,4,11,0.03450429430312575,0,0,1,0,0,0,0,0,0,21,24,1,0,0,1
1lon,A,373,ILE,4.5,166.7,0.0,0,0,E,0.005917159763313609,-132.7,116.1,23.0,9.0,0.71875,4.09895030462048,31,11,20,-9,0.04616115048661418,0,0,1,0,0,0,0,0,0,21,24,1,0,0,1
1lon,A,374,LYS,-3.9,168.6,1.0,2,0,-,0.3024390243902439,-82.1,142.1,10.0,20.0,0.3333333333333333,3.0301544170950714,29,0,26,-26,0.04429605349725603,0,0,0,0,0,0,0,0,0,-1,0,0,0,0,0
1lon,A,375,VAL,4.2,140.0,0.0,0,0,E,0.0,-133.6,120.7,16.0,18.0,0.47058823529411764,5.746248954769845,31,16,25,-9,0.053155264196707235,0,0,1,0,0,0,0,0,0,-1,0,0,0,0,0
1lon,A,376,GLY,-0.4,60.1,0.0,0,0,E,0.0,-67.5,131.4,23.0,12.0,0.6571428571428571,5.64851974052117,34,24,29,-5,0.05595290968074446,0,0,1,0,0,0,0,0,0,-1,0,0,0,0,0
1lon,A,377,ILE,4.5,166.7,0.0,0,0,E,0.15384615384615385,-115.8,-26.9,10.0,23.0,0.30303030303030304,2.340692790093133,23,33,28,5,0.04942507021799094,0,0,1,0,0,0,0,0,0,-1,0,0,0,0,0
1lon,A,378,SER,-0.8,89.0,0.0,1,1,E,0.007692307692307693,-157.6,167.2,8.0,24.0,0.25,3.1038735524843304,30,30,29,1,0.043829779249916496,0,0,1,0,0,0,0,0,0,-1,0,0,0,0,0
1lon,A,379,TYR,-1.3,193.6,0.0,1,1,-,0.0045045045045045045,-114.1,153.7,18.0,13.0,0.5806451612903226,4.303888737409877,35,30,25,5,0.04755997322863279,0,0,0,0,0,0,0,0,0,-1,0,0,0,0,0
1lon,A,380,LYS,-3.9,168.6,1.0,2,0,B,0.2634146341463415,-138.3,123.8,9.0,16.0,0.36,2.3915549014870456,18,22,18,4,0.04476232774459557,0,1,0,0,0,0,0,0,0,17,24,4,0,1,1
1lon,A,381,LEU,3.8,166.7,0.0,0,0,S,0.2804878048780488,-95.0,-61.9,10.0,12.0,0.45454545454545453,2.0176443846931864,18,32,11,21,0.03823448828184205,0,0,0,0,0,0,1,0,0,32,0,1,0,0,1
1lon,A,382,ASN,-3.5,114.1,0.0,2,2,S,0.7961783439490446,-107.7,52.2,0.0,12.0,0.0,1.8437158664377764,11,31,7,24,0.021914889624958248,0,0,0,0,0,0,1,0,0,20,24,1,0,0,1
1lon,A,383,GLY,-0.4,60.1,0.0,0,0,S,0.75,74.8,-12.7,0.0,13.0,0.0,1.7096735442993434,13,28,14,14,0.023779986614316396,0,0,0,0,0,0,1,0,0,20,24,1,0,0,1
1lon,A,384,LYS,-3.9,168.6,1.0,2,0,S,0.6292682926829268,-99.9,139.6,4.0,11.0,0.26666666666666666,2.0725609497548843,14,19,4,15,0.02471253510899547,0,0,0,0,0,0,1,0,0,20,24,1,0,0,1
1lon,A,385,ARG,-4.5,173.4,1.0,5,0,B,0.5524193548387096,-74.6,147.4,6.0,12.0,0.3333333333333333,1.8534038069640388,17,21,13,8,0.03403802005578621,0,1,0,0,0,0,0,0,0,20,24,1,0,0,1
1lon,A,386,ILE,4.5,166.7,0.0,0,0,P,0.17159763313609466,-87.3,138.1,17.0,5.0,0.7727272727272727,1.985285278062729,23,32,7,25,0.03916703677652112,0,0,0,0,0,0,0,0,0,16,50,2,0,1,1
1lon,A,387,PRO,-1.6,112.7,0.0,0,0,S,0.7867647058823529,-73.7,-20.5,0.0,13.0,0.0,1.870667972245274,14,23,0,23,0.01958351838826056,0,0,0,0,0,0,1,0,0,16,50,2,0,1,1
1lon,A,388,TYR,-1.3,193.6,0.0,1,1,S,0.7522522522522522,-164.5,161.9,4.0,20.0,0.16666666666666666,1.9135069379164313,14,4,0,4,0.028909003335051305,0,0,0,0,0,0,1,0,0,16,50,2,0,1,1
1lon,A,389,PHE,2.8,189.9,0.0,0,0,-,0.10152284263959391,-56.1,119.9,17.0,17.0,0.5,2.3230966803268456,32,8,5,3,0.040099585271200194,0,0,0,0,0,0,0,0,0,26,1,8,0,0,1
1lon,A,390,PRO,-1.6,112.7,0.0,0,0,-,0.11029411764705882,-56.0,135.3,18.0,10.0,0.6428571428571429,2.092524420599969,25,1,5,-4,0.03590311704514436,0,0,0,0,0,0,0,0,0,26,1,8,0,0,1
1lon,A,391,ALA,1.8,88.6,0.0,0,0,S,0.9339622641509434,-77.6,-34.0,1.0,21.0,0.045454545454545456,1.7676285638407307,18,0,9,-9,0.028909003335051305,0,0,0,0,0,0,1,0,0,26,1,8,0,0,1
1lon,A,392,ASN,-3.5,114.1,0.0,2,2,S,0.6050955414012739,-85.1,117.1,5.0,15.0,0.25,1.9451701091788993,19,2,9,-7,0.02984155182973038,0,0,0,0,0,0,1,0,0,26,1,8,0,0,1
1lon,A,393,GLN,-3.5,143.8,0.0,2,2,H,0.020202020202020204,-63.8,-28.5,13.0,11.0,0.5416666666666666,2.579206246075151,26,14,9,5,0.04476232774459557,1,0,0,0,0,0,0,0,0,26,1,8,0,0,1
1lon,A,394,GLU,-3.5,138.4,-1.0,1,3,H,0.4793814432989691,-71.9,-33.0,0.0,20.0,0.0,1.80807013791344,19,10,0,10,0.03124037457174899,1,0,0,0,0,0,0,0,0,-1,0,0,0,0,0
1lon,A,395,ILE,4.5,166.7,0.0,0,0,H,0.4378698224852071,-58.7,-36.7,12.0,11.0,0.5217391304347826,2.272399405521092,19,13,10,3,0.0363693912924839,1,0,0,0,0,0,0,0,0,-1,0,0,0,0,0
1lon,A,396,LEU,3.8,166.7,0.0,0,0,H,0.018292682926829267,-63.9,-30.8,17.0,11.0,0.6071428571428571,2.943872301080755,32,13,16,-3,0.048958795970651406,1,0,0,0,0,0,0,0,0,-1,0,0,0,0,0
1lon,A,397,GLN,-3.5,143.8,0.0,2,2,T,0.5050505050505051,-80.3,6.9,7.0,15.0,0.3181818181818182,1.86546797305832,24,18,15,3,0.03590311704514436,0,0,0,0,0,1,0,0,0,32,0,1,0,0,1
1lon,A,398,LYS,-3.9,168.6,1.0,2,0,T,0.7658536585365854,-125.9,-6.4,10.0,11.0,0.47619047619047616,1.920289624524465,17,5,15,-10,0.028909003335051305,0,0,0,0,0,1,0,0,0,32,0,1,0,0,1
1lon,A,399,VAL,4.2,140.0,0.0,0,0,-,0.14084507042253522,-75.5,154.1,22.0,6.0,0.7857142857142857,2.4418884457521393,29,25,19,6,0.040565859518539735,0,0,0,0,0,0,0,0,0,32,0,1,0,0,1
1lon,A,400,GLU,-3.5,138.4,-1.0,1,3,-,0.6649484536082474,-118.6,102.1,6.0,18.0,0.25,1.8732355870624906,18,30,9,21,0.03403802005578621,0,0,0,0,0,0,0,0,0,17,24,4,0,1,1
1lon,A,401,VAL,4.2,140.0,0.0,0,0,-,0.1267605633802817,-68.6,143.3,20.0,13.0,0.6060606060606061,2.3277636503069146,28,25,31,-6,0.043363505002576956,0,0,0,0,0,0,0,0,0,-1,0,0,0,0,0
1lon,A,402,GLU,-3.5,138.4,-1.0,1,3,E,0.23711340206185566,-107.2,131.3,9.0,16.0,0.36,2.0036883139663924,26,29,19,10,0.03683566553982344,0,0,1,0,0,0,0,0,0,-1,0,0,0,0,0
1lon,A,403,TYR,-1.3,193.6,0.0,1,1,E,0.25225225225225223,-100.3,175.1,11.0,12.0,0.4782608695652174,2.168711661501433,26,13,37,-24,0.03916703677652112,0,0,1,0,0,0,0,0,0,-1,0,0,0,0,0
1lon,A,404,GLU,-3.5,138.4,-1.0,1,3,-,0.422680412371134,-136.9,90.2,11.0,11.0,0.5,2.1287723394364306,18,15,12,3,0.03450429430312575,0,0,0,0,0,0,0,0,0,-1,0,0,0,0,0
1lon,A,405,THR,-0.7,116.1,0.0,1,1,-,0.4647887323943662,-63.3,119.2,4.0,14.0,0.2222222222222222,1.8603351572646827,16,9,20,-11,0.03450429430312575,0,0,0,0,0,0,0,0,0,21,24,1,0,0,1
1lon,A,406,LEU,3.8,166.7,0.0,0,0,E,0.14634146341463414,-107.5,155.6,20.0,7.0,0.7407407407407407,2.130181990583454,27,11,18,-7,0.03823448828184205,0,0,1,0,0,0,0,0,0,21,24,1,0,0,1
1lon,A,407,PRO,-1.6,112.7,0.0,0,0,E,0.5955882352941176,-81.8,127.7,5.0,19.0,0.20833333333333334,2.1285265503339574,21,10,15,-5,0.03310547156110714,0,0,1,0,0,0,0,0,0,-1,0,0,0,0,0
1lon,A,408,GLY,-0.4,60.1,0.0,0,0,-,0.08333333333333333,-69.2,170.1,15.0,13.0,0.5357142857142857,2.0066675226805355,24,10,16,-6,0.045694876239274644,0,0,0,0,0,0,0,0,0,-1,0,0,0,0,0
1lon,A,409,TRP,-0.9,227.8,0.0,1,0,-,0.06167400881057269,-103.7,-14.7,16.0,9.0,0.64,4.270336984310819,32,11,25,-14,0.04289723075523742,0,0,0,0,0,0,0,0,0,27,1,4,0,0,1
1lon,A,410,LYS,-3.9,168.6,1.0,2,0,-,0.6536585365853659,38.5,56.2,4.0,17.0,0.19047619047619047,1.9568287369876178,17,0,17,-17,0.03403802005578621,0,0,0,0,0,0,0,0,0,27,1,4,0,0,1
1lon,A,411,ALA,1.8,88.6,0.0,0,0,S,0.39622641509433965,-151.2,155.1,11.0,13.0,0.4583333333333333,1.8720899237370432,23,13,23,-10,0.029375277582390842,0,0,0,0,0,0,1,0,0,27,1,4,0,0,1
1lon,A,412,ASP,-3.5,111.1,-1.0,1,3,-,0.6932515337423313,-83.0,119.9,3.0,18.0,0.14285714285714285,1.7602646364311434,20,10,20,-10,0.02844272908771177,0,0,0,0,0,0,0,0,0,27,1,4,0,0,1
1lon,A,413,THR,-0.7,116.1,0.0,1,1,-,0.02112676056338028,-106.7,-3.9,26.0,7.0,0.7878787878787878,2.527450018330504,31,23,34,-11,0.043363505002576956,0,0,0,0,0,0,0,0,0,27,1,4,0,0,1
1lon,A,414,THR,-0.7,116.1,0.0,1,1,T,0.3732394366197183,-54.3,-17.3,7.0,22.0,0.2413793103448276,1.979177604218046,27,17,32,-15,0.03357174580844668,0,0,0,0,0,1,0,0,0,27,1,4,0,0,1
1lon,A,415,GLY,-0.4,60.1,0.0,0,0,T,0.5833333333333334,-98.3,-14.9,3.0,22.0,0.12,1.709699278553804,21,17,33,-16,0.027043906345693154,0,0,0,0,0,1,0,0,0,4,829,10,0,86,1
1lon,A,416,ALA,1.8,88.6,0.0,0,0,-,0.0660377358490566,-58.8,143.7,23.0,5.0,0.8214285714285714,2.267104648672741,26,19,38,-19,0.040565859518539735,0,0,0,0,0,0,0,0,0,4,829,10,0,86,1
1lon,A,417,ARG,-4.5,173.4,1.0,5,0,-,0.3548387096774194,-138.8,-3.9,3.0,18.0,0.14285714285714285,1.9340689113084089,21,13,19,-6,0.03403802005578621,0,0,0,0,0,0,0,0,0,4,829,10,0,86,1
1lon,A,418,LYS,-3.9,168.6,1.0,2,0,S,0.6682926829268293,-137.1,159.1,2.0,21.0,0.08695652173913043,2.309700217453259,17,10,18,-8,0.03450429430312575,0,0,0,0,0,0,1,0,0,-1,0,0,0,0,0
1lon,A,419,TRP,-0.9,227.8,0.0,1,0,T,0.2555066079295154,-59.0,-30.7,10.0,16.0,0.38461538461538464,2.0669852653290413,24,23,21,2,0.03823448828184205,0,0,0,0,0,1,0,0,0,25,3,3,0,0,1
1lon,A,420,GLU,-3.5,138.4,-1.0,1,3,T,0.7216494845360825,-79.2,-27.6,0.0,17.0,0.0,1.8412150112198766,13,15,8,7,0.02844272908771177,0,0,0,0,0,1,0,0,0,25,3,3,0,0,1
1lon,A,421,ASP,-3.5,111.1,-1.0,1,3,T,0.5460122699386503,-56.3,-38.9,13.0,9.0,0.5909090909090909,1.737670142880044,18,19,11,8,0.032639197313767604,0,0,0,0,0,1,0,0,0,-1,0,0,0,0,0
1lon,A,422,LEU,3.8,166.7,0.0,0,0,S,0.03048780487804878,-60.7,141.4,19.0,11.0,0.6333333333333333,2.878765693180233,29,15,26,-11,0.04709369898129325,0,0,0,0,0,0,1,0,0,25,3,3,0,0,1
1lon,A,423,PRO,-1.6,112.7,0.0,0,0,-,0.19852941176470587,-77.1,167.5,14.0,11.0,0.56,2.1108589289410826,26,9,26,-17,0.034970568550465285,0,0,0,0,0,0,0,0,0,-1,0,0,0,0,0
1lon,A,424,PRO,-1.6,112.7,0.0,0,0,H,0.6102941176470589,-45.0,-56.4,1.0,18.0,0.05263157894736842,1.8749607218921063,18,7,9,-2,0.02984155182973038,1,0,0,0,0,0,0,0,0,-1,0,0,0,0,0
1lon,A,425,GLN,-3.5,143.8,0.0,2,2,H,0.3484848484848485,-69.9,-16.4,12.0,14.0,0.46153846153846156,2.177740987973549,25,11,6,5,0.03870076252918159,1,0,0,0,0,0,0,0,0,-1,0,0,0,0,0
1lon,A,426,ALA,1.8,88.6,0.0,0,0,H,0.0,-78.9,-42.8,23.0,17.0,0.575,5.015828668818712,35,14,19,-5,0.048026247475972325,1,0,0,0,0,0,0,0,0,-1,0,0,0,0,0
1lon,A,427,GLN,-3.5,143.8,0.0,2,2,H,0.15656565656565657,-63.5,-37.9,9.0,19.0,0.32142857142857145,2.5414286619557513,24,13,18,-5,0.045694876239274644,1,0,0,0,0,0,0,0,0,25,3,3,0,0,1
1lon,A,428,SER,-0.8,89.0,0.0,1,1,H,0.47692307692307695,-65.1,-33.1,8.0,13.0,0.38095238095238093,1.971712085809033,22,12,6,6,0.03683566553982344,1,0,0,0,0,0,0,0,0,-1,0,0,0,0,0
1lon,A,429,TYR,-1.3,193.6,0.0,1,1,H,0.009009009009009009,-66.3,-40.9,24.0,11.0,0.6857142857142857,5.095315323412591,43,18,12,6,0.045228601991935104,1,0,0,0,0,0,0,0,0,-1,0,0,0,0,0
1lon,A,430,VAL,4.2,140.0,0.0,0,0,H,0.0,-65.0,-44.5,21.0,17.0,0.5526315789473685,3.4065233607547185,35,16,9,7,0.04662742473395372,1,0,0,0,0,0,0,0,0,-1,0,0,0,0,0
1lon,A,431,ARG,-4.5,173.4,1.0,5,0,H,0.4112903225806452,-64.3,-42.2,7.0,17.0,0.2916666666666667,2.0673653862561663,21,3,9,-6,0.03823448828184205,1,0,0,0,0,0,0,0,0,25,3,3,0,0,1
1lon,A,432,PHE,2.8,189.9,0.0,0,0,H,0.1116751269035533,-52.2,-43.0,17.0,12.0,0.5862068965517241,2.4924910779847154,30,22,17,5,0.04196468226055834,1,0,0,0,0,0,0,0,0,-1,0,0,0,0,0
1lon,A,433,VAL,4.2,140.0,0.0,0,0,H,0.007042253521126761,-68.1,-49.6,21.0,17.0,0.5526315789473685,5.438116385369402,37,25,12,13,0.04989134446533048,1,0,0,0,0,0,0,0,0,0,3965,9,0,421,1
1lon,A,434,GLU,-3.5,138.4,-1.0,1,3,H,0.25257731958762886,-55.8,-47.7,12.0,18.0,0.4,2.029671434678015,27,23,0,23,0.04149840801321881,1,0,0,0,0,0,0,0,0,0,3965,9,0,421,1
1lon,A,435,ASN,-3.5,114.1,0.0,2,2,H,0.7643312101910829,-63.3,-51.7,6.0,11.0,0.35294117647058826,1.7522996488648959,17,22,9,13,0.03124037457174899,1,0,0,0,0,0,0,0,0,-1,0,0,0,0,0
1lon,A,436,HIS,-3.2,153.2,0.1,2,1,H,0.3858695652173913,-70.1,-8.7,17.0,9.0,0.6538461538461539,1.8097124961541033,25,15,15,0,0.03310547156110714,1,0,0,0,0,0,0,0,0,0,3965,9,0,421,1
1lon,A,437,MET,1.9,162.9,0.0,0,0,H,0.0797872340425532,-110.3,-31.5,26.0,4.0,0.8666666666666667,3.039506773408258,29,33,11,22,0.03776821403450251,1,0,0,0,0,0,0,0,0,0,3965,9,0,421,1
1lon,A,438,GLY,-0.4,60.1,0.0,0,0,T,0.7738095238095238,83.0,20.5,6.0,16.0,0.2727272727272727,1.7095965647984048,21,27,9,18,0.024246260861655933,0,0,0,0,0,1,0,0,0,0,3965,9,0,421,1
1lon,A,439,VAL,4.2,140.0,0.0,0,0,-,0.06338028169014084,-130.5,135.4,23.0,8.0,0.7419354838709677,1.9617997338273254,28,28,9,19,0.034970568550465285,0,0,0,0,0,0,0,0,0,0,3965,9,0,421,1
1lon,A,440,ALA,1.8,88.6,0.0,0,0,-,0.37735849056603776,-74.8,141.3,6.0,24.0,0.2,2.4430894282467874,26,19,9,10,0.03403802005578621,0,0,0,0,0,0,0,0,0,-1,0,0,0,0,0
1lon,A,441,VAL,4.2,140.0,0.0,0,0,E,0.0,-87.1,117.4,22.0,13.0,0.6285714285714286,3.0683091377821614,34,15,9,6,0.048026247475972325,0,0,1,0,0,0,0,0,0,-1,0,0,0,0,0
1lon,A,442,LYS,-3.9,168.6,1.0,2,0,E,0.16097560975609757,-98.2,-16.4,12.0,19.0,0.3870967741935484,3.256636874462162,25,0,7,-7,0.045694876239274644,0,0,1,0,0,0,0,0,0,-1,0,0,0,0,0
1lon,A,443,TRP,-0.9,227.8,0.0,1,0,E,0.022026431718061675,-143.0,149.5,20.0,19.0,0.5128205128205128,3.5342153853851026,29,16,1,15,0.048026247475972325,0,0,1,0,0,0,0,0,0,-1,0,0,0,0,0
1lon,A,444,VAL,4.2,140.0,0.0,0,0,E,0.0,-132.1,120.6,24.0,24.0,0.5,5.391444629194027,37,28,8,20,0.05035761871267001,0,0,1,0,0,0,0,0,0,-1,0,0,0,0,0
1lon,A,445,GLY,-0.4,60.1,0.0,0,0,E,0.011904761904761904,-88.0,132.7,20.0,24.0,0.45454545454545453,2.4439215174508053,43,41,17,24,0.04755997322863279,0,0,1,0,0,0,0,0,0,-1,0,0,0,0,0
1lon,A,446,VAL,4.2,140.0,0.0,0,0,-,0.0,-132.0,22.4,19.0,19.0,0.5,3.2235278017403135,33,37,32,5,0.05222271570202816,0,0,0,0,0,0,0,0,0,4,829,10,0,86,1
1lon,A,447,GLY,-0.4,60.1,0.0,0,0,S,0.2261904761904762,174.6,170.5,15.0,21.0,0.4166666666666667,1.7096892003724835,31,39,20,19,0.03963331102386066,0,0,0,0,0,0,1,0,0,4,829,10,0,86,1
1lon,A,448,LYS,-3.9,168.6,1.0,2,0,S,0.5560975609756098,-92.4,-13.1,14.0,22.0,0.3888888888888889,1.931255737267644,31,36,21,15,0.035436842797804825,0,0,0,0,0,0,1,0,0,-1,0,0,0,0,0
1lon,A,449,SER,-0.8,89.0,0.0,1,1,B,0.11538461538461539,-79.4,145.9,8.0,20.0,0.2857142857142857,2.4401458977776973,27,39,30,9,0.03776821403450251,0,1,0,0,0,0,0,0,0,4,829,10,0,86,1
1lon,A,450,ARG,-4.5,173.4,1.0,5,0,T,0.29838709677419356,-46.2,-37.8,13.0,20.0,0.3939393939393939,2.0877609971574835,27,18,25,-7,0.04289723075523742,0,0,0,0,0,1,0,0,0,4,829,10,0,86,1
1lon,A,451,GLU,-3.5,138.4,-1.0,1,3,T,0.5,-80.3,-8.3,4.0,24.0,0.14285714285714285,1.7395322297441436,21,33,8,25,0.02844272908771177,0,0,0,0,0,1,0,0,0,4,829,10,0,86,1
1lon,A,452,SER,-0.8,89.0,0.0,1,1,S,0.07692307692307693,-83.5,53.5,18.0,12.0,0.6,2.85450883392908,28,38,16,22,0.04149840801321881,0,0,0,0,0,0,1,0,0,4,829,10,0,86,1
1lon,A,453,MET,1.9,162.9,0.0,0,0,E,0.09042553191489362,-132.0,154.1,15.0,21.0,0.4166666666666667,2.5584232422134785,35,40,12,28,0.04616115048661418,0,0,1,0,0,0,0,0,0,4,829,10,0,86,1
1lon,A,454,ILE,4.5,166.7,0.0,0,0,E,0.0,-130.0,116.1,23.0,13.0,0.6388888888888888,2.8713423050932025,34,30,16,14,0.04662742473395372,0,0,1,0,0,0,0,0,0,4,829,10,0,86,1
1lon,A,455,GLN,-3.5,143.8,0.0,2,2,E,0.5555555555555556,-95.0,114.9,6.0,22.0,0.21428571428571427,1.8457024586640252,19,23,0,23,0.040565859518539735,0,0,1,0,0,0,0,0,0,-1,0,0,0,0,0
1lon,A,456,LEU,3.8,166.7,0.0,0,0,-,0.25609756097560976,-78.2,-9.3,16.0,9.0,0.64,2.0771985094433076,23,22,10,12,0.03870076252918159,0,0,0,0,0,0,0,0,0,-1,0,0,0,0,0
1lon,A,457,PHE,2.8,189.9,0.0,0,0,-,0.6903553299492385,179.4,360.0,5.0,8.0,0.38461538461538464,1.8333282752261901,15,9,5,4,0.021914889624958248,0,0,0,0,0,0,0,0,0,-1,0,0,0,0,0
1uip,A,4,THR,-0.7,116.1,0.0,1,1,-,1.0,360.0,88.6,0.0,8.0,0.0,1.7766724160158316,8,7,7,0,0.013988227420186116,0,0,0,0,0,0,0,0,0,4,478,6,0,32,1
1uip,A,5,PRO,-1.6,112.7,0.0,0,0,-,0.4632352941176471,-61.5,153.7,10.0,9.0,0.5263157894736842,1.863283729257887,18,18,12,6,0.026577632098353617,0,0,0,0,0,0,0,0,0,4,478,6,0,32,1
1uip,A,6,ALA,1.8,88.6,0.0,0,0,S,0.08490566037735849,-71.3,-35.0,20.0,9.0,0.6896551724137931,1.9402112031425407,23,27,23,4,0.040565859518539735,0,0,0,0,0,0,1,0,0,4,478,6,0,32,1
1uip,A,7,PHE,2.8,189.9,0.0,0,0,-,0.015228426395939087,-147.3,93.4,29.0,4.0,0.8787878787878788,2.8365346505888263,32,35,30,5,0.04616115048661418,0,0,0,0,0,0,0,0,0,12,32,6,0,2,1
1uip,A,8,ASN,-3.5,114.1,0.0,2,2,-,0.7961783439490446,-89.2,68.1,2.0,19.0,0.09523809523809523,1.7510067605740718,20,20,17,3,0.02797645484037223,0,0,0,0,0,0,0,0,0,-1,0,0,0,0,0
1uip,A,9,LYS,-3.9,168.6,1.0,2,0,S,0.3024390243902439,-147.7,164.5,16.0,13.0,0.5517241379310345,2.0131742853185326,24,22,21,1,0.03590311704514436,0,0,0,0,0,0,1,0,0,12,32,6,0,2,1
1uip,A,10,PRO,-1.6,112.7,0.0,0,0,-,0.09558823529411764,-51.3,148.5,19.0,21.0,0.475,2.4816052771814543,31,44,18,26,0.045228601991935104,0,0,0,0,0,0,0,0,0,-1,0,0,0,0,0
1uip,A,11,LYS,-3.9,168.6,1.0,2,0,E,0.05365853658536585,-137.8,166.6,21.0,23.0,0.4772727272727273,3.793434431831586,36,29,26,3,0.04616115048661418,0,0,1,0,0,0,0,0,0,-1,0,0,0,0,0
1uip,A,12,VAL,4.2,140.0,0.0,0,0,E,0.0,-130.5,127.0,22.0,25.0,0.46808510638297873,6.317037713136604,44,39,19,20,0.05129016720734909,0,0,1,0,0,0,0,0,0,-1,0,0,0,0,0
1uip,A,13,GLU,-3.5,138.4,-1.0,1,3,E,0.0,-120.7,124.4,27.0,22.0,0.5510204081632653,6.817091094247174,48,44,37,7,0.05175644145468863,0,0,1,0,0,0,0,0,0,-1,0,0,0,0,0
1uip,A,14,LEU,3.8,166.7,0.0,0,0,E,0.0,-108.4,-9.6,25.0,25.0,0.5,7.551333850008764,48,49,30,19,0.05688545817542354,0,0,1,0,0,0,0,0,0,-1,0,0,0,0,0
1uip,A,15,HIS,-3.2,153.2,0.1,2,1,E,0.0,-133.6,87.9,24.0,24.0,0.5,5.393224204635094,46,42,58,-16,0.058284280917442144,0,0,1,0,0,0,0,0,0,-1,0,0,0,0,0
1uip,A,16,VAL,4.2,140.0,0.0,0,0,E,0.0,-150.0,139.2,26.0,21.0,0.5531914893617021,5.70298449348873,44,44,52,-8,0.05968310365946076,0,0,1,0,0,0,0,0,0,-1,0,0,0,0,0
1uip,A,17,HIS,-3.2,153.2,0.1,2,1,E,0.08695652173913043,-96.7,121.8,21.0,19.0,0.525,2.7899718786252503,44,28,39,-11,0.05175644145468863,0,0,1,0,0,0,0,0,0,-1,0,0,0,0,0
1uip,A,18,LEU,3.8,166.7,0.0,0,0,G,0.0,-55.0,-43.2,30.0,19.0,0.6122448979591837,5.6548654262783575,46,33,24,9,0.04942507021799094,0,0,0,1,0,0,0,0,0,-1,0,0,0,0,0
1uip,A,19,ASP,-3.5,111.1,-1.0,1,3,G,0.049079754601226995,-75.4,-3.5,21.0,24.0,0.4666666666666667,2.994441939946917,42,20,13,7,0.04476232774459557,0,0,0,1,0,0,0,0,0,-1,0,0,0,0,0
1uip,A,20,GLY,-0.4,60.1,0.0,0,0,G,0.0,-109.8,5.2,20.0,20.0,0.5,3.5153567449137704,34,31,25,6,0.050823892960009553,0,0,0,1,0,0,0,0,0,-1,0,0,0,0,0
1uip,A,21,ALA,1.8,88.6,0.0,0,0,S,0.018867924528301886,-135.3,60.1,22.0,19.0,0.5365853658536586,2.395062331827778,40,29,35,-6,0.048958795970651406,0,0,0,0,0,0,1,0,0,-1,0,0,0,0,0
1uip,A,22,ILE,4.5,166.7,0.0,0,0,-,0.04142011834319527,-112.9,148.0,26.0,21.0,0.5531914893617021,3.2827212557182874,35,24,32,-8,0.05035761871267001,0,0,0,0,0,0,0,0,0,-1,0,0,0,0,0
1uip,A,23,LYS,-3.9,168.6,1.0,2,0,-,0.35121951219512193,-75.2,132.1,13.0,22.0,0.37142857142857144,2.433858388612063,27,18,24,-6,0.03683566553982344,0,0,0,0,0,0,0,0,0,-1,0,0,0,0,0
1uip,A,24,PRO,-1.6,112.7,0.0,0,0,H,0.09558823529411764,-57.9,-30.6,17.0,20.0,0.4594594594594595,3.1042411673027286,33,23,26,-3,0.043829779249916496,1,0,0,0,0,0,0,0,0,-1,0,0,0,0,0
1uip,A,25,GLU,-3.5,138.4,-1.0,1,3,H,0.3556701030927835,-68.6,-26.1,2.0,24.0,0.07692307692307693,1.907289498573312,21,25,13,12,0.03730193978716297,1,0,0,0,0,0,0,0,0,8,150,4,0,8,1
1uip,A,26,THR,-0.7,116.1,0.0,1,1,H,0.0,-83.7,-34.1,17.0,18.0,0.4857142857142857,3.304473429421082,30,27,23,4,0.04662742473395372,1,0,0,0,0,0,0,0,0,8,150,4,0,8,1
1uip,A,27,ILE,4.5,166.7,0.0,0,0,H,0.0,-64.3,-53.6,23.0,19.0,0.5476190476190477,5.384464876050399,39,28,16,12,0.05129016720734909,1,0,0,0,0,0,0,0,0,-1,0,0,0,0,0
1uip,A,28,LEU,3.8,166.7,0.0,0,0,H,0.12804878048780488,-53.8,-47.2,11.0,22.0,0.3333333333333333,2.471039458208932,31,24,22,2,0.04429605349725603,1,0,0,0,0,0,0,0,0,19,24,1,0,0,1
1uip,A,29,TYR,-1.3,193.6,0.0,1,1,H,0.4099099099099099,-56.3,-48.9,10.0,18.0,0.35714285714285715,1.974044242401179,21,35,17,18,0.03823448828184205,1,0,0,0,0,0,0,0,0,8,150,4,0,8,1
1uip,A,30,PHE,2.8,189.9,0.0,0,0,H,0.0,-75.9,-26.2,19.0,12.0,0.6129032258064516,3.914460510049246,31,44,17,27,0.05129016720734909,1,0,0,0,0,0,0,0,0,8,150,4,0,8,1
1uip,A,31,GLY,-0.4,60.1,0.0,0,0,H,0.011904761904761904,-64.5,-52.5,16.0,13.0,0.5517241379310345,2.1916299531407106,26,29,9,20,0.045694876239274644,1,0,0,0,0,0,0,0,0,-1,0,0,0,0,0
1uip,A,32,LYS,-3.9,168.6,1.0,2,0,H,0.6146341463414634,-59.2,-55.7,8.0,13.0,0.38095238095238093,1.8707025784952735,19,15,11,4,0.03357174580844668,1,0,0,0,0,0,0,0,0,-1,0,0,0,0,0
1uip,A,33,LYS,-3.9,168.6,1.0,2,0,H,0.5073170731707317,-52.9,-38.6,11.0,7.0,0.6111111111111112,1.8948256182950136,16,22,9,13,0.029375277582390842,1,0,0,0,0,0,0,0,0,-1,0,0,0,0,0
1uip,A,34,ARG,-4.5,173.4,1.0,5,0,H,0.3387096774193548,-98.4,-8.4,17.0,4.0,0.8095238095238095,1.9588624636164544,25,17,8,9,0.02844272908771177,1,0,0,0,0,0,0,0,0,-1,0,0,0,0,0
1uip,A,35,GLY,-0.4,60.1,0.0,0,0,T,0.7857142857142857,67.7,44.1,0.0,15.0,0.0,1.7094580652376896,14,27,1,26,0.021914889624958248,0,0,0,0,0,1,0,0,0,-1,0,0,0,0,0
1uip,A,36,ILE,4.5,166.7,0.0,0,0,-,0.3076923076923077,-112.1,139.9,18.0,7.0,0.72,1.9125340310080627,26,24,2,22,0.02844272908771177,0,0,0,0,0,0,0,0,0,-1,0,0,0,0,0
1uip,A,37,ALA,1.8,88.6,0.0,0,0,-,0.839622641509434,-72.0,159.1,1.0,21.0,0.045454545454545456,1.7676514850679783,21,16,8,8,0.02331371236697686,0,0,0,0,0,0,0,0,0,-1,0,0,0,0,0
1uip,A,38,LEU,3.8,166.7,0.0,0,0,-,0.13414634146341464,-143.7,152.0,23.0,9.0,0.71875,2.0849138693475284,31,12,14,-2,0.03730193978716297,0,0,0,0,0,0,0,0,0,-1,0,0,0,0,0
1uip,A,39,PRO,-1.6,112.7,0.0,0,0,S,0.375,-69.5,6.4,16.0,12.0,0.5714285714285714,1.932454240532492,23,9,23,-14,0.030307826077069916,0,0,0,0,0,0,1,0,0,0,4416,4,0,265,1
1uip,A,40,ALA,1.8,88.6,0.0,0,0,-,0.10377358490566038,-168.1,168.9,12.0,11.0,0.5217391304347826,2.1379023144747373,23,9,23,-14,0.03170664881908853,0,0,0,0,0,0,0,0,0,19,24,1,0,0,1
1uip,A,41,ASP,-3.5,111.1,-1.0,1,3,S,0.6503067484662577,-134.4,32.1,4.0,21.0,0.16,1.7205776410627789,18,9,14,-5,0.02984155182973038,0,0,0,0,0,0,1,0,0,19,24,1,0,0,1
1uip,A,42,THR,-0.7,116.1,0.0,1,1,S,0.4788732394366197,-146.7,129.3,4.0,16.0,0.2,2.239561196307679,18,14,34,-20,0.029375277582390842,0,0,0,0,0,0,1,0,0,19,24,1,0,0,1
1uip,A,43,VAL,4.2,140.0,0.0,0,0,H,0.1267605633802817,-52.4,-38.0,8.0,16.0,0.3333333333333333,2.529715474243558,21,22,33,-11,0.03916703677652112,1,0,0,0,0,0,0,0,0,19,24,1,0,0,1
1uip,A,44,GLU,-3.5,138.4,-1.0,1,3,H,0.6030927835051546,-61.7,-47.7,0.0,18.0,0.0,1.8587025031608704,13,14,21,-7,0.02984155182973038,1,0,0,0,0,0,0,0,0,19,24,1,0,0,1
1uip,A,45,GLU,-3.5,138.4,-1.0,1,3,H,0.4639175257731959,-80.9,-19.3,5.0,12.0,0.29411764705882354,2.0421558670864055,16,13,16,-3,0.034970568550465285,1,0,0,0,0,0,0,0,0,19,24,1,0,0,1
1uip,A,46,LEU,3.8,166.7,0.0,0,0,H,0.0,-69.2,-39.4,17.0,13.0,0.5666666666666667,5.09830915380068,29,21,35,-14,0.0526889899493677,1,0,0,0,0,0,0,0,0,19,24,1,0,0,1
1uip,A,47,ARG,-4.5,173.4,1.0,5,0,H,0.33064516129032256,-70.3,-32.3,13.0,18.0,0.41935483870967744,2.2671236747199717,25,15,27,-12,0.04429605349725603,1,0,0,0,0,0,0,0,0,-1,0,0,0,0,0
1uip,A,48,ASN,-3.5,114.1,0.0,2,2,H,0.5859872611464968,-77.5,-18.5,5.0,17.0,0.22727272727272727,1.919834590784592,20,21,24,-3,0.03403802005578621,1,0,0,0,0,0,0,0,0,0,4416,4,0,265,1
1uip,A,49,ILE,4.5,166.7,0.0,0,0,H,0.2485207100591716,-90.2,-55.9,15.0,12.0,0.5555555555555556,2.169170885361257,24,20,19,1,0.03776821403450251,1,0,0,0,0,0,0,0,0,0,4416,4,0,265,1
1uip,A,50,ILE,4.5,166.7,0.0,0,0,H,0.005917159763313609,-67.1,-38.9,27.0,10.0,0.7297297297297297,4.653351399436346,36,26,18,8,0.04942507021799094,1,0,0,0,0,0,0,0,0,0,4416,4,0,265,1
1uip,A,51,GLY,-0.4,60.1,0.0,0,0,-,0.03571428571428571,-70.6,162.9,14.0,23.0,0.3783783783783784,2.4411009778433295,30,32,20,12,0.04476232774459557,0,0,0,0,0,0,0,0,0,0,4416,4,0,265,1
1uip,A,52,MET,1.9,162.9,0.0,0,0,-,0.06382978723404255,-144.8,135.0,20.0,11.0,0.6451612903225806,2.3776057176675254,29,31,11,20,0.04196468226055834,0,0,0,0,0,0,0,0,0,-1,0,0,0,0,0
1uip,A,53,ASP,-3.5,111.1,-1.0,1,3,S,0.5398773006134969,-119.2,6.5,3.0,19.0,0.13636363636363635,1.7273111292070482,17,22,0,22,0.032172923066428064,0,0,0,0,0,0,1,0,0,-1,0,0,0,0,0
1uip,A,54,LYS,-3.9,168.6,1.0,2,0,S,0.697560975609756,-138.8,141.2,1.0,19.0,0.05,1.9617860193423573,16,6,8,-2,0.02844272908771177,0,0,0,0,0,0,1,0,0,-1,0,0,0,0,0
1uip,A,55,PRO,-1.6,112.7,0.0,0,0,-,0.39705882352941174,-52.3,140.9,8.0,15.0,0.34782608695652173,1.9578910926178739,20,9,11,-2,0.03590311704514436,0,0,0,0,0,0,0,0,0,-1,0,0,0,0,0
1uip,A,56,LEU,3.8,166.7,0.0,0,0,-,0.5548780487804879,-126.7,-116.4,15.0,9.0,0.625,1.9483904845402464,23,13,5,8,0.03170664881908853,0,0,0,0,0,0,0,0,0,-1,0,0,0,0,0
1uip,A,57,SER,-0.8,89.0,0.0,1,1,-,0.38461538461538464,-153.3,172.9,5.0,20.0,0.2,2.2565508723484036,24,6,9,-3,0.03310547156110714,0,0,0,0,0,0,0,0,0,-1,0,0,0,0,0
1uip,A,58,LEU,3.8,166.7,0.0,0,0,H,0.036585365853658534,-68.6,-47.3,13.0,15.0,0.4642857142857143,2.455685671617584,33,8,32,-24,0.043363505002576956,1,0,0,0,0,0,0,0,0,-1,0,0,0,0,0
1uip,A,59,PRO,-1.6,112.7,0.0,0,0,H,0.4264705882352941,-64.9,-34.4,5.0,17.0,0.22727272727272727,2.0373086621689374,21,4,18,-14,0.02984155182973038,1,0,0,0,0,0,0,0,0,-1,0,0,0,0,0
1uip,A,60,GLY,-0.4,60.1,0.0,0,0,H,0.2976190476190476,-75.4,-30.0,9.0,14.0,0.391304347826087,1.8211441865149882,24,10,10,0,0.030307826077069916,1,0,0,0,0,0,0,0,0,-1,0,0,0,0,0
1uip,A,61,PHE,2.8,189.9,0.0,0,0,H,0.03553299492385787,-72.9,-42.4,21.0,11.0,0.65625,3.1451401908784535,36,14,29,-15,0.043363505002576956,1,0,0,0,0,0,0,0,0,-1,0,0,0,0,0
1uip,A,62,LEU,3.8,166.7,0.0,0,0,H,0.2926829268292683,-60.7,-27.1,8.0,22.0,0.26666666666666666,2.149344590787781,31,13,27,-14,0.03963331102386066,1,0,0,0,0,0,0,0,0,-1,0,0,0,0,0
1uip,A,63,ALA,1.8,88.6,0.0,0,0,T,0.4056603773584906,-69.7,-17.2,6.0,17.0,0.2608695652173913,1.7677035160105166,21,9,9,0,0.034970568550465285,0,0,0,0,0,1,0,0,0,0,4416,4,0,265,1
1uip,A,64,LYS,-3.9,168.6,1.0,2,0,H,0.16097560975609757,-60.7,-30.2,20.0,10.0,0.6666666666666666,2.446813420559634,31,4,14,-10,0.04616115048661418,1,0,0,0,0,0,0,0,0,0,4416,4,0,265,1
1uip,A,65,PHE,2.8,189.9,0.0,0,0,H,0.1065989847715736,-62.8,-28.1,18.0,19.0,0.4864864864864865,2.393436323451998,33,18,25,-7,0.04616115048661418,1,0,0,0,0,0,0,0,0,-1,0,0,0,0,0
1uip,A,66,ASP,-3.5,111.1,-1.0,1,3,H,0.5644171779141104,-56.4,-34.0,7.0,19.0,0.2692307692307692,1.7968163488699869,22,8,0,8,0.035436842797804825,1,0,0,0,0,0,0,0,0,-1,0,0,0,0,0
1uip,A,67,TYR,-1.3,193.6,0.0,1,1,H,0.43243243243243246,-61.1,-39.6,19.0,13.0,0.59375,2.0142598192020658,26,12,10,2,0.04243095650789788,1,0,0,0,0,0,0,0,0,0,4416,4,0,265,1
1uip,A,68,TYR,-1.3,193.6,0.0,1,1,H,0.0,-118.7,-26.7,25.0,18.0,0.5813953488372093,4.9826790005490444,39,11,17,-6,0.048026247475972325,1,0,0,0,0,0,0,0,0,0,4416,4,0,265,1
1uip,A,69,MET,1.9,162.9,0.0,0,0,H,0.0,-49.8,-37.8,19.0,24.0,0.4418604651162791,3.8765966123222007,36,10,16,-6,0.04709369898129325,1,0,0,0,0,0,0,0,0,-1,0,0,0,0,0
1uip,A,70,PRO,-1.6,112.7,0.0,0,0,H,0.22794117647058823,-58.2,-31.2,15.0,20.0,0.42857142857142855,2.1638232453178317,31,9,8,1,0.04429605349725603,1,0,0,0,0,0,0,0,0,-1,0,0,0,0,0
1uip,A,71,VAL,4.2,140.0,0.0,0,0,H,0.0,-79.0,-17.5,19.0,21.0,0.475,3.9711069116658626,36,25,3,22,0.04709369898129325,1,0,0,0,0,0,0,0,0,-1,0,0,0,0,0
1uip,A,72,ILE,4.5,166.7,0.0,0,0,H,0.0,-95.6,-57.4,22.0,24.0,0.4782608695652174,5.89976974250482,39,26,13,13,0.053621538444046775,1,0,0,0,0,0,0,0,0,-1,0,0,0,0,0
1uip,A,73,ALA,1.8,88.6,0.0,0,0,T,0.0,-43.5,142.6,24.0,23.0,0.5106382978723404,3.1093302088122385,37,18,4,14,0.05129016720734909,0,0,0,0,0,1,0,0,0,-1,0,0,0,0,0
1uip,A,74,GLY,-0.4,60.1,0.0,0,0,T,0.11904761904761904,71.6,-9.3,17.0,21.0,0.4473684210526316,2.2436133811242134,36,21,23,-2,0.045228601991935104,0,0,0,0,0,1,0,0,0,-1,0,0,0,0,0
1uip,A,75,CYS,2.5,108.5,0.0,1,0,-,0.13333333333333333,-100.8,105.7,16.0,19.0,0.45714285714285713,2.302719641736561,30,39,14,25,0.04103213376587927,0,0,0,0,0,0,0,0,0,-1,0,0,0,0,0
1uip,A,76,ARG,-4.5,173.4,1.0,5,0,H,0.3387096774193548,-53.5,-49.1,8.0,22.0,0.26666666666666666,1.8631324279955501,27,12,34,-22,0.03450429430312575,1,0,0,0,0,0,0,0,0,15,30,4,0,1,1
1uip,A,77,GLU,-3.5,138.4,-1.0,1,3,H,0.4690721649484536,-54.1,-43.4,6.0,20.0,0.23076923076923078,1.7611571532775028,19,44,2,42,0.03170664881908853,1,0,0,0,0,0,0,0,0,8,150,4,0,8,1
1uip,A,78,ALA,1.8,88.6,0.0,0,0,H,0.0,-68.8,-40.6,23.0,14.0,0.6216216216216216,4.245452122380334,32,38,15,23,0.04476232774459557,1,0,0,0,0,0,0,0,0,-1,0,0,0,0,0
1uip,A,79,ILE,4.5,166.7,0.0,0,0,H,0.0,-62.8,-42.4,22.0,20.0,0.5238095238095238,5.1214699199606875,41,30,22,8,0.05222271570202816,1,0,0,0,0,0,0,0,0,-1,0,0,0,0,0
1uip,A,80,LYS,-3.9,168.6,1.0,2,0,H,0.2146341463414634,-71.9,-42.7,11.0,23.0,0.3235294117647059,2.2979350901047866,27,16,34,-18,0.048492521723311866,1,0,0,0,0,0,0,0,0,-1,0,0,0,0,0
1uip,A,81,ARG,-4.5,173.4,1.0,5,0,H,0.2782258064516129,-58.8,-49.8,13.0,22.0,0.37142857142857144,2.0178990588132013,26,22,27,-5,0.040565859518539735,1,0,0,0,0,0,0,0,0,8,150,4,0,8,1
1uip,A,82,ILE,4.5,166.7,0.0,0,0,H,0.011834319526627219,-63.6,-35.3,26.0,18.0,0.5909090909090909,6.065405249869218,39,30,25,5,0.048492521723311866,1,0,0,0,0,0,0,0,0,-1,0,0,0,0,0
1uip,A,83,ALA,1.8,88.6,0.0,0,0,H,0.0,-63.7,-50.4,23.0,21.0,0.5227272727272727,5.352970267251978,45,26,32,-6,0.05175644145468863,1,0,0,0,0,0,0,0,0,-1,0,0,0,0,0
1uip,A,84,TYR,-1.3,193.6,0.0,1,1,H,0.34684684684684686,-59.0,-54.0,12.0,23.0,0.34285714285714286,2.480899154094903,33,23,34,-11,0.0526889899493677,1,0,0,0,0,0,0,0,0,-1,0,0,0,0,0
1uip,A,85,GLU,-3.5,138.4,-1.0,1,3,H,0.11855670103092783,-64.5,-19.1,11.0,21.0,0.34375,2.6730412353150887,27,33,17,16,0.04662742473395372,1,0,0,0,0,0,0,0,0,8,150,4,0,8,1
1uip,A,86,PHE,2.8,189.9,0.0,0,0,H,0.0,-66.6,-48.7,28.0,19.0,0.5957446808510638,5.608194780283763,43,35,38,-3,0.04989134446533048,1,0,0,0,0,0,0,0,0,-1,0,0,0,0,0
1uip,A,87,VAL,4.2,140.0,0.0,0,0,H,0.0,-56.0,-44.2,22.0,21.0,0.5116279069767442,5.845439057106894,41,27,39,-12,0.05735173242276307,1,0,0,0,0,0,0,0,0,2,1641,7,0,152,1
1uip,A,88,GLU,-3.5,138.4,-1.0,1,3,H,0.27835051546391754,-57.7,-43.6,11.0,21.0,0.34375,2.4615403153840214,24,24,21,3,0.045694876239274644,1,0,0,0,0,0,0,0,0,-1,0,0,0,0,0
1uip,A,89,MET,1.9,162.9,0.0,0,0,H,0.21808510638297873,-63.3,-38.8,19.0,15.0,0.5588235294117647,2.06161526247602,33,28,30,-2,0.03963331102386066,1,0,0,0,0,0,0,0,0,-1,0,0,0,0,0
1uip,A,90,LYS,-3.9,168.6,1.0,2,0,H,0.0,-71.5,-44.6,29.0,11.0,0.725,3.5221484655343342,36,21,36,-15,0.045228601991935104,1,0,0,0,0,0,0,0,0,-1,0,0,0,0,0
1uip,A,91,ALA,1.8,88.6,0.0,0,0,H,0.2358490566037736,-53.4,-49.7,15.0,16.0,0.4838709677419355,2.102478888099733,28,32,26,6,0.04289723075523742,1,0,0,0,0,0,0,0,0,2,1641,7,0,152,1
1uip,A,92,LYS,-3.9,168.6,1.0,2,0,H,0.7073170731707317,-62.5,-31.3,5.0,16.0,0.23809523809523808,1.889745360503808,16,10,21,-11,0.029375277582390842,1,0,0,0,0,0,0,0,0,-1,0,0,0,0,0
1uip,A,93,GLU,-3.5,138.4,-1.0,1,3,H,0.17010309278350516,-76.2,-6.9,21.0,11.0,0.65625,1.8264167221515006,32,30,24,6,0.03403802005578621,1,0,0,0,0,0,0,0,0,-1,0,0,0,0,0
1uip,A,94,GLY,-0.4,60.1,0.0,0,0,T,0.2976190476190476,90.1,19.0,12.0,17.0,0.41379310344827586,1.7781668687785754,32,38,23,15,0.0363693912924839,0,0,0,0,0,1,0,0,0,-1,0,0,0,0,0
1uip,A,95,VAL,4.2,140.0,0.0,0,0,E,0.007042253521126761,-84.3,130.4,23.0,16.0,0.5897435897435898,3.119927587474087,37,39,26,13,0.048492521723311866,0,0,1,0,0,0,0,0,0,-1,0,0,0,0,0
1uip,A,96,VAL,4.2,140.0,0.0,0,0,E,0.08450704225352113,-98.0,-30.2,14.0,22.0,0.3888888888888889,2.069465204790913,33,42,20,22,0.04429605349725603,0,0,1,0,0,0,0,0,0,2,1641,7,0,152,1
1uip,A,97,TYR,-1.3,193.6,0.0,1,1,E,0.0045045045045045045,-139.2,135.0,19.0,21.0,0.475,3.4607547458314336,42,44,31,13,0.04755997322863279,0,0,1,0,0,0,0,0,0,-1,0,0,0,0,0
1uip,A,98,VAL,4.2,140.0,0.0,0,0,E,0.0,-146.2,143.8,28.0,21.0,0.5714285714285714,6.602451147498746,41,46,26,20,0.05175644145468863,0,0,1,0,0,0,0,0,0,-1,0,0,0,0,0
1uip,A,99,GLU,-3.5,138.4,-1.0,1,3,E,0.0,-115.6,117.3,21.0,26.0,0.44680851063829785,7.7086849204580545,43,48,15,33,0.05455408693872585,0,0,1,0,0,0,0,0,0,-1,0,0,0,0,0
1uip,A,100,VAL,4.2,140.0,0.0,0,0,E,0.0,-100.5,135.0,25.0,23.0,0.5208333333333334,7.585221071509751,40,44,30,14,0.05175644145468863,0,0,1,0,0,0,0,0,0,-1,0,0,0,0,0
1uip,A,101,ARG,-4.5,173.4,1.0,5,0,E,0.0,-113.6,155.9,23.0,23.0,0.5,4.7198778426135455,43,33,49,-16,0.05035761871267001,0,0,1,0,0,0,0,0,0,-1,0,0,0,0,0
1uip,A,102,TYR,-1.3,193.6,0.0,1,1,E,0.0045045045045045045,-174.7,163.8,24.0,20.0,0.5454545454545454,4.509569347223723,44,29,19,10,0.048492521723311866,0,0,1,0,0,0,0,0,0,-1,0,0,0,0,0
1uip,A,103,SER,-0.8,89.0,0.0,1,1,-,0.007692307692307693,-95.4,119.7,18.0,25.0,0.4186046511627907,3.0023779353280706,39,25,16,9,0.045228601991935104,0,0,0,0,0,0,0,0,0,-1,0,0,0,0,0
1uip,A,104,PRO,-1.6,112.7,0.0,0,0,S,0.0,-68.2,-35.0,29.0,18.0,0.6170212765957447,6.177615727628688,42,14,26,-12,0.05175644145468863,0,0,0,0,0,0,1,0,0,-1,0,0,0,0,0
1uip,A,105,HIS,-3.2,153.2,0.1,2,1,G,0.0,-58.6,-38.9,18.0,20.0,0.47368421052631576,3.877434037155459,39,5,22,-17,0.04709369898129325,0,0,0,1,0,0,0,0,0,-1,0,0,0,0,0
1uip,A,106,LEU,3.8,166.7,0.0,0,0,G,0.23780487804878048,-72.6,-1.1,16.0,29.0,0.35555555555555557,3.5538373276587136,33,10,11,-1,0.045228601991935104,0,0,0,1,0,0,0,0,0,-1,0,0,0,0,0
1uip,A,107,LEU,3.8,166.7,0.0,0,0,G,0.0,-120.0,4.9,22.0,24.0,0.4782608695652174,6.159262737094951,41,18,16,2,0.05408781269138631,0,0,0,1,0,0,0,0,0,-1,0,0,0,0,0
1uip,A,108,ALA,1.8,88.6,0.0,0,0,-,0.0,-95.1,163.6,17.0,24.0,0.4146341463414634,5.429158020830229,40,27,29,-2,0.05688545817542354,0,0,0,0,0,0,0,0,0,-1,0,0,0,0,0
1uip,A,109,ASN,-3.5,114.1,0.0,2,2,S,0.08280254777070063,-138.6,15.2,16.0,17.0,0.48484848484848486,2.8776902331747767,32,24,23,1,0.05408781269138631,0,0,0,0,0,0,1,0,0,-1,0,0,0,0,0
1uip,A,110,SER,-0.8,89.0,0.0,1,1,S,0.06923076923076923,-149.3,145.1,9.0,18.0,0.3333333333333333,2.7558937642150974,26,21,34,-13,0.03916703677652112,0,0,0,0,0,0,1,0,0,-1,0,0,0,0,0
1uip,A,111,LYS,-3.9,168.6,1.0,2,0,S,0.7365853658536585,57.2,39.2,9.0,17.0,0.34615384615384615,1.870716417495229,18,5,35,-30,0.02844272908771177,0,0,0,0,0,0,1,0,0,-1,0,0,0,0,0
1uip,A,112,VAL,4.2,140.0,0.0,0,0,-,0.1056338028169014,-140.1,136.4,27.0,5.0,0.84375,2.192794306324586,27,19,22,-3,0.04289723075523742,0,0,0,0,0,0,0,0,0,-1,0,0,0,0,0
1uip,A,113,ASP,-3.5,111.1,-1.0,1,3,S,0.8159509202453987,-146.0,123.7,2.0,18.0,0.1,1.7125436633935707,13,13,3,10,0.02611135785101408,0,0,0,0,0,0,1,0,0,-1,0,0,0,0,0
1uip,A,114,PRO,-1.6,112.7,0.0,0,0,S,0.4411764705882353,-69.3,134.7,6.0,14.0,0.3,2.012141629103046,16,18,8,10,0.02471253510899547,0,0,0,0,0,0,1,0,0,1,1644,8,0,162,1
1uip,A,115,MET,1.9,162.9,0.0,0,0,P,0.25,-57.6,119.2,11.0,14.0,0.44,2.0594421401656895,23,10,17,-7,0.03823448828184205,0,0,0,0,0,0,0,0,0,-1,0,0,0,0,0
1uip,A,116,PRO,-1.6,112.7,0.0,0,0,G,0.07352941176470588,-67.5,147.3,21.0,8.0,0.7241379310344828,2.4515341478755284,27,11,11,0,0.04196468226055834,0,0,0,1,0,0,0,0,0,-1,0,0,0,0,0
1uip,A,117,TRP,-0.9,227.8,0.0,1,0,G,0.2643171806167401,56.4,21.9,20.0,6.0,0.7692307692307693,2.010259107894602,29,6,9,-3,0.032639197313767604,0,0,0,1,0,0,0,0,0,-1,0,0,0,0,0
1uip,A,118,ASN,-3.5,114.1,0.0,2,2,G,1.0,52.1,59.0,1.0,20.0,0.047619047619047616,1.7221290254132304,12,0,2,-2,0.024246260861655933,0,0,0,1,0,0,0,0,0,-1,0,0,0,0,0
1uip,A,119,GLN,-3.5,143.8,0.0,2,2,-,0.16161616161616163,-94.7,153.2,23.0,3.0,0.8846153846153846,2.0064670316771385,27,7,10,-3,0.03357174580844668,0,0,0,0,0,0,0,0,0,-1,0,0,0,0,0
1uip,A,120,THR,-0.7,116.1,0.0,1,1,-,0.9014084507042254,-80.3,141.4,1.0,18.0,0.05263157894736842,1.8431057741845933,16,4,11,-7,0.021914889624958248,0,0,0,0,0,0,0,0,0,-1,0,0,0,0,0
1uip,A,121,GLU,-3.5,138.4,-1.0,1,3,-,0.6494845360824743,-44.7,164.4,1.0,19.0,0.05,1.7598510492121222,16,9,9,0,0.025178809356335007,0,0,0,0,0,0,0,0,0,-1,0,0,0,0,0
1uip,A,122,GLY,-0.4,60.1,0.0,0,0,-,0.36904761904761907,-169.2,-159.7,15.0,5.0,0.75,1.7096705813954203,20,16,21,-5,0.029375277582390842,0,0,0,0,0,0,0,0,0,-1,0,0,0,0,0
1uip,A,123,ASP,-3.5,111.1,-1.0,1,3,S,0.6687116564417178,-110.2,-5.7,1.0,19.0,0.05,1.7180957965508803,18,17,17,0,0.030774100324409453,0,0,0,0,0,0,1,0,0,15,30,4,0,1,1
1uip,A,124,VAL,4.2,140.0,0.0,0,0,-,0.0,-77.3,93.9,22.0,10.0,0.6875,3.1197215287898343,32,27,34,-7,0.043829779249916496,0,0,0,0,0,0,0,0,0,15,30,4,0,1,1
1uip,A,125,THR,-0.7,116.1,0.0,1,1,-,0.1267605633802817,-78.0,163.7,7.0,23.0,0.23333333333333334,2.690757222342559,28,26,36,-10,0.045694876239274644,0,0,0,0,0,0,0,0,0,15,30,4,0,1,1
1uip,A,126,PRO,-1.6,112.7,0.0,0,0,H,0.0,-59.5,-38.7,19.0,19.0,0.5,2.9018187448914596,32,24,33,-9,0.05035761871267001,1,0,0,0,0,0,0,0,0,-1,0,0,0,0,0
1uip,A,127,ASP,-3.5,111.1,-1.0,1,3,H,0.2392638036809816,-61.4,-49.4,6.0,26.0,0.1875,2.017192023424534,27,26,30,-4,0.04149840801321881,1,0,0,0,0,0,0,0,0,3,275,9,0,32,1
1uip,A,128,ASP,-3.5,111.1,-1.0,1,3,H,0.26993865030674846,-52.2,-33.9,16.0,14.0,0.5333333333333333,1.8409861225624293,30,21,25,-4,0.040099585271200194,1,0,0,0,0,0,0,0,0,15,30,4,0,1,1
1uip,A,129,VAL,4.2,140.0,0.0,0,0,H,0.0,-67.0,-44.5,23.0,17.0,0.575,5.091654279808294,40,27,27,0,0.05502036118606539,1,0,0,0,0,0,0,0,0,-1,0,0,0,0,0
1uip,A,130,VAL,4.2,140.0,0.0,0,0,H,0.0,-58.2,-46.6,22.0,25.0,0.46808510638297873,4.639913015272357,41,20,28,-8,0.04942507021799094,1,0,0,0,0,0,0,0,0,3,275,9,0,32,1
1uip,A,131,ASP,-3.5,111.1,-1.0,1,3,H,0.4110429447852761,-59.8,-46.0,8.0,23.0,0.25806451612903225,2.0332530466856484,28,25,17,8,0.04196468226055834,1,0,0,0,0,0,0,0,0,-1,0,0,0,0,0
1uip,A,132,LEU,3.8,166.7,0.0,0,0,H,0.0975609756097561,-61.5,-45.9,20.0,14.0,0.5882352941176471,2.7963634140060156,32,25,31,-6,0.045228601991935104,1,0,0,0,0,0,0,0,0,15,30,4,0,1,1
1uip,A,133,VAL,4.2,140.0,0.0,0,0,H,0.0,-65.8,-45.1,24.0,21.0,0.5333333333333333,6.06081783895175,44,26,23,3,0.0526889899493677,1,0,0,0,0,0,0,0,0,-1,0,0,0,0,0
1uip,A,134,ASN,-3.5,114.1,0.0,2,2,H,0.03184713375796178,-51.1,-55.6,15.0,27.0,0.35714285714285715,2.7301087363196617,37,27,26,1,0.045228601991935104,1,0,0,0,0,0,0,0,0,-1,0,0,0,0,0
1uip,A,135,GLN,-3.5,143.8,0.0,2,2,H,0.30808080808080807,-53.3,-45.3,10.0,21.0,0.3225806451612903,1.9506396871499858,24,17,22,-5,0.04103213376587927,1,0,0,0,0,0,0,0,0,-1,0,0,0,0,0
1uip,A,136,GLY,-0.4,60.1,0.0,0,0,H,0.0,-67.5,-42.5,21.0,12.0,0.6363636363636364,3.538123324011237,35,17,33,-16,0.048958795970651406,1,0,0,0,0,0,0,0,0,-1,0,0,0,0,0
1uip,A,137,LEU,3.8,166.7,0.0,0,0,H,0.0,-61.3,-43.9,18.0,24.0,0.42857142857142855,5.171644043456872,40,32,32,0,0.05502036118606539,1,0,0,0,0,0,0,0,0,-1,0,0,0,0,0
1uip,A,138,GLN,-3.5,143.8,0.0,2,2,H,0.42424242424242425,-64.9,-49.9,10.0,22.0,0.3125,1.9372882649210383,26,22,23,-1,0.03916703677652112,1,0,0,0,0,0,0,0,0,18,24,1,0,0,1
1uip,A,139,GLU,-3.5,138.4,-1.0,1,3,H,0.4896907216494845,-60.2,-33.9,12.0,14.0,0.46153846153846156,1.769365934401378,20,13,11,2,0.03730193978716297,1,0,0,0,0,0,0,0,0,18,24,1,0,0,1
1uip,A,140,GLY,-0.4,60.1,0.0,0,0,H,0.0,-71.3,-43.6,20.0,8.0,0.7142857142857143,3.8269165678636954,28,14,33,-19,0.05129016720734909,1,0,0,0,0,0,0,0,0,2,1641,7,0,152,1
1uip,A,141,GLU,-3.5,138.4,-1.0,1,3,H,0.18556701030927836,-53.1,-62.9,11.0,18.0,0.3793103448275862,1.9923814174663061,30,21,10,11,0.043363505002576956,1,0,0,0,0,0,0,0,0,18,24,1,0,0,1
1uip,A,142,GLN,-3.5,143.8,0.0,2,2,H,0.8080808080808081,-39.2,-49.7,7.0,10.0,0.4117647058823529,1.7971075736319588,14,2,18,-16,0.027510180593032695,1,0,0,0,0,0,0,0,0,18,24,1,0,0,1
1uip,A,143,ALA,1.8,88.6,0.0,0,0,H,0.5377358490566038,-79.5,-25.6,10.0,8.0,0.5555555555555556,1.9043959589688655,16,1,25,-24,0.02611135785101408,1,0,0,0,0,0,0,0,0,18,24,1,0,0,1
1uip,A,144,PHE,2.8,189.9,0.0,0,0,H,0.3299492385786802,-116.1,-1.6,21.0,4.0,0.84,2.17205449383397,24,16,27,-11,0.03124037457174899,1,0,0,0,0,0,0,0,0,2,1641,7,0,152,1
1uip,A,145,GLY,-0.4,60.1,0.0,0,0,-,0.5714285714285714,60.4,44.9,0.0,22.0,0.0,1.7096850236485897,21,18,16,2,0.026577632098353617,0,0,0,0,0,0,0,0,0,2,1641,7,0,152,1
1uip,A,146,ILE,4.5,166.7,0.0,0,0,-,0.08875739644970414,-126.6,156.3,24.0,9.0,0.7272727272727273,2.527963900557766,30,30,19,11,0.04243095650789788,0,0,0,0,0,0,0,0,0,2,1641,7,0,152,1
1uip,A,147,LYS,-3.9,168.6,1.0,2,0,E,0.28780487804878047,-90.6,126.5,16.0,23.0,0.41025641025641024,2.3043559114575967,31,23,34,-11,0.03963331102386066,0,0,1,0,0,0,0,0,0,2,1641,7,0,152,1
1uip,A,148,VAL,4.2,140.0,0.0,0,0,E,0.0,-128.3,134.1,28.0,20.0,0.5833333333333334,4.250386412961535,39,30,27,3,0.048026247475972325,0,0,1,0,0,0,0,0,0,2,1641,7,0,152,1
1uip,A,149,ARG,-4.5,173.4,1.0,5,0,E,0.09274193548387097,-123.6,172.3,22.0,24.0,0.4782608695652174,3.9102721936251985,34,17,24,-7,0.05175644145468863,0,0,1,0,0,0,0,0,0,-1,0,0,0,0,0
1uip,A,150,SER,-0.8,89.0,0.0,1,1,E,0.0,-131.8,158.5,25.0,24.0,0.5102040816326531,5.955578703151617,44,30,15,15,0.050823892960009553,0,0,1,0,0,0,0,0,0,-1,0,0,0,0,0
1uip,A,151,ILE,4.5,166.7,0.0,0,0,E,0.0,-133.1,128.8,23.0,24.0,0.48936170212765956,6.05703456968108,45,54,21,33,0.053155264196707235,0,0,1,0,0,0,0,0,0,-1,0,0,0,0,0
1uip,A,152,LEU,3.8,166.7,0.0,0,0,E,0.0,-94.5,123.8,29.0,25.0,0.5370370370370371,5.862889616025933,43,25,18,7,0.05455408693872585,0,0,1,0,0,0,0,0,0,3,275,9,0,32,1
1uip,A,153,CYS,2.5,108.5,0.0,1,0,E,0.007407407407407408,-90.2,135.1,22.0,28.0,0.44,3.5902718050678413,38,41,13,28,0.053621538444046775,0,0,1,0,0,0,0,0,0,-1,0,0,0,0,0
1uip,A,154,CYS,2.5,108.5,0.0,1,0,E,0.0,-92.4,150.2,26.0,18.0,0.5909090909090909,5.716108726664761,42,48,14,34,0.05595290968074446,0,0,1,0,0,0,0,0,0,-1,0,0,0,0,0
1uip,A,155,MET,1.9,162.9,0.0,0,0,E,0.13829787234042554,-112.1,129.4,10.0,25.0,0.2857142857142857,2.467020693149211,32,48,15,33,0.045694876239274644,0,0,1,0,0,0,0,0,0,-1,0,0,0,0,0
1uip,A,156,ARG,-4.5,173.4,1.0,5,0,T,0.004032258064516129,-48.6,-45.4,14.0,17.0,0.45161290322580644,2.714591822419792,35,28,29,-1,0.048958795970651406,0,0,0,0,0,1,0,0,0,-1,0,0,0,0,0
1uip,A,157,HIS,-3.2,153.2,0.1,2,1,T,0.7010869565217391,-71.7,-23.8,5.0,22.0,0.18518518518518517,1.8139276535464262,24,13,12,1,0.03776821403450251,0,0,0,0,0,1,0,0,0,1,1644,8,0,162,1
1uip,A,158,GLN,-3.5,143.8,0.0,2,2,-,0.19696969696969696,-119.5,69.2,14.0,17.0,0.45161290322580644,2.11930336122936,27,33,8,25,0.03823448828184205,0,0,0,0,0,0,0,0,0,1,1644,8,0,162,1
1uip,A,159,PRO,-1.6,112.7,0.0,0,0,H,0.23529411764705882,-59.0,-19.1,12.0,20.0,0.375,2.0085470473786744,29,30,11,19,0.045228601991935104,1,0,0,0,0,0,0,0,0,1,1644,8,0,162,1
1uip,A,160,SER,-0.8,89.0,0.0,1,1,H,0.6615384615384615,-64.5,-20.6,4.0,20.0,0.16666666666666666,1.7683390262175205,22,27,17,10,0.02984155182973038,1,0,0,0,0,0,0,0,0,1,1644,8,0,162,1
1uip,A,161,TRP,-0.9,227.8,0.0,1,0,H,0.08370044052863436,-88.6,-27.9,19.0,15.0,0.5588235294117647,2.4006521334324593,29,30,17,13,0.04289723075523742,1,0,0,0,0,0,0,0,0,1,1644,8,0,162,1
1uip,A,162,SER,-0.8,89.0,0.0,1,1,H,0.0,-45.0,-53.6,23.0,15.0,0.6052631578947368,3.14997862791788,36,23,29,-6,0.05175644145468863,1,0,0,0,0,0,0,0,0,-1,0,0,0,0,0
1uip,A,163,LEU,3.8,166.7,0.0,0,0,H,0.4268292682926829,-60.9,-21.6,8.0,21.0,0.27586206896551724,1.9052498760532388,27,16,31,-15,0.03963331102386066,1,0,0,0,0,0,0,0,0,-1,0,0,0,0,0
1uip,A,164,GLU,-3.5,138.4,-1.0,1,3,H,0.36082474226804123,-80.1,-39.0,14.0,20.0,0.4117647058823529,2.0212851601033215,30,20,19,1,0.034970568550465285,1,0,0,0,0,0,0,0,0,-1,0,0,0,0,0
1uip,A,165,VAL,4.2,140.0,0.0,0,0,H,0.0,-55.6,-42.7,27.0,18.0,0.6,5.550735972445188,38,21,25,-4,0.048026247475972325,1,0,0,0,0,0,0,0,0,-1,0,0,0,0,0
1uip,A,166,LEU,3.8,166.7,0.0,0,0,H,0.024390243902439025,-59.6,-41.0,20.0,23.0,0.46511627906976744,3.4697650798608666,36,31,29,2,0.04709369898129325,1,0,0,0,0,0,0,0,0,20,2,4,0,0,1
1uip,A,167,GLU,-3.5,138.4,-1.0,1,3,H,0.4690721649484536,-65.4,-36.7,6.0,22.0,0.21428571428571427,1.9209538988313275,24,21,12,9,0.034970568550465285,1,0,0,0,0,0,0,0,0,20,2,4,0,0,1
1uip,A,168,LEU,3.8,166.7,0.0,0,0,H,0.042682926829268296,-68.1,-32.7,25.0,13.0,0.6578947368421053,3.0325323618770836,35,27,32,-5,0.048958795970651406,1,0,0,0,0,0,0,0,0,3,275,9,0,32,1
1uip,A,169,CYS,2.5,108.5,0.0,1,0,H,0.007407407407407408,-70.6,-44.7,24.0,18.0,0.5714285714285714,2.4096156675864937,36,32,16,16,0.05175644145468863,1,0,0,0,0,0,0,0,0,3,275,9,0,32,1
1uip,A,170,LYS,-3.9,168.6,1.0,2,0,H,0.32682926829268294,-59.2,-52.8,12.0,18.0,0.4,2.077843263004364,23,13,13,0,0.03823448828184205,1,0,0,0,0,0,0,0,0,20,2,4,0,0,1
1uip,A,171,LYS,-3.9,168.6,1.0,2,0,H,0.5609756097560976,-61.4,-44.2,9.0,12.0,0.42857142857142855,1.90813146490019,21,18,26,-8,0.035436842797804825,1,0,0,0,0,0,0,0,0,3,275,9,0,32,1
1uip,A,172,TYR,-1.3,193.6,0.0,1,1,T,0.1036036036036036,-99.7,25.2,23.0,6.0,0.7931034482758621,2.588902029090272,30,24,26,-2,0.04289723075523742,0,0,0,0,0,1,0,0,0,3,275,9,0,32,1
1uip,A,173,ASN,-3.5,114.1,0.0,2,2,B,0.40764331210191085,-50.4,117.0,10.0,20.0,0.3333333333333333,1.851938323461122,27,39,4,35,0.0363693912924839,0,1,0,0,0,0,0,0,0,3,275,9,0,32,1
1uip,A,174,GLN,-3.5,143.8,0.0,2,2,T,0.22727272727272727,61.1,-3.1,6.0,23.0,0.20689655172413793,2.0677778902480295,29,37,12,25,0.03683566553982344,0,0,0,0,0,1,0,0,0,-1,0,0,0,0,0
1uip,A,175,LYS,-3.9,168.6,1.0,2,0,T,0.6585365853658537,-89.6,52.6,10.0,15.0,0.4,2.0160427864266115,19,21,8,13,0.03403802005578621,0,0,0,0,0,1,0,0,0,-1,0,0,0,0,0
1uip,A,176,THR,-0.7,116.1,0.0,1,1,T,0.02112676056338028,87.8,-37.5,21.0,16.0,0.5675675675675675,2.971605247772796,36,26,19,7,0.04616115048661418,0,0,0,0,0,1,0,0,0,-1,0,0,0,0,0
1uip,A,177,VAL,4.2,140.0,0.0,0,0,E,0.007042253521126761,-75.5,107.6,22.0,21.0,0.5116279069767442,2.8827308553886253,37,41,12,29,0.0526889899493677,0,0,1,0,0,0,0,0,0,-1,0,0,0,0,0
1uip,A,178,VAL,4.2,140.0,0.0,0,0,E,0.02112676056338028,-106.8,-10.2,13.0,25.0,0.34210526315789475,2.4913065836596,38,41,15,26,0.056419183928083996,0,0,1,0,0,0,0,0,0,-1,0,0,0,0,0
1uip,A,179,ALA,1.8,88.6,0.0,0,0,E,0.0,-163.7,171.2,19.0,27.0,0.41304347826086957,2.8162293645382293,42,46,25,21,0.05408781269138631,0,0,1,0,0,0,0,0,0,-1,0,0,0,0,0
1uip,A,180,MET,1.9,162.9,0.0,0,0,E,0.0,-120.1,135.8,28.0,27.0,0.509090909090909,5.5530678443605845,46,39,19,20,0.05548663543340492,0,0,1,0,0,0,0,0,0,-1,0,0,0,0,0
1uip,A,181,ASP,-3.5,111.1,-1.0,1,3,E,0.0,-118.4,173.5,24.0,26.0,0.48,6.029798029573147,44,66,6,60,0.0526889899493677,0,0,1,0,0,0,0,0,0,-1,0,0,0,0,0
1uip,A,182,LEU,3.8,166.7,0.0,0,0,E,0.0,-136.8,104.7,26.0,19.0,0.5777777777777777,5.473674138888238,40,51,21,30,0.05035761871267001,0,0,1,0,0,0,0,0,0,-1,0,0,0,0,0
1uip,A,183,ALA,1.8,88.6,0.0,0,0,E,0.02830188679245283,-116.6,-178.0,17.0,25.0,0.40476190476190477,2.649820002904383,43,51,32,19,0.043829779249916496,0,0,1,0,0,0,0,0,0,-1,0,0,0,0,0
1uip,A,184,GLY,-0.4,60.1,0.0,0,0,S,0.2976190476190476,116.8,-156.3,16.0,19.0,0.45714285714285713,1.8242413949276837,35,41,36,5,0.03730193978716297,0,0,0,0,0,0,1,0,0,-1,0,0,0,0,0
1uip,A,185,ASP,-3.5,111.1,-1.0,1,3,-,0.2147239263803681,-85.2,104.4,12.0,17.0,0.41379310344827586,2.4475685454922766,28,26,19,7,0.03730193978716297,0,0,0,0,0,0,0,0,0,-1,0,0,0,0,0
1uip,A,186,GLU,-3.5,138.4,-1.0,1,3,T,0.061855670103092786,-66.1,-13.7,20.0,15.0,0.5714285714285714,2.1738087902620205,34,26,30,-4,0.04476232774459557,0,0,0,0,0,1,0,0,0,-1,0,0,0,0,0
1uip,A,187,THR,-0.7,116.1,0.0,1,1,T,0.5422535211267606,-81.1,-13.1,7.0,18.0,0.28,1.9072258498252312,21,13,31,-18,0.03170664881908853,0,0,0,0,0,1,0,0,0,-1,0,0,0,0,0
1uip,A,188,ILE,4.5,166.7,0.0,0,0,S,0.23076923076923078,-67.0,98.4,15.0,7.0,0.6818181818181818,2.0004270611772803,24,25,26,-1,0.03124037457174899,0,0,0,0,0,0,1,0,0,-1,0,0,0,0,0
1uip,A,189,GLU,-3.5,138.4,-1.0,1,3,T,0.9484536082474226,-49.4,124.1,0.0,17.0,0.0,1.7433321766840182,12,1,8,-7,0.022381163872297785,0,0,0,0,0,1,0,0,0,-1,0,0,0,0,0
1uip,A,190,GLY,-0.4,60.1,0.0,0,0,T,0.36904761904761907,83.6,-4.9,2.0,20.0,0.09090909090909091,1.7826010459101271,20,21,27,-6,0.026577632098353617,0,0,0,0,0,1,0,0,0,13,24,5,0,1,1
1uip,A,191,SER,-0.8,89.0,0.0,1,1,G,0.007692307692307693,-52.6,-32.2,19.0,13.0,0.59375,2.486822818396172,28,30,28,2,0.043829779249916496,0,0,0,1,0,0,0,0,0,-1,0,0,0,0,0
1uip,A,192,SER,-0.8,89.0,0.0,1,1,G,0.03076923076923077,-65.5,-33.4,21.0,24.0,0.4666666666666667,2.575013731561891,35,31,33,-2,0.045694876239274644,0,0,0,1,0,0,0,0,0,13,24,5,0,1,1
1uip,A,193,LEU,3.8,166.7,0.0,0,0,G,0.42073170731707316,-95.5,3.6,7.0,21.0,0.25,2.0375224656808117,24,17,25,-8,0.03590311704514436,0,0,0,1,0,0,0,0,0,13,24,5,0,1,1
1uip,A,194,PHE,2.8,189.9,0.0,0,0,-,0.3096446700507614,-59.4,138.4,17.0,10.0,0.6296296296296297,2.0339184355958215,23,29,13,16,0.03403802005578621,0,0,0,0,0,0,0,0,0,13,24,5,0,1,1
1uip,A,195,PRO,-1.6,112.7,0.0,0,0,H,0.625,-47.7,-50.5,1.0,22.0,0.043478260869565216,2.1089620989822397,20,11,15,-4,0.02797645484037223,1,0,0,0,0,0,0,0,0,13,24,5,0,1,1
1uip,A,196,GLY,-0.4,60.1,0.0,0,0,H,0.17857142857142858,-51.9,-41.1,15.0,13.0,0.5357142857142857,2.350060664730747,29,16,19,-3,0.03963331102386066,1,0,0,0,0,0,0,0,0,-1,0,0,0,0,0
1uip,A,197,HIS,-3.2,153.2,0.1,2,1,H,0.0,-68.9,-58.2,22.0,18.0,0.55,5.093037301390979,33,16,16,0,0.05455408693872585,1,0,0,0,0,0,0,0,0,-1,0,0,0,0,0
1uip,A,198,VAL,4.2,140.0,0.0,0,0,H,0.15492957746478872,-48.9,-51.3,9.0,26.0,0.2571428571428571,2.898184838778552,29,16,24,-8,0.04476232774459557,1,0,0,0,0,0,0,0,0,13,24,5,0,1,1
1uip,A,199,GLU,-3.5,138.4,-1.0,1,3,H,0.5103092783505154,-63.4,-32.1,9.0,17.0,0.34615384615384615,1.8876639339871712,22,9,10,-1,0.032172923066428064,1,0,0,0,0,0,0,0,0,-1,0,0,0,0,0
1uip,A,200,ALA,1.8,88.6,0.0,0,0,H,0.0,-70.4,-44.1,25.0,16.0,0.6097560975609756,3.616247819699305,37,27,32,-5,0.04662742473395372,1,0,0,0,0,0,0,0,0,-1,0,0,0,0,0
1uip,A,201,TYR,-1.3,193.6,0.0,1,1,H,0.0045045045045045045,-68.5,-38.5,23.0,21.0,0.5227272727272727,5.5836988529696905,43,37,31,6,0.048958795970651406,1,0,0,0,0,0,0,0,0,-1,0,0,0,0,0
1uip,A,202,GLU,-3.5,138.4,-1.0,1,3,H,0.6288659793814433,-55.4,-41.9,7.0,20.0,0.25925925925925924,1.8173146867322616,21,29,11,18,0.03870076252918159,1,0,0,0,0,0,0,0,0,-1,0,0,0,0,0
1uip,A,203,GLY,-0.4,60.1,0.0,0,0,H,0.14285714285714285,-75.3,-22.0,15.0,12.0,0.5555555555555556,2.2835119370156605,26,33,22,11,0.03776821403450251,1,0,0,0,0,0,0,0,0,20,2,4,0,0,1
1uip,A,204,ALA,1.8,88.6,0.0,0,0,H,0.0,-71.4,-45.9,24.0,9.0,0.7272727272727273,4.269979756805499,33,45,23,22,0.04662742473395372,1,0,0,0,0,0,0,0,0,7,108,8,0,8,1
1uip,A,205,VAL,4.2,140.0,0.0,0,0,H,0.43661971830985913,-60.9,-43.3,10.0,14.0,0.4166666666666667,2.212817324059438,20,36,18,18,0.03823448828184205,1,0,0,0,0,0,0,0,0,7,108,8,0,8,1
1uip,A,206,LYS,-3.9,168.6,1.0,2,0,H,0.7804878048780488,-69.2,-30.2,6.0,10.0,0.375,1.9148659524869278,14,8,11,-3,0.025178809356335007,1,0,0,0,0,0,0,0,0,20,2,4,0,0,1
1uip,A,207,ASN,-3.5,114.1,0.0,2,2,T,0.36942675159235666,-103.1,11.6,14.0,5.0,0.7368421052631579,1.8567546025405814,19,28,14,14,0.02797645484037223,0,0,0,0,0,1,0,0,0,20,2,4,0,0,1
1uip,A,208,GLY,-0.4,60.1,0.0,0,0,T,0.6190476190476191,61.8,32.0,3.0,21.0,0.125,1.7095363256190081,22,37,7,30,0.030307826077069916,0,0,0,0,0,1,0,0,0,7,108,8,0,8,1
1uip,A,209,ILE,4.5,166.7,0.0,0,0,-,0.029585798816568046,-93.9,123.3,22.0,13.0,0.6285714285714286,2.201112750463107,32,38,15,23,0.045694876239274644,0,0,0,0,0,0,0,0,0,20,2,4,0,0,1
1uip,A,210,HIS,-3.2,153.2,0.1,2,1,E,0.27717391304347827,-53.1,159.6,17.0,20.0,0.4594594594594595,2.2505551412087956,34,26,16,10,0.04243095650789788,0,0,1,0,0,0,0,0,0,7,108,8,0,8,1
1uip,A,211,ARG,-4.5,173.4,1.0,5,0,E,0.12096774193548387,-141.5,128.8,19.0,26.0,0.4222222222222222,3.7359429819135657,33,32,20,12,0.05548663543340492,0,0,1,0,0,0,0,0,0,7,108,8,0,8,1
1uip,A,212,THR,-0.7,116.1,0.0,1,1,E,0.0,-129.5,153.4,24.0,19.0,0.5581395348837209,6.853075949520419,40,66,32,34,0.05688545817542354,0,0,1,0,0,0,0,0,0,-1,0,0,0,0,0
1uip,A,213,VAL,4.2,140.0,0.0,0,0,E,0.0,-145.8,128.6,22.0,25.0,0.46808510638297873,6.332861447332602,46,55,42,13,0.05175644145468863,0,0,1,0,0,0,0,0,0,-1,0,0,0,0,0
1uip,A,214,HIS,-3.2,153.2,0.1,2,1,E,0.08152173913043478,-71.2,127.1,22.0,27.0,0.4489795918367347,2.4892260007404383,46,36,53,-17,0.05222271570202816,0,0,1,0,0,0,0,0,0,-1,0,0,0,0,0
1uip,A,215,ALA,1.8,88.6,0.0,0,0,E,0.0,-166.4,144.4,21.0,20.0,0.5121951219512195,3.3830207670371215,46,39,50,-11,0.05129016720734909,0,0,1,0,0,0,0,0,0,-1,0,0,0,0,0
1uip,A,216,GLY,-0.4,60.1,0.0,0,0,S,0.0,74.2,18.1,24.0,15.0,0.6153846153846154,3.8322060061343604,37,24,39,-15,0.0526889899493677,0,0,0,0,0,0,1,0,0,-1,0,0,0,0,0
1uip,A,217,GLU,-3.5,138.4,-1.0,1,3,S,0.05154639175257732,-81.6,-44.9,24.0,19.0,0.5581395348837209,2.3547916718335147,43,29,30,-1,0.045694876239274644,0,0,0,0,0,0,1,0,0,-1,0,0,0,0,0
1uip,A,218,VAL,4.2,140.0,0.0,0,0,S,0.29577464788732394,-126.7,-22.3,15.0,18.0,0.45454545454545453,2.060314640701187,32,19,36,-17,0.03590311704514436,0,0,0,0,0,0,1,0,0,-1,0,0,0,0,0
1uip,A,219,GLY,-0.4,60.1,0.0,0,0,S,0.14285714285714285,-72.5,174.9,23.0,10.0,0.696969696969697,1.9076600521481129,30,20,35,-15,0.03776821403450251,0,0,0,0,0,0,1,0,0,-1,0,0,0,0,0
1uip,A,220,SER,-0.8,89.0,0.0,1,1,-,0.47692307692307695,-96.1,176.7,4.0,23.0,0.14814814814814814,2.2546156526243717,24,21,44,-23,0.032172923066428064,0,0,0,0,0,0,0,0,0,-1,0,0,0,0,0
1uip,A,221,PRO,-1.6,112.7,0.0,0,0,H,0.13970588235294118,-50.1,-33.7,9.0,19.0,0.32142857142857145,2.4002001615201007,29,22,43,-21,0.045228601991935104,1,0,0,0,0,0,0,0,0,5,515,3,0,21,1
1uip,A,222,GLU,-3.5,138.4,-1.0,1,3,H,0.41237113402061853,-63.9,-31.0,3.0,26.0,0.10344827586206896,1.9413318403749846,22,13,22,-9,0.030774100324409453,1,0,0,0,0,0,0,0,0,5,515,3,0,21,1
1uip,A,223,VAL,4.2,140.0,0.0,0,0,H,0.14788732394366197,-68.7,-39.0,24.0,14.0,0.631578947368421,2.615610322279705,37,30,39,-9,0.04149840801321881,1,0,0,0,0,0,0,0,0,-1,0,0,0,0,0
1uip,A,224,VAL,4.2,140.0,0.0,0,0,H,0.0,-67.0,-44.9,23.0,19.0,0.5476190476190477,6.021236158086326,41,34,45,-11,0.05408781269138631,1,0,0,0,0,0,0,0,0,-1,0,0,0,0,0
1uip,A,225,ARG,-4.5,173.4,1.0,5,0,H,0.2701612903225806,-57.9,-38.8,9.0,23.0,0.28125,2.4618479607363923,22,8,35,-27,0.043829779249916496,1,0,0,0,0,0,0,0,0,5,515,3,0,21,1
1uip,A,226,GLU,-3.5,138.4,-1.0,1,3,H,0.12886597938144329,-71.8,-39.0,14.0,16.0,0.4666666666666667,2.4464905360697577,28,19,19,0,0.04429605349725603,1,0,0,0,0,0,0,0,0,-1,0,0,0,0,0
1uip,A,227,ALA,1.8,88.6,0.0,0,0,H,0.0,-58.2,-51.7,26.0,15.0,0.6341463414634146,4.995562150610823,39,42,34,8,0.05455408693872585,1,0,0,0,0,0,0,0,0,-1,0,0,0,0,0
1uip,A,228,VAL,4.2,140.0,0.0,0,0,H,0.06338028169014084,-66.4,-52.9,17.0,18.0,0.4857142857142857,2.706847133047181,31,43,30,13,0.04616115048661418,1,0,0,0,0,0,0,0,0,-1,0,0,0,0,0
1uip,A,229,ASP,-3.5,111.1,-1.0,1,3,H,0.3374233128834356,-81.3,-38.7,8.0,17.0,0.32,1.79813816465144,20,28,21,7,0.03310547156110714,1,0,0,0,0,0,0,0,0,-1,0,0,0,0,0
1uip,A,230,ILE,4.5,166.7,0.0,0,0,T,0.46153846153846156,-95.1,-42.4,12.0,13.0,0.48,2.0550093847492206,22,21,31,-10,0.03310547156110714,0,0,0,0,0,1,0,0,0,13,24,5,0,1,1
1uip,A,231,LEU,3.8,166.7,0.0,0,0,S,0.012195121951219513,-84.1,-17.0,28.0,10.0,0.7368421052631579,4.268875671137515,39,40,36,4,0.048026247475972325,0,0,0,0,0,0,1,0,0,-1,0,0,0,0,0
1uip,A,232,LYS,-3.9,168.6,1.0,2,0,-,0.5219512195121951,65.1,33.8,15.0,17.0,0.46875,2.0294391769747286,27,18,33,-15,0.04149840801321881,0,0,0,0,0,0,0,0,0,7,108,8,0,8,1
1uip,A,233,THR,-0.7,116.1,0.0,1,1,-,0.056338028169014086,-59.8,142.2,25.0,15.0,0.625,3.145395350988004,36,50,33,17,0.048958795970651406,0,0,0,0,0,0,0,0,0,-1,0,0,0,0,0
1uip,A,234,GLU,-3.5,138.4,-1.0,1,3,S,0.37628865979381443,-88.1,-31.2,14.0,21.0,0.4,1.826421740147695,31,49,7,42,0.04289723075523742,0,0,0,0,0,0,1,0,0,7,108,8,0,8,1
1uip,A,235,ARG,-4.5,173.4,1.0,5,0,E,0.008064516129032258,-133.2,156.9,25.0,17.0,0.5952380952380952,3.5224438755534253,41,51,33,18,0.04989134446533048,0,0,1,0,0,0,0,0,0,-1,0,0,0,0,0
1uip,A,236,VAL,4.2,140.0,0.0,0,0,E,0.0,-109.1,125.7,26.0,20.0,0.5652173913043478,6.369671522905561,43,49,33,16,0.058750555164781684,0,0,1,0,0,0,0,0,0,-1,0,0,0,0,0
1uip,A,237,GLY,-0.4,60.1,0.0,0,0,E,0.0,-76.5,113.8,25.0,24.0,0.5102040816326531,4.972655760579515,44,54,45,9,0.05502036118606539,0,0,1,0,0,0,0,0,0,-1,0,0,0,0,0
1uip,A,238,GLU,-3.5,138.4,-1.0,1,3,E,0.0,69.3,-72.0,23.0,25.0,0.4791666666666667,4.1675075625851505,50,46,33,13,0.05408781269138631,0,0,1,0,0,0,0,0,0,-1,0,0,0,0,0
1uip,A,239,GLY,-0.4,60.1,0.0,0,0,-,0.0,52.4,24.5,24.0,25.0,0.4897959183673469,5.352736629033698,43,30,37,-7,0.05222271570202816,0,0,0,0,0,0,0,0,0,-1,0,0,0,0,0
1uip,A,240,TYR,-1.3,193.6,0.0,1,1,G,0.06306306306306306,-53.1,-34.0,18.0,23.0,0.43902439024390244,2.930833639534397,43,26,33,-7,0.048026247475972325,0,0,0,1,0,0,0,0,0,-1,0,0,0,0,0
1uip,A,241,HIS,-3.2,153.2,0.1,2,1,G,0.21739130434782608,-78.6,-3.0,16.0,20.0,0.4444444444444444,2.2048489946925622,32,3,34,-31,0.043363505002576956,0,0,0,1,0,0,0,0,0,5,515,3,0,21,1
1uip,A,242,THR,-0.7,116.1,0.0,1,1,G,0.0,-61.8,-36.3,23.0,14.0,0.6216216216216216,5.137464533073578,34,31,39,-8,0.0526889899493677,0,0,0,1,0,0,0,0,0,5,515,3,0,21,1
1uip,A,243,ILE,4.5,166.7,0.0,0,0,G,0.20118343195266272,-63.1,-7.3,13.0,19.0,0.40625,2.490933785189623,27,25,31,-6,0.045228601991935104,0,0,0,1,0,0,0,0,0,5,515,3,0,21,1
1uip,A,244,GLU,-3.5,138.4,-1.0,1,3,G,0.6494845360824743,-83.5,-1.8,12.0,10.0,0.5454545454545454,1.77201724776888,20,15,19,-4,0.03124037457174899,0,0,0,1,0,0,0,0,0,5,515,3,0,21,1
1uip,A,245,ASP,-3.5,111.1,-1.0,1,3,S,0.22699386503067484,-131.0,78.2,16.0,5.0,0.7619047619047619,1.9658933810518957,20,25,23,2,0.034970568550465285,0,0,0,0,0,0,1,0,0,5,515,3,0,21,1
1uip,A,246,GLU,-3.5,138.4,-1.0,1,3,H,0.5051546391752577,-39.3,-45.5,0.0,15.0,0.0,1.833857341569095,16,13,18,-5,0.03170664881908853,1,0,0,0,0,0,0,0,0,5,515,3,0,21,1
1uip,A,247,ALA,1.8,88.6,0.0,0,0,H,0.6886792452830188,-60.1,-54.7,3.0,12.0,0.2,1.767702637583895,15,25,22,3,0.026577632098353617,1,0,0,0,0,0,0,0,0,-1,0,0,0,0,0
1uip,A,248,LEU,3.8,166.7,0.0,0,0,H,0.018292682926829267,-59.5,-46.6,15.0,10.0,0.6,2.630799418634344,27,30,41,-11,0.040565859518539735,1,0,0,0,0,0,0,0,0,6,199,3,0,9,1
1uip,A,249,TYR,-1.3,193.6,0.0,1,1,H,0.0,-54.9,-49.4,14.0,19.0,0.42424242424242425,4.074532884921046,28,29,32,-3,0.048492521723311866,1,0,0,0,0,0,0,0,0,6,199,3,0,9,1
1uip,A,250,ASN,-3.5,114.1,0.0,2,2,H,0.535031847133758,-64.2,-32.2,2.0,18.0,0.1,1.930466884559371,18,25,30,-5,0.03590311704514436,1,0,0,0,0,0,0,0,0,6,199,3,0,9,1
1uip,A,251,ARG,-4.5,173.4,1.0,5,0,H,0.28225806451612906,-74.2,-28.3,9.0,10.0,0.47368421052631576,2.1067741363179078,18,20,25,-5,0.035436842797804825,1,0,0,0,0,0,0,0,0,6,199,3,0,9,1
1uip,A,252,LEU,3.8,166.7,0.0,0,0,H,0.0,-80.6,-35.1,26.0,6.0,0.8125,4.70196019441937,29,34,23,11,0.04662742473395372,1,0,0,0,0,0,0,0,0,6,199,3,0,9,1
1uip,A,253,LEU,3.8,166.7,0.0,0,0,H,0.21951219512195122,-63.9,-40.4,15.0,12.0,0.5555555555555556,2.064149866165898,25,34,22,12,0.04429605349725603,1,0,0,0,0,0,0,0,0,6,199,3,0,9,1
1uip,A,254,LYS,-3.9,168.6,1.0,2,0,H,0.6926829268292682,-65.9,-47.0,6.0,10.0,0.375,1.911424695048555,13,11,10,1,0.02797645484037223,1,0,0,0,0,0,0,0,0,6,199,3,0,9,1
1uip,A,255,GLU,-3.5,138.4,-1.0,1,3,H,0.4381443298969072,-67.4,-10.9,11.0,6.0,0.6470588235294118,1.7783287357976916,19,27,5,22,0.027043906345693154,1,0,0,0,0,0,0,0,0,6,199,3,0,9,1
1uip,A,256,ASN,-3.5,114.1,0.0,2,2,T,0.5286624203821656,69.6,34.7,4.0,19.0,0.17391304347826086,1.85869179058154,21,38,12,26,0.03170664881908853,0,0,0,0,0,1,0,0,0,6,199,3,0,9,1
1uip,A,257,MET,1.9,162.9,0.0,0,0,-,0.06914893617021277,-53.3,137.4,23.0,13.0,0.6388888888888888,2.3965031357716695,34,39,24,15,0.04476232774459557,0,0,0,0,0,0,0,0,0,6,199,3,0,9,1
1uip,A,258,HIS,-3.2,153.2,0.1,2,1,E,0.016304347826086956,-89.7,128.8,22.0,20.0,0.5238095238095238,3.3790484402500254,41,25,22,3,0.048492521723311866,0,0,1,0,0,0,0,0,0,-1,0,0,0,0,0
1uip,A,259,PHE,2.8,189.9,0.0,0,0,E,0.0,-108.4,116.9,25.0,25.0,0.5,6.291067558033533,44,26,18,8,0.05408781269138631,0,0,1,0,0,0,0,0,0,-1,0,0,0,0,0
1uip,A,260,GLU,-3.5,138.4,-1.0,1,3,E,0.0,-82.8,92.4,22.0,24.0,0.4782608695652174,6.935205775467403,42,51,34,17,0.058284280917442144,0,0,1,0,0,0,0,0,0,-1,0,0,0,0,0
1uip,A,261,VAL,4.2,140.0,0.0,0,0,E,0.0,-85.4,140.3,24.0,23.0,0.5106382978723404,7.2505845368522355,42,27,36,-9,0.05735173242276307,0,0,1,0,0,0,0,0,0,-1,0,0,0,0,0
1uip,A,262,CYS,2.5,108.5,0.0,1,0,-,0.0,-130.9,94.2,24.0,21.0,0.5333333333333333,5.573173149625746,44,21,52,-31,0.053155264196707235,0,0,0,0,0,0,0,0,0,-1,0,0,0,0,0
1uip,A,263,PRO,-1.6,112.7,0.0,0,0,H,0.0,-61.3,-59.1,21.0,27.0,0.4375,5.671346768887231,41,13,30,-17,0.05408781269138631,1,0,0,0,0,0,0,0,0,-1,0,0,0,0,0
1uip,A,264,TRP,-0.9,227.8,0.0,1,0,H,0.27312775330396477,-53.4,-49.4,20.0,20.0,0.5,2.757168362056142,36,12,25,-13,0.04709369898129325,1,0,0,0,0,0,0,0,0,-1,0,0,0,0,0
1uip,A,265,SER,-0.8,89.0,0.0,1,1,H,0.0,-55.2,-40.0,24.0,26.0,0.48,3.4040292792721942,39,17,38,-21,0.05455408693872585,1,0,0,0,0,0,0,0,0,-1,0,0,0,0,0
1uip,A,266,SER,-0.8,89.0,0.0,1,1,H,0.0,-66.0,-27.4,24.0,17.0,0.5853658536585366,4.052463904846124,38,11,32,-21,0.05408781269138631,1,0,0,0,0,0,0,0,0,-1,0,0,0,0,0
1uip,A,267,TYR,-1.3,193.6,0.0,1,1,H,0.2702702702702703,-79.3,-52.7,13.0,19.0,0.40625,2.3956533145506147,25,12,13,-1,0.050823892960009553,1,0,0,0,0,0,0,0,0,-1,0,0,0,0,0
1uip,A,268,LEU,3.8,166.7,0.0,0,0,H,0.0,-62.6,-22.2,18.0,16.0,0.5294117647058824,4.007890797592701,35,17,19,-2,0.053155264196707235,1,0,0,0,0,0,0,0,0,-1,0,0,0,0,0
1uip,A,269,THR,-0.7,116.1,0.0,1,1,T,0.014084507042253521,-98.3,3.8,18.0,16.0,0.5294117647058824,2.908191158982416,33,5,23,-18,0.05222271570202816,0,0,0,0,0,1,0,0,0,-1,0,0,0,0,0
1uip,A,270,GLY,-0.4,60.1,0.0,0,0,T,0.5,66.1,14.7,9.0,17.0,0.34615384615384615,1.9871980800966758,32,9,18,-9,0.03963331102386066,0,0,0,0,0,1,0,0,0,-1,0,0,0,0,0
1uip,A,271,ALA,1.8,88.6,0.0,0,0,S,0.1320754716981132,-69.2,-34.0,26.0,10.0,0.7222222222222222,2.1293503993558183,31,15,29,-14,0.04103213376587927,0,0,0,0,0,0,1,0,0,-1,0,0,0,0,0
1uip,A,272,TRP,-0.9,227.8,0.0,1,0,S,0.1894273127753304,-115.1,121.9,17.0,14.0,0.5483870967741935,2.213174429337785,27,21,13,8,0.043829779249916496,0,0,0,0,0,0,1,0,0,9,94,4,0,3,1
1uip,A,273,ASP,-3.5,111.1,-1.0,1,3,-,0.39263803680981596,-73.9,107.2,4.0,19.0,0.17391304347826086,1.9971175471429627,15,20,1,19,0.03124037457174899,0,0,0,0,0,0,0,0,0,9,94,4,0,3,1
1uip,A,274,PRO,-1.6,112.7,0.0,0,0,T,0.5367647058823529,-53.7,-9.5,8.0,11.0,0.42105263157894735,1.9951475307282729,16,18,9,9,0.03124037457174899,0,0,0,0,0,1,0,0,0,9,94,4,0,3,1
1uip,A,275,LYS,-3.9,168.6,1.0,2,0,T,0.8780487804878049,-89.2,-23.0,0.0,9.0,0.0,1.8707952448028007,7,1,8,-7,0.02144861537761871,0,0,0,0,0,1,0,0,0,9,94,4,0,3,1
1uip,A,276,THR,-0.7,116.1,0.0,1,1,S,0.4788732394366197,-95.8,154.5,11.0,5.0,0.6875,1.8398045976349917,16,21,9,12,0.02611135785101408,0,0,0,0,0,0,1,0,0,9,94,4,0,3,1
1uip,A,277,THR,-0.7,116.1,0.0,1,1,P,0.7605633802816901,-69.9,132.7,8.0,13.0,0.38095238095238093,1.8505839581057768,17,23,11,12,0.027043906345693154,0,0,0,0,0,0,0,0,0,9,94,4,0,3,1
1uip,A,278,HIS,-3.2,153.2,0.1,2,1,P,0.016304347826086956,-60.5,140.1,18.0,14.0,0.5625,2.157110532525423,33,15,13,2,0.03683566553982344,0,0,0,0,0,0,0,0,0,9,94,4,0,3,1
1uip,A,279,ALA,1.8,88.6,0.0,0,0,H,0.05660377358490566,-59.7,-20.9,22.0,13.0,0.6285714285714286,2.269870217242099,34,35,15,20,0.043829779249916496,1,0,0,0,0,0,0,0,0,9,94,4,0,3,1
1uip,A,280,VAL,4.2,140.0,0.0,0,0,H,0.0,-73.0,-17.2,24.0,18.0,0.5714285714285714,4.980935712887153,41,30,16,14,0.04616115048661418,1,0,0,0,0,0,0,0,0,-1,0,0,0,0,0
1uip,A,281,VAL,4.2,140.0,0.0,0,0,H,0.19718309859154928,-72.5,-43.9,8.0,18.0,0.3076923076923077,2.6539801434384698,25,30,15,15,0.04149840801321881,1,0,0,0,0,0,0,0,0,-1,0,0,0,0,0
1uip,A,282,ARG,-4.5,173.4,1.0,5,0,H,0.28225806451612906,-64.4,-42.3,14.0,13.0,0.5185185185185185,2.141371052697697,21,19,18,1,0.04103213376587927,1,0,0,0,0,0,0,0,0,-1,0,0,0,0,0
1uip,A,283,PHE,2.8,189.9,0.0,0,0,H,0.0,-58.5,-47.9,25.0,11.0,0.6944444444444444,5.604857225249716,34,49,19,30,0.053155264196707235,1,0,0,0,0,0,0,0,0,14,17,6,0,1,1
1uip,A,284,LYS,-3.9,168.6,1.0,2,0,H,0.17073170731707318,-61.1,-44.9,16.0,14.0,0.5333333333333333,2.602614694329051,25,28,19,9,0.04755997322863279,1,0,0,0,0,0,0,0,0,14,17,6,0,1,1
1uip,A,285,ASN,-3.5,114.1,0.0,2,2,H,0.6242038216560509,-63.7,-36.4,7.0,11.0,0.3888888888888889,1.8385244197076644,19,36,13,23,0.03357174580844668,1,0,0,0,0,0,0,0,0,-1,0,0,0,0,0
1uip,A,286,ASP,-3.5,111.1,-1.0,1,3,T,0.36809815950920244,-89.9,9.3,15.0,4.0,0.7894736842105263,1.7609661170913364,22,34,4,30,0.032172923066428064,0,0,0,0,0,1,0,0,0,14,17,6,0,1,1
1uip,A,287,LYS,-3.9,168.6,1.0,2,0,T,0.5853658536585366,48.8,54.1,3.0,21.0,0.125,2.0402447171888785,19,24,19,5,0.03357174580844668,0,0,0,0,0,1,0,0,0,14,17,6,0,1,1
1uip,A,288,ALA,1.8,88.6,0.0,0,0,-,0.02830188679245283,-85.5,164.0,21.0,13.0,0.6176470588235294,2.1106848559678326,32,48,16,32,0.050823892960009553,0,0,0,0,0,0,0,0,0,14,17,6,0,1,1
1uip,A,289,ASN,-3.5,114.1,0.0,2,2,E,0.05732484076433121,-84.9,109.4,18.0,20.0,0.47368421052631576,2.3496905900217824,34,46,17,29,0.048026247475972325,0,0,1,0,0,0,0,0,0,-1,0,0,0,0,0
1uip,A,290,TYR,-1.3,193.6,0.0,1,1,E,0.0,-156.6,147.8,24.0,23.0,0.5106382978723404,5.828292901411932,43,47,23,24,0.05455408693872585,0,0,1,0,0,0,0,0,0,-1,0,0,0,0,0
1uip,A,291,SER,-0.8,89.0,0.0,1,1,E,0.0,-111.5,162.6,25.0,23.0,0.5208333333333334,8.295929908246391,44,34,30,4,0.058750555164781684,0,0,1,0,0,0,0,0,0,-1,0,0,0,0,0
1uip,A,292,LEU,3.8,166.7,0.0,0,0,E,0.0,-110.4,119.9,24.0,27.0,0.47058823529411764,8.036780053785774,43,23,34,-11,0.05548663543340492,0,0,1,0,0,0,0,0,0,-1,0,0,0,0,0
1uip,A,293,ASN,-3.5,114.1,0.0,2,2,-,0.0,-127.9,167.6,20.0,24.0,0.45454545454545453,8.37260352535862,48,30,52,-22,0.053155264196707235,0,0,0,0,0,0,0,0,0,-1,0,0,0,0,0
1uip,A,294,THR,-0.7,116.1,0.0,1,1,-,0.0,-94.9,-32.9,27.0,19.0,0.5869565217391305,4.691018999814394,43,26,48,-22,0.05688545817542354,0,0,0,0,0,0,0,0,0,-1,0,0,0,0,0
1uip,A,295,ASP,-3.5,111.1,-1.0,1,3,B,0.024539877300613498,70.2,-78.0,19.0,24.0,0.4418604651162791,3.1431851556364285,46,39,43,-4,0.053621538444046775,0,1,0,0,0,0,0,0,0,-1,0,0,0,0,0
1uip,A,296,ASP,-3.5,111.1,-1.0,1,3,-,0.018404907975460124,-142.6,73.6,16.0,24.0,0.4,3.2146727372287125,42,36,26,10,0.0526889899493677,0,0,0,0,0,0,0,0,0,-1,0,0,0,0,0
1uip,A,297,PRO,-1.6,112.7,0.0,0,0,H,0.07352941176470588,-56.2,-30.7,18.0,19.0,0.4864864864864865,2.3466513715813018,39,23,35,-12,0.04616115048661418,1,0,0,0,0,0,0,0,0,-1,0,0,0,0,0
1uip,A,298,LEU,3.8,166.7,0.0,0,0,H,0.10365853658536585,-63.0,-50.6,22.0,17.0,0.5641025641025641,2.276922154457451,33,37,19,18,0.04989134446533048,1,0,0,0,0,0,0,0,0,-1,0,0,0,0,0
1uip,A,299,ILE,4.5,166.7,0.0,0,0,H,0.0,-72.7,-31.5,21.0,21.0,0.5,4.636579549811838,38,29,23,6,0.05222271570202816,1,0,0,0,0,0,0,0,0,-1,0,0,0,0,0
1uip,A,300,PHE,2.8,189.9,0.0,0,0,H,0.015228426395939087,-91.9,1.6,22.0,17.0,0.5641025641025641,3.2524710622620088,39,20,28,-8,0.05035761871267001,1,0,0,0,0,0,0,0,0,-1,0,0,0,0,0
1uip,A,301,LYS,-3.9,168.6,1.0,2,0,T,0.3853658536585366,48.7,59.0,11.0,20.0,0.3548387096774194,1.9837039812509911,25,15,14,1,0.03776821403450251,0,0,0,0,0,1,0,0,0,-1,0,0,0,0,0
1uip,A,302,SER,-0.8,89.0,0.0,1,1,-,0.17692307692307693,-143.6,179.7,23.0,10.0,0.696969696969697,2.0708406577580507,29,12,33,-21,0.03683566553982344,0,0,0,0,0,0,0,0,0,-1,0,0,0,0,0
1uip,A,303,THR,-0.7,116.1,0.0,1,1,-,0.36619718309859156,-135.9,173.0,11.0,26.0,0.2972972972972973,2.345842520901266,29,18,33,-15,0.0363693912924839,0,0,0,0,0,0,0,0,0,4,478,6,0,32,1
1uip,A,304,LEU,3.8,166.7,0.0,0,0,H,0.006097560975609756,-60.9,-30.0,21.0,24.0,0.4666666666666667,2.7809759621526067,39,23,36,-13,0.04429605349725603,1,0,0,0,0,0,0,0,0,4,478,6,0,32,1
1uip,A,305,ASP,-3.5,111.1,-1.0,1,3,H,0.2822085889570552,-66.9,-28.1,10.0,24.0,0.29411764705882354,1.8009159120833165,25,19,17,2,0.04243095650789788,1,0,0,0,0,0,0,0,0,4,478,6,0,32,1
1uip,A,306,THR,-0.7,116.1,0.0,1,1,H,0.2746478873239437,-58.6,-48.6,14.0,15.0,0.4827586206896552,1.9077155521465698,28,11,22,-11,0.03963331102386066,1,0,0,0,0,0,0,0,0,4,478,6,0,32,1
1uip,A,307,ASP,-3.5,111.1,-1.0,1,3,H,0.0,-70.0,-32.3,22.0,16.0,0.5789473684210527,4.551035260724855,40,14,20,-6,0.05175644145468863,1,0,0,0,0,0,0,0,0,-1,0,0,0,0,0
1uip,A,308,TYR,-1.3,193.6,0.0,1,1,H,0.0045045045045045045,-71.1,-40.1,19.0,21.0,0.475,3.521230003702035,42,26,36,-10,0.05175644145468863,1,0,0,0,0,0,0,0,0,4,478,6,0,32,1
1uip,A,309,GLN,-3.5,143.8,0.0,2,2,H,0.2222222222222222,-65.9,-37.1,8.0,18.0,0.3076923076923077,2.0332914498527126,23,19,23,-4,0.04289723075523742,1,0,0,0,0,0,0,0,0,17,16,2,0,0,1
1uip,A,310,MET,1.9,162.9,0.0,0,0,I,0.09042553191489362,-60.2,-52.4,18.0,13.0,0.5806451612903226,2.171684301548249,29,24,22,2,0.04289723075523742,0,0,0,0,1,0,0,0,0,17,16,2,0,0,1
1uip,A,311,THR,-0.7,116.1,0.0,1,1,I,0.0,-65.2,-42.3,22.0,11.0,0.6666666666666666,5.051237754535707,31,34,28,6,0.048026247475972325,0,0,0,0,1,0,0,0,0,17,16,2,0,0,1
1uip,A,312,LYS,-3.9,168.6,1.0,2,0,I,0.4,-60.9,-70.8,12.0,13.0,0.48,2.2259900824772014,22,9,25,-16,0.045228601991935104,0,0,0,0,1,0,0,0,0,17,16,2,0,0,1
1uip,A,313,LYS,-3.9,168.6,1.0,2,0,I,0.5902439024390244,-51.5,-56.7,8.0,8.0,0.5,1.9224379939512002,17,9,14,-5,0.02984155182973038,0,0,0,0,1,0,0,0,0,17,16,2,0,0,1
1uip,A,314,ASP,-3.5,111.1,-1.0,1,3,I,0.7300613496932515,-89.3,-25.6,12.0,8.0,0.6,1.7359050461645673,20,21,3,18,0.026577632098353617,0,0,0,0,1,0,0,0,0,17,16,2,0,0,1
1uip,A,315,MET,1.9,162.9,0.0,0,0,H,0.11702127659574468,-114.4,7.3,18.0,5.0,0.782608695652174,1.9969838666251758,29,35,13,22,0.03450429430312575,1,0,0,0,0,0,0,0,0,17,16,2,0,0,1
1uip,A,316,GLY,-0.4,60.1,0.0,0,0,-,0.6309523809523809,69.2,33.3,6.0,16.0,0.2727272727272727,1.7095365075026268,20,27,20,7,0.02844272908771177,0,0,0,0,0,0,0,0,0,17,16,2,0,0,1
1uip,A,317,PHE,2.8,189.9,0.0,0,0,-,0.03553299492385787,-83.4,138.8,23.0,4.0,0.8518518518518519,3.3252323870549505,31,31,28,3,0.040099585271200194,0,0,0,0,0,0,0,0,0,17,16,2,0,0,1
1uip,A,318,THR,-0.7,116.1,0.0,1,1,-,0.5422535211267606,-108.5,171.4,4.0,17.0,0.19047619047619047,2.2056702467551434,20,34,27,7,0.032639197313767604,0,0,0,0,0,0,0,0,0,22,0,1,0,0,1
1uip,A,319,GLU,-3.5,138.4,-1.0,1,3,H,0.4329896907216495,-63.0,-28.1,6.0,16.0,0.2727272727272727,1.8810559385919718,19,27,18,9,0.03450429430312575,1,0,0,0,0,0,0,0,0,12,32,6,0,2,1
1uip,A,320,GLU,-3.5,138.4,-1.0,1,3,H,0.8298969072164949,-68.2,-41.7,3.0,16.0,0.15789473684210525,1.7085058139151847,14,24,18,6,0.03124037457174899,1,0,0,0,0,0,0,0,0,22,0,1,0,0,1
1uip,A,321,GLU,-3.5,138.4,-1.0,1,3,H,0.020618556701030927,-71.4,-38.9,19.0,12.0,0.6129032258064516,2.5258384030033216,29,38,18,20,0.045694876239274644,1,0,0,0,0,0,0,0,0,22,0,1,0,0,1
1uip,A,322,PHE,2.8,189.9,0.0,0,0,H,0.0,-57.3,-47.4,17.0,17.0,0.5,4.277956520564174,32,46,30,16,0.0526889899493677,1,0,0,0,0,0,0,0,0,-1,0,0,0,0,0
1uip,A,323,LYS,-3.9,168.6,1.0,2,0,H,0.22439024390243903,-63.7,-43.0,10.0,22.0,0.3125,2.3827880094434937,22,22,32,-10,0.04662742473395372,1,0,0,0,0,0,0,0,0,12,32,6,0,2,1
1uip,A,324,ARG,-4.5,173.4,1.0,5,0,H,0.21370967741935484,-64.1,-46.0,10.0,19.0,0.3448275862068966,2.1446928831675702,28,29,24,5,0.03963331102386066,1,0,0,0,0,0,0,0,0,14,17,6,0,1,1
1uip,A,325,LEU,3.8,166.7,0.0,0,0,H,0.0,-64.1,-36.1,23.0,15.0,0.6052631578947368,5.547974100224282,38,44,19,25,0.053155264196707235,1,0,0,0,0,0,0,0,0,-1,0,0,0,0,0
1uip,A,326,ASN,-3.5,114.1,0.0,2,2,H,0.0,-70.9,-34.2,22.0,19.0,0.5365853658536586,6.215069404288675,38,44,19,25,0.04989134446533048,1,0,0,0,0,0,0,0,0,-1,0,0,0,0,0
1uip,A,327,ILE,4.5,166.7,0.0,0,0,H,0.1301775147928994,-66.4,-36.8,11.0,26.0,0.2972972972972973,2.8330953130603787,32,41,11,30,0.048492521723311866,1,0,0,0,0,0,0,0,0,11,24,7,0,2,1
1uip,A,328,ASN,-3.5,114.1,0.0,2,2,H,0.09554140127388536,-70.6,-34.4,18.0,16.0,0.5294117647058824,2.1812197308341785,32,43,7,36,0.04616115048661418,1,0,0,0,0,0,0,0,0,14,17,6,0,1,1
1uip,A,329,ALA,1.8,88.6,0.0,0,0,H,0.0,-63.7,-38.2,23.0,19.0,0.5476190476190477,5.045567772945073,41,47,19,28,0.05548663543340492,1,0,0,0,0,0,0,0,0,10,25,11,0,2,1
1uip,A,330,ALA,1.8,88.6,0.0,0,0,H,0.0,-65.2,-46.2,21.0,20.0,0.5121951219512195,4.7017783758549685,38,42,17,25,0.04989134446533048,1,0,0,0,0,0,0,0,0,10,25,11,0,2,1
1uip,A,331,LYS,-3.9,168.6,1.0,2,0,H,0.4878048780487805,-65.8,-35.1,10.0,23.0,0.30303030303030304,2.089212137594251,26,28,1,27,0.03450429430312575,1,0,0,0,0,0,0,0,0,10,25,11,0,2,1
1uip,A,332,SER,-0.8,89.0,0.0,1,1,H,0.13846153846153847,-84.4,-0.7,23.0,15.0,0.6052631578947368,1.7812465065851295,33,46,23,23,0.04103213376587927,1,0,0,0,0,0,0,0,0,10,25,11,0,2,1
1uip,A,333,SER,-0.8,89.0,0.0,1,1,S,0.015384615384615385,-67.1,162.8,25.0,19.0,0.5681818181818182,3.0581188363522016,36,48,30,18,0.04616115048661418,0,0,0,0,0,0,1,0,0,10,25,11,0,2,1
1uip,A,334,PHE,2.8,189.9,0.0,0,0,-,0.03553299492385787,-98.1,26.5,22.0,17.0,0.5641025641025641,2.6519315878224274,37,56,25,31,0.04616115048661418,0,0,0,0,0,0,0,0,0,10,25,11,0,2,1
1uip,A,335,LEU,3.8,166.7,0.0,0,0,-,0.03048780487804878,-76.6,152.1,19.0,14.0,0.5757575757575758,2.9938568234393093,32,47,38,9,0.048492521723311866,0,0,0,0,0,0,0,0,0,10,25,11,0,2,1
1uip,A,336,PRO,-1.6,112.7,0.0,0,0,-,0.35294117647058826,-71.7,156.7,8.0,16.0,0.3333333333333333,2.294213728134639,21,33,36,-3,0.030774100324409453,0,0,0,0,0,0,0,0,0,21,0,3,0,0,1
1uip,A,337,GLU,-3.5,138.4,-1.0,1,3,H,0.6185567010309279,-36.9,-58.4,0.0,14.0,0.0,1.9418035969129426,14,22,25,-3,0.027043906345693154,1,0,0,0,0,0,0,0,0,21,0,3,0,0,1
1uip,A,338,GLU,-3.5,138.4,-1.0,1,3,H,0.5360824742268041,-55.8,-52.8,0.0,13.0,0.0,2.0019617018519433,11,19,34,-15,0.02984155182973038,1,0,0,0,0,0,0,0,0,21,0,3,0,0,1
1uip,A,339,GLU,-3.5,138.4,-1.0,1,3,H,0.211340206185567,-64.1,-33.1,9.0,11.0,0.45,2.1482475785847908,20,33,29,4,0.03730193978716297,1,0,0,0,0,0,0,0,0,-1,0,0,0,0,0
1uip,A,340,LYS,-3.9,168.6,1.0,2,0,H,0.22926829268292684,-64.1,-47.8,11.0,12.0,0.4782608695652174,2.626292741556659,27,23,41,-18,0.04942507021799094,1,0,0,0,0,0,0,0,0,10,25,11,0,2,1
1uip,A,341,LYS,-3.9,168.6,1.0,2,0,H,0.4926829268292683,-59.1,-41.7,2.0,17.0,0.10526315789473684,1.9777379662590684,15,13,43,-30,0.03683566553982344,1,0,0,0,0,0,0,0,0,21,0,3,0,0,1
1uip,A,342,GLU,-3.5,138.4,-1.0,1,3,H,0.44329896907216493,-62.0,-34.5,8.0,11.0,0.42105263157894735,1.762304100972514,15,34,34,0,0.03590311704514436,1,0,0,0,0,0,0,0,0,16,24,2,0,0,1
1uip,A,343,LEU,3.8,166.7,0.0,0,0,H,0.0975609756097561,-66.0,-52.4,24.0,10.0,0.7058823529411765,2.2647951495132466,34,52,37,15,0.04755997322863279,1,0,0,0,0,0,0,0,0,16,24,2,0,0,1
1uip,A,344,LEU,3.8,166.7,0.0,0,0,H,0.22560975609756098,-56.6,-39.6,14.0,16.0,0.4666666666666667,2.268347372971607,28,43,29,14,0.04289723075523742,1,0,0,0,0,0,0,0,0,16,24,2,0,0,1
1uip,A,345,GLU,-3.5,138.4,-1.0,1,3,H,0.5876288659793815,-57.4,-51.9,6.0,13.0,0.3157894736842105,1.7579099037515538,15,32,25,7,0.035436842797804825,1,0,0,0,0,0,0,0,0,16,24,2,0,0,1
1uip,A,346,ARG,-4.5,173.4,1.0,5,0,H,0.33064516129032256,-59.0,-48.2,16.0,9.0,0.64,2.3899407455729915,24,25,27,-2,0.03823448828184205,1,0,0,0,0,0,0,0,0,16,24,2,0,0,1
1uip,A,347,LEU,3.8,166.7,0.0,0,0,H,0.0,-59.5,-45.1,20.0,10.0,0.6666666666666666,4.58019625745788,32,54,21,33,0.050823892960009553,1,0,0,0,0,0,0,0,0,11,24,7,0,2,1
1uip,A,348,TYR,-1.3,193.6,0.0,1,1,H,0.6711711711711712,-65.0,-40.6,7.0,13.0,0.35,2.020364342193273,19,35,17,18,0.03870076252918159,1,0,0,0,0,0,0,0,0,11,24,7,0,2,1
1uip,A,349,ARG,-4.5,173.4,1.0,5,0,H,0.6290322580645161,-57.2,-51.4,6.0,8.0,0.42857142857142855,1.8068397962723879,13,12,22,-10,0.030774100324409453,1,0,0,0,0,0,0,0,0,16,24,2,0,0,1
1uip,A,350,GLU,-3.5,138.4,-1.0,1,3,H,0.38144329896907214,-75.9,-21.3,13.0,4.0,0.7647058823529411,1.7640005480931586,18,38,7,31,0.03590311704514436,1,0,0,0,0,0,0,0,0,12,32,6,0,2,1
1uip,A,351,TYR,-1.3,193.6,0.0,1,1,-,0.23423423423423423,-82.0,360.0,15.0,5.0,0.75,2.9113240908710165,25,43,27,16,0.03683566553982344,0,0,0,0,0,0,0,0,0,12,32,6,0,2,1
1uip,A,352,GLN,-3.5,143.8,0.0,2,2,X,0.0,0.0,0.0,5.0,6.0,0.45454545454545453,1.8136049047360956,12,20,11,9,0.020516066882939634,0,0,0,0,0,0,0,0,1,11,24,7,0,2,1
1c6z,A,1,PRO,-1.6,112.7,0.0,0,0,-,0.6911764705882353,360.0,171.5,6.0,9.0,0.4,1.833819294587333,17,5,0,5,0.022847438119637322,0,0,0,0,0,0,0,0,0,16,24,2,0,0,1
1c6z,A,2,GLN,-3.5,143.8,0.0,2,2,E,0.6414141414141414,-104.2,100.6,3.0,12.0,0.2,1.7909519471985667,13,0,0,0,0.029375277582390842,0,0,1,0,0,0,0,0,0,16,24,2,0,0,1
1c6z,A,3,ILE,4.5,166.7,0.0,0,0,E,0.2958579881656805,-94.7,130.6,15.0,9.0,0.625,2.4631791104150214,22,4,0,4,0.035436842797804825,0,0,1,0,0,0,0,0,0,16,24,2,0,0,1
1c6z,A,4,THR,-0.7,116.1,0.0,1,1,E,0.33098591549295775,-92.5,163.9,7.0,18.0,0.28,2.011986450332846,21,13,0,13,0.03823448828184205,0,0,1,0,0,0,0,0,0,16,24,2,0,0,1
1c6z,A,5,LEU,3.8,166.7,0.0,0,0,S,0.006097560975609756,-97.8,9.8,26.0,9.0,0.7428571428571429,2.7262834614757194,33,18,9,9,0.04709369898129325,0,0,0,0,0,0,1,0,0,7,43,6,0,2,1
1c6z,A,6,TRP,-0.9,227.8,0.0,1,0,S,0.7136563876651982,-65.9,-37.1,2.0,21.0,0.08695652173913043,1.8621755418728942,16,15,0,15,0.029375277582390842,0,0,0,0,0,0,1,0,0,7,43,6,0,2,1
1c6z,A,7,GLN,-3.5,143.8,0.0,2,2,S,0.5909090909090909,-106.3,170.0,6.0,14.0,0.3,1.8555100621574825,15,19,1,18,0.027510180593032695,0,0,0,0,0,0,1,0,0,7,43,6,0,2,1
1c6z,A,8,ARG,-4.5,173.4,1.0,5,0,-,0.5604838709677419,-69.0,132.7,12.0,16.0,0.42857142857142855,1.8521464709107556,19,11,11,0,0.035436842797804825,0,0,0,0,0,0,0,0,0,7,43,6,0,2,1
1c6z,A,9,PRO,-1.6,112.7,0.0,0,0,-,0.029411764705882353,-71.4,95.9,20.0,11.0,0.6451612903225806,2.5914504523466744,32,19,17,2,0.04243095650789788,0,0,0,0,0,0,0,0,0,-1,0,0,0,0,0
1c6z,A,10,VAL,4.2,140.0,0.0,0,0,E,0.5915492957746479,-102.8,109.5,5.0,20.0,0.2,1.887822760111592,21,9,10,-1,0.032172923066428064,0,0,1,0,0,0,0,0,0,-1,0,0,0,0,0
1c6z,A,11,VAL,4.2,140.0,0.0,0,0,E,0.14084507042253522,-110.2,135.0,17.0,10.0,0.6296296296296297,2.441167578804865,28,5,12,-7,0.03683566553982344,0,0,1,0,0,0,0,0,0,10,24,8,0,2,1
1c6z,A,12,THR,-0.7,116.1,0.0,1,1,E,0.5211267605633803,-83.4,128.8,4.0,19.0,0.17391304347826086,1.8528592938436141,21,8,17,-9,0.032639197313767604,0,0,1,0,0,0,0,0,0,10,24,8,0,2,1
1c6z,A,13,ILE,4.5,166.7,0.0,0,0,E,0.01775147928994083,-117.7,158.8,17.0,11.0,0.6071428571428571,3.1909453737311178,30,12,17,-5,0.043363505002576956,0,0,1,0,0,0,0,0,0,10,24,8,0,2,1
1c6z,A,14,LYS,-3.9,168.6,1.0,2,0,E,0.3463414634146341,-121.5,114.6,6.0,17.0,0.2608695652173913,1.9318755520462563,19,8,10,-2,0.03823448828184205,0,0,1,0,0,0,0,0,0,19,0,3,0,0,1
1c6z,A,15,ILE,4.5,166.7,0.0,0,0,E,0.005917159763313609,-135.4,125.8,21.0,9.0,0.7,2.8160978145113678,31,9,16,-7,0.04149840801321881,0,0,1,0,0,0,0,0,0,19,0,3,0,0,1
1c6z,A,16,GLY,-0.4,60.1,0.0,0,0,T,0.5714285714285714,76.4,17.9,9.0,8.0,0.5294117647058824,1.7094973307474275,17,9,7,2,0.028909003335051305,0,0,0,0,0,1,0,0,0,19,0,3,0,0,1
1c6z,A,17,GLY,-0.4,60.1,0.0,0,0,T,0.6904761904761905,76.2,11.7,2.0,11.0,0.15384615384615385,1.7097258537993212,13,9,7,2,0.02098234113027917,0,0,0,0,0,1,0,0,0,19,0,3,0,0,1
1c6z,A,18,GLN,-3.5,143.8,0.0,2,2,E,0.5858585858585859,-116.0,149.1,8.0,8.0,0.5,2.155120835892684,15,9,3,6,0.023779986614316396,0,0,1,0,0,0,0,0,0,19,0,3,0,0,1
1c6z,A,19,LEU,3.8,166.7,0.0,0,0,E,0.7195121951219512,-102.5,146.0,4.0,13.0,0.23529411764705882,1.9468021476621913,14,9,16,-7,0.029375277582390842,0,0,1,0,0,0,0,0,0,19,0,3,0,0,1
1c6z,A,20,MET,1.9,162.9,0.0,0,0,E,0.1702127659574468,-150.8,160.6,17.0,6.0,0.7391304347826086,2.0722089481801356,24,9,21,-12,0.032639197313767604,0,0,1,0,0,0,0,0,0,19,0,3,0,0,1
1c6z,A,21,GLU,-3.5,138.4,-1.0,1,3,E,0.6804123711340206,-93.2,147.8,6.0,17.0,0.2608695652173913,1.753671308731443,19,2,5,-3,0.032172923066428064,0,0,1,0,0,0,0,0,0,-1,0,0,0,0,0
1c6z,A,22,ALA,1.8,88.6,0.0,0,0,E,0.03773584905660377,-145.9,163.2,21.0,9.0,0.7,2.1739549526506834,28,6,17,-11,0.04709369898129325,0,0,1,0,0,0,0,0,0,10,24,8,0,2,1
1c6z,A,23,LEU,3.8,166.7,0.0,0,0,E,0.1402439024390244,-107.5,129.8,22.0,16.0,0.5789473684210527,2.5122792993545198,36,14,26,-12,0.045694876239274644,0,0,1,0,0,0,0,0,0,12,24,8,0,2,1
1c6z,A,24,ILE,4.5,166.7,0.0,0,0,E,0.023668639053254437,-80.3,97.8,24.0,23.0,0.5106382978723404,4.251932240011193,41,11,14,-3,0.04755997322863279,0,0,1,0,0,0,0,0,0,-1,0,0,0,0,0
1c6z,A,25,ASP,-3.5,111.1,-1.0,1,3,-,0.1165644171779141,-113.6,106.8,19.0,24.0,0.4418604651162791,3.1186095220392116,39,12,21,-9,0.04755997322863279,0,0,0,0,0,0,0,0,0,-1,0,0,0,0,0
1c6z,A,26,THR,-0.7,116.1,0.0,1,1,T,0.0,-74.8,-8.0,25.0,17.0,0.5952380952380952,5.226980281374158,40,19,26,-7,0.048026247475972325,0,0,0,0,0,1,0,0,0,-1,0,0,0,0,0
1c6z,A,27,GLY,-0.4,60.1,0.0,0,0,T,0.16666666666666666,-89.7,-17.2,18.0,20.0,0.47368421052631576,1.9421678273794802,34,22,31,-9,0.04616115048661418,0,0,0,0,0,1,0,0,0,-1,0,0,0,0,0
1c6z,A,28,ALA,1.8,88.6,0.0,0,0,-,0.20754716981132076,-89.1,126.2,22.0,14.0,0.6111111111111112,2.2741549129735987,32,21,32,-11,0.040099585271200194,0,0,0,0,0,0,0,0,0,-1,0,0,0,0,0
1c6z,A,29,ASP,-3.5,111.1,-1.0,1,3,S,0.3067484662576687,-75.4,-36.3,4.0,26.0,0.13333333333333333,1.8017371254550167,26,25,16,9,0.03310547156110714,0,0,0,0,0,0,1,0,0,-1,0,0,0,0,0
1c6z,A,30,ASP,-3.5,111.1,-1.0,1,3,S,0.2822085889570552,-107.2,170.3,15.0,19.0,0.4411764705882353,1.79502281353436,29,20,14,6,0.040099585271200194,0,0,0,0,0,0,1,0,0,-1,0,0,0,0,0
1c6z,A,31,THR,-0.7,116.1,0.0,1,1,-,0.014084507042253521,-107.3,117.2,17.0,23.0,0.425,4.44570422314092,40,9,23,-14,0.04755997322863279,0,0,0,0,0,0,0,0,0,-1,0,0,0,0,0
1c6z,A,32,VAL,4.2,140.0,0.0,0,0,E,0.056338028169014086,-112.1,128.1,20.0,22.0,0.47619047619047616,3.5578439049112167,40,8,27,-19,0.04616115048661418,0,0,1,0,0,0,0,0,0,-1,0,0,0,0,0
1c6z,A,33,LEU,3.8,166.7,0.0,0,0,E,0.006097560975609756,-113.7,172.3,16.0,17.0,0.48484848484848486,5.1839638195541315,35,6,28,-22,0.048958795970651406,0,0,1,0,0,0,0,0,0,-1,0,0,0,0,0
1c6z,A,34,GLU,-3.5,138.4,-1.0,1,3,-,0.3917525773195876,-60.7,157.7,9.0,17.0,0.34615384615384615,2.185235876471254,25,1,15,-14,0.040099585271200194,0,0,0,0,0,0,0,0,0,-1,0,0,0,0,0
1c6z,A,35,GLU,-3.5,138.4,-1.0,1,3,S,0.5876288659793815,-62.9,119.4,4.0,15.0,0.21052631578947367,1.763701036979161,20,13,17,-4,0.03124037457174899,0,0,0,0,0,0,1,0,0,-1,0,0,0,0,0
1c6z,A,36,MET,1.9,162.9,0.0,0,0,-,0.21808510638297873,179.8,169.0,10.0,13.0,0.43478260869565216,2.0976976615491383,22,11,26,-15,0.028909003335051305,0,0,0,0,0,0,0,0,0,-1,0,0,0,0,0
1c6z,A,37,ASP,-3.5,111.1,-1.0,1,3,-,0.7300613496932515,-118.2,124.6,3.0,17.0,0.15,1.7411764020435185,15,11,10,1,0.02844272908771177,0,0,0,0,0,0,0,0,0,-1,0,0,0,0,0
1c6z,A,38,LEU,3.8,166.7,0.0,0,0,-,0.09146341463414634,-110.0,178.3,22.0,5.0,0.8148148148148148,2.686002738387566,26,15,17,-2,0.03124037457174899,0,0,0,0,0,0,0,0,0,6,98,4,0,4,1
1c6z,A,39,PRO,-1.6,112.7,0.0,0,0,S,0.6617647058823529,-59.9,120.9,8.0,11.0,0.42105263157894735,1.833946043005732,18,8,12,-4,0.021914889624958248,0,0,0,0,0,0,1,0,0,6,98,4,0,4,1
1c6z,A,40,GLY,-0.4,60.1,0.0,0,0,S,0.6547619047619048,122.3,170.1,14.0,3.0,0.8235294117647058,1.709624596133151,15,19,13,6,0.024246260861655933,0,0,0,0,0,0,1,0,0,6,98,4,0,4,1
1c6z,A,41,ARG,-4.5,173.4,1.0,5,0,-,0.9193548387096774,-93.4,162.6,1.0,16.0,0.058823529411764705,1.8254957826473535,11,13,7,6,0.02611135785101408,0,0,0,0,0,0,0,0,0,6,98,4,0,4,1
1c6z,A,42,TRP,-0.9,227.8,0.0,1,0,-,0.5462555066079295,-135.0,162.2,16.0,5.0,0.7619047619047619,1.8915258437111555,20,41,12,29,0.03823448828184205,0,0,0,0,0,0,0,0,0,6,98,4,0,4,1
1c6z,A,43,LYS,-3.9,168.6,1.0,2,0,E,0.526829268292683,-128.1,173.1,2.0,14.0,0.125,2.2146015655114284,16,28,8,20,0.02844272908771177,0,0,1,0,0,0,0,0,0,-1,0,0,0,0,0
1c6z,A,44,PRO,-1.6,112.7,0.0,0,0,E,0.6176470588235294,-95.1,160.8,3.0,14.0,0.17647058823529413,2.009694476967692,15,37,3,34,0.032172923066428064,0,0,1,0,0,0,0,0,0,3,82,7,0,7,1
1c6z,A,45,LYS,-3.9,168.6,1.0,2,0,E,0.3902439024390244,-160.6,144.9,16.0,5.0,0.7619047619047619,2.1153651708883308,21,23,8,15,0.035436842797804825,0,0,1,0,0,0,0,0,0,3,82,7,0,7,1
1c6z,A,46,ILE,4.5,166.7,0.0,0,0,E,0.6094674556213018,-122.0,115.0,3.0,18.0,0.14285714285714285,1.964933566438263,16,24,1,23,0.03170664881908853,0,0,1,0,0,0,0,0,0,3,82,7,0,7,1
1c6z,A,47,ILE,4.5,166.7,0.0,0,0,E,0.09467455621301775,-103.9,166.0,17.0,9.0,0.6538461538461539,2.330830827684561,26,20,14,6,0.03450429430312575,0,0,1,0,0,0,0,0,0,3,82,7,0,7,1
1c6z,A,48,GLY,-0.4,60.1,0.0,0,0,E,0.5238095238095238,-112.4,163.7,4.0,19.0,0.17391304347826086,1.7097222041828903,25,13,15,-2,0.02984155182973038,0,0,1,0,0,0,0,0,0,-1,0,0,0,0,0
1c6z,A,49,GLY,-0.4,60.1,0.0,0,0,E,0.36904761904761907,-151.9,-175.0,16.0,12.0,0.5714285714285714,1.7095377451254177,25,1,1,0,0.03124037457174899,0,0,1,0,0,0,0,0,0,-1,0,0,0,0,0
1c6z,A,50,ILE,4.5,166.7,0.0,0,0,T,0.21301775147928995,-66.6,-38.7,20.0,11.0,0.6451612903225806,1.894249014650407,25,4,1,3,0.03357174580844668,0,0,0,0,0,1,0,0,0,2,96,10,0,11,1
1c6z,A,51,GLY,-0.4,60.1,0.0,0,0,T,0.13095238095238096,-99.8,59.4,12.0,11.0,0.5217391304347826,1.9761041980348306,19,1,0,1,0.030774100324409453,0,0,0,0,0,1,0,0,0,-1,0,0,0,0,0
1c6z,A,52,GLY,-0.4,60.1,0.0,0,0,E,0.42857142857142855,84.9,-167.5,7.0,12.0,0.3684210526315789,1.897596648539519,19,2,0,2,0.027510180593032695,0,0,1,0,0,0,0,0,0,-1,0,0,0,0,0
1c6z,A,53,PHE,2.8,189.9,0.0,0,0,E,0.817258883248731,-103.7,136.7,4.0,15.0,0.21052631578947367,1.836357922239017,15,8,0,8,0.02984155182973038,0,0,1,0,0,0,0,0,0,-1,0,0,0,0,0
1c6z,A,54,VAL,4.2,140.0,0.0,0,0,E,0.14084507042253522,-119.6,161.8,15.0,8.0,0.6521739130434783,2.2732550178067865,23,18,3,15,0.0363693912924839,0,0,1,0,0,0,0,0,0,1,204,6,0,15,1
1c6z,A,55,LYS,-3.9,168.6,1.0,2,0,E,0.6829268292682927,-110.1,129.5,2.0,20.0,0.09090909090909091,1.9039799258508436,17,18,3,15,0.030774100324409453,0,0,1,0,0,0,0,0,0,-1,0,0,0,0,0
1c6z,A,56,VAL,4.2,140.0,0.0,0,0,E,0.04225352112676056,-132.3,163.9,22.0,7.0,0.7586206896551724,2.554539381893067,27,35,12,23,0.045694876239274644,0,0,1,0,0,0,0,0,0,3,82,7,0,7,1
1c6z,A,57,ARG,-4.5,173.4,1.0,5,0,E,0.1814516129032258,-95.5,140.5,14.0,14.0,0.5,2.417799461920382,23,26,22,4,0.04755997322863279,0,0,1,0,0,0,0,0,0,-1,0,0,0,0,0
1c6z,A,58,GLN,-3.5,143.8,0.0,2,2,E,0.1717171717171717,-107.0,119.0,10.0,20.0,0.3333333333333333,2.699464695115039,25,32,12,20,0.05175644145468863,0,0,1,0,0,0,0,0,0,3,82,7,0,7,1
1c6z,A,59,TYR,-1.3,193.6,0.0,1,1,E,0.02252252252252252,-107.0,109.5,18.0,12.0,0.6,2.678878151181411,28,29,17,12,0.05129016720734909,0,0,1,0,0,0,0,0,0,6,98,4,0,4,1
1c6z,A,60,ASP,-3.5,111.1,-1.0,1,3,E,0.3006134969325153,-82.1,155.5,5.0,18.0,0.21739130434782608,1.735854423836778,21,20,0,20,0.035436842797804825,0,0,1,0,0,0,0,0,0,17,24,1,0,0,1
1c6z,A,61,GLN,-3.5,143.8,0.0,2,2,E,0.7171717171717171,38.0,58.9,0.0,19.0,0.0,1.9321450848441613,18,6,8,-2,0.028909003335051305,0,0,1,0,0,0,0,0,0,17,24,1,0,0,1
1c6z,A,62,ILE,4.5,166.7,0.0,0,0,E,0.08875739644970414,-100.4,144.4,20.0,6.0,0.7692307692307693,2.734382905619829,25,5,9,-4,0.03916703677652112,0,0,1,0,0,0,0,0,0,9,55,3,0,2,1
1c6z,A,63,PRO,-1.6,112.7,0.0,0,0,E,0.6323529411764706,-92.0,119.1,5.0,21.0,0.19230769230769232,2.025038821234325,22,15,13,2,0.03170664881908853,0,0,1,0,0,0,0,0,0,9,55,3,0,2,1
1c6z,A,64,ILE,4.5,166.7,0.0,0,0,E,0.01775147928994083,-121.2,134.8,23.0,13.0,0.6388888888888888,2.992602358864949,34,21,9,12,0.043829779249916496,0,0,1,0,0,0,0,0,0,9,55,3,0,2,1
1c6z,A,65,GLU,-3.5,138.4,-1.0,1,3,E,0.38144329896907214,-101.0,78.7,8.0,19.0,0.2962962962962963,1.8279820734791912,22,28,0,28,0.03963331102386066,0,0,1,0,0,0,0,0,0,10,24,8,0,2,1
1c6z,A,66,ILE,4.5,166.7,0.0,0,0,E,0.011834319526627219,-72.6,123.4,20.0,14.0,0.5882352941176471,4.198641936153798,32,25,9,16,0.045228601991935104,0,0,1,0,0,0,0,0,0,10,24,8,0,2,1
1c6z,A,67,CYS,2.5,108.5,0.0,1,0,T,0.3333333333333333,50.8,22.2,14.0,15.0,0.4827586206896552,1.8086147158832544,26,23,9,14,0.03170664881908853,0,0,0,0,0,1,0,0,0,10,24,8,0,2,1
1c6z,A,68,GLY,-0.4,60.1,0.0,0,0,T,0.5952380952380952,103.7,-15.1,3.0,15.0,0.16666666666666666,1.7096698252208324,16,26,9,17,0.023779986614316396,0,0,0,0,0,1,0,0,0,-1,0,0,0,0,0
1c6z,A,69,HIS,-3.2,153.2,0.1,2,1,E,0.391304347826087,-92.7,118.9,12.0,8.0,0.6,2.0661411443565956,20,9,9,0,0.030307826077069916,0,0,1,0,0,0,0,0,0,0,217,8,0,21,1
1c6z,A,70,LYS,-3.9,168.6,1.0,2,0,E,0.7317073170731707,-78.2,122.0,2.0,16.0,0.1111111111111111,1.9176187334289203,13,16,9,7,0.02984155182973038,0,0,1,0,0,0,0,0,0,-1,0,0,0,0,0
1c6z,A,71,VAL,4.2,140.0,0.0,0,0,E,0.07746478873239436,-131.2,169.7,15.0,9.0,0.625,2.219816183996613,25,22,9,13,0.03776821403450251,0,0,1,0,0,0,0,0,0,9,55,3,0,2,1
1c6z,A,72,ILE,4.5,166.7,0.0,0,0,E,0.5976331360946746,-130.4,154.4,3.0,19.0,0.13636363636363635,1.959902507277803,18,8,8,0,0.032172923066428064,0,0,1,0,0,0,0,0,0,9,55,3,0,2,1
1c6z,A,73,GLY,-0.4,60.1,0.0,0,0,E,0.16666666666666666,161.7,177.9,17.0,11.0,0.6071428571428571,2.5660059750529864,23,2,12,-10,0.040565859518539735,0,0,1,0,0,0,0,0,0,9,55,3,0,2,1
1c6z,A,74,THR,-0.7,116.1,0.0,1,1,E,0.2605633802816901,-82.6,128.3,11.0,19.0,0.36666666666666664,2.3721812050459485,30,12,18,-6,0.04103213376587927,0,0,1,0,0,0,0,0,0,17,24,1,0,0,1
1c6z,A,75,VAL,4.2,140.0,0.0,0,0,E,0.007042253521126761,-112.9,129.5,21.0,21.0,0.5,5.085082583917918,37,12,20,-8,0.048958795970651406,0,0,1,0,0,0,0,0,0,-1,0,0,0,0,0
1c6z,A,76,LEU,3.8,166.7,0.0,0,0,E,0.006097560975609756,-95.8,150.6,21.0,19.0,0.525,3.8970254074935955,39,25,24,1,0.04989134446533048,0,0,1,0,0,0,0,0,0,3,82,7,0,7,1
1c6z,A,77,VAL,4.2,140.0,0.0,0,0,E,0.0,-137.9,130.6,15.0,21.0,0.4166666666666667,3.7390595175242063,34,27,26,1,0.0526889899493677,0,0,1,0,0,0,0,0,0,-1,0,0,0,0,0
1c6z,A,78,GLY,-0.4,60.1,0.0,0,0,S,0.011904761904761904,-177.2,-158.7,18.0,13.0,0.5806451612903226,2.404920118559658,28,18,20,-2,0.04103213376587927,0,0,0,0,0,0,1,0,0,1,204,6,0,15,1
1c6z,A,79,PRO,-1.6,112.7,0.0,0,0,S,0.4632352941176471,-82.8,114.1,9.0,16.0,0.36,1.997548854143893,24,14,18,-4,0.03170664881908853,0,0,0,0,0,0,1,0,0,1,204,6,0,15,1
1c6z,A,80,THR,-0.7,116.1,0.0,1,1,-,0.1056338028169014,-150.9,146.9,22.0,7.0,0.7586206896551724,2.1246885085208413,25,1,19,-18,0.03730193978716297,0,0,0,0,0,0,0,0,0,12,24,8,0,2,1
1c6z,A,81,PRO,-1.6,112.7,0.0,0,0,S,0.7647058823529411,-64.7,-45.2,6.0,13.0,0.3157894736842105,1.87713460074434,19,3,13,-10,0.021914889624958248,0,0,0,0,0,0,1,0,0,12,24,8,0,2,1
1c6z,A,82,THR,-0.7,116.1,0.0,1,1,S,0.4647887323943662,-129.7,162.4,15.0,13.0,0.5357142857142857,2.1434872747249947,25,7,22,-15,0.03124037457174899,0,0,0,0,0,0,1,0,0,12,24,8,0,2,1
1c6z,A,83,ASN,-3.5,114.1,0.0,2,2,-,0.06369426751592357,-78.4,130.7,14.0,21.0,0.4,2.2049997685481735,31,0,25,-25,0.04429605349725603,0,0,0,0,0,0,0,0,0,12,24,8,0,2,1
1c6z,A,84,ILE,4.5,166.7,0.0,0,0,E,0.08284023668639054,-114.8,131.8,21.0,20.0,0.5121951219512195,3.2654984665563136,38,2,31,-29,0.043829779249916496,0,0,1,0,0,0,0,0,0,12,24,8,0,2,1
1c6z,A,85,ILE,4.5,166.7,0.0,0,0,E,0.011834319526627219,-107.3,111.0,21.0,23.0,0.4772727272727273,6.285727239744222,42,6,20,-14,0.05175644145468863,0,0,1,0,0,0,0,0,0,-1,0,0,0,0,0
1c6z,A,86,GLY,-0.4,60.1,0.0,0,0,-,0.0,-94.4,-175.0,14.0,21.0,0.4,4.59274630640277,36,11,25,-14,0.050823892960009553,0,0,0,0,0,0,0,0,0,-1,0,0,0,0,0
1c6z,A,87,ARG,-4.5,173.4,1.0,5,0,H,0.14112903225806453,-61.0,-30.5,15.0,21.0,0.4166666666666667,2.339350221111005,26,11,24,-13,0.048492521723311866,1,0,0,0,0,0,0,0,0,8,38,7,0,2,1
1c6z,A,88,ASN,-3.5,114.1,0.0,2,2,H,0.2929936305732484,-58.4,-40.9,13.0,20.0,0.3939393939393939,2.0358178194479786,27,11,18,-7,0.04149840801321881,1,0,0,0,0,0,0,0,0,8,38,7,0,2,1
1c6z,A,89,LEU,3.8,166.7,0.0,0,0,H,0.006097560975609756,-98.9,-4.2,24.0,13.0,0.6486486486486487,3.292245244165743,39,12,15,-3,0.04429605349725603,1,0,0,0,0,0,0,0,0,-1,0,0,0,0,0
1c6z,A,90,LEU,3.8,166.7,0.0,0,0,H,0.006097560975609756,-80.2,-42.6,24.0,16.0,0.6,4.803500831940468,38,14,15,-1,0.04616115048661418,1,0,0,0,0,0,0,0,0,0,217,8,0,21,1
1c6z,A,91,THR,-0.7,116.1,0.0,1,1,G,0.11971830985915492,-57.6,-32.2,12.0,20.0,0.375,2.0715843313635163,24,11,1,10,0.040099585271200194,0,0,0,1,0,0,0,0,0,8,38,7,0,2,1
1c6z,A,92,GLN,-3.5,143.8,0.0,2,2,G,0.5303030303030303,-64.2,-31.1,16.0,10.0,0.6153846153846154,1.9064943675222699,21,20,0,20,0.035436842797804825,0,0,0,1,0,0,0,0,0,0,217,8,0,21,1
1c6z,A,93,ILE,4.5,166.7,0.0,0,0,G,0.0650887573964497,-96.8,3.3,19.0,10.0,0.6551724137931034,2.8530324023016767,27,17,4,13,0.03963331102386066,0,0,0,1,0,0,0,0,0,0,217,8,0,21,1
1c6z,A,94,GLY,-0.4,60.1,0.0,0,0,T,0.5476190476190477,76.3,34.8,4.0,19.0,0.17391304347826086,1.7576371223242488,25,9,0,9,0.03170664881908853,0,0,0,0,0,1,0,0,0,0,217,8,0,21,1
1c6z,A,95,CYS,2.5,108.5,0.0,1,0,-,0.02962962962962963,-76.8,143.2,21.0,11.0,0.65625,2.9087382817386263,31,12,3,9,0.04196468226055834,0,0,0,0,0,0,0,0,0,0,217,8,0,21,1
1c6z,A,96,THR,-0.7,116.1,0.0,1,1,E,0.09154929577464789,-146.7,160.3,9.0,23.0,0.28125,3.0626836355277414,27,0,0,0,0.04289723075523742,0,0,1,0,0,0,0,0,0,-1,0,0,0,0,0
1c6z,A,97,LEU,3.8,166.7,0.0,0,0,E,0.0,-104.0,142.6,23.0,15.0,0.6052631578947368,5.364058260199628,35,3,4,-1,0.048958795970651406,0,0,1,0,0,0,0,0,0,-1,0,0,0,0,0
1c6z,A,98,ASN,-3.5,114.1,0.0,2,2,E,0.17197452229299362,-148.3,141.8,8.0,17.0,0.32,2.0323510229323083,24,2,0,2,0.03916703677652112,0,0,1,0,0,0,0,0,0,5,106,4,0,5,1
1c6z,A,99,PHE,2.8,189.9,0.0,0,0,-,0.23857868020304568,-164.2,360.0,15.0,8.0,0.6521739130434783,2.422301172892036,23,8,0,8,0.030307826077069916,0,0,0,0,0,0,0,0,0,5,106,4,0,5,1
1c6z,B,201,PRO,-1.6,112.7,0.0,0,0,-,0.7205882352941176,360.0,172.6,6.0,9.0,0.4,1.8338861930525003,15,5,0,5,0.021914889624958248,0,0,0,0,0,0,0,0,0,-1,0,0,0,0,0
1c6z,B,202,GLN,-3.5,143.8,0.0,2,2,E,0.6515151515151515,-109.5,116.5,5.0,12.0,0.29411764705882354,1.8346085535015968,15,0,0,0,0.029375277582390842,0,0,1,0,0,0,0,0,0,-1,0,0,0,0,0
1c6z,B,203,ILE,4.5,166.7,0.0,0,0,E,0.20118343195266272,-101.7,141.4,15.0,9.0,0.625,2.3383394942203255,22,5,0,5,0.03590311704514436,0,0,1,0,0,0,0,0,0,-1,0,0,0,0,0
1c6z,B,204,THR,-0.7,116.1,0.0,1,1,E,0.4507042253521127,-103.6,155.2,6.0,19.0,0.24,1.9108264883714967,20,14,0,14,0.03776821403450251,0,0,1,0,0,0,0,0,0,-1,0,0,0,0,0
1c6z,B,205,LEU,3.8,166.7,0.0,0,0,T,0.006097560975609756,-92.4,31.2,25.0,9.0,0.7352941176470589,2.588383740926939,32,18,9,9,0.04662742473395372,0,0,0,0,0,1,0,0,0,8,38,7,0,2,1
1c6z,B,206,TRP,-0.9,227.8,0.0,1,0,T,0.7268722466960352,-83.2,-24.9,2.0,20.0,0.09090909090909091,1.8861071683207065,16,14,0,14,0.02984155182973038,0,0,0,0,0,1,0,0,0,18,24,1,0,0,1
1c6z,B,207,GLN,-3.5,143.8,0.0,2,2,S,0.7575757575757576,-134.6,166.9,2.0,18.0,0.1,1.8948316024293606,13,21,1,20,0.027043906345693154,0,0,0,0,0,0,1,0,0,18,24,1,0,0,1
1c6z,B,208,ARG,-4.5,173.4,1.0,5,0,-,0.4838709677419355,-66.2,126.4,13.0,15.0,0.4642857142857143,1.8731145598843815,22,10,15,-5,0.03870076252918159,0,0,0,0,0,0,0,0,0,18,24,1,0,0,1
1c6z,B,209,PRO,-1.6,112.7,0.0,0,0,-,0.029411764705882353,-66.4,82.2,20.0,10.0,0.6666666666666666,2.619493834039812,33,19,16,3,0.043829779249916496,0,0,0,0,0,0,0,0,0,-1,0,0,0,0,0
1c6z,B,210,VAL,4.2,140.0,0.0,0,0,E,0.5070422535211268,-99.4,122.8,7.0,18.0,0.28,1.9089142338104352,24,12,11,1,0.032172923066428064,0,0,1,0,0,0,0,0,0,13,16,9,0,1,1
1c6z,B,211,VAL,4.2,140.0,0.0,0,0,E,0.13380281690140844,-120.7,152.5,15.0,11.0,0.5769230769230769,2.4794913172748965,27,6,12,-6,0.034970568550465285,0,0,1,0,0,0,0,0,0,13,16,9,0,1,1
1c6z,B,212,THR,-0.7,116.1,0.0,1,1,E,0.3873239436619718,-84.6,129.7,5.0,17.0,0.22727272727272727,1.876737553420949,22,10,18,-8,0.03310547156110714,0,0,1,0,0,0,0,0,0,13,16,9,0,1,1
1c6z,B,213,ILE,4.5,166.7,0.0,0,0,E,0.005917159763313609,-116.3,155.2,18.0,10.0,0.6428571428571429,3.162877303753388,30,12,18,-6,0.04616115048661418,0,0,1,0,0,0,0,0,0,13,16,9,0,1,1
1c6z,B,214,LYS,-3.9,168.6,1.0,2,0,E,0.4195121951219512,-119.7,101.6,7.0,16.0,0.30434782608695654,1.967852131235764,20,8,11,-3,0.040565859518539735,0,0,1,0,0,0,0,0,0,-1,0,0,0,0,0
1c6z,B,215,ILE,4.5,166.7,0.0,0,0,E,0.011834319526627219,-121.5,113.3,21.0,10.0,0.6774193548387096,2.7075477039219464,30,9,13,-4,0.04103213376587927,0,0,1,0,0,0,0,0,0,-1,0,0,0,0,0
1c6z,B,216,GLY,-0.4,60.1,0.0,0,0,T,0.6071428571428571,81.0,32.1,7.0,12.0,0.3684210526315789,1.709687871316245,17,9,9,0,0.029375277582390842,0,0,0,0,0,1,0,0,0,-1,0,0,0,0,0
1c6z,B,217,GLY,-0.4,60.1,0.0,0,0,T,0.6309523809523809,71.0,-3.0,2.0,12.0,0.14285714285714285,1.7096587909858239,14,9,8,1,0.020049792635600097,0,0,0,0,0,1,0,0,0,-1,0,0,0,0,0
1c6z,B,218,GLN,-3.5,143.8,0.0,2,2,E,0.6060606060606061,-113.6,144.6,6.0,10.0,0.375,2.118451907714203,15,9,5,4,0.02331371236697686,0,0,1,0,0,0,0,0,0,-1,0,0,0,0,0
1c6z,B,219,LEU,3.8,166.7,0.0,0,0,E,0.6951219512195121,-100.1,140.9,3.0,13.0,0.1875,1.9328166791009163,15,9,16,-7,0.032639197313767604,0,0,1,0,0,0,0,0,0,-1,0,0,0,0,0
1c6z,B,220,MET,1.9,162.9,0.0,0,0,E,0.16489361702127658,-147.0,177.2,13.0,10.0,0.5652173913043478,2.058764851410882,23,8,20,-12,0.030774100324409453,0,0,1,0,0,0,0,0,0,13,16,9,0,1,1
1c6z,B,221,GLU,-3.5,138.4,-1.0,1,3,E,0.520618556701031,-103.2,136.6,6.0,17.0,0.2608695652173913,1.7418297383233865,20,4,2,2,0.03124037457174899,0,0,1,0,0,0,0,0,0,13,16,9,0,1,1
1c6z,B,222,ALA,1.8,88.6,0.0,0,0,E,0.018867924528301886,-121.2,172.1,18.0,12.0,0.6,2.210959377097603,30,8,18,-10,0.045694876239274644,0,0,1,0,0,0,0,0,0,13,16,9,0,1,1
1c6z,B,223,LEU,3.8,166.7,0.0,0,0,E,0.042682926829268296,-121.5,119.2,19.0,17.0,0.5277777777777778,2.8449899511693872,35,16,24,-8,0.04616115048661418,0,0,1,0,0,0,0,0,0,-1,0,0,0,0,0
1c6z,B,224,ILE,4.5,166.7,0.0,0,0,E,0.011834319526627219,-64.9,118.1,24.0,24.0,0.5,4.769717872462439,41,13,15,-2,0.048492521723311866,0,0,1,0,0,0,0,0,0,-1,0,0,0,0,0
1c6z,B,225,ASP,-3.5,111.1,-1.0,1,3,-,0.09815950920245399,-134.3,104.3,16.0,26.0,0.38095238095238093,3.129517249671982,40,15,21,-6,0.048026247475972325,0,0,0,0,0,0,0,0,0,-1,0,0,0,0,0
1c6z,B,226,THR,-0.7,116.1,0.0,1,1,T,0.0,-78.0,-6.1,24.0,17.0,0.5853658536585366,5.163847548376107,41,19,26,-7,0.048492521723311866,0,0,0,0,0,1,0,0,0,-1,0,0,0,0,0
1c6z,B,227,GLY,-0.4,60.1,0.0,0,0,T,0.2261904761904762,-91.0,-13.4,19.0,20.0,0.48717948717948717,1.955302765947584,34,22,30,-8,0.045694876239274644,0,0,0,0,0,1,0,0,0,-1,0,0,0,0,0
1c6z,B,228,ALA,1.8,88.6,0.0,0,0,-,0.1792452830188679,-91.0,126.6,21.0,16.0,0.5675675675675675,2.276464102037194,31,21,32,-11,0.03776821403450251,0,0,0,0,0,0,0,0,0,-1,0,0,0,0,0
1c6z,B,229,ASP,-3.5,111.1,-1.0,1,3,S,0.3496932515337423,-68.6,-32.4,3.0,27.0,0.1,1.715503645503944,26,25,15,10,0.03170664881908853,0,0,0,0,0,0,1,0,0,7,43,6,0,2,1
1c6z,B,230,ASP,-3.5,111.1,-1.0,1,3,S,0.3067484662576687,-129.5,172.0,15.0,19.0,0.4411764705882353,1.7358037641063078,30,20,14,6,0.04103213376587927,0,0,0,0,0,0,1,0,0,-1,0,0,0,0,0
1c6z,B,231,THR,-0.7,116.1,0.0,1,1,E,0.0,-98.5,130.2,19.0,20.0,0.48717948717948717,4.252347169508232,40,10,22,-12,0.045694876239274644,0,0,1,0,0,0,0,0,0,-1,0,0,0,0,0
1c6z,B,232,VAL,4.2,140.0,0.0,0,0,E,0.056338028169014086,-130.9,112.0,19.0,22.0,0.4634146341463415,3.5283773185101284,39,9,30,-21,0.04662742473395372,0,0,1,0,0,0,0,0,0,2,96,10,0,11,1
1c6z,B,233,LEU,3.8,166.7,0.0,0,0,E,0.0,-103.9,165.5,16.0,18.0,0.47058823529411764,3.0886106380924003,34,6,28,-22,0.048958795970651406,0,0,1,0,0,0,0,0,0,-1,0,0,0,0,0
1c6z,B,234,GLU,-3.5,138.4,-1.0,1,3,E,0.4690721649484536,-65.7,145.5,7.0,18.0,0.28,1.724318996533988,24,0,14,-14,0.03916703677652112,0,0,1,0,0,0,0,0,0,-1,0,0,0,0,0
1c6z,B,235,GLU,-3.5,138.4,-1.0,1,3,S,0.44329896907216493,-48.4,132.9,6.0,14.0,0.3,1.7385668684014048,20,14,17,-3,0.032639197313767604,0,0,0,0,0,0,1,0,0,4,194,3,0,6,1
1c6z,B,236,MET,1.9,162.9,0.0,0,0,-,0.21808510638297873,-176.7,174.6,10.0,13.0,0.43478260869565216,2.031191221864822,22,11,26,-15,0.02844272908771177,0,0,0,0,0,0,0,0,0,4,194,3,0,6,1
1c6z,B,237,ASP,-3.5,111.1,-1.0,1,3,-,0.7914110429447853,-101.8,126.5,0.0,19.0,0.0,1.7061220574018077,14,11,11,0,0.026577632098353617,0,0,0,0,0,0,0,0,0,4,194,3,0,6,1
1c6z,B,238,LEU,3.8,166.7,0.0,0,0,-,0.08536585365853659,-108.6,156.3,22.0,5.0,0.8148148148148148,2.5227006677615327,25,15,21,-6,0.030774100324409453,0,0,0,0,0,0,0,0,0,4,194,3,0,6,1
1c6z,B,239,PRO,-1.6,112.7,0.0,0,0,S,0.8235294117647058,-67.7,58.6,7.0,11.0,0.3888888888888889,1.8696096490139278,16,6,11,-5,0.020516066882939634,0,0,0,0,0,0,1,0,0,14,37,3,0,1,1
1c6z,B,240,GLY,-0.4,60.1,0.0,0,0,S,0.5238095238095238,-171.5,-175.8,14.0,4.0,0.7777777777777778,1.7096724100486616,16,19,14,5,0.02611135785101408,0,0,0,0,0,0,1,0,0,14,37,3,0,1,1
1c6z,B,241,ARG,-4.5,173.4,1.0,5,0,-,0.9274193548387096,-97.7,160.4,1.0,16.0,0.058823529411764705,1.806870706693862,12,11,8,3,0.026577632098353617,0,0,0,0,0,0,0,0,0,14,37,3,0,1,1
1c6z,B,242,TRP,-0.9,227.8,0.0,1,0,-,0.45374449339207046,-131.4,166.7,16.0,5.0,0.7619047619047619,1.8468176781697614,20,42,13,29,0.03823448828184205,0,0,0,0,0,0,0,0,0,14,37,3,0,1,1
1c6z,B,243,LYS,-3.9,168.6,1.0,2,0,-,0.5414634146341464,-127.3,166.9,7.0,9.0,0.4375,2.1850194469061126,17,28,8,20,0.03124037457174899,0,0,0,0,0,0,0,0,0,-1,0,0,0,0,0
1c6z,B,244,PRO,-1.6,112.7,0.0,0,0,E,0.6985294117647058,-87.4,152.5,1.0,15.0,0.0625,2.0330615883368197,15,37,1,36,0.03310547156110714,0,0,1,0,0,0,0,0,0,15,21,4,0,1,1
1c6z,B,245,LYS,-3.9,168.6,1.0,2,0,E,0.36097560975609755,-150.7,147.8,16.0,5.0,0.7619047619047619,2.099152597752478,22,24,8,16,0.0363693912924839,0,0,1,0,0,0,0,0,0,15,21,4,0,1,1
1c6z,B,246,ILE,4.5,166.7,0.0,0,0,E,0.6153846153846154,-120.8,119.1,2.0,19.0,0.09523809523809523,1.9636344962984644,15,24,0,24,0.02984155182973038,0,0,1,0,0,0,0,0,0,15,21,4,0,1,1
1c6z,B,247,ILE,4.5,166.7,0.0,0,0,E,0.17751479289940827,-125.9,146.4,17.0,9.0,0.6538461538461539,2.2607052812698876,26,20,14,6,0.032172923066428064,0,0,1,0,0,0,0,0,0,15,21,4,0,1,1
1c6z,B,248,GLY,-0.4,60.1,0.0,0,0,E,0.5714285714285714,-108.9,138.5,5.0,18.0,0.21739130434782608,1.7096747485078396,24,9,9,0,0.029375277582390842,0,0,1,0,0,0,0,0,0,15,21,4,0,1,1
1c6z,B,249,GLY,-0.4,60.1,0.0,0,0,E,0.30952380952380953,-122.2,-167.2,15.0,12.0,0.5555555555555556,1.7762548110800678,25,0,1,-1,0.03124037457174899,0,0,1,0,0,0,0,0,0,-1,0,0,0,0,0
1c6z,B,250,ILE,4.5,166.7,0.0,0,0,T,0.16568047337278108,-74.2,129.1,20.0,11.0,0.6451612903225806,2.14587682598257,26,4,1,3,0.03357174580844668,0,0,0,0,0,1,0,0,0,1,204,6,0,15,1
1c6z,B,251,GLY,-0.4,60.1,0.0,0,0,T,0.5595238095238095,99.1,-21.0,13.0,10.0,0.5652173913043478,1.70965887491817,22,5,0,5,0.032172923066428064,0,0,0,0,0,1,0,0,0,1,204,6,0,15,1
1c6z,B,252,GLY,-0.4,60.1,0.0,0,0,E,0.32142857142857145,163.3,-179.1,7.0,12.0,0.3684210526315789,1.7927916322934103,19,1,0,1,0.027043906345693154,0,0,1,0,0,0,0,0,0,-1,0,0,0,0,0
1c6z,B,253,PHE,2.8,189.9,0.0,0,0,E,0.7817258883248731,-103.3,147.9,4.0,15.0,0.21052631578947367,1.8344315373918638,15,8,0,8,0.02984155182973038,0,0,1,0,0,0,0,0,0,15,21,4,0,1,1
1c6z,B,254,VAL,4.2,140.0,0.0,0,0,E,0.15492957746478872,-120.8,156.3,16.0,7.0,0.6956521739130435,2.0527836801891217,24,19,1,18,0.03683566553982344,0,0,1,0,0,0,0,0,0,15,21,4,0,1,1
1c6z,B,255,LYS,-3.9,168.6,1.0,2,0,E,0.48292682926829267,-108.9,120.4,1.0,21.0,0.045454545454545456,1.9542598386198715,19,21,4,17,0.032172923066428064,0,0,1,0,0,0,0,0,0,-1,0,0,0,0,0
1c6z,B,256,VAL,4.2,140.0,0.0,0,0,E,0.0,-129.3,163.6,21.0,7.0,0.75,2.9358534300738346,27,35,12,23,0.04662742473395372,0,0,1,0,0,0,0,0,0,15,21,4,0,1,1
1c6z,B,257,ARG,-4.5,173.4,1.0,5,0,E,0.20161290322580644,-83.7,164.0,16.0,13.0,0.5517241379310345,2.6449404972256687,25,26,22,4,0.04989134446533048,0,0,1,0,0,0,0,0,0,4,194,3,0,6,1
1c6z,B,258,GLN,-3.5,143.8,0.0,2,2,E,0.13636363636363635,-137.2,88.9,7.0,23.0,0.23333333333333334,2.4947713823057014,26,34,12,22,0.0526889899493677,0,0,1,0,0,0,0,0,0,-1,0,0,0,0,0
1c6z,B,259,TYR,-1.3,193.6,0.0,1,1,E,0.0045045045045045045,-84.3,116.7,19.0,12.0,0.6129032258064516,2.581364504478293,28,30,22,8,0.05222271570202816,0,0,1,0,0,0,0,0,0,14,37,3,0,1,1
1c6z,B,260,ASP,-3.5,111.1,-1.0,1,3,E,0.3619631901840491,-89.7,143.2,5.0,18.0,0.21739130434782608,1.7423231585590522,20,20,1,19,0.0363693912924839,0,0,1,0,0,0,0,0,0,-1,0,0,0,0,0
1c6z,B,261,GLN,-3.5,143.8,0.0,2,2,E,0.5606060606060606,48.9,52.8,0.0,21.0,0.0,1.9398745165317157,17,3,8,-5,0.029375277582390842,0,0,1,0,0,0,0,0,0,11,32,5,0,2,1
1c6z,B,262,ILE,4.5,166.7,0.0,0,0,E,0.09467455621301775,-88.3,134.5,20.0,6.0,0.7692307692307693,2.5922501704362095,27,5,10,-5,0.040099585271200194,0,0,1,0,0,0,0,0,0,11,32,5,0,2,1
1c6z,B,263,PRO,-1.6,112.7,0.0,0,0,E,0.6691176470588235,-82.3,110.0,4.0,19.0,0.17391304347826086,2.0033604153881948,22,17,12,5,0.032172923066428064,0,0,1,0,0,0,0,0,0,11,32,5,0,2,1
1c6z,B,264,ILE,4.5,166.7,0.0,0,0,E,0.005917159763313609,-116.5,128.6,23.0,13.0,0.6388888888888888,3.092642460856113,33,22,9,13,0.04429605349725603,0,0,1,0,0,0,0,0,0,11,32,5,0,2,1
1c6z,B,265,GLU,-3.5,138.4,-1.0,1,3,E,0.29896907216494845,-90.6,93.3,10.0,17.0,0.37037037037037035,1.8144896253123959,22,28,0,28,0.040565859518539735,0,0,1,0,0,0,0,0,0,-1,0,0,0,0,0
1c6z,B,266,ILE,4.5,166.7,0.0,0,0,E,0.011834319526627219,-82.1,92.3,18.0,17.0,0.5142857142857142,4.212066167950394,30,24,9,15,0.04616115048661418,0,0,1,0,0,0,0,0,0,-1,0,0,0,0,0
1c6z,B,267,CYS,2.5,108.5,0.0,1,0,T,0.43703703703703706,50.4,65.1,12.0,12.0,0.5,1.8455163995043264,22,23,10,13,0.03170664881908853,0,0,0,0,0,1,0,0,0,-1,0,0,0,0,0
1c6z,B,268,GLY,-0.4,60.1,0.0,0,0,T,0.7380952380952381,89.5,-34.4,4.0,10.0,0.2857142857142857,1.7098028392848996,13,26,9,17,0.020049792635600097,0,0,0,0,0,1,0,0,0,-1,0,0,0,0,0
1c6z,B,269,HIS,-3.2,153.2,0.1,2,1,E,0.391304347826087,-91.9,123.9,12.0,8.0,0.6,2.025810243333277,19,9,9,0,0.030307826077069916,0,0,1,0,0,0,0,0,0,5,106,4,0,5,1
1c6z,B,270,LYS,-3.9,168.6,1.0,2,0,E,0.8439024390243902,-91.4,135.2,1.0,18.0,0.05263157894736842,1.9067003640071951,14,17,9,8,0.03170664881908853,0,0,1,0,0,0,0,0,0,-1,0,0,0,0,0
1c6z,B,271,VAL,4.2,140.0,0.0,0,0,E,0.09859154929577464,-137.5,173.3,14.0,10.0,0.5833333333333334,2.2043380640316785,26,23,9,14,0.03963331102386066,0,0,1,0,0,0,0,0,0,11,32,5,0,2,1
1c6z,B,272,ILE,4.5,166.7,0.0,0,0,E,0.5857988165680473,-134.6,144.2,2.0,22.0,0.08333333333333333,1.9480459888487272,19,11,9,2,0.032172923066428064,0,0,1,0,0,0,0,0,0,11,32,5,0,2,1
1c6z,B,273,GLY,-0.4,60.1,0.0,0,0,E,0.05952380952380952,174.0,175.9,19.0,9.0,0.6785714285714286,2.689800166789826,24,2,14,-12,0.04149840801321881,0,0,1,0,0,0,0,0,0,11,32,5,0,2,1
1c6z,B,274,THR,-0.7,116.1,0.0,1,1,E,0.19014084507042253,-83.3,124.0,11.0,22.0,0.3333333333333333,2.2939534916519664,30,13,18,-5,0.043829779249916496,0,0,1,0,0,0,0,0,0,-1,0,0,0,0,0
1c6z,B,275,VAL,4.2,140.0,0.0,0,0,E,0.0,-116.1,134.4,21.0,20.0,0.5121951219512195,5.3668485039885825,35,11,19,-8,0.050823892960009553,0,0,1,0,0,0,0,0,0,-1,0,0,0,0,0
1c6z,B,276,LEU,3.8,166.7,0.0,0,0,E,0.0,-95.8,143.0,20.0,19.0,0.5128205128205128,4.115641100653598,40,26,26,0,0.048492521723311866,0,0,1,0,0,0,0,0,0,-1,0,0,0,0,0
1c6z,B,277,VAL,4.2,140.0,0.0,0,0,E,0.0,-123.6,121.4,13.0,23.0,0.3611111111111111,3.991195731025762,34,30,25,5,0.050823892960009553,0,0,1,0,0,0,0,0,0,4,194,3,0,6,1
1c6z,B,278,GLY,-0.4,60.1,0.0,0,0,E,0.0,-156.9,-170.7,19.0,13.0,0.59375,2.3953449684676587,26,22,19,3,0.04429605349725603,0,0,1,0,0,0,0,0,0,2,96,10,0,11,1
1c6z,B,279,PRO,-1.6,112.7,0.0,0,0,S,0.6470588235294118,-75.3,44.4,9.0,15.0,0.375,1.9433555500456612,23,16,18,-2,0.030774100324409453,0,0,0,0,0,0,1,0,0,2,96,10,0,11,1
1c6z,B,280,THR,-0.7,116.1,0.0,1,1,-,0.056338028169014086,-87.6,145.0,21.0,8.0,0.7241379310344828,2.250186196872322,22,3,18,-15,0.0363693912924839,0,0,0,0,0,0,0,0,0,2,96,10,0,11,1
1c6z,B,281,PRO,-1.6,112.7,0.0,0,0,S,0.6691176470588235,-80.2,-15.9,5.0,14.0,0.2631578947368421,1.9333051834114445,20,3,12,-9,0.02331371236697686,0,0,0,0,0,0,1,0,0,2,96,10,0,11,1
1c6z,B,282,THR,-0.7,116.1,0.0,1,1,S,0.47183098591549294,-139.6,141.0,13.0,13.0,0.5,2.08527256707478,23,7,18,-11,0.030307826077069916,0,0,0,0,0,0,1,0,0,-1,0,0,0,0,0
1c6z,B,283,ASN,-3.5,114.1,0.0,2,2,-,0.09554140127388536,-72.5,132.8,16.0,18.0,0.47058823529411764,2.1371086509332775,33,0,26,-26,0.043363505002576956,0,0,0,0,0,0,0,0,0,-1,0,0,0,0,0
1c6z,B,284,ILE,4.5,166.7,0.0,0,0,E,0.1242603550295858,-121.6,131.1,23.0,18.0,0.5609756097560976,3.318086797030445,41,2,27,-25,0.04476232774459557,0,0,1,0,0,0,0,0,0,-1,0,0,0,0,0
1c6z,B,285,ILE,4.5,166.7,0.0,0,0,E,0.0,-104.7,101.7,22.0,23.0,0.4888888888888889,6.341451331682399,41,6,20,-14,0.05129016720734909,0,0,1,0,0,0,0,0,0,-1,0,0,0,0,0
1c6z,B,286,GLY,-0.4,60.1,0.0,0,0,-,0.0,-79.5,-180.0,14.0,21.0,0.4,4.430496366270214,34,11,25,-14,0.05129016720734909,0,0,0,0,0,0,0,0,0,-1,0,0,0,0,0
1c6z,B,287,ARG,-4.5,173.4,1.0,5,0,T,0.1693548387096774,-72.8,23.8,18.0,18.0,0.5,2.199900845216208,25,11,24,-13,0.048492521723311866,0,0,0,0,0,1,0,0,0,7,43,6,0,2,1
1c6z,B,288,ASN,-3.5,114.1,0.0,2,2,T,0.267515923566879,-99.8,-34.9,13.0,20.0,0.3939393939393939,2.0657701273540834,28,11,18,-7,0.04149840801321881,0,0,0,0,0,1,0,0,0,-1,0,0,0,0,0
1c6z,B,289,LEU,3.8,166.7,0.0,0,0,T,0.0,-96.0,-18.5,24.0,12.0,0.6666666666666666,3.2317958152417696,39,15,17,-2,0.04476232774459557,0,0,0,0,0,1,0,0,0,-1,0,0,0,0,0
1c6z,B,290,LEU,3.8,166.7,0.0,0,0,T,0.006097560975609756,-74.0,-40.8,24.0,17.0,0.5853658536585366,4.960809861028622,38,16,15,1,0.04755997322863279,0,0,0,0,0,1,0,0,0,5,106,4,0,5,1
1c6z,B,291,THR,-0.7,116.1,0.0,1,1,T,0.11971830985915492,-64.2,-21.1,11.0,21.0,0.34375,2.079801216785107,25,12,1,11,0.04289723075523742,0,0,0,0,0,1,0,0,0,-1,0,0,0,0,0
1c6z,B,292,GLN,-3.5,143.8,0.0,2,2,T,0.5151515151515151,-78.1,-35.2,14.0,10.0,0.5833333333333334,1.927283624311814,22,19,0,19,0.03450429430312575,0,0,0,0,0,1,0,0,0,5,106,4,0,5,1
1c6z,B,293,ILE,4.5,166.7,0.0,0,0,T,0.029585798816568046,-88.4,10.9,21.0,8.0,0.7241379310344828,2.787561524419139,29,18,4,14,0.03963331102386066,0,0,0,0,0,1,0,0,0,5,106,4,0,5,1
1c6z,B,294,GLY,-0.4,60.1,0.0,0,0,T,0.5833333333333334,67.6,42.4,4.0,18.0,0.18181818181818182,1.7095247221218157,23,8,0,8,0.032639197313767604,0,0,0,0,0,1,0,0,0,5,106,4,0,5,1
1c6z,B,295,CYS,2.5,108.5,0.0,1,0,-,0.022222222222222223,-90.4,133.3,19.0,11.0,0.6333333333333333,2.681253377053295,30,12,3,9,0.04243095650789788,0,0,0,0,0,0,0,0,0,5,106,4,0,5,1
1c6z,B,296,THR,-0.7,116.1,0.0,1,1,E,0.11267605633802817,-131.4,165.6,7.0,25.0,0.21875,2.9462010236256164,28,0,0,0,0.04196468226055834,0,0,1,0,0,0,0,0,0,-1,0,0,0,0,0
1c6z,B,297,LEU,3.8,166.7,0.0,0,0,E,0.0,-113.1,121.4,23.0,16.0,0.5897435897435898,5.011148358004788,37,1,4,-3,0.04942507021799094,0,0,1,0,0,0,0,0,0,16,24,2,0,0,1
1c6z,B,298,ASN,-3.5,114.1,0.0,2,2,E,0.29936305732484075,-121.7,144.2,8.0,18.0,0.3076923076923077,2.085204157822373,22,0,0,0,0.04196468226055834,0,0,1,0,0,0,0,0,0,-1,0,0,0,0,0
1c6z,B,299,PHE,2.8,189.9,0.0,0,0,-,0.22842639593908629,-166.1,360.0,17.0,6.0,0.7391304347826086,2.418639254091292,23,8,0,8,0.03170664881908853,0,0,0,0,0,0,0,0,0,16,24,2,0,0,1
1iux,A,1,MET,1.9,162.9,0.0,0,0,-,0.5851063829787234,360.0,159.5,16.0,2.0,0.8888888888888888,1.829635870105369,20,19,8,11,0.02144861537761871,0,0,0,0,0,0,0,0,0,-1,0,0,0,0,0
1iux,A,2,LYS,-3.9,168.6,1.0,2,0,B,0.7024390243902439,-143.1,146.5,2.0,19.0,0.09523809523809523,1.906062115090928,18,8,23,-15,0.025178809356335007,0,1,0,0,0,0,0,0,0,-1,0,0,0,0,0
1iux,A,3,THR,-0.7,116.1,0.0,1,1,-,0.07746478873239436,-151.8,-178.5,21.0,7.0,0.75,2.11864536873436,26,12,24,-12,0.040099585271200194,0,0,0,0,0,0,0,0,0,14,39,5,0,2,1
1iux,A,4,GLN,-3.5,143.8,0.0,2,2,S,0.26262626262626265,-95.0,-52.6,11.0,20.0,0.3548387096774194,2.604936204574542,22,12,21,-9,0.04196468226055834,0,0,0,0,0,0,1,0,0,14,39,5,0,2,1
1iux,A,5,VAL,4.2,140.0,0.0,0,0,E,0.007042253521126761,-121.9,118.4,23.0,21.0,0.5227272727272727,5.881317271928239,36,14,20,-6,0.05129016720734909,0,0,1,0,0,0,0,0,0,14,39,5,0,2,1
1iux,A,6,ALA,1.8,88.6,0.0,0,0,E,0.0,-89.5,131.5,24.0,25.0,0.4897959183673469,7.235157363904004,44,11,18,-7,0.050823892960009553,0,0,1,0,0,0,0,0,0,-1,0,0,0,0,0
1iux,A,7,ILE,4.5,166.7,0.0,0,0,E,0.0,-118.3,121.5,26.0,30.0,0.4642857142857143,6.26343828481988,46,5,12,-7,0.048492521723311866,0,0,1,0,0,0,0,0,0,-1,0,0,0,0,0
1iux,A,8,ILE,4.5,166.7,0.0,0,0,E,0.04142011834319527,-96.0,113.3,28.0,24.0,0.5384615384615384,3.296962398832166,42,8,17,-9,0.04662742473395372,0,0,1,0,0,0,0,0,0,-1,0,0,0,0,0
1iux,A,9,GLY,-0.4,60.1,0.0,0,0,-,0.047619047619047616,111.1,125.4,23.0,21.0,0.5227272727272727,2.3094957461998513,40,14,17,-3,0.043363505002576956,0,0,0,0,0,0,0,0,0,-1,0,0,0,0,0
1iux,A,10,ALA,1.8,88.6,0.0,0,0,-,0.0,-109.6,42.6,22.0,21.0,0.5116279069767442,2.7294931250126018,39,18,15,3,0.045694876239274644,0,0,0,0,0,0,0,0,0,-1,0,0,0,0,0
1iux,A,11,GLY,-0.4,60.1,0.0,0,0,S,0.13095238095238096,-92.1,-167.9,18.0,32.0,0.36,2.0948440126741286,42,16,17,-1,0.03870076252918159,0,0,0,0,0,0,1,0,0,-1,0,0,0,0,0
1iux,A,12,PRO,-1.6,112.7,0.0,0,0,H,0.13970588235294118,-49.3,-48.9,23.0,23.0,0.5,2.5024524267916433,43,17,15,2,0.03916703677652112,1,0,0,0,0,0,0,0,0,-1,0,0,0,0,0
1iux,A,13,SER,-0.8,89.0,0.0,1,1,H,0.12307692307692308,-56.9,-58.0,24.0,22.0,0.5217391304347826,2.6375363300938504,47,3,22,-19,0.043363505002576956,1,0,0,0,0,0,0,0,0,-1,0,0,0,0,0
1iux,A,14,GLY,-0.4,60.1,0.0,0,0,H,0.0,-59.3,-43.2,20.0,27.0,0.425531914893617,4.160985582794632,41,7,10,-3,0.045694876239274644,1,0,0,0,0,0,0,0,0,-1,0,0,0,0,0
1iux,A,15,LEU,3.8,166.7,0.0,0,0,H,0.012195121951219513,-67.0,-44.4,18.0,31.0,0.3673469387755102,4.455810964634593,43,16,13,3,0.04989134446533048,1,0,0,0,0,0,0,0,0,-1,0,0,0,0,0
1iux,A,16,LEU,3.8,166.7,0.0,0,0,H,0.03048780487804878,-62.6,-43.6,26.0,25.0,0.5098039215686274,6.57047360491494,47,11,15,-4,0.04476232774459557,1,0,0,0,0,0,0,0,0,-1,0,0,0,0,0
1iux,A,17,LEU,3.8,166.7,0.0,0,0,H,0.0,-63.0,-46.9,31.0,21.0,0.5961538461538461,7.296670576199039,44,13,7,6,0.048026247475972325,1,0,0,0,0,0,0,0,0,-1,0,0,0,0,0
1iux,A,18,GLY,-0.4,60.1,0.0,0,0,H,0.0,-59.5,-40.3,28.0,20.0,0.5833333333333334,5.345590438548899,41,28,5,23,0.04989134446533048,1,0,0,0,0,0,0,0,0,-1,0,0,0,0,0
1iux,A,19,GLN,-3.5,143.8,0.0,2,2,H,0.030303030303030304,-66.9,-46.9,24.0,21.0,0.5333333333333333,3.6795995995089643,38,32,15,17,0.05222271570202816,1,0,0,0,0,0,0,0,0,9,150,4,0,6,1
1iux,A,20,LEU,3.8,166.7,0.0,0,0,H,0.012195121951219513,-61.1,-42.9,18.0,19.0,0.4864864864864865,2.573098811599695,35,32,11,21,0.048026247475972325,1,0,0,0,0,0,0,0,0,5,262,7,0,18,1
1iux,A,21,LEU,3.8,166.7,0.0,0,0,H,0.0,-65.7,-44.3,23.0,16.0,0.5897435897435898,4.600271912229118,36,27,9,18,0.04942507021799094,1,0,0,0,0,0,0,0,0,-1,0,0,0,0,0
1iux,A,22,HIS,-3.2,153.2,0.1,2,1,H,0.30978260869565216,-60.3,-50.6,20.0,15.0,0.5714285714285714,2.0636803978306233,28,20,9,11,0.04103213376587927,1,0,0,0,0,0,0,0,0,9,150,4,0,6,1
1iux,A,23,LYS,-3.9,168.6,1.0,2,0,H,0.6341463414634146,-53.2,-35.1,12.0,11.0,0.5217391304347826,1.9585154543182957,22,12,9,3,0.03124037457174899,1,0,0,0,0,0,0,0,0,5,262,7,0,18,1
1iux,A,24,ALA,1.8,88.6,0.0,0,0,T,0.37735849056603776,-87.0,6.6,16.0,5.0,0.7619047619047619,1.7968750775143345,19,29,11,18,0.02984155182973038,0,0,0,0,0,1,0,0,0,-1,0,0,0,0,0
1iux,A,25,GLY,-0.4,60.1,0.0,0,0,T,0.6547619047619048,86.2,16.2,4.0,16.0,0.2,1.7095154582110221,18,26,8,18,0.02471253510899547,0,0,0,0,0,1,0,0,0,14,39,5,0,2,1
1iux,A,26,ILE,4.5,166.7,0.0,0,0,-,0.04142011834319527,-106.2,106.7,20.0,8.0,0.7142857142857143,2.2274898831879137,28,24,11,13,0.03823448828184205,0,0,0,0,0,0,0,0,0,14,39,5,0,2,1
1iux,A,27,ASP,-3.5,111.1,-1.0,1,3,-,0.5644171779141104,-61.8,145.9,7.0,23.0,0.23333333333333334,2.0475666028509676,27,26,6,20,0.03916703677652112,0,0,0,0,0,0,0,0,0,14,39,5,0,2,1
1iux,A,28,ASN,-3.5,114.1,0.0,2,2,E,0.03821656050955414,-155.6,149.7,25.0,15.0,0.625,2.2902830541415224,37,23,9,14,0.05035761871267001,0,0,1,0,0,0,0,0,0,-1,0,0,0,0,0
1iux,A,29,VAL,4.2,140.0,0.0,0,0,E,0.035211267605633804,-123.0,134.4,17.0,23.0,0.425,3.431672097508378,36,13,14,-1,0.045694876239274644,0,0,1,0,0,0,0,0,0,-1,0,0,0,0,0
1iux,A,30,ILE,4.5,166.7,0.0,0,0,E,0.0,-106.0,131.1,25.0,21.0,0.5434782608695652,5.000637850240383,37,11,11,0,0.048958795970651406,0,0,1,0,0,0,0,0,0,-1,0,0,0,0,0
1iux,A,31,LEU,3.8,166.7,0.0,0,0,E,0.012195121951219513,-112.5,125.7,25.0,21.0,0.5434782608695652,3.176835565924028,41,15,21,-6,0.04989134446533048,0,0,1,0,0,0,0,0,0,-1,0,0,0,0,0
1iux,A,32,GLU,-3.5,138.4,-1.0,1,3,E,0.0979381443298969,-127.9,130.6,17.0,20.0,0.4594594594594595,2.1903427527611594,32,15,9,6,0.04755997322863279,0,0,1,0,0,0,0,0,0,2,1305,9,0,141,1
1iux,A,33,ARG,-4.5,173.4,1.0,5,0,S,0.6370967741935484,-63.4,-42.8,11.0,21.0,0.34375,1.8799044258878141,24,9,28,-19,0.03450429430312575,0,0,0,0,0,0,1,0,0,15,24,8,0,2,1
1iux,A,34,GLN,-3.5,143.8,0.0,2,2,S,0.30303030303030304,-89.3,-174.6,12.0,15.0,0.4444444444444444,2.210245662427879,20,17,17,0,0.040565859518539735,0,0,0,0,0,0,1,0,0,15,24,8,0,2,1
1iux,A,35,THR,-0.7,116.1,0.0,1,1,-,0.2605633802816901,-96.2,159.5,3.0,18.0,0.14285714285714285,2.479106931326036,17,11,17,-6,0.03823448828184205,0,0,0,0,0,0,0,0,0,15,24,8,0,2,1
1iux,A,36,PRO,-1.6,112.7,0.0,0,0,H,0.3088235294117647,-55.8,-42.0,7.0,20.0,0.25925925925925924,2.354338148407178,21,11,18,-7,0.03403802005578621,1,0,0,0,0,0,0,0,0,2,1305,9,0,141,1
1iux,A,37,ASP,-3.5,111.1,-1.0,1,3,H,0.7791411042944786,-59.2,-43.5,0.0,18.0,0.0,1.6947908513597854,12,4,1,3,0.02611135785101408,1,0,0,0,0,0,0,0,0,2,1305,9,0,141,1
1iux,A,38,TYR,-1.3,193.6,0.0,1,1,H,0.5720720720720721,-61.7,-50.6,7.0,11.0,0.3888888888888889,1.8581787170671735,15,21,14,7,0.03357174580844668,1,0,0,0,0,0,0,0,0,2,1305,9,0,141,1
1iux,A,39,VAL,4.2,140.0,0.0,0,0,H,0.04225352112676056,-56.7,-42.4,19.0,9.0,0.6785714285714286,2.6556928608724903,23,25,16,9,0.04289723075523742,1,0,0,0,0,0,0,0,0,2,1305,9,0,141,1
1iux,A,40,LEU,3.8,166.7,0.0,0,0,H,0.35365853658536583,-70.2,-13.4,9.0,15.0,0.375,2.009107139615493,23,21,18,3,0.03683566553982344,1,0,0,0,0,0,0,0,0,2,1305,9,0,141,1
1iux,A,41,GLY,-0.4,60.1,0.0,0,0,T,0.6071428571428571,-81.4,-12.8,8.0,13.0,0.38095238095238093,1.7582563719364779,20,22,15,7,0.02844272908771177,0,0,0,0,0,1,0,0,0,2,1305,9,0,141,1
1iux,A,42,ARG,-4.5,173.4,1.0,5,0,-,0.25806451612903225,-78.2,117.8,14.0,12.0,0.5384615384615384,1.8840054625370457,23,11,13,-2,0.03450429430312575,0,0,0,0,0,0,0,0,0,2,1305,9,0,141,1
1iux,A,43,ILE,4.5,166.7,0.0,0,0,-,0.14201183431952663,-71.6,-66.1,14.0,18.0,0.4375,2.209381052780051,28,46,16,30,0.03776821403450251,0,0,0,0,0,0,0,0,0,-1,0,0,0,0,0
1iux,A,44,ARG,-4.5,173.4,1.0,5,0,-,0.49193548387096775,52.1,-130.7,16.0,24.0,0.4,1.8331641036908692,26,21,8,13,0.032172923066428064,0,0,0,0,0,0,0,0,0,-1,0,0,0,0,0
1iux,A,45,ALA,1.8,88.6,0.0,0,0,-,0.24528301886792453,-54.7,148.9,19.0,15.0,0.5588235294117647,2.1993547867661527,30,34,6,28,0.034970568550465285,0,0,0,0,0,0,0,0,0,-1,0,0,0,0,0
1iux,A,46,GLY,-0.4,60.1,0.0,0,0,-,0.08333333333333333,-133.8,-21.8,17.0,24.0,0.4146341463414634,2.3258333352903815,37,33,8,25,0.04103213376587927,0,0,0,0,0,0,0,0,0,-1,0,0,0,0,0
1iux,A,47,VAL,4.2,140.0,0.0,0,0,E,0.09154929577464789,-110.6,124.5,18.0,25.0,0.4186046511627907,2.2176620090396253,38,29,9,20,0.04243095650789788,0,0,1,0,0,0,0,0,0,-1,0,0,0,0,0
1iux,A,48,LEU,3.8,166.7,0.0,0,0,E,0.0,-114.5,138.2,20.0,21.0,0.4878048780487805,4.415040438864637,35,9,11,-2,0.04662742473395372,0,0,1,0,0,0,0,0,0,-1,0,0,0,0,0
1iux,A,49,GLU,-3.5,138.4,-1.0,1,3,E,0.020618556701030927,-79.4,162.0,22.0,18.0,0.55,2.7490658297043153,36,21,8,13,0.048958795970651406,0,0,1,0,0,0,0,0,0,-1,0,0,0,0,0
1iux,A,50,GLN,-3.5,143.8,0.0,2,2,H,0.2777777777777778,-61.3,-34.5,14.0,20.0,0.4117647058823529,1.9720025917218524,27,18,17,1,0.04196468226055834,1,0,0,0,0,0,0,0,0,29,2,5,0,0,1
1iux,A,51,GLY,-0.4,60.1,0.0,0,0,H,0.25,-61.8,-36.0,17.0,15.0,0.53125,1.8269508797248453,30,21,22,-1,0.043829779249916496,1,0,0,0,0,0,0,0,0,29,2,5,0,0,1
1iux,A,52,MET,1.9,162.9,0.0,0,0,H,0.02127659574468085,-72.4,-41.6,25.0,17.0,0.5952380952380952,4.750365744404597,38,8,23,-15,0.045228601991935104,1,0,0,0,0,0,0,0,0,-1,0,0,0,0,0
1iux,A,53,VAL,4.2,140.0,0.0,0,0,H,0.08450704225352113,-59.8,-41.4,18.0,19.0,0.4864864864864865,2.9439176497584945,31,12,29,-17,0.04243095650789788,1,0,0,0,0,0,0,0,0,29,2,5,0,0,1
1iux,A,54,ASP,-3.5,111.1,-1.0,1,3,H,0.3987730061349693,-67.3,-36.5,6.0,18.0,0.25,1.9454710773326487,21,15,20,-5,0.03776821403450251,1,0,0,0,0,0,0,0,0,29,2,5,0,0,1
1iux,A,55,LEU,3.8,166.7,0.0,0,0,H,0.024390243902439025,-66.3,-38.5,24.0,9.0,0.7272727272727273,2.6128179701353327,36,17,27,-10,0.043363505002576956,1,0,0,0,0,0,0,0,0,29,2,5,0,0,1
1iux,A,56,LEU,3.8,166.7,0.0,0,0,H,0.024390243902439025,-64.6,-38.4,19.0,17.0,0.5277777777777778,4.653024099475747,38,18,37,-19,0.04709369898129325,1,0,0,0,0,0,0,0,0,5,262,7,0,18,1
1iux,A,57,ARG,-4.5,173.4,1.0,5,0,H,0.532258064516129,-66.2,-42.5,6.0,16.0,0.2727272727272727,2.0176723038007873,18,5,25,-20,0.03590311704514436,1,0,0,0,0,0,0,0,0,29,2,5,0,0,1
1iux,A,58,GLU,-3.5,138.4,-1.0,1,3,H,0.41237113402061853,-62.1,-35.4,12.0,10.0,0.5454545454545454,1.73878698990572,23,26,13,13,0.03450429430312575,1,0,0,0,0,0,0,0,0,5,262,7,0,18,1
1iux,A,59,ALA,1.8,88.6,0.0,0,0,T,0.018867924528301886,-78.2,-5.7,25.0,6.0,0.8064516129032258,2.4956285182301388,30,28,25,3,0.04196468226055834,0,0,0,0,0,1,0,0,0,5,262,7,0,18,1
1iux,A,60,GLY,-0.4,60.1,0.0,0,0,T,0.5952380952380952,73.5,22.4,10.0,16.0,0.38461538461538464,1.865287497332366,23,26,26,0,0.028909003335051305,0,0,0,0,0,1,0,0,0,5,262,7,0,18,1
1iux,A,61,VAL,4.2,140.0,0.0,0,0,-,0.09859154929577464,-119.2,54.2,21.0,11.0,0.65625,2.0176483157104,31,38,36,2,0.03963331102386066,0,0,0,0,0,0,0,0,0,5,262,7,0,18,1
1iux,A,62,ASP,-3.5,111.1,-1.0,1,3,-,0.25153374233128833,-122.8,6.9,10.0,17.0,0.37037037037037035,1.805160363189786,23,34,19,15,0.03823448828184205,0,0,0,0,0,0,0,0,0,28,4,3,0,0,1
1iux,A,63,ARG,-4.5,173.4,1.0,5,0,H,0.657258064516129,-54.9,-64.3,6.0,14.0,0.3,1.845880602622102,13,25,24,1,0.03124037457174899,1,0,0,0,0,0,0,0,0,28,4,3,0,0,1
1iux,A,64,ARG,-4.5,173.4,1.0,5,0,H,0.22983870967741934,-59.6,-39.5,11.0,12.0,0.4782608695652174,2.203529410776308,19,33,41,-8,0.03963331102386066,1,0,0,0,0,0,0,0,0,28,4,3,0,0,1
1iux,A,65,MET,1.9,162.9,0.0,0,0,H,0.0425531914893617,-62.7,-43.6,23.0,9.0,0.71875,2.2863423538847734,28,39,33,6,0.043363505002576956,1,0,0,0,0,0,0,0,0,28,4,3,0,0,1
1iux,A,66,ALA,1.8,88.6,0.0,0,0,H,0.7358490566037735,-63.2,-29.7,7.0,14.0,0.3333333333333333,1.8927040365271282,17,36,18,18,0.028909003335051305,1,0,0,0,0,0,0,0,0,28,4,3,0,0,1
1iux,A,67,ARG,-4.5,173.4,1.0,5,0,H,0.5564516129032258,-82.2,-51.6,4.0,10.0,0.2857142857142857,1.850864823043657,12,24,16,8,0.025178809356335007,1,0,0,0,0,0,0,0,0,28,4,3,0,0,1
1iux,A,68,ASP,-3.5,111.1,-1.0,1,3,H,0.43558282208588955,-92.4,-20.1,12.0,8.0,0.6,1.7852647762747675,19,37,13,24,0.030774100324409453,1,0,0,0,0,0,0,0,0,-1,0,0,0,0,0
1iux,A,69,GLY,-0.4,60.1,0.0,0,0,-,0.20238095238095238,-66.9,146.2,19.0,7.0,0.7307692307692307,1.8305632550389426,25,31,15,16,0.03730193978716297,0,0,0,0,0,0,0,0,0,11,34,8,0,3,1
1iux,A,70,LEU,3.8,166.7,0.0,0,0,E,0.29878048780487804,-106.4,128.1,15.0,13.0,0.5357142857142857,2.2101128738863935,29,28,12,16,0.032172923066428064,0,0,1,0,0,0,0,0,0,11,34,8,0,3,1
1iux,A,71,VAL,4.2,140.0,0.0,0,0,E,0.6408450704225352,-94.1,128.2,8.0,23.0,0.25806451612903225,1.9428612968800851,26,22,16,6,0.030307826077069916,0,0,1,0,0,0,0,0,0,11,34,8,0,3,1
1iux,A,72,HIS,-3.2,153.2,0.1,2,1,E,0.05434782608695652,-112.1,135.3,22.0,11.0,0.6666666666666666,2.3991015112669904,29,20,19,1,0.04103213376587927,0,0,1,0,0,0,0,0,0,11,34,8,0,3,1
1iux,A,73,GLU,-3.5,138.4,-1.0,1,3,S,0.4639175257731959,-105.5,-2.7,5.0,24.0,0.1724137931034483,2.0545406966586013,21,44,15,29,0.04289723075523742,0,0,0,0,0,0,1,0,0,21,24,1,0,0,1
1iux,A,74,GLY,-0.4,60.1,0.0,0,0,E,0.0,-162.7,169.8,11.0,23.0,0.3235294117647059,3.641748281675829,32,45,35,10,0.04429605349725603,0,0,1,0,0,0,0,0,0,-1,0,0,0,0,0
1iux,A,75,VAL,4.2,140.0,0.0,0,0,E,0.02112676056338028,-143.2,156.5,21.0,16.0,0.5675675675675675,5.46782494602707,34,36,31,5,0.04942507021799094,0,0,1,0,0,0,0,0,0,-1,0,0,0,0,0
1iux,A,76,GLU,-3.5,138.4,-1.0,1,3,E,0.10824742268041238,-114.3,150.2,18.0,15.0,0.5454545454545454,3.1012350898777097,31,41,13,28,0.04709369898129325,0,0,1,0,0,0,0,0,0,16,24,9,0,2,1
1iux,A,77,ILE,4.5,166.7,0.0,0,0,E,0.023668639053254437,-128.1,121.1,14.0,23.0,0.3783783783783784,5.334811724495641,34,28,11,17,0.04755997322863279,0,0,1,0,0,0,0,0,0,-1,0,0,0,0,0
1iux,A,78,ALA,1.8,88.6,0.0,0,0,E,0.02830188679245283,-106.6,132.3,17.0,18.0,0.4857142857142857,2.3292927806432173,34,36,11,25,0.048958795970651406,0,0,1,0,0,0,0,0,0,-1,0,0,0,0,0
1iux,A,79,PHE,2.8,189.9,0.0,0,0,E,0.030456852791878174,-158.5,146.5,17.0,17.0,0.5,2.361354553644987,27,29,16,13,0.03916703677652112,0,0,1,0,0,0,0,0,0,32,0,7,0,0,1
1iux,A,80,ALA,1.8,88.6,0.0,0,0,T,0.5754716981132075,47.7,48.4,7.0,16.0,0.30434782608695654,1.7675641039001277,19,25,7,18,0.027043906345693154,0,0,0,0,0,1,0,0,0,-1,0,0,0,0,0
1iux,A,81,GLY,-0.4,60.1,0.0,0,0,T,0.9166666666666666,55.8,40.6,2.0,17.0,0.10526315789473684,1.709554489167994,18,25,6,19,0.024246260861655933,0,0,0,0,0,1,0,0,0,-1,0,0,0,0,0
1iux,A,82,GLN,-3.5,143.8,0.0,2,2,E,0.3434343434343434,-149.6,141.6,5.0,17.0,0.22727272727272727,2.0504805327308877,18,21,16,5,0.02797645484037223,0,0,1,0,0,0,0,0,0,32,0,7,0,0,1
1iux,A,83,ARG,-4.5,173.4,1.0,5,0,E,0.31048387096774194,-108.6,135.7,11.0,15.0,0.4230769230769231,1.8381922206040486,25,20,20,0,0.03776821403450251,0,0,1,0,0,0,0,0,0,32,0,7,0,0,1
1iux,A,84,ARG,-4.5,173.4,1.0,5,0,E,0.3709677419354839,-130.6,128.4,17.0,11.0,0.6071428571428571,2.0437661323105627,22,16,16,0,0.03590311704514436,0,0,1,0,0,0,0,0,0,32,0,7,0,0,1
1iux,A,85,ARG,-4.5,173.4,1.0,5,0,E,0.4274193548387097,-96.0,136.0,7.0,20.0,0.25925925925925924,1.8639091938529022,22,38,33,5,0.03403802005578621,0,0,1,0,0,0,0,0,0,-1,0,0,0,0,0
1iux,A,86,ILE,4.5,166.7,0.0,0,0,E,0.0,-106.8,113.2,25.0,12.0,0.6756756756756757,3.1612603189685426,35,39,30,9,0.045228601991935104,0,0,1,0,0,0,0,0,0,-1,0,0,0,0,0
1iux,A,87,ASP,-3.5,111.1,-1.0,1,3,E,0.22085889570552147,-78.4,92.6,5.0,25.0,0.16666666666666666,2.2247389463422684,25,40,20,20,0.04243095650789788,0,0,1,0,0,0,0,0,0,10,124,3,0,5,1
1iux,A,88,LEU,3.8,166.7,0.0,0,0,H,0.0,-58.7,-48.6,17.0,16.0,0.5151515151515151,5.5344026812920095,31,43,30,13,0.05502036118606539,1,0,0,0,0,0,0,0,0,-1,0,0,0,0,0
1iux,A,89,LYS,-3.9,168.6,1.0,2,0,H,0.3853658536585366,-59.3,-48.1,6.0,19.0,0.24,2.184882428118792,20,28,18,10,0.04196468226055834,1,0,0,0,0,0,0,0,0,21,24,1,0,0,1
1iux,A,90,ARG,-4.5,173.4,1.0,5,0,H,0.5806451612903226,-67.6,-50.7,6.0,14.0,0.3,1.834727525280463,16,19,22,-3,0.02984155182973038,1,0,0,0,0,0,0,0,0,10,124,3,0,5,1
1iux,A,91,LEU,3.8,166.7,0.0,0,0,H,0.15853658536585366,-72.1,-17.9,21.0,7.0,0.75,2.154535408842471,26,26,27,-1,0.040099585271200194,1,0,0,0,0,0,0,0,0,10,124,3,0,5,1
1iux,A,92,SER,-0.8,89.0,0.0,1,1,T,0.19230769230769232,-102.4,-0.3,20.0,9.0,0.6896551724137931,2.0461323467562176,25,26,21,5,0.03776821403450251,0,0,0,0,0,1,0,0,0,10,124,3,0,5,1
1iux,A,93,GLY,-0.4,60.1,0.0,0,0,T,0.8452380952380952,85.0,34.5,3.0,12.0,0.2,1.709627257715922,14,26,13,13,0.02098234113027917,0,0,0,0,0,1,0,0,0,21,24,1,0,0,1
1iux,A,94,GLY,-0.4,60.1,0.0,0,0,S,0.40476190476190477,100.3,-3.7,1.0,17.0,0.05555555555555555,1.7095998359287656,17,27,18,9,0.02471253510899547,0,0,0,0,0,0,1,0,0,21,24,1,0,0,1
1iux,A,95,LYS,-3.9,168.6,1.0,2,0,-,0.5024390243902439,-83.8,160.3,15.0,13.0,0.5357142857142857,2.183424594215532,27,15,23,-8,0.03310547156110714,0,0,0,0,0,0,0,0,0,21,24,1,0,0,1
1iux,A,96,THR,-0.7,116.1,0.0,1,1,-,0.07746478873239436,-140.3,179.1,9.0,24.0,0.2727272727272727,2.4608726817738362,31,30,21,9,0.043829779249916496,0,0,0,0,0,0,0,0,0,21,24,1,0,0,1
1iux,A,97,VAL,4.2,140.0,0.0,0,0,E,0.014084507042253521,-122.5,159.5,22.0,16.0,0.5789473684210527,4.972856259041808,36,24,22,2,0.04755997322863279,0,0,1,0,0,0,0,0,0,11,34,8,0,3,1
1iux,A,98,THR,-0.7,116.1,0.0,1,1,E,0.06338028169014084,-121.3,129.2,17.0,23.0,0.425,3.3854299797508256,34,12,12,0,0.045694876239274644,0,0,1,0,0,0,0,0,0,11,34,8,0,3,1
1iux,A,99,VAL,4.2,140.0,0.0,0,0,E,0.007042253521126761,-94.7,114.1,17.0,23.0,0.425,3.2540398349172475,35,25,17,8,0.05035761871267001,0,0,1,0,0,0,0,0,0,11,34,8,0,3,1
1iux,A,100,TYR,-1.3,193.6,0.0,1,1,-,0.02702702702702703,-157.7,116.5,23.0,18.0,0.5609756097560976,2.7194826554176217,34,36,28,8,0.048026247475972325,0,0,0,0,0,0,0,0,0,-1,0,0,0,0,0
1iux,A,101,GLY,-0.4,60.1,0.0,0,0,-,0.011904761904761904,-56.1,148.8,16.0,19.0,0.45714285714285713,2.7628576006693777,34,36,20,16,0.045228601991935104,0,0,0,0,0,0,0,0,0,-1,0,0,0,0,0
1iux,A,102,GLN,-3.5,143.8,0.0,2,2,H,0.08080808080808081,-63.8,-33.2,16.0,16.0,0.5,2.3159308613733685,33,31,11,20,0.043829779249916496,1,0,0,0,0,0,0,0,0,-1,0,0,0,0,0
1iux,A,103,THR,-0.7,116.1,0.0,1,1,H,0.15492957746478872,-59.5,-42.5,8.0,20.0,0.2857142857142857,1.8551131640535978,28,40,17,23,0.045694876239274644,1,0,0,0,0,0,0,0,0,-1,0,0,0,0,0
1iux,A,104,GLU,-3.5,138.4,-1.0,1,3,H,0.23711340206185566,-67.9,-44.3,17.0,17.0,0.5,2.3462085608067267,30,39,18,21,0.035436842797804825,1,0,0,0,0,0,0,0,0,-1,0,0,0,0,0
1iux,A,105,VAL,4.2,140.0,0.0,0,0,H,0.028169014084507043,-60.4,-43.2,25.0,18.0,0.5813953488372093,5.395152091288996,34,20,24,-4,0.048026247475972325,1,0,0,0,0,0,0,0,0,-1,0,0,0,0,0
1iux,A,106,THR,-0.7,116.1,0.0,1,1,H,0.035211267605633804,-65.8,-39.8,20.0,18.0,0.5263157894736842,2.853392332216516,34,23,25,-2,0.04709369898129325,1,0,0,0,0,0,0,0,0,-1,0,0,0,0,0
1iux,A,107,ARG,-4.5,173.4,1.0,5,0,H,0.2782258064516129,-64.2,-44.6,12.0,19.0,0.3870967741935484,2.039167568451667,22,13,28,-15,0.04149840801321881,1,0,0,0,0,0,0,0,0,20,7,8,0,0,1
1iux,A,108,ASP,-3.5,111.1,-1.0,1,3,H,0.049079754601226995,-59.8,-44.6,19.0,13.0,0.59375,2.0147823120982933,29,36,27,9,0.04476232774459557,1,0,0,0,0,0,0,0,0,20,7,8,0,0,1
1iux,A,109,LEU,3.8,166.7,0.0,0,0,H,0.012195121951219513,-66.6,-42.3,23.0,16.0,0.5897435897435898,4.687519095368782,39,22,27,-5,0.04616115048661418,1,0,0,0,0,0,0,0,0,-1,0,0,0,0,0
1iux,A,110,MET,1.9,162.9,0.0,0,0,H,0.13829787234042554,-60.6,-44.6,14.0,21.0,0.4,2.097602734765614,31,21,32,-11,0.04103213376587927,1,0,0,0,0,0,0,0,0,-1,0,0,0,0,0
1iux,A,111,GLU,-3.5,138.4,-1.0,1,3,H,0.4536082474226804,-63.3,-43.3,11.0,14.0,0.44,1.7264034623369395,21,28,20,8,0.032172923066428064,1,0,0,0,0,0,0,0,0,20,7,8,0,0,1
1iux,A,112,ALA,1.8,88.6,0.0,0,0,H,0.2169811320754717,-63.1,-40.9,19.0,9.0,0.6785714285714286,1.8781085026066784,27,29,27,2,0.034970568550465285,1,0,0,0,0,0,0,0,0,9,150,4,0,6,1
1iux,A,113,ARG,-4.5,173.4,1.0,5,0,H,0.016129032258064516,-67.2,-43.1,20.0,11.0,0.6451612903225806,2.684925524997048,38,13,17,-4,0.043829779249916496,1,0,0,0,0,0,0,0,0,9,150,4,0,6,1
1iux,A,114,GLU,-3.5,138.4,-1.0,1,3,H,0.8195876288659794,-59.2,-48.8,6.0,14.0,0.3,1.7393157843752867,16,12,11,1,0.02844272908771177,1,0,0,0,0,0,0,0,0,9,150,4,0,6,1
1iux,A,115,ALA,1.8,88.6,0.0,0,0,H,0.8490566037735849,-56.8,-40.8,7.0,8.0,0.4666666666666667,1.767625608688355,13,13,18,-5,0.02098234113027917,1,0,0,0,0,0,0,0,0,9,150,4,0,6,1
1iux,A,116,CYS,2.5,108.5,0.0,1,0,H,0.48148148148148145,-76.4,-11.0,19.0,3.0,0.8636363636363636,1.8080587679041822,18,28,14,14,0.022381163872297785,1,0,0,0,0,0,0,0,0,9,150,4,0,6,1
1iux,A,117,GLY,-0.4,60.1,0.0,0,0,T,0.7261904761904762,70.9,25.3,0.0,17.0,0.0,1.7846131582567741,16,20,12,8,0.023779986614316396,0,0,0,0,0,1,0,0,0,9,150,4,0,6,1
1iux,A,118,ALA,1.8,88.6,0.0,0,0,-,0.1792452830188679,-77.8,155.6,24.0,6.0,0.8,1.8342611237435595,27,22,17,5,0.03450429430312575,0,0,0,0,0,0,0,0,0,9,150,4,0,6,1
1iux,A,119,THR,-0.7,116.1,0.0,1,1,E,0.44366197183098594,-73.4,130.2,14.0,16.0,0.4666666666666667,2.207771198134067,26,19,13,6,0.029375277582390842,0,0,1,0,0,0,0,0,0,9,150,4,0,6,1
1iux,A,120,THR,-0.7,116.1,0.0,1,1,E,0.28169014084507044,-142.0,119.0,22.0,13.0,0.6285714285714286,1.8816309526758819,29,17,16,1,0.03683566553982344,0,0,1,0,0,0,0,0,0,-1,0,0,0,0,0
1iux,A,121,VAL,4.2,140.0,0.0,0,0,E,0.11267605633802817,-106.2,103.7,18.0,12.0,0.6,2.445985203203526,30,19,14,5,0.03963331102386066,0,0,1,0,0,0,0,0,0,33,0,4,0,0,1
1iux,A,122,TYR,-1.3,193.6,0.0,1,1,E,0.1891891891891892,-84.7,161.9,9.0,19.0,0.32142857142857145,2.1495711130477066,28,17,15,2,0.04103213376587927,0,0,1,0,0,0,0,0,0,33,0,4,0,0,1
1iux,A,123,GLN,-3.5,143.8,0.0,2,2,T,0.6161616161616161,55.7,36.5,7.0,18.0,0.28,1.8524214871929507,21,21,23,-2,0.03870076252918159,0,0,0,0,0,1,0,0,0,15,24,8,0,2,1
1iux,A,124,ALA,1.8,88.6,0.0,0,0,-,0.009433962264150943,-82.3,105.4,19.0,13.0,0.59375,2.536609111400976,30,28,32,-4,0.045694876239274644,0,0,0,0,0,0,0,0,0,-1,0,0,0,0,0
1iux,A,125,ALA,1.8,88.6,0.0,0,0,E,0.330188679245283,-86.0,149.6,6.0,19.0,0.24,2.3368162968035806,23,40,32,8,0.0363693912924839,0,0,1,0,0,0,0,0,0,-1,0,0,0,0,0
1iux,A,126,GLU,-3.5,138.4,-1.0,1,3,E,0.4381443298969072,39.1,63.6,6.0,20.0,0.23076923076923078,1.9265149074412156,18,35,11,24,0.034970568550465285,0,0,1,0,0,0,0,0,0,-1,0,0,0,0,0
1iux,A,127,VAL,4.2,140.0,0.0,0,0,E,0.08450704225352113,-67.7,135.4,24.0,11.0,0.6857142857142857,2.0959598714481937,31,36,27,9,0.04709369898129325,0,0,1,0,0,0,0,0,0,-1,0,0,0,0,0
1iux,A,128,ARG,-4.5,173.4,1.0,5,0,E,0.40725806451612906,-130.5,146.1,8.0,23.0,0.25806451612903225,2.21372321641224,22,20,17,3,0.03590311704514436,0,0,1,0,0,0,0,0,0,25,11,2,0,0,1
1iux,A,129,LEU,3.8,166.7,0.0,0,0,E,0.12195121951219512,-111.0,134.8,22.0,15.0,0.5945945945945946,2.6692887697935785,35,33,12,21,0.045228601991935104,0,0,1,0,0,0,0,0,0,25,11,2,0,0,1
1iux,A,130,HIS,-3.2,153.2,0.1,2,1,E,0.29891304347826086,-131.9,152.1,11.0,18.0,0.3793103448275862,2.206587275298965,23,25,13,12,0.03683566553982344,0,0,1,0,0,0,0,0,0,25,11,2,0,0,1
1iux,A,131,ASP,-3.5,111.1,-1.0,1,3,-,0.5766871165644172,52.2,49.5,11.0,12.0,0.4782608695652174,1.8972036313832041,22,36,10,26,0.032639197313767604,0,0,0,0,0,0,0,0,0,25,11,2,0,0,1
1iux,A,132,LEU,3.8,166.7,0.0,0,0,T,0.09146341463414634,-60.8,-26.1,14.0,14.0,0.5,2.178817436846329,26,36,14,22,0.04243095650789788,0,0,0,0,0,1,0,0,0,-1,0,0,0,0,0
1iux,A,133,GLN,-3.5,143.8,0.0,2,2,T,0.7272727272727273,-104.1,-2.0,4.0,17.0,0.19047619047619047,1.7530066996055214,16,31,14,17,0.02984155182973038,0,0,0,0,0,1,0,0,0,7,84,9,0,8,1
1iux,A,134,GLY,-0.4,60.1,0.0,0,0,S,0.27380952380952384,-76.8,179.4,10.0,7.0,0.5882352941176471,1.70955506724118,16,30,22,8,0.028909003335051305,0,0,0,0,0,0,1,0,0,-1,0,0,0,0,0
1iux,A,135,GLU,-3.5,138.4,-1.0,1,3,S,0.6958762886597938,-87.3,-12.2,0.0,16.0,0.0,1.7550057063767557,11,20,15,5,0.025645083603674543,0,0,0,0,0,0,1,0,0,24,16,2,0,0,1
1iux,A,136,ARG,-4.5,173.4,1.0,5,0,S,0.7217741935483871,-135.5,77.9,3.0,21.0,0.125,1.830457217039679,14,17,33,-16,0.0363693912924839,0,0,0,0,0,0,1,0,0,24,16,2,0,0,1
1iux,A,137,PRO,-1.6,112.7,0.0,0,0,-,0.0,-72.6,163.2,17.0,12.0,0.5862068965517241,3.2625391853285204,29,40,33,7,0.05175644145468863,0,0,0,0,0,0,0,0,0,-1,0,0,0,0,0
1iux,A,138,TYR,-1.3,193.6,0.0,1,1,E,0.22072072072072071,-151.5,161.8,9.0,25.0,0.2647058823529412,3.1976828459471154,24,36,20,16,0.048958795970651406,0,0,1,0,0,0,0,0,0,25,11,2,0,0,1
1iux,A,139,VAL,4.2,140.0,0.0,0,0,E,0.0,-122.6,136.6,27.0,14.0,0.6585365853658537,5.96579817298663,38,39,17,22,0.05175644145468863,0,0,1,0,0,0,0,0,0,25,11,2,0,0,1
1iux,A,140,THR,-0.7,116.1,0.0,1,1,E,0.13380281690140844,-117.9,147.1,6.0,21.0,0.2222222222222222,3.1070338279691354,26,44,24,20,0.048958795970651406,0,0,1,0,0,0,0,0,0,25,11,2,0,0,1
1iux,A,141,PHE,2.8,189.9,0.0,0,0,E,0.005076142131979695,-154.0,170.8,19.0,11.0,0.6333333333333333,3.8166065680825976,30,38,35,3,0.048026247475972325,0,0,1,0,0,0,0,0,0,18,24,5,0,1,1
1iux,A,142,GLU,-3.5,138.4,-1.0,1,3,E,0.29381443298969073,-118.0,128.8,5.0,17.0,0.22727272727272727,2.0065267845794597,20,33,26,7,0.043829779249916496,0,0,1,0,0,0,0,0,0,18,24,5,0,1,1
1iux,A,143,ARG,-4.5,173.4,1.0,5,0,E,0.4475806451612903,-125.6,118.4,7.0,13.0,0.35,2.090309964437064,17,6,26,-20,0.03683566553982344,0,0,1,0,0,0,0,0,0,33,0,4,0,0,1
1iux,A,144,ASP,-3.5,111.1,-1.0,1,3,T,0.803680981595092,43.8,43.0,1.0,12.0,0.07692307692307693,1.6720899293565241,12,16,18,-2,0.02144861537761871,0,0,0,0,0,1,0,0,0,33,0,4,0,0,1
1iux,A,145,GLY,-0.4,60.1,0.0,0,0,T,0.7738095238095238,97.9,-30.5,1.0,10.0,0.09090909090909091,1.709661893595904,11,18,31,-13,0.020516066882939634,0,0,0,0,0,1,0,0,0,18,24,5,0,1,1
1iux,A,146,GLU,-3.5,138.4,-1.0,1,3,E,0.5721649484536082,-90.7,131.3,2.0,10.0,0.16666666666666666,1.9962794053801376,10,23,17,6,0.025178809356335007,0,0,1,0,0,0,0,0,0,18,24,5,0,1,1
1iux,A,147,ARG,-4.5,173.4,1.0,5,0,E,0.39919354838709675,-82.8,115.7,5.0,11.0,0.3125,1.8387539445612768,18,29,31,-2,0.032639197313767604,0,0,1,0,0,0,0,0,0,18,24,5,0,1,1
1iux,A,148,LEU,3.8,166.7,0.0,0,0,E,0.29878048780487804,-108.7,156.4,13.0,9.0,0.5909090909090909,2.0234800789374536,20,29,29,0,0.03403802005578621,0,0,1,0,0,0,0,0,0,18,24,5,0,1,1
1iux,A,149,ARG,-4.5,173.4,1.0,5,0,E,0.45161290322580644,-118.2,136.6,4.0,20.0,0.16666666666666666,1.8760462155110547,18,30,10,20,0.040099585271200194,0,0,1,0,0,0,0,0,0,25,11,2,0,0,1
1iux,A,150,LEU,3.8,166.7,0.0,0,0,E,0.0,-121.1,120.3,24.0,10.0,0.7058823529411765,3.658286273828927,32,32,10,22,0.04429605349725603,0,0,1,0,0,0,0,0,0,-1,0,0,0,0,0
1iux,A,151,ASP,-3.5,111.1,-1.0,1,3,E,0.3067484662576687,-93.1,142.3,5.0,23.0,0.17857142857142858,2.150382806304438,23,35,11,24,0.04103213376587927,0,0,1,0,0,0,0,0,0,-1,0,0,0,0,0
1iux,A,152,CYS,2.5,108.5,0.0,1,0,-,0.02962962962962963,-153.5,176.5,23.0,9.0,0.71875,2.612468129585626,32,40,26,14,0.048958795970651406,0,0,0,0,0,0,0,0,0,-1,0,0,0,0,0
1iux,A,153,ASP,-3.5,111.1,-1.0,1,3,S,0.26380368098159507,-95.1,-39.9,10.0,24.0,0.29411764705882354,2.1779307770885907,28,27,19,8,0.04243095650789788,0,0,0,0,0,0,1,0,0,14,39,5,0,2,1
1iux,A,154,TYR,-1.3,193.6,0.0,1,1,E,0.15765765765765766,-139.9,157.4,18.0,26.0,0.4090909090909091,3.5601782991656052,35,17,16,1,0.04942507021799094,0,0,1,0,0,0,0,0,0,-1,0,0,0,0,0
1iux,A,155,ILE,4.5,166.7,0.0,0,0,E,0.0,-128.8,130.2,27.0,21.0,0.5625,6.880953682092158,48,22,15,7,0.04989134446533048,0,0,1,0,0,0,0,0,0,-1,0,0,0,0,0
1iux,A,156,ALA,1.8,88.6,0.0,0,0,E,0.018867924528301886,-110.5,117.6,25.0,28.0,0.4716981132075472,7.269648501063784,48,7,10,-3,0.048026247475972325,0,0,1,0,0,0,0,0,0,-1,0,0,0,0,0
1iux,A,157,GLY,-0.4,60.1,0.0,0,0,E,0.0,-84.7,99.1,25.0,27.0,0.4807692307692308,4.580790209493884,45,12,16,-4,0.05035761871267001,0,0,1,0,0,0,0,0,0,-1,0,0,0,0,0
1iux,A,158,CYS,2.5,108.5,0.0,1,0,-,0.06666666666666667,-116.1,39.4,24.0,20.0,0.5454545454545454,2.43324770959007,42,1,26,-25,0.04709369898129325,0,0,0,0,0,0,0,0,0,-1,0,0,0,0,0
1iux,A,159,ASP,-3.5,111.1,-1.0,1,3,-,0.2147239263803681,-96.9,15.8,21.0,18.0,0.5384615384615384,2.157035387365833,35,30,16,14,0.04243095650789788,0,0,0,0,0,0,0,0,0,-1,0,0,0,0,0
1iux,A,160,GLY,-0.4,60.1,0.0,0,0,-,0.2619047619047619,72.4,-175.0,10.0,24.0,0.29411764705882354,2.1087274456013407,31,38,19,19,0.03590311704514436,0,0,0,0,0,0,0,0,0,4,402,17,0,93,1
1iux,A,161,PHE,2.8,189.9,0.0,0,0,T,0.18781725888324874,-57.8,-37.6,8.0,19.0,0.2962962962962963,2.022092543785256,25,40,21,19,0.03730193978716297,0,0,0,0,0,1,0,0,0,4,402,17,0,93,1
1iux,A,162,HIS,-3.2,153.2,0.1,2,1,T,0.9021739130434783,-98.9,16.9,1.0,19.0,0.05,1.7535575716226355,16,22,14,8,0.027043906345693154,0,0,0,0,0,1,0,0,0,4,402,17,0,93,1
1iux,A,163,GLY,-0.4,60.1,0.0,0,0,-,0.11904761904761904,-70.5,169.4,25.0,8.0,0.7575757575757576,1.8220126086919146,24,29,13,16,0.03823448828184205,0,0,0,0,0,0,0,0,0,4,402,17,0,93,1
1iux,A,164,ILE,4.5,166.7,0.0,0,0,H,0.17751479289940827,-82.5,-26.5,16.0,18.0,0.47058823529411764,2.2347225163949593,31,37,14,23,0.03683566553982344,1,0,0,0,0,0,0,0,0,-1,0,0,0,0,0
1iux,A,165,SER,-0.8,89.0,0.0,1,1,H,0.0,-60.8,-47.3,26.0,14.0,0.65,4.792852275883523,37,27,10,17,0.048026247475972325,1,0,0,0,0,0,0,0,0,-1,0,0,0,0,0
1iux,A,166,ARG,-4.5,173.4,1.0,5,0,H,0.16532258064516128,-64.6,-33.9,21.0,18.0,0.5384615384615384,2.244921484343793,36,16,14,2,0.04196468226055834,1,0,0,0,0,0,0,0,0,4,402,17,0,93,1
1iux,A,167,GLN,-3.5,143.8,0.0,2,2,H,0.6616161616161617,-69.6,-15.5,9.0,18.0,0.3333333333333333,1.8018952595009263,22,25,5,20,0.03170664881908853,1,0,0,0,0,0,0,0,0,-1,0,0,0,0,0
1iux,A,168,SER,-0.8,89.0,0.0,1,1,T,0.2692307692307692,-86.7,-5.0,22.0,10.0,0.6875,1.8129288463856679,24,38,5,33,0.034970568550465285,0,0,0,0,0,1,0,0,0,31,0,6,0,0,1
1iux,A,169,ILE,4.5,166.7,0.0,0,0,S,0.03550295857988166,-94.0,129.3,22.0,10.0,0.6875,2.5257149831496775,28,33,8,25,0.03683566553982344,0,0,0,0,0,0,1,0,0,31,0,6,0,0,1
1iux,A,170,PRO,-1.6,112.7,0.0,0,0,-,0.34558823529411764,-49.2,119.9,6.0,11.0,0.35294117647058826,2.1258856457194106,17,28,9,19,0.02844272908771177,0,0,0,0,0,0,0,0,0,31,0,6,0,0,1
1iux,A,171,ALA,1.8,88.6,0.0,0,0,G,0.8018867924528302,-47.4,-28.8,1.0,14.0,0.06666666666666667,1.7677010179908443,14,30,11,19,0.02611135785101408,0,0,0,1,0,0,0,0,0,31,0,6,0,0,1
1iux,A,172,GLU,-3.5,138.4,-1.0,1,3,G,0.845360824742268,-73.7,-18.1,0.0,13.0,0.0,1.7571649748147973,7,15,0,15,0.02098234113027917,0,0,0,1,0,0,0,0,0,31,0,6,0,0,1
1iux,A,173,ARG,-4.5,173.4,1.0,5,0,G,0.5483870967741935,-85.5,-12.6,10.0,7.0,0.5882352941176471,1.8704144150356008,14,13,11,2,0.028909003335051305,0,0,0,1,0,0,0,0,0,31,0,6,0,0,1
1iux,A,174,LEU,3.8,166.7,0.0,0,0,-,0.18902439024390244,-104.2,142.5,14.0,6.0,0.7,2.108225008338222,23,39,16,23,0.03590311704514436,0,0,0,0,0,0,0,0,0,-1,0,0,0,0,0
1iux,A,175,LYS,-3.9,168.6,1.0,2,0,E,0.6341463414634146,-114.9,126.0,2.0,17.0,0.10526315789473684,2.2050773196930233,16,5,14,-9,0.030774100324409453,0,0,1,0,0,0,0,0,0,-1,0,0,0,0,0
1iux,A,176,VAL,4.2,140.0,0.0,0,0,E,0.5704225352112676,-112.0,135.5,7.0,12.0,0.3684210526315789,1.9149328951287512,18,20,18,2,0.03590311704514436,0,0,1,0,0,0,0,0,0,-1,0,0,0,0,0
1iux,A,177,PHE,2.8,189.9,0.0,0,0,E,0.38578680203045684,-124.7,121.9,11.0,8.0,0.5789473684210527,2.0746996198163967,18,16,23,-7,0.034970568550465285,0,0,1,0,0,0,0,0,0,-1,0,0,0,0,0
1iux,A,178,GLU,-3.5,138.4,-1.0,1,3,E,0.4793814432989691,-145.7,145.3,9.0,11.0,0.45,1.7084768214177657,19,29,3,26,0.034970568550465285,0,0,1,0,0,0,0,0,0,23,3,13,0,0,1
1iux,A,179,ARG,-4.5,173.4,1.0,5,0,E,0.5564516129032258,-139.0,127.5,8.0,12.0,0.4,2.046549549394743,17,10,12,-2,0.030307826077069916,0,0,1,0,0,0,0,0,0,23,3,13,0,0,1
1iux,A,180,VAL,4.2,140.0,0.0,0,0,E,0.5915492957746479,-108.1,131.5,3.0,15.0,0.16666666666666666,1.9081626282028576,18,22,9,13,0.03357174580844668,0,0,1,0,0,0,0,0,0,23,3,13,0,0,1
1iux,A,181,TYR,-1.3,193.6,0.0,1,1,E,0.036036036036036036,-93.7,148.3,21.0,6.0,0.7777777777777778,2.2938967971870414,31,30,8,22,0.03683566553982344,0,0,1,0,0,0,0,0,0,-1,0,0,0,0,0
1iux,A,182,PRO,-1.6,112.7,0.0,0,0,E,0.45588235294117646,-78.0,30.3,6.0,19.0,0.24,1.8760488698220843,22,23,6,17,0.03170664881908853,0,0,1,0,0,0,0,0,0,-1,0,0,0,0,0
1iux,A,183,PHE,2.8,189.9,0.0,0,0,E,0.005076142131979695,-159.0,166.1,14.0,14.0,0.5,3.281304978861215,31,24,0,24,0.04243095650789788,0,0,1,0,0,0,0,0,0,-1,0,0,0,0,0
1iux,A,184,GLY,-0.4,60.1,0.0,0,0,E,0.0,-134.5,174.2,12.0,21.0,0.36363636363636365,4.087305467081765,31,14,9,5,0.048026247475972325,0,0,1,0,0,0,0,0,0,-1,0,0,0,0,0
1iux,A,185,TRP,-0.9,227.8,0.0,1,0,E,0.030837004405286344,-108.8,125.1,17.0,20.0,0.4594594594594595,2.8090134129470026,37,17,0,17,0.05175644145468863,0,0,1,0,0,0,0,0,0,19,2,20,0,0,1
1iux,A,186,LEU,3.8,166.7,0.0,0,0,E,0.0,-94.5,114.7,22.0,19.0,0.5365853658536586,3.8582660096926826,37,31,21,10,0.05129016720734909,0,0,1,0,0,0,0,0,0,3,1136,8,0,121,1
1iux,A,187,GLY,-0.4,60.1,0.0,0,0,E,0.011904761904761904,-107.6,148.5,16.0,21.0,0.43243243243243246,2.442743473331145,32,24,10,14,0.04989134446533048,0,0,1,0,0,0,0,0,0,3,1136,8,0,121,1
1iux,A,188,LEU,3.8,166.7,0.0,0,0,E,0.0,-135.0,127.8,23.0,18.0,0.5609756097560976,5.346197138318133,37,23,20,3,0.05455408693872585,0,0,1,0,0,0,0,0,0,3,1136,8,0,121,1
1iux,A,189,LEU,3.8,166.7,0.0,0,0,E,0.054878048780487805,-107.0,132.0,12.0,24.0,0.3333333333333333,3.6436015115503633,31,43,20,23,0.05035761871267001,0,0,1,0,0,0,0,0,0,-1,0,0,0,0,0
1iux,A,190,ALA,1.8,88.6,0.0,0,0,E,0.0,-142.4,152.2,18.0,14.0,0.5625,3.2032375064256335,30,32,20,12,0.04942507021799094,0,0,1,0,0,0,0,0,0,-1,0,0,0,0,0
1iux,A,191,ASP,-3.5,111.1,-1.0,1,3,S,0.5460122699386503,-89.3,59.7,2.0,20.0,0.09090909090909091,1.7022355198959762,22,18,1,17,0.0363693912924839,0,0,0,0,0,0,1,0,0,30,2,2,0,0,1
1iux,A,192,THR,-0.7,116.1,0.0,1,1,S,0.07042253521126761,-126.6,154.4,18.0,8.0,0.6923076923076923,2.5638925465628497,27,19,8,11,0.040565859518539735,0,0,0,0,0,0,1,0,0,30,2,2,0,0,1
1iux,A,193,PRO,-1.6,112.7,0.0,0,0,-,0.4485294117647059,-72.5,139.0,4.0,20.0,0.16666666666666666,2.0890774266356824,23,13,7,6,0.03450429430312575,0,0,0,0,0,0,0,0,0,-1,0,0,0,0,0
1iux,A,194,PRO,-1.6,112.7,0.0,0,0,-,0.20588235294117646,-58.2,147.6,16.0,14.0,0.5333333333333333,2.1888329532002144,29,32,8,24,0.04755997322863279,0,0,0,0,0,0,0,0,0,12,21,11,0,2,1
1iux,A,195,VAL,4.2,140.0,0.0,0,0,S,0.11267605633802817,-72.1,-16.1,20.0,13.0,0.6060606060606061,2.374145807504174,31,25,17,8,0.040099585271200194,0,0,0,0,0,0,1,0,0,12,21,11,0,2,1
1iux,A,196,SER,-0.8,89.0,0.0,1,1,S,0.13076923076923078,-149.8,158.0,16.0,16.0,0.5,1.8627760036295167,29,29,18,11,0.03450429430312575,0,0,0,0,0,0,1,0,0,16,24,9,0,2,1
1iux,A,197,HIS,-3.2,153.2,0.1,2,1,S,1.0,-78.5,-10.3,4.0,21.0,0.16,1.6621205483993395,19,20,23,-3,0.027043906345693154,0,0,0,0,0,0,1,0,0,12,21,11,0,2,1
1iux,A,198,GLU,-3.5,138.4,-1.0,1,3,S,0.05154639175257732,-132.9,159.6,14.0,19.0,0.42424242424242425,2.3105546393521625,27,35,19,16,0.04103213376587927,0,0,0,0,0,0,1,0,0,12,21,11,0,2,1
1iux,A,199,LEU,3.8,166.7,0.0,0,0,-,0.024390243902439025,-66.7,154.5,27.0,14.0,0.6585365853658537,3.910736255221665,37,31,20,11,0.048492521723311866,0,0,0,0,0,0,0,0,0,-1,0,0,0,0,0
1iux,A,200,ILE,4.5,166.7,0.0,0,0,E,0.0,-134.3,112.4,19.0,19.0,0.5,5.246652882609084,37,28,17,11,0.04616115048661418,0,0,1,0,0,0,0,0,0,16,24,9,0,2,1
1iux,A,201,TYR,-1.3,193.6,0.0,1,1,E,0.018018018018018018,-93.6,133.0,17.0,25.0,0.40476190476190477,4.010851924056657,36,7,12,-5,0.045694876239274644,0,0,1,0,0,0,0,0,0,-1,0,0,0,0,0
1iux,A,202,ALA,1.8,88.6,0.0,0,0,E,0.018867924528301886,-129.7,128.5,25.0,18.0,0.5813953488372093,2.957803273278796,40,46,6,40,0.05035761871267001,0,0,1,0,0,0,0,0,0,0,3532,8,0,314,1
1iux,A,203,ASN,-3.5,114.1,0.0,2,2,-,0.07006369426751592,-100.2,122.2,18.0,21.0,0.46153846153846156,1.9837646490523153,33,45,0,45,0.05175644145468863,0,0,0,0,0,0,0,0,0,0,3532,8,0,314,1
1iux,A,204,HIS,-3.2,153.2,0.1,2,1,-,0.2826086956521739,-136.1,153.3,16.0,17.0,0.48484848484848486,2.2786013469363455,25,39,6,33,0.04196468226055834,0,0,0,0,0,0,0,0,0,0,3532,8,0,314,1
1iux,A,205,PRO,-1.6,112.7,0.0,0,0,T,0.6911764705882353,-55.8,-31.5,4.0,21.0,0.16,1.9568439863336746,22,47,1,46,0.02471253510899547,0,0,0,0,0,1,0,0,0,0,3532,8,0,314,1
1iux,A,206,ARG,-4.5,173.4,1.0,5,0,T,0.5887096774193549,-77.1,-11.8,8.0,16.0,0.3333333333333333,1.8324652898383527,20,35,9,26,0.03310547156110714,0,0,0,0,0,1,0,0,0,0,3532,8,0,314,1
1iux,A,207,GLY,-0.4,60.1,0.0,0,0,-,0.011904761904761904,131.9,168.1,14.0,19.0,0.42424242424242425,2.8265972913647035,31,53,8,45,0.04662742473395372,0,0,0,0,0,0,0,0,0,0,3532,8,0,314,1
1iux,A,208,PHE,2.8,189.9,0.0,0,0,-,0.0,-68.6,147.3,21.0,19.0,0.525,4.872061691680272,37,42,0,42,0.053621538444046775,0,0,0,0,0,0,0,0,0,0,3532,8,0,314,1
1iux,A,209,ALA,1.8,88.6,0.0,0,0,E,0.0,-142.1,146.6,19.0,24.0,0.4418604651162791,5.503463954700125,39,44,8,36,0.05548663543340492,0,0,1,0,0,0,0,0,0,0,3532,8,0,314,1
1iux,A,210,LEU,3.8,166.7,0.0,0,0,E,0.042682926829268296,-140.7,128.5,18.0,27.0,0.4,4.204906331647947,40,18,5,13,0.04942507021799094,0,0,1,0,0,0,0,0,0,-1,0,0,0,0,0
1iux,A,211,CYS,2.5,108.5,0.0,1,0,E,0.037037037037037035,-105.1,108.6,24.0,18.0,0.5714285714285714,5.520232505693169,38,19,14,5,0.04942507021799094,0,0,1,0,0,0,0,0,0,-1,0,0,0,0,0
1iux,A,212,SER,-0.8,89.0,0.0,1,1,E,0.06153846153846154,-120.8,-169.7,20.0,22.0,0.47619047619047616,3.392631502041677,39,38,5,33,0.04942507021799094,0,0,1,0,0,0,0,0,0,-1,0,0,0,0,0
1iux,A,213,GLN,-3.5,143.8,0.0,2,2,E,0.050505050505050504,-158.5,165.9,18.0,21.0,0.46153846153846156,3.130148581579231,35,40,7,33,0.048958795970651406,0,0,1,0,0,0,0,0,0,12,21,11,0,2,1
1iux,A,214,ARG,-4.5,173.4,1.0,5,0,E,0.08870967741935484,-125.5,-24.6,17.0,23.0,0.425,2.134243431891038,36,29,10,19,0.04476232774459557,0,0,1,0,0,0,0,0,0,-1,0,0,0,0,0
1iux,A,215,SER,-0.8,89.0,0.0,1,1,E,0.2846153846153846,-169.1,-171.0,11.0,21.0,0.34375,2.036157100044481,27,30,20,10,0.03450429430312575,0,0,1,0,0,0,0,0,0,30,2,2,0,0,1
1iux,A,216,ALA,1.8,88.6,0.0,0,0,T,0.7264150943396226,-67.9,-19.4,1.0,21.0,0.045454545454545456,1.8555966208782053,19,20,9,11,0.027043906345693154,0,0,0,0,0,1,0,0,0,30,2,2,0,0,1
1iux,A,217,THR,-0.7,116.1,0.0,1,1,T,0.647887323943662,-127.4,15.9,1.0,20.0,0.047619047619047616,1.980830285044085,17,18,8,10,0.03170664881908853,0,0,0,0,0,1,0,0,0,30,2,2,0,0,1
1iux,A,218,ARG,-4.5,173.4,1.0,5,0,E,0.3629032258064516,-137.0,125.8,9.0,22.0,0.2903225806451613,2.47886404897204,26,20,14,6,0.04429605349725603,0,0,1,0,0,0,0,0,0,30,2,2,0,0,1
1iux,A,219,SER,-0.8,89.0,0.0,1,1,E,0.0,-114.4,156.3,21.0,17.0,0.5526315789473685,5.46353799467678,37,33,10,23,0.056419183928083996,0,0,1,0,0,0,0,0,0,-1,0,0,0,0,0
1iux,A,220,ARG,-4.5,173.4,1.0,5,0,E,0.028225806451612902,-135.4,118.0,15.0,31.0,0.32608695652173914,3.3668926328162656,35,29,10,19,0.048958795970651406,0,0,1,0,0,0,0,0,0,-1,0,0,0,0,0
1iux,A,221,TYR,-1.3,193.6,0.0,1,1,E,0.0045045045045045045,-119.8,151.9,25.0,24.0,0.5102040816326531,5.760691767863107,37,23,3,20,0.048958795970651406,0,0,1,0,0,0,0,0,0,-1,0,0,0,0,0
1iux,A,222,TYR,-1.3,193.6,0.0,1,1,E,0.13513513513513514,-139.5,149.2,17.0,22.0,0.4358974358974359,3.516877795553812,38,25,3,22,0.053621538444046775,0,0,1,0,0,0,0,0,0,-1,0,0,0,0,0
1iux,A,223,VAL,4.2,140.0,0.0,0,0,E,0.0,-138.2,144.0,19.0,26.0,0.4222222222222222,5.015055893839843,36,25,11,14,0.056419183928083996,0,0,1,0,0,0,0,0,0,-1,0,0,0,0,0
1iux,A,224,GLN,-3.5,143.8,0.0,2,2,E,0.09090909090909091,-74.6,137.4,20.0,22.0,0.47619047619047616,2.2460962105089797,36,37,9,28,0.05129016720734909,0,0,1,0,0,0,0,0,0,0,3532,8,0,314,1
1iux,A,225,VAL,4.2,140.0,0.0,0,0,E,0.014084507042253521,-141.2,151.1,19.0,15.0,0.5588235294117647,2.324718226487147,32,21,14,7,0.04616115048661418,0,0,1,0,0,0,0,0,0,8,84,8,0,7,1
1iux,A,226,PRO,-1.6,112.7,0.0,0,0,E,0.47794117647058826,-67.7,161.5,4.0,21.0,0.16,1.9801478131362578,23,15,9,6,0.03124037457174899,0,0,1,0,0,0,0,0,0,8,84,8,0,7,1
1iux,A,227,LEU,3.8,166.7,0.0,0,0,T,0.5670731707317073,-66.1,-18.9,8.0,12.0,0.4,1.8220180499013539,18,6,9,-3,0.02844272908771177,0,0,0,0,0,1,0,0,0,8,84,8,0,7,1
1iux,A,228,SER,-0.8,89.0,0.0,1,1,T,0.6692307692307692,-73.3,-10.2,0.0,16.0,0.0,1.7396354822825881,13,11,13,-2,0.020049792635600097,0,0,0,0,0,1,0,0,0,8,84,8,0,7,1
1iux,A,229,GLU,-3.5,138.4,-1.0,1,3,-,0.26804123711340205,-73.4,142.3,17.0,3.0,0.85,1.8441029711277208,18,14,16,-2,0.032639197313767604,0,0,0,0,0,0,0,0,0,8,84,8,0,7,1
1iux,A,230,LYS,-3.9,168.6,1.0,2,0,-,0.6,-113.8,135.6,2.0,16.0,0.1111111111111111,2.205171657776826,12,3,26,-23,0.030774100324409453,0,0,0,0,0,0,0,0,0,8,84,8,0,7,1
1iux,A,231,VAL,4.2,140.0,0.0,0,0,G,0.33098591549295775,-60.0,-25.0,10.0,13.0,0.43478260869565216,2.0167101229700752,22,21,32,-11,0.0363693912924839,0,0,0,1,0,0,0,0,0,3,1136,8,0,121,1
1iux,A,232,GLU,-3.5,138.4,-1.0,1,3,G,0.8144329896907216,-69.5,-14.4,0.0,14.0,0.0,1.7511326102933529,12,18,15,3,0.021914889624958248,0,0,0,1,0,0,0,0,0,-1,0,0,0,0,0
1iux,A,233,ASP,-3.5,111.1,-1.0,1,3,G,0.5460122699386503,-86.5,0.5,6.0,10.0,0.375,1.7502318759524045,14,22,19,3,0.032172923066428064,0,0,0,1,0,0,0,0,0,-1,0,0,0,0,0
1iux,A,234,TRP,-0.9,227.8,0.0,1,0,-,0.04405286343612335,-118.6,93.5,18.0,6.0,0.75,2.778828721644504,27,26,46,-20,0.03870076252918159,0,0,0,0,0,0,0,0,0,3,1136,8,0,121,1
1iux,A,235,SER,-0.8,89.0,0.0,1,1,-,0.4307692307692308,-69.5,160.9,3.0,17.0,0.15,2.208242295792859,18,19,32,-13,0.03124037457174899,0,0,0,0,0,0,0,0,0,-1,0,0,0,0,0
1iux,A,236,ASP,-3.5,111.1,-1.0,1,3,H,0.25766871165644173,-55.8,-43.7,8.0,18.0,0.3076923076923077,1.9816170611145403,23,15,18,-3,0.03870076252918159,1,0,0,0,0,0,0,0,0,3,1136,8,0,121,1
1iux,A,237,GLU,-3.5,138.4,-1.0,1,3,H,0.7474226804123711,-64.2,-38.4,0.0,16.0,0.0,1.7085706640627947,16,15,13,2,0.030307826077069916,1,0,0,0,0,0,0,0,0,-1,0,0,0,0,0
1iux,A,238,ARG,-4.5,173.4,1.0,5,0,H,0.40725806451612906,-62.8,-41.0,6.0,15.0,0.2857142857142857,1.8978011824290355,21,11,42,-31,0.035436842797804825,1,0,0,0,0,0,0,0,0,-1,0,0,0,0,0
1iux,A,239,PHE,2.8,189.9,0.0,0,0,H,0.0,-62.3,-48.2,22.0,11.0,0.6666666666666666,5.68379818268497,38,36,27,9,0.05035761871267001,1,0,0,0,0,0,0,0,0,-1,0,0,0,0,0
1iux,A,240,TRP,-0.9,227.8,0.0,1,0,H,0.07929515418502203,-61.7,-39.5,12.0,20.0,0.375,3.025915620997877,32,20,22,-2,0.043829779249916496,1,0,0,0,0,0,0,0,0,-1,0,0,0,0,0
1iux,A,241,THR,-0.7,116.1,0.0,1,1,H,0.6619718309859155,-63.8,-43.1,5.0,14.0,0.2631578947368421,1.8557782981429725,18,33,23,10,0.03310547156110714,1,0,0,0,0,0,0,0,0,-1,0,0,0,0,0
1iux,A,242,GLU,-3.5,138.4,-1.0,1,3,H,0.10309278350515463,-69.2,-44.1,17.0,9.0,0.6538461538461539,2.126010698992722,23,47,5,42,0.04243095650789788,1,0,0,0,0,0,0,0,0,-1,0,0,0,0,0
1iux,A,243,LEU,3.8,166.7,0.0,0,0,H,0.0,-56.6,-50.9,22.0,18.0,0.55,5.6910491289055,37,35,14,21,0.04989134446533048,1,0,0,0,0,0,0,0,0,-1,0,0,0,0,0
1iux,A,244,LYS,-3.9,168.6,1.0,2,0,H,0.4292682926829268,-60.1,-35.4,11.0,21.0,0.34375,2.186473990322836,27,16,22,-6,0.03823448828184205,1,0,0,0,0,0,0,0,0,-1,0,0,0,0,0
1iux,A,245,ALA,1.8,88.6,0.0,0,0,H,0.42452830188679247,-67.9,-22.8,9.0,17.0,0.34615384615384615,1.8009067580498073,23,43,10,33,0.03357174580844668,1,0,0,0,0,0,0,0,0,-1,0,0,0,0,0
1iux,A,246,ARG,-4.5,173.4,1.0,5,0,H,0.06854838709677419,-95.4,-10.2,22.0,14.0,0.6111111111111112,2.832780551922104,30,33,9,24,0.04662742473395372,1,0,0,0,0,0,0,0,0,0,3532,8,0,314,1
1iux,A,247,LEU,3.8,166.7,0.0,0,0,S,0.07317073170731707,-96.6,159.7,21.0,18.0,0.5384615384615384,3.2629679717381705,38,39,21,18,0.04103213376587927,0,0,0,0,0,0,1,0,0,-1,0,0,0,0,0
1iux,A,248,PRO,-1.6,112.7,0.0,0,0,-,0.1323529411764706,-62.6,145.2,18.0,13.0,0.5806451612903226,2.134969636806182,29,36,19,17,0.035436842797804825,0,0,0,0,0,0,0,0,0,-1,0,0,0,0,0
1iux,A,249,SER,-0.8,89.0,0.0,1,1,H,0.6923076923076923,-48.5,-46.2,1.0,16.0,0.058823529411764705,1.76823774568813,17,26,18,8,0.025178809356335007,1,0,0,0,0,0,0,0,0,27,24,1,0,0,1
1iux,A,250,GLU,-3.5,138.4,-1.0,1,3,H,0.422680412371134,-64.4,-22.2,5.0,12.0,0.29411764705882354,1.7834786732150931,16,19,12,7,0.027043906345693154,1,0,0,0,0,0,0,0,0,27,24,1,0,0,1
1iux,A,251,VAL,4.2,140.0,0.0,0,0,H,0.014084507042253521,-86.1,-44.8,20.0,7.0,0.7407407407407407,3.9399561387823385,24,29,22,7,0.03963331102386066,1,0,0,0,0,0,0,0,0,16,24,9,0,2,1
1iux,A,252,ALA,1.8,88.6,0.0,0,0,H,0.16981132075471697,-63.6,-27.4,11.0,12.0,0.4782608695652174,2.1824718908492633,22,25,20,5,0.04196468226055834,1,0,0,0,0,0,0,0,0,-1,0,0,0,0,0
1iux,A,253,GLU,-3.5,138.4,-1.0,1,3,T,0.8865979381443299,-66.0,-35.0,4.0,14.0,0.2222222222222222,1.7236679971995992,11,16,9,7,0.027043906345693154,0,0,0,0,0,1,0,0,0,27,24,1,0,0,1
1iux,A,254,LYS,-3.9,168.6,1.0,2,0,T,0.6048780487804878,-105.2,14.2,6.0,10.0,0.375,1.9276353145748564,20,9,18,-9,0.027043906345693154,0,0,0,0,0,1,0,0,0,27,24,1,0,0,1
1iux,A,255,LEU,3.8,166.7,0.0,0,0,P,0.08536585365853659,-74.8,124.5,17.0,7.0,0.7083333333333334,2.7147547719615908,26,18,9,9,0.03730193978716297,0,0,0,0,0,0,0,0,0,-1,0,0,0,0,0
1iux,A,256,VAL,4.2,140.0,0.0,0,0,P,0.4859154929577465,-95.6,118.0,10.0,13.0,0.43478260869565216,2.29034986520113,22,11,8,3,0.03124037457174899,0,0,0,0,0,0,0,0,0,-1,0,0,0,0,0
1iux,A,257,THR,-0.7,116.1,0.0,1,1,P,0.4154929577464789,-97.7,169.2,10.0,20.0,0.3333333333333333,1.8443691902450488,24,10,17,-7,0.032639197313767604,0,0,0,0,0,0,0,0,0,-1,0,0,0,0,0
1iux,A,258,GLY,-0.4,60.1,0.0,0,0,-,0.20238095238095238,-177.3,174.5,15.0,11.0,0.5769230769230769,1.817577369032604,25,5,24,-19,0.030774100324409453,0,0,0,0,0,0,0,0,0,-1,0,0,0,0,0
1iux,A,259,PRO,-1.6,112.7,0.0,0,0,-,0.7647058823529411,-64.5,147.6,1.0,20.0,0.047619047619047616,1.8986698708221534,17,4,23,-19,0.02844272908771177,0,0,0,0,0,0,0,0,0,-1,0,0,0,0,0
1iux,A,260,SER,-0.8,89.0,0.0,1,1,E,0.24615384615384617,-80.5,139.4,15.0,9.0,0.625,1.9284055293194744,23,11,27,-16,0.034970568550465285,0,0,1,0,0,0,0,0,0,3,1136,8,0,121,1
1iux,A,261,LEU,3.8,166.7,0.0,0,0,E,0.5426829268292683,-91.5,-26.3,11.0,9.0,0.55,1.9436843430114907,20,25,21,4,0.03357174580844668,0,0,1,0,0,0,0,0,0,-1,0,0,0,0,0
1iux,A,262,GLU,-3.5,138.4,-1.0,1,3,E,0.24742268041237114,-161.8,140.9,13.0,13.0,0.5,2.0981931260687636,26,32,4,28,0.032639197313767604,0,0,1,0,0,0,0,0,0,3,1136,8,0,121,1
1iux,A,263,LYS,-3.9,168.6,1.0,2,0,E,0.28780487804878047,-139.5,138.2,11.0,18.0,0.3793103448275862,2.109629960359502,27,7,29,-22,0.03776821403450251,0,0,1,0,0,0,0,0,0,3,1136,8,0,121,1
1iux,A,264,SER,-0.8,89.0,0.0,1,1,E,0.3076923076923077,-166.4,156.8,10.0,22.0,0.3125,1.9763909667176354,28,23,12,11,0.028909003335051305,0,0,1,0,0,0,0,0,0,3,1136,8,0,121,1
1iux,A,265,ILE,4.5,166.7,0.0,0,0,E,0.30177514792899407,-111.0,126.7,14.0,15.0,0.4827586206896552,1.9397572823204847,27,16,17,-1,0.032639197313767604,0,0,1,0,0,0,0,0,0,-1,0,0,0,0,0
1iux,A,266,ALA,1.8,88.6,0.0,0,0,E,0.37735849056603776,-113.0,120.2,16.0,15.0,0.5161290322580645,2.2857822303348247,29,17,3,14,0.028909003335051305,0,0,1,0,0,0,0,0,0,-1,0,0,0,0,0
1iux,A,267,PRO,-1.6,112.7,0.0,0,0,E,0.5882352941176471,-77.0,146.1,9.0,19.0,0.32142857142857145,2.0994386784073145,24,14,1,13,0.03357174580844668,0,0,1,0,0,0,0,0,0,19,2,20,0,0,1
1iux,A,268,LEU,3.8,166.7,0.0,0,0,E,0.006097560975609756,-90.5,136.4,17.0,13.0,0.5666666666666667,2.954920787398461,31,24,0,24,0.050823892960009553,0,0,1,0,0,0,0,0,0,19,2,20,0,0,1
1iux,A,269,ARG,-4.5,173.4,1.0,5,0,E,0.2540322580645161,-155.3,152.6,12.0,17.0,0.41379310344827586,2.162815870345063,25,18,16,2,0.04429605349725603,0,0,1,0,0,0,0,0,0,19,2,20,0,0,1
1iux,A,270,SER,-0.8,89.0,0.0,1,1,E,0.1,-121.1,138.1,16.0,18.0,0.47058823529411764,2.2944715682271872,27,31,18,13,0.04989134446533048,0,0,1,0,0,0,0,0,0,-1,0,0,0,0,0
1iux,A,271,PHE,2.8,189.9,0.0,0,0,E,0.04060913705583756,-159.3,134.1,13.0,18.0,0.41935483870967744,2.629625806656322,30,37,25,12,0.04942507021799094,0,0,1,0,0,0,0,0,0,-1,0,0,0,0,0
1iux,A,272,VAL,4.2,140.0,0.0,0,0,E,0.014084507042253521,-144.8,141.9,15.0,23.0,0.39473684210526316,3.1094627693074908,29,32,29,3,0.05129016720734909,0,0,1,0,0,0,0,0,0,-1,0,0,0,0,0
1iux,A,273,VAL,4.2,140.0,0.0,0,0,E,0.0,-122.7,142.5,20.0,15.0,0.5714285714285714,4.227970241107564,31,31,18,13,0.04942507021799094,0,0,1,0,0,0,0,0,0,-1,0,0,0,0,0
1iux,A,274,GLU,-3.5,138.4,-1.0,1,3,E,0.25257731958762886,-134.2,127.4,9.0,23.0,0.28125,2.041433918707765,21,15,0,15,0.040099585271200194,0,0,1,0,0,0,0,0,0,-1,0,0,0,0,0
1iux,A,275,PRO,-1.6,112.7,0.0,0,0,-,0.375,-79.3,-172.4,15.0,19.0,0.4411764705882353,2.4650081988855352,29,28,12,16,0.035436842797804825,0,0,0,0,0,0,0,0,0,7,84,9,0,8,1
1iux,A,276,MET,1.9,162.9,0.0,0,0,S,0.005319148936170213,-115.7,24.6,24.0,18.0,0.5714285714285714,5.214569364605349,37,27,20,7,0.04709369898129325,0,0,0,0,0,0,1,0,0,-1,0,0,0,0,0
1iux,A,277,GLN,-3.5,143.8,0.0,2,2,E,0.15656565656565657,-154.9,156.8,18.0,21.0,0.46153846153846156,2.198825390526685,32,24,13,11,0.04243095650789788,0,0,1,0,0,0,0,0,0,7,84,9,0,8,1
1iux,A,278,HIS,-3.2,153.2,0.1,2,1,E,0.10869565217391304,-153.1,112.9,20.0,17.0,0.5405405405405406,2.1358802225008673,27,22,5,17,0.04243095650789788,0,0,1,0,0,0,0,0,0,31,0,6,0,0,1
1iux,A,279,GLY,-0.4,60.1,0.0,0,0,T,0.4642857142857143,60.9,-120.8,17.0,12.0,0.5862068965517241,1.7096399262535824,27,23,17,6,0.03357174580844668,0,0,0,0,0,1,0,0,0,7,84,9,0,8,1
1iux,A,280,ARG,-4.5,173.4,1.0,5,0,T,0.2701612903225806,-94.4,8.3,19.0,18.0,0.5135135135135135,2.2905362330196826,28,17,24,-7,0.04476232774459557,0,0,0,0,0,1,0,0,0,-1,0,0,0,0,0
1iux,A,281,LEU,3.8,166.7,0.0,0,0,E,0.0,-103.9,131.2,27.0,18.0,0.6,5.045207021319254,40,28,7,21,0.04709369898129325,0,0,1,0,0,0,0,0,0,-1,0,0,0,0,0
1iux,A,282,PHE,2.8,189.9,0.0,0,0,E,0.030456852791878174,-127.0,127.1,23.0,23.0,0.5,4.485346262722508,38,18,10,8,0.04616115048661418,0,0,1,0,0,0,0,0,0,-1,0,0,0,0,0
1iux,A,283,LEU,3.8,166.7,0.0,0,0,E,0.0,-91.8,145.6,23.0,24.0,0.48936170212765956,6.189725345780763,43,29,22,7,0.05175644145468863,0,0,1,0,0,0,0,0,0,-1,0,0,0,0,0
1iux,A,284,ALA,1.8,88.6,0.0,0,0,-,0.0,-144.8,150.4,28.0,25.0,0.5283018867924528,3.067474758387891,42,16,24,-8,0.05175644145468863,0,0,0,0,0,0,0,0,0,-1,0,0,0,0,0
1iux,A,285,GLY,-0.4,60.1,0.0,0,0,G,0.0,67.4,-147.5,24.0,25.0,0.4897959183673469,2.5157338616263565,42,18,24,-6,0.048958795970651406,0,0,0,1,0,0,0,0,0,-1,0,0,0,0,0
1iux,A,286,ASP,-3.5,111.1,-1.0,1,3,G,0.294478527607362,-58.7,-14.1,15.0,25.0,0.375,2.1323794871955863,37,35,12,23,0.040099585271200194,0,0,0,1,0,0,0,0,0,4,402,17,0,93,1
1iux,A,287,ALA,1.8,88.6,0.0,0,0,G,0.0,-71.5,-27.8,26.0,15.0,0.6341463414634146,3.272729075930484,35,28,20,8,0.050823892960009553,0,0,0,1,0,0,0,0,0,-1,0,0,0,0,0
1iux,A,288,ALA,1.8,88.6,0.0,0,0,T,0.0,-105.2,-23.5,23.0,25.0,0.4791666666666667,5.685088386551237,43,24,29,-5,0.053155264196707235,0,0,0,0,0,1,0,0,0,-1,0,0,0,0,0
1iux,A,289,HIS,-3.2,153.2,0.1,2,1,E,0.010869565217391304,-162.2,149.2,24.0,20.0,0.5454545454545454,4.374335426400859,40,17,23,-6,0.05035761871267001,0,0,1,0,0,0,0,0,0,-1,0,0,0,0,0
1iux,A,290,ILE,4.5,166.7,0.0,0,0,E,0.15976331360946747,-127.1,138.6,14.0,24.0,0.3684210526315789,2.4601573901983302,33,38,24,14,0.04662742473395372,0,0,1,0,0,0,0,0,0,-1,0,0,0,0,0
1iux,A,291,VAL,4.2,140.0,0.0,0,0,-,0.09154929577464789,-125.2,147.6,23.0,19.0,0.5476190476190477,2.382024427242368,36,36,17,19,0.048026247475972325,0,0,0,0,0,0,0,0,0,19,2,20,0,0,1
1iux,A,292,PRO,-1.6,112.7,0.0,0,0,-,0.0,-63.8,151.7,23.0,16.0,0.5897435897435898,2.852689424090472,34,34,10,24,0.045694876239274644,0,0,0,0,0,0,0,0,0,19,2,20,0,0,1
1iux,A,293,PRO,-1.6,112.7,0.0,0,0,G,0.40441176470588236,-60.2,-23.7,17.0,22.0,0.4358974358974359,1.8472904277795286,36,23,2,21,0.03823448828184205,0,0,0,1,0,0,0,0,0,19,2,20,0,0,1
1iux,A,294,THR,-0.7,116.1,0.0,1,1,G,0.0,-45.4,-35.1,25.0,19.0,0.5681818181818182,2.88559043508782,33,22,3,19,0.04942507021799094,0,0,0,1,0,0,0,0,0,19,2,20,0,0,1
1iux,A,295,GLY,-0.4,60.1,0.0,0,0,G,0.0,-91.8,-4.8,24.0,17.0,0.5853658536585366,2.8477975101556967,40,12,11,1,0.043363505002576956,0,0,0,1,0,0,0,0,0,-1,0,0,0,0,0
1iux,A,296,ALA,1.8,88.6,0.0,0,0,S,0.2169811320754717,57.3,43.6,19.0,20.0,0.48717948717948717,1.8332285659994874,36,13,9,4,0.043829779249916496,0,0,0,0,0,0,1,0,0,-1,0,0,0,0,0
1iux,A,297,LYS,-3.9,168.6,1.0,2,0,-,0.024390243902439025,-110.6,-17.1,24.0,20.0,0.5454545454545454,3.8131567011139627,39,19,20,-1,0.04196468226055834,0,0,0,0,0,0,0,0,0,-1,0,0,0,0,0
1iux,A,298,GLY,-0.4,60.1,0.0,0,0,H,0.2261904761904762,-53.2,-65.0,20.0,25.0,0.4444444444444444,1.709710738920275,37,30,25,5,0.04196468226055834,1,0,0,0,0,0,0,0,0,-1,0,0,0,0,0
1iux,A,299,LEU,3.8,166.7,0.0,0,0,H,0.1402439024390244,-63.8,-32.0,19.0,26.0,0.4222222222222222,2.417686125731347,42,22,19,3,0.03683566553982344,1,0,0,0,0,0,0,0,0,-1,0,0,0,0,0
1iux,A,300,ASN,-3.5,114.1,0.0,2,2,H,0.006369426751592357,-68.5,-32.9,28.0,21.0,0.5714285714285714,3.142672229916452,42,19,16,3,0.043829779249916496,1,0,0,0,0,0,0,0,0,-1,0,0,0,0,0
1iux,A,301,LEU,3.8,166.7,0.0,0,0,H,0.006097560975609756,-75.1,-31.7,24.0,20.0,0.5454545454545454,5.061044244196559,42,38,28,10,0.048026247475972325,1,0,0,0,0,0,0,0,0,-1,0,0,0,0,0
1iux,A,302,ALA,1.8,88.6,0.0,0,0,H,0.03773584905660377,-62.0,-41.7,21.0,25.0,0.45652173913043476,3.5383641876310024,40,22,19,3,0.04476232774459557,1,0,0,0,0,0,0,0,0,-1,0,0,0,0,0
1iux,A,303,ALA,1.8,88.6,0.0,0,0,H,0.02830188679245283,-59.2,-44.5,16.0,24.0,0.4,5.118953977087607,40,17,21,-4,0.04942507021799094,1,0,0,0,0,0,0,0,0,-1,0,0,0,0,0
1iux,A,304,SER,-0.8,89.0,0.0,1,1,H,0.03076923076923077,-68.4,-33.8,23.0,21.0,0.5227272727272727,3.770999058205616,39,27,18,9,0.045694876239274644,1,0,0,0,0,0,0,0,0,-1,0,0,0,0,0
1iux,A,305,ASP,-3.5,111.1,-1.0,1,3,H,0.006134969325153374,-62.8,-45.5,26.0,21.0,0.5531914893617021,5.613370794610133,42,24,3,21,0.04989134446533048,1,0,0,0,0,0,0,0,0,-1,0,0,0,0,0
1iux,A,306,VAL,4.2,140.0,0.0,0,0,H,0.0,-62.7,-46.6,24.0,21.0,0.5333333333333333,5.700528485103723,44,12,9,3,0.05035761871267001,1,0,0,0,0,0,0,0,0,-1,0,0,0,0,0
1iux,A,307,SER,-0.8,89.0,0.0,1,1,H,0.05384615384615385,-58.5,-43.9,18.0,21.0,0.46153846153846156,2.3712724873021287,34,15,24,-9,0.045228601991935104,1,0,0,0,0,0,0,0,0,-1,0,0,0,0,0
1iux,A,308,THR,-0.7,116.1,0.0,1,1,H,0.06338028169014084,-66.4,-44.4,26.0,15.0,0.6341463414634146,2.5663620486528194,38,20,22,-2,0.04989134446533048,1,0,0,0,0,0,0,0,0,-1,0,0,0,0,0
1iux,A,309,LEU,3.8,166.7,0.0,0,0,H,0.0,-64.8,-45.5,27.0,20.0,0.574468085106383,6.4170250423727975,47,15,9,6,0.048026247475972325,1,0,0,0,0,0,0,0,0,-1,0,0,0,0,0
1iux,A,310,TYR,-1.3,193.6,0.0,1,1,H,0.0990990990990991,-55.5,-54.0,22.0,22.0,0.5,3.538381775224835,34,29,10,19,0.04942507021799094,1,0,0,0,0,0,0,0,0,-1,0,0,0,0,0
1iux,A,311,ARG,-4.5,173.4,1.0,5,0,H,0.3024193548387097,-61.0,-36.8,12.0,20.0,0.375,2.0713327060948092,29,12,17,-5,0.040099585271200194,1,0,0,0,0,0,0,0,0,-1,0,0,0,0,0
1iux,A,312,LEU,3.8,166.7,0.0,0,0,H,0.0,-69.2,-40.7,19.0,14.0,0.5757575757575758,3.6436341561645125,36,40,25,15,0.04616115048661418,1,0,0,0,0,0,0,0,0,1,3454,5,0,216,1
1iux,A,313,LEU,3.8,166.7,0.0,0,0,H,0.018292682926829267,-65.6,-36.9,23.0,17.0,0.575,4.81304631628737,38,25,11,14,0.04755997322863279,1,0,0,0,0,0,0,0,0,-1,0,0,0,0,0
1iux,A,314,LEU,3.8,166.7,0.0,0,0,H,0.12804878048780488,-60.2,-48.2,12.0,17.0,0.41379310344827586,2.303615449160277,29,40,10,30,0.04476232774459557,1,0,0,0,0,0,0,0,0,-1,0,0,0,0,0
1iux,A,315,LYS,-3.9,168.6,1.0,2,0,H,0.2097560975609756,-57.5,-41.6,12.0,10.0,0.5454545454545454,2.3266075166390854,21,29,26,3,0.04662742473395372,1,0,0,0,0,0,0,0,0,-1,0,0,0,0,0
1iux,A,316,ALA,1.8,88.6,0.0,0,0,H,0.1320754716981132,-67.6,-41.9,15.0,7.0,0.6818181818181818,2.2747806455876076,25,34,22,12,0.045694876239274644,1,0,0,0,0,0,0,0,0,-1,0,0,0,0,0
1iux,A,317,TYR,-1.3,193.6,0.0,1,1,H,0.2747747747747748,-81.9,-48.4,13.0,11.0,0.5416666666666666,1.9163164060686102,25,23,21,2,0.035436842797804825,1,0,0,0,0,0,0,0,0,14,39,5,0,2,1
1iux,A,318,ARG,-4.5,173.4,1.0,5,0,H,0.717741935483871,-76.1,-39.3,10.0,6.0,0.625,1.8443623565096217,14,17,9,8,0.027510180593032695,1,0,0,0,0,0,0,0,0,-1,0,0,0,0,0
1iux,A,319,GLU,-3.5,138.4,-1.0,1,3,H,0.4639175257731959,-106.9,1.8,8.0,5.0,0.6153846153846154,1.7726196102070755,14,33,8,25,0.027043906345693154,1,0,0,0,0,0,0,0,0,-1,0,0,0,0,0
1iux,A,320,GLY,-0.4,60.1,0.0,0,0,-,0.7023809523809523,61.6,29.2,0.0,13.0,0.0,1.7097180919646133,14,27,18,9,0.025178809356335007,0,0,0,0,0,0,0,0,0,-1,0,0,0,0,0
1iux,A,321,ARG,-4.5,173.4,1.0,5,0,-,0.2862903225806452,-105.7,53.9,11.0,6.0,0.6470588235294118,2.2650120532176787,19,18,26,-8,0.03403802005578621,0,0,0,0,0,0,0,0,0,-1,0,0,0,0,0
1iux,A,322,GLY,-0.4,60.1,0.0,0,0,G,0.34523809523809523,-60.1,-18.0,5.0,16.0,0.23809523809523808,1.7096395148095826,22,32,23,9,0.03403802005578621,0,0,0,1,0,0,0,0,0,-1,0,0,0,0,0
1iux,A,323,GLU,-3.5,138.4,-1.0,1,3,G,0.5309278350515464,-67.9,-24.4,1.0,16.0,0.058823529411764705,1.7308919962898361,15,26,15,11,0.02611135785101408,0,0,0,1,0,0,0,0,0,1,3454,5,0,216,1
1iux,A,324,LEU,3.8,166.7,0.0,0,0,G,0.07926829268292683,-64.3,-24.9,15.0,9.0,0.625,2.667959837118195,24,35,32,3,0.04149840801321881,0,0,0,1,0,0,0,0,0,1,3454,5,0,216,1
1iux,A,325,LEU,3.8,166.7,0.0,0,0,G,0.042682926829268296,-61.2,-19.7,17.0,15.0,0.53125,2.4375132949762524,30,36,18,18,0.04243095650789788,0,0,0,1,0,0,0,0,0,1,3454,5,0,216,1
1iux,A,326,GLU,-3.5,138.4,-1.0,1,3,G,0.7989690721649485,-69.5,-13.2,3.0,23.0,0.11538461538461539,1.7356199014623421,18,15,9,6,0.030307826077069916,0,0,0,1,0,0,0,0,0,1,3454,5,0,216,1
1iux,A,327,ARG,-4.5,173.4,1.0,5,0,G,0.34274193548387094,-90.8,-6.6,12.0,15.0,0.4444444444444444,2.1678695663933585,20,8,32,-24,0.03450429430312575,0,0,0,1,0,0,0,0,0,1,3454,5,0,216,1
1iux,A,328,TYR,-1.3,193.6,0.0,1,1,H,0.0,-48.5,-56.9,24.0,15.0,0.6153846153846154,5.377653461914762,40,15,14,1,0.04709369898129325,1,0,0,0,0,0,0,0,0,1,3454,5,0,216,1
1iux,A,329,SER,-0.8,89.0,0.0,1,1,H,0.06923076923076923,-59.5,-45.6,13.0,20.0,0.3939393939393939,2.3067091919595226,30,24,22,2,0.04196468226055834,1,0,0,0,0,0,0,0,0,1,3454,5,0,216,1
1iux,A,330,ALA,1.8,88.6,0.0,0,0,H,0.49056603773584906,-59.2,-42.9,6.0,18.0,0.25,1.8616446929669834,23,26,19,7,0.032639197313767604,1,0,0,0,0,0,0,0,0,1,3454,5,0,216,1
1iux,A,331,ILE,4.5,166.7,0.0,0,0,H,0.023668639053254437,-67.1,-50.3,18.0,12.0,0.6,3.1718780860341775,26,28,30,-2,0.040565859518539735,1,0,0,0,0,0,0,0,0,1,3454,5,0,216,1
1iux,A,332,CYS,2.5,108.5,0.0,1,0,H,0.02962962962962963,-61.0,-48.2,27.0,14.0,0.6585365853658537,4.166749764389222,37,33,20,13,0.048026247475972325,1,0,0,0,0,0,0,0,0,-1,0,0,0,0,0
1iux,A,333,LEU,3.8,166.7,0.0,0,0,H,0.13414634146341464,-56.2,-30.6,11.0,20.0,0.3548387096774194,2.356712323513705,29,35,19,16,0.04149840801321881,1,0,0,0,0,0,0,0,0,-1,0,0,0,0,0
1iux,A,334,ARG,-4.5,173.4,1.0,5,0,H,0.5,-61.7,-45.7,9.0,17.0,0.34615384615384615,1.8252265203889193,20,20,11,9,0.03450429430312575,1,0,0,0,0,0,0,0,0,-1,0,0,0,0,0
1iux,A,335,ARG,-4.5,173.4,1.0,5,0,H,0.11290322580645161,-74.2,-38.2,19.0,13.0,0.59375,2.4511320050746246,36,31,24,7,0.04196468226055834,1,0,0,0,0,0,0,0,0,-1,0,0,0,0,0
1iux,A,336,ILE,4.5,166.7,0.0,0,0,H,0.005917159763313609,-57.5,-50.0,22.0,21.0,0.5116279069767442,5.204031870315744,33,46,21,25,0.045694876239274644,1,0,0,0,0,0,0,0,0,-1,0,0,0,0,0
1iux,A,337,TRP,-0.9,227.8,0.0,1,0,H,0.42731277533039647,-62.4,-39.4,8.0,20.0,0.2857142857142857,1.9404612261395486,26,34,17,17,0.03683566553982344,1,0,0,0,0,0,0,0,0,-1,0,0,0,0,0
1iux,A,338,LYS,-3.9,168.6,1.0,2,0,H,0.6048780487804878,-68.0,-36.4,11.0,14.0,0.44,1.9854219404347941,19,33,12,21,0.035436842797804825,1,0,0,0,0,0,0,0,0,-1,0,0,0,0,0
1iux,A,339,ALA,1.8,88.6,0.0,0,0,H,0.07547169811320754,-71.9,-36.3,27.0,14.0,0.6585365853658537,4.455756046580393,35,50,15,35,0.048026247475972325,1,0,0,0,0,0,0,0,0,-1,0,0,0,0,0
1iux,A,340,GLU,-3.5,138.4,-1.0,1,3,H,0.041237113402061855,-62.4,-44.0,14.0,23.0,0.3783783783783784,2.232536689874086,35,51,3,48,0.04616115048661418,1,0,0,0,0,0,0,0,0,-1,0,0,0,0,0
1iux,A,341,ARG,-4.5,173.4,1.0,5,0,H,0.4475806451612903,-59.9,-44.0,8.0,19.0,0.2962962962962963,2.086367289011927,25,14,9,5,0.03776821403450251,1,0,0,0,0,0,0,0,0,-1,0,0,0,0,0
1iux,A,342,PHE,2.8,189.9,0.0,0,0,H,0.005076142131979695,-63.5,-48.3,19.0,13.0,0.59375,3.375677982029711,36,27,16,11,0.04476232774459557,1,0,0,0,0,0,0,0,0,-1,0,0,0,0,0
1iux,A,343,SER,-0.8,89.0,0.0,1,1,H,0.0,-62.4,-37.6,20.0,14.0,0.5882352941176471,4.5541934657541745,34,32,9,23,0.0526889899493677,1,0,0,0,0,0,0,0,0,-1,0,0,0,0,0
1iux,A,344,TRP,-0.9,227.8,0.0,1,0,H,0.4977973568281938,-64.5,-46.7,12.0,19.0,0.3870967741935484,2.2080350520925798,21,22,10,12,0.043363505002576956,1,0,0,0,0,0,0,0,0,-1,0,0,0,0,0
1iux,A,345,TRP,-0.9,227.8,0.0,1,0,H,0.0881057268722467,-61.5,-48.1,12.0,15.0,0.4444444444444444,2.3885121055590006,27,14,11,3,0.04243095650789788,1,0,0,0,0,0,0,0,0,17,15,7,0,1,1
1iux,A,346,MET,1.9,162.9,0.0,0,0,H,0.015957446808510637,-57.5,-47.6,20.0,14.0,0.5882352941176471,4.991225833585616,39,23,4,19,0.045228601991935104,1,0,0,0,0,0,0,0,0,-1,0,0,0,0,0
1iux,A,347,THR,-0.7,116.1,0.0,1,1,H,0.0,-59.0,-44.5,20.0,18.0,0.5263157894736842,4.349851133656843,33,23,2,21,0.056419183928083996,1,0,0,0,0,0,0,0,0,-1,0,0,0,0,0
1iux,A,348,SER,-0.8,89.0,0.0,1,1,H,0.24615384615384617,-69.9,-28.7,9.0,22.0,0.2903225806451613,2.039064579798643,29,21,9,12,0.045694876239274644,1,0,0,0,0,0,0,0,0,-1,0,0,0,0,0
1iux,A,349,VAL,4.2,140.0,0.0,0,0,H,0.02112676056338028,-88.6,-21.0,20.0,16.0,0.5555555555555556,2.847305160897301,35,22,10,12,0.043829779249916496,1,0,0,0,0,0,0,0,0,17,15,7,0,1,1
1iux,A,350,LEU,3.8,166.7,0.0,0,0,H,0.0,-96.7,-22.0,18.0,18.0,0.5,5.607395305618904,36,26,4,22,0.05222271570202816,1,0,0,0,0,0,0,0,0,0,3532,8,0,314,1
1iux,A,351,HIS,-3.2,153.2,0.1,2,1,S,0.0,-99.2,162.3,20.0,21.0,0.4878048780487805,5.032004464279803,37,21,0,21,0.05129016720734909,0,0,0,0,0,0,1,0,0,-1,0,0,0,0,0
1iux,A,352,ARG,-4.5,173.4,1.0,5,0,P,0.2620967741935484,-102.9,121.1,14.0,19.0,0.42424242424242425,1.979590116939567,27,33,2,31,0.04429605349725603,0,0,0,0,0,0,0,0,0,0,3532,8,0,314,1
1iux,A,353,PHE,2.8,189.9,0.0,0,0,P,0.3147208121827411,-91.4,141.7,12.0,15.0,0.4444444444444444,1.8420212373434084,27,23,10,13,0.03403802005578621,0,0,0,0,0,0,0,0,0,-1,0,0,0,0,0
1iux,A,354,PRO,-1.6,112.7,0.0,0,0,S,0.6691176470588235,-53.8,-56.1,6.0,12.0,0.3333333333333333,1.833831466386935,13,12,10,2,0.02098234113027917,0,0,0,0,0,0,1,0,0,-1,0,0,0,0,0
1iux,A,355,ASP,-3.5,111.1,-1.0,1,3,S,0.9325153374233128,-107.4,71.6,1.0,9.0,0.1,1.7029893728840069,10,3,8,-5,0.01678587290422334,0,0,0,0,0,0,1,0,0,-1,0,0,0,0,0
1iux,A,356,THR,-0.7,116.1,0.0,1,1,-,0.323943661971831,-104.0,121.9,13.0,2.0,0.8666666666666667,1.7766697413585348,14,14,16,-2,0.027043906345693154,0,0,0,0,0,0,0,0,0,-1,0,0,0,0,0
1iux,A,357,ASP,-3.5,111.1,-1.0,1,3,-,0.6196319018404908,-78.5,166.0,1.0,11.0,0.08333333333333333,1.825052455934525,11,5,7,-2,0.022381163872297785,0,0,0,0,0,0,0,0,0,-1,0,0,0,0,0
1iux,A,358,ALA,1.8,88.6,0.0,0,0,H,0.7452830188679245,-54.7,-41.9,0.0,11.0,0.0,1.7675272385234144,11,12,10,2,0.023779986614316396,1,0,0,0,0,0,0,0,0,-1,0,0,0,0,0
1iux,A,359,PHE,2.8,189.9,0.0,0,0,H,0.7411167512690355,-57.0,-51.7,0.0,11.0,0.0,2.0002387449139665,10,10,8,2,0.027510180593032695,1,0,0,0,0,0,0,0,0,-1,0,0,0,0,0
1iux,A,360,SER,-0.8,89.0,0.0,1,1,H,0.45384615384615384,-57.0,-40.7,8.0,9.0,0.47058823529411764,1.889586718776033,16,13,16,-3,0.032172923066428064,1,0,0,0,0,0,0,0,0,-1,0,0,0,0,0
1iux,A,361,GLN,-3.5,143.8,0.0,2,2,H,0.4444444444444444,-62.4,-42.3,9.0,14.0,0.391304347826087,1.7969918750590412,20,24,12,12,0.03776821403450251,1,0,0,0,0,0,0,0,0,13,55,5,0,2,1
1iux,A,362,ARG,-4.5,173.4,1.0,5,0,H,0.6532258064516129,-68.0,-37.7,3.0,13.0,0.1875,1.8555164734399403,13,2,10,-8,0.0363693912924839,1,0,0,0,0,0,0,0,0,13,55,5,0,2,1
1iux,A,363,ILE,4.5,166.7,0.0,0,0,H,0.4556213017751479,-66.8,-36.7,6.0,10.0,0.375,2.0359758581389515,18,10,20,-10,0.03357174580844668,1,0,0,0,0,0,0,0,0,-1,0,0,0,0,0
1iux,A,364,GLN,-3.5,143.8,0.0,2,2,H,0.11616161616161616,-62.8,-46.9,19.0,10.0,0.6551724137931034,1.99191236758121,27,29,16,13,0.04103213376587927,1,0,0,0,0,0,0,0,0,-1,0,0,0,0,0
1iux,A,365,GLN,-3.5,143.8,0.0,2,2,H,0.30808080808080807,-60.9,-48.2,9.0,17.0,0.34615384615384615,2.095449492056003,21,16,17,-1,0.04429605349725603,1,0,0,0,0,0,0,0,0,13,55,5,0,2,1
1iux,A,366,THR,-0.7,116.1,0.0,1,1,H,0.4788732394366197,-62.0,-34.0,5.0,14.0,0.2631578947368421,2.0156413723906432,17,10,18,-8,0.03590311704514436,1,0,0,0,0,0,0,0,0,13,55,5,0,2,1
1iux,A,367,GLU,-3.5,138.4,-1.0,1,3,H,0.29381443298969073,-59.6,-46.9,11.0,12.0,0.4782608695652174,2.0934306525562247,25,4,9,-5,0.04103213376587927,1,0,0,0,0,0,0,0,0,17,15,7,0,1,1
1iux,A,368,LEU,3.8,166.7,0.0,0,0,H,0.018292682926829267,-63.1,-51.6,20.0,13.0,0.6060606060606061,3.6412189428069897,33,14,18,-4,0.045228601991935104,1,0,0,0,0,0,0,0,0,-1,0,0,0,0,0
1iux,A,369,GLU,-3.5,138.4,-1.0,1,3,H,0.4793814432989691,-55.0,-39.1,6.0,17.0,0.2608695652173913,1.8801101137259844,17,12,8,4,0.03963331102386066,1,0,0,0,0,0,0,0,0,13,55,5,0,2,1
1iux,A,370,TYR,-1.3,193.6,0.0,1,1,H,0.5630630630630631,-72.3,-57.4,9.0,12.0,0.42857142857142855,1.8202904482373896,20,1,22,-21,0.03590311704514436,1,0,0,0,0,0,0,0,0,26,24,1,0,0,1
1iux,A,371,TYR,-1.3,193.6,0.0,1,1,H,0.27927927927927926,-62.1,-30.3,13.0,12.0,0.52,2.8359552043957534,27,3,19,-16,0.04662742473395372,1,0,0,0,0,0,0,0,0,26,24,1,0,0,1
1iux,A,372,LEU,3.8,166.7,0.0,0,0,T,0.018292682926829267,-86.7,-8.0,16.0,14.0,0.5333333333333333,3.10546096512622,33,20,23,-3,0.04709369898129325,0,0,0,0,0,1,0,0,0,32,0,7,0,0,1
1iux,A,373,GLY,-0.4,60.1,0.0,0,0,T,0.6309523809523809,-114.6,-4.8,5.0,15.0,0.25,1.900020729656958,20,12,19,-7,0.03170664881908853,0,0,0,0,0,1,0,0,0,-1,0,0,0,0,0
1iux,A,374,SER,-0.8,89.0,0.0,1,1,-,0.2076923076923077,-111.0,137.5,11.0,7.0,0.6111111111111112,2.019796178574898,19,5,16,-11,0.02984155182973038,0,0,0,0,0,0,0,0,0,26,24,1,0,0,1
1iux,A,375,GLU,-3.5,138.4,-1.0,1,3,H,0.5773195876288659,-63.5,-35.6,1.0,18.0,0.05263157894736842,1.7496583831953467,19,12,5,7,0.02611135785101408,1,0,0,0,0,0,0,0,0,26,24,1,0,0,1
1iux,A,376,ALA,1.8,88.6,0.0,0,0,H,0.6037735849056604,-73.1,-36.7,0.0,16.0,0.0,1.7676826423610517,15,1,15,-14,0.027043906345693154,1,0,0,0,0,0,0,0,0,26,24,1,0,0,1
1iux,A,377,GLY,-0.4,60.1,0.0,0,0,H,0.011904761904761904,-66.1,-46.9,8.0,12.0,0.4,2.5629748000760353,22,1,21,-20,0.040565859518539735,1,0,0,0,0,0,0,0,0,26,24,1,0,0,1
1iux,A,378,LEU,3.8,166.7,0.0,0,0,H,0.12804878048780488,-59.3,-37.4,17.0,14.0,0.5483870967741935,3.460839904496134,29,25,22,3,0.04476232774459557,1,0,0,0,0,0,0,0,0,10,124,3,0,5,1
1iux,A,379,ALA,1.8,88.6,0.0,0,0,H,0.2830188679245283,-66.3,-33.0,8.0,17.0,0.32,2.3212654057239375,27,12,23,-11,0.03870076252918159,1,0,0,0,0,0,0,0,0,10,124,3,0,5,1
1iux,A,380,THR,-0.7,116.1,0.0,1,1,H,0.3732394366197183,-70.2,-37.6,12.0,17.0,0.41379310344827586,1.8354174079196341,24,5,13,-8,0.03590311704514436,1,0,0,0,0,0,0,0,0,17,15,7,0,1,1
1iux,A,381,ILE,4.5,166.7,0.0,0,0,H,0.01775147928994083,-66.7,-53.3,23.0,16.0,0.5897435897435898,2.689118287316898,37,8,16,-8,0.04476232774459557,1,0,0,0,0,0,0,0,0,-1,0,0,0,0,0
1iux,A,382,ALA,1.8,88.6,0.0,0,0,H,0.0,-54.6,-50.4,23.0,13.0,0.6388888888888888,3.9644860552969243,38,23,20,3,0.050823892960009553,1,0,0,0,0,0,0,0,0,10,124,3,0,5,1
1iux,A,383,GLU,-3.5,138.4,-1.0,1,3,H,0.5309278350515464,-65.1,-29.6,8.0,24.0,0.25,1.9316421105877584,27,16,3,13,0.04196468226055834,1,0,0,0,0,0,0,0,0,-1,0,0,0,0,0
1iux,A,384,ASN,-3.5,114.1,0.0,2,2,H,0.08280254777070063,-77.3,-38.1,16.0,18.0,0.47058823529411764,3.0625815756666412,33,34,18,16,0.04243095650789788,1,0,0,0,0,0,0,0,0,-1,0,0,0,0,0
1iux,A,385,TYR,-1.3,193.6,0.0,1,1,H,0.009009009009009009,-67.6,-41.0,23.0,19.0,0.5476190476190477,4.8932745070563834,42,17,19,-2,0.04476232774459557,1,0,0,0,0,0,0,0,0,-1,0,0,0,0,0
1iux,A,386,VAL,4.2,140.0,0.0,0,0,H,0.035211267605633804,-73.0,-19.1,21.0,21.0,0.5,2.9075719752497706,40,24,23,1,0.045694876239274644,1,0,0,0,0,0,0,0,0,-1,0,0,0,0,0
1iux,A,387,GLY,-0.4,60.1,0.0,0,0,-,0.10714285714285714,105.5,125.8,21.0,18.0,0.5384615384615384,1.9308024458427566,32,32,18,14,0.043363505002576956,0,0,0,0,0,0,0,0,0,-1,0,0,0,0,0
1iux,A,388,LEU,3.8,166.7,0.0,0,0,P,0.21341463414634146,-67.3,154.4,15.0,14.0,0.5172413793103449,1.9515393647780392,30,35,19,16,0.03683566553982344,0,0,0,0,0,0,0,0,0,6,196,8,0,17,1
1iux,A,389,PRO,-1.6,112.7,0.0,0,0,P,0.8235294117647058,-60.3,155.0,3.0,21.0,0.125,1.9331225168548385,16,24,25,-1,0.02331371236697686,0,0,0,0,0,0,0,0,0,6,196,8,0,17,1
1iux,A,390,TYR,-1.3,193.6,0.0,1,1,P,0.28378378378378377,-83.2,147.0,17.0,13.0,0.5666666666666667,1.9273093402890487,30,20,35,-15,0.02844272908771177,0,0,0,0,0,0,0,0,0,6,196,8,0,17,1
1iux,A,391,GLU,-3.5,138.4,-1.0,1,3,P,0.37628865979381443,-75.0,136.9,14.0,8.0,0.6363636363636364,1.71362285927499,21,31,14,17,0.030307826077069916,0,0,0,0,0,0,0,0,0,6,196,8,0,17,1
1iux,A,392,GLU,-3.5,138.4,-1.0,1,3,-,0.8917525773195877,-60.6,-44.6,1.0,13.0,0.07142857142857142,1.7349021512540521,12,12,18,-6,0.020516066882939634,0,0,0,0,0,0,0,0,0,6,196,8,0,17,1
1iux,A,393,ILE,4.5,166.7,0.0,0,0,-,0.11834319526627218,97.3,152.4,16.0,5.0,0.7619047619047619,1.9436600144801799,22,33,27,6,0.029375277582390842,0,0,0,0,0,0,0,0,0,-1,0,0,0,0,0
1iux,A,394,GLU,-3.5,138.4,-1.0,1,3,-,0.5773195876288659,77.1,360.0,4.0,12.0,0.25,1.7504407973956704,13,27,23,4,0.024246260861655933,0,0,0,0,0,0,0,0,0,-1,0,0,0,0,0
2dap,A,1,MET,1.9,162.9,0.0,0,0,-,0.7712765957446809,360.0,175.6,6.0,2.0,0.75,1.7676118200652358,11,12,12,0,0.008859210699451206,0,0,0,0,0,0,0,0,0,16,23,2,0,0,1
2dap,A,2,THR,-0.7,116.1,0.0,1,1,-,0.5422535211267606,-85.3,41.4,5.0,10.0,0.3333333333333333,1.767581664802573,14,25,17,8,0.02098234113027917,0,0,0,0,0,0,0,0,0,16,23,2,0,0,1
2dap,A,3,ASN,-3.5,114.1,0.0,2,2,-,0.35668789808917195,-88.2,120.5,10.0,11.0,0.47619047619047616,1.7221122036664271,18,19,23,-4,0.030307826077069916,0,0,0,0,0,0,0,0,0,16,23,2,0,0,1
2dap,A,4,ILE,4.5,166.7,0.0,0,0,E,0.023668639053254437,-72.1,114.2,22.0,9.0,0.7096774193548387,2.579608174945133,30,41,26,15,0.04243095650789788,0,0,1,0,0,0,0,0,0,16,23,2,0,0,1
2dap,A,5,ARG,-4.5,173.4,1.0,5,0,E,0.3709677419354839,-72.8,122.7,11.0,20.0,0.3548387096774194,2.6830547147522985,22,10,31,-21,0.043363505002576956,0,0,1,0,0,0,0,0,0,-1,0,0,0,0,0
2dap,A,6,VAL,4.2,140.0,0.0,0,0,E,0.0,-127.8,153.2,22.0,17.0,0.5641025641025641,5.299774504693386,36,20,26,-6,0.05175644145468863,0,0,1,0,0,0,0,0,0,-1,0,0,0,0,0
2dap,A,7,ALA,1.8,88.6,0.0,0,0,E,0.0,-137.7,155.8,24.0,20.0,0.5454545454545454,5.440561968162174,38,11,20,-9,0.05175644145468863,0,0,1,0,0,0,0,0,0,-1,0,0,0,0,0
2dap,A,8,ILE,4.5,166.7,0.0,0,0,E,0.0,-111.9,138.0,25.0,23.0,0.5208333333333334,6.028905458354813,39,8,11,-3,0.053621538444046775,0,0,1,0,0,0,0,0,0,-1,0,0,0,0,0
2dap,A,9,VAL,4.2,140.0,0.0,0,0,E,0.014084507042253521,-112.3,115.6,21.0,24.0,0.4666666666666667,3.2547942291847747,41,4,9,-5,0.048026247475972325,0,0,1,0,0,0,0,0,0,-1,0,0,0,0,0
2dap,A,10,GLY,-0.4,60.1,0.0,0,0,-,0.13095238095238096,101.4,159.0,18.0,17.0,0.5142857142857142,2.4173183270970124,35,21,9,12,0.04103213376587927,0,0,0,0,0,0,0,0,0,-1,0,0,0,0,0
2dap,A,11,TYR,-1.3,193.6,0.0,1,1,-,0.16216216216216217,-147.5,50.9,16.0,15.0,0.5161290322580645,2.2372300973790606,30,23,16,7,0.03870076252918159,0,0,0,0,0,0,0,0,0,-1,0,0,0,0,0
2dap,A,12,GLY,-0.4,60.1,0.0,0,0,S,0.40476190476190477,-93.4,-141.8,7.0,16.0,0.30434782608695654,2.172589574782543,24,14,8,6,0.025645083603674543,0,0,0,0,0,0,1,0,0,22,1,14,0,0,1
2dap,A,13,ASN,-3.5,114.1,0.0,2,2,H,0.4394904458598726,-63.2,-47.5,9.0,14.0,0.391304347826087,1.8072919634554,21,25,8,17,0.032639197313767604,1,0,0,0,0,0,0,0,0,22,1,14,0,0,1
2dap,A,14,LEU,3.8,166.7,0.0,0,0,H,0.17682926829268292,-64.2,-48.0,18.0,16.0,0.5294117647058824,2.4156227818975795,38,19,14,5,0.04243095650789788,1,0,0,0,0,0,0,0,0,22,1,14,0,0,1
2dap,A,15,GLY,-0.4,60.1,0.0,0,0,H,0.0,-59.5,-35.9,17.0,20.0,0.4594594594594595,3.507124602098413,34,19,13,6,0.04755997322863279,1,0,0,0,0,0,0,0,0,-1,0,0,0,0,0
2dap,A,16,ARG,-4.5,173.4,1.0,5,0,H,0.45564516129032256,-70.6,-33.8,7.0,23.0,0.23333333333333334,2.0294395016689806,23,13,20,-7,0.04103213376587927,1,0,0,0,0,0,0,0,0,22,1,14,0,0,1
2dap,A,17,SER,-0.8,89.0,0.0,1,1,H,0.038461538461538464,-73.4,-39.6,15.0,13.0,0.5357142857142857,2.4241249367313524,28,32,17,15,0.04616115048661418,1,0,0,0,0,0,0,0,0,-1,0,0,0,0,0
2dap,A,18,VAL,4.2,140.0,0.0,0,0,H,0.0,-62.9,-43.3,31.0,13.0,0.7045454545454546,5.246658320123314,40,20,17,3,0.05129016720734909,1,0,0,0,0,0,0,0,0,12,24,7,0,1,1
2dap,A,19,GLU,-3.5,138.4,-1.0,1,3,H,0.15979381443298968,-55.8,-55.1,17.0,21.0,0.4473684210526316,2.242742257518659,34,26,4,22,0.04103213376587927,1,0,0,0,0,0,0,0,0,12,24,7,0,1,1
2dap,A,20,LYS,-3.9,168.6,1.0,2,0,H,0.5219512195121951,-63.6,-29.0,6.0,18.0,0.25,1.9552399865774543,23,21,17,4,0.03310547156110714,1,0,0,0,0,0,0,0,0,12,24,7,0,1,1
2dap,A,21,LEU,3.8,166.7,0.0,0,0,H,0.11585365853658537,-82.2,-31.5,16.0,10.0,0.6153846153846154,2.404131982050014,28,24,16,8,0.03776821403450251,1,0,0,0,0,0,0,0,0,12,24,7,0,1,1
2dap,A,22,ILE,4.5,166.7,0.0,0,0,H,0.023668639053254437,-58.2,-27.3,20.0,15.0,0.5714285714285714,2.483325186453478,33,24,23,1,0.04289723075523742,1,0,0,0,0,0,0,0,0,12,24,7,0,1,1
2dap,A,23,ALA,1.8,88.6,0.0,0,0,T,0.8113207547169812,-64.9,-31.8,5.0,14.0,0.2631578947368421,1.767640718412538,17,18,19,-1,0.030774100324409453,0,0,0,0,0,1,0,0,0,12,24,7,0,1,1
2dap,A,24,LYS,-3.9,168.6,1.0,2,0,T,0.7658536585365854,-87.9,12.8,5.0,12.0,0.29411764705882354,1.8878742273949858,14,10,5,5,0.022381163872297785,0,0,0,0,0,1,0,0,0,12,24,7,0,1,1
2dap,A,25,GLN,-3.5,143.8,0.0,2,2,-,0.21717171717171718,-95.8,126.9,21.0,4.0,0.84,2.1429500891139153,25,22,17,5,0.030774100324409453,0,0,0,0,0,0,0,0,0,12,24,7,0,1,1
2dap,A,26,PRO,-1.6,112.7,0.0,0,0,T,0.7279411764705882,-71.7,-13.7,3.0,17.0,0.15,1.8338447426430535,17,15,17,-2,0.02471253510899547,0,0,0,0,0,1,0,0,0,-1,0,0,0,0,0
2dap,A,27,ASP,-3.5,111.1,-1.0,1,3,T,0.15950920245398773,-129.2,23.0,12.0,11.0,0.5217391304347826,2.1447898711425104,29,30,12,18,0.03310547156110714,0,0,0,0,0,1,0,0,0,-1,0,0,0,0,0
2dap,A,28,MET,1.9,162.9,0.0,0,0,E,0.05319148936170213,-130.3,149.8,20.0,8.0,0.7142857142857143,3.267777838867773,27,31,23,8,0.04243095650789788,0,0,1,0,0,0,0,0,0,9,24,8,0,2,1
2dap,A,29,ASP,-3.5,111.1,-1.0,1,3,E,0.5766871165644172,-130.2,119.9,9.0,22.0,0.2903225806451613,2.0262523762911684,24,12,16,-4,0.03590311704514436,0,0,1,0,0,0,0,0,0,9,24,8,0,2,1
2dap,A,30,LEU,3.8,166.7,0.0,0,0,E,0.2865853658536585,-78.4,119.4,19.0,16.0,0.5428571428571428,2.169862629680755,35,14,20,-6,0.03916703677652112,0,0,1,0,0,0,0,0,0,9,24,8,0,2,1
2dap,A,31,VAL,4.2,140.0,0.0,0,0,E,0.29577464788732394,-92.3,-31.3,17.0,13.0,0.5666666666666667,1.9578474121715417,25,20,24,-4,0.03683566553982344,0,0,1,0,0,0,0,0,0,2,1260,9,0,138,1
2dap,A,32,GLY,-0.4,60.1,0.0,0,0,E,0.0,170.6,-171.5,11.0,23.0,0.3235294117647059,3.9897502294216376,32,14,20,-6,0.04243095650789788,0,0,1,0,0,0,0,0,0,2,1260,9,0,138,1
2dap,A,33,ILE,4.5,166.7,0.0,0,0,E,0.0,-127.5,128.8,21.0,22.0,0.4883720930232558,5.213531984272754,35,13,14,-1,0.05408781269138631,0,0,1,0,0,0,0,0,0,2,1260,9,0,138,1
2dap,A,34,PHE,2.8,189.9,0.0,0,0,E,0.01015228426395939,-96.4,114.8,19.0,18.0,0.5135135135135135,3.5228388893318563,36,19,18,1,0.048026247475972325,0,0,1,0,0,0,0,0,0,-1,0,0,0,0,0
2dap,A,35,SER,-0.8,89.0,0.0,1,1,E,0.1076923076923077,-131.1,163.7,15.0,14.0,0.5172413793103449,2.1920041417269105,26,22,14,8,0.04243095650789788,0,0,1,0,0,0,0,0,0,14,24,3,0,0,1
2dap,A,36,ARG,-4.5,173.4,1.0,5,0,S,0.8104838709677419,-81.4,-25.1,3.0,15.0,0.16666666666666666,1.8068139868872137,15,11,9,2,0.026577632098353617,0,0,0,0,0,0,1,0,0,14,24,3,0,0,1
2dap,A,37,ARG,-4.5,173.4,1.0,5,0,S,0.532258064516129,-90.7,143.6,6.0,11.0,0.35294117647058826,1.8461555841843547,16,11,12,-1,0.028909003335051305,0,0,0,0,0,0,1,0,0,17,24,1,0,0,1
2dap,A,38,ALA,1.8,88.6,0.0,0,0,S,0.8584905660377359,-74.8,-38.7,0.0,15.0,0.0,1.8194020446380244,15,21,9,12,0.025645083603674543,0,0,0,0,0,0,1,0,0,17,24,1,0,0,1
2dap,A,39,THR,-0.7,116.1,0.0,1,1,-,0.7535211267605634,-112.9,150.8,1.0,15.0,0.0625,1.8938059227519999,12,15,8,7,0.02144861537761871,0,0,0,0,0,0,0,0,0,17,24,1,0,0,1
2dap,A,40,LEU,3.8,166.7,0.0,0,0,-,0.1524390243902439,-153.9,146.3,18.0,2.0,0.9,2.0085012149866817,19,25,11,14,0.030307826077069916,0,0,0,0,0,0,0,0,0,17,24,1,0,0,1
2dap,A,41,ASP,-3.5,111.1,-1.0,1,3,S,0.9631901840490797,-69.2,56.2,3.0,11.0,0.21428571428571427,1.6721136004631556,12,18,3,15,0.02144861537761871,0,0,0,0,0,0,1,0,0,-1,0,0,0,0,0
2dap,A,42,THR,-0.7,116.1,0.0,1,1,S,0.2676056338028169,-154.3,158.3,14.0,3.0,0.8235294117647058,1.7767630699240218,18,18,15,3,0.027510180593032695,0,0,0,0,0,0,1,0,0,2,1260,9,0,138,1
2dap,A,43,LYS,-3.9,168.6,1.0,2,0,S,0.9902439024390244,-85.5,-21.7,3.0,11.0,0.21428571428571427,1.8707659616939998,10,0,9,-9,0.01958351838826056,0,0,0,0,0,0,1,0,0,2,1260,9,0,138,1
2dap,A,44,THR,-0.7,116.1,0.0,1,1,S,0.18309859154929578,-65.8,133.3,17.0,7.0,0.7083333333333334,1.8385604883098239,21,10,14,-4,0.03357174580844668,0,0,0,0,0,0,1,0,0,2,1260,9,0,138,1
2dap,A,45,PRO,-1.6,112.7,0.0,0,0,-,0.5073529411764706,-54.2,140.9,5.0,16.0,0.23809523809523808,2.2801400888917813,20,13,5,8,0.02797645484037223,0,0,0,0,0,0,0,0,0,2,1260,9,0,138,1
2dap,A,46,VAL,4.2,140.0,0.0,0,0,E,0.323943661971831,-123.8,132.1,12.0,16.0,0.42857142857142855,2.027402465376326,24,19,14,5,0.04196468226055834,0,0,1,0,0,0,0,0,0,2,1260,9,0,138,1
2dap,A,47,PHE,2.8,189.9,0.0,0,0,E,0.2436548223350254,-118.7,148.9,15.0,11.0,0.5769230769230769,2.0284335157949833,31,21,18,3,0.04149840801321881,0,0,1,0,0,0,0,0,0,24,3,2,0,0,1
2dap,A,48,ASP,-3.5,111.1,-1.0,1,3,E,0.48466257668711654,-62.7,136.2,4.0,18.0,0.18181818181818182,2.0739931746897273,19,22,12,10,0.03730193978716297,0,0,1,0,0,0,0,0,0,24,3,2,0,0,1
2dap,A,49,VAL,4.2,140.0,0.0,0,0,G,0.2746478873239437,-56.3,-31.2,13.0,16.0,0.4482758620689655,2.163685993283136,24,19,22,-3,0.03730193978716297,0,0,0,1,0,0,0,0,0,24,3,2,0,0,1
2dap,A,50,ALA,1.8,88.6,0.0,0,0,G,0.5943396226415094,-68.7,-8.0,3.0,18.0,0.14285714285714285,1.8942932526414875,15,17,24,-7,0.025178809356335007,0,0,0,1,0,0,0,0,0,24,3,2,0,0,1
2dap,A,51,ASP,-3.5,111.1,-1.0,1,3,G,0.50920245398773,-108.5,29.6,9.0,9.0,0.5,2.127770041998743,15,15,16,-1,0.03357174580844668,0,0,0,1,0,0,0,0,0,24,3,2,0,0,1
2dap,A,52,VAL,4.2,140.0,0.0,0,0,H,0.09154929577464789,-66.2,-41.9,18.0,12.0,0.6,3.0987609404669305,25,19,30,-11,0.043829779249916496,1,0,0,0,0,0,0,0,0,24,3,2,0,0,1
2dap,A,53,ASP,-3.5,111.1,-1.0,1,3,H,0.5705521472392638,-53.5,-35.0,2.0,17.0,0.10526315789473684,1.796186903671722,19,17,18,-1,0.029375277582390842,1,0,0,0,0,0,0,0,0,24,3,2,0,0,1
2dap,A,54,LYS,-3.9,168.6,1.0,2,0,H,0.33658536585365856,-74.3,-23.4,6.0,9.0,0.4,1.8414811053312028,14,10,35,-25,0.02611135785101408,1,0,0,0,0,0,0,0,0,-1,0,0,0,0,0
2dap,A,55,HIS,-3.2,153.2,0.1,2,1,H,0.28804347826086957,-103.8,-5.1,19.0,7.0,0.7307692307692307,2.138715506757531,24,6,38,-32,0.03683566553982344,1,0,0,0,0,0,0,0,0,13,16,8,0,1,1
2dap,A,56,ALA,1.8,88.6,0.0,0,0,T,0.27358490566037735,-53.5,-6.2,15.0,14.0,0.5172413793103449,2.1074265958379974,23,23,35,-12,0.03776821403450251,0,0,0,0,0,1,0,0,0,13,16,8,0,1,1
2dap,A,57,ASP,-3.5,111.1,-1.0,1,3,T,0.803680981595092,-105.0,-17.9,1.0,18.0,0.05263157894736842,1.7629764562582473,13,22,22,0,0.023779986614316396,0,0,0,0,0,1,0,0,0,13,16,8,0,1,1
2dap,A,58,ASP,-3.5,111.1,-1.0,1,3,T,0.6073619631901841,-102.6,-3.7,9.0,12.0,0.42857142857142855,1.8905767000019986,23,26,20,6,0.029375277582390842,0,0,0,0,0,1,0,0,0,-1,0,0,0,0,0
2dap,A,59,VAL,4.2,140.0,0.0,0,0,-,0.07042253521126761,-120.3,123.7,22.0,9.0,0.7096774193548387,2.5050121629179563,32,27,32,-5,0.04429605349725603,0,0,0,0,0,0,0,0,0,13,16,8,0,1,1
2dap,A,60,ASP,-3.5,111.1,-1.0,1,3,S,0.22699386503067484,-78.9,-55.5,15.0,23.0,0.39473684210526316,1.7831721076647287,33,32,18,14,0.045228601991935104,0,0,0,0,0,0,1,0,0,-1,0,0,0,0,0
2dap,A,61,VAL,4.2,140.0,0.0,0,0,E,0.0,-124.9,136.9,28.0,22.0,0.56,4.4045510041715525,45,33,16,17,0.048026247475972325,0,0,1,0,0,0,0,0,0,-1,0,0,0,0,0
2dap,A,62,LEU,3.8,166.7,0.0,0,0,E,0.012195121951219513,-107.5,108.4,25.0,26.0,0.49019607843137253,6.18878083076524,45,9,12,-3,0.05035761871267001,0,0,1,0,0,0,0,0,0,13,16,8,0,1,1
2dap,A,63,PHE,2.8,189.9,0.0,0,0,E,0.0,-82.9,108.4,28.0,27.0,0.509090909090909,6.865300624889574,46,4,18,-14,0.048492521723311866,0,0,1,0,0,0,0,0,0,-1,0,0,0,0,0
2dap,A,64,LEU,3.8,166.7,0.0,0,0,E,0.0,-80.1,98.4,23.0,25.0,0.4791666666666667,4.194454687243274,40,6,12,-6,0.05175644145468863,0,0,1,0,0,0,0,0,0,-1,0,0,0,0,0
2dap,A,65,CYS,2.5,108.5,0.0,1,0,-,0.0962962962962963,-107.7,34.5,23.0,17.0,0.575,2.4399187330126466,33,5,17,-12,0.04476232774459557,0,0,0,0,0,0,0,0,0,-1,0,0,0,0,0
2dap,A,66,MET,1.9,162.9,0.0,0,0,-,0.13297872340425532,-139.4,142.8,15.0,19.0,0.4411764705882353,2.317394926731356,34,2,23,-21,0.035436842797804825,0,0,0,0,0,0,0,0,0,-1,0,0,0,0,0
2dap,A,67,GLY,-0.4,60.1,0.0,0,0,-,0.11904761904761904,143.0,-72.5,19.0,9.0,0.6785714285714286,1.7095141928374693,26,4,30,-26,0.03590311704514436,0,0,0,0,0,0,0,0,0,6,46,10,0,4,1
2dap,A,68,SER,-0.8,89.0,0.0,1,1,T,0.38461538461538464,58.7,-128.0,9.0,21.0,0.3,1.7848001031547762,24,6,33,-27,0.03590311704514436,0,0,0,0,0,1,0,0,0,6,46,10,0,4,1
2dap,A,69,ALA,1.8,88.6,0.0,0,0,T,0.4056603773584906,-91.6,32.0,10.0,15.0,0.4,1.7676689820320832,19,8,35,-27,0.032172923066428064,0,0,0,0,0,1,0,0,0,6,46,10,0,4,1
2dap,A,70,THR,-0.7,116.1,0.0,1,1,T,0.5140845070422535,-149.5,-72.4,4.0,14.0,0.2222222222222222,1.9361889879110177,17,6,22,-16,0.02984155182973038,0,0,0,0,0,1,0,0,0,6,46,10,0,4,1
2dap,A,71,ASP,-3.5,111.1,-1.0,1,3,H,0.36809815950920244,-62.8,-23.6,10.0,10.0,0.5,2.6653421091391625,17,0,9,-9,0.03450429430312575,1,0,0,0,0,0,0,0,0,6,46,10,0,4,1
2dap,A,72,ILE,4.5,166.7,0.0,0,0,H,0.023668639053254437,-75.7,-44.6,21.0,13.0,0.6176470588235294,3.740916571319702,33,12,35,-23,0.04942507021799094,1,0,0,0,0,0,0,0,0,6,46,10,0,4,1
2dap,A,73,PRO,-1.6,112.7,0.0,0,0,H,0.34558823529411764,-62.4,-51.8,9.0,22.0,0.2903225806451613,2.134544557581821,25,19,29,-10,0.040565859518539735,1,0,0,0,0,0,0,0,0,6,46,10,0,4,1
2dap,A,74,GLU,-3.5,138.4,-1.0,1,3,H,0.5876288659793815,-66.6,-48.3,6.0,11.0,0.35294117647058826,1.7481145923013217,18,9,9,0,0.027510180593032695,1,0,0,0,0,0,0,0,0,6,46,10,0,4,1
2dap,A,75,GLN,-3.5,143.8,0.0,2,2,H,0.29292929292929293,-88.6,-32.6,15.0,13.0,0.5357142857142857,2.044033909253302,21,11,17,-6,0.0363693912924839,1,0,0,0,0,0,0,0,0,6,46,10,0,4,1
2dap,A,76,ALA,1.8,88.6,0.0,0,0,H,0.0,-47.0,-45.6,28.0,13.0,0.6829268292682927,4.578798382802748,36,19,21,-2,0.04429605349725603,1,0,0,0,0,0,0,0,0,-1,0,0,0,0,0
2dap,A,77,PRO,-1.6,112.7,0.0,0,0,H,0.13970588235294118,-62.3,-35.3,11.0,26.0,0.2972972972972973,2.436167520651648,31,23,19,4,0.040565859518539735,1,0,0,0,0,0,0,0,0,-1,0,0,0,0,0
2dap,A,78,LYS,-3.9,168.6,1.0,2,0,H,0.6146341463414634,-59.7,-36.5,11.0,20.0,0.3548387096774194,2.045329000313723,21,0,8,-8,0.032639197313767604,1,0,0,0,0,0,0,0,0,-1,0,0,0,0,0
2dap,A,79,PHE,2.8,189.9,0.0,0,0,H,0.08121827411167512,-75.6,-24.9,25.0,17.0,0.5952380952380952,2.7435573231486456,38,9,12,-3,0.043363505002576956,1,0,0,0,0,0,0,0,0,13,16,8,0,1,1
2dap,A,80,ALA,1.8,88.6,0.0,0,0,H,0.0,-64.5,-25.2,25.0,16.0,0.6097560975609756,4.379901715974148,36,7,7,0,0.05129016720734909,1,0,0,0,0,0,0,0,0,-1,0,0,0,0,0
2dap,A,81,GLN,-3.5,143.8,0.0,2,2,T,0.5656565656565656,-77.1,-9.1,8.0,22.0,0.26666666666666666,2.0382594899441098,25,9,7,2,0.035436842797804825,0,0,0,0,0,1,0,0,0,13,16,8,0,1,1
2dap,A,82,PHE,2.8,189.9,0.0,0,0,T,0.3197969543147208,-115.9,-22.9,17.0,16.0,0.5151515151515151,2.0487490898997263,28,17,18,-1,0.0363693912924839,0,0,0,0,0,1,0,0,0,13,16,8,0,1,1
2dap,A,83,ALA,1.8,88.6,0.0,0,0,S,0.0660377358490566,-171.3,176.1,23.0,22.0,0.5111111111111111,2.3744632270237007,39,16,14,2,0.04243095650789788,0,0,0,0,0,0,1,0,0,13,16,8,0,1,1
2dap,A,84,CYS,2.5,108.5,0.0,1,0,E,0.02962962962962963,-70.9,133.0,22.0,29.0,0.43137254901960786,2.815623692848893,43,26,9,17,0.04662742473395372,0,0,1,0,0,0,0,0,0,-1,0,0,0,0,0
2dap,A,85,THR,-0.7,116.1,0.0,1,1,E,0.0,-118.0,144.4,28.0,27.0,0.509090909090909,6.771969715118646,45,11,11,0,0.050823892960009553,0,0,1,0,0,0,0,0,0,-1,0,0,0,0,0
2dap,A,86,VAL,4.2,140.0,0.0,0,0,E,0.0,-128.2,123.2,25.0,28.0,0.4716981132075472,6.798037423971683,47,7,10,-3,0.05222271570202816,0,0,1,0,0,0,0,0,0,-1,0,0,0,0,0
2dap,A,87,ASP,-3.5,111.1,-1.0,1,3,E,0.0,-127.5,162.8,26.0,29.0,0.4727272727272727,4.73363091385329,46,12,8,4,0.05129016720734909,0,0,1,0,0,0,0,0,0,-1,0,0,0,0,0
2dap,A,88,THR,-0.7,116.1,0.0,1,1,-,0.1619718309859155,-114.7,37.7,22.0,26.0,0.4583333333333333,2.2283269166223643,38,5,20,-15,0.04616115048661418,0,0,0,0,0,0,0,0,0,-1,0,0,0,0,0
2dap,A,89,TYR,-1.3,193.6,0.0,1,1,-,0.018018018018018018,-57.3,111.0,27.0,17.0,0.6136363636363636,2.70623538851251,32,33,31,2,0.04709369898129325,0,0,0,0,0,0,0,0,0,23,1,11,0,0,1
2dap,A,90,ASP,-3.5,111.1,-1.0,1,3,-,0.44171779141104295,-105.7,12.2,14.0,18.0,0.4375,1.7948125459020954,33,23,24,-1,0.03916703677652112,0,0,0,0,0,0,0,0,0,19,1,18,0,0,1
2dap,A,91,ASN,-3.5,114.1,0.0,2,2,-,0.3630573248407643,-78.5,91.4,14.0,15.0,0.4827586206896552,2.0569937080816536,24,30,22,8,0.0363693912924839,0,0,0,0,0,0,0,0,0,23,1,11,0,0,1
2dap,A,92,HIS,-3.2,153.2,0.1,2,1,T,0.5380434782608695,-48.2,-38.1,7.0,16.0,0.30434782608695654,1.7536720304059408,20,12,27,-15,0.029375277582390842,0,0,0,0,0,1,0,0,0,19,1,18,0,0,1
2dap,A,93,ARG,-4.5,173.4,1.0,5,0,T,0.33064516129032256,-71.7,-23.9,3.0,12.0,0.2,1.76765754562826,12,20,18,2,0.023779986614316396,0,0,0,0,0,1,0,0,0,23,1,11,0,0,1
2dap,A,94,ASP,-3.5,111.1,-1.0,1,3,T,0.34355828220858897,-103.1,-5.7,10.0,10.0,0.5,2.0358526800164,21,33,7,26,0.03124037457174899,0,0,0,0,0,1,0,0,0,23,1,11,0,0,1
2dap,A,95,ILE,4.5,166.7,0.0,0,0,H,0.15384615384615385,-55.6,-45.5,15.0,14.0,0.5172413793103449,2.4412632207305007,29,40,20,20,0.04289723075523742,1,0,0,0,0,0,0,0,0,23,1,11,0,0,1
2dap,A,96,PRO,-1.6,112.7,0.0,0,0,H,0.5955882352941176,-60.4,-38.5,2.0,18.0,0.1,1.894792514867019,17,38,9,29,0.030774100324409453,1,0,0,0,0,0,0,0,0,-1,0,0,0,0,0
2dap,A,97,ARG,-4.5,173.4,1.0,5,0,H,0.20161290322580644,-70.8,-47.5,5.0,14.0,0.2631578947368421,1.7937435149383234,20,28,11,17,0.02984155182973038,1,0,0,0,0,0,0,0,0,23,1,11,0,0,1
2dap,A,98,HIS,-3.2,153.2,0.1,2,1,H,0.016304347826086956,-57.3,-29.0,21.0,12.0,0.6363636363636364,2.7353105837559384,37,21,27,-6,0.043829779249916496,1,0,0,0,0,0,0,0,0,23,1,11,0,0,1
2dap,A,99,ARG,-4.5,173.4,1.0,5,0,H,0.3185483870967742,-83.6,-30.1,18.0,20.0,0.47368421052631576,2.5127293991260173,26,15,14,1,0.048026247475972325,1,0,0,0,0,0,0,0,0,-1,0,0,0,0,0
2dap,A,100,GLN,-3.5,143.8,0.0,2,2,H,0.6161616161616161,-63.3,-50.1,4.0,18.0,0.18181818181818182,1.9440898389376942,17,26,11,15,0.03403802005578621,1,0,0,0,0,0,0,0,0,-1,0,0,0,0,0
2dap,A,101,VAL,4.2,140.0,0.0,0,0,H,0.4014084507042254,-66.4,-39.1,11.0,16.0,0.4074074074074074,1.9423080466600127,28,25,19,6,0.035436842797804825,1,0,0,0,0,0,0,0,0,-1,0,0,0,0,0
2dap,A,102,MET,1.9,162.9,0.0,0,0,H,0.0,-65.1,-33.5,26.0,14.0,0.65,4.53699046284768,43,29,19,10,0.04662742473395372,1,0,0,0,0,0,0,0,0,-1,0,0,0,0,0
2dap,A,103,ASN,-3.5,114.1,0.0,2,2,H,0.34394904458598724,-63.4,-46.0,9.0,24.0,0.2727272727272727,2.473981220841897,28,17,12,5,0.043363505002576956,1,0,0,0,0,0,0,0,0,5,93,5,0,5,1
2dap,A,104,GLU,-3.5,138.4,-1.0,1,3,H,0.6752577319587629,-59.8,-41.6,6.0,18.0,0.25,1.805750061185227,18,10,0,10,0.02984155182973038,1,0,0,0,0,0,0,0,0,-1,0,0,0,0,0
2dap,A,105,ALA,1.8,88.6,0.0,0,0,H,0.10377358490566038,-66.2,-49.7,18.0,11.0,0.6206896551724138,2.1291651316688127,27,11,9,2,0.043829779249916496,1,0,0,0,0,0,0,0,0,-1,0,0,0,0,0
2dap,A,106,ALA,1.8,88.6,0.0,0,0,H,0.0,-68.8,-47.3,22.0,12.0,0.6470588235294118,4.392344762052029,32,8,7,1,0.05175644145468863,1,0,0,0,0,0,0,0,0,-1,0,0,0,0,0
2dap,A,107,THR,-0.7,116.1,0.0,1,1,H,0.4647887323943662,-60.1,-37.1,9.0,18.0,0.3333333333333333,2.022044470333131,22,2,9,-7,0.03403802005578621,1,0,0,0,0,0,0,0,0,5,93,5,0,5,1
2dap,A,108,ALA,1.8,88.6,0.0,0,0,H,0.8018867924528302,-67.6,-22.1,10.0,12.0,0.45454545454545453,1.8046416101342768,18,0,8,-8,0.02471253510899547,1,0,0,0,0,0,0,0,0,-1,0,0,0,0,0
2dap,A,109,ALA,1.8,88.6,0.0,0,0,H,0.42452830188679247,-106.1,-13.4,21.0,5.0,0.8076923076923077,1.8300028726154678,23,5,5,0,0.029375277582390842,1,0,0,0,0,0,0,0,0,-1,0,0,0,0,0
2dap,A,110,GLY,-0.4,60.1,0.0,0,0,T,0.4880952380952381,83.0,15.9,0.0,26.0,0.0,1.7095867785116057,27,9,2,7,0.027043906345693154,0,0,0,0,0,1,0,0,0,-1,0,0,0,0,0
2dap,A,111,ASN,-3.5,114.1,0.0,2,2,-,0.10191082802547771,-121.4,164.1,16.0,22.0,0.42105263157894735,2.697040112565936,36,15,6,9,0.043829779249916496,0,0,0,0,0,0,0,0,0,5,93,5,0,5,1
2dap,A,112,VAL,4.2,140.0,0.0,0,0,E,0.0,-95.9,138.5,20.0,26.0,0.43478260869565216,5.0005350145441465,42,25,2,23,0.05408781269138631,0,0,1,0,0,0,0,0,0,5,93,5,0,5,1
2dap,A,113,ALA,1.8,88.6,0.0,0,0,E,0.0,-122.7,115.9,29.0,28.0,0.5087719298245614,6.086016950826782,47,24,14,10,0.050823892960009553,0,0,1,0,0,0,0,0,0,-1,0,0,0,0,0
2dap,A,114,LEU,3.8,166.7,0.0,0,0,E,0.0,-96.1,113.3,29.0,24.0,0.5471698113207547,6.2439685306056125,44,13,17,-4,0.050823892960009553,0,0,1,0,0,0,0,0,0,-1,0,0,0,0,0
2dap,A,115,VAL,4.2,140.0,0.0,0,0,-,0.0,-101.9,156.9,24.0,24.0,0.5,3.8032467456592327,39,24,18,6,0.050823892960009553,0,0,0,0,0,0,0,0,0,-1,0,0,0,0,0
2dap,A,116,SER,-0.8,89.0,0.0,1,1,S,0.038461538461538464,46.4,53.1,23.0,25.0,0.4791666666666667,2.4048374458924475,37,26,27,-1,0.048026247475972325,0,0,0,0,0,0,1,0,0,-1,0,0,0,0,0
2dap,A,117,THR,-0.7,116.1,0.0,1,1,-,0.007042253521126761,-89.8,-179.2,26.0,19.0,0.5777777777777777,3.52052483632691,42,3,21,-18,0.05408781269138631,0,0,0,0,0,0,0,0,0,-1,0,0,0,0,0
2dap,A,118,GLY,-0.4,60.1,0.0,0,0,S,0.03571428571428571,126.1,-149.1,13.0,23.0,0.3611111111111111,2.687295338671364,37,3,20,-17,0.050823892960009553,0,0,0,0,0,0,1,0,0,-1,0,0,0,0,0
2dap,A,119,TRP,-0.9,227.8,0.0,1,0,B,0.06607929515418502,-107.6,-28.0,20.0,19.0,0.5128205128205128,2.253942451827578,42,23,15,8,0.04616115048661418,0,1,0,0,0,0,0,0,0,-1,0,0,0,0,0
2dap,A,120,ASP,-3.5,111.1,-1.0,1,3,T,0.15337423312883436,-161.9,98.0,18.0,20.0,0.47368421052631576,1.7915407065890878,36,25,8,17,0.04103213376587927,0,0,0,0,0,1,0,0,0,19,1,18,0,0,1
2dap,A,121,PRO,-1.6,112.7,0.0,0,0,T,0.04411764705882353,-65.8,161.6,16.0,16.0,0.5,2.2000451258767773,30,15,21,-6,0.04662742473395372,0,0,0,0,0,1,0,0,0,19,1,18,0,0,1
2dap,A,122,GLY,-0.4,60.1,0.0,0,0,B,0.0,127.7,-109.5,21.0,16.0,0.5675675675675675,3.2981497328796032,35,15,13,2,0.045228601991935104,0,1,0,0,0,0,0,0,0,-1,0,0,0,0,0
2dap,A,123,MET,1.9,162.9,0.0,0,0,H,0.20212765957446807,-60.0,-39.2,15.0,20.0,0.42857142857142855,3.05640794989599,29,9,8,1,0.045694876239274644,1,0,0,0,0,0,0,0,0,-1,0,0,0,0,0
2dap,A,124,PHE,2.8,189.9,0.0,0,0,H,0.0,-68.7,-33.3,18.0,16.0,0.5294117647058824,4.774002666856632,31,23,9,14,0.04989134446533048,1,0,0,0,0,0,0,0,0,3,181,13,0,26,1
2dap,A,125,SER,-0.8,89.0,0.0,1,1,H,0.15384615384615385,-63.7,-47.2,13.0,15.0,0.4642857142857143,2.1410634249175056,28,16,9,7,0.043829779249916496,1,0,0,0,0,0,0,0,0,19,1,18,0,0,1
2dap,A,126,ILE,4.5,166.7,0.0,0,0,H,0.17159763313609466,-59.2,-46.1,13.0,13.0,0.5,2.2464880841766117,27,11,6,5,0.040099585271200194,1,0,0,0,0,0,0,0,0,0,4437,13,0,755,1
2dap,A,127,ASN,-3.5,114.1,0.0,2,2,H,0.21019108280254778,-63.8,-37.1,18.0,11.0,0.6206896551724138,1.8833133742150394,27,15,8,7,0.04476232774459557,1,0,0,0,0,0,0,0,0,0,4437,13,0,755,1
2dap,A,128,ARG,-4.5,173.4,1.0,5,0,H,0.2056451612903226,-62.1,-46.1,12.0,21.0,0.36363636363636365,2.0201927404796254,29,13,7,6,0.04149840801321881,1,0,0,0,0,0,0,0,0,19,1,18,0,0,1
2dap,A,129,VAL,4.2,140.0,0.0,0,0,H,0.5,-64.4,-49.7,8.0,16.0,0.3333333333333333,1.9363608337786424,21,15,1,14,0.03357174580844668,1,0,0,0,0,0,0,0,0,0,4437,13,0,755,1
2dap,A,130,TYR,-1.3,193.6,0.0,1,1,H,0.5855855855855856,-59.2,-48.7,11.0,12.0,0.4782608695652174,1.8595267880074031,21,6,0,6,0.030774100324409453,1,0,0,0,0,0,0,0,0,0,4437,13,0,755,1
2dap,A,131,ALA,1.8,88.6,0.0,0,0,H,0.08490566037735849,-67.2,-33.4,19.0,8.0,0.7037037037037037,2.368766677738054,27,21,6,15,0.04149840801321881,1,0,0,0,0,0,0,0,0,0,4437,13,0,755,1
2dap,A,132,ALA,1.8,88.6,0.0,0,0,H,0.2641509433962264,-76.9,-29.7,9.0,17.0,0.34615384615384615,2.185413486173414,22,18,5,13,0.03916703677652112,1,0,0,0,0,0,0,0,0,-1,0,0,0,0,0
2dap,A,133,ALA,1.8,88.6,0.0,0,0,H,0.7452830188679245,-74.0,-47.8,5.0,13.0,0.2777777777777778,1.767536156643978,15,13,4,9,0.02611135785101408,1,0,0,0,0,0,0,0,0,0,4437,13,0,755,1
2dap,A,134,VAL,4.2,140.0,0.0,0,0,H,0.8450704225352113,-68.1,-39.0,10.0,9.0,0.5263157894736842,1.9145110323904768,19,14,5,9,0.022847438119637322,1,0,0,0,0,0,0,0,0,0,4437,13,0,755,1
2dap,A,135,LEU,3.8,166.7,0.0,0,0,-,0.0975609756097561,-98.6,101.8,20.0,4.0,0.8333333333333334,2.1767357183164915,24,22,12,10,0.034970568550465285,0,0,0,0,0,0,0,0,0,-1,0,0,0,0,0
2dap,A,136,ALA,1.8,88.6,0.0,0,0,S,0.9339622641509434,-52.4,-54.6,3.0,16.0,0.15789473684210525,1.7676097171299614,17,11,12,-1,0.02471253510899547,0,0,0,0,0,0,1,0,0,-1,0,0,0,0,0
2dap,A,137,GLU,-3.5,138.4,-1.0,1,3,S,0.32989690721649484,-104.3,111.6,7.0,14.0,0.3333333333333333,1.76752445525667,18,18,8,10,0.023779986614316396,0,0,0,0,0,0,1,0,0,-1,0,0,0,0,0
2dap,A,138,HIS,-3.2,153.2,0.1,2,1,E,0.42391304347826086,-143.1,164.0,17.0,13.0,0.5666666666666667,1.912726597573896,20,8,10,-2,0.034970568550465285,0,0,1,0,0,0,0,0,0,-1,0,0,0,0,0
2dap,A,139,GLN,-3.5,143.8,0.0,2,2,E,0.3939393939393939,-128.0,137.3,17.0,16.0,0.5151515151515151,2.0432259806142645,28,32,18,14,0.032639197313767604,0,0,1,0,0,0,0,0,0,-1,0,0,0,0,0
2dap,A,140,GLN,-3.5,143.8,0.0,2,2,E,0.29292929292929293,-138.0,134.6,16.0,25.0,0.3902439024390244,1.884219051921585,28,33,4,29,0.03916703677652112,0,0,1,0,0,0,0,0,0,-1,0,0,0,0,0
2dap,A,141,HIS,-3.2,153.2,0.1,2,1,E,0.125,-133.5,144.7,28.0,15.0,0.6511627906976745,2.0833024301182546,33,34,11,23,0.03823448828184205,0,0,1,0,0,0,0,0,0,15,11,5,0,0,1
2dap,A,142,THR,-0.7,116.1,0.0,1,1,E,0.16901408450704225,-118.2,123.3,12.0,27.0,0.3076923076923077,1.9529789523577343,31,40,5,35,0.045228601991935104,0,0,1,0,0,0,0,0,0,-1,0,0,0,0,0
2dap,A,143,PHE,2.8,189.9,0.0,0,0,E,0.0,-116.5,142.4,25.0,15.0,0.625,2.89786053542607,42,46,16,30,0.05035761871267001,0,0,1,0,0,0,0,0,0,-1,0,0,0,0,0
2dap,A,144,TRP,-0.9,227.8,0.0,1,0,E,0.24669603524229075,-117.5,148.5,17.0,22.0,0.4358974358974359,2.424425471965376,37,55,8,47,0.048958795970651406,0,0,1,0,0,0,0,0,0,-1,0,0,0,0,0
2dap,A,145,GLY,-0.4,60.1,0.0,0,0,-,0.0,78.5,-163.4,18.0,17.0,0.5142857142857142,2.8958556196894008,32,41,1,40,0.043363505002576956,0,0,0,0,0,0,0,0,0,-1,0,0,0,0,0
2dap,A,146,PRO,-1.6,112.7,0.0,0,0,S,0.6470588235294118,-65.1,141.7,4.0,25.0,0.13793103448275862,2.008576522751364,27,31,1,30,0.0363693912924839,0,0,0,0,0,0,1,0,0,-1,0,0,0,0,0
2dap,A,147,GLY,-0.4,60.1,0.0,0,0,E,0.047619047619047616,165.1,178.6,16.0,19.0,0.45714285714285713,2.2449907441823456,33,27,2,25,0.043363505002576956,0,0,1,0,0,0,0,0,0,-1,0,0,0,0,0
2dap,A,148,LEU,3.8,166.7,0.0,0,0,E,0.03048780487804878,-83.3,118.4,16.0,17.0,0.48484848484848486,3.0025674681885164,35,35,4,31,0.048026247475972325,0,0,1,0,0,0,0,0,0,7,43,10,0,3,1
2dap,A,149,SER,-0.8,89.0,0.0,1,1,-,0.12307692307692308,-87.4,119.5,19.0,16.0,0.5428571428571428,2.426104799531235,35,33,11,22,0.04476232774459557,0,0,0,0,0,0,0,0,0,-1,0,0,0,0,0
2dap,A,150,GLN,-3.5,143.8,0.0,2,2,H,0.29797979797979796,-66.0,-40.7,16.0,18.0,0.47058823529411764,1.9197516976766744,30,27,13,14,0.03450429430312575,1,0,0,0,0,0,0,0,0,22,1,14,0,0,1
2dap,A,151,GLY,-0.4,60.1,0.0,0,0,H,0.21428571428571427,-60.8,-42.3,12.0,19.0,0.3870967741935484,1.8241165025670651,28,36,19,17,0.03450429430312575,1,0,0,0,0,0,0,0,0,25,0,14,0,0,1
2dap,A,152,HIS,-3.2,153.2,0.1,2,1,H,0.14673913043478262,-75.5,-33.6,18.0,14.0,0.5625,2.967900886875621,33,25,17,8,0.04662742473395372,1,0,0,0,0,0,0,0,0,25,0,14,0,0,1
2dap,A,153,SER,-0.8,89.0,0.0,1,1,H,0.0,-64.6,-45.9,13.0,18.0,0.41935483870967744,4.5501953292844695,31,36,8,28,0.048026247475972325,1,0,0,0,0,0,0,0,0,-1,0,0,0,0,0
2dap,A,154,ASP,-3.5,111.1,-1.0,1,3,H,0.2331288343558282,-79.0,-12.1,6.0,20.0,0.23076923076923078,2.174026919527421,23,32,3,29,0.03823448828184205,1,0,0,0,0,0,0,0,0,-1,0,0,0,0,0
2dap,A,155,ALA,1.8,88.6,0.0,0,0,H,0.009433962264150943,-70.8,-41.8,14.0,15.0,0.4827586206896552,2.161037289603578,25,32,12,20,0.03870076252918159,1,0,0,0,0,0,0,0,0,25,0,14,0,0,1
2dap,A,156,LEU,3.8,166.7,0.0,0,0,H,0.0,-63.4,-37.9,23.0,14.0,0.6216216216216216,4.803506780041773,37,38,18,20,0.05129016720734909,1,0,0,0,0,0,0,0,0,-1,0,0,0,0,0
2dap,A,157,ARG,-4.5,173.4,1.0,5,0,H,0.41935483870967744,-67.1,-17.9,9.0,16.0,0.36,1.9480691562501227,26,24,8,16,0.03823448828184205,1,0,0,0,0,0,0,0,0,-1,0,0,0,0,0
2dap,A,158,ARG,-4.5,173.4,1.0,5,0,T,0.4959677419354839,-86.7,-9.3,8.0,14.0,0.36363636363636365,1.8369643381888485,20,14,9,5,0.02844272908771177,0,0,0,0,0,1,0,0,0,25,0,14,0,0,1
2dap,A,159,ILE,4.5,166.7,0.0,0,0,S,0.0650887573964497,-75.4,117.7,24.0,3.0,0.8888888888888888,2.011369722210091,28,35,21,14,0.034970568550465285,0,0,0,0,0,0,1,0,0,-1,0,0,0,0,0
2dap,A,160,PRO,-1.6,112.7,0.0,0,0,T,0.6838235294117647,-46.7,137.7,3.0,17.0,0.15,2.0083893069670586,18,22,16,6,0.024246260861655933,0,0,0,0,0,1,0,0,0,-1,0,0,0,0,0
2dap,A,161,GLY,-0.4,60.1,0.0,0,0,T,0.39285714285714285,92.7,-23.1,13.0,10.0,0.5652173913043478,1.709597865847445,23,35,20,15,0.03170664881908853,0,0,0,0,0,1,0,0,0,-1,0,0,0,0,0
2dap,A,162,VAL,4.2,140.0,0.0,0,0,-,0.11971830985915492,-79.8,121.4,19.0,14.0,0.5757575757575758,2.3785954798696176,28,34,20,14,0.04149840801321881,0,0,0,0,0,0,0,0,0,1,3447,9,0,418,1
2dap,A,163,GLN,-3.5,143.8,0.0,2,2,-,0.5707070707070707,-88.9,-44.9,12.0,15.0,0.4444444444444444,1.7960211337344596,23,19,24,-5,0.030307826077069916,0,0,0,0,0,0,0,0,0,1,3447,9,0,418,1
2dap,A,164,LYS,-3.9,168.6,1.0,2,0,E,0.3121951219512195,-145.1,152.8,12.0,19.0,0.3870967741935484,2.2526255253259344,22,17,22,-5,0.03916703677652112,0,0,1,0,0,0,0,0,0,1,3447,9,0,418,1
2dap,A,165,ALA,1.8,88.6,0.0,0,0,E,0.0,-166.4,150.5,25.0,14.0,0.6410256410256411,2.5689876494016457,35,37,9,28,0.04476232774459557,0,0,1,0,0,0,0,0,0,-1,0,0,0,0,0
2dap,A,166,VAL,4.2,140.0,0.0,0,0,E,0.02112676056338028,-142.8,148.2,12.0,26.0,0.3157894736842105,3.706021187356761,37,34,8,26,0.05035761871267001,0,0,1,0,0,0,0,0,0,-1,0,0,0,0,0
2dap,A,167,GLN,-3.5,143.8,0.0,2,2,E,0.0,-129.1,129.0,16.0,22.0,0.42105263157894735,5.292080421265511,38,41,9,32,0.05408781269138631,0,0,1,0,0,0,0,0,0,-1,0,0,0,0,0
2dap,A,168,TYR,-1.3,193.6,0.0,1,1,E,0.16216216216216217,-109.9,126.1,15.0,20.0,0.42857142857142855,2.5139266250280343,35,35,9,26,0.048492521723311866,0,0,1,0,0,0,0,0,0,7,43,10,0,3,1
2dap,A,169,THR,-0.7,116.1,0.0,1,1,E,0.007042253521126761,-91.6,123.0,22.0,15.0,0.5945945945945946,3.0756843618017844,35,48,1,47,0.05548663543340492,0,0,1,0,0,0,0,0,0,-1,0,0,0,0,0
2dap,A,170,LEU,3.8,166.7,0.0,0,0,E,0.3048780487804878,-117.7,115.3,9.0,23.0,0.28125,2.196325226812705,28,34,20,14,0.04103213376587927,0,0,1,0,0,0,0,0,0,26,0,6,0,0,1
2dap,A,171,PRO,-1.6,112.7,0.0,0,0,E,0.18382352941176472,-87.4,152.8,17.0,14.0,0.5483870967741935,2.096856917752604,27,37,11,26,0.045228601991935104,0,0,1,0,0,0,0,0,0,26,0,6,0,0,1
2dap,A,172,SER,-0.8,89.0,0.0,1,1,-,0.33076923076923076,-78.1,120.8,16.0,13.0,0.5517241379310345,2.1306130401750996,28,30,20,10,0.03450429430312575,0,0,0,0,0,0,0,0,0,26,0,6,0,0,1
2dap,A,173,GLU,-3.5,138.4,-1.0,1,3,H,0.37628865979381443,-66.3,-27.4,1.0,20.0,0.047619047619047616,1.7676988296839,20,28,17,11,0.02471253510899547,1,0,0,0,0,0,0,0,0,26,0,6,0,0,1
2dap,A,174,ASP,-3.5,111.1,-1.0,1,3,H,0.6993865030674846,-66.9,-46.4,4.0,14.0,0.2222222222222222,1.721743214041682,16,17,18,-1,0.026577632098353617,1,0,0,0,0,0,0,0,0,26,0,6,0,0,1
2dap,A,175,ALA,1.8,88.6,0.0,0,0,H,0.03773584905660377,-60.2,-47.0,20.0,11.0,0.6451612903225806,2.6006584378255484,27,49,33,16,0.04243095650789788,1,0,0,0,0,0,0,0,0,26,0,6,0,0,1
2dap,A,176,LEU,3.8,166.7,0.0,0,0,H,0.09146341463414634,-52.8,-51.6,12.0,22.0,0.35294117647058826,2.6935673293699356,29,55,27,28,0.045694876239274644,1,0,0,0,0,0,0,0,0,26,0,6,0,0,1
2dap,A,177,GLU,-3.5,138.4,-1.0,1,3,H,0.4175257731958763,-65.7,-37.7,2.0,19.0,0.09523809523809523,2.1416674003782155,18,33,26,7,0.0363693912924839,1,0,0,0,0,0,0,0,0,18,24,1,0,0,1
2dap,A,178,LYS,-3.9,168.6,1.0,2,0,H,0.36585365853658536,-66.6,-34.5,11.0,12.0,0.4782608695652174,2.808267571025675,21,27,38,-11,0.04103213376587927,1,0,0,0,0,0,0,0,0,18,24,1,0,0,1
2dap,A,179,ALA,1.8,88.6,0.0,0,0,H,0.03773584905660377,-68.0,-28.1,20.0,14.0,0.5882352941176471,5.149516634964151,32,48,35,13,0.05595290968074446,1,0,0,0,0,0,0,0,0,-1,0,0,0,0,0
2dap,A,180,ARG,-4.5,173.4,1.0,5,0,H,0.2903225806451613,-76.7,-21.6,7.0,23.0,0.23333333333333334,2.080620391830781,26,33,32,1,0.04476232774459557,1,0,0,0,0,0,0,0,0,-1,0,0,0,0,0
2dap,A,181,ARG,-4.5,173.4,1.0,5,0,H,0.45161290322580644,-97.8,-5.5,7.0,18.0,0.28,1.8858139725800585,17,19,23,-4,0.032172923066428064,1,0,0,0,0,0,0,0,0,18,24,1,0,0,1
2dap,A,182,GLY,-0.4,60.1,0.0,0,0,T,0.25,80.5,21.2,11.0,16.0,0.4074074074074074,1.9400154963550356,25,39,25,14,0.0363693912924839,0,0,0,0,0,1,0,0,0,-1,0,0,0,0,0
2dap,A,183,GLU,-3.5,138.4,-1.0,1,3,-,0.5567010309278351,-103.9,16.6,6.0,16.0,0.2727272727272727,1.7824832749936068,17,29,18,11,0.032639197313767604,0,0,0,0,0,0,0,0,0,18,24,1,0,0,1
2dap,A,184,ALA,1.8,88.6,0.0,0,0,-,0.018867924528301886,-113.4,20.1,22.0,5.0,0.8148148148148148,2.55414661803285,26,34,26,8,0.03823448828184205,0,0,0,0,0,0,0,0,0,15,11,5,0,0,1
2dap,A,185,GLY,-0.4,60.1,0.0,0,0,T,0.5595238095238095,-64.8,-13.0,9.0,14.0,0.391304347826087,1.7096006467123743,19,19,14,5,0.027510180593032695,0,0,0,0,0,1,0,0,0,-1,0,0,0,0,0
2dap,A,186,ASP,-3.5,111.1,-1.0,1,3,T,0.7668711656441718,-96.9,-4.6,1.0,15.0,0.0625,1.672113967127303,14,11,6,5,0.018650969893581486,0,0,0,0,0,1,0,0,0,15,11,5,0,0,1
2dap,A,187,LEU,3.8,166.7,0.0,0,0,-,0.2621951219512195,-102.8,144.9,18.0,4.0,0.8181818181818182,1.9997659619398358,22,27,15,12,0.02797645484037223,0,0,0,0,0,0,0,0,0,15,11,5,0,0,1
2dap,A,188,THR,-0.7,116.1,0.0,1,1,-,0.5563380281690141,-112.2,171.5,3.0,18.0,0.14285714285714285,2.179889134182304,17,28,8,20,0.02844272908771177,0,0,0,0,0,0,0,0,0,15,11,5,0,0,1
2dap,A,189,GLY,-0.4,60.1,0.0,0,0,T,0.35714285714285715,-58.0,-29.2,9.0,20.0,0.3103448275862069,2.143478962991447,25,39,4,35,0.03870076252918159,0,0,0,0,0,1,0,0,0,15,11,5,0,0,1
2dap,A,190,LYS,-3.9,168.6,1.0,2,0,T,0.4146341463414634,-71.5,-28.6,7.0,19.0,0.2692307692307692,1.9548716937788744,20,23,9,14,0.03450429430312575,0,0,0,0,0,1,0,0,0,4,100,8,0,9,1
2dap,A,191,GLN,-3.5,143.8,0.0,2,2,T,0.5959595959595959,-87.3,-13.9,9.0,18.0,0.3333333333333333,1.7844832828283497,17,25,14,11,0.032172923066428064,0,0,0,0,0,1,0,0,0,15,11,5,0,0,1
2dap,A,192,THR,-0.7,116.1,0.0,1,1,S,0.028169014084507043,-108.3,10.3,20.0,12.0,0.625,2.01386307814297,28,39,20,19,0.03916703677652112,0,0,0,0,0,0,1,0,0,26,0,6,0,0,1
2dap,A,193,HIS,-3.2,153.2,0.1,2,1,E,0.021739130434782608,-139.3,132.7,20.0,13.0,0.6060606060606061,2.7690888259242845,33,35,10,25,0.05175644145468863,0,0,1,0,0,0,0,0,0,-1,0,0,0,0,0
2dap,A,194,LYS,-3.9,168.6,1.0,2,0,E,0.2780487804878049,-102.2,138.9,10.0,20.0,0.3333333333333333,2.3852017479017418,25,26,18,8,0.04755997322863279,0,0,1,0,0,0,0,0,0,-1,0,0,0,0,0
2dap,A,195,ARG,-4.5,173.4,1.0,5,0,E,0.028225806451612902,-108.6,113.9,18.0,19.0,0.4864864864864865,3.96672180465475,37,41,17,24,0.0526889899493677,0,0,1,0,0,0,0,0,0,-1,0,0,0,0,0
2dap,A,196,GLN,-3.5,143.8,0.0,2,2,E,0.20707070707070707,-104.7,116.9,10.0,22.0,0.3125,3.5130264473613693,28,25,16,9,0.05035761871267001,0,0,1,0,0,0,0,0,0,-1,0,0,0,0,0
2dap,A,197,CYS,2.5,108.5,0.0,1,0,E,0.0,-108.6,141.1,22.0,16.0,0.5789473684210527,6.077212038920773,32,34,18,16,0.050823892960009553,0,0,1,0,0,0,0,0,0,-1,0,0,0,0,0
2dap,A,198,PHE,2.8,189.9,0.0,0,0,E,0.17766497461928935,-125.4,117.5,13.0,23.0,0.3611111111111111,3.5487550127223484,26,16,20,-4,0.05175644145468863,0,0,1,0,0,0,0,0,0,1,3447,9,0,418,1
2dap,A,199,VAL,4.2,140.0,0.0,0,0,E,0.0,-127.6,139.4,22.0,17.0,0.5641025641025641,4.1993136899040495,31,28,24,4,0.0526889899493677,0,0,1,0,0,0,0,0,0,1,3447,9,0,418,1
2dap,A,200,VAL,4.2,140.0,0.0,0,0,E,0.04929577464788732,-107.1,125.0,10.0,22.0,0.3125,2.848905840428892,29,22,32,-10,0.048958795970651406,0,0,1,0,0,0,0,0,0,1,3447,9,0,418,1
2dap,A,201,ALA,1.8,88.6,0.0,0,0,-,0.1320754716981132,-162.4,158.5,20.0,8.0,0.7142857142857143,2.026958288950977,27,19,32,-13,0.04476232774459557,0,0,0,0,0,0,0,0,0,1,3447,9,0,418,1
2dap,A,202,ASP,-3.5,111.1,-1.0,1,3,-,0.588957055214724,-65.9,140.0,5.0,14.0,0.2631578947368421,1.9864571761139214,17,11,10,1,0.026577632098353617,0,0,0,0,0,0,0,0,0,-1,0,0,0,0,0
2dap,A,203,ALA,1.8,88.6,0.0,0,0,T,0.7264150943396226,-56.7,-22.0,1.0,17.0,0.05555555555555555,1.8155627520576396,14,13,20,-7,0.02331371236697686,0,0,0,0,0,1,0,0,0,-1,0,0,0,0,0
2dap,A,204,ALA,1.8,88.6,0.0,0,0,T,0.7641509433962265,-70.8,-27.9,2.0,11.0,0.15384615384615385,1.808057002460999,12,21,22,-1,0.020049792635600097,0,0,0,0,0,1,0,0,0,-1,0,0,0,0,0
2dap,A,205,ASP,-3.5,111.1,-1.0,1,3,S,0.34355828220858897,-93.8,-7.4,12.0,7.0,0.631578947368421,2.0646359285466707,19,21,21,0,0.035436842797804825,0,0,0,0,0,0,1,0,0,-1,0,0,0,0,0
2dap,A,206,HIS,-3.2,153.2,0.1,2,1,H,0.266304347826087,-48.3,-53.2,10.0,14.0,0.4166666666666667,2.090776159906355,21,11,30,-19,0.0363693912924839,1,0,0,0,0,0,0,0,0,1,3447,9,0,418,1
2dap,A,207,GLU,-3.5,138.4,-1.0,1,3,H,0.4175257731958763,-55.8,-48.8,1.0,17.0,0.05555555555555555,1.767723166011115,16,26,26,0,0.02844272908771177,1,0,0,0,0,0,0,0,0,-1,0,0,0,0,0
2dap,A,208,ARG,-4.5,173.4,1.0,5,0,H,0.3548387096774194,-67.3,-49.0,9.0,9.0,0.5,1.9164393005912574,20,9,31,-22,0.02984155182973038,1,0,0,0,0,0,0,0,0,-1,0,0,0,0,0
2dap,A,209,ILE,4.5,166.7,0.0,0,0,H,0.0,-59.0,-39.8,22.0,9.0,0.7096774193548387,4.610661208780234,32,31,35,-4,0.04709369898129325,1,0,0,0,0,0,0,0,0,1,3447,9,0,418,1
2dap,A,210,GLU,-3.5,138.4,-1.0,1,3,H,0.3247422680412371,-64.1,-40.1,11.0,18.0,0.3793103448275862,2.1594315580789365,23,29,22,7,0.04289723075523742,1,0,0,0,0,0,0,0,0,-1,0,0,0,0,0
2dap,A,211,ASN,-3.5,114.1,0.0,2,2,H,0.5987261146496815,-66.5,-39.4,4.0,15.0,0.21052631578947367,2.030898786519213,17,25,24,1,0.03357174580844668,1,0,0,0,0,0,0,0,0,-1,0,0,0,0,0
2dap,A,212,ASP,-3.5,111.1,-1.0,1,3,H,0.3067484662576687,-65.6,-34.8,13.0,12.0,0.52,1.8735196386910373,23,24,16,8,0.03683566553982344,1,0,0,0,0,0,0,0,0,-1,0,0,0,0,0
2dap,A,213,ILE,4.5,166.7,0.0,0,0,H,0.0,-71.4,-50.8,26.0,15.0,0.6341463414634146,4.527944739240278,36,35,24,11,0.04709369898129325,1,0,0,0,0,0,0,0,0,-1,0,0,0,0,0
2dap,A,214,ARG,-4.5,173.4,1.0,5,0,H,0.3951612903225806,-62.7,-30.8,9.0,16.0,0.36,1.9718414772894859,26,10,30,-20,0.040565859518539735,1,0,0,0,0,0,0,0,0,4,100,8,0,9,1
2dap,A,215,THR,-0.7,116.1,0.0,1,1,T,0.5211267605633803,-101.3,12.5,5.0,14.0,0.2631578947368421,1.8709451985817316,18,12,18,-6,0.03170664881908853,0,0,0,0,0,1,0,0,0,4,100,8,0,9,1
2dap,A,216,MET,1.9,162.9,0.0,0,0,-,0.18085106382978725,-74.8,110.6,14.0,6.0,0.7,2.299034143015087,23,23,19,4,0.0363693912924839,0,0,0,0,0,0,0,0,0,25,0,14,0,0,1
2dap,A,217,PRO,-1.6,112.7,0.0,0,0,T,0.625,-60.0,157.9,0.0,14.0,0.0,2.025514493818832,16,10,11,-1,0.026577632098353617,0,0,0,0,0,1,0,0,0,25,0,14,0,0,1
2dap,A,218,ASP,-3.5,111.1,-1.0,1,3,T,0.754601226993865,71.7,-58.0,6.0,11.0,0.35294117647058826,1.672143649816014,18,24,0,24,0.02797645484037223,0,0,0,0,0,1,0,0,0,25,0,14,0,0,1
2dap,A,219,TYR,-1.3,193.6,0.0,1,1,T,0.26126126126126126,-77.4,-45.8,18.0,15.0,0.5454545454545454,2.0005203527558693,29,30,19,11,0.04196468226055834,0,0,0,0,0,1,0,0,0,25,0,14,0,0,1
2dap,A,220,PHE,2.8,189.9,0.0,0,0,T,0.005076142131979695,-119.3,-28.5,19.0,13.0,0.59375,3.866197596444111,34,40,23,17,0.04989134446533048,0,0,0,0,0,1,0,0,0,4,100,8,0,9,1
2dap,A,221,VAL,4.2,140.0,0.0,0,0,T,0.4084507042253521,-63.2,137.0,6.0,12.0,0.3333333333333333,2.0771813918773048,17,25,14,11,0.03590311704514436,0,0,0,0,0,1,0,0,0,4,100,8,0,9,1
2dap,A,222,GLY,-0.4,60.1,0.0,0,0,T,0.7261904761904762,96.3,-11.8,9.0,11.0,0.45,1.7096645406244317,20,31,12,19,0.022847438119637322,0,0,0,0,0,1,0,0,0,4,100,8,0,9,1
2dap,A,223,TYR,-1.3,193.6,0.0,1,1,S,0.17117117117117117,-106.3,156.0,20.0,5.0,0.8,2.488904637662126,27,47,15,32,0.040099585271200194,0,0,0,0,0,0,1,0,0,4,100,8,0,9,1
2dap,A,224,GLU,-3.5,138.4,-1.0,1,3,E,0.6288659793814433,-81.2,117.2,9.0,15.0,0.375,1.9988252808348952,21,36,9,27,0.03124037457174899,0,0,1,0,0,0,0,0,0,-1,0,0,0,0,0
2dap,A,225,VAL,4.2,140.0,0.0,0,0,E,0.08450704225352113,-119.4,132.3,17.0,13.0,0.5666666666666667,2.081319794174114,27,35,26,9,0.04289723075523742,0,0,1,0,0,0,0,0,0,-1,0,0,0,0,0
2dap,A,226,GLU,-3.5,138.4,-1.0,1,3,E,0.27835051546391754,-110.8,126.1,12.0,11.0,0.5217391304347826,2.09193581090281,20,22,13,9,0.035436842797804825,0,0,1,0,0,0,0,0,0,-1,0,0,0,0,0
2dap,A,227,VAL,4.2,140.0,0.0,0,0,E,0.13380281690140844,-114.4,118.6,14.0,14.0,0.5,2.2188740032251153,26,25,25,0,0.04243095650789788,0,0,1,0,0,0,0,0,0,-1,0,0,0,0,0
2dap,A,228,ASN,-3.5,114.1,0.0,2,2,E,0.2802547770700637,-114.5,122.2,12.0,14.0,0.46153846153846156,2.139550547528339,26,17,16,1,0.0363693912924839,0,0,1,0,0,0,0,0,0,1,3447,9,0,418,1
2dap,A,229,PHE,2.8,189.9,0.0,0,0,E,0.2639593908629442,-100.8,123.6,11.0,18.0,0.3793103448275862,2.260970625460914,31,15,33,-18,0.03403802005578621,0,0,1,0,0,0,0,0,0,1,3447,9,0,418,1
2dap,A,230,ILE,4.5,166.7,0.0,0,0,-,0.22485207100591717,-129.8,160.0,16.0,9.0,0.64,1.9773837461529356,23,20,31,-11,0.03730193978716297,0,0,0,0,0,0,0,0,0,1,3447,9,0,418,1
2dap,A,231,ASP,-3.5,111.1,-1.0,1,3,-,0.5705521472392638,-73.5,162.1,2.0,19.0,0.09523809523809523,2.012034233394571,19,7,23,-16,0.02844272908771177,0,0,0,0,0,0,0,0,0,-1,0,0,0,0,0
2dap,A,232,GLU,-3.5,138.4,-1.0,1,3,H,0.4020618556701031,-65.5,-35.1,5.0,14.0,0.2631578947368421,1.8508144541547797,17,10,18,-8,0.035436842797804825,1,0,0,0,0,0,0,0,0,-1,0,0,0,0,0
2dap,A,233,ALA,1.8,88.6,0.0,0,0,H,0.6037735849056604,-62.3,-38.6,0.0,14.0,0.0,1.7674997860131185,12,11,33,-22,0.027043906345693154,1,0,0,0,0,0,0,0,0,-1,0,0,0,0,0
2dap,A,234,THR,-0.7,116.1,0.0,1,1,H,0.2605633802816901,-70.3,-39.4,8.0,9.0,0.47058823529411764,2.239919513744668,16,13,34,-21,0.03403802005578621,1,0,0,0,0,0,0,0,0,-1,0,0,0,0,0
2dap,A,235,PHE,2.8,189.9,0.0,0,0,H,0.1065989847715736,-58.3,-55.9,14.0,8.0,0.6363636363636364,2.806124508816718,27,22,34,-12,0.05035761871267001,1,0,0,0,0,0,0,0,0,-1,0,0,0,0,0
2dap,A,236,ASP,-3.5,111.1,-1.0,1,3,H,0.49079754601226994,-53.1,-39.9,4.0,14.0,0.2222222222222222,1.7736480347915222,14,18,26,-8,0.03403802005578621,1,0,0,0,0,0,0,0,0,-1,0,0,0,0,0
2dap,A,237,SER,-0.8,89.0,0.0,1,1,H,0.6307692307692307,-94.2,-26.3,3.0,8.0,0.2727272727272727,1.8303434131426062,12,11,28,-17,0.026577632098353617,1,0,0,0,0,0,0,0,0,-1,0,0,0,0,0
2dap,A,238,GLU,-3.5,138.4,-1.0,1,3,H,0.7010309278350515,-101.4,-14.5,7.0,7.0,0.5,1.791589970561321,14,10,16,-6,0.02611135785101408,1,0,0,0,0,0,0,0,0,7,43,10,0,3,1
2dap,A,239,HIS,-3.2,153.2,0.1,2,1,-,0.16304347826086957,-121.6,60.5,19.0,6.0,0.76,2.057728978386904,27,7,22,-15,0.03310547156110714,0,0,0,0,0,0,0,0,0,7,43,10,0,3,1
2dap,A,240,THR,-0.7,116.1,0.0,1,1,-,0.7464788732394366,-99.2,-19.2,5.0,12.0,0.29411764705882354,1.7767375724852335,16,16,15,1,0.02331371236697686,0,0,0,0,0,0,0,0,0,7,43,10,0,3,1
2dap,A,241,GLY,-0.4,60.1,0.0,0,0,-,0.42857142857142855,-79.3,167.8,7.0,14.0,0.3333333333333333,1.709689220646378,24,25,14,11,0.025178809356335007,0,0,0,0,0,0,0,0,0,7,43,10,0,3,1
2dap,A,242,MET,1.9,162.9,0.0,0,0,B,0.1276595744680851,-138.0,41.3,8.0,19.0,0.2962962962962963,2.3379193522124018,27,28,14,14,0.03730193978716297,0,1,0,0,0,0,0,0,0,22,1,14,0,0,1
2dap,A,243,PRO,-1.6,112.7,0.0,0,0,-,0.3897058823529412,-74.1,155.6,9.0,18.0,0.3333333333333333,2.299830592456484,26,31,9,22,0.03916703677652112,0,0,0,0,0,0,0,0,0,7,43,10,0,3,1
2dap,A,244,HIS,-3.2,153.2,0.1,2,1,E,0.059782608695652176,-168.2,179.7,17.0,15.0,0.53125,2.3113210695322506,35,19,11,8,0.04709369898129325,0,0,1,0,0,0,0,0,0,10,24,7,0,2,1
2dap,A,245,GLY,-0.4,60.1,0.0,0,0,E,0.0,158.6,-162.6,10.0,26.0,0.2777777777777778,2.9065988381320573,31,35,10,25,0.048026247475972325,0,0,1,0,0,0,0,0,0,10,24,7,0,2,1
2dap,A,246,GLY,-0.4,60.1,0.0,0,0,E,0.0,163.9,-172.3,19.0,14.0,0.5757575757575758,4.295417632711856,30,37,14,23,0.053155264196707235,0,0,1,0,0,0,0,0,0,3,181,13,0,26,1
2dap,A,247,HIS,-3.2,153.2,0.1,2,1,E,0.11956521739130435,-135.8,142.7,16.0,19.0,0.45714285714285713,3.863916079386212,29,27,12,15,0.05129016720734909,0,0,1,0,0,0,0,0,0,3,181,13,0,26,1
2dap,A,248,VAL,4.2,140.0,0.0,0,0,E,0.028169014084507043,-115.7,114.8,15.0,20.0,0.42857142857142855,4.541857234746212,33,32,13,19,0.05408781269138631,0,0,1,0,0,0,0,0,0,3,181,13,0,26,1
2dap,A,249,ILE,4.5,166.7,0.0,0,0,E,0.005917159763313609,-116.0,127.4,17.0,22.0,0.4358974358974359,4.860505311733671,33,49,14,35,0.05035761871267001,0,0,1,0,0,0,0,0,0,-1,0,0,0,0,0
2dap,A,250,THR,-0.7,116.1,0.0,1,1,E,0.007042253521126761,-128.2,136.3,18.0,22.0,0.45,4.752122136319531,33,46,14,32,0.048492521723311866,0,0,1,0,0,0,0,0,0,-1,0,0,0,0,0
2dap,A,251,THR,-0.7,116.1,0.0,1,1,E,0.028169014084507043,-123.4,156.0,14.0,20.0,0.4117647058823529,2.285250392679367,29,44,19,25,0.048026247475972325,0,0,1,0,0,0,0,0,0,-1,0,0,0,0,0
2dap,A,252,GLY,-0.4,60.1,0.0,0,0,E,0.047619047619047616,-156.7,153.6,13.0,16.0,0.4482758620689655,1.9205215933154767,25,26,13,13,0.043829779249916496,0,0,1,0,0,0,0,0,0,11,24,7,0,2,1
2dap,A,253,ASP,-3.5,111.1,-1.0,1,3,E,0.5337423312883436,-116.1,133.1,6.0,14.0,0.3,1.7788188765070678,15,16,5,11,0.03403802005578621,0,0,1,0,0,0,0,0,0,21,7,1,0,0,1
2dap,A,254,THR,-0.7,116.1,0.0,1,1,S,0.6056338028169014,-112.4,29.8,6.0,8.0,0.42857142857142855,1.8769307947966578,13,11,13,-2,0.027510180593032695,0,0,0,0,0,0,1,0,0,21,7,1,0,0,1
2dap,A,255,GLY,-0.4,60.1,0.0,0,0,S,0.6904761904761905,107.2,51.8,0.0,10.0,0.0,1.709664718272329,8,6,10,-4,0.017252147151562876,0,0,0,0,0,0,1,0,0,21,7,1,0,0,1
2dap,A,256,GLY,-0.4,60.1,0.0,0,0,S,0.7619047619047619,92.4,5.4,0.0,8.0,0.0,1.7096037357876008,7,8,8,0,0.017718421398902413,0,0,0,0,0,0,1,0,0,21,7,1,0,0,1
2dap,A,257,PHE,2.8,189.9,0.0,0,0,-,0.700507614213198,-125.4,124.9,3.0,9.0,0.25,1.9675075685891246,7,10,8,2,0.024246260861655933,0,0,0,0,0,0,0,0,0,21,7,1,0,0,1
2dap,A,258,ASN,-3.5,114.1,0.0,2,2,E,0.5668789808917197,-96.4,142.4,8.0,12.0,0.4,1.8005015056433502,20,22,11,11,0.02984155182973038,0,0,1,0,0,0,0,0,0,21,7,1,0,0,1
2dap,A,259,HIS,-3.2,153.2,0.1,2,1,E,0.41847826086956524,-130.0,137.2,12.0,13.0,0.48,2.0969068727902664,18,4,11,-7,0.029375277582390842,0,0,1,0,0,0,0,0,0,21,7,1,0,0,1
2dap,A,260,THR,-0.7,116.1,0.0,1,1,E,0.4507042253521127,-123.5,126.4,9.0,19.0,0.32142857142857145,1.8568952327211294,23,27,12,15,0.03357174580844668,0,0,1,0,0,0,0,0,0,11,24,7,0,2,1
2dap,A,261,VAL,4.2,140.0,0.0,0,0,E,0.4154929577464789,-114.8,127.0,19.0,12.0,0.6129032258064516,2.28859108417429,25,29,9,20,0.028909003335051305,0,0,1,0,0,0,0,0,0,-1,0,0,0,0,0
2dap,A,262,GLU,-3.5,138.4,-1.0,1,3,E,0.3402061855670103,-136.8,125.6,11.0,18.0,0.3793103448275862,1.796969258045882,22,27,1,26,0.034970568550465285,0,0,1,0,0,0,0,0,0,3,181,13,0,26,1
2dap,A,263,TYR,-1.3,193.6,0.0,1,1,E,0.26576576576576577,-110.3,125.9,17.0,12.0,0.5862068965517241,2.3627398385645653,26,21,9,12,0.0363693912924839,0,0,1,0,0,0,0,0,0,3,181,13,0,26,1
2dap,A,264,ILE,4.5,166.7,0.0,0,0,E,0.48520710059171596,-125.4,142.1,3.0,21.0,0.125,1.922824017493611,20,25,9,16,0.03730193978716297,0,0,1,0,0,0,0,0,0,10,24,7,0,2,1
2dap,A,265,LEU,3.8,166.7,0.0,0,0,E,0.09146341463414634,-129.3,126.5,21.0,7.0,0.75,2.5992341405548047,27,30,10,20,0.03916703677652112,0,0,1,0,0,0,0,0,0,10,24,7,0,2,1
2dap,A,266,LYS,-3.9,168.6,1.0,2,0,E,0.6097560975609756,-123.5,102.5,0.0,20.0,0.0,1.8706759324829558,20,22,8,14,0.02611135785101408,0,0,1,0,0,0,0,0,0,20,24,1,0,0,1
2dap,A,267,LEU,3.8,166.7,0.0,0,0,E,0.09146341463414634,-107.7,124.2,22.0,3.0,0.88,2.0896273945307904,22,26,16,10,0.03963331102386066,0,0,1,0,0,0,0,0,0,20,24,1,0,0,1
2dap,A,268,ASP,-3.5,111.1,-1.0,1,3,S,0.950920245398773,-75.5,-25.0,0.0,19.0,0.0,1.7078634048266923,15,23,7,16,0.025645083603674543,0,0,0,0,0,0,1,0,0,20,24,1,0,0,1
2dap,A,269,ARG,-4.5,173.4,1.0,5,0,B,0.36693548387096775,-143.7,107.8,8.0,16.0,0.3333333333333333,1.9070275778207557,23,11,16,-5,0.03683566553982344,0,1,0,0,0,0,0,0,0,22,1,14,0,0,1
2dap,A,270,ASN,-3.5,114.1,0.0,2,2,H,0.08280254777070063,-49.8,-55.4,16.0,16.0,0.5,2.199001144716902,31,25,19,6,0.05035761871267001,1,0,0,0,0,0,0,0,0,-1,0,0,0,0,0
2dap,A,271,PRO,-1.6,112.7,0.0,0,0,H,0.10294117647058823,-65.2,-23.0,14.0,21.0,0.4,2.3040169177205305,30,29,13,16,0.043363505002576956,1,0,0,0,0,0,0,0,0,22,1,14,0,0,1
2dap,A,272,ASP,-3.5,111.1,-1.0,1,3,H,0.2147239263803681,-70.2,-33.4,10.0,19.0,0.3448275862068966,2.058708737504797,26,29,8,21,0.04289723075523742,1,0,0,0,0,0,0,0,0,-1,0,0,0,0,0
2dap,A,273,PHE,2.8,189.9,0.0,0,0,H,0.3248730964467005,-81.9,-35.9,15.0,17.0,0.46875,2.2627235105166275,32,15,14,1,0.04196468226055834,1,0,0,0,0,0,0,0,0,-1,0,0,0,0,0
2dap,A,274,THR,-0.7,116.1,0.0,1,1,H,0.14788732394366197,-59.7,-47.0,22.0,20.0,0.5238095238095238,3.0894270627018097,36,5,19,-14,0.048492521723311866,1,0,0,0,0,0,0,0,0,-1,0,0,0,0,0
2dap,A,275,ALA,1.8,88.6,0.0,0,0,H,0.0,-61.7,-40.6,17.0,18.0,0.4857142857142857,4.048703573701736,34,15,15,0,0.04942507021799094,1,0,0,0,0,0,0,0,0,-1,0,0,0,0,0
2dap,A,276,SER,-0.8,89.0,0.0,1,1,H,0.4,-60.9,-37.1,9.0,28.0,0.24324324324324326,1.9535891542998989,33,12,9,3,0.040565859518539735,1,0,0,0,0,0,0,0,0,-1,0,0,0,0,0
2dap,A,277,SER,-0.8,89.0,0.0,1,1,H,0.07692307692307693,-75.2,-50.4,19.0,19.0,0.5,2.1544104555952224,37,4,9,-5,0.04429605349725603,1,0,0,0,0,0,0,0,0,-1,0,0,0,0,0
2dap,A,278,GLN,-3.5,143.8,0.0,2,2,H,0.0,-50.9,-36.5,28.0,18.0,0.6086956521739131,4.800625619113884,45,3,12,-9,0.05035761871267001,1,0,0,0,0,0,0,0,0,-1,0,0,0,0,0
2dap,A,279,ILE,4.5,166.7,0.0,0,0,H,0.005917159763313609,-71.3,-47.9,24.0,27.0,0.47058823529411764,2.7829504606208326,43,18,10,8,0.04709369898129325,1,0,0,0,0,0,0,0,0,-1,0,0,0,0,0
2dap,A,280,ALA,1.8,88.6,0.0,0,0,H,0.19811320754716982,-63.4,-33.8,18.0,24.0,0.42857142857142855,2.7969520742912843,35,22,3,19,0.04149840801321881,1,0,0,0,0,0,0,0,0,-1,0,0,0,0,0
2dap,A,281,PHE,2.8,189.9,0.0,0,0,H,0.01015228426395939,-74.3,-20.0,27.0,18.0,0.6,3.5829076664736506,46,12,8,4,0.045694876239274644,1,0,0,0,0,0,0,0,0,-1,0,0,0,0,0
2dap,A,282,GLY,-0.4,60.1,0.0,0,0,H,0.0,-79.6,-25.3,27.0,23.0,0.54,5.702916725172626,41,37,11,26,0.053155264196707235,1,0,0,0,0,0,0,0,0,-1,0,0,0,0,0
2dap,A,283,ARG,-4.5,173.4,1.0,5,0,H,0.020161290322580645,-75.0,-33.0,20.0,24.0,0.45454545454545453,2.779984242478382,33,21,13,8,0.04942507021799094,1,0,0,0,0,0,0,0,0,-1,0,0,0,0,0
2dap,A,284,ALA,1.8,88.6,0.0,0,0,H,0.0,-73.4,-45.7,20.0,17.0,0.5405405405405406,4.8039639676694375,38,38,3,35,0.048958795970651406,1,0,0,0,0,0,0,0,0,-1,0,0,0,0,0
2dap,A,285,ALA,1.8,88.6,0.0,0,0,H,0.0,-55.9,-37.5,28.0,19.0,0.5957446808510638,5.454004986451508,43,38,5,33,0.05175644145468863,1,0,0,0,0,0,0,0,0,-1,0,0,0,0,0
2dap,A,286,HIS,-3.2,153.2,0.1,2,1,H,0.11956521739130435,-73.0,-39.7,19.0,21.0,0.475,2.671789989276566,36,35,13,22,0.045694876239274644,1,0,0,0,0,0,0,0,0,-1,0,0,0,0,0
2dap,A,287,ARG,-4.5,173.4,1.0,5,0,H,0.2701612903225806,-65.9,-39.5,14.0,19.0,0.42424242424242425,1.9763974784179974,32,27,9,18,0.03916703677652112,1,0,0,0,0,0,0,0,0,-1,0,0,0,0,0
2dap,A,288,MET,1.9,162.9,0.0,0,0,H,0.015957446808510637,-65.4,-41.5,24.0,6.0,0.8,3.2247112800125914,30,34,5,29,0.04476232774459557,1,0,0,0,0,0,0,0,0,-1,0,0,0,0,0
2dap,A,289,LYS,-3.9,168.6,1.0,2,0,H,0.28292682926829266,-75.6,-42.9,22.0,8.0,0.7333333333333333,2.351550070926959,27,19,6,13,0.04429605349725603,1,0,0,0,0,0,0,0,0,-1,0,0,0,0,0
2dap,A,290,GLN,-3.5,143.8,0.0,2,2,H,0.5959595959595959,-61.6,-15.2,11.0,10.0,0.5238095238095238,1.8770857012798818,19,32,4,28,0.029375277582390842,1,0,0,0,0,0,0,0,0,-1,0,0,0,0,0
2dap,A,291,GLN,-3.5,143.8,0.0,2,2,T,0.5050505050505051,-112.2,17.6,6.0,8.0,0.42857142857142855,1.804411224429646,15,26,0,26,0.025178809356335007,0,0,0,0,0,1,0,0,0,-1,0,0,0,0,0
2dap,A,292,GLY,-0.4,60.1,0.0,0,0,S,0.7738095238095238,78.2,58.1,1.0,13.0,0.07142857142857142,1.7097402225646354,16,18,0,18,0.024246260861655933,0,0,0,0,0,0,1,0,0,5,93,5,0,5,1
2dap,A,293,GLN,-3.5,143.8,0.0,2,2,-,0.35858585858585856,-136.1,156.2,16.0,10.0,0.6153846153846154,1.7530629558941009,24,18,4,14,0.03403802005578621,0,0,0,0,0,0,0,0,0,5,93,5,0,5,1
2dap,A,294,SER,-0.8,89.0,0.0,1,1,-,0.33076923076923076,-150.5,151.0,12.0,18.0,0.4,1.8496518813948144,26,9,5,4,0.04103213376587927,0,0,0,0,0,0,0,0,0,5,93,5,0,5,1
2dap,A,295,GLY,-0.4,60.1,0.0,0,0,E,0.0,113.2,-176.3,8.0,26.0,0.23529411764705882,2.426342796084172,32,16,10,6,0.043829779249916496,0,0,1,0,0,0,0,0,0,5,93,5,0,5,1
2dap,A,296,ALA,1.8,88.6,0.0,0,0,E,0.009433962264150943,-79.0,155.9,18.0,24.0,0.42857142857142855,2.511726339382066,33,21,18,3,0.053621538444046775,0,0,1,0,0,0,0,0,0,5,93,5,0,5,1
2dap,A,297,PHE,2.8,189.9,0.0,0,0,E,0.13705583756345177,-151.2,138.4,22.0,17.0,0.5641025641025641,3.025196111465344,30,14,9,5,0.043829779249916496,0,0,1,0,0,0,0,0,0,5,93,5,0,5,1
2dap,A,298,THR,-0.7,116.1,0.0,1,1,-,0.16901408450704225,-95.7,169.1,13.0,25.0,0.34210526315789475,2.6758353375055113,28,14,13,1,0.040565859518539735,0,0,0,0,0,0,0,0,0,-1,0,0,0,0,0
2dap,A,299,VAL,4.2,140.0,0.0,0,0,G,0.06338028169014084,-59.1,-19.2,23.0,18.0,0.5609756097560976,2.240283851106493,33,1,10,-9,0.04429605349725603,0,0,0,1,0,0,0,0,0,-1,0,0,0,0,0
2dap,A,300,LEU,3.8,166.7,0.0,0,0,G,0.5487804878048781,-74.8,-12.5,8.0,15.0,0.34782608695652173,1.9494576949927285,24,11,9,2,0.030774100324409453,0,0,0,1,0,0,0,0,0,-1,0,0,0,0,0
2dap,A,301,GLU,-3.5,138.4,-1.0,1,3,G,0.3865979381443299,-110.7,15.5,11.0,13.0,0.4583333333333333,1.7805783784791227,20,7,0,7,0.02797645484037223,0,0,0,1,0,0,0,0,0,-1,0,0,0,0,0
2dap,A,302,VAL,4.2,140.0,0.0,0,0,S,0.11267605633802817,-113.4,129.8,27.0,4.0,0.8709677419354839,2.007004234661251,30,4,9,-5,0.040565859518539735,0,0,0,0,0,0,1,0,0,-1,0,0,0,0,0
2dap,A,303,ALA,1.8,88.6,0.0,0,0,-,0.3867924528301887,-75.9,131.7,5.0,15.0,0.25,2.1567352375391446,23,7,6,1,0.02844272908771177,0,0,0,0,0,0,0,0,0,-1,0,0,0,0,0
2dap,A,304,PRO,-1.6,112.7,0.0,0,0,G,0.6397058823529411,-44.0,-37.0,5.0,20.0,0.2,1.893435425018896,19,3,4,-1,0.027510180593032695,0,0,0,1,0,0,0,0,0,-1,0,0,0,0,0
2dap,A,305,TYR,-1.3,193.6,0.0,1,1,G,0.4189189189189189,-65.2,-22.3,9.0,14.0,0.391304347826087,1.8633960791124844,21,15,9,6,0.03450429430312575,0,0,0,1,0,0,0,0,0,-1,0,0,0,0,0
2dap,A,306,LEU,3.8,166.7,0.0,0,0,G,0.06097560975609756,-66.5,-19.3,14.0,12.0,0.5384615384615384,2.8711644533731833,26,27,6,21,0.043363505002576956,0,0,0,1,0,0,0,0,0,-1,0,0,0,0,0
2dap,A,307,LEU,3.8,166.7,0.0,0,0,G,0.2073170731707317,-89.2,-21.8,10.0,17.0,0.37037037037037035,2.087298127046699,30,21,6,15,0.04476232774459557,0,0,0,1,0,0,0,0,0,-1,0,0,0,0,0
2dap,A,308,SER,-0.8,89.0,0.0,1,1,-,0.19230769230769232,-77.1,125.7,11.0,17.0,0.39285714285714285,2.0429658385357308,24,22,23,-1,0.0363693912924839,0,0,0,0,0,0,0,0,0,8,25,8,0,2,1
2dap,A,309,PRO,-1.6,112.7,0.0,0,0,S,0.4632352941176471,-59.3,-19.0,9.0,18.0,0.3333333333333333,2.0747951475873037,24,23,21,2,0.03310547156110714,0,0,0,0,0,0,1,0,0,8,25,8,0,2,1
2dap,A,310,GLU,-3.5,138.4,-1.0,1,3,S,0.3711340206185567,-82.0,155.0,9.0,12.0,0.42857142857142855,1.7629460554451724,19,20,22,-2,0.03124037457174899,0,0,0,0,0,0,1,0,0,8,25,8,0,2,1
2dap,A,311,ASN,-3.5,114.1,0.0,2,2,-,0.6114649681528662,-63.3,133.1,4.0,11.0,0.26666666666666666,2.045879764585889,13,11,26,-15,0.030774100324409453,0,0,0,0,0,0,0,0,0,8,25,8,0,2,1
2dap,A,312,LEU,3.8,166.7,0.0,0,0,H,0.3902439024390244,-49.0,-44.1,4.0,13.0,0.23529411764705882,2.2413477399012294,18,7,29,-22,0.03357174580844668,1,0,0,0,0,0,0,0,0,-1,0,0,0,0,0
2dap,A,313,ASP,-3.5,111.1,-1.0,1,3,H,0.6809815950920245,-61.9,-31.7,0.0,13.0,0.0,1.7348981791304312,11,3,15,-12,0.025645083603674543,1,0,0,0,0,0,0,0,0,-1,0,0,0,0,0
2dap,A,314,ASP,-3.5,111.1,-1.0,1,3,H,0.4723926380368098,-71.7,-37.3,4.0,9.0,0.3076923076923077,1.7759772401627485,12,11,24,-13,0.035436842797804825,1,0,0,0,0,0,0,0,0,-1,0,0,0,0,0
2dap,A,315,LEU,3.8,166.7,0.0,0,0,H,0.12195121951219512,-62.6,-46.6,9.0,7.0,0.5625,2.1512788759327868,17,12,33,-21,0.040099585271200194,1,0,0,0,0,0,0,0,0,8,25,8,0,2,1
2dap,A,316,ILE,4.5,166.7,0.0,0,0,H,0.5680473372781065,-69.0,-32.9,3.0,10.0,0.23076923076923078,2.0298624678704833,11,10,25,-15,0.030774100324409453,1,0,0,0,0,0,0,0,0,-1,0,0,0,0,0
2dap,A,317,ALA,1.8,88.6,0.0,0,0,H,0.8679245283018868,-80.6,-20.7,5.0,5.0,0.5,1.7875210119473717,10,11,26,-15,0.02611135785101408,1,0,0,0,0,0,0,0,0,-1,0,0,0,0,0
2dap,A,318,ARG,-4.5,173.4,1.0,5,0,H,0.5766129032258065,-115.2,-41.7,6.0,4.0,0.6,1.839266333707498,11,0,27,-27,0.02471253510899547,1,0,0,0,0,0,0,0,0,8,25,8,0,2,1
2dap,A,319,ASP,-3.5,111.1,-1.0,1,3,T,0.5705521472392638,-95.9,-22.8,9.0,4.0,0.6923076923076923,1.7194871579727333,12,11,15,-4,0.02331371236697686,0,0,0,0,0,1,0,0,0,-1,0,0,0,0,0
2dap,A,320,VAL,4.2,140.0,0.0,0,0,-,1.0,-68.1,360.0,7.0,2.0,0.7777777777777778,1.7840694061724667,8,9,12,-3,0.017718421398902413,0,0,0,0,0,0,0,0,0,-1,0,0,0,0,0
1l6g,A,2,ASN,-3.5,114.1,0.0,2,2,-,0.7452229299363057,360.0,148.2,14.0,3.0,0.8235294117647058,1.722121424942484,18,22,19,3,0.025178809356335007,0,0,0,0,0,0,0,0,0,-1,0,0,0,0,0
1l6g,A,3,ASP,-3.5,111.1,-1.0,1,3,-,0.6503067484662577,-136.1,159.7,5.0,18.0,0.21739130434782608,1.7038951927100643,21,28,10,18,0.030774100324409453,0,0,0,0,0,0,0,0,0,-1,0,0,0,0,0
1l6g,A,4,PHE,2.8,189.9,0.0,0,0,-,0.12690355329949238,-141.3,152.9,16.0,14.0,0.5333333333333333,2.0747470117561373,29,41,27,14,0.03963331102386066,0,0,0,0,0,0,0,0,0,-1,0,0,0,0,0
1l6g,A,5,HIS,-3.2,153.2,0.1,2,1,S,0.10869565217391304,-118.6,29.1,22.0,13.0,0.6285714285714286,2.538872917759322,30,20,35,-15,0.043829779249916496,0,0,0,0,0,0,1,0,0,-1,0,0,0,0,0
1l6g,A,6,ARG,-4.5,173.4,1.0,5,0,S,0.04838709677419355,-135.5,141.9,26.0,13.0,0.6666666666666666,2.6566365563427756,36,37,40,-3,0.04755997322863279,0,0,0,0,0,0,1,0,0,-1,0,0,0,0,0
1l6g,A,7,ASP,-3.5,111.1,-1.0,1,3,S,0.22085889570552147,-82.7,58.0,17.0,18.0,0.4857142857142857,2.0455307138676986,30,53,5,48,0.04289723075523742,0,0,0,0,0,0,1,0,0,-1,0,0,0,0,0
1l6g,A,8,THR,-0.7,116.1,0.0,1,1,E,0.0,-146.1,122.8,21.0,22.0,0.4883720930232558,4.549233734854692,34,54,24,30,0.05175644145468863,0,0,1,0,0,0,0,0,0,-1,0,0,0,0,0
1l6g,A,9,TRP,-0.9,227.8,0.0,1,0,E,0.06607929515418502,-155.8,157.3,15.0,23.0,0.39473684210526316,2.8465513421287776,30,50,17,33,0.04942507021799094,0,0,1,0,0,0,0,0,0,19,24,18,0,4,1
1l6g,A,10,ALA,1.8,88.6,0.0,0,0,E,0.0,-106.6,152.7,18.0,21.0,0.46153846153846156,5.473872071988742,37,41,15,26,0.05175644145468863,0,0,1,0,0,0,0,0,0,-1,0,0,0,0,0
1l6g,A,11,GLU,-3.5,138.4,-1.0,1,3,E,0.2268041237113402,-125.0,130.6,17.0,22.0,0.4358974358974359,2.0854645950968136,33,28,12,16,0.05035761871267001,0,0,1,0,0,0,0,0,0,-1,0,0,0,0,0
1l6g,A,12,VAL,4.2,140.0,0.0,0,0,E,0.0,-112.8,121.9,22.0,21.0,0.5116279069767442,3.1889479017983247,40,33,34,-1,0.05222271570202816,0,0,1,0,0,0,0,0,0,-1,0,0,0,0,0
1l6g,A,13,ASP,-3.5,111.1,-1.0,1,3,E,0.37423312883435583,-93.2,98.4,14.0,22.0,0.3888888888888889,2.2916420383508527,30,39,29,10,0.043829779249916496,0,0,1,0,0,0,0,0,0,22,32,7,0,2,1
1l6g,A,14,LEU,3.8,166.7,0.0,0,0,H,0.006097560975609756,-66.5,-15.9,24.0,19.0,0.5581395348837209,3.9573312998093124,37,40,39,1,0.04755997322863279,1,0,0,0,0,0,0,0,0,22,32,7,0,2,1
1l6g,A,15,ASP,-3.5,111.1,-1.0,1,3,H,0.15337423312883436,-70.2,-38.3,9.0,25.0,0.2647058823529412,1.94820683497506,24,43,23,20,0.043363505002576956,1,0,0,0,0,0,0,0,0,22,32,7,0,2,1
1l6g,A,16,ALA,1.8,88.6,0.0,0,0,H,0.02830188679245283,-64.0,-49.9,18.0,16.0,0.5294117647058824,2.578839959547468,33,24,33,-9,0.04289723075523742,1,0,0,0,0,0,0,0,0,22,32,7,0,2,1
1l6g,A,17,ILE,4.5,166.7,0.0,0,0,H,0.0,-56.1,-44.5,26.0,19.0,0.5777777777777777,5.926636599355377,42,30,35,-5,0.05735173242276307,1,0,0,0,0,0,0,0,0,-1,0,0,0,0,0
1l6g,A,18,TYR,-1.3,193.6,0.0,1,1,H,0.21621621621621623,-61.9,-44.2,12.0,24.0,0.3333333333333333,2.5334443954479053,29,26,37,-11,0.050823892960009553,1,0,0,0,0,0,0,0,0,-1,0,0,0,0,0
1l6g,A,19,ASP,-3.5,111.1,-1.0,1,3,H,0.3312883435582822,-65.2,-43.1,13.0,20.0,0.3939393939393939,1.9128364588730282,27,21,26,-5,0.043363505002576956,1,0,0,0,0,0,0,0,0,-1,0,0,0,0,0
1l6g,A,20,ASN,-3.5,114.1,0.0,2,2,H,0.0,-60.5,-38.2,25.0,16.0,0.6097560975609756,4.829198382944503,33,13,29,-16,0.05455408693872585,1,0,0,0,0,0,0,0,0,-1,0,0,0,0,0
1l6g,A,21,VAL,4.2,140.0,0.0,0,0,H,0.007042253521126761,-77.0,-41.0,27.0,18.0,0.6,5.296622382096222,40,21,24,-3,0.05502036118606539,1,0,0,0,0,0,0,0,0,-1,0,0,0,0,0
1l6g,A,22,GLU,-3.5,138.4,-1.0,1,3,H,0.26288659793814434,-62.1,-40.0,9.0,20.0,0.3103448275862069,2.1817862397699392,25,26,15,11,0.045228601991935104,1,0,0,0,0,0,0,0,0,-1,0,0,0,0,0
1l6g,A,23,ASN,-3.5,114.1,0.0,2,2,H,0.2484076433121019,-61.2,-31.7,15.0,13.0,0.5357142857142857,1.86473874668746,24,25,18,7,0.04196468226055834,1,0,0,0,0,0,0,0,0,-1,0,0,0,0,0
1l6g,A,24,LEU,3.8,166.7,0.0,0,0,H,0.0,-76.2,-40.2,29.0,12.0,0.7073170731707317,4.995873684367227,36,30,11,19,0.04755997322863279,1,0,0,0,0,0,0,0,0,-1,0,0,0,0,0
1l6g,A,25,ARG,-4.5,173.4,1.0,5,0,H,0.2661290322580645,-56.4,-31.1,15.0,18.0,0.45454545454545453,2.1412563372399487,28,19,25,-6,0.04429605349725603,1,0,0,0,0,0,0,0,0,-1,0,0,0,0,0
1l6g,A,26,ARG,-4.5,173.4,1.0,5,0,H,0.6491935483870968,-78.6,-39.9,7.0,15.0,0.3181818181818182,1.8610559190701599,16,11,14,-3,0.03124037457174899,1,0,0,0,0,0,0,0,0,-1,0,0,0,0,0
1l6g,A,27,LEU,3.8,166.7,0.0,0,0,H,0.3780487804878049,-69.1,-32.3,17.0,9.0,0.6538461538461539,2.022065382193851,26,24,10,14,0.03310547156110714,1,0,0,0,0,0,0,0,0,-1,0,0,0,0,0
1l6g,A,28,LEU,3.8,166.7,0.0,0,0,S,0.054878048780487805,-86.9,156.3,23.0,8.0,0.7419354838709677,3.189392692267741,32,26,24,2,0.040565859518539735,0,0,0,0,0,0,1,0,0,-1,0,0,0,0,0
1l6g,A,29,PRO,-1.6,112.7,0.0,0,0,-,0.35294117647058826,-62.2,142.2,12.0,8.0,0.6,2.12593288674611,20,26,22,4,0.029375277582390842,0,0,0,0,0,0,0,0,0,-1,0,0,0,0,0
1l6g,A,30,ASP,-3.5,111.1,-1.0,1,3,T,0.9079754601226994,-54.7,-25.4,0.0,18.0,0.0,1.672063665556672,12,26,8,18,0.02331371236697686,0,0,0,0,0,1,0,0,0,-1,0,0,0,0,0
1l6g,A,31,ASP,-3.5,111.1,-1.0,1,3,T,0.6748466257668712,-82.9,-4.1,5.0,13.0,0.2777777777777778,1.6811249985944672,17,17,8,9,0.025178809356335007,0,0,0,0,0,1,0,0,0,-1,0,0,0,0,0
1l6g,A,32,THR,-0.7,116.1,0.0,1,1,-,0.007042253521126761,-96.2,125.5,18.0,12.0,0.6,2.201762491479431,30,31,20,11,0.04196468226055834,0,0,0,0,0,0,0,0,0,-1,0,0,0,0,0
1l6g,A,33,HIS,-3.2,153.2,0.1,2,1,E,0.3967391304347826,-82.7,152.7,14.0,21.0,0.4,2.1692288598859184,26,29,13,16,0.043363505002576956,0,0,1,0,0,0,0,0,0,-1,0,0,0,0,0
1l6g,A,34,ILE,4.5,166.7,0.0,0,0,E,0.011834319526627219,-118.2,121.1,24.0,21.0,0.5333333333333333,3.6849510788075124,38,39,8,31,0.05175644145468863,0,0,1,0,0,0,0,0,0,9,562,13,0,81,1
1l6g,A,35,MET,1.9,162.9,0.0,0,0,E,0.005319148936170213,-109.0,114.4,20.0,22.0,0.47619047619047616,5.334354931877878,39,46,0,46,0.048026247475972325,0,0,1,0,0,0,0,0,0,-1,0,0,0,0,0
1l6g,A,36,ALA,1.8,88.6,0.0,0,0,E,0.009433962264150943,-77.5,128.4,28.0,22.0,0.56,6.282443087769034,43,30,3,27,0.05129016720734909,0,0,1,0,0,0,0,0,0,-1,0,0,0,0,0
1l6g,A,37,VAL,4.2,140.0,0.0,0,0,E,0.04929577464788732,-91.8,110.0,16.0,29.0,0.35555555555555557,3.386389853410786,40,25,8,17,0.048492521723311866,0,0,1,0,0,0,0,0,0,-1,0,0,0,0,0
1l6g,A,38,VAL,4.2,140.0,0.0,0,0,-,0.014084507042253521,-119.6,30.7,23.0,22.0,0.5111111111111111,3.1448437706925554,45,23,19,4,0.05455408693872585,0,0,0,0,0,0,0,0,0,-1,0,0,0,0,0
1l6g,A,39,LYS,-3.9,168.6,1.0,2,0,H,0.1073170731707317,-69.7,172.5,21.0,24.0,0.4666666666666667,2.7010438883922085,43,12,25,-13,0.0526889899493677,1,0,0,0,0,0,0,0,0,-1,0,0,0,0,0
1l6g,A,40,ALA,1.8,88.6,0.0,0,0,H,0.02830188679245283,51.5,45.7,24.0,25.0,0.4897959183673469,1.9855778377733446,36,36,30,6,0.04989134446533048,1,0,0,0,0,0,0,0,0,-1,0,0,0,0,0
1l6g,A,41,ASN,-3.5,114.1,0.0,2,2,H,0.17834394904458598,53.9,50.9,19.0,22.0,0.4634146341463415,2.0884372589626814,39,43,17,26,0.045228601991935104,1,0,0,0,0,0,0,0,0,-1,0,0,0,0,0
1l6g,A,42,ALA,1.8,88.6,0.0,0,0,H,0.0,54.0,56.0,21.0,21.0,0.5,4.073567516847079,43,33,14,19,0.048492521723311866,1,0,0,0,0,0,0,0,0,-1,0,0,0,0,0
1l6g,A,43,TYR,-1.3,193.6,0.0,1,1,H,0.07207207207207207,48.1,41.8,21.0,22.0,0.4883720930232558,3.3949096779536885,42,23,15,8,0.05035761871267001,1,0,0,0,0,0,0,0,0,15,24,18,0,6,1
1l6g,A,44,GLY,-0.4,60.1,0.0,0,0,H,0.047619047619047616,77.1,10.7,23.0,24.0,0.48936170212765956,2.417050779281131,42,33,16,17,0.04709369898129325,1,0,0,0,0,0,0,0,0,-1,0,0,0,0,0
1l6g,A,45,HIS,-3.2,153.2,0.1,2,1,T,0.0,-99.6,-9.3,26.0,22.0,0.5416666666666666,5.611092992217156,41,19,21,-2,0.053155264196707235,0,0,0,0,0,1,0,0,0,-1,0,0,0,0,0
1l6g,A,46,GLY,-0.4,60.1,0.0,0,0,-,0.0,110.7,100.8,24.0,21.0,0.5333333333333333,4.479361481268101,34,47,14,33,0.045228601991935104,0,0,0,0,0,0,0,0,0,-1,0,0,0,0,0
1l6g,A,47,ASP,-3.5,111.1,-1.0,1,3,H,0.07975460122699386,-51.9,-55.7,19.0,21.0,0.475,2.7149478056779976,40,42,11,31,0.04755997322863279,1,0,0,0,0,0,0,0,0,-1,0,0,0,0,0
1l6g,A,48,VAL,4.2,140.0,0.0,0,0,H,0.04225352112676056,-72.6,-34.3,12.0,25.0,0.32432432432432434,3.3289380127044867,29,35,19,16,0.04662742473395372,1,0,0,0,0,0,0,0,0,-1,0,0,0,0,0
1l6g,A,49,GLN,-3.5,143.8,0.0,2,2,H,0.04040404040404041,-66.1,-39.4,20.0,15.0,0.5714285714285714,3.213709979869321,31,47,20,27,0.043363505002576956,1,0,0,0,0,0,0,0,0,-1,0,0,0,0,0
1l6g,A,50,VAL,4.2,140.0,0.0,0,0,H,0.0,-76.5,-38.6,26.0,19.0,0.5777777777777777,5.629302354228055,43,28,18,10,0.05129016720734909,1,0,0,0,0,0,0,0,0,-1,0,0,0,0,0
1l6g,A,51,ALA,1.8,88.6,0.0,0,0,H,0.0,-60.3,-43.8,23.0,24.0,0.48936170212765956,4.356805023786146,42,23,16,7,0.048492521723311866,1,0,0,0,0,0,0,0,0,-1,0,0,0,0,0
1l6g,A,52,ARG,-4.5,173.4,1.0,5,0,H,0.4153225806451613,-65.1,-40.2,11.0,20.0,0.3548387096774194,1.9591626552804973,26,12,20,-8,0.0363693912924839,1,0,0,0,0,0,0,0,0,-1,0,0,0,0,0
1l6g,A,53,THR,-0.7,116.1,0.0,1,1,H,0.014084507042253521,-68.3,-43.0,26.0,13.0,0.6666666666666666,2.603880341254984,36,22,27,-5,0.04662742473395372,1,0,0,0,0,0,0,0,0,-1,0,0,0,0,0
1l6g,A,54,ALA,1.8,88.6,0.0,0,0,H,0.0,-60.5,-43.6,24.0,18.0,0.5714285714285714,4.827243138182925,37,18,20,-2,0.04662742473395372,1,0,0,0,0,0,0,0,0,9,562,13,0,81,1
1l6g,A,55,LEU,3.8,166.7,0.0,0,0,H,0.3048780487804878,-65.2,-35.1,14.0,20.0,0.4117647058823529,2.1617023556300117,27,14,15,-1,0.0363693912924839,1,0,0,0,0,0,0,0,0,9,562,13,0,81,1
1l6g,A,56,GLU,-3.5,138.4,-1.0,1,3,H,0.5773195876288659,-67.1,-38.0,11.0,13.0,0.4583333333333333,1.7446977786224913,21,20,11,9,0.030774100324409453,1,0,0,0,0,0,0,0,0,9,562,13,0,81,1
1l6g,A,57,ALA,1.8,88.6,0.0,0,0,H,0.05660377358490566,-79.9,-16.0,22.0,6.0,0.7857142857142857,2.2145738991673163,28,25,27,-2,0.040099585271200194,1,0,0,0,0,0,0,0,0,9,562,13,0,81,1
1l6g,A,58,GLY,-0.4,60.1,0.0,0,0,T,0.2976190476190476,146.4,-16.5,19.0,12.0,0.6129032258064516,1.7817879337166456,32,28,18,10,0.03683566553982344,0,0,0,0,0,1,0,0,0,9,562,13,0,81,1
1l6g,A,59,ALA,1.8,88.6,0.0,0,0,-,0.0660377358490566,-65.8,151.3,27.0,14.0,0.6585365853658537,2.6506854356006286,33,32,11,21,0.043363505002576956,0,0,0,0,0,0,0,0,0,9,562,13,0,81,1
1l6g,A,60,SER,-0.8,89.0,0.0,1,1,-,0.3230769230769231,-121.5,-16.1,8.0,25.0,0.24242424242424243,2.000263201058719,26,27,5,22,0.03776821403450251,0,0,0,0,0,0,0,0,0,9,562,13,0,81,1
1l6g,A,61,ARG,-4.5,173.4,1.0,5,0,E,0.15725806451612903,-141.6,168.5,18.0,18.0,0.5,2.86364130199923,30,30,7,23,0.04243095650789788,0,0,1,0,0,0,0,0,0,9,562,13,0,81,1
1l6g,A,62,LEU,3.8,166.7,0.0,0,0,E,0.0,-130.5,157.1,23.0,19.0,0.5476190476190477,5.6569363740633705,40,29,10,19,0.04755997322863279,0,0,1,0,0,0,0,0,0,-1,0,0,0,0,0
1l6g,A,63,ALA,1.8,88.6,0.0,0,0,E,0.0,-133.1,137.6,16.0,28.0,0.36363636363636365,4.8280654068892375,44,28,12,16,0.04709369898129325,0,0,1,0,0,0,0,0,0,-1,0,0,0,0,0
1l6g,A,64,VAL,4.2,140.0,0.0,0,0,E,0.007042253521126761,-129.6,169.3,21.0,21.0,0.5,3.7993677770096475,40,17,23,-6,0.050823892960009553,0,0,1,0,0,0,0,0,0,-1,0,0,0,0,0
1l6g,A,65,ALA,1.8,88.6,0.0,0,0,S,0.03773584905660377,-78.2,-44.4,18.0,22.0,0.45,4.744099425794552,43,30,27,3,0.04616115048661418,0,0,0,0,0,0,1,0,0,-1,0,0,0,0,0
1l6g,A,66,PHE,2.8,189.9,0.0,0,0,S,0.03553299492385787,-145.3,165.5,18.0,24.0,0.42857142857142855,4.53320722805628,42,42,33,9,0.04755997322863279,0,0,0,0,0,0,1,0,0,-1,0,0,0,0,0
1l6g,A,67,LEU,3.8,166.7,0.0,0,0,H,0.006097560975609756,-43.1,-50.2,21.0,24.0,0.4666666666666667,4.760947523895917,40,33,29,4,0.050823892960009553,1,0,0,0,0,0,0,0,0,-1,0,0,0,0,0
1l6g,A,68,ASP,-3.5,111.1,-1.0,1,3,H,0.04294478527607362,-50.5,-37.2,17.0,25.0,0.40476190476190477,2.1420371460994247,35,40,27,13,0.045228601991935104,1,0,0,0,0,0,0,0,0,7,638,21,0,121,1
1l6g,A,69,GLU,-3.5,138.4,-1.0,1,3,H,0.06701030927835051,-70.7,-30.9,24.0,20.0,0.5454545454545454,2.0105365025745594,40,40,21,19,0.04616115048661418,1,0,0,0,0,0,0,0,0,-1,0,0,0,0,0
1l6g,A,70,ALA,1.8,88.6,0.0,0,0,H,0.0,-74.3,-42.4,25.0,24.0,0.5102040816326531,3.996622074414934,36,29,30,-1,0.04709369898129325,1,0,0,0,0,0,0,0,0,-1,0,0,0,0,0
1l6g,A,71,LEU,3.8,166.7,0.0,0,0,H,0.13414634146341464,-58.3,-45.1,14.0,24.0,0.3684210526315789,2.162084449487406,30,36,31,5,0.043829779249916496,1,0,0,0,0,0,0,0,0,-1,0,0,0,0,0
1l6g,A,72,ALA,1.8,88.6,0.0,0,0,H,0.08490566037735849,-60.1,-41.0,20.0,13.0,0.6060606060606061,1.9491748302850727,26,27,34,-7,0.03963331102386066,1,0,0,0,0,0,0,0,0,-1,0,0,0,0,0
1l6g,A,73,LEU,3.8,166.7,0.0,0,0,H,0.006097560975609756,-64.0,-34.9,30.0,9.0,0.7692307692307693,2.9519747715190023,37,34,37,-3,0.04429605349725603,1,0,0,0,0,0,0,0,0,-1,0,0,0,0,0
1l6g,A,74,ARG,-4.5,173.4,1.0,5,0,H,0.08870967741935484,-67.9,-48.1,16.0,12.0,0.5714285714285714,2.3638655939606785,29,18,25,-7,0.04196468226055834,1,0,0,0,0,0,0,0,0,13,183,5,0,9,1
1l6g,A,75,GLU,-3.5,138.4,-1.0,1,3,H,0.5567010309278351,-60.6,-39.4,9.0,8.0,0.5294117647058824,1.729892879491744,20,24,11,13,0.026577632098353617,1,0,0,0,0,0,0,0,0,-1,0,0,0,0,0
1l6g,A,76,LYS,-3.9,168.6,1.0,2,0,T,0.43414634146341463,-74.0,2.1,15.0,5.0,0.75,1.8988764077981566,24,25,23,2,0.029375277582390842,0,0,0,0,0,1,0,0,0,-1,0,0,0,0,0
1l6g,A,77,GLY,-0.4,60.1,0.0,0,0,T,0.5714285714285714,98.1,14.0,4.0,12.0,0.25,1.769117013889672,20,32,19,13,0.027043906345693154,0,0,0,0,0,1,0,0,0,-1,0,0,0,0,0
1l6g,A,78,ILE,4.5,166.7,0.0,0,0,-,0.03550295857988166,-85.7,128.6,24.0,4.0,0.8571428571428571,2.1687878262229154,29,38,24,14,0.03730193978716297,0,0,0,0,0,0,0,0,0,13,183,5,0,9,1
1l6g,A,79,GLU,-3.5,138.4,-1.0,1,3,-,0.7268041237113402,-108.3,-13.7,0.0,22.0,0.0,1.7454144205004247,16,28,4,24,0.02797645484037223,0,0,0,0,0,0,0,0,0,13,183,5,0,9,1
1l6g,A,80,ALA,1.8,88.6,0.0,0,0,S,0.16981132075471697,-61.4,155.8,16.0,11.0,0.5925925925925926,2.258288718950584,25,36,9,27,0.032639197313767604,0,0,0,0,0,0,1,0,0,13,183,5,0,9,1
1l6g,A,81,PRO,-1.6,112.7,0.0,0,0,-,0.39705882352941174,-62.2,140.6,10.0,22.0,0.3125,2.3124509811512794,29,37,10,27,0.03916703677652112,0,0,0,0,0,0,0,0,0,-1,0,0,0,0,0
1l6g,A,82,ILE,4.5,166.7,0.0,0,0,E,0.01775147928994083,-126.3,137.5,22.0,20.0,0.5238095238095238,3.2736791899726194,36,37,13,24,0.048026247475972325,0,0,1,0,0,0,0,0,0,13,183,5,0,9,1
1l6g,A,83,LEU,3.8,166.7,0.0,0,0,E,0.006097560975609756,-118.2,132.7,20.0,26.0,0.43478260869565216,4.682648795235715,39,45,5,40,0.04616115048661418,0,0,1,0,0,0,0,0,0,-1,0,0,0,0,0
1l6g,A,84,VAL,4.2,140.0,0.0,0,0,E,0.0,-92.2,116.9,23.0,17.0,0.575,5.600934666046821,40,24,12,12,0.05035761871267001,0,0,1,0,0,0,0,0,0,-1,0,0,0,0,0
1l6g,A,85,LEU,3.8,166.7,0.0,0,0,-,0.12195121951219512,-76.1,-26.4,18.0,24.0,0.42857142857142855,2.312375387837901,38,45,10,35,0.04149840801321881,0,0,0,0,0,0,0,0,0,-1,0,0,0,0,0
1l6g,A,86,GLY,-0.4,60.1,0.0,0,0,S,0.08333333333333333,-96.8,-157.2,22.0,19.0,0.5365853658536586,2.8467895168760315,35,28,11,17,0.03963331102386066,0,0,0,0,0,0,1,0,0,-1,0,0,0,0,0
1l6g,A,87,ALA,1.8,88.6,0.0,0,0,-,0.19811320754716982,-80.9,158.6,21.0,22.0,0.4883720930232558,2.000997049832361,38,33,18,15,0.04103213376587927,0,0,0,0,0,0,0,0,0,-1,0,0,0,0,0
1l6g,A,88,SER,-0.8,89.0,0.0,1,1,-,0.11538461538461539,-149.5,162.6,27.0,17.0,0.6136363636363636,1.841181344255487,36,28,16,12,0.04289723075523742,0,0,0,0,0,0,0,0,0,-1,0,0,0,0,0
1l6g,A,89,ARG,-4.5,173.4,1.0,5,0,-,0.23387096774193547,-87.3,139.9,12.0,21.0,0.36363636363636365,2.1770824639869804,24,22,25,-3,0.03310547156110714,0,0,0,0,0,0,0,0,0,-1,0,0,0,0,0
1l6g,A,90,PRO,-1.6,112.7,0.0,0,0,G,0.16176470588235295,-57.9,-31.8,14.0,17.0,0.45161290322580644,2.157585826029856,31,13,29,-16,0.03823448828184205,0,0,0,1,0,0,0,0,0,3,3390,8,0,386,1
1l6g,A,91,ALA,1.8,88.6,0.0,0,0,G,0.6698113207547169,-67.9,-15.4,2.0,20.0,0.09090909090909091,1.7676059131271604,22,20,18,2,0.03124037457174899,0,0,0,1,0,0,0,0,0,-1,0,0,0,0,0
1l6g,A,92,ASP,-3.5,111.1,-1.0,1,3,G,0.12883435582822086,-96.4,5.6,16.0,15.0,0.5161290322580645,2.309366316165512,29,23,9,14,0.0363693912924839,0,0,0,1,0,0,0,0,0,-1,0,0,0,0,0
1l6g,A,93,ALA,1.8,88.6,0.0,0,0,H,0.009433962264150943,-57.5,-46.3,22.0,17.0,0.5641025641025641,2.4929482528216727,34,20,10,10,0.04709369898129325,1,0,0,0,0,0,0,0,0,3,3390,8,0,386,1
1l6g,A,94,ALA,1.8,88.6,0.0,0,0,H,0.39622641509433965,-61.5,-42.1,8.0,22.0,0.26666666666666666,1.8842445213125725,30,10,8,2,0.03916703677652112,1,0,0,0,0,0,0,0,0,3,3390,8,0,386,1
1l6g,A,95,LEU,3.8,166.7,0.0,0,0,H,0.3353658536585366,-62.4,-43.8,11.0,18.0,0.3793103448275862,2.271377587648673,25,18,12,6,0.03403802005578621,1,0,0,0,0,0,0,0,0,-1,0,0,0,0,0
1l6g,A,96,ALA,1.8,88.6,0.0,0,0,H,0.0,-64.2,-47.3,26.0,11.0,0.7027027027027027,3.1841738992285418,32,32,9,23,0.043363505002576956,1,0,0,0,0,0,0,0,0,-1,0,0,0,0,0
1l6g,A,97,ALA,1.8,88.6,0.0,0,0,H,0.05660377358490566,-59.7,-38.7,17.0,15.0,0.53125,2.242599303868313,27,29,5,24,0.048492521723311866,1,0,0,0,0,0,0,0,0,-1,0,0,0,0,0
1l6g,A,98,GLN,-3.5,143.8,0.0,2,2,H,0.5353535353535354,-66.5,-39.8,6.0,14.0,0.3,2.011621398573334,17,14,2,12,0.03590311704514436,1,0,0,0,0,0,0,0,0,-1,0,0,0,0,0
1l6g,A,99,GLN,-3.5,143.8,0.0,2,2,T,0.30808080808080807,-89.3,8.1,20.0,10.0,0.6666666666666666,2.0416105672139917,24,22,12,10,0.035436842797804825,0,0,0,0,0,1,0,0,0,13,183,5,0,9,1
1l6g,A,100,ARG,-4.5,173.4,1.0,5,0,T,0.5282258064516129,56.8,52.5,7.0,21.0,0.25,1.884390490010646,21,18,9,9,0.03823448828184205,0,0,0,0,0,1,0,0,0,13,183,5,0,9,1
1l6g,A,101,ILE,4.5,166.7,0.0,0,0,E,0.023668639053254437,-117.1,125.4,24.0,17.0,0.5853658536585366,2.9419291735496937,40,32,13,19,0.048492521723311866,0,0,1,0,0,0,0,0,0,-1,0,0,0,0,0
1l6g,A,102,ALA,1.8,88.6,0.0,0,0,E,0.08490566037735849,-81.0,144.4,20.0,25.0,0.4444444444444444,2.6560468700880153,44,39,10,29,0.04942507021799094,0,0,1,0,0,0,0,0,0,-1,0,0,0,0,0
1l6g,A,103,LEU,3.8,166.7,0.0,0,0,E,0.012195121951219513,-117.2,148.3,21.0,24.0,0.4666666666666667,4.258437890692623,42,26,10,16,0.04755997322863279,0,0,1,0,0,0,0,0,0,-1,0,0,0,0,0
1l6g,A,104,THR,-0.7,116.1,0.0,1,1,E,0.07042253521126761,-87.5,137.4,18.0,24.0,0.42857142857142855,2.713951550667866,38,24,0,24,0.04989134446533048,0,0,1,0,0,0,0,0,0,-1,0,0,0,0,0
1l6g,A,105,VAL,4.2,140.0,0.0,0,0,-,0.014084507042253521,-132.3,137.4,28.0,18.0,0.6086956521739131,2.511239526821175,41,23,11,12,0.04755997322863279,0,0,0,0,0,0,0,0,0,-1,0,0,0,0,0
1l6g,A,106,PHE,2.8,189.9,0.0,0,0,-,0.07106598984771574,-145.8,8.5,18.0,21.0,0.46153846153846156,1.9878452609416228,33,37,19,18,0.045694876239274644,0,0,0,0,0,0,0,0,0,-1,0,0,0,0,0
1l6g,A,107,ARG,-4.5,173.4,1.0,5,0,-,0.1693548387096774,-136.3,135.2,15.0,23.0,0.39473684210526316,2.019794238722563,31,18,30,-12,0.043829779249916496,0,0,0,0,0,0,0,0,0,-1,0,0,0,0,0
1l6g,A,108,SER,-0.8,89.0,0.0,1,1,H,0.08461538461538462,-73.8,-32.0,12.0,17.0,0.41379310344827586,2.420927873376852,26,29,40,-11,0.04429605349725603,1,0,0,0,0,0,0,0,0,-1,0,0,0,0,0
1l6g,A,109,ASP,-3.5,111.1,-1.0,1,3,H,0.32515337423312884,-67.5,-19.9,4.0,20.0,0.16666666666666666,1.7482423742892872,20,22,25,-3,0.03310547156110714,1,0,0,0,0,0,0,0,0,-1,0,0,0,0,0
1l6g,A,110,TRP,-0.9,227.8,0.0,1,0,H,0.14096916299559473,-72.1,-42.4,19.0,12.0,0.6129032258064516,2.2430558288693154,31,17,32,-15,0.03963331102386066,1,0,0,0,0,0,0,0,0,3,3390,8,0,386,1
1l6g,A,111,LEU,3.8,166.7,0.0,0,0,H,0.0,-67.6,-34.3,24.0,15.0,0.6153846153846154,4.4588778797344215,34,29,31,-2,0.04989134446533048,1,0,0,0,0,0,0,0,0,-1,0,0,0,0,0
1l6g,A,112,GLU,-3.5,138.4,-1.0,1,3,H,0.5721649484536082,-58.3,-49.8,4.0,20.0,0.16666666666666666,1.864722542067926,20,16,20,-4,0.03683566553982344,1,0,0,0,0,0,0,0,0,-1,0,0,0,0,0
1l6g,A,113,GLU,-3.5,138.4,-1.0,1,3,H,0.5670103092783505,-60.2,-49.9,10.0,10.0,0.5,1.828221020082478,20,9,18,-9,0.03823448828184205,1,0,0,0,0,0,0,0,0,-1,0,0,0,0,0
1l6g,A,114,ALA,1.8,88.6,0.0,0,0,H,0.0,-62.0,-36.1,24.0,8.0,0.75,3.448180900114682,29,16,26,-10,0.04755997322863279,1,0,0,0,0,0,0,0,0,3,3390,8,0,386,1
1l6g,A,115,SER,-0.8,89.0,0.0,1,1,H,0.25384615384615383,-57.5,-55.1,13.0,16.0,0.4482758620689655,2.0942842154154975,25,28,20,8,0.03823448828184205,1,0,0,0,0,0,0,0,0,3,3390,8,0,386,1
1l6g,A,116,ALA,1.8,88.6,0.0,0,0,H,0.8962264150943396,-58.5,-23.4,5.0,12.0,0.29411764705882354,1.7772666474762453,18,7,16,-9,0.022847438119637322,1,0,0,0,0,0,0,0,0,-1,0,0,0,0,0
1l6g,A,117,LEU,3.8,166.7,0.0,0,0,H,0.676829268292683,-101.0,-17.7,12.0,7.0,0.631578947368421,1.8830340899699753,20,5,19,-14,0.02844272908771177,1,0,0,0,0,0,0,0,0,3,3390,8,0,386,1
1l6g,A,118,TYR,-1.3,193.6,0.0,1,1,-,0.07207207207207207,-119.1,131.4,23.0,3.0,0.8846153846153846,2.254376333330165,29,20,6,14,0.03590311704514436,0,0,0,0,0,0,0,0,0,3,3390,8,0,386,1
1l6g,A,119,SER,-0.8,89.0,0.0,1,1,-,0.7846153846153846,-119.6,-16.0,0.0,20.0,0.0,1.739589096671348,17,19,0,19,0.030307826077069916,0,0,0,0,0,0,0,0,0,3,3390,8,0,386,1
1l6g,A,120,GLY,-0.4,60.1,0.0,0,0,-,0.2261904761904762,130.9,-167.1,4.0,17.0,0.19047619047619047,1.7915256470933218,18,17,0,17,0.03403802005578621,0,0,0,0,0,0,0,0,0,-1,0,0,0,0,0
1l6g,A,121,PRO,-1.6,112.7,0.0,0,0,S,0.7279411764705882,-85.5,-15.3,0.0,14.0,0.0,1.8338845197405662,13,13,0,13,0.024246260861655933,0,0,0,0,0,0,1,0,0,-1,0,0,0,0,0
1l6g,A,122,PHE,2.8,189.9,0.0,0,0,S,0.4467005076142132,-73.8,139.7,12.0,10.0,0.5454545454545454,2.15394731980173,18,21,0,21,0.032172923066428064,0,0,0,0,0,0,1,0,0,-1,0,0,0,0,0
1l6g,A,123,PRO,-1.6,112.7,0.0,0,0,-,0.4485294117647059,-84.9,146.3,6.0,22.0,0.21428571428571427,2.0869758531797777,24,34,2,32,0.03963331102386066,0,0,0,0,0,0,0,0,0,28,10,9,0,1,1
1l6g,A,124,ILE,4.5,166.7,0.0,0,0,E,0.0,-106.7,126.2,24.0,14.0,0.631578947368421,3.0006449339459014,36,38,9,29,0.05035761871267001,0,0,1,0,0,0,0,0,0,28,10,9,0,1,1
1l6g,A,125,HIS,-3.2,153.2,0.1,2,1,E,0.391304347826087,-96.1,120.4,15.0,21.0,0.4166666666666667,2.0883351151159415,31,25,9,16,0.045228601991935104,0,0,1,0,0,0,0,0,0,28,10,9,0,1,1
1l6g,A,126,PHE,2.8,189.9,0.0,0,0,E,0.0,-107.6,150.3,19.0,23.0,0.4523809523809524,5.417627462945552,36,29,10,19,0.053155264196707235,0,0,1,0,0,0,0,0,0,3,3390,8,0,386,1
1l6g,A,127,HIS,-3.2,153.2,0.1,2,1,E,0.0,-124.4,119.8,18.0,21.0,0.46153846153846156,4.41829002052708,34,29,9,20,0.0526889899493677,0,0,1,0,0,0,0,0,0,-1,0,0,0,0,0
1l6g,A,128,LEU,3.8,166.7,0.0,0,0,-,0.012195121951219513,-80.2,360.0,27.0,21.0,0.5625,3.2579736753652835,41,25,11,14,0.048492521723311866,0,0,0,0,0,0,0,0,0,-1,0,0,0,0,0
1l6g,A,130,MET,1.9,162.9,0.0,0,0,-,0.05319148936170213,360.0,130.2,21.0,19.0,0.525,3.5186564456561156,39,36,17,19,0.04755997322863279,0,0,0,0,0,0,0,0,0,-1,0,0,0,0,0
1l6g,A,131,ASP,-3.5,111.1,-1.0,1,3,-,0.03067484662576687,-89.7,116.9,20.0,18.0,0.5263157894736842,1.968170010143976,34,49,10,39,0.04429605349725603,0,0,0,0,0,0,0,0,0,-1,0,0,0,0,0
1l6g,A,132,THR,-0.7,116.1,0.0,1,1,S,0.028169014084507043,-113.2,7.3,21.0,15.0,0.5833333333333334,2.3558448350505423,35,39,11,28,0.04989134446533048,0,0,0,0,0,0,1,0,0,-1,0,0,0,0,0
1l6g,A,133,GLY,-0.4,60.1,0.0,0,0,S,0.10714285714285714,147.4,-2.3,17.0,22.0,0.4358974358974359,2.009049997121286,36,42,17,25,0.045694876239274644,0,0,0,0,0,0,1,0,0,-1,0,0,0,0,0
1l6g,A,134,MET,1.9,162.9,0.0,0,0,-,0.031914893617021274,-81.6,-31.6,20.0,22.0,0.47619047619047616,2.8253733403282846,39,41,10,31,0.05035761871267001,0,0,0,0,0,0,0,0,0,36,0,18,0,0,1
1l6g,A,135,GLY,-0.4,60.1,0.0,0,0,-,0.011904761904761904,74.6,11.5,27.0,20.0,0.574468085106383,2.803025745193218,39,54,16,38,0.04429605349725603,0,0,0,0,0,0,0,0,0,-1,0,0,0,0,0
1l6g,A,136,ARG,-4.5,173.4,1.0,5,0,S,0.11290322580645161,-91.1,-80.2,20.0,27.0,0.425531914893617,2.438941011189853,43,28,14,14,0.04196468226055834,0,0,0,0,0,0,1,0,0,36,0,18,0,0,1
1l6g,A,137,LEU,3.8,166.7,0.0,0,0,S,0.1402439024390244,-125.6,166.4,19.0,21.0,0.475,2.181183726846588,36,46,8,38,0.04196468226055834,0,0,0,0,0,0,1,0,0,-1,0,0,0,0,0
1l6g,A,138,GLY,-0.4,60.1,0.0,0,0,S,0.047619047619047616,118.3,154.8,15.0,21.0,0.4166666666666667,1.9264683109161487,34,50,23,27,0.040565859518539735,0,0,0,0,0,0,1,0,0,-1,0,0,0,0,0
1l6g,A,139,VAL,4.2,140.0,0.0,0,0,-,0.02112676056338028,-73.8,152.9,24.0,14.0,0.631578947368421,2.7858233601813724,34,40,36,4,0.04709369898129325,0,0,0,0,0,0,0,0,0,24,24,8,0,2,1
1l6g,A,140,LYS,-3.9,168.6,1.0,2,0,-,0.2146341463414634,-120.1,-24.0,12.0,22.0,0.35294117647058826,1.9509744610676196,29,31,34,-3,0.03776821403450251,0,0,0,0,0,0,0,0,0,24,24,8,0,2,1
1l6g,A,141,ASP,-3.5,111.1,-1.0,1,3,S,0.4294478527607362,-125.2,162.3,6.0,21.0,0.2222222222222222,2.112256767429263,22,34,32,2,0.03450429430312575,0,0,0,0,0,0,1,0,0,24,24,8,0,2,1
1l6g,A,142,GLU,-3.5,138.4,-1.0,1,3,H,0.4845360824742268,-67.5,-36.0,7.0,15.0,0.3181818181818182,1.869643521510569,20,32,30,2,0.03590311704514436,1,0,0,0,0,0,0,0,0,24,24,8,0,2,1
1l6g,A,143,GLU,-3.5,138.4,-1.0,1,3,H,0.5876288659793815,-61.7,-48.1,0.0,16.0,0.0,1.7590461725313267,12,24,26,-2,0.03124037457174899,1,0,0,0,0,0,0,0,0,-1,0,0,0,0,0
1l6g,A,144,GLU,-3.5,138.4,-1.0,1,3,H,0.15979381443298968,-65.9,-38.8,14.0,12.0,0.5384615384615384,2.4737437127697084,26,38,32,6,0.03963331102386066,1,0,0,0,0,0,0,0,0,-1,0,0,0,0,0
1l6g,A,145,THR,-0.7,116.1,0.0,1,1,H,0.0,-61.7,-55.3,15.0,15.0,0.5,4.666409413516602,30,29,39,-10,0.05129016720734909,1,0,0,0,0,0,0,0,0,24,24,8,0,2,1
1l6g,A,146,LYS,-3.9,168.6,1.0,2,0,H,0.40487804878048783,-57.0,-36.6,5.0,20.0,0.2,2.044613312916589,23,11,39,-28,0.04103213376587927,1,0,0,0,0,0,0,0,0,-1,0,0,0,0,0
1l6g,A,147,ARG,-4.5,173.4,1.0,5,0,H,0.43951612903225806,-62.1,-44.9,12.0,13.0,0.48,1.85938304947134,20,16,44,-28,0.03776821403450251,1,0,0,0,0,0,0,0,0,-1,0,0,0,0,0
1l6g,A,148,ILE,4.5,166.7,0.0,0,0,H,0.0,-63.5,-44.7,23.0,14.0,0.6216216216216216,4.720673958516385,33,31,40,-9,0.04662742473395372,1,0,0,0,0,0,0,0,0,-1,0,0,0,0,0
1l6g,A,149,VAL,4.2,140.0,0.0,0,0,H,0.06338028169014084,-58.4,-43.5,14.0,21.0,0.4,2.5455540941792023,30,24,18,6,0.040099585271200194,1,0,0,0,0,0,0,0,0,-1,0,0,0,0,0
1l6g,A,150,ALA,1.8,88.6,0.0,0,0,H,0.42452830188679247,-61.9,-52.9,7.0,16.0,0.30434782608695654,1.9529647366762872,20,34,14,20,0.03357174580844668,1,0,0,0,0,0,0,0,0,-1,0,0,0,0,0
1l6g,A,151,LEU,3.8,166.7,0.0,0,0,H,0.04878048780487805,-53.6,-46.6,17.0,11.0,0.6071428571428571,2.0444015167419343,26,35,28,7,0.04196468226055834,1,0,0,0,0,0,0,0,0,-1,0,0,0,0,0
1l6g,A,152,ILE,4.5,166.7,0.0,0,0,H,0.01775147928994083,-60.9,-45.1,17.0,16.0,0.5151515151515151,2.985478314887384,32,42,12,30,0.04709369898129325,1,0,0,0,0,0,0,0,0,-1,0,0,0,0,0
1l6g,A,153,GLU,-3.5,138.4,-1.0,1,3,H,0.6237113402061856,-60.1,-44.5,8.0,15.0,0.34782608695652173,1.781549550778963,19,26,0,26,0.032172923066428064,1,0,0,0,0,0,0,0,0,-1,0,0,0,0,0
1l6g,A,154,ARG,-4.5,173.4,1.0,5,0,H,0.75,-57.5,-50.2,8.0,9.0,0.47058823529411764,1.826078953868523,15,16,13,3,0.030307826077069916,1,0,0,0,0,0,0,0,0,-1,0,0,0,0,0
1l6g,A,155,HIS,-3.2,153.2,0.1,2,1,S,0.1358695652173913,-72.0,130.9,22.0,4.0,0.8461538461538461,1.9429288532037916,26,21,9,12,0.034970568550465285,0,0,0,0,0,0,1,0,0,3,3390,8,0,386,1
1l6g,A,156,PRO,-1.6,112.7,0.0,0,0,T,0.7794117647058824,-69.4,-20.5,4.0,15.0,0.21052631578947367,1.887223750471536,18,28,6,22,0.025645083603674543,0,0,0,0,0,1,0,0,0,-1,0,0,0,0,0
1l6g,A,157,HIS,-3.2,153.2,0.1,2,1,T,0.2391304347826087,-107.4,6.9,14.0,13.0,0.5185185185185185,2.264763500266903,21,19,2,17,0.04289723075523742,0,0,0,0,0,1,0,0,0,28,10,9,0,1,1
1l6g,A,158,PHE,2.8,189.9,0.0,0,0,E,0.050761421319796954,-101.4,125.7,17.0,17.0,0.5,3.473248605051395,36,38,13,25,0.04755997322863279,0,0,1,0,0,0,0,0,0,28,10,9,0,1,1
1l6g,A,159,VAL,4.2,140.0,0.0,0,0,E,0.3732394366197183,-124.8,130.9,13.0,19.0,0.40625,2.461110843576386,29,34,17,17,0.03963331102386066,0,0,1,0,0,0,0,0,0,28,10,9,0,1,1
1l6g,A,160,LEU,3.8,166.7,0.0,0,0,E,0.17073170731707318,-91.4,95.6,19.0,17.0,0.5277777777777778,2.225400118700115,33,29,17,12,0.04243095650789788,0,0,1,0,0,0,0,0,0,28,10,9,0,1,1
1l6g,A,161,GLU,-3.5,138.4,-1.0,1,3,E,0.15979381443298968,-81.9,-27.3,14.0,17.0,0.45161290322580644,2.11041692972591,31,35,0,35,0.04103213376587927,0,0,1,0,0,0,0,0,0,-1,0,0,0,0,0
1l6g,A,162,GLY,-0.4,60.1,0.0,0,0,E,0.0,-165.5,174.5,15.0,16.0,0.4838709677419355,5.0067151058765855,35,41,9,32,0.048026247475972325,0,0,1,0,0,0,0,0,0,-1,0,0,0,0,0
1l6g,A,163,LEU,3.8,166.7,0.0,0,0,E,0.0,-149.4,142.1,22.0,21.0,0.5116279069767442,5.345799492657163,38,35,8,27,0.04942507021799094,0,0,1,0,0,0,0,0,0,-1,0,0,0,0,0
1l6g,A,164,TYR,-1.3,193.6,0.0,1,1,E,0.1036036036036036,-153.4,177.0,23.0,22.0,0.5111111111111111,2.2081535568523707,38,42,6,36,0.045694876239274644,0,0,1,0,0,0,0,0,0,-1,0,0,0,0,0
1l6g,A,165,THR,-0.7,116.1,0.0,1,1,-,0.035211267605633804,-141.0,177.0,22.0,22.0,0.5,2.4359971232107855,39,37,8,29,0.048026247475972325,0,0,0,0,0,0,0,0,0,-1,0,0,0,0,0
1l6g,A,166,HIS,-3.2,153.2,0.1,2,1,-,0.15217391304347827,-141.1,138.7,11.0,26.0,0.2972972972972973,1.8915852045696784,34,30,7,23,0.04662742473395372,0,0,0,0,0,0,0,0,0,36,0,18,0,0,1
1l6g,A,167,PHE,2.8,189.9,0.0,0,0,-,0.01015228426395939,-91.7,144.1,23.0,19.0,0.5476190476190477,3.9022900429891947,41,23,9,14,0.04989134446533048,0,0,0,0,0,0,0,0,0,36,0,18,0,0,1
1l6g,A,168,ALA,1.8,88.6,0.0,0,0,S,0.009433962264150943,-96.4,-20.4,21.0,18.0,0.5384615384615384,2.4255105072464787,36,32,18,14,0.04942507021799094,0,0,0,0,0,0,1,0,0,36,0,18,0,0,1
1l6g,A,169,THR,-0.7,116.1,0.0,1,1,S,0.014084507042253521,-135.9,34.1,18.0,17.0,0.5142857142857142,2.1078063647474665,33,18,23,-5,0.043363505002576956,0,0,0,0,0,0,1,0,0,-1,0,0,0,0,0
1l6g,A,170,ALA,1.8,88.6,0.0,0,0,T,0.009433962264150943,-71.9,-12.0,17.0,19.0,0.4722222222222222,2.3090647778862063,35,19,19,0,0.048026247475972325,0,0,0,0,0,1,0,0,0,-1,0,0,0,0,0
1l6g,A,171,ASP,-3.5,111.1,-1.0,1,3,T,0.2392638036809816,-99.9,12.2,15.0,20.0,0.42857142857142855,1.7723151243505972,33,14,9,5,0.04103213376587927,0,0,0,0,0,1,0,0,0,-1,0,0,0,0,0
1l6g,A,172,GLU,-3.5,138.4,-1.0,1,3,S,0.37628865979381443,-100.0,139.5,13.0,14.0,0.48148148148148145,2.085390279730756,27,9,14,-5,0.03403802005578621,0,0,0,0,0,0,1,0,0,-1,0,0,0,0,0
1l6g,A,173,VAL,4.2,140.0,0.0,0,0,S,0.6056338028169014,-59.7,-47.2,6.0,17.0,0.2608695652173913,1.9345219589009324,19,8,22,-14,0.029375277582390842,0,0,0,0,0,0,1,0,0,-1,0,0,0,0,0
1l6g,A,174,ASN,-3.5,114.1,0.0,2,2,S,0.5987261146496815,-70.6,123.4,3.0,11.0,0.21428571428571427,1.7882021074306522,15,5,22,-17,0.024246260861655933,0,0,0,0,0,0,1,0,0,-1,0,0,0,0,0
1l6g,A,175,THR,-0.7,116.1,0.0,1,1,-,0.2887323943661972,-98.9,28.0,8.0,14.0,0.36363636363636365,1.8861116941608718,18,7,21,-14,0.03590311704514436,0,0,0,0,0,0,0,0,0,-1,0,0,0,0,0
1l6g,A,176,ASP,-3.5,111.1,-1.0,1,3,H,0.6932515337423313,-64.6,-58.6,3.0,15.0,0.16666666666666666,1.7186640488554807,13,2,7,-5,0.02611135785101408,1,0,0,0,0,0,0,0,0,-1,0,0,0,0,0
1l6g,A,177,TYR,-1.3,193.6,0.0,1,1,H,0.1981981981981982,-64.4,-38.3,17.0,10.0,0.6296296296296297,2.2953561798340867,32,15,17,-2,0.03963331102386066,1,0,0,0,0,0,0,0,0,-1,0,0,0,0,0
1l6g,A,178,PHE,2.8,189.9,0.0,0,0,H,0.08121827411167512,-58.8,-40.0,15.0,18.0,0.45454545454545453,3.022751770180929,30,20,20,0,0.04709369898129325,1,0,0,0,0,0,0,0,0,0,16253,10,0,2445,1
1l6g,A,179,SER,-0.8,89.0,0.0,1,1,H,0.4230769230769231,-67.8,-41.2,4.0,19.0,0.17391304347826086,1.9600298685130177,18,11,8,3,0.03590311704514436,1,0,0,0,0,0,0,0,0,-1,0,0,0,0,0
1l6g,A,180,TYR,-1.3,193.6,0.0,1,1,H,0.49099099099099097,-58.1,-50.9,11.0,11.0,0.5,1.8488571039598565,25,20,13,7,0.03683566553982344,1,0,0,0,0,0,0,0,0,-1,0,0,0,0,0
1l6g,A,181,GLN,-3.5,143.8,0.0,2,2,H,0.0,-59.1,-47.2,23.0,9.0,0.71875,4.277618957461742,29,19,12,7,0.053155264196707235,1,0,0,0,0,0,0,0,0,-1,0,0,0,0,0
1l6g,A,182,TYR,-1.3,193.6,0.0,1,1,H,0.14864864864864866,-61.6,-38.0,13.0,21.0,0.38235294117647056,2.4243179002984947,27,23,4,19,0.04709369898129325,1,0,0,0,0,0,0,0,0,0,16253,10,0,2445,1
1l6g,A,183,THR,-0.7,116.1,0.0,1,1,H,0.6267605633802817,-71.6,-40.1,6.0,15.0,0.2857142857142857,2.0451479148691716,20,22,3,19,0.0363693912924839,1,0,0,0,0,0,0,0,0,-1,0,0,0,0,0
1l6g,A,184,ARG,-4.5,173.4,1.0,5,0,H,0.29838709677419356,-59.3,-41.0,17.0,9.0,0.6538461538461539,2.104774199606649,26,19,15,4,0.04289723075523742,1,0,0,0,0,0,0,0,0,24,24,8,0,2,1
1l6g,A,185,PHE,2.8,189.9,0.0,0,0,H,0.0,-58.6,-52.9,19.0,16.0,0.5428571428571428,4.999405099879393,34,34,10,24,0.05035761871267001,1,0,0,0,0,0,0,0,0,-1,0,0,0,0,0
1l6g,A,186,LEU,3.8,166.7,0.0,0,0,H,0.40853658536585363,-57.6,-32.5,7.0,18.0,0.28,2.0954816299609473,22,25,9,16,0.03870076252918159,1,0,0,0,0,0,0,0,0,-1,0,0,0,0,0
1l6g,A,187,HIS,-3.2,153.2,0.1,2,1,H,0.5380434782608695,-71.8,-45.3,10.0,8.0,0.5555555555555556,1.9198735879938897,18,13,19,-6,0.03823448828184205,1,0,0,0,0,0,0,0,0,-1,0,0,0,0,0
1l6g,A,188,MET,1.9,162.9,0.0,0,0,H,0.0,-70.5,-32.5,20.0,9.0,0.6896551724137931,3.785165613433381,28,32,30,2,0.04755997322863279,1,0,0,0,0,0,0,0,0,24,24,8,0,2,1
1l6g,A,189,LEU,3.8,166.7,0.0,0,0,H,0.08536585365853659,-57.4,-27.1,15.0,17.0,0.46875,2.3954448955140517,31,31,9,22,0.04289723075523742,1,0,0,0,0,0,0,0,0,-1,0,0,0,0,0
1l6g,A,190,GLU,-3.5,138.4,-1.0,1,3,T,0.7680412371134021,-65.9,-22.8,6.0,12.0,0.3333333333333333,1.7606571739688865,18,21,5,16,0.03357174580844668,0,0,0,0,0,1,0,0,0,-1,0,0,0,0,0
1l6g,A,191,TRP,-0.9,227.8,0.0,1,0,T,0.1013215859030837,-68.9,-18.1,20.0,6.0,0.7692307692307693,2.3853744202804643,23,34,37,-3,0.03776821403450251,0,0,0,0,0,1,0,0,0,24,24,8,0,2,1
1l6g,A,192,LEU,3.8,166.7,0.0,0,0,S,0.08536585365853659,-83.2,132.8,16.0,13.0,0.5517241379310345,2.3531581255244722,27,21,20,1,0.03823448828184205,0,0,0,0,0,0,1,0,0,-1,0,0,0,0,0
1l6g,A,193,PRO,-1.6,112.7,0.0,0,0,S,0.5661764705882353,-57.6,-36.3,8.0,9.0,0.47058823529411764,1.9164605442176141,17,16,15,1,0.020516066882939634,0,0,0,0,0,0,1,0,0,-1,0,0,0,0,0
1l6g,A,194,SER,-0.8,89.0,0.0,1,1,S,0.6230769230769231,-149.6,146.5,6.0,12.0,0.3333333333333333,1.8506893669478022,16,13,10,3,0.020516066882939634,0,0,0,0,0,0,1,0,0,-1,0,0,0,0,0
1l6g,A,195,ARG,-4.5,173.4,1.0,5,0,-,0.5241935483870968,-74.3,124.9,9.0,14.0,0.391304347826087,1.8316803548213434,18,2,8,-6,0.03124037457174899,0,0,0,0,0,0,0,0,0,-1,0,0,0,0,0
1l6g,A,196,PRO,-1.6,112.7,0.0,0,0,-,0.051470588235294115,-63.9,156.6,20.0,4.0,0.8333333333333334,2.04273551184599,24,25,10,15,0.034970568550465285,0,0,0,0,0,0,0,0,0,-1,0,0,0,0,0
1l6g,A,197,PRO,-1.6,112.7,0.0,0,0,S,0.6911764705882353,-61.0,-21.0,6.0,15.0,0.2857142857142857,1.9259224945958822,20,31,9,22,0.027510180593032695,0,0,0,0,0,0,1,0,0,-1,0,0,0,0,0
1l6g,A,198,LEU,3.8,166.7,0.0,0,0,E,0.06707317073170732,-123.3,104.1,20.0,13.0,0.6060606060606061,3.1178073747255395,31,51,10,41,0.04709369898129325,0,0,1,0,0,0,0,0,0,-1,0,0,0,0,0
1l6g,A,199,VAL,4.2,140.0,0.0,0,0,E,0.0,-108.0,126.6,10.0,21.0,0.3225806451612903,4.3661276704435314,31,39,5,34,0.0526889899493677,0,0,1,0,0,0,0,0,0,-1,0,0,0,0,0
1l6g,A,200,HIS,-3.2,153.2,0.1,2,1,E,0.0,-144.4,159.3,18.0,19.0,0.4864864864864865,6.031280809640621,38,43,5,38,0.05595290968074446,0,0,1,0,0,0,0,0,0,-1,0,0,0,0,0
1l6g,A,201,CYS,2.5,108.5,0.0,1,0,-,0.007407407407407408,-162.2,-26.5,23.0,21.0,0.5227272727272727,5.437066333908096,35,37,0,37,0.053155264196707235,0,0,0,0,0,0,0,0,0,0,16253,10,0,2445,1
1l6g,A,202,ALA,1.8,88.6,0.0,0,0,-,0.018867924528301886,-77.9,138.6,21.0,20.0,0.5121951219512195,4.680200695122853,39,42,2,40,0.04942507021799094,0,0,0,0,0,0,0,0,0,0,16253,10,0,2445,1
1l6g,A,203,ASN,-3.5,114.1,0.0,2,2,-,0.14012738853503184,-107.1,-162.5,12.0,25.0,0.32432432432432434,2.650093033285055,37,33,7,26,0.043829779249916496,0,0,0,0,0,0,0,0,0,-1,0,0,0,0,0
1l6g,A,204,SER,-0.8,89.0,0.0,1,1,H,0.023076923076923078,-54.9,-61.9,18.0,23.0,0.43902439024390244,2.5468554162607524,42,19,7,12,0.04429605349725603,1,0,0,0,0,0,0,0,0,-1,0,0,0,0,0
1l6g,A,205,ALA,1.8,88.6,0.0,0,0,H,0.009433962264150943,-52.3,-51.7,17.0,24.0,0.4146341463414634,3.352782273581621,40,18,13,5,0.04429605349725603,1,0,0,0,0,0,0,0,0,-1,0,0,0,0,0
1l6g,A,206,ALA,1.8,88.6,0.0,0,0,H,0.02830188679245283,-63.5,-40.7,23.0,21.0,0.5227272727272727,5.1773851389717525,37,29,14,15,0.048026247475972325,1,0,0,0,0,0,0,0,0,0,16253,10,0,2445,1
1l6g,A,207,SER,-0.8,89.0,0.0,1,1,H,0.0,-73.6,-28.8,26.0,14.0,0.65,5.4741646137114275,38,22,7,15,0.05129016720734909,1,0,0,0,0,0,0,0,0,-1,0,0,0,0,0
1l6g,A,208,LEU,3.8,166.7,0.0,0,0,H,0.042682926829268296,-80.7,-30.6,25.0,15.0,0.625,3.9443417458536443,37,13,2,11,0.043363505002576956,1,0,0,0,0,0,0,0,0,-1,0,0,0,0,0
1l6g,A,209,ARG,-4.5,173.4,1.0,5,0,H,0.1774193548387097,-85.4,-44.0,17.0,14.0,0.5483870967741935,2.2028485654882917,31,7,15,-8,0.03730193978716297,1,0,0,0,0,0,0,0,0,-1,0,0,0,0,0
1l6g,A,210,PHE,2.8,189.9,0.0,0,0,-,0.27411167512690354,-129.0,67.9,13.0,15.0,0.4642857142857143,2.275616357351817,27,22,10,12,0.03450429430312575,0,0,0,0,0,0,0,0,0,-1,0,0,0,0,0
1l6g,A,211,PRO,-1.6,112.7,0.0,0,0,G,0.19117647058823528,-60.9,-15.8,14.0,19.0,0.42424242424242425,2.065512418385963,24,19,8,11,0.03963331102386066,0,0,0,1,0,0,0,0,0,-1,0,0,0,0,0
1l6g,A,212,ASP,-3.5,111.1,-1.0,1,3,G,0.6748466257668712,-83.7,-7.9,0.0,19.0,0.0,1.6955396993539815,18,16,0,16,0.027510180593032695,0,0,0,1,0,0,0,0,0,-1,0,0,0,0,0
1l6g,A,213,ARG,-4.5,173.4,1.0,5,0,G,0.5282258064516129,-118.2,34.3,14.0,13.0,0.5185185185185185,2.010038154917385,18,4,8,-4,0.03403802005578621,0,0,0,1,0,0,0,0,0,0,16253,10,0,2445,1
1l6g,A,214,THR,-0.7,116.1,0.0,1,1,-,0.02112676056338028,-97.0,-14.7,25.0,12.0,0.6756756756756757,2.606529113920644,34,35,13,22,0.04942507021799094,0,0,0,0,0,0,0,0,0,-1,0,0,0,0,0
1l6g,A,215,PHE,2.8,189.9,0.0,0,0,T,0.2436548223350254,72.1,-134.8,20.0,14.0,0.5882352941176471,1.8741444779395393,29,29,11,18,0.03823448828184205,0,0,0,0,0,1,0,0,0,-1,0,0,0,0,0
1l6g,A,216,ASN,-3.5,114.1,0.0,2,2,T,0.22929936305732485,-92.1,-13.2,10.0,20.0,0.3333333333333333,2.3289401756424493,32,39,12,27,0.04243095650789788,0,0,0,0,0,1,0,0,0,-1,0,0,0,0,0
1l6g,A,217,MET,1.9,162.9,0.0,0,0,E,0.0,-159.0,143.3,18.0,20.0,0.47368421052631576,5.236017010565773,41,53,9,44,0.0526889899493677,0,0,1,0,0,0,0,0,0,-1,0,0,0,0,0
1l6g,A,218,VAL,4.2,140.0,0.0,0,0,E,0.0,-118.8,148.6,25.0,19.0,0.5681818181818182,5.971417805801546,40,45,2,43,0.05502036118606539,0,0,1,0,0,0,0,0,0,-1,0,0,0,0,0
1l6g,A,219,ARG,-4.5,173.4,1.0,5,0,E,0.04435483870967742,-106.0,98.2,18.0,28.0,0.391304347826087,2.3996055371480565,39,31,0,31,0.048492521723311866,0,0,1,0,0,0,0,0,0,-1,0,0,0,0,0
1l6g,A,220,PHE,2.8,189.9,0.0,0,0,E,0.0,-87.1,113.3,28.0,22.0,0.56,4.526471206959449,44,14,4,10,0.048026247475972325,0,0,1,0,0,0,0,0,0,-1,0,0,0,0,0
1l6g,A,221,GLY,-0.4,60.1,0.0,0,0,-,0.047619047619047616,-114.4,-101.1,18.0,25.0,0.4186046511627907,2.4411613636493925,40,22,0,22,0.045228601991935104,0,0,0,0,0,0,0,0,0,-1,0,0,0,0,0
1l6g,A,222,ILE,4.5,166.7,0.0,0,0,G,0.011834319526627219,-44.9,-41.4,20.0,24.0,0.45454545454545453,3.125785811614516,37,9,5,4,0.048958795970651406,0,0,0,1,0,0,0,0,0,15,24,18,0,6,1
1l6g,A,223,ALA,1.8,88.6,0.0,0,0,G,0.0,-67.7,-22.9,24.0,22.0,0.5217391304347826,4.829022835556444,41,9,7,2,0.04942507021799094,0,0,0,1,0,0,0,0,0,-1,0,0,0,0,0
1l6g,A,224,MET,1.9,162.9,0.0,0,0,G,0.0,-66.1,-30.2,25.0,28.0,0.4716981132075472,6.877993059799277,45,15,13,2,0.04989134446533048,0,0,0,1,0,0,0,0,0,-1,0,0,0,0,0
1l6g,A,225,TYR,-1.3,193.6,0.0,1,1,G,0.0045045045045045045,-89.0,5.9,23.0,22.0,0.5111111111111111,6.3390169598238755,42,17,10,7,0.053621538444046775,0,0,0,1,0,0,0,0,0,-1,0,0,0,0,0
1l6g,A,226,GLY,-0.4,60.1,0.0,0,0,T,0.07142857142857142,79.9,23.2,18.0,23.0,0.43902439024390244,2.9226751049669994,34,17,20,-3,0.045694876239274644,0,0,0,0,0,1,0,0,0,-1,0,0,0,0,0
1l6g,A,227,LEU,3.8,166.7,0.0,0,0,-,0.006097560975609756,-116.1,137.7,19.0,19.0,0.5,2.779790464737596,35,14,17,-3,0.04616115048661418,0,0,0,0,0,0,0,0,0,-1,0,0,0,0,0
1l6g,A,228,ALA,1.8,88.6,0.0,0,0,-,0.05660377358490566,-74.1,133.0,16.0,22.0,0.42105263157894735,2.0260958752458196,32,11,21,-10,0.04289723075523742,0,0,0,0,0,0,0,0,0,-1,0,0,0,0,0
1l6g,A,229,PRO,-1.6,112.7,0.0,0,0,S,0.04411764705882353,-49.3,-31.3,22.0,15.0,0.5945945945945946,2.6473614853153142,34,15,15,0,0.04429605349725603,0,0,0,0,0,0,1,0,0,15,24,18,0,6,1
1l6g,A,230,SER,-0.8,89.0,0.0,1,1,-,0.13076923076923078,-166.9,156.2,12.0,18.0,0.4,1.9896256031907207,28,15,20,-5,0.03590311704514436,0,0,0,0,0,0,0,0,0,-1,0,0,0,0,0
1l6g,A,231,PRO,-1.6,112.7,0.0,0,0,S,0.7279411764705882,-67.8,-28.0,6.0,14.0,0.3,1.8594093380269985,19,9,20,-11,0.02611135785101408,0,0,0,0,0,0,1,0,0,-1,0,0,0,0,0
1l6g,A,232,GLY,-0.4,60.1,0.0,0,0,T,0.44047619047619047,-61.7,-38.6,8.0,8.0,0.5,1.8185489587381167,16,15,16,-1,0.02984155182973038,0,0,0,0,0,1,0,0,0,-1,0,0,0,0,0
1l6g,A,233,ILE,4.5,166.7,0.0,0,0,T,0.0,-93.2,0.2,20.0,5.0,0.8,3.8458673505742578,27,19,14,5,0.043363505002576956,0,0,0,0,0,1,0,0,0,-1,0,0,0,0,0
1l6g,A,234,LYS,-3.9,168.6,1.0,2,0,G,0.45365853658536587,-46.7,-52.5,5.0,18.0,0.21739130434782608,2.0620471250050594,20,0,7,-7,0.032639197313767604,0,0,0,1,0,0,0,0,0,-1,0,0,0,0,0
1l6g,A,235,PRO,-1.6,112.7,0.0,0,0,G,0.7720588235294118,-69.5,-2.4,4.0,14.0,0.2222222222222222,1.854565523984353,12,14,0,14,0.02144861537761871,0,0,0,1,0,0,0,0,0,-1,0,0,0,0,0
1l6g,A,236,LEU,3.8,166.7,0.0,0,0,G,0.5182926829268293,-110.5,0.7,13.0,8.0,0.6190476190476191,1.9573744891030842,20,18,7,11,0.02611135785101408,0,0,0,1,0,0,0,0,0,-1,0,0,0,0,0
1l6g,A,237,LEU,3.8,166.7,0.0,0,0,-,0.20121951219512196,-69.9,132.3,20.0,10.0,0.6666666666666666,2.2226743795378243,25,18,0,18,0.03730193978716297,0,0,0,0,0,0,0,0,0,-1,0,0,0,0,0
1l6g,A,238,PRO,-1.6,112.7,0.0,0,0,S,0.4632352941176471,-60.5,-30.7,15.0,9.0,0.625,1.9371157550176665,23,12,0,12,0.02471253510899547,0,0,0,0,0,0,1,0,0,-1,0,0,0,0,0
1l6g,A,239,TYR,-1.3,193.6,0.0,1,1,S,0.11711711711711711,-145.2,153.8,15.0,10.0,0.6,2.5542633636646057,28,23,12,11,0.027043906345693154,0,0,0,0,0,0,1,0,0,-1,0,0,0,0,0
1l6g,A,240,PRO,-1.6,112.7,0.0,0,0,-,0.8088235294117647,-65.6,131.2,1.0,21.0,0.045454545454545456,2.051780725781509,17,11,8,3,0.024246260861655933,0,0,0,0,0,0,0,0,0,-1,0,0,0,0,0
1l6g,A,241,LEU,3.8,166.7,0.0,0,0,-,0.23780487804878048,-87.2,142.1,16.0,14.0,0.5333333333333333,2.043151509722397,30,18,16,2,0.03870076252918159,0,0,0,0,0,0,0,0,0,-1,0,0,0,0,0
1l6g,A,242,LYS,-3.9,168.6,1.0,2,0,-,0.3951219512195122,-105.1,111.1,13.0,16.0,0.4482758620689655,2.160263408487172,22,0,32,-32,0.03590311704514436,0,0,0,0,0,0,0,0,0,-1,0,0,0,0,0
1l6g,A,243,GLU,-3.5,138.4,-1.0,1,3,-,0.36082474226804123,-59.0,130.1,15.0,20.0,0.42857142857142855,1.7463585637873593,33,18,17,1,0.035436842797804825,0,0,0,0,0,0,0,0,0,-1,0,0,0,0,0
1l6g,A,244,ALA,1.8,88.6,0.0,0,0,-,0.04716981132075472,-102.0,-22.4,28.0,12.0,0.7,2.136361202175801,36,18,32,-14,0.045228601991935104,0,0,0,0,0,0,0,0,0,-1,0,0,0,0,0
1l6g,A,245,PHE,2.8,189.9,0.0,0,0,E,0.025380710659898477,-96.7,134.5,23.0,22.0,0.5111111111111111,3.9506434163038504,45,29,24,5,0.04476232774459557,0,0,1,0,0,0,0,0,0,-1,0,0,0,0,0
1l6g,A,246,SER,-0.8,89.0,0.0,1,1,E,0.16153846153846155,-144.8,150.6,21.0,21.0,0.5,2.6477257247736765,33,35,25,10,0.043829779249916496,0,0,1,0,0,0,0,0,0,-1,0,0,0,0,0
1l6g,A,247,LEU,3.8,166.7,0.0,0,0,E,0.0,-131.2,130.1,18.0,25.0,0.4186046511627907,6.4314534752323285,43,24,17,7,0.048958795970651406,0,0,1,0,0,0,0,0,0,-1,0,0,0,0,0
1l6g,A,248,HIS,-3.2,153.2,0.1,2,1,E,0.04891304347826087,-136.1,163.7,16.0,21.0,0.43243243243243246,4.003937016857758,32,24,13,11,0.05175644145468863,0,0,1,0,0,0,0,0,0,-1,0,0,0,0,0
1l6g,A,249,SER,-0.8,89.0,0.0,1,1,E,0.0,-151.3,-170.7,19.0,19.0,0.5,5.513429081769981,35,42,11,31,0.05595290968074446,0,0,1,0,0,0,0,0,0,19,24,18,0,4,1
1l6g,A,250,ARG,-4.5,173.4,1.0,5,0,E,0.34274193548387094,-144.9,153.4,12.0,24.0,0.3333333333333333,2.578899296446738,27,30,9,21,0.048492521723311866,0,0,1,0,0,0,0,0,0,19,24,18,0,4,1
1l6g,A,251,LEU,3.8,166.7,0.0,0,0,-,0.0,-71.2,129.7,20.0,21.0,0.4878048780487805,3.9786728209150404,38,32,9,23,0.04942507021799094,0,0,0,0,0,0,0,0,0,10,1027,4,0,54,1
1l6g,A,252,VAL,4.2,140.0,0.0,0,0,S,0.09859154929577464,-112.3,-8.2,22.0,18.0,0.55,2.0396667259486425,39,42,11,31,0.04476232774459557,0,0,0,0,0,0,1,0,0,-1,0,0,0,0,0
1l6g,A,253,HIS,-3.2,153.2,0.1,2,1,E,0.059782608695652176,-156.2,145.4,23.0,17.0,0.575,3.3705526369724588,36,34,9,25,0.043829779249916496,0,0,1,0,0,0,0,0,0,-1,0,0,0,0,0
1l6g,A,254,VAL,4.2,140.0,0.0,0,0,E,0.1056338028169014,-143.5,129.6,13.0,21.0,0.38235294117647056,2.292159782385192,33,40,6,34,0.04662742473395372,0,0,1,0,0,0,0,0,0,10,1027,4,0,54,1
1l6g,A,255,LYS,-3.9,168.6,1.0,2,0,E,0.06829268292682927,-150.4,166.6,19.0,16.0,0.5428571428571428,2.810424232685078,37,43,23,20,0.03870076252918159,0,0,1,0,0,0,0,0,0,-1,0,0,0,0,0
1l6g,A,256,LYS,-3.9,168.6,1.0,2,0,E,0.4292682926829268,-109.9,123.4,7.0,23.0,0.23333333333333334,2.0138810964079608,18,14,24,-10,0.03916703677652112,0,0,1,0,0,0,0,0,0,-1,0,0,0,0,0
1l6g,A,257,LEU,3.8,166.7,0.0,0,0,E,0.006097560975609756,-93.7,149.5,22.0,9.0,0.7096774193548387,2.867909716256406,29,34,31,3,0.048958795970651406,0,0,1,0,0,0,0,0,0,-1,0,0,0,0,0
1l6g,A,258,GLN,-3.5,143.8,0.0,2,2,P,0.398989898989899,-97.2,153.5,2.0,17.0,0.10526315789473684,2.1406475879903946,16,19,27,-8,0.034970568550465285,0,0,0,0,0,0,0,0,0,-1,0,0,0,0,0
1l6g,A,259,PRO,-1.6,112.7,0.0,0,0,T,0.5367647058823529,-54.3,131.2,3.0,12.0,0.2,1.9813043864934061,14,12,27,-15,0.03590311704514436,0,0,0,0,0,1,0,0,0,-1,0,0,0,0,0
1l6g,A,260,GLY,-0.4,60.1,0.0,0,0,T,0.5119047619047619,103.9,-19.9,2.0,16.0,0.1111111111111111,1.709591863420617,18,10,17,-7,0.02984155182973038,0,0,0,0,0,1,0,0,0,-1,0,0,0,0,0
1l6g,A,261,GLU,-3.5,138.4,-1.0,1,3,-,0.25257731958762886,-72.1,139.2,18.0,13.0,0.5806451612903226,2.024678665623349,28,29,20,9,0.034970568550465285,0,0,0,0,0,0,0,0,0,-1,0,0,0,0,0
1l6g,A,262,LYS,-3.9,168.6,1.0,2,0,E,0.33170731707317075,-97.7,159.4,15.0,21.0,0.4166666666666667,2.1527431185282073,29,1,12,-11,0.043363505002576956,0,0,1,0,0,0,0,0,0,-1,0,0,0,0,0
1l6g,A,263,VAL,4.2,140.0,0.0,0,0,E,0.0,-136.9,134.8,27.0,17.0,0.6136363636363636,4.1136940653010905,41,30,15,15,0.05129016720734909,0,0,1,0,0,0,0,0,0,-1,0,0,0,0,0
1l6g,A,264,SER,-0.8,89.0,0.0,1,1,S,0.0,67.9,179.9,16.0,20.0,0.4444444444444444,4.831048388149228,38,39,6,33,0.0526889899493677,0,0,0,0,0,0,1,0,0,35,0,17,0,0,1
1l6g,A,265,TYR,-1.3,193.6,0.0,1,1,G,0.26576576576576577,-53.5,138.7,13.0,22.0,0.37142857142857144,2.202911148744636,35,36,11,25,0.04476232774459557,0,0,0,1,0,0,0,0,0,35,0,17,0,0,1
1l6g,A,266,GLY,-0.4,60.1,0.0,0,0,G,0.16666666666666666,75.9,-6.6,7.0,21.0,0.25,1.8186873785598356,24,21,16,5,0.03357174580844668,0,0,0,1,0,0,0,0,0,-1,0,0,0,0,0
1l6g,A,267,ALA,1.8,88.6,0.0,0,0,G,0.16037735849056603,49.6,41.3,16.0,14.0,0.5333333333333333,2.2340252134242933,29,20,11,9,0.045228601991935104,0,0,0,1,0,0,0,0,0,-1,0,0,0,0,0
1l6g,A,268,THR,-0.7,116.1,0.0,1,1,-,0.4647887323943662,-74.3,-17.5,8.0,15.0,0.34782608695652173,1.859676757972554,23,26,5,21,0.032172923066428064,0,0,0,0,0,0,0,0,0,2,6008,16,0,1119,1
1l6g,A,269,TYR,-1.3,193.6,0.0,1,1,E,0.17117117117117117,-109.8,134.3,21.0,10.0,0.6774193548387096,2.2905762488893924,31,26,11,15,0.03683566553982344,0,0,1,0,0,0,0,0,0,-1,0,0,0,0,0
1l6g,A,270,THR,-0.7,116.1,0.0,1,1,E,0.28169014084507044,-125.3,125.2,3.0,23.0,0.11538461538461539,1.901242920938813,22,12,12,0,0.03683566553982344,0,0,1,0,0,0,0,0,0,-1,0,0,0,0,0
1l6g,A,271,ALA,1.8,88.6,0.0,0,0,-,0.009433962264150943,-63.8,129.7,18.0,7.0,0.72,2.8773518365224646,20,18,24,-6,0.04662742473395372,0,0,0,0,0,0,0,0,0,-1,0,0,0,0,0
1l6g,A,272,GLN,-3.5,143.8,0.0,2,2,S,0.7373737373737373,-83.4,-34.2,2.0,14.0,0.125,1.8518090602695507,13,9,17,-8,0.027510180593032695,0,0,0,0,0,0,1,0,0,-1,0,0,0,0,0
1l6g,A,273,THR,-0.7,116.1,0.0,1,1,S,0.5985915492957746,-144.8,-172.8,0.0,15.0,0.0,2.3088243564895223,15,13,24,-11,0.02984155182973038,0,0,0,0,0,0,1,0,0,-1,0,0,0,0,0
1l6g,A,274,GLU,-3.5,138.4,-1.0,1,3,S,0.5670103092783505,-67.2,115.0,2.0,18.0,0.1,1.7573641198529004,14,13,14,-1,0.03403802005578621,0,0,0,0,0,0,1,0,0,-1,0,0,0,0,0
1l6g,A,275,GLU,-3.5,138.4,-1.0,1,3,E,0.09278350515463918,-136.9,160.0,16.0,10.0,0.6153846153846154,2.34102119341737,26,29,17,12,0.045694876239274644,0,0,1,0,0,0,0,0,0,-1,0,0,0,0,0
1l6g,A,276,TRP,-0.9,227.8,0.0,1,0,E,0.32158590308370044,-99.7,119.2,11.0,21.0,0.34375,2.3609825365156945,22,29,18,11,0.04755997322863279,0,0,1,0,0,0,0,0,0,10,1027,4,0,54,1
1l6g,A,277,ILE,4.5,166.7,0.0,0,0,E,0.0,-105.4,133.3,23.0,19.0,0.5476190476190477,5.685396115534083,40,45,18,27,0.05222271570202816,0,0,1,0,0,0,0,0,0,-1,0,0,0,0,0
1l6g,A,278,GLY,-0.4,60.1,0.0,0,0,E,0.0,-109.9,150.5,24.0,18.0,0.5714285714285714,7.420634268332708,40,39,4,35,0.050823892960009553,0,0,1,0,0,0,0,0,0,-1,0,0,0,0,0
1l6g,A,279,THR,-0.7,116.1,0.0,1,1,E,0.0,-119.7,132.0,18.0,30.0,0.375,5.009222047413597,37,41,3,38,0.053155264196707235,0,0,1,0,0,0,0,0,0,-1,0,0,0,0,0
1l6g,A,280,ILE,4.5,166.7,0.0,0,0,E,0.0,-121.5,144.3,25.0,21.0,0.5434782608695652,5.328928083987273,41,30,14,16,0.04942507021799094,0,0,1,0,0,0,0,0,0,-1,0,0,0,0,0
1l6g,A,281,PRO,-1.6,112.7,0.0,0,0,S,0.08088235294117647,-78.8,59.5,23.0,22.0,0.5111111111111111,2.4850817344070153,39,36,22,14,0.048958795970651406,0,0,0,0,0,0,1,0,0,-1,0,0,0,0,0
1l6g,A,282,ILE,4.5,166.7,0.0,0,0,-,0.0,-149.3,137.7,23.0,22.0,0.5111111111111111,4.983574283170749,39,25,21,4,0.05129016720734909,0,0,0,0,0,0,0,0,0,-1,0,0,0,0,0
1l6g,A,283,GLY,-0.4,60.1,0.0,0,0,-,0.0,-144.4,-163.4,18.0,21.0,0.46153846153846156,4.963752047583225,37,28,22,6,0.05455408693872585,0,0,0,0,0,0,0,0,0,-1,0,0,0,0,0
1l6g,A,284,TYR,-1.3,193.6,0.0,1,1,G,0.04054054054054054,-71.4,-17.0,21.0,16.0,0.5675675675675675,3.09643528673263,34,27,25,2,0.05502036118606539,0,0,0,1,0,0,0,0,0,16,24,18,0,6,1
1l6g,A,285,ALA,1.8,88.6,0.0,0,0,G,0.03773584905660377,-77.5,-10.0,16.0,22.0,0.42105263157894735,1.9903222483022955,36,26,29,-3,0.0526889899493677,0,0,0,1,0,0,0,0,0,-1,0,0,0,0,0
1l6g,A,286,ASP,-3.5,111.1,-1.0,1,3,G,0.0,-98.9,-3.9,20.0,24.0,0.45454545454545453,3.6461738752220363,40,23,12,11,0.05222271570202816,0,0,0,1,0,0,0,0,0,-1,0,0,0,0,0
1l6g,A,287,GLY,-0.4,60.1,0.0,0,0,T,0.09523809523809523,104.7,-4.1,20.0,24.0,0.45454545454545453,2.5459589746617697,33,24,21,3,0.043363505002576956,0,0,0,0,0,1,0,0,0,-1,0,0,0,0,0
1l6g,A,288,TRP,-0.9,227.8,0.0,1,0,-,0.00881057268722467,-86.7,75.8,25.0,21.0,0.5434782608695652,6.930788510095715,44,23,14,9,0.04755997322863279,0,0,0,0,0,0,0,0,0,-1,0,0,0,0,0
1l6g,A,289,LEU,3.8,166.7,0.0,0,0,-,0.08536585365853659,-50.9,148.4,18.0,23.0,0.43902439024390244,3.4099765906320845,28,30,23,7,0.045228601991935104,0,0,0,0,0,0,0,0,0,-1,0,0,0,0,0
1l6g,A,290,ARG,-4.5,173.4,1.0,5,0,G,0.125,-54.4,-27.6,15.0,21.0,0.4166666666666667,2.0095599479846813,30,25,14,11,0.048026247475972325,0,0,0,1,0,0,0,0,0,2,6008,16,0,1119,1
1l6g,A,291,ARG,-4.5,173.4,1.0,5,0,G,0.22580645161290322,-62.3,-13.6,14.0,15.0,0.4827586206896552,1.8321900187529954,19,31,24,7,0.040099585271200194,0,0,0,1,0,0,0,0,0,-1,0,0,0,0,0
1l6g,A,292,LEU,3.8,166.7,0.0,0,0,G,0.006097560975609756,-88.5,15.9,22.0,12.0,0.6470588235294118,4.357619215115399,34,53,6,47,0.04709369898129325,0,0,0,1,0,0,0,0,0,-1,0,0,0,0,0
1l6g,A,293,GLN,-3.5,143.8,0.0,2,2,G,0.22727272727272727,-52.8,-29.9,11.0,19.0,0.36666666666666664,1.9608010426384164,24,51,0,51,0.04196468226055834,0,0,0,1,0,0,0,0,0,2,6008,16,0,1119,1
1l6g,A,294,HIS,-3.2,153.2,0.1,2,1,G,0.8152173913043478,-110.0,19.0,3.0,21.0,0.125,1.7536041998797582,17,31,0,31,0.032172923066428064,0,0,0,1,0,0,0,0,0,2,6008,16,0,1119,1
1l6g,A,295,PHE,2.8,189.9,0.0,0,0,-,0.04568527918781726,-87.1,-168.5,19.0,12.0,0.6129032258064516,2.4467811177811027,32,53,10,43,0.03730193978716297,0,0,0,0,0,0,0,0,0,-1,0,0,0,0,0
1l6g,A,296,HIS,-3.2,153.2,0.1,2,1,E,0.2391304347826087,-143.7,162.4,12.0,21.0,0.36363636363636365,2.3880197832618153,29,25,14,11,0.04243095650789788,0,0,1,0,0,0,0,0,0,33,0,9,0,0,1
1l6g,A,297,VAL,4.2,140.0,0.0,0,0,E,0.0,-125.0,171.2,25.0,19.0,0.5681818181818182,5.576676784943207,39,29,7,22,0.048958795970651406,0,0,1,0,0,0,0,0,0,-1,0,0,0,0,0
1l6g,A,298,LEU,3.8,166.7,0.0,0,0,E,0.0,-102.7,130.1,16.0,21.0,0.43243243243243246,4.760502104869809,35,43,20,23,0.053621538444046775,0,0,1,0,0,0,0,0,0,33,0,9,0,0,1
1l6g,A,299,VAL,4.2,140.0,0.0,0,0,E,0.0,-144.7,121.9,23.0,18.0,0.5609756097560976,3.5828366475246907,32,29,11,18,0.048492521723311866,0,0,1,0,0,0,0,0,0,-1,0,0,0,0,0
1l6g,A,300,ASP,-3.5,111.1,-1.0,1,3,T,0.6134969325153374,60.8,31.4,10.0,16.0,0.38461538461538464,1.7296305193414365,22,11,3,8,0.029375277582390842,0,0,0,0,0,1,0,0,0,-1,0,0,0,0,0
1l6g,A,301,GLY,-0.4,60.1,0.0,0,0,T,0.3333333333333333,83.0,-0.5,3.0,19.0,0.13636363636363635,1.709504611056454,22,21,25,-4,0.03357174580844668,0,0,0,0,0,1,0,0,0,33,0,9,0,0,1
1l6g,A,302,GLN,-3.5,143.8,0.0,2,2,E,0.4292929292929293,-123.9,161.0,7.0,18.0,0.28,2.129254812726458,22,16,21,-5,0.03357174580844668,0,0,1,0,0,0,0,0,0,33,0,9,0,0,1
1l6g,A,303,LYS,-3.9,168.6,1.0,2,0,E,0.5365853658536586,-80.5,133.3,7.0,19.0,0.2692307692307692,1.9347897136739303,19,13,15,-2,0.03683566553982344,0,0,1,0,0,0,0,0,0,33,0,9,0,0,1
1l6g,A,304,ALA,1.8,88.6,0.0,0,0,E,0.018867924528301886,-124.9,122.5,20.0,9.0,0.6896551724137931,2.3778010173469113,32,32,10,22,0.045694876239274644,0,0,1,0,0,0,0,0,0,-1,0,0,0,0,0
1l6g,A,305,PRO,-1.6,112.7,0.0,0,0,E,0.3235294117647059,-72.6,133.5,6.0,23.0,0.20689655172413793,2.3373366589667874,27,36,3,33,0.03916703677652112,0,0,1,0,0,0,0,0,0,-1,0,0,0,0,0
1l6g,A,306,ILE,4.5,166.7,0.0,0,0,E,0.05325443786982249,-68.2,137.2,20.0,16.0,0.5555555555555556,3.154384946223963,35,49,0,49,0.048026247475972325,0,0,1,0,0,0,0,0,0,-1,0,0,0,0,0
1l6g,A,307,VAL,4.2,140.0,0.0,0,0,E,0.035211267605633804,-120.7,140.4,19.0,19.0,0.5,2.6730134691328655,38,33,6,27,0.04989134446533048,0,0,1,0,0,0,0,0,0,-1,0,0,0,0,0
1l6g,A,308,GLY,-0.4,60.1,0.0,0,0,S,0.07142857142857142,72.5,-177.5,24.0,12.0,0.6666666666666666,2.065238065773614,30,37,1,36,0.04662742473395372,0,0,0,0,0,0,1,0,0,2,6008,16,0,1119,1
1l6g,A,309,ARG,-4.5,173.4,1.0,5,0,-,0.31048387096774194,-75.0,151.4,13.0,24.0,0.35135135135135137,2.2422477582530425,30,20,5,15,0.043829779249916496,0,0,0,0,0,0,0,0,0,2,6008,16,0,1119,1
1l6g,A,310,ILE,4.5,166.7,0.0,0,0,-,0.005917159763313609,-84.4,139.0,24.0,21.0,0.5333333333333333,2.7627398128674256,36,32,12,20,0.05502036118606539,0,0,0,0,0,0,0,0,0,-1,0,0,0,0,0
1l6g,A,311,CYS,2.5,108.5,0.0,1,0,-,0.007407407407407408,-98.0,179.2,20.0,22.0,0.47619047619047616,2.759377573924693,35,39,19,20,0.04755997322863279,0,0,0,0,0,0,0,0,0,35,0,17,0,0,1
1l6g,A,312,MET,1.9,162.9,0.0,0,0,S,0.047872340425531915,-62.4,-38.5,22.0,22.0,0.5,2.4436338674448566,45,34,28,6,0.04709369898129325,0,0,0,0,0,0,1,0,0,16,24,18,0,6,1
1l6g,A,313,ASP,-3.5,111.1,-1.0,1,3,S,0.05521472392638037,-125.7,-4.2,17.0,26.0,0.3953488372093023,2.0636618789622188,37,30,13,17,0.05129016720734909,0,0,0,0,0,0,1,0,0,-1,0,0,0,0,0
1l6g,A,314,GLN,-3.5,143.8,0.0,2,2,-,0.0707070707070707,-150.2,163.5,21.0,23.0,0.4772727272727273,2.4784780465709653,39,31,13,18,0.045228601991935104,0,0,0,0,0,0,0,0,0,-1,0,0,0,0,0
1l6g,A,315,CYS,2.5,108.5,0.0,1,0,E,0.0,-153.5,161.9,27.0,20.0,0.574468085106383,6.362641586259424,45,21,7,14,0.05129016720734909,0,0,1,0,0,0,0,0,0,-1,0,0,0,0,0
1l6g,A,316,MET,1.9,162.9,0.0,0,0,E,0.0,-114.6,150.9,18.0,27.0,0.4,6.520066365525366,42,35,4,31,0.048958795970651406,0,0,1,0,0,0,0,0,0,-1,0,0,0,0,0
1l6g,A,317,ILE,4.5,166.7,0.0,0,0,E,0.0,-138.2,147.1,27.0,23.0,0.54,5.762374359436059,44,29,4,25,0.048958795970651406,0,0,1,0,0,0,0,0,0,-1,0,0,0,0,0
1l6g,A,318,ARG,-4.5,173.4,1.0,5,0,E,0.375,-83.4,131.2,14.0,27.0,0.34146341463414637,2.039129455104153,28,7,11,-4,0.04429605349725603,0,0,1,0,0,0,0,0,0,-1,0,0,0,0,0
1l6g,A,319,LEU,3.8,166.7,0.0,0,0,E,0.07317073170731707,-100.1,151.3,21.0,15.0,0.5833333333333334,3.190238823610802,34,28,16,12,0.045228601991935104,0,0,1,0,0,0,0,0,0,10,1027,4,0,54,1
1l6g,A,320,PRO,-1.6,112.7,0.0,0,0,S,0.5588235294117647,-56.5,-32.3,9.0,13.0,0.4090909090909091,1.8339495999865338,24,15,13,2,0.027510180593032695,0,0,0,0,0,0,1,0,0,-1,0,0,0,0,0
1l6g,A,321,GLY,-0.4,60.1,0.0,0,0,S,0.17857142857142858,-176.5,-164.5,1.0,19.0,0.05,1.8403876733893738,21,18,14,4,0.02611135785101408,0,0,0,0,0,0,1,0,0,10,1027,4,0,54,1
1l6g,A,322,PRO,-1.6,112.7,0.0,0,0,-,0.6544117647058824,-72.9,115.7,4.0,18.0,0.18181818181818182,1.9300875764641983,20,16,6,10,0.03310547156110714,0,0,0,0,0,0,0,0,0,10,1027,4,0,54,1
1l6g,A,323,LEU,3.8,166.7,0.0,0,0,-,0.16463414634146342,-111.1,155.9,20.0,6.0,0.7692307692307693,1.9922288138231998,27,17,8,9,0.03310547156110714,0,0,0,0,0,0,0,0,0,10,1027,4,0,54,1
1l6g,A,324,PRO,-1.6,112.7,0.0,0,0,-,0.6544117647058824,-74.0,144.0,3.0,20.0,0.13043478260869565,2.053589675807706,21,22,8,14,0.02611135785101408,0,0,0,0,0,0,0,0,0,10,1027,4,0,54,1
1l6g,A,325,VAL,4.2,140.0,0.0,0,0,T,0.4084507042253521,-58.9,145.8,12.0,17.0,0.41379310344827586,1.927578884174722,28,32,14,18,0.03450429430312575,0,0,0,0,0,1,0,0,0,10,1027,4,0,54,1
1l6g,A,326,GLY,-0.4,60.1,0.0,0,0,T,0.3333333333333333,96.1,-9.4,5.0,23.0,0.17857142857142858,1.8284875680411043,22,29,9,20,0.030774100324409453,0,0,0,0,0,1,0,0,0,19,24,18,0,4,1
1l6g,A,327,THR,-0.7,116.1,0.0,1,1,-,0.176056338028169,-63.0,133.5,15.0,10.0,0.6,2.2105710311792564,29,24,12,12,0.035436842797804825,0,0,0,0,0,0,0,0,0,19,24,18,0,4,1
1l6g,A,328,LYS,-3.9,168.6,1.0,2,0,E,0.40487804878048783,-71.9,136.8,8.0,22.0,0.26666666666666666,1.9932927907686744,27,25,17,8,0.040099585271200194,0,0,1,0,0,0,0,0,0,19,24,18,0,4,1
1l6g,A,329,VAL,4.2,140.0,0.0,0,0,E,0.0,-120.3,134.7,26.0,19.0,0.5777777777777777,4.7714084816322275,38,34,8,26,0.04942507021799094,0,0,1,0,0,0,0,0,0,-1,0,0,0,0,0
1l6g,A,330,THR,-0.7,116.1,0.0,1,1,E,0.0,-110.5,129.8,18.0,19.0,0.4864864864864865,3.8511455618589823,36,40,11,29,0.04989134446533048,0,0,1,0,0,0,0,0,0,31,2,8,0,0,1
1l6g,A,331,LEU,3.8,166.7,0.0,0,0,E,0.0,-100.5,-32.1,21.0,24.0,0.4666666666666667,7.341104029934165,40,32,1,31,0.048958795970651406,0,0,1,0,0,0,0,0,0,-1,0,0,0,0,0
1l6g,A,332,ILE,4.5,166.7,0.0,0,0,E,0.0,-143.5,115.4,20.0,17.0,0.5405405405405406,3.4983934054698356,36,19,25,-6,0.05035761871267001,0,0,1,0,0,0,0,0,0,-1,0,0,0,0,0
1l6g,A,333,GLY,-0.4,60.1,0.0,0,0,E,0.19047619047619047,142.7,-162.6,19.0,14.0,0.5757575757575758,1.9497675146705258,30,27,31,-4,0.040565859518539735,0,0,1,0,0,0,0,0,0,31,2,8,0,0,1
1l6g,A,334,ARG,-4.5,173.4,1.0,5,0,E,0.6048387096774194,-127.2,152.4,7.0,20.0,0.25925925925925924,1.8836774301163208,17,4,19,-15,0.03450429430312575,0,0,1,0,0,0,0,0,0,31,2,8,0,0,1
1l6g,A,335,GLN,-3.5,143.8,0.0,2,2,E,0.12626262626262627,-138.2,109.9,15.0,8.0,0.6521739130434783,1.9415461780716743,24,34,25,9,0.03776821403450251,0,0,1,0,0,0,0,0,0,31,2,8,0,0,1
1l6g,A,336,GLY,-0.4,60.1,0.0,0,0,T,0.7261904761904762,68.2,-110.4,7.0,7.0,0.5,1.7095466171121798,13,11,21,-10,0.022847438119637322,0,0,0,0,0,1,0,0,0,31,2,8,0,0,1
1l6g,A,337,ASP,-3.5,111.1,-1.0,1,3,T,0.950920245398773,-102.8,-18.8,1.0,12.0,0.07692307692307693,1.6721556128243813,12,14,11,3,0.02098234113027917,0,0,0,0,0,1,0,0,0,31,2,8,0,0,1
1l6g,A,338,GLU,-3.5,138.4,-1.0,1,3,E,0.31443298969072164,-82.9,151.2,14.0,6.0,0.7,2.1493817383003804,19,26,14,12,0.035436842797804825,0,0,1,0,0,0,0,0,0,33,0,9,0,0,1
1l6g,A,339,VAL,4.2,140.0,0.0,0,0,E,0.4295774647887324,-151.4,150.2,8.0,19.0,0.2962962962962963,1.9427408528243606,22,24,28,-4,0.03683566553982344,0,0,1,0,0,0,0,0,0,33,0,9,0,0,1
1l6g,A,340,ILE,4.5,166.7,0.0,0,0,E,0.011834319526627219,-133.2,119.3,22.0,11.0,0.6666666666666666,2.265647511123182,32,33,28,5,0.04196468226055834,0,0,1,0,0,0,0,0,0,-1,0,0,0,0,0
1l6g,A,341,SER,-0.8,89.0,0.0,1,1,-,0.19230769230769232,-102.3,166.1,9.0,22.0,0.2903225806451613,2.4868921460916042,29,18,27,-9,0.035436842797804825,0,0,0,0,0,0,0,0,0,-1,0,0,0,0,0
1l6g,A,342,ILE,4.5,166.7,0.0,0,0,H,0.005917159763313609,-59.9,-34.0,20.0,16.0,0.5555555555555556,3.9762979242947734,38,12,30,-18,0.045228601991935104,1,0,0,0,0,0,0,0,0,-1,0,0,0,0,0
1l6g,A,343,ASP,-3.5,111.1,-1.0,1,3,H,0.2147239263803681,-62.6,-31.9,9.0,21.0,0.3,1.8807752860902456,29,19,15,4,0.03870076252918159,1,0,0,0,0,0,0,0,0,-1,0,0,0,0,0
1l6g,A,344,ASP,-3.5,111.1,-1.0,1,3,H,0.2331288343558282,-68.1,-46.4,9.0,15.0,0.375,2.2450091584747343,25,32,12,20,0.03590311704514436,1,0,0,0,0,0,0,0,0,-1,0,0,0,0,0
1l6g,A,345,VAL,4.2,140.0,0.0,0,0,H,0.007042253521126761,-65.4,-39.6,21.0,14.0,0.6,5.201618584512752,32,35,30,5,0.04989134446533048,1,0,0,0,0,0,0,0,0,-1,0,0,0,0,0
1l6g,A,346,ALA,1.8,88.6,0.0,0,0,H,0.03773584905660377,-62.2,-36.7,15.0,14.0,0.5172413793103449,2.424721918009428,26,32,34,-2,0.04709369898129325,1,0,0,0,0,0,0,0,0,-1,0,0,0,0,0
1l6g,A,347,ARG,-4.5,173.4,1.0,5,0,H,0.6290322580645161,-66.6,-44.6,8.0,13.0,0.38095238095238093,1.8352929587279918,19,13,25,-12,0.0363693912924839,1,0,0,0,0,0,0,0,0,-1,0,0,0,0,0
1l6g,A,348,HIS,-3.2,153.2,0.1,2,1,H,0.30978260869565216,-67.5,-37.5,15.0,8.0,0.6521739130434783,1.8586839859762576,23,47,18,29,0.04103213376587927,1,0,0,0,0,0,0,0,0,-1,0,0,0,0,0
1l6g,A,349,LEU,3.8,166.7,0.0,0,0,H,0.09146341463414634,-78.8,-10.8,18.0,10.0,0.6428571428571429,4.0871208934969925,24,49,28,21,0.03823448828184205,1,0,0,0,0,0,0,0,0,-1,0,0,0,0,0
1l6g,A,350,GLU,-3.5,138.4,-1.0,1,3,T,0.7371134020618557,64.1,51.2,4.0,17.0,0.19047619047619047,1.8317649001326055,13,46,5,41,0.028909003335051305,0,0,0,0,0,1,0,0,0,11,109,17,0,19,1
1l6g,A,351,THR,-0.7,116.1,0.0,1,1,S,0.1267605633802817,-146.9,-168.5,21.0,7.0,0.75,1.9912898450756573,24,43,29,14,0.03683566553982344,0,0,0,0,0,0,1,0,0,11,109,17,0,19,1
1l6g,A,352,ILE,4.5,166.7,0.0,0,0,-,0.3431952662721893,-103.4,159.9,14.0,18.0,0.4375,2.3527781415866196,33,26,24,2,0.040099585271200194,0,0,0,0,0,0,0,0,0,15,24,18,0,6,1
1l6g,A,353,ASN,-3.5,114.1,0.0,2,2,T,0.050955414012738856,-54.5,-37.3,15.0,19.0,0.4411764705882353,2.4945466615613308,35,14,27,-13,0.04476232774459557,0,0,0,0,0,1,0,0,0,15,24,18,0,6,1
1l6g,A,354,TYR,-1.3,193.6,0.0,1,1,T,0.16216216216216217,-43.9,-48.4,17.0,24.0,0.4146341463414634,2.8054524516837565,36,12,14,-2,0.04755997322863279,0,0,0,0,0,1,0,0,0,15,24,18,0,6,1
1l6g,A,355,GLU,-3.5,138.4,-1.0,1,3,H,0.061855670103092786,-69.0,-23.7,20.0,19.0,0.5128205128205128,3.7636427462644986,30,17,7,10,0.048026247475972325,1,0,0,0,0,0,0,0,0,-1,0,0,0,0,0
1l6g,A,356,VAL,4.2,140.0,0.0,0,0,H,0.04929577464788732,-68.1,-55.3,21.0,20.0,0.5121951219512195,5.980455217922725,38,6,25,-19,0.04429605349725603,1,0,0,0,0,0,0,0,0,-1,0,0,0,0,0
1l6g,A,357,PRO,-1.6,112.7,0.0,0,0,H,0.0,-65.8,-27.4,25.0,20.0,0.5555555555555556,4.553837261849212,41,17,14,3,0.04149840801321881,1,0,0,0,0,0,0,0,0,-1,0,0,0,0,0
1l6g,A,358,CYS,2.5,108.5,0.0,1,0,H,0.1259259259259259,-67.8,-29.5,23.0,20.0,0.5348837209302325,2.1130747779361254,34,26,20,6,0.048026247475972325,1,0,0,0,0,0,0,0,0,-1,0,0,0,0,0
1l6g,A,359,THR,-0.7,116.1,0.0,1,1,H,0.13380281690140844,-84.3,-13.3,25.0,19.0,0.5681818181818182,1.896416568486508,31,6,22,-16,0.04289723075523742,1,0,0,0,0,0,0,0,0,-1,0,0,0,0,0
1l6g,A,360,ILE,4.5,166.7,0.0,0,0,S,0.03550295857988166,-73.6,110.7,24.0,23.0,0.5106382978723404,3.5894485227100503,41,25,13,12,0.043363505002576956,0,0,0,0,0,0,1,0,0,-1,0,0,0,0,0
1l6g,A,361,SER,-0.8,89.0,0.0,1,1,-,0.16153846153846155,-68.1,174.6,21.0,24.0,0.4666666666666667,2.0446748197287525,33,25,9,16,0.04429605349725603,0,0,0,0,0,0,0,0,0,-1,0,0,0,0,0
1l6g,A,362,TYR,-1.3,193.6,0.0,1,1,T,0.24324324324324326,-59.3,-19.6,19.0,20.0,0.48717948717948717,1.8935185144286135,29,31,17,14,0.040099585271200194,0,0,0,0,0,1,0,0,0,-1,0,0,0,0,0
1l6g,A,363,ARG,-4.5,173.4,1.0,5,0,T,0.008064516129032258,-71.8,-20.6,27.0,17.0,0.6136363636363636,3.364183566242041,39,20,32,-12,0.045228601991935104,0,0,0,0,0,1,0,0,0,-1,0,0,0,0,0
1l6g,A,364,VAL,4.2,140.0,0.0,0,0,S,0.02112676056338028,-97.0,117.3,25.0,20.0,0.5555555555555556,3.396434969303564,38,45,17,28,0.0526889899493677,0,0,0,0,0,0,1,0,0,-1,0,0,0,0,0
1l6g,A,365,PRO,-1.6,112.7,0.0,0,0,-,0.029411764705882353,-68.8,149.6,17.0,18.0,0.4857142857142857,3.097116265592937,37,47,26,21,0.04989134446533048,0,0,0,0,0,0,0,0,0,-1,0,0,0,0,0
1l6g,A,366,ARG,-4.5,173.4,1.0,5,0,E,0.04838709677419355,-108.4,123.1,20.0,22.0,0.47619047619047616,2.5769737071215615,39,27,13,14,0.05035761871267001,0,0,1,0,0,0,0,0,0,-1,0,0,0,0,0
1l6g,A,367,ILE,4.5,166.7,0.0,0,0,E,0.11242603550295859,-103.7,123.0,12.0,20.0,0.375,3.443141421258955,30,29,23,6,0.04989134446533048,0,0,1,0,0,0,0,0,0,-1,0,0,0,0,0
1l6g,A,368,PHE,2.8,189.9,0.0,0,0,E,0.0,-99.5,134.5,17.0,17.0,0.5,4.782962921906146,32,39,28,11,0.05129016720734909,0,0,1,0,0,0,0,0,0,-1,0,0,0,0,0
1l6g,A,369,PHE,2.8,189.9,0.0,0,0,E,0.20812182741116753,-116.4,142.5,13.0,16.0,0.4482758620689655,2.317127619156226,23,37,32,5,0.04942507021799094,0,0,1,0,0,0,0,0,0,22,32,7,0,2,1
1l6g,A,370,ARG,-4.5,173.4,1.0,5,0,E,0.0846774193548387,-155.9,135.5,11.0,13.0,0.4583333333333333,2.0379283375379345,21,33,27,6,0.04196468226055834,0,0,1,0,0,0,0,0,0,22,32,7,0,2,1
1l6g,A,371,HIS,-3.2,153.2,0.1,2,1,T,0.6141304347826086,58.6,30.0,1.0,14.0,0.06666666666666667,1.8536179039603575,15,31,16,15,0.02611135785101408,0,0,0,0,0,1,0,0,0,22,32,7,0,2,1
1l6g,A,372,LYS,-3.9,168.6,1.0,2,0,T,0.8536585365853658,67.0,23.9,0.0,13.0,0.0,1.9169087839928827,11,31,14,17,0.027510180593032695,0,0,0,0,0,1,0,0,0,22,32,7,0,2,1
1l6g,A,373,ARG,-4.5,173.4,1.0,5,0,E,0.7258064516129032,-133.8,148.7,2.0,13.0,0.13333333333333333,1.922937043206849,10,28,6,22,0.028909003335051305,0,0,1,0,0,0,0,0,0,18,81,5,0,5,1
1l6g,A,374,ILE,4.5,166.7,0.0,0,0,E,0.650887573964497,-62.1,122.4,6.0,11.0,0.35294117647058826,1.9333505012279393,17,28,15,13,0.03124037457174899,0,0,1,0,0,0,0,0,0,18,81,5,0,5,1
1l6g,A,375,MET,1.9,162.9,0.0,0,0,E,0.4308510638297872,-87.2,-57.1,15.0,5.0,0.75,1.960130106017124,20,41,18,23,0.03310547156110714,0,0,1,0,0,0,0,0,0,-1,0,0,0,0,0
1l6g,A,376,GLU,-3.5,138.4,-1.0,1,3,E,0.3247422680412371,-157.7,171.4,7.0,14.0,0.3333333333333333,2.0324316431287888,23,29,1,28,0.03124037457174899,0,0,1,0,0,0,0,0,0,-1,0,0,0,0,0
1l6g,A,377,VAL,4.2,140.0,0.0,0,0,E,0.23943661971830985,-122.1,142.5,9.0,17.0,0.34615384615384615,2.038296375709527,21,17,19,-2,0.04103213376587927,0,0,1,0,0,0,0,0,0,-1,0,0,0,0,0
1l6g,A,378,ARG,-4.5,173.4,1.0,5,0,E,0.1935483870967742,-131.3,101.8,16.0,15.0,0.5161290322580645,1.9504394451430465,29,23,19,4,0.040565859518539735,0,0,1,0,0,0,0,0,0,-1,0,0,0,0,0
1l6g,A,379,ASN,-3.5,114.1,0.0,2,2,-,0.050955414012738856,-106.2,109.3,13.0,15.0,0.4642857142857143,2.421169856770124,28,43,21,22,0.04103213376587927,0,0,0,0,0,0,0,0,0,-1,0,0,0,0,0
1l6g,A,380,ALA,1.8,88.6,0.0,0,0,T,0.6132075471698113,-58.1,-45.0,14.0,13.0,0.5185185185185185,1.767671711906092,21,37,11,26,0.03124037457174899,0,0,0,0,0,1,0,0,0,-1,0,0,0,0,0
1l6g,A,381,ILE,4.5,166.7,0.0,0,0,T,0.17159763313609466,-92.8,29.3,20.0,13.0,0.6060606060606061,2.0027437790899514,30,36,31,5,0.03450429430312575,0,0,0,0,0,1,0,0,0,5,1223,17,0,229,1
1l6g,A,382,GLY,-0.4,60.1,0.0,0,0,-,0.2261904761904762,-83.0,-176.8,12.0,14.0,0.46153846153846156,1.7096622833247426,24,25,29,-4,0.03124037457174899,0,0,0,0,0,0,0,0,0,5,1223,17,0,229,1
1l6g,A,383,ARG,-4.5,173.4,1.0,5,0,-,0.4596774193548387,-66.7,360.0,6.0,13.0,0.3157894736842105,1.7970010983048748,15,9,21,-12,0.02144861537761871,0,0,0,0,0,0,0,0,0,5,1223,17,0,229,1
1l6g,B,2,ASN,-3.5,114.1,0.0,2,2,-,0.7452229299363057,360.0,147.0,15.0,2.0,0.8823529411764706,1.7220959144387242,18,22,19,3,0.025645083603674543,0,0,0,0,0,0,0,0,0,7,638,21,0,121,1
1l6g,B,3,ASP,-3.5,111.1,-1.0,1,3,-,0.6441717791411042,-132.2,160.5,5.0,17.0,0.22727272727272727,1.701772003874865,21,28,10,18,0.030774100324409453,0,0,0,0,0,0,0,0,0,7,638,21,0,121,1
1l6g,B,4,PHE,2.8,189.9,0.0,0,0,-,0.1218274111675127,-143.6,154.1,15.0,15.0,0.5,2.0501652300349438,28,41,26,15,0.03823448828184205,0,0,0,0,0,0,0,0,0,7,638,21,0,121,1
1l6g,B,5,HIS,-3.2,153.2,0.1,2,1,S,0.11956521739130435,-118.7,26.7,22.0,13.0,0.6285714285714286,2.4742568202960213,30,21,36,-15,0.043363505002576956,0,0,0,0,0,0,1,0,0,-1,0,0,0,0,0
1l6g,B,6,ARG,-4.5,173.4,1.0,5,0,S,0.05241935483870968,-134.8,135.5,26.0,13.0,0.6666666666666666,3.504704648170588,38,37,40,-3,0.04662742473395372,0,0,0,0,0,0,1,0,0,-1,0,0,0,0,0
1l6g,B,7,ASP,-3.5,111.1,-1.0,1,3,S,0.2331288343558282,-76.9,58.4,17.0,18.0,0.4857142857142857,2.043544947969186,29,51,5,46,0.04289723075523742,0,0,0,0,0,0,1,0,0,-1,0,0,0,0,0
1l6g,B,8,THR,-0.7,116.1,0.0,1,1,E,0.0,-144.4,128.2,20.0,22.0,0.47619047619047616,4.482669952572484,34,54,25,29,0.05129016720734909,0,0,1,0,0,0,0,0,0,-1,0,0,0,0,0
1l6g,B,9,TRP,-0.9,227.8,0.0,1,0,E,0.07048458149779736,-162.5,153.8,16.0,24.0,0.4,2.8532290439943147,30,49,17,32,0.048958795970651406,0,0,1,0,0,0,0,0,0,20,24,18,0,4,1
1l6g,B,10,ALA,1.8,88.6,0.0,0,0,E,0.0,-102.4,158.6,19.0,20.0,0.48717948717948717,5.457122760473869,37,41,15,26,0.05222271570202816,0,0,1,0,0,0,0,0,0,-1,0,0,0,0,0
1l6g,B,11,GLU,-3.5,138.4,-1.0,1,3,E,0.20618556701030927,-130.3,130.7,18.0,21.0,0.46153846153846156,2.073355462358814,32,28,12,16,0.05175644145468863,0,0,1,0,0,0,0,0,0,-1,0,0,0,0,0
1l6g,B,12,VAL,4.2,140.0,0.0,0,0,E,0.0,-113.9,118.6,22.0,21.0,0.5116279069767442,3.133442620411698,40,35,35,0,0.05175644145468863,0,0,1,0,0,0,0,0,0,-1,0,0,0,0,0
1l6g,B,13,ASP,-3.5,111.1,-1.0,1,3,E,0.38650306748466257,-88.0,99.6,15.0,21.0,0.4166666666666667,2.252200468699832,30,39,29,10,0.04429605349725603,0,0,1,0,0,0,0,0,0,14,70,8,0,6,1
1l6g,B,14,LEU,3.8,166.7,0.0,0,0,H,0.006097560975609756,-71.5,-15.1,23.0,20.0,0.5348837209302325,3.9478900963528223,37,41,39,2,0.048026247475972325,1,0,0,0,0,0,0,0,0,14,70,8,0,6,1
1l6g,B,15,ASP,-3.5,111.1,-1.0,1,3,H,0.15950920245398773,-73.2,-32.1,7.0,27.0,0.20588235294117646,1.9000675907962115,24,44,23,21,0.043363505002576956,1,0,0,0,0,0,0,0,0,34,0,1,0,0,1
1l6g,B,16,ALA,1.8,88.6,0.0,0,0,H,0.03773584905660377,-67.7,-47.2,18.0,16.0,0.5294117647058824,2.504575725322622,34,24,34,-10,0.043363505002576956,1,0,0,0,0,0,0,0,0,14,70,8,0,6,1
1l6g,B,17,ILE,4.5,166.7,0.0,0,0,H,0.0,-59.8,-44.5,27.0,18.0,0.6,5.860445859878972,42,30,35,-5,0.05735173242276307,1,0,0,0,0,0,0,0,0,-1,0,0,0,0,0
1l6g,B,18,TYR,-1.3,193.6,0.0,1,1,H,0.22972972972972974,-58.0,-48.5,12.0,24.0,0.3333333333333333,2.5172976157918012,29,31,37,-6,0.050823892960009553,1,0,0,0,0,0,0,0,0,14,70,8,0,6,1
1l6g,B,19,ASP,-3.5,111.1,-1.0,1,3,H,0.31901840490797545,-63.2,-39.5,13.0,18.0,0.41935483870967744,2.059071426355782,27,22,24,-2,0.04289723075523742,1,0,0,0,0,0,0,0,0,-1,0,0,0,0,0
1l6g,B,20,ASN,-3.5,114.1,0.0,2,2,H,0.0,-62.3,-39.6,24.0,18.0,0.5714285714285714,5.2580383472565035,34,14,29,-15,0.05502036118606539,1,0,0,0,0,0,0,0,0,-1,0,0,0,0,0
1l6g,B,21,VAL,4.2,140.0,0.0,0,0,H,0.007042253521126761,-77.6,-44.8,27.0,19.0,0.5869565217391305,5.534719728980362,41,22,24,-2,0.05548663543340492,1,0,0,0,0,0,0,0,0,-1,0,0,0,0,0
1l6g,B,22,GLU,-3.5,138.4,-1.0,1,3,H,0.25257731958762886,-59.0,-38.7,10.0,20.0,0.3333333333333333,2.1647723464591695,26,26,15,11,0.045694876239274644,1,0,0,0,0,0,0,0,0,-1,0,0,0,0,0
1l6g,B,23,ASN,-3.5,114.1,0.0,2,2,H,0.24203821656050956,-64.7,-32.3,15.0,13.0,0.5357142857142857,1.9527709897266663,24,25,18,7,0.04196468226055834,1,0,0,0,0,0,0,0,0,-1,0,0,0,0,0
1l6g,B,24,LEU,3.8,166.7,0.0,0,0,H,0.0,-75.0,-34.4,29.0,12.0,0.7073170731707317,4.921475512409051,36,30,12,18,0.048958795970651406,1,0,0,0,0,0,0,0,0,-1,0,0,0,0,0
1l6g,B,25,ARG,-4.5,173.4,1.0,5,0,H,0.2620967741935484,-61.2,-27.7,15.0,18.0,0.45454545454545453,2.147472051488319,27,18,24,-6,0.04429605349725603,1,0,0,0,0,0,0,0,0,8,751,12,0,105,1
1l6g,B,26,ARG,-4.5,173.4,1.0,5,0,H,0.6290322580645161,-81.2,-40.7,7.0,15.0,0.3181818181818182,1.8616280503848244,15,11,14,-3,0.030307826077069916,1,0,0,0,0,0,0,0,0,-1,0,0,0,0,0
1l6g,B,27,LEU,3.8,166.7,0.0,0,0,H,0.3902439024390244,-68.2,-31.1,17.0,9.0,0.6538461538461539,2.0209871350579727,25,24,9,15,0.032639197313767604,1,0,0,0,0,0,0,0,0,-1,0,0,0,0,0
1l6g,B,28,LEU,3.8,166.7,0.0,0,0,S,0.054878048780487805,-86.8,156.2,22.0,8.0,0.7333333333333333,3.1473101629908,32,25,24,1,0.040099585271200194,0,0,0,0,0,0,1,0,0,-1,0,0,0,0,0
1l6g,B,29,PRO,-1.6,112.7,0.0,0,0,-,0.3602941176470588,-67.3,133.2,12.0,8.0,0.6,2.1608499833891104,20,25,22,3,0.027510180593032695,0,0,0,0,0,0,0,0,0,-1,0,0,0,0,0
1l6g,B,30,ASP,-3.5,111.1,-1.0,1,3,T,0.9447852760736196,-47.5,-17.5,0.0,17.0,0.0,1.6721239129262173,11,21,8,13,0.022847438119637322,0,0,0,0,0,1,0,0,0,-1,0,0,0,0,0
1l6g,B,31,ASP,-3.5,111.1,-1.0,1,3,T,0.6687116564417178,-88.9,-12.7,6.0,12.0,0.3333333333333333,1.6795539699302333,17,17,8,9,0.025645083603674543,0,0,0,0,0,1,0,0,0,-1,0,0,0,0,0
1l6g,B,32,THR,-0.7,116.1,0.0,1,1,-,0.014084507042253521,-87.7,125.4,18.0,12.0,0.6,2.19778068467786,28,28,20,8,0.04149840801321881,0,0,0,0,0,0,0,0,0,-1,0,0,0,0,0
1l6g,B,33,HIS,-3.2,153.2,0.1,2,1,E,0.3641304347826087,-79.9,152.8,14.0,21.0,0.4,2.1812853629150695,26,28,13,15,0.043829779249916496,0,0,1,0,0,0,0,0,0,-1,0,0,0,0,0
1l6g,B,34,ILE,4.5,166.7,0.0,0,0,E,0.005917159763313609,-117.4,122.3,24.0,23.0,0.5106382978723404,3.81008671510528,38,37,9,28,0.05222271570202816,0,0,1,0,0,0,0,0,0,8,751,12,0,105,1
1l6g,B,35,MET,1.9,162.9,0.0,0,0,E,0.0,-111.5,113.7,21.0,22.0,0.4883720930232558,5.409999170050114,41,47,0,47,0.04709369898129325,0,0,1,0,0,0,0,0,0,-1,0,0,0,0,0
1l6g,B,36,ALA,1.8,88.6,0.0,0,0,E,0.009433962264150943,-77.3,121.0,29.0,21.0,0.58,6.425167650074561,43,29,3,26,0.05129016720734909,0,0,1,0,0,0,0,0,0,-1,0,0,0,0,0
1l6g,B,37,VAL,4.2,140.0,0.0,0,0,E,0.056338028169014086,-86.2,106.1,15.0,30.0,0.3333333333333333,3.4018924731384224,40,24,9,15,0.048026247475972325,0,0,1,0,0,0,0,0,0,-1,0,0,0,0,0
1l6g,B,38,VAL,4.2,140.0,0.0,0,0,-,0.014084507042253521,-118.6,32.3,24.0,21.0,0.5333333333333333,3.2476658262753295,45,23,19,4,0.05502036118606539,0,0,0,0,0,0,0,0,0,-1,0,0,0,0,0
1l6g,B,39,LYS,-3.9,168.6,1.0,2,0,H,0.1073170731707317,-72.1,164.1,21.0,24.0,0.4666666666666667,2.672509131353148,44,12,24,-12,0.05175644145468863,1,0,0,0,0,0,0,0,0,-1,0,0,0,0,0
1l6g,B,40,ALA,1.8,88.6,0.0,0,0,H,0.02830188679245283,57.2,50.4,24.0,24.0,0.5,1.9409423712723868,36,36,30,6,0.05035761871267001,1,0,0,0,0,0,0,0,0,-1,0,0,0,0,0
1l6g,B,41,ASN,-3.5,114.1,0.0,2,2,H,0.17834394904458598,53.3,43.5,19.0,22.0,0.4634146341463415,2.111306419618307,37,42,17,25,0.045228601991935104,1,0,0,0,0,0,0,0,0,-1,0,0,0,0,0
1l6g,B,42,ALA,1.8,88.6,0.0,0,0,H,0.0,60.1,54.5,21.0,22.0,0.4883720930232558,4.101737504658562,44,33,14,19,0.04755997322863279,1,0,0,0,0,0,0,0,0,-1,0,0,0,0,0
1l6g,B,43,TYR,-1.3,193.6,0.0,1,1,H,0.06756756756756757,48.8,40.9,21.0,22.0,0.4883720930232558,3.447039049876294,42,23,15,8,0.05129016720734909,1,0,0,0,0,0,0,0,0,16,24,18,0,6,1
1l6g,B,44,GLY,-0.4,60.1,0.0,0,0,H,0.047619047619047616,78.7,8.5,24.0,23.0,0.5106382978723404,2.4200706546570547,42,33,16,17,0.04709369898129325,1,0,0,0,0,0,0,0,0,-1,0,0,0,0,0
1l6g,B,45,HIS,-3.2,153.2,0.1,2,1,T,0.005434782608695652,-99.9,-9.9,26.0,23.0,0.5306122448979592,5.497718484147454,44,20,21,-1,0.05129016720734909,0,0,0,0,0,1,0,0,0,-1,0,0,0,0,0
1l6g,B,46,GLY,-0.4,60.1,0.0,0,0,-,0.0,112.8,100.8,23.0,21.0,0.5227272727272727,4.431564089389839,35,47,14,33,0.04662742473395372,0,0,0,0,0,0,0,0,0,-1,0,0,0,0,0
1l6g,B,47,ASP,-3.5,111.1,-1.0,1,3,H,0.08588957055214724,-50.3,-60.9,20.0,20.0,0.5,2.7695517584027147,40,41,11,30,0.04709369898129325,1,0,0,0,0,0,0,0,0,-1,0,0,0,0,0
1l6g,B,48,VAL,4.2,140.0,0.0,0,0,H,0.04225352112676056,-65.6,-38.1,11.0,26.0,0.2972972972972973,3.334953061588098,29,35,19,16,0.04616115048661418,1,0,0,0,0,0,0,0,0,-1,0,0,0,0,0
1l6g,B,49,GLN,-3.5,143.8,0.0,2,2,H,0.04040404040404041,-63.6,-42.4,20.0,15.0,0.5714285714285714,3.1371910983772207,31,47,20,27,0.04149840801321881,1,0,0,0,0,0,0,0,0,-1,0,0,0,0,0
1l6g,B,50,VAL,4.2,140.0,0.0,0,0,H,0.0,-74.0,-42.7,26.0,18.0,0.5909090909090909,5.556128330648226,43,28,18,10,0.050823892960009553,1,0,0,0,0,0,0,0,0,-1,0,0,0,0,0
1l6g,B,51,ALA,1.8,88.6,0.0,0,0,H,0.0,-52.7,-50.5,22.0,25.0,0.46808510638297873,4.39697458463085,43,23,16,7,0.048492521723311866,1,0,0,0,0,0,0,0,0,-1,0,0,0,0,0
1l6g,B,52,ARG,-4.5,173.4,1.0,5,0,H,0.3951612903225806,-60.4,-44.9,12.0,20.0,0.375,1.962444547800944,26,13,20,-7,0.03683566553982344,1,0,0,0,0,0,0,0,0,-1,0,0,0,0,0
1l6g,B,53,THR,-0.7,116.1,0.0,1,1,H,0.02112676056338028,-65.4,-37.4,26.0,13.0,0.6666666666666666,2.573830619062023,35,23,28,-5,0.04662742473395372,1,0,0,0,0,0,0,0,0,-1,0,0,0,0,0
1l6g,B,54,ALA,1.8,88.6,0.0,0,0,H,0.0,-67.4,-43.1,22.0,18.0,0.55,4.79816619263635,35,19,20,-1,0.04709369898129325,1,0,0,0,0,0,0,0,0,8,751,12,0,105,1
1l6g,B,55,LEU,3.8,166.7,0.0,0,0,H,0.3048780487804878,-63.2,-40.7,14.0,19.0,0.42424242424242425,2.162090999644612,27,14,14,0,0.03683566553982344,1,0,0,0,0,0,0,0,0,8,751,12,0,105,1
1l6g,B,56,GLU,-3.5,138.4,-1.0,1,3,H,0.5721649484536082,-61.4,-35.0,11.0,13.0,0.4583333333333333,1.7374496109557844,22,21,10,11,0.030307826077069916,1,0,0,0,0,0,0,0,0,-1,0,0,0,0,0
1l6g,B,57,ALA,1.8,88.6,0.0,0,0,H,0.04716981132075472,-86.1,-6.5,22.0,6.0,0.7857142857142857,2.1634276589272132,28,25,27,-2,0.040099585271200194,1,0,0,0,0,0,0,0,0,8,751,12,0,105,1
1l6g,B,58,GLY,-0.4,60.1,0.0,0,0,T,0.2976190476190476,132.8,-5.0,17.0,14.0,0.5483870967741935,1.7096095803478442,31,28,17,11,0.0363693912924839,0,0,0,0,0,1,0,0,0,8,751,12,0,105,1
1l6g,B,59,ALA,1.8,88.6,0.0,0,0,-,0.04716981132075472,-76.6,141.4,28.0,13.0,0.6829268292682927,2.4349422548008013,33,32,11,21,0.043363505002576956,0,0,0,0,0,0,0,0,0,8,751,12,0,105,1
1l6g,B,60,SER,-0.8,89.0,0.0,1,1,-,0.3384615384615385,-110.5,-17.8,8.0,25.0,0.24242424242424243,1.930860007556732,27,27,6,21,0.03683566553982344,0,0,0,0,0,0,0,0,0,8,751,12,0,105,1
1l6g,B,61,ARG,-4.5,173.4,1.0,5,0,E,0.13306451612903225,-138.1,165.6,18.0,18.0,0.5,2.884058960702926,30,31,7,24,0.04289723075523742,0,0,1,0,0,0,0,0,0,8,751,12,0,105,1
1l6g,B,62,LEU,3.8,166.7,0.0,0,0,E,0.0,-126.6,156.6,24.0,19.0,0.5581395348837209,5.588299878947859,40,29,10,19,0.04755997322863279,0,0,1,0,0,0,0,0,0,-1,0,0,0,0,0
1l6g,B,63,ALA,1.8,88.6,0.0,0,0,E,0.0,-135.7,135.9,16.0,29.0,0.35555555555555557,4.89467021471282,44,28,12,16,0.045694876239274644,0,0,1,0,0,0,0,0,0,-1,0,0,0,0,0
1l6g,B,64,VAL,4.2,140.0,0.0,0,0,E,0.014084507042253521,-127.0,173.5,21.0,21.0,0.5,3.389042135614655,40,17,23,-6,0.050823892960009553,0,0,1,0,0,0,0,0,0,-1,0,0,0,0,0
1l6g,B,65,ALA,1.8,88.6,0.0,0,0,S,0.05660377358490566,-80.4,-45.7,17.0,23.0,0.425,2.0909664568216324,44,30,27,3,0.04616115048661418,0,0,0,0,0,0,1,0,0,-1,0,0,0,0,0
1l6g,B,66,PHE,2.8,189.9,0.0,0,0,S,0.030456852791878174,-146.4,165.1,18.0,24.0,0.42857142857142855,3.22740957694068,42,42,33,9,0.048026247475972325,0,0,0,0,0,0,1,0,0,-1,0,0,0,0,0
1l6g,B,67,LEU,3.8,166.7,0.0,0,0,H,0.0,-41.2,-49.1,20.0,25.0,0.4444444444444444,4.517124942810882,39,33,29,4,0.05035761871267001,1,0,0,0,0,0,0,0,0,-1,0,0,0,0,0
1l6g,B,68,ASP,-3.5,111.1,-1.0,1,3,H,0.049079754601226995,-53.2,-36.9,18.0,25.0,0.4186046511627907,2.1466122273656767,35,40,27,13,0.045694876239274644,1,0,0,0,0,0,0,0,0,5,1223,17,0,229,1
1l6g,B,69,GLU,-3.5,138.4,-1.0,1,3,H,0.061855670103092786,-68.4,-30.2,24.0,20.0,0.5454545454545454,2.0687139733352953,40,39,21,18,0.04709369898129325,1,0,0,0,0,0,0,0,0,-1,0,0,0,0,0
1l6g,B,70,ALA,1.8,88.6,0.0,0,0,H,0.0,-77.8,-43.6,25.0,24.0,0.5102040816326531,4.042648659343802,35,29,30,-1,0.04709369898129325,1,0,0,0,0,0,0,0,0,-1,0,0,0,0,0
1l6g,B,71,LEU,3.8,166.7,0.0,0,0,H,0.1402439024390244,-61.2,-38.1,14.0,24.0,0.3684210526315789,2.1444395641848675,30,37,30,7,0.043829779249916496,1,0,0,0,0,0,0,0,0,5,1223,17,0,229,1
1l6g,B,72,ALA,1.8,88.6,0.0,0,0,H,0.08490566037735849,-61.7,-41.6,21.0,13.0,0.6176470588235294,1.8603103980813196,29,27,34,-7,0.03963331102386066,1,0,0,0,0,0,0,0,0,5,1223,17,0,229,1
1l6g,B,73,LEU,3.8,166.7,0.0,0,0,H,0.006097560975609756,-64.8,-40.0,30.0,9.0,0.7692307692307693,3.050409251706468,37,34,37,-3,0.04429605349725603,1,0,0,0,0,0,0,0,0,-1,0,0,0,0,0
1l6g,B,74,ARG,-4.5,173.4,1.0,5,0,H,0.0967741935483871,-61.7,-44.4,15.0,13.0,0.5357142857142857,2.374874834632592,28,18,23,-5,0.04149840801321881,1,0,0,0,0,0,0,0,0,27,13,10,0,1,1
1l6g,B,75,GLU,-3.5,138.4,-1.0,1,3,H,0.5515463917525774,-63.9,-34.7,9.0,8.0,0.5294117647058824,1.7296662089077905,20,24,11,13,0.026577632098353617,1,0,0,0,0,0,0,0,0,5,1223,17,0,229,1
1l6g,B,76,LYS,-3.9,168.6,1.0,2,0,T,0.43902439024390244,-77.4,-1.8,15.0,5.0,0.75,1.9350686095128482,24,25,24,1,0.029375277582390842,0,0,0,0,0,1,0,0,0,-1,0,0,0,0,0
1l6g,B,77,GLY,-0.4,60.1,0.0,0,0,T,0.5476190476190477,100.7,12.1,4.0,13.0,0.23529411764705882,1.7760513517733423,19,31,17,14,0.027043906345693154,0,0,0,0,0,1,0,0,0,-1,0,0,0,0,0
1l6g,B,78,ILE,4.5,166.7,0.0,0,0,-,0.04142011834319527,-83.6,133.8,23.0,5.0,0.8214285714285714,2.1798686904131523,29,37,24,13,0.03730193978716297,0,0,0,0,0,0,0,0,0,-1,0,0,0,0,0
1l6g,B,79,GLU,-3.5,138.4,-1.0,1,3,-,0.7371134020618557,-117.5,0.1,0.0,22.0,0.0,1.7393874534379503,16,28,4,24,0.02797645484037223,0,0,0,0,0,0,0,0,0,-1,0,0,0,0,0
1l6g,B,80,ALA,1.8,88.6,0.0,0,0,S,0.1509433962264151,-70.5,161.0,18.0,9.0,0.6666666666666666,2.268598673978353,24,36,9,27,0.032639197313767604,0,0,0,0,0,0,1,0,0,-1,0,0,0,0,0
1l6g,B,81,PRO,-1.6,112.7,0.0,0,0,-,0.35294117647058826,-67.7,141.6,11.0,22.0,0.3333333333333333,2.3142837567282686,29,39,10,29,0.03870076252918159,0,0,0,0,0,0,0,0,0,-1,0,0,0,0,0
1l6g,B,82,ILE,4.5,166.7,0.0,0,0,E,0.005917159763313609,-127.2,134.1,22.0,20.0,0.5238095238095238,3.2586356990689476,36,37,13,24,0.048492521723311866,0,0,1,0,0,0,0,0,0,-1,0,0,0,0,0
1l6g,B,83,LEU,3.8,166.7,0.0,0,0,E,0.0,-113.0,131.0,20.0,26.0,0.43478260869565216,4.613783115728051,40,44,6,38,0.04709369898129325,0,0,1,0,0,0,0,0,0,-1,0,0,0,0,0
1l6g,B,84,VAL,4.2,140.0,0.0,0,0,E,0.0,-88.1,118.0,23.0,18.0,0.5609756097560976,5.092177147212041,39,23,12,11,0.04989134446533048,0,0,1,0,0,0,0,0,0,-1,0,0,0,0,0
1l6g,B,85,LEU,3.8,166.7,0.0,0,0,-,0.12804878048780488,-80.5,-24.3,19.0,22.0,0.4634146341463415,2.1856801296776514,37,44,10,34,0.04103213376587927,0,0,0,0,0,0,0,0,0,-1,0,0,0,0,0
1l6g,B,86,GLY,-0.4,60.1,0.0,0,0,S,0.08333333333333333,-96.6,-164.5,23.0,18.0,0.5609756097560976,2.131862008250905,35,30,12,18,0.040099585271200194,0,0,0,0,0,0,1,0,0,-1,0,0,0,0,0
1l6g,B,87,ALA,1.8,88.6,0.0,0,0,-,0.1792452830188679,-78.2,156.0,21.0,23.0,0.4772727272727273,1.7676424487571634,39,34,16,18,0.04149840801321881,0,0,0,0,0,0,0,0,0,-1,0,0,0,0,0
1l6g,B,88,SER,-0.8,89.0,0.0,1,1,-,0.1076923076923077,-147.1,163.0,26.0,19.0,0.5777777777777777,1.8452954112835258,37,28,17,11,0.043363505002576956,0,0,0,0,0,0,0,0,0,-1,0,0,0,0,0
1l6g,B,89,ARG,-4.5,173.4,1.0,5,0,-,0.23387096774193547,-85.7,136.4,12.0,22.0,0.35294117647058826,2.1684156426677488,28,23,26,-3,0.03357174580844668,0,0,0,0,0,0,0,0,0,-1,0,0,0,0,0
1l6g,B,90,PRO,-1.6,112.7,0.0,0,0,G,0.15441176470588236,-57.2,-29.4,14.0,17.0,0.45161290322580644,2.147714637187285,30,13,29,-16,0.03870076252918159,0,0,0,1,0,0,0,0,0,4,2108,9,0,240,1
1l6g,B,91,ALA,1.8,88.6,0.0,0,0,G,0.6886792452830188,-69.1,-11.5,2.0,20.0,0.09090909090909091,1.7676422022726765,23,20,19,1,0.03124037457174899,0,0,0,1,0,0,0,0,0,4,2108,9,0,240,1
1l6g,B,92,ASP,-3.5,111.1,-1.0,1,3,G,0.12269938650306748,-100.6,4.5,16.0,15.0,0.5161290322580645,2.2703919238162493,29,23,9,14,0.0363693912924839,0,0,0,1,0,0,0,0,0,4,2108,9,0,240,1
1l6g,B,93,ALA,1.8,88.6,0.0,0,0,H,0.018867924528301886,-57.3,-45.0,22.0,17.0,0.5641025641025641,2.5253322772805875,35,19,10,9,0.04709369898129325,1,0,0,0,0,0,0,0,0,4,2108,9,0,240,1
1l6g,B,94,ALA,1.8,88.6,0.0,0,0,H,0.41509433962264153,-62.0,-41.7,8.0,22.0,0.26666666666666666,1.8301841912244352,29,9,8,1,0.03870076252918159,1,0,0,0,0,0,0,0,0,4,2108,9,0,240,1
1l6g,B,95,LEU,3.8,166.7,0.0,0,0,H,0.3170731707317073,-62.2,-47.4,10.0,18.0,0.35714285714285715,2.3111719916571984,26,18,12,6,0.03450429430312575,1,0,0,0,0,0,0,0,0,4,2108,9,0,240,1
1l6g,B,96,ALA,1.8,88.6,0.0,0,0,H,0.0,-61.7,-41.5,24.0,12.0,0.6666666666666666,3.135500315808342,32,30,9,21,0.04243095650789788,1,0,0,0,0,0,0,0,0,27,13,10,0,1,1
1l6g,B,97,ALA,1.8,88.6,0.0,0,0,H,0.05660377358490566,-66.8,-39.7,17.0,16.0,0.5151515151515151,2.2407753479346644,25,29,5,24,0.04755997322863279,1,0,0,0,0,0,0,0,0,27,13,10,0,1,1
1l6g,B,98,GLN,-3.5,143.8,0.0,2,2,H,0.5404040404040404,-64.6,-34.8,6.0,14.0,0.3,2.0202424407742683,17,13,2,11,0.03590311704514436,1,0,0,0,0,0,0,0,0,27,13,10,0,1,1
1l6g,B,99,GLN,-3.5,143.8,0.0,2,2,T,0.31313131313131315,-95.5,7.2,19.0,11.0,0.6333333333333333,1.9754246804577302,23,22,12,10,0.03776821403450251,0,0,0,0,0,1,0,0,0,27,13,10,0,1,1
1l6g,B,100,ARG,-4.5,173.4,1.0,5,0,T,0.532258064516129,61.1,51.3,8.0,21.0,0.27586206896551724,1.8841796066879046,23,20,11,9,0.03823448828184205,0,0,0,0,0,1,0,0,0,27,13,10,0,1,1
1l6g,B,101,ILE,4.5,166.7,0.0,0,0,E,0.023668639053254437,-118.4,119.4,24.0,17.0,0.5853658536585366,2.95288517754909,40,32,12,20,0.048958795970651406,0,0,1,0,0,0,0,0,0,27,13,10,0,1,1
1l6g,B,102,ALA,1.8,88.6,0.0,0,0,E,0.0660377358490566,-74.7,144.3,19.0,25.0,0.4318181818181818,2.672200653672418,44,39,9,30,0.048958795970651406,0,0,1,0,0,0,0,0,0,27,13,10,0,1,1
1l6g,B,103,LEU,3.8,166.7,0.0,0,0,E,0.006097560975609756,-116.2,148.1,21.0,23.0,0.4772727272727273,4.391418782302334,42,26,9,17,0.048026247475972325,0,0,1,0,0,0,0,0,0,4,2108,9,0,240,1
1l6g,B,104,THR,-0.7,116.1,0.0,1,1,E,0.06338028169014084,-88.8,137.8,20.0,23.0,0.46511627906976744,2.7769379814410082,37,22,0,22,0.05035761871267001,0,0,1,0,0,0,0,0,0,-1,0,0,0,0,0
1l6g,B,105,VAL,4.2,140.0,0.0,0,0,-,0.014084507042253521,-133.7,142.9,28.0,18.0,0.6086956521739131,2.450705191987865,39,22,8,14,0.04755997322863279,0,0,0,0,0,0,0,0,0,-1,0,0,0,0,0
1l6g,B,106,PHE,2.8,189.9,0.0,0,0,-,0.07614213197969544,-151.8,7.1,18.0,21.0,0.46153846153846156,1.9878769337795887,33,38,19,19,0.045228601991935104,0,0,0,0,0,0,0,0,0,-1,0,0,0,0,0
1l6g,B,107,ARG,-4.5,173.4,1.0,5,0,-,0.1693548387096774,-135.2,132.8,15.0,24.0,0.38461538461538464,2.003944150745385,31,19,30,-11,0.043363505002576956,0,0,0,0,0,0,0,0,0,-1,0,0,0,0,0
1l6g,B,108,SER,-0.8,89.0,0.0,1,1,H,0.07692307692307693,-69.2,-32.5,13.0,16.0,0.4482758620689655,2.4029250137364486,27,29,41,-12,0.04476232774459557,1,0,0,0,0,0,0,0,0,29,16,3,0,0,1
1l6g,B,109,ASP,-3.5,111.1,-1.0,1,3,H,0.3374233128834356,-70.4,-19.0,5.0,20.0,0.2,1.7317588468085718,20,22,25,-3,0.03357174580844668,1,0,0,0,0,0,0,0,0,-1,0,0,0,0,0
1l6g,B,110,TRP,-0.9,227.8,0.0,1,0,H,0.14096916299559473,-71.3,-44.7,20.0,11.0,0.6451612903225806,2.3385508441876017,31,17,31,-14,0.03916703677652112,1,0,0,0,0,0,0,0,0,-1,0,0,0,0,0
1l6g,B,111,LEU,3.8,166.7,0.0,0,0,H,0.0,-64.6,-40.7,23.0,15.0,0.6052631578947368,4.606481344040718,34,30,31,-1,0.04989134446533048,1,0,0,0,0,0,0,0,0,30,5,5,0,0,1
1l6g,B,112,GLU,-3.5,138.4,-1.0,1,3,H,0.5463917525773195,-55.0,-40.4,4.0,19.0,0.17391304347826086,1.8659229967085982,20,16,20,-4,0.03730193978716297,1,0,0,0,0,0,0,0,0,30,5,5,0,0,1
1l6g,B,113,GLU,-3.5,138.4,-1.0,1,3,H,0.5515463917525774,-69.3,-49.9,10.0,9.0,0.5263157894736842,1.8261040266332529,20,9,18,-9,0.03823448828184205,1,0,0,0,0,0,0,0,0,30,5,5,0,0,1
1l6g,B,114,ALA,1.8,88.6,0.0,0,0,H,0.0,-59.0,-39.7,25.0,8.0,0.7575757575757576,3.44255879640829,29,16,26,-10,0.04709369898129325,1,0,0,0,0,0,0,0,0,30,5,5,0,0,1
1l6g,B,115,SER,-0.8,89.0,0.0,1,1,H,0.25384615384615383,-57.8,-50.3,13.0,16.0,0.4482758620689655,2.112922797639428,24,28,20,8,0.03823448828184205,1,0,0,0,0,0,0,0,0,30,5,5,0,0,1
1l6g,B,116,ALA,1.8,88.6,0.0,0,0,H,0.8584905660377359,-64.5,-18.1,5.0,12.0,0.29411764705882354,1.7855291770700377,18,7,16,-9,0.022847438119637322,1,0,0,0,0,0,0,0,0,30,5,5,0,0,1
1l6g,B,117,LEU,3.8,166.7,0.0,0,0,H,0.6707317073170732,-103.2,-26.7,12.0,7.0,0.631578947368421,1.8859729228295636,20,6,18,-12,0.02797645484037223,1,0,0,0,0,0,0,0,0,30,5,5,0,0,1
1l6g,B,118,TYR,-1.3,193.6,0.0,1,1,-,0.06756756756756757,-115.1,129.6,23.0,3.0,0.8846153846153846,2.251975858392232,29,20,6,14,0.03590311704514436,0,0,0,0,0,0,0,0,0,30,5,5,0,0,1
1l6g,B,119,SER,-0.8,89.0,0.0,1,1,-,0.7846153846153846,-118.6,-15.8,0.0,19.0,0.0,1.7395997226291218,17,19,0,19,0.030774100324409453,0,0,0,0,0,0,0,0,0,30,5,5,0,0,1
1l6g,B,120,GLY,-0.4,60.1,0.0,0,0,-,0.25,138.6,-164.9,4.0,16.0,0.2,1.7594302808226208,18,17,0,17,0.03403802005578621,0,0,0,0,0,0,0,0,0,-1,0,0,0,0,0
1l6g,B,121,PRO,-1.6,112.7,0.0,0,0,S,0.7352941176470589,-89.4,-13.6,0.0,15.0,0.0,1.833910938692482,13,13,0,13,0.02471253510899547,0,0,0,0,0,0,1,0,0,-1,0,0,0,0,0
1l6g,B,122,PHE,2.8,189.9,0.0,0,0,S,0.4213197969543147,-71.7,139.2,13.0,9.0,0.5909090909090909,2.1417076796879666,18,21,0,21,0.03170664881908853,0,0,0,0,0,0,1,0,0,-1,0,0,0,0,0
1l6g,B,123,PRO,-1.6,112.7,0.0,0,0,-,0.45588235294117646,-85.0,149.9,6.0,22.0,0.21428571428571427,2.1104780554928086,23,33,0,33,0.040565859518539735,0,0,0,0,0,0,0,0,0,-1,0,0,0,0,0
1l6g,B,124,ILE,4.5,166.7,0.0,0,0,E,0.005917159763313609,-109.6,124.9,24.0,14.0,0.631578947368421,2.9609743170053164,36,38,9,29,0.04989134446533048,0,0,1,0,0,0,0,0,0,4,2108,9,0,240,1
1l6g,B,125,HIS,-3.2,153.2,0.1,2,1,E,0.3858695652173913,-93.4,122.0,15.0,21.0,0.4166666666666667,2.079084088296653,31,26,9,17,0.045694876239274644,0,0,1,0,0,0,0,0,0,-1,0,0,0,0,0
1l6g,B,126,PHE,2.8,189.9,0.0,0,0,E,0.0,-109.9,148.3,19.0,23.0,0.4523809523809524,5.483863349525889,36,29,10,19,0.053155264196707235,0,0,1,0,0,0,0,0,0,-1,0,0,0,0,0
1l6g,B,127,HIS,-3.2,153.2,0.1,2,1,E,0.0,-123.1,119.3,17.0,22.0,0.4358974358974359,4.531346387078452,34,29,9,20,0.0526889899493677,0,0,1,0,0,0,0,0,0,-1,0,0,0,0,0
1l6g,B,128,LEU,3.8,166.7,0.0,0,0,-,0.018292682926829267,-79.3,360.0,26.0,22.0,0.5416666666666666,3.2786683788763717,41,25,11,14,0.048958795970651406,0,0,0,0,0,0,0,0,0,-1,0,0,0,0,0
1l6g,B,130,MET,1.9,162.9,0.0,0,0,-,0.05319148936170213,360.0,125.3,22.0,19.0,0.5365853658536586,3.4410236236456213,38,37,17,20,0.048492521723311866,0,0,0,0,0,0,0,0,0,-1,0,0,0,0,0
1l6g,B,131,ASP,-3.5,111.1,-1.0,1,3,-,0.03067484662576687,-85.7,111.1,20.0,18.0,0.5263157894736842,1.9536165381585195,35,50,10,40,0.04429605349725603,0,0,0,0,0,0,0,0,0,-1,0,0,0,0,0
1l6g,B,132,THR,-0.7,116.1,0.0,1,1,S,0.014084507042253521,-106.1,7.9,21.0,15.0,0.5833333333333334,2.43462543177506,35,39,10,29,0.048958795970651406,0,0,0,0,0,0,1,0,0,25,24,7,0,2,1
1l6g,B,133,GLY,-0.4,60.1,0.0,0,0,S,0.047619047619047616,143.8,3.3,18.0,21.0,0.46153846153846156,2.063583932276262,36,42,17,25,0.04662742473395372,0,0,0,0,0,0,1,0,0,-1,0,0,0,0,0
1l6g,B,134,MET,1.9,162.9,0.0,0,0,-,0.026595744680851064,-85.1,-34.0,20.0,23.0,0.46511627906976744,2.8289227922709554,39,40,11,29,0.050823892960009553,0,0,0,0,0,0,0,0,0,35,0,17,0,0,1
1l6g,B,135,GLY,-0.4,60.1,0.0,0,0,-,0.023809523809523808,76.2,13.2,27.0,20.0,0.574468085106383,2.855418523918848,39,54,16,38,0.04429605349725603,0,0,0,0,0,0,0,0,0,-1,0,0,0,0,0
1l6g,B,136,ARG,-4.5,173.4,1.0,5,0,S,0.12096774193548387,-90.8,-75.5,20.0,28.0,0.4166666666666667,2.4446615359017922,43,27,14,13,0.04196468226055834,0,0,0,0,0,0,1,0,0,35,0,17,0,0,1
1l6g,B,137,LEU,3.8,166.7,0.0,0,0,S,0.15853658536585366,-131.0,163.6,19.0,21.0,0.475,2.106040694474024,37,46,8,38,0.04103213376587927,0,0,0,0,0,0,1,0,0,-1,0,0,0,0,0
1l6g,B,138,GLY,-0.4,60.1,0.0,0,0,S,0.05952380952380952,117.6,155.1,16.0,20.0,0.4444444444444444,1.9227770904808912,34,51,22,29,0.04103213376587927,0,0,0,0,0,0,1,0,0,-1,0,0,0,0,0
1l6g,B,139,VAL,4.2,140.0,0.0,0,0,-,0.028169014084507043,-74.3,157.8,24.0,14.0,0.631578947368421,2.7753191944058004,34,41,35,6,0.04709369898129325,0,0,0,0,0,0,0,0,0,26,20,8,0,2,1
1l6g,B,140,LYS,-3.9,168.6,1.0,2,0,-,0.2097560975609756,-122.4,-27.2,12.0,22.0,0.35294117647058826,1.9596435374481338,29,31,36,-5,0.03730193978716297,0,0,0,0,0,0,0,0,0,26,20,8,0,2,1
1l6g,B,141,ASP,-3.5,111.1,-1.0,1,3,S,0.4049079754601227,-124.1,159.0,7.0,20.0,0.25925925925925924,2.099861065138182,23,37,32,5,0.03357174580844668,0,0,0,0,0,0,1,0,0,29,16,3,0,0,1
1l6g,B,142,GLU,-3.5,138.4,-1.0,1,3,H,0.4742268041237113,-63.3,-40.9,7.0,16.0,0.30434782608695654,1.8939612056865025,19,31,30,1,0.03590311704514436,1,0,0,0,0,0,0,0,0,26,20,8,0,2,1
1l6g,B,143,GLU,-3.5,138.4,-1.0,1,3,H,0.6030927835051546,-56.5,-49.1,0.0,16.0,0.0,1.7584178396945105,12,24,26,-2,0.032172923066428064,1,0,0,0,0,0,0,0,0,29,16,3,0,0,1
1l6g,B,144,GLU,-3.5,138.4,-1.0,1,3,H,0.15979381443298968,-66.2,-37.1,14.0,12.0,0.5384615384615384,2.5024798509845896,26,38,32,6,0.040099585271200194,1,0,0,0,0,0,0,0,0,29,16,3,0,0,1
1l6g,B,145,THR,-0.7,116.1,0.0,1,1,H,0.0,-63.9,-49.9,15.0,15.0,0.5,4.686673473523098,30,29,40,-11,0.05175644145468863,1,0,0,0,0,0,0,0,0,29,16,3,0,0,1
1l6g,B,146,LYS,-3.9,168.6,1.0,2,0,H,0.40487804878048783,-62.5,-38.8,6.0,19.0,0.24,2.0418965052613607,23,11,40,-29,0.040565859518539735,1,0,0,0,0,0,0,0,0,-1,0,0,0,0,0
1l6g,B,147,ARG,-4.5,173.4,1.0,5,0,H,0.4112903225806452,-59.0,-42.8,12.0,13.0,0.48,1.8556832843085287,20,16,43,-27,0.03776821403450251,1,0,0,0,0,0,0,0,0,29,16,3,0,0,1
1l6g,B,148,ILE,4.5,166.7,0.0,0,0,H,0.0,-65.6,-48.3,23.0,15.0,0.6052631578947368,4.7163634474314176,32,30,40,-10,0.045694876239274644,1,0,0,0,0,0,0,0,0,-1,0,0,0,0,0
1l6g,B,149,VAL,4.2,140.0,0.0,0,0,H,0.06338028169014084,-55.7,-44.1,14.0,21.0,0.4,2.5433969045079996,30,24,17,7,0.040565859518539735,1,0,0,0,0,0,0,0,0,-1,0,0,0,0,0
1l6g,B,150,ALA,1.8,88.6,0.0,0,0,H,0.41509433962264153,-62.4,-45.3,7.0,16.0,0.30434782608695654,1.9586583531428814,20,34,15,19,0.03310547156110714,1,0,0,0,0,0,0,0,0,-1,0,0,0,0,0
1l6g,B,151,LEU,3.8,166.7,0.0,0,0,H,0.04878048780487805,-61.7,-38.3,17.0,11.0,0.6071428571428571,2.0582039343898515,26,36,28,8,0.04243095650789788,1,0,0,0,0,0,0,0,0,-1,0,0,0,0,0
1l6g,B,152,ILE,4.5,166.7,0.0,0,0,H,0.011834319526627219,-69.4,-43.9,20.0,13.0,0.6060606060606061,2.9902853182630302,32,41,12,29,0.04662742473395372,1,0,0,0,0,0,0,0,0,-1,0,0,0,0,0
1l6g,B,153,GLU,-3.5,138.4,-1.0,1,3,H,0.634020618556701,-58.1,-45.2,8.0,15.0,0.34782608695652173,1.7803518713124145,19,26,0,26,0.03170664881908853,1,0,0,0,0,0,0,0,0,-1,0,0,0,0,0
1l6g,B,154,ARG,-4.5,173.4,1.0,5,0,H,0.7419354838709677,-60.2,-42.5,8.0,9.0,0.47058823529411764,1.825322715838351,15,16,12,4,0.02984155182973038,1,0,0,0,0,0,0,0,0,-1,0,0,0,0,0
1l6g,B,155,HIS,-3.2,153.2,0.1,2,1,S,0.14130434782608695,-79.5,130.4,22.0,4.0,0.8461538461538461,1.9454513497317805,26,21,9,12,0.03450429430312575,0,0,0,0,0,0,1,0,0,30,5,5,0,0,1
1l6g,B,156,PRO,-1.6,112.7,0.0,0,0,T,0.7720588235294118,-66.5,-24.4,5.0,14.0,0.2631578947368421,1.883208382252086,18,28,6,22,0.025645083603674543,0,0,0,0,0,1,0,0,0,-1,0,0,0,0,0
1l6g,B,157,HIS,-3.2,153.2,0.1,2,1,T,0.25,-104.0,4.0,14.0,12.0,0.5384615384615384,2.287620182707421,21,18,2,16,0.04243095650789788,0,0,0,0,0,1,0,0,0,-1,0,0,0,0,0
1l6g,B,158,PHE,2.8,189.9,0.0,0,0,E,0.04568527918781726,-100.6,130.1,17.0,16.0,0.5151515151515151,3.6308240053633245,36,38,11,27,0.04755997322863279,0,0,1,0,0,0,0,0,0,30,5,5,0,0,1
1l6g,B,159,VAL,4.2,140.0,0.0,0,0,E,0.39436619718309857,-131.8,134.3,11.0,20.0,0.3548387096774194,2.4650611787296364,27,34,18,16,0.04103213376587927,0,0,1,0,0,0,0,0,0,-1,0,0,0,0,0
1l6g,B,160,LEU,3.8,166.7,0.0,0,0,E,0.16463414634146342,-91.7,94.3,18.0,18.0,0.5,2.23573501811253,32,28,18,10,0.04149840801321881,0,0,1,0,0,0,0,0,0,-1,0,0,0,0,0
1l6g,B,161,GLU,-3.5,138.4,-1.0,1,3,E,0.14948453608247422,-76.8,-32.5,14.0,17.0,0.45161290322580644,2.1209288154066566,30,35,0,35,0.040565859518539735,0,0,1,0,0,0,0,0,0,-1,0,0,0,0,0
1l6g,B,162,GLY,-0.4,60.1,0.0,0,0,E,0.0,-164.1,-179.5,14.0,18.0,0.4375,4.806571808704789,35,42,9,33,0.048026247475972325,0,0,1,0,0,0,0,0,0,-1,0,0,0,0,0
1l6g,B,163,LEU,3.8,166.7,0.0,0,0,E,0.0,-153.1,147.7,21.0,22.0,0.4883720930232558,5.33194480083457,36,36,8,28,0.04989134446533048,0,0,1,0,0,0,0,0,0,-1,0,0,0,0,0
1l6g,B,164,TYR,-1.3,193.6,0.0,1,1,E,0.1036036036036036,-158.2,178.1,22.0,22.0,0.5,2.2028353659254103,38,42,6,36,0.045228601991935104,0,0,1,0,0,0,0,0,0,-1,0,0,0,0,0
1l6g,B,165,THR,-0.7,116.1,0.0,1,1,-,0.028169014084507043,-141.2,177.0,22.0,22.0,0.5,2.413339818488351,38,38,8,30,0.04755997322863279,0,0,0,0,0,0,0,0,0,1,11308,9,0,1355,1
1l6g,B,166,HIS,-3.2,153.2,0.1,2,1,-,0.16304347826086957,-140.0,138.8,12.0,26.0,0.3157894736842105,1.8886595444417154,34,30,7,23,0.04662742473395372,0,0,0,0,0,0,0,0,0,35,0,17,0,0,1
1l6g,B,167,PHE,2.8,189.9,0.0,0,0,-,0.015228426395939087,-90.8,137.3,24.0,19.0,0.5581395348837209,3.9559524925740153,40,25,9,16,0.04989134446533048,0,0,0,0,0,0,0,0,0,35,0,17,0,0,1
1l6g,B,168,ALA,1.8,88.6,0.0,0,0,S,0.009433962264150943,-90.4,-22.2,22.0,18.0,0.55,2.462165564930681,36,31,18,13,0.048492521723311866,0,0,0,0,0,0,1,0,0,35,0,17,0,0,1
1l6g,B,169,THR,-0.7,116.1,0.0,1,1,S,0.014084507042253521,-135.1,31.4,18.0,17.0,0.5142857142857142,2.083444225904345,32,17,23,-6,0.043829779249916496,0,0,0,0,0,0,1,0,0,-1,0,0,0,0,0
1l6g,B,170,ALA,1.8,88.6,0.0,0,0,T,0.009433962264150943,-68.6,-11.7,17.0,19.0,0.4722222222222222,2.273845485470463,34,19,19,0,0.048492521723311866,0,0,0,0,0,1,0,0,0,-1,0,0,0,0,0
1l6g,B,171,ASP,-3.5,111.1,-1.0,1,3,T,0.2822085889570552,-102.1,12.9,15.0,20.0,0.42857142857142855,1.7447524198827793,33,13,9,4,0.04196468226055834,0,0,0,0,0,1,0,0,0,-1,0,0,0,0,0
1l6g,B,172,GLU,-3.5,138.4,-1.0,1,3,S,0.38144329896907214,-97.9,136.2,13.0,13.0,0.5,2.0675214047657096,27,9,14,-5,0.03403802005578621,0,0,0,0,0,0,1,0,0,-1,0,0,0,0,0
1l6g,B,173,VAL,4.2,140.0,0.0,0,0,S,0.6267605633802817,-58.9,-38.1,6.0,17.0,0.2608695652173913,1.925171187063904,18,8,22,-14,0.029375277582390842,0,0,0,0,0,0,1,0,0,-1,0,0,0,0,0
1l6g,B,174,ASN,-3.5,114.1,0.0,2,2,-,0.5923566878980892,-79.8,129.2,4.0,10.0,0.2857142857142857,1.7863718199365273,15,5,22,-17,0.02471253510899547,0,0,0,0,0,0,0,0,0,-1,0,0,0,0,0
1l6g,B,175,THR,-0.7,116.1,0.0,1,1,-,0.3028169014084507,-105.6,27.7,9.0,13.0,0.4090909090909091,1.8940183170221903,18,7,21,-14,0.03590311704514436,0,0,0,0,0,0,0,0,0,-1,0,0,0,0,0
1l6g,B,176,ASP,-3.5,111.1,-1.0,1,3,H,0.7055214723926381,-66.7,-52.5,3.0,15.0,0.16666666666666666,1.7259726616260056,13,1,7,-6,0.026577632098353617,1,0,0,0,0,0,0,0,0,-1,0,0,0,0,0
1l6g,B,177,TYR,-1.3,193.6,0.0,1,1,H,0.17567567567567569,-69.2,-39.3,18.0,9.0,0.6666666666666666,2.3074087119444724,32,15,17,-2,0.03916703677652112,1,0,0,0,0,0,0,0,0,25,24,7,0,2,1
1l6g,B,178,PHE,2.8,189.9,0.0,0,0,H,0.07106598984771574,-55.4,-45.1,14.0,19.0,0.42424242424242425,3.06171597279361,30,22,20,2,0.04755997322863279,1,0,0,0,0,0,0,0,0,-1,0,0,0,0,0
1l6g,B,179,SER,-0.8,89.0,0.0,1,1,H,0.4307692307692308,-65.2,-37.1,4.0,19.0,0.17391304347826086,1.9551614534900432,18,10,8,2,0.03590311704514436,1,0,0,0,0,0,0,0,0,-1,0,0,0,0,0
1l6g,B,180,TYR,-1.3,193.6,0.0,1,1,H,0.481981981981982,-62.8,-43.8,11.0,11.0,0.5,1.8357417089008115,26,22,14,8,0.0363693912924839,1,0,0,0,0,0,0,0,0,25,24,7,0,2,1
1l6g,B,181,GLN,-3.5,143.8,0.0,2,2,H,0.0,-65.9,-43.2,23.0,9.0,0.71875,4.227446985240045,29,20,12,8,0.053155264196707235,1,0,0,0,0,0,0,0,0,25,24,7,0,2,1
1l6g,B,182,TYR,-1.3,193.6,0.0,1,1,H,0.14864864864864866,-63.0,-40.8,13.0,21.0,0.38235294117647056,2.3904402105131237,27,22,4,18,0.04616115048661418,1,0,0,0,0,0,0,0,0,1,11308,9,0,1355,1
1l6g,B,183,THR,-0.7,116.1,0.0,1,1,H,0.6267605633802817,-69.3,-42.1,6.0,15.0,0.2857142857142857,2.048026581035798,20,23,3,20,0.035436842797804825,1,0,0,0,0,0,0,0,0,-1,0,0,0,0,0
1l6g,B,184,ARG,-4.5,173.4,1.0,5,0,H,0.28225806451612906,-58.3,-38.6,17.0,9.0,0.6538461538461539,2.087728620757335,26,19,16,3,0.04289723075523742,1,0,0,0,0,0,0,0,0,26,20,8,0,2,1
1l6g,B,185,PHE,2.8,189.9,0.0,0,0,H,0.0,-62.8,-47.1,20.0,15.0,0.5714285714285714,4.967991137424365,34,35,11,24,0.050823892960009553,1,0,0,0,0,0,0,0,0,1,11308,9,0,1355,1
1l6g,B,186,LEU,3.8,166.7,0.0,0,0,H,0.4024390243902439,-63.7,-28.7,7.0,18.0,0.28,2.0840994240718755,22,27,9,18,0.03776821403450251,1,0,0,0,0,0,0,0,0,-1,0,0,0,0,0
1l6g,B,187,HIS,-3.2,153.2,0.1,2,1,H,0.5434782608695652,-74.2,-45.4,10.0,8.0,0.5555555555555556,1.9260933260800457,17,13,18,-5,0.03823448828184205,1,0,0,0,0,0,0,0,0,-1,0,0,0,0,0
1l6g,B,188,MET,1.9,162.9,0.0,0,0,H,0.0,-70.6,-28.9,20.0,9.0,0.6896551724137931,4.126459827070365,28,32,30,2,0.04662742473395372,1,0,0,0,0,0,0,0,0,26,20,8,0,2,1
1l6g,B,189,LEU,3.8,166.7,0.0,0,0,G,0.08536585365853659,-63.0,-23.7,15.0,17.0,0.46875,2.394756390928428,32,32,9,23,0.04289723075523742,0,0,0,1,0,0,0,0,0,-1,0,0,0,0,0
1l6g,B,190,GLU,-3.5,138.4,-1.0,1,3,G,0.7577319587628866,-69.5,-15.3,6.0,13.0,0.3157894736842105,1.7831355799070328,18,20,5,15,0.03450429430312575,0,0,0,1,0,0,0,0,0,-1,0,0,0,0,0
1l6g,B,191,TRP,-0.9,227.8,0.0,1,0,G,0.1013215859030837,-79.3,-15.4,18.0,8.0,0.6923076923076923,2.404842488483786,22,34,36,-2,0.03776821403450251,0,0,0,1,0,0,0,0,0,26,20,8,0,2,1
1l6g,B,192,LEU,3.8,166.7,0.0,0,0,S,0.08536585365853659,-82.5,135.0,15.0,14.0,0.5172413793103449,2.260547464672054,26,21,19,2,0.03823448828184205,0,0,0,0,0,0,1,0,0,-1,0,0,0,0,0
1l6g,B,193,PRO,-1.6,112.7,0.0,0,0,S,0.5808823529411765,-59.9,-40.0,8.0,9.0,0.47058823529411764,1.9260029690996154,17,16,15,1,0.020516066882939634,0,0,0,0,0,0,1,0,0,-1,0,0,0,0,0
1l6g,B,194,SER,-0.8,89.0,0.0,1,1,S,0.6307692307692307,-144.9,145.3,6.0,12.0,0.3333333333333333,1.8487527703763247,18,14,10,4,0.020516066882939634,0,0,0,0,0,0,1,0,0,-1,0,0,0,0,0
1l6g,B,195,ARG,-4.5,173.4,1.0,5,0,-,0.5201612903225806,-72.0,125.6,9.0,14.0,0.391304347826087,1.8324612030658665,18,1,8,-7,0.03124037457174899,0,0,0,0,0,0,0,0,0,-1,0,0,0,0,0
1l6g,B,196,PRO,-1.6,112.7,0.0,0,0,-,0.051470588235294115,-64.4,162.2,20.0,5.0,0.8,2.017471971694648,24,25,10,15,0.035436842797804825,0,0,0,0,0,0,0,0,0,-1,0,0,0,0,0
1l6g,B,197,PRO,-1.6,112.7,0.0,0,0,S,0.6911764705882353,-65.0,-21.9,5.0,17.0,0.22727272727272727,1.8912256018623108,20,33,9,24,0.027510180593032695,0,0,0,0,0,0,1,0,0,-1,0,0,0,0,0
1l6g,B,198,LEU,3.8,166.7,0.0,0,0,E,0.06707317073170732,-123.9,107.0,19.0,13.0,0.59375,3.1081877196972854,31,51,10,41,0.04616115048661418,0,0,1,0,0,0,0,0,0,-1,0,0,0,0,0
1l6g,B,199,VAL,4.2,140.0,0.0,0,0,E,0.0,-112.9,125.0,10.0,23.0,0.30303030303030304,4.418591928574714,32,39,5,34,0.05175644145468863,0,0,1,0,0,0,0,0,0,-1,0,0,0,0,0
1l6g,B,200,HIS,-3.2,153.2,0.1,2,1,E,0.0,-141.7,160.5,17.0,20.0,0.4594594594594595,5.9492044624560165,38,43,4,39,0.05548663543340492,0,0,1,0,0,0,0,0,0,1,11308,9,0,1355,1
1l6g,B,201,CYS,2.5,108.5,0.0,1,0,-,0.0,-161.0,-28.9,24.0,21.0,0.5333333333333333,5.382969744653903,34,37,0,37,0.0526889899493677,0,0,0,0,0,0,0,0,0,1,11308,9,0,1355,1
1l6g,B,202,ALA,1.8,88.6,0.0,0,0,-,0.009433962264150943,-75.8,138.4,21.0,20.0,0.5121951219512195,4.660856772769408,39,43,2,41,0.048958795970651406,0,0,0,0,0,0,0,0,0,1,11308,9,0,1355,1
1l6g,B,203,ASN,-3.5,114.1,0.0,2,2,-,0.1464968152866242,-109.5,-169.8,12.0,25.0,0.32432432432432434,2.5687603681024105,38,34,7,27,0.04429605349725603,0,0,0,0,0,0,0,0,0,-1,0,0,0,0,0
1l6g,B,204,SER,-0.8,89.0,0.0,1,1,H,0.03076923076923077,-47.7,-57.7,19.0,23.0,0.4523809523809524,2.3791350839088206,41,18,7,11,0.043829779249916496,1,0,0,0,0,0,0,0,0,-1,0,0,0,0,0
1l6g,B,205,ALA,1.8,88.6,0.0,0,0,H,0.018867924528301886,-57.7,-47.4,17.0,24.0,0.4146341463414634,3.0070495742021985,40,18,13,5,0.045228601991935104,1,0,0,0,0,0,0,0,0,-1,0,0,0,0,0
1l6g,B,206,ALA,1.8,88.6,0.0,0,0,H,0.02830188679245283,-67.1,-39.4,22.0,21.0,0.5116279069767442,5.074992487768943,39,31,14,17,0.04755997322863279,1,0,0,0,0,0,0,0,0,-1,0,0,0,0,0
1l6g,B,207,SER,-0.8,89.0,0.0,1,1,H,0.0,-75.0,-32.0,27.0,15.0,0.6428571428571429,5.383146059591209,37,22,7,15,0.05129016720734909,1,0,0,0,0,0,0,0,0,-1,0,0,0,0,0
1l6g,B,208,LEU,3.8,166.7,0.0,0,0,H,0.036585365853658534,-77.5,-27.6,24.0,16.0,0.6,3.9034511700142276,37,16,2,14,0.04429605349725603,1,0,0,0,0,0,0,0,0,-1,0,0,0,0,0
1l6g,B,209,ARG,-4.5,173.4,1.0,5,0,H,0.1814516129032258,-92.0,-39.0,17.0,15.0,0.53125,2.1914236609847997,31,7,15,-8,0.03870076252918159,1,0,0,0,0,0,0,0,0,-1,0,0,0,0,0
1l6g,B,210,PHE,2.8,189.9,0.0,0,0,-,0.24873096446700507,-133.2,71.3,13.0,15.0,0.4642857142857143,2.3104972192949864,28,22,11,11,0.03403802005578621,0,0,0,0,0,0,0,0,0,-1,0,0,0,0,0
1l6g,B,211,PRO,-1.6,112.7,0.0,0,0,G,0.22794117647058823,-63.4,-20.2,13.0,19.0,0.40625,2.0720727994925,23,19,8,11,0.03916703677652112,0,0,0,1,0,0,0,0,0,-1,0,0,0,0,0
1l6g,B,212,ASP,-3.5,111.1,-1.0,1,3,G,0.6809815950920245,-80.8,-13.7,0.0,20.0,0.0,1.6938537399553921,18,16,0,16,0.026577632098353617,0,0,0,1,0,0,0,0,0,-1,0,0,0,0,0
1l6g,B,213,ARG,-4.5,173.4,1.0,5,0,G,0.4959677419354839,-111.0,39.9,14.0,13.0,0.5185185185185185,2.0299353655707715,18,4,8,-4,0.03450429430312575,0,0,0,1,0,0,0,0,0,1,11308,9,0,1355,1
1l6g,B,214,THR,-0.7,116.1,0.0,1,1,-,0.014084507042253521,-104.5,-10.3,24.0,13.0,0.6486486486486487,2.593297888745394,33,36,13,23,0.04989134446533048,0,0,0,0,0,0,0,0,0,1,11308,9,0,1355,1
1l6g,B,215,PHE,2.8,189.9,0.0,0,0,T,0.24873096446700507,66.7,-140.3,20.0,14.0,0.5882352941176471,1.8811811357244748,29,29,11,18,0.03823448828184205,0,0,0,0,0,1,0,0,0,1,11308,9,0,1355,1
1l6g,B,216,ASN,-3.5,114.1,0.0,2,2,T,0.2229299363057325,-88.9,-10.7,10.0,20.0,0.3333333333333333,2.30519833210642,33,38,13,25,0.04243095650789788,0,0,0,0,0,1,0,0,0,-1,0,0,0,0,0
1l6g,B,217,MET,1.9,162.9,0.0,0,0,E,0.0,-158.4,143.5,18.0,21.0,0.46153846153846156,5.164795433598483,41,53,9,44,0.0526889899493677,0,0,1,0,0,0,0,0,0,-1,0,0,0,0,0
1l6g,B,218,VAL,4.2,140.0,0.0,0,0,E,0.0,-118.5,151.3,26.0,19.0,0.5777777777777777,5.953408919737124,41,44,2,42,0.05455408693872585,0,0,1,0,0,0,0,0,0,-1,0,0,0,0,0
1l6g,B,219,ARG,-4.5,173.4,1.0,5,0,E,0.04435483870967742,-108.9,98.5,18.0,27.0,0.4,2.4041541690474575,39,32,0,32,0.04755997322863279,0,0,1,0,0,0,0,0,0,-1,0,0,0,0,0
1l6g,B,220,PHE,2.8,189.9,0.0,0,0,E,0.0,-85.5,111.5,27.0,23.0,0.54,4.5707211024959955,45,14,5,9,0.048492521723311866,0,0,1,0,0,0,0,0,0,-1,0,0,0,0,0
1l6g,B,221,GLY,-0.4,60.1,0.0,0,0,-,0.03571428571428571,-116.5,-98.4,17.0,25.0,0.40476190476190477,2.447462995872402,40,22,0,22,0.045228601991935104,0,0,0,0,0,0,0,0,0,-1,0,0,0,0,0
1l6g,B,222,ILE,4.5,166.7,0.0,0,0,G,0.005917159763313609,-47.8,-41.2,20.0,24.0,0.45454545454545453,3.095111865615925,37,9,5,4,0.04989134446533048,0,0,0,1,0,0,0,0,0,16,24,18,0,6,1
1l6g,B,223,ALA,1.8,88.6,0.0,0,0,G,0.0,-68.8,-23.2,25.0,20.0,0.5555555555555556,4.81490588684412,39,10,7,3,0.04989134446533048,0,0,0,1,0,0,0,0,0,-1,0,0,0,0,0
1l6g,B,224,MET,1.9,162.9,0.0,0,0,G,0.0,-66.0,-30.6,25.0,28.0,0.4716981132075472,6.901528595219925,45,15,13,2,0.05222271570202816,0,0,0,1,0,0,0,0,0,-1,0,0,0,0,0
1l6g,B,225,TYR,-1.3,193.6,0.0,1,1,G,0.0,-85.3,2.5,21.0,24.0,0.4666666666666667,6.287678292474826,42,17,10,7,0.05408781269138631,0,0,0,1,0,0,0,0,0,-1,0,0,0,0,0
1l6g,B,226,GLY,-0.4,60.1,0.0,0,0,T,0.07142857142857142,83.7,17.6,17.0,24.0,0.4146341463414634,2.90211618078567,34,18,21,-3,0.04662742473395372,0,0,0,0,0,1,0,0,0,-1,0,0,0,0,0
1l6g,B,227,LEU,3.8,166.7,0.0,0,0,-,0.012195121951219513,-114.0,134.9,19.0,18.0,0.5135135135135135,2.7705284332557953,36,14,18,-4,0.04662742473395372,0,0,0,0,0,0,0,0,0,-1,0,0,0,0,0
1l6g,B,228,ALA,1.8,88.6,0.0,0,0,-,0.05660377358490566,-71.7,136.3,16.0,22.0,0.42105263157894735,2.3130281837422344,33,12,21,-9,0.04289723075523742,0,0,0,0,0,0,0,0,0,-1,0,0,0,0,0
1l6g,B,229,PRO,-1.6,112.7,0.0,0,0,S,0.04411764705882353,-52.9,-28.9,22.0,15.0,0.5945945945945946,2.600350427370096,33,16,14,2,0.04429605349725603,0,0,0,0,0,0,1,0,0,16,24,18,0,6,1
1l6g,B,230,SER,-0.8,89.0,0.0,1,1,-,0.12307692307692308,-166.8,152.7,12.0,18.0,0.4,2.4131325263592047,26,14,21,-7,0.035436842797804825,0,0,0,0,0,0,0,0,0,-1,0,0,0,0,0
1l6g,B,231,PRO,-1.6,112.7,0.0,0,0,T,0.7279411764705882,-65.0,-30.2,7.0,14.0,0.3333333333333333,1.9607687268345884,19,11,18,-7,0.025645083603674543,0,0,0,0,0,1,0,0,0,-1,0,0,0,0,0
1l6g,B,232,GLY,-0.4,60.1,0.0,0,0,T,0.4523809523809524,-60.9,-41.9,8.0,8.0,0.5,1.8190559846362648,17,15,17,-2,0.02984155182973038,0,0,0,0,0,1,0,0,0,-1,0,0,0,0,0
1l6g,B,233,ILE,4.5,166.7,0.0,0,0,T,0.0,-92.1,3.3,19.0,5.0,0.7916666666666666,3.7908105701099846,28,20,14,6,0.04243095650789788,0,0,0,0,0,1,0,0,0,-1,0,0,0,0,0
1l6g,B,234,LYS,-3.9,168.6,1.0,2,0,G,0.44878048780487806,-52.0,-48.3,7.0,17.0,0.2916666666666667,2.130166207716358,20,0,7,-7,0.032639197313767604,0,0,0,1,0,0,0,0,0,-1,0,0,0,0,0
1l6g,B,235,PRO,-1.6,112.7,0.0,0,0,G,0.75,-76.5,13.6,3.0,14.0,0.17647058823529413,1.8560164062237383,13,14,1,13,0.02098234113027917,0,0,0,1,0,0,0,0,0,-1,0,0,0,0,0
1l6g,B,236,LEU,3.8,166.7,0.0,0,0,G,0.5,-123.3,1.3,14.0,8.0,0.6363636363636364,1.935099140082007,20,18,6,12,0.026577632098353617,0,0,0,1,0,0,0,0,0,-1,0,0,0,0,0
1l6g,B,237,LEU,3.8,166.7,0.0,0,0,-,0.1951219512195122,-73.4,133.9,20.0,10.0,0.6666666666666666,2.1999561400266234,24,18,0,18,0.03730193978716297,0,0,0,0,0,0,0,0,0,-1,0,0,0,0,0
1l6g,B,238,PRO,-1.6,112.7,0.0,0,0,S,0.4632352941176471,-58.6,-36.1,15.0,9.0,0.625,1.8880369300297903,23,12,0,12,0.02471253510899547,0,0,0,0,0,0,1,0,0,-1,0,0,0,0,0
1l6g,B,239,TYR,-1.3,193.6,0.0,1,1,S,0.12162162162162163,-139.7,159.7,14.0,9.0,0.6086956521739131,2.492969933510305,27,23,12,11,0.026577632098353617,0,0,0,0,0,0,1,0,0,-1,0,0,0,0,0
1l6g,B,240,PRO,-1.6,112.7,0.0,0,0,-,0.7720588235294118,-70.5,133.0,2.0,20.0,0.09090909090909091,2.048005275140956,17,12,8,4,0.02471253510899547,0,0,0,0,0,0,0,0,0,-1,0,0,0,0,0
1l6g,B,241,LEU,3.8,166.7,0.0,0,0,-,0.23780487804878048,-86.3,147.4,16.0,14.0,0.5333333333333333,2.0393964823806496,30,18,17,1,0.03870076252918159,0,0,0,0,0,0,0,0,0,-1,0,0,0,0,0
1l6g,B,242,LYS,-3.9,168.6,1.0,2,0,-,0.3951219512195122,-111.4,112.9,13.0,16.0,0.4482758620689655,2.1695652410706954,23,0,31,-31,0.035436842797804825,0,0,0,0,0,0,0,0,0,-1,0,0,0,0,0
1l6g,B,243,GLU,-3.5,138.4,-1.0,1,3,-,0.36597938144329895,-63.5,128.1,15.0,20.0,0.42857142857142855,1.7571082005280034,33,17,17,0,0.035436842797804825,0,0,0,0,0,0,0,0,0,-1,0,0,0,0,0
1l6g,B,244,ALA,1.8,88.6,0.0,0,0,-,0.03773584905660377,-100.5,-18.1,28.0,12.0,0.7,2.138847738287158,36,19,31,-12,0.045228601991935104,0,0,0,0,0,0,0,0,0,-1,0,0,0,0,0
1l6g,B,245,PHE,2.8,189.9,0.0,0,0,E,0.025380710659898477,-101.0,131.9,23.0,22.0,0.5111111111111111,3.930239328108318,45,29,24,5,0.04429605349725603,0,0,1,0,0,0,0,0,0,-1,0,0,0,0,0
1l6g,B,246,SER,-0.8,89.0,0.0,1,1,E,0.15384615384615385,-138.5,153.3,21.0,21.0,0.5,2.680365522766507,35,34,25,9,0.04429605349725603,0,0,1,0,0,0,0,0,0,-1,0,0,0,0,0
1l6g,B,247,LEU,3.8,166.7,0.0,0,0,E,0.0,-134.6,131.6,18.0,25.0,0.4186046511627907,6.416921398139236,42,25,17,8,0.048958795970651406,0,0,1,0,0,0,0,0,0,-1,0,0,0,0,0
1l6g,B,248,HIS,-3.2,153.2,0.1,2,1,E,0.043478260869565216,-137.4,163.6,16.0,21.0,0.43243243243243246,4.055655602047505,33,25,13,12,0.0526889899493677,0,0,1,0,0,0,0,0,0,-1,0,0,0,0,0
1l6g,B,249,SER,-0.8,89.0,0.0,1,1,E,0.0,-152.2,-172.4,20.0,19.0,0.5128205128205128,5.537726866560615,36,42,11,31,0.05688545817542354,0,0,1,0,0,0,0,0,0,20,24,18,0,4,1
1l6g,B,250,ARG,-4.5,173.4,1.0,5,0,E,0.33064516129032256,-144.2,150.6,12.0,24.0,0.3333333333333333,2.4488479643734644,27,30,9,21,0.048026247475972325,0,0,1,0,0,0,0,0,0,20,24,18,0,4,1
1l6g,B,251,LEU,3.8,166.7,0.0,0,0,-,0.006097560975609756,-67.3,133.8,20.0,21.0,0.4878048780487805,3.950339260594973,38,33,9,24,0.048958795970651406,0,0,0,0,0,0,0,0,0,-1,0,0,0,0,0
1l6g,B,252,VAL,4.2,140.0,0.0,0,0,S,0.09154929577464789,-112.8,-11.0,21.0,18.0,0.5384615384615384,2.211388226865311,39,41,11,30,0.045228601991935104,0,0,0,0,0,0,1,0,0,-1,0,0,0,0,0
1l6g,B,253,HIS,-3.2,153.2,0.1,2,1,E,0.07065217391304347,-155.9,145.2,22.0,18.0,0.55,3.346925663833489,37,34,9,25,0.043829779249916496,0,0,1,0,0,0,0,0,0,-1,0,0,0,0,0
1l6g,B,254,VAL,4.2,140.0,0.0,0,0,E,0.1056338028169014,-142.8,133.6,12.0,21.0,0.36363636363636365,2.282537987753602,33,40,6,34,0.04616115048661418,0,0,1,0,0,0,0,0,0,6,1651,6,0,140,1
1l6g,B,255,LYS,-3.9,168.6,1.0,2,0,E,0.07804878048780488,-153.2,164.7,19.0,17.0,0.5277777777777778,2.7807392404613926,37,42,21,21,0.03916703677652112,0,0,1,0,0,0,0,0,0,6,1651,6,0,140,1
1l6g,B,256,LYS,-3.9,168.6,1.0,2,0,E,0.44390243902439025,-107.9,125.5,7.0,24.0,0.22580645161290322,2.0042098411411002,18,14,24,-10,0.03963331102386066,0,0,1,0,0,0,0,0,0,6,1651,6,0,140,1
1l6g,B,257,LEU,3.8,166.7,0.0,0,0,E,0.006097560975609756,-96.7,143.5,22.0,9.0,0.7096774193548387,2.7642293801179623,30,34,30,4,0.048958795970651406,0,0,1,0,0,0,0,0,0,6,1651,6,0,140,1
1l6g,B,258,GLN,-3.5,143.8,0.0,2,2,P,0.3888888888888889,-90.4,158.3,2.0,17.0,0.10526315789473684,2.1462189960540177,16,18,27,-9,0.034970568550465285,0,0,0,0,0,0,0,0,0,-1,0,0,0,0,0
1l6g,B,259,PRO,-1.6,112.7,0.0,0,0,T,0.5294117647058824,-58.9,136.3,3.0,12.0,0.2,1.9965128421509633,13,11,27,-16,0.03590311704514436,0,0,0,0,0,1,0,0,0,-1,0,0,0,0,0
1l6g,B,260,GLY,-0.4,60.1,0.0,0,0,T,0.5238095238095238,100.5,-22.0,2.0,16.0,0.1111111111111111,1.70953302335188,18,10,17,-7,0.02984155182973038,0,0,0,0,0,1,0,0,0,-1,0,0,0,0,0
1l6g,B,261,GLU,-3.5,138.4,-1.0,1,3,-,0.27319587628865977,-70.6,136.3,18.0,13.0,0.5806451612903226,2.002984691636901,27,28,20,8,0.035436842797804825,0,0,0,0,0,0,0,0,0,-1,0,0,0,0,0
1l6g,B,262,LYS,-3.9,168.6,1.0,2,0,E,0.33170731707317075,-94.9,161.6,15.0,21.0,0.4166666666666667,2.1498160157436472,28,1,12,-11,0.043363505002576956,0,0,1,0,0,0,0,0,0,-1,0,0,0,0,0
1l6g,B,263,VAL,4.2,140.0,0.0,0,0,E,0.0,-136.6,132.4,26.0,17.0,0.6046511627906976,4.09718630906948,41,31,15,16,0.05222271570202816,0,0,1,0,0,0,0,0,0,-1,0,0,0,0,0
1l6g,B,264,SER,-0.8,89.0,0.0,1,1,S,0.0,66.3,-179.5,16.0,20.0,0.4444444444444444,4.848677455691867,38,39,6,33,0.053155264196707235,0,0,0,0,0,0,1,0,0,36,0,18,0,0,1
1l6g,B,265,TYR,-1.3,193.6,0.0,1,1,G,0.27927927927927926,-51.5,137.1,13.0,22.0,0.37142857142857144,2.2169153355493645,36,36,11,25,0.043829779249916496,0,0,0,1,0,0,0,0,0,36,0,18,0,0,1
1l6g,B,266,GLY,-0.4,60.1,0.0,0,0,G,0.19047619047619047,75.1,-6.8,7.0,21.0,0.25,1.8155158698989833,24,21,17,4,0.03403802005578621,0,0,0,1,0,0,0,0,0,-1,0,0,0,0,0
1l6g,B,267,ALA,1.8,88.6,0.0,0,0,G,0.16037735849056603,51.2,43.7,16.0,14.0,0.5333333333333333,2.2572329388462617,27,20,10,10,0.045228601991935104,0,0,0,1,0,0,0,0,0,-1,0,0,0,0,0
1l6g,B,268,THR,-0.7,116.1,0.0,1,1,-,0.44366197183098594,-78.6,-5.8,8.0,15.0,0.34782608695652173,1.8647741032631757,24,26,5,21,0.032172923066428064,0,0,0,0,0,0,0,0,0,-1,0,0,0,0,0
1l6g,B,269,TYR,-1.3,193.6,0.0,1,1,E,0.16666666666666666,-121.0,136.5,19.0,11.0,0.6333333333333333,2.295512501492792,31,27,11,16,0.0363693912924839,0,0,1,0,0,0,0,0,0,12,315,5,0,16,1
1l6g,B,270,THR,-0.7,116.1,0.0,1,1,E,0.29577464788732394,-127.3,128.6,3.0,23.0,0.11538461538461539,1.8989831071099172,22,11,12,-1,0.0363693912924839,0,0,1,0,0,0,0,0,0,12,315,5,0,16,1
1l6g,B,271,ALA,1.8,88.6,0.0,0,0,-,0.009433962264150943,-64.9,129.1,17.0,8.0,0.68,2.875452358295991,20,18,24,-6,0.04709369898129325,0,0,0,0,0,0,0,0,0,12,315,5,0,16,1
1l6g,B,272,GLN,-3.5,143.8,0.0,2,2,S,0.7171717171717171,-81.1,-33.1,2.0,15.0,0.11764705882352941,1.8623023159559478,13,8,18,-10,0.02844272908771177,0,0,0,0,0,0,1,0,0,12,315,5,0,16,1
1l6g,B,273,THR,-0.7,116.1,0.0,1,1,S,0.6126760563380281,-144.8,-170.0,0.0,15.0,0.0,2.324207703488871,15,14,24,-10,0.029375277582390842,0,0,0,0,0,0,1,0,0,12,315,5,0,16,1
1l6g,B,274,GLU,-3.5,138.4,-1.0,1,3,S,0.5463917525773195,-68.5,116.3,2.0,18.0,0.1,1.7776716438129674,14,12,14,-2,0.03450429430312575,0,0,0,0,0,0,1,0,0,-1,0,0,0,0,0
1l6g,B,275,GLU,-3.5,138.4,-1.0,1,3,E,0.09278350515463918,-137.6,152.0,16.0,10.0,0.6153846153846154,2.3664516914436176,26,31,17,14,0.04662742473395372,0,0,1,0,0,0,0,0,0,12,315,5,0,16,1
1l6g,B,276,TRP,-0.9,227.8,0.0,1,0,E,0.3303964757709251,-90.9,123.1,10.0,21.0,0.3225806451612903,2.3336579691134274,21,28,18,10,0.04755997322863279,0,0,1,0,0,0,0,0,0,6,1651,6,0,140,1
1l6g,B,277,ILE,4.5,166.7,0.0,0,0,E,0.0,-113.2,130.2,22.0,19.0,0.5365853658536586,5.605398293157123,40,44,18,26,0.050823892960009553,0,0,1,0,0,0,0,0,0,6,1651,6,0,140,1
1l6g,B,278,GLY,-0.4,60.1,0.0,0,0,E,0.0,-113.6,143.5,24.0,18.0,0.5714285714285714,7.5827231380783875,40,39,4,35,0.05129016720734909,0,0,1,0,0,0,0,0,0,-1,0,0,0,0,0
1l6g,B,279,THR,-0.7,116.1,0.0,1,1,E,0.0,-108.7,130.3,18.0,29.0,0.3829787234042553,6.566330654540766,37,40,3,37,0.053155264196707235,0,0,1,0,0,0,0,0,0,-1,0,0,0,0,0
1l6g,B,280,ILE,4.5,166.7,0.0,0,0,E,0.0,-118.3,141.5,24.0,21.0,0.5333333333333333,6.8014618061241,42,31,14,17,0.04942507021799094,0,0,1,0,0,0,0,0,0,-1,0,0,0,0,0
1l6g,B,281,PRO,-1.6,112.7,0.0,0,0,S,0.08088235294117647,-77.4,57.9,22.0,22.0,0.5,3.353251516507138,39,36,22,14,0.04942507021799094,0,0,0,0,0,0,1,0,0,-1,0,0,0,0,0
1l6g,B,282,ILE,4.5,166.7,0.0,0,0,-,0.0,-145.3,139.0,25.0,21.0,0.5434782608695652,6.961503542019972,38,28,21,7,0.05129016720734909,0,0,0,0,0,0,0,0,0,-1,0,0,0,0,0
1l6g,B,283,GLY,-0.4,60.1,0.0,0,0,-,0.0,-145.4,-166.8,17.0,22.0,0.4358974358974359,5.2358142682034625,36,27,22,5,0.05408781269138631,0,0,0,0,0,0,0,0,0,-1,0,0,0,0,0
1l6g,B,284,TYR,-1.3,193.6,0.0,1,1,G,0.04954954954954955,-69.5,-17.8,21.0,16.0,0.5675675675675675,3.0945294308165354,34,28,25,3,0.05502036118606539,0,0,0,1,0,0,0,0,0,15,24,18,0,6,1
1l6g,B,285,ALA,1.8,88.6,0.0,0,0,G,0.04716981132075472,-76.6,-7.7,16.0,22.0,0.42105263157894735,1.9911657123498394,37,27,29,-2,0.05222271570202816,0,0,0,1,0,0,0,0,0,-1,0,0,0,0,0
1l6g,B,286,ASP,-3.5,111.1,-1.0,1,3,G,0.0,-102.7,-1.8,20.0,24.0,0.45454545454545453,3.744617448264611,41,23,12,11,0.0526889899493677,0,0,0,1,0,0,0,0,0,-1,0,0,0,0,0
1l6g,B,287,GLY,-0.4,60.1,0.0,0,0,T,0.09523809523809523,101.6,-1.5,20.0,24.0,0.45454545454545453,2.525447012143459,33,21,21,0,0.043829779249916496,0,0,0,0,0,1,0,0,0,-1,0,0,0,0,0
1l6g,B,288,TRP,-0.9,227.8,0.0,1,0,-,0.00881057268722467,-90.6,77.4,24.0,21.0,0.5333333333333333,6.9085623771115445,44,24,13,11,0.048492521723311866,0,0,0,0,0,0,0,0,0,-1,0,0,0,0,0
1l6g,B,289,LEU,3.8,166.7,0.0,0,0,-,0.07926829268292683,-52.0,149.7,18.0,23.0,0.43902439024390244,3.4626076741567053,28,30,22,8,0.04662742473395372,0,0,0,0,0,0,0,0,0,-1,0,0,0,0,0
1l6g,B,290,ARG,-4.5,173.4,1.0,5,0,G,0.14919354838709678,-54.9,-26.9,14.0,22.0,0.3888888888888889,1.99994800400112,31,25,14,11,0.04709369898129325,0,0,0,1,0,0,0,0,0,11,109,17,0,19,1
1l6g,B,291,ARG,-4.5,173.4,1.0,5,0,G,0.22983870967741934,-66.8,-6.1,13.0,15.0,0.4642857142857143,1.8275457790890486,19,31,24,7,0.040099585271200194,0,0,0,1,0,0,0,0,0,-1,0,0,0,0,0
1l6g,B,292,LEU,3.8,166.7,0.0,0,0,G,0.006097560975609756,-92.3,11.0,20.0,14.0,0.5882352941176471,4.298386419409666,34,52,6,46,0.04616115048661418,0,0,0,1,0,0,0,0,0,-1,0,0,0,0,0
1l6g,B,293,GLN,-3.5,143.8,0.0,2,2,T,0.20202020202020202,-50.8,-28.4,11.0,20.0,0.3548387096774194,1.9553560694463787,25,50,0,50,0.043829779249916496,0,0,0,0,0,1,0,0,0,21,24,14,0,3,1
1l6g,B,294,HIS,-3.2,153.2,0.1,2,1,T,0.8152173913043478,-110.9,16.8,3.0,21.0,0.125,1.7771525081420365,18,32,0,32,0.032639197313767604,0,0,0,0,0,1,0,0,0,21,24,14,0,3,1
1l6g,B,295,PHE,2.8,189.9,0.0,0,0,-,0.04568527918781726,-84.2,176.1,19.0,12.0,0.6129032258064516,2.5022151618492234,32,52,10,42,0.03823448828184205,0,0,0,0,0,0,0,0,0,21,24,14,0,3,1
1l6g,B,296,HIS,-3.2,153.2,0.1,2,1,E,0.266304347826087,-128.1,153.4,11.0,19.0,0.36666666666666664,2.333548283572882,29,25,14,11,0.04289723075523742,0,0,1,0,0,0,0,0,0,21,24,14,0,3,1
1l6g,B,297,VAL,4.2,140.0,0.0,0,0,E,0.0,-116.8,175.6,25.0,19.0,0.5681818181818182,5.6526961681428896,40,30,8,22,0.048958795970651406,0,0,1,0,0,0,0,0,0,-1,0,0,0,0,0
1l6g,B,298,LEU,3.8,166.7,0.0,0,0,E,0.0,-107.0,129.9,17.0,20.0,0.4594594594594595,4.602412173113005,35,44,20,24,0.05455408693872585,0,0,1,0,0,0,0,0,0,32,1,9,0,0,1
1l6g,B,299,VAL,4.2,140.0,0.0,0,0,E,0.0,-143.4,129.8,23.0,18.0,0.5609756097560976,3.5825958918155316,32,30,13,17,0.048492521723311866,0,0,1,0,0,0,0,0,0,-1,0,0,0,0,0
1l6g,B,300,ASP,-3.5,111.1,-1.0,1,3,T,0.5950920245398773,51.8,32.6,10.0,16.0,0.38461538461538464,1.6720734727609872,23,11,4,7,0.028909003335051305,0,0,0,0,0,1,0,0,0,-1,0,0,0,0,0
1l6g,B,301,GLY,-0.4,60.1,0.0,0,0,T,0.35714285714285715,84.2,3.7,3.0,19.0,0.13636363636363635,1.7096461170626291,22,21,25,-4,0.03450429430312575,0,0,0,0,0,1,0,0,0,-1,0,0,0,0,0
1l6g,B,302,GLN,-3.5,143.8,0.0,2,2,E,0.4292929292929293,-129.9,157.4,7.0,18.0,0.28,2.176627067778125,23,16,22,-6,0.03357174580844668,0,0,1,0,0,0,0,0,0,-1,0,0,0,0,0
1l6g,B,303,LYS,-3.9,168.6,1.0,2,0,E,0.551219512195122,-77.2,127.4,7.0,19.0,0.2692307692307692,1.9197423523485757,20,14,15,-1,0.03683566553982344,0,0,1,0,0,0,0,0,0,-1,0,0,0,0,0
1l6g,B,304,ALA,1.8,88.6,0.0,0,0,E,0.009433962264150943,-121.7,127.2,20.0,9.0,0.6896551724137931,2.3520709757721083,33,34,9,25,0.045694876239274644,0,0,1,0,0,0,0,0,0,21,24,14,0,3,1
1l6g,B,305,PRO,-1.6,112.7,0.0,0,0,E,0.3014705882352941,-76.8,142.0,6.0,23.0,0.20689655172413793,2.3811429671463316,28,37,3,34,0.040565859518539735,0,0,1,0,0,0,0,0,0,21,24,14,0,3,1
1l6g,B,306,ILE,4.5,166.7,0.0,0,0,E,0.04142011834319527,-76.8,127.8,21.0,15.0,0.5833333333333334,3.4455268963987704,35,49,0,49,0.04709369898129325,0,0,1,0,0,0,0,0,0,21,24,14,0,3,1
1l6g,B,307,VAL,4.2,140.0,0.0,0,0,E,0.04225352112676056,-114.6,141.3,19.0,19.0,0.5,2.6819641353530455,38,34,6,28,0.05035761871267001,0,0,1,0,0,0,0,0,0,21,24,14,0,3,1
1l6g,B,308,GLY,-0.4,60.1,0.0,0,0,S,0.03571428571428571,78.0,177.7,24.0,12.0,0.6666666666666666,2.1375673934818944,31,38,1,37,0.04662742473395372,0,0,0,0,0,0,1,0,0,21,24,14,0,3,1
1l6g,B,309,ARG,-4.5,173.4,1.0,5,0,-,0.28225806451612906,-77.2,148.1,12.0,25.0,0.32432432432432434,2.256139275470535,30,20,5,15,0.04429605349725603,0,0,0,0,0,0,0,0,0,11,109,17,0,19,1
1l6g,B,310,ILE,4.5,166.7,0.0,0,0,-,0.011834319526627219,-78.5,136.5,23.0,19.0,0.5476190476190477,2.8764591442308376,36,34,12,22,0.05502036118606539,0,0,0,0,0,0,0,0,0,-1,0,0,0,0,0
1l6g,B,311,CYS,2.5,108.5,0.0,1,0,-,0.0,-96.1,178.8,19.0,22.0,0.4634146341463415,2.673106357997972,35,38,18,20,0.04709369898129325,0,0,0,0,0,0,0,0,0,36,0,18,0,0,1
1l6g,B,312,MET,1.9,162.9,0.0,0,0,S,0.03723404255319149,-63.1,-39.6,23.0,21.0,0.5227272727272727,2.448480346213284,46,33,28,5,0.04662742473395372,0,0,0,0,0,0,1,0,0,15,24,18,0,6,1
1l6g,B,313,ASP,-3.5,111.1,-1.0,1,3,S,0.049079754601226995,-122.6,-7.4,16.0,27.0,0.37209302325581395,2.567451957644073,37,30,13,17,0.05035761871267001,0,0,0,0,0,0,1,0,0,-1,0,0,0,0,0
1l6g,B,314,GLN,-3.5,143.8,0.0,2,2,-,0.05555555555555555,-146.3,163.9,22.0,23.0,0.4888888888888889,3.186706483934154,39,32,13,19,0.045694876239274644,0,0,0,0,0,0,0,0,0,-1,0,0,0,0,0
1l6g,B,315,CYS,2.5,108.5,0.0,1,0,E,0.0,-156.7,156.2,26.0,21.0,0.5531914893617021,6.974745564778058,46,21,7,14,0.05175644145468863,0,0,1,0,0,0,0,0,0,-1,0,0,0,0,0
1l6g,B,316,MET,1.9,162.9,0.0,0,0,E,0.0,-110.6,153.0,19.0,27.0,0.41304347826086957,6.550287629209449,42,36,4,32,0.048958795970651406,0,0,1,0,0,0,0,0,0,21,24,14,0,3,1
1l6g,B,317,ILE,4.5,166.7,0.0,0,0,E,0.0,-135.8,153.7,27.0,23.0,0.54,5.764557772118097,43,28,4,24,0.04755997322863279,0,0,1,0,0,0,0,0,0,21,24,14,0,3,1
1l6g,B,318,ARG,-4.5,173.4,1.0,5,0,E,0.375,-90.2,121.4,15.0,26.0,0.36585365853658536,2.087694589913277,28,7,11,-4,0.04429605349725603,0,0,1,0,0,0,0,0,0,21,24,14,0,3,1
1l6g,B,319,LEU,3.8,166.7,0.0,0,0,E,0.07317073170731707,-89.3,156.6,21.0,15.0,0.5833333333333334,3.2748627791635543,34,27,16,11,0.045228601991935104,0,0,1,0,0,0,0,0,0,-1,0,0,0,0,0
1l6g,B,320,PRO,-1.6,112.7,0.0,0,0,S,0.5588235294117647,-62.4,-35.7,10.0,14.0,0.4166666666666667,1.8338552151107472,24,15,13,2,0.028909003335051305,0,0,0,0,0,0,1,0,0,-1,0,0,0,0,0
1l6g,B,321,GLY,-0.4,60.1,0.0,0,0,S,0.20238095238095238,-168.2,-161.0,1.0,19.0,0.05,1.9173737313066426,21,17,14,3,0.025645083603674543,0,0,0,0,0,0,1,0,0,6,1651,6,0,140,1
1l6g,B,322,PRO,-1.6,112.7,0.0,0,0,-,0.6470588235294118,-80.4,106.9,4.0,18.0,0.18181818181818182,1.9273415426501128,19,14,6,8,0.03357174580844668,0,0,0,0,0,0,0,0,0,6,1651,6,0,140,1
1l6g,B,323,LEU,3.8,166.7,0.0,0,0,P,0.15853658536585366,-102.4,152.4,21.0,5.0,0.8076923076923077,1.9675411825003142,28,17,8,9,0.03403802005578621,0,0,0,0,0,0,0,0,0,-1,0,0,0,0,0
1l6g,B,324,PRO,-1.6,112.7,0.0,0,0,P,0.6470588235294118,-72.1,145.8,4.0,19.0,0.17391304347826086,2.046376467751318,21,21,8,13,0.026577632098353617,0,0,0,0,0,0,0,0,0,-1,0,0,0,0,0
1l6g,B,325,VAL,4.2,140.0,0.0,0,0,T,0.4154929577464789,-60.4,141.2,11.0,16.0,0.4074074074074074,1.9324371303698198,28,32,14,18,0.03450429430312575,0,0,0,0,0,1,0,0,0,-1,0,0,0,0,0
1l6g,B,326,GLY,-0.4,60.1,0.0,0,0,T,0.34523809523809523,100.1,-7.6,4.0,24.0,0.14285714285714285,1.8313495487582454,22,30,9,21,0.030774100324409453,0,0,0,0,0,1,0,0,0,20,24,18,0,4,1
1l6g,B,327,THR,-0.7,116.1,0.0,1,1,-,0.16901408450704225,-62.8,136.7,16.0,9.0,0.64,2.1981986977268435,29,24,12,12,0.034970568550465285,0,0,0,0,0,0,0,0,0,20,24,18,0,4,1
1l6g,B,328,LYS,-3.9,168.6,1.0,2,0,E,0.375609756097561,-76.0,133.4,8.0,22.0,0.26666666666666666,1.9645974800450279,28,25,17,8,0.03916703677652112,0,0,1,0,0,0,0,0,0,20,24,18,0,4,1
1l6g,B,329,VAL,4.2,140.0,0.0,0,0,E,0.0,-118.5,126.6,27.0,19.0,0.5869565217391305,4.82507819341791,39,34,8,26,0.04989134446533048,0,0,1,0,0,0,0,0,0,-1,0,0,0,0,0
1l6g,B,330,THR,-0.7,116.1,0.0,1,1,E,0.0,-104.7,126.8,18.0,19.0,0.4864864864864865,4.422378490374354,36,40,12,28,0.05035761871267001,0,0,1,0,0,0,0,0,0,32,1,9,0,0,1
1l6g,B,331,LEU,3.8,166.7,0.0,0,0,E,0.0,-99.3,-32.4,22.0,23.0,0.4888888888888889,7.4958501477299215,40,32,1,31,0.048492521723311866,0,0,1,0,0,0,0,0,0,-1,0,0,0,0,0
1l6g,B,332,ILE,4.5,166.7,0.0,0,0,E,0.0,-142.8,119.8,20.0,17.0,0.5405405405405406,3.5377677369479095,36,19,24,-5,0.05035761871267001,0,0,1,0,0,0,0,0,0,-1,0,0,0,0,0
1l6g,B,333,GLY,-0.4,60.1,0.0,0,0,E,0.19047619047619047,139.1,-158.6,20.0,14.0,0.5882352941176471,1.913468721880659,30,26,31,-5,0.04196468226055834,0,0,1,0,0,0,0,0,0,32,1,9,0,0,1
1l6g,B,334,ARG,-4.5,173.4,1.0,5,0,E,0.6169354838709677,-134.1,151.1,7.0,21.0,0.25,1.8837192584911284,16,4,18,-14,0.035436842797804825,0,0,1,0,0,0,0,0,0,32,1,9,0,0,1
1l6g,B,335,GLN,-3.5,143.8,0.0,2,2,E,0.11616161616161616,-138.5,117.4,15.0,8.0,0.6521739130434783,1.966628728323921,24,33,25,8,0.03823448828184205,0,0,1,0,0,0,0,0,0,32,1,9,0,0,1
1l6g,B,336,GLY,-0.4,60.1,0.0,0,0,T,0.7023809523809523,59.8,-115.5,7.0,7.0,0.5,1.7096113061446845,13,11,22,-11,0.022847438119637322,0,0,0,0,0,1,0,0,0,32,1,9,0,0,1
1l6g,B,337,ASP,-3.5,111.1,-1.0,1,3,T,0.9386503067484663,-97.4,-15.2,1.0,12.0,0.07692307692307693,1.6721957605570017,12,14,11,3,0.02098234113027917,0,0,0,0,0,1,0,0,0,-1,0,0,0,0,0
1l6g,B,338,GLU,-3.5,138.4,-1.0,1,3,E,0.28350515463917525,-84.5,149.5,15.0,6.0,0.7142857142857143,2.143919381595394,19,28,14,14,0.034970568550465285,0,0,1,0,0,0,0,0,0,32,1,9,0,0,1
1l6g,B,339,VAL,4.2,140.0,0.0,0,0,E,0.44366197183098594,-152.8,147.7,8.0,19.0,0.2962962962962963,1.9591462274367193,23,25,28,-3,0.03730193978716297,0,0,1,0,0,0,0,0,0,32,1,9,0,0,1
1l6g,B,340,ILE,4.5,166.7,0.0,0,0,E,0.005917159763313609,-131.6,118.2,22.0,11.0,0.6666666666666666,2.273522142957168,31,31,29,2,0.04289723075523742,0,0,1,0,0,0,0,0,0,32,1,9,0,0,1
1l6g,B,341,SER,-0.8,89.0,0.0,1,1,-,0.17692307692307693,-99.0,170.0,9.0,22.0,0.2903225806451613,2.4364268260671884,30,19,27,-8,0.035436842797804825,0,0,0,0,0,0,0,0,0,17,34,15,0,5,1
1l6g,B,342,ILE,4.5,166.7,0.0,0,0,H,0.005917159763313609,-65.1,-33.2,22.0,15.0,0.5945945945945946,3.7496857074534438,38,14,30,-16,0.04429605349725603,1,0,0,0,0,0,0,0,0,17,34,15,0,5,1
1l6g,B,343,ASP,-3.5,111.1,-1.0,1,3,H,0.18404907975460122,-63.1,-29.8,9.0,21.0,0.3,1.8279644556590053,28,19,14,5,0.03916703677652112,1,0,0,0,0,0,0,0,0,17,34,15,0,5,1
1l6g,B,344,ASP,-3.5,111.1,-1.0,1,3,H,0.2331288343558282,-72.6,-41.1,9.0,15.0,0.375,2.2698183965699164,25,34,12,22,0.03590311704514436,1,0,0,0,0,0,0,0,0,17,34,15,0,5,1
1l6g,B,345,VAL,4.2,140.0,0.0,0,0,H,0.007042253521126761,-68.1,-40.7,20.0,15.0,0.5714285714285714,5.347611423878396,32,34,30,4,0.048958795970651406,1,0,0,0,0,0,0,0,0,17,34,15,0,5,1
1l6g,B,346,ALA,1.8,88.6,0.0,0,0,H,0.03773584905660377,-62.1,-41.6,15.0,14.0,0.5172413793103449,2.4393345353992566,26,33,34,-1,0.048492521723311866,1,0,0,0,0,0,0,0,0,17,34,15,0,5,1
1l6g,B,347,ARG,-4.5,173.4,1.0,5,0,H,0.625,-60.6,-45.6,8.0,13.0,0.38095238095238093,1.8290623175855272,19,13,25,-12,0.03590311704514436,1,0,0,0,0,0,0,0,0,17,34,15,0,5,1
1l6g,B,348,HIS,-3.2,153.2,0.1,2,1,H,0.31521739130434784,-67.6,-35.1,15.0,8.0,0.6521739130434783,1.8389569533973351,23,46,18,28,0.03963331102386066,1,0,0,0,0,0,0,0,0,-1,0,0,0,0,0
1l6g,B,349,LEU,3.8,166.7,0.0,0,0,H,0.09146341463414634,-81.4,-6.6,21.0,8.0,0.7241379310344828,4.05628143434519,24,48,28,20,0.03870076252918159,1,0,0,0,0,0,0,0,0,-1,0,0,0,0,0
1l6g,B,350,GLU,-3.5,138.4,-1.0,1,3,T,0.7422680412371134,60.9,45.3,4.0,17.0,0.19047619047619047,1.82573113742755,13,47,5,42,0.028909003335051305,0,0,0,0,0,1,0,0,0,-1,0,0,0,0,0
1l6g,B,351,THR,-0.7,116.1,0.0,1,1,S,0.13380281690140844,-138.9,-167.1,20.0,8.0,0.7142857142857143,1.990513025628934,25,44,29,15,0.03683566553982344,0,0,0,0,0,0,1,0,0,-1,0,0,0,0,0
1l6g,B,352,ILE,4.5,166.7,0.0,0,0,-,0.34911242603550297,-106.8,157.0,15.0,17.0,0.46875,2.355069744704549,32,26,24,2,0.03916703677652112,0,0,0,0,0,0,0,0,0,16,24,18,0,6,1
1l6g,B,353,ASN,-3.5,114.1,0.0,2,2,T,0.05732484076433121,-51.4,-37.8,15.0,19.0,0.4411764705882353,2.462462680473567,34,14,27,-13,0.045228601991935104,0,0,0,0,0,1,0,0,0,16,24,18,0,6,1
1l6g,B,354,TYR,-1.3,193.6,0.0,1,1,T,0.17117117117117117,-45.2,-47.5,17.0,25.0,0.40476190476190477,2.8322043659669265,36,12,15,-3,0.04755997322863279,0,0,0,0,0,1,0,0,0,16,24,18,0,6,1
1l6g,B,355,GLU,-3.5,138.4,-1.0,1,3,H,0.05154639175257732,-68.3,-25.4,19.0,20.0,0.48717948717948717,3.698880495115218,30,17,7,10,0.04755997322863279,1,0,0,0,0,0,0,0,0,-1,0,0,0,0,0
1l6g,B,356,VAL,4.2,140.0,0.0,0,0,H,0.04929577464788732,-65.3,-55.8,20.0,21.0,0.4878048780487805,5.880500638229428,38,7,24,-17,0.04429605349725603,1,0,0,0,0,0,0,0,0,-1,0,0,0,0,0
1l6g,B,357,PRO,-1.6,112.7,0.0,0,0,H,0.007352941176470588,-68.4,-25.6,26.0,19.0,0.5777777777777777,4.419439825441622,41,17,15,2,0.04196468226055834,1,0,0,0,0,0,0,0,0,-1,0,0,0,0,0
1l6g,B,358,CYS,2.5,108.5,0.0,1,0,H,0.1111111111111111,-68.0,-30.3,24.0,20.0,0.5454545454545454,2.169478081898038,36,26,21,5,0.048492521723311866,1,0,0,0,0,0,0,0,0,-1,0,0,0,0,0
1l6g,B,359,THR,-0.7,116.1,0.0,1,1,H,0.15492957746478872,-84.3,-18.5,24.0,21.0,0.5333333333333333,1.8985669169639139,30,5,22,-17,0.043363505002576956,1,0,0,0,0,0,0,0,0,-1,0,0,0,0,0
1l6g,B,360,ILE,4.5,166.7,0.0,0,0,S,0.029585798816568046,-67.7,115.2,24.0,23.0,0.5106382978723404,3.5494945471818067,41,25,13,12,0.043363505002576956,0,0,0,0,0,0,1,0,0,-1,0,0,0,0,0
1l6g,B,361,SER,-0.8,89.0,0.0,1,1,-,0.15384615384615385,-70.8,173.2,21.0,24.0,0.4666666666666667,2.082668837864878,33,26,9,17,0.04476232774459557,0,0,0,0,0,0,0,0,0,-1,0,0,0,0,0
1l6g,B,362,TYR,-1.3,193.6,0.0,1,1,T,0.22522522522522523,-60.5,-17.8,18.0,20.0,0.47368421052631576,1.8276032209938815,29,31,17,14,0.040099585271200194,0,0,0,0,0,1,0,0,0,-1,0,0,0,0,0
1l6g,B,363,ARG,-4.5,173.4,1.0,5,0,T,0.004032258064516129,-73.1,-19.5,27.0,17.0,0.6136363636363636,3.0929276314817074,37,20,32,-12,0.045694876239274644,0,0,0,0,0,1,0,0,0,-1,0,0,0,0,0
1l6g,B,364,VAL,4.2,140.0,0.0,0,0,S,0.014084507042253521,-96.4,110.6,25.0,20.0,0.5555555555555556,3.2454476063233355,39,45,17,28,0.053155264196707235,0,0,0,0,0,0,1,0,0,-1,0,0,0,0,0
1l6g,B,365,PRO,-1.6,112.7,0.0,0,0,-,0.03676470588235294,-61.6,148.6,17.0,19.0,0.4722222222222222,3.0539727254398676,37,47,28,19,0.04942507021799094,0,0,0,0,0,0,0,0,0,-1,0,0,0,0,0
1l6g,B,366,ARG,-4.5,173.4,1.0,5,0,E,0.05241935483870968,-111.1,126.4,21.0,21.0,0.5,2.577601353832058,39,28,13,15,0.050823892960009553,0,0,1,0,0,0,0,0,0,-1,0,0,0,0,0
1l6g,B,367,ILE,4.5,166.7,0.0,0,0,E,0.11242603550295859,-105.7,128.0,12.0,20.0,0.375,3.419393023365734,30,29,23,6,0.05035761871267001,0,0,1,0,0,0,0,0,0,-1,0,0,0,0,0
1l6g,B,368,PHE,2.8,189.9,0.0,0,0,E,0.0,-103.6,137.8,17.0,17.0,0.5,4.785741793450623,32,40,28,12,0.050823892960009553,0,0,1,0,0,0,0,0,0,23,24,9,0,2,1
1l6g,B,369,PHE,2.8,189.9,0.0,0,0,E,0.24873096446700507,-117.2,140.6,12.0,16.0,0.42857142857142855,2.2891715055993647,22,38,30,8,0.04942507021799094,0,0,1,0,0,0,0,0,0,23,24,9,0,2,1
1l6g,B,370,ARG,-4.5,173.4,1.0,5,0,E,0.08064516129032258,-154.7,136.3,12.0,12.0,0.5,2.0407975885132754,21,32,27,5,0.04243095650789788,0,0,1,0,0,0,0,0,0,23,24,9,0,2,1
1l6g,B,371,HIS,-3.2,153.2,0.1,2,1,T,0.6195652173913043,58.4,32.1,1.0,14.0,0.06666666666666667,1.8419747999312635,14,31,15,16,0.026577632098353617,0,0,0,0,0,1,0,0,0,34,0,1,0,0,1
1l6g,B,372,LYS,-3.9,168.6,1.0,2,0,T,0.8731707317073171,67.9,20.9,0.0,12.0,0.0,1.9167958899781052,11,31,14,17,0.027043906345693154,0,0,0,0,0,1,0,0,0,34,0,1,0,0,1
1l6g,B,373,ARG,-4.5,173.4,1.0,5,0,E,0.717741935483871,-135.3,154.7,2.0,13.0,0.13333333333333333,1.9628908285028326,9,28,5,23,0.028909003335051305,0,0,1,0,0,0,0,0,0,23,24,9,0,2,1
1l6g,B,374,ILE,4.5,166.7,0.0,0,0,E,0.6804733727810651,-68.2,118.8,6.0,11.0,0.35294117647058826,1.9380221650800762,16,27,15,12,0.03170664881908853,0,0,1,0,0,0,0,0,0,23,24,9,0,2,1
1l6g,B,375,MET,1.9,162.9,0.0,0,0,E,0.4521276595744681,-88.2,-58.0,15.0,5.0,0.75,1.9301361621335307,20,41,17,24,0.03124037457174899,0,0,1,0,0,0,0,0,0,23,24,9,0,2,1
1l6g,B,376,GLU,-3.5,138.4,-1.0,1,3,E,0.3247422680412371,-156.5,169.0,7.0,14.0,0.3333333333333333,2.051820834106501,23,30,1,29,0.03124037457174899,0,0,1,0,0,0,0,0,0,23,24,9,0,2,1
1l6g,B,377,VAL,4.2,140.0,0.0,0,0,E,0.22535211267605634,-120.9,138.6,9.0,17.0,0.34615384615384615,2.0456432713471355,21,17,19,-2,0.040099585271200194,0,0,1,0,0,0,0,0,0,-1,0,0,0,0,0
1l6g,B,378,ARG,-4.5,173.4,1.0,5,0,E,0.1935483870967742,-127.8,101.3,16.0,15.0,0.5161290322580645,1.9406406817940687,30,23,19,4,0.04149840801321881,0,0,1,0,0,0,0,0,0,-1,0,0,0,0,0
1l6g,B,379,ASN,-3.5,114.1,0.0,2,2,-,0.03184713375796178,-109.5,105.8,14.0,14.0,0.5,2.451402172172027,28,44,20,24,0.04149840801321881,0,0,0,0,0,0,0,0,0,7,638,21,0,121,1
1l6g,B,380,ALA,1.8,88.6,0.0,0,0,T,0.6415094339622641,-52.2,-50.8,14.0,13.0,0.5185185185185185,1.7676571843471833,21,36,11,25,0.03170664881908853,0,0,0,0,0,1,0,0,0,7,638,21,0,121,1
1l6g,B,381,ILE,4.5,166.7,0.0,0,0,T,0.17751479289940827,-88.5,28.0,20.0,13.0,0.6060606060606061,2.0116460665235287,30,37,31,6,0.03403802005578621,0,0,0,0,0,1,0,0,0,7,638,21,0,121,1
1l6g,B,382,GLY,-0.4,60.1,0.0,0,0,-,0.23809523809523808,-78.8,-173.4,10.0,16.0,0.38461538461538464,1.7459202814600185,24,25,29,-4,0.03170664881908853,0,0,0,0,0,0,0,0,0,7,638,21,0,121,1
1l6g,B,383,ARG,-4.5,173.4,1.0,5,0,-,0.45564516129032256,-76.4,360.0,8.0,11.0,0.42105263157894735,1.7674856506723962,15,8,21,-13,0.021914889624958248,0,0,0,0,0,0,0,0,0,7,638,21,0,121,1
1iei,A,1,ALA,1.8,88.6,0.0,0,0,-,1.0,360.0,-172.1,9.0,3.0,0.75,1.767544565329419,11,18,0,18,0.013521953172846577,0,0,0,0,0,0,0,0,0,22,0,3,0,0,1
1iei,A,2,SER,-0.8,89.0,0.0,1,1,-,0.46153846153846156,-73.6,37.3,10.0,14.0,0.4166666666666667,1.9183762709543686,20,30,0,30,0.024246260861655933,0,0,0,0,0,0,0,0,0,22,0,3,0,0,1
1iei,A,3,ARG,-4.5,173.4,1.0,5,0,E,0.5120967741935484,-170.1,106.7,11.0,13.0,0.4583333333333333,1.9459350080194293,19,18,6,12,0.032172923066428064,0,0,1,0,0,0,0,0,0,22,0,3,0,0,1
1iei,A,4,LEU,3.8,166.7,0.0,0,0,E,0.20121951219512196,-79.4,156.7,17.0,10.0,0.6296296296296297,2.0861627439125194,27,22,0,22,0.03823448828184205,0,0,1,0,0,0,0,0,0,-1,0,0,0,0,0
1iei,A,5,LEU,3.8,166.7,0.0,0,0,E,0.7987804878048781,-82.8,101.8,4.0,19.0,0.17391304347826086,1.920104897033819,18,18,0,18,0.02984155182973038,0,0,1,0,0,0,0,0,0,-1,0,0,0,0,0
1iei,A,6,LEU,3.8,166.7,0.0,0,0,-,0.006097560975609756,-71.4,150.4,18.0,10.0,0.6428571428571429,2.686535522734465,27,21,4,17,0.03823448828184205,0,0,0,0,0,0,0,0,0,-1,0,0,0,0,0
1iei,A,7,ASN,-3.5,114.1,0.0,2,2,T,0.535031847133758,-56.4,-18.4,13.0,10.0,0.5652173913043478,1.7220590206115731,22,14,0,14,0.029375277582390842,0,0,0,0,0,1,0,0,0,-1,0,0,0,0,0
1iei,A,8,ASN,-3.5,114.1,0.0,2,2,T,0.39490445859872614,-93.6,19.8,15.0,8.0,0.6521739130434783,1.9928047011430114,22,20,4,16,0.023779986614316396,0,0,0,0,0,1,0,0,0,-1,0,0,0,0,0
1iei,A,9,GLY,-0.4,60.1,0.0,0,0,S,0.7023809523809523,72.2,-6.7,0.0,13.0,0.0,1.709623910209671,15,15,1,14,0.02144861537761871,0,0,0,0,0,0,1,0,0,-1,0,0,0,0,0
1iei,A,10,ALA,1.8,88.6,0.0,0,0,-,0.29245283018867924,-86.0,168.6,14.0,8.0,0.6363636363636364,2.1093657463285163,20,26,7,19,0.027510180593032695,0,0,0,0,0,0,0,0,0,-1,0,0,0,0,0
1iei,A,11,LYS,-3.9,168.6,1.0,2,0,E,0.5707317073170731,-121.5,111.3,6.0,22.0,0.21428571428571427,1.9520032192435666,19,11,6,5,0.035436842797804825,0,0,1,0,0,0,0,0,0,-1,0,0,0,0,0
1iei,A,12,MET,1.9,162.9,0.0,0,0,E,0.005319148936170213,-96.0,124.7,21.0,17.0,0.5526315789473685,4.305122877373447,36,33,8,25,0.043829779249916496,0,0,1,0,0,0,0,0,0,-1,0,0,0,0,0
1iei,A,13,PRO,-1.6,112.7,0.0,0,0,E,0.13970588235294118,-69.9,145.8,17.0,19.0,0.4722222222222222,2.4904105625138944,35,37,8,29,0.043829779249916496,0,0,1,0,0,0,0,0,0,-1,0,0,0,0,0
1iei,A,14,ILE,4.5,166.7,0.0,0,0,S,0.1301775147928994,-64.3,-16.4,16.0,23.0,0.41025641025641024,2.622242725764093,34,32,0,32,0.045228601991935104,0,0,0,0,0,0,1,0,0,22,0,3,0,0,1
1iei,A,15,LEU,3.8,166.7,0.0,0,0,B,0.018292682926829267,-135.7,112.6,18.0,26.0,0.4090909090909091,2.6383656829301962,36,31,1,30,0.05175644145468863,0,1,0,0,0,0,0,0,0,-1,0,0,0,0,0
1iei,A,16,GLY,-0.4,60.1,0.0,0,0,E,0.0,-140.6,160.0,18.0,25.0,0.4186046511627907,4.259990003163789,38,21,8,13,0.04942507021799094,0,0,1,0,0,0,0,0,0,-1,0,0,0,0,0
1iei,A,17,LEU,3.8,166.7,0.0,0,0,E,0.012195121951219513,-73.7,105.4,24.0,26.0,0.48,5.524924195164692,41,27,10,17,0.04989134446533048,0,0,1,0,0,0,0,0,0,-1,0,0,0,0,0
1iei,A,18,GLY,-0.4,60.1,0.0,0,0,E,0.07142857142857142,-56.4,152.8,17.0,25.0,0.40476190476190477,2.677992925814251,39,26,9,17,0.04289723075523742,0,0,1,0,0,0,0,0,0,-1,0,0,0,0,0
1iei,A,19,THR,-0.7,116.1,0.0,1,1,-,0.007042253521126761,-134.7,1.7,27.0,16.0,0.627906976744186,2.8482855539889798,41,25,21,4,0.04942507021799094,0,0,0,0,0,0,0,0,0,-1,0,0,0,0,0
1iei,A,20,TRP,-0.9,227.8,0.0,1,0,T,0.29515418502202645,-68.0,120.4,13.0,20.0,0.3939393939393939,1.935387756270219,31,31,12,19,0.03823448828184205,0,0,0,0,0,1,0,0,0,-1,0,0,0,0,0
1iei,A,21,LYS,-3.9,168.6,1.0,2,0,T,0.1951219512195122,100.7,-1.6,11.0,19.0,0.36666666666666664,2.02021461001093,22,15,8,7,0.03683566553982344,0,0,0,0,0,1,0,0,0,0,5356,15,0,887,1
1iei,A,22,SER,-0.8,89.0,0.0,1,1,-,0.038461538461538464,-90.5,106.2,22.0,9.0,0.7096774193548387,2.321943558251185,30,18,18,0,0.045228601991935104,0,0,0,0,0,0,0,0,0,-1,0,0,0,0,0
1iei,A,23,PRO,-1.6,112.7,0.0,0,0,-,0.4338235294117647,-62.2,151.2,3.0,19.0,0.13636363636363635,2.2964239578421295,22,11,14,-3,0.030774100324409453,0,0,0,0,0,0,0,0,0,-1,0,0,0,0,0
1iei,A,24,PRO,-1.6,112.7,0.0,0,0,T,0.4485294117647059,-48.5,-28.1,6.0,17.0,0.2608695652173913,1.9869310203962134,20,4,15,-11,0.03170664881908853,0,0,0,0,0,1,0,0,0,-1,0,0,0,0,0
1iei,A,25,GLY,-0.4,60.1,0.0,0,0,T,0.8809523809523809,-66.4,-27.1,1.0,16.0,0.058823529411764705,1.7095400650277983,13,2,17,-15,0.02144861537761871,0,0,0,0,0,1,0,0,0,-1,0,0,0,0,0
1iei,A,26,GLN,-3.5,143.8,0.0,2,2,T,0.5252525252525253,-104.8,-3.7,9.0,13.0,0.4090909090909091,1.8247656654399422,19,7,11,-4,0.03310547156110714,0,0,0,0,0,1,0,0,0,-1,0,0,0,0,0
1iei,A,27,VAL,4.2,140.0,0.0,0,0,H,0.007042253521126761,-92.1,-30.0,20.0,16.0,0.5555555555555556,3.2556838853981835,36,16,23,-7,0.048958795970651406,1,0,0,0,0,0,0,0,0,-1,0,0,0,0,0
1iei,A,28,THR,-0.7,116.1,0.0,1,1,H,0.18309859154929578,-60.7,-50.4,10.0,20.0,0.3333333333333333,2.2208912071654248,30,16,27,-11,0.04196468226055834,1,0,0,0,0,0,0,0,0,-1,0,0,0,0,0
1iei,A,29,GLU,-3.5,138.4,-1.0,1,3,H,0.5773195876288659,-54.1,-34.6,7.0,23.0,0.23333333333333334,1.825281847401217,26,13,12,1,0.03357174580844668,1,0,0,0,0,0,0,0,0,-1,0,0,0,0,0
1iei,A,30,ALA,1.8,88.6,0.0,0,0,H,0.018867924528301886,-70.0,-48.1,21.0,17.0,0.5526315789473685,3.044179532661366,36,22,19,3,0.045694876239274644,1,0,0,0,0,0,0,0,0,-1,0,0,0,0,0
1iei,A,31,VAL,4.2,140.0,0.0,0,0,H,0.014084507042253521,-63.0,-52.4,27.0,19.0,0.5869565217391305,5.69943931825702,41,26,26,0,0.048958795970651406,1,0,0,0,0,0,0,0,0,-1,0,0,0,0,0
1iei,A,32,LYS,-3.9,168.6,1.0,2,0,H,0.1902439024390244,-56.1,-41.7,13.0,23.0,0.3611111111111111,2.4673416045862755,27,9,35,-26,0.045694876239274644,1,0,0,0,0,0,0,0,0,-1,0,0,0,0,0
1iei,A,33,VAL,4.2,140.0,0.0,0,0,H,0.31690140845070425,-64.2,-32.4,15.0,17.0,0.46875,2.2254203767845095,29,19,23,-4,0.040099585271200194,1,0,0,0,0,0,0,0,0,-1,0,0,0,0,0
1iei,A,34,ALA,1.8,88.6,0.0,0,0,H,0.02830188679245283,-66.3,-41.8,26.0,15.0,0.6341463414634146,4.589954034776344,36,31,14,17,0.048958795970651406,1,0,0,0,0,0,0,0,0,-1,0,0,0,0,0
1iei,A,35,ILE,4.5,166.7,0.0,0,0,H,0.047337278106508875,-58.4,-49.9,22.0,14.0,0.6111111111111112,4.057407588732887,33,34,22,12,0.04709369898129325,1,0,0,0,0,0,0,0,0,13,12,10,0,1,1
1iei,A,36,ASP,-3.5,111.1,-1.0,1,3,H,0.558282208588957,-58.0,-36.5,9.0,15.0,0.375,1.8596878675012483,23,24,10,14,0.030774100324409453,1,0,0,0,0,0,0,0,0,-1,0,0,0,0,0
1iei,A,37,VAL,4.2,140.0,0.0,0,0,H,0.34507042253521125,-63.1,-39.3,19.0,7.0,0.7307692307692307,1.904764956384384,25,25,15,10,0.03450429430312575,1,0,0,0,0,0,0,0,0,-1,0,0,0,0,0
1iei,A,38,GLY,-0.4,60.1,0.0,0,0,T,0.25,135.0,-16.9,9.0,21.0,0.3,1.9036736014726996,28,23,12,11,0.02984155182973038,0,0,0,0,0,1,0,0,0,13,12,10,0,1,1
1iei,A,39,TYR,-1.3,193.6,0.0,1,1,-,0.03153153153153153,-67.5,118.6,25.0,15.0,0.625,3.8321168731201785,38,33,10,23,0.04429605349725603,0,0,0,0,0,0,0,0,0,13,12,10,0,1,1
1iei,A,40,ARG,-4.5,173.4,1.0,5,0,-,0.21774193548387097,-99.2,-7.2,16.0,22.0,0.42105263157894735,2.2465342504522465,33,27,19,8,0.04196468226055834,0,0,0,0,0,0,0,0,0,13,12,10,0,1,1
1iei,A,41,HIS,-3.2,153.2,0.1,2,1,E,0.010869565217391304,-109.3,130.4,17.0,25.0,0.40476190476190477,4.2044907685582595,34,14,17,-3,0.048958795970651406,0,0,1,0,0,0,0,0,0,-1,0,0,0,0,0
1iei,A,42,ILE,4.5,166.7,0.0,0,0,E,0.07100591715976332,-135.9,142.9,23.0,22.0,0.5111111111111111,6.135652825183526,42,21,18,3,0.048492521723311866,0,0,1,0,0,0,0,0,0,-1,0,0,0,0,0
1iei,A,43,ASP,-3.5,111.1,-1.0,1,3,E,0.024539877300613498,-109.8,109.5,23.0,27.0,0.46,2.304654314366518,41,30,5,25,0.048958795970651406,0,0,1,0,0,0,0,0,0,-1,0,0,0,0,0
1iei,A,44,CYS,2.5,108.5,0.0,1,0,-,0.0,-96.0,174.6,25.0,19.0,0.5681818181818182,4.355400100648497,42,29,21,8,0.050823892960009553,0,0,0,0,0,0,0,0,0,-1,0,0,0,0,0
1iei,A,45,ALA,1.8,88.6,0.0,0,0,-,0.0,-166.3,158.7,16.0,24.0,0.4,3.7478610174929443,35,32,22,10,0.05035761871267001,0,0,0,0,0,0,0,0,0,-1,0,0,0,0,0
1iei,A,46,HIS,-3.2,153.2,0.1,2,1,S,0.22826086956521738,-71.5,-29.5,20.0,16.0,0.5555555555555556,1.953273184013628,28,23,16,7,0.050823892960009553,0,0,0,0,0,0,1,0,0,19,1,9,0,0,1
1iei,A,47,VAL,4.2,140.0,0.0,0,0,T,0.15492957746478872,-61.6,-32.5,12.0,17.0,0.41379310344827586,2.1994160240967564,27,30,10,20,0.043829779249916496,0,0,0,0,0,1,0,0,0,19,1,9,0,0,1
1iei,A,48,TYR,-1.3,193.6,0.0,1,1,T,0.20270270270270271,-57.8,-20.1,23.0,4.0,0.8518518518518519,2.0710877044834968,30,38,17,21,0.04196468226055834,0,0,0,0,0,1,0,0,0,-1,0,0,0,0,0
1iei,A,49,GLN,-3.5,143.8,0.0,2,2,S,0.702020202020202,65.3,10.6,5.0,22.0,0.18518518518518517,1.821303226023615,20,16,18,-2,0.03450429430312575,0,0,0,0,0,0,1,0,0,-1,0,0,0,0,0
1iei,A,50,ASN,-3.5,114.1,0.0,2,2,-,0.006369426751592357,-118.5,-9.8,18.0,13.0,0.5806451612903226,2.1633483835551783,31,13,27,-14,0.048026247475972325,0,0,0,0,0,0,0,0,0,-1,0,0,0,0,0
1iei,A,51,GLU,-3.5,138.4,-1.0,1,3,H,0.015463917525773196,-28.8,-56.0,20.0,19.0,0.5128205128205128,2.5522181761260962,39,29,22,7,0.05222271570202816,1,0,0,0,0,0,0,0,0,-1,0,0,0,0,0
1iei,A,52,ASN,-3.5,114.1,0.0,2,2,H,0.43312101910828027,-53.5,-28.4,9.0,21.0,0.3,1.8298485052704645,25,18,26,-8,0.040565859518539735,1,0,0,0,0,0,0,0,0,-1,0,0,0,0,0
1iei,A,53,GLU,-3.5,138.4,-1.0,1,3,H,0.29896907216494845,-97.0,-25.3,13.0,19.0,0.40625,2.3056461735855143,26,4,18,-14,0.04196468226055834,1,0,0,0,0,0,0,0,0,-1,0,0,0,0,0
1iei,A,54,VAL,4.2,140.0,0.0,0,0,H,0.0,-49.7,-50.7,25.0,22.0,0.5319148936170213,5.554799597891483,39,12,34,-22,0.048492521723311866,1,0,0,0,0,0,0,0,0,-1,0,0,0,0,0
1iei,A,55,GLY,-0.4,60.1,0.0,0,0,H,0.0,-45.7,-67.3,17.0,21.0,0.4473684210526316,3.3528075177326158,31,22,31,-9,0.048492521723311866,1,0,0,0,0,0,0,0,0,-1,0,0,0,0,0
1iei,A,56,VAL,4.2,140.0,0.0,0,0,H,0.4014084507042254,-52.7,-24.7,7.0,19.0,0.2692307692307692,2.254614464666011,25,29,29,0,0.04103213376587927,1,0,0,0,0,0,0,0,0,-1,0,0,0,0,0
1iei,A,57,ALA,1.8,88.6,0.0,0,0,H,0.0,-67.0,-58.3,18.0,16.0,0.5294117647058824,3.8686888957597345,32,31,38,-7,0.04662742473395372,1,0,0,0,0,0,0,0,0,-1,0,0,0,0,0
1iei,A,58,ILE,4.5,166.7,0.0,0,0,H,0.047337278106508875,-39.1,-58.9,18.0,22.0,0.45,4.914286606353006,37,52,20,32,0.043829779249916496,1,0,0,0,0,0,0,0,0,-1,0,0,0,0,0
1iei,A,59,GLN,-3.5,143.8,0.0,2,2,H,0.30808080808080807,-49.9,-54.5,11.0,17.0,0.39285714285714285,2.251718748534709,27,33,20,13,0.03870076252918159,1,0,0,0,0,0,0,0,0,21,2,3,0,0,1
1iei,A,60,GLU,-3.5,138.4,-1.0,1,3,H,0.29896907216494845,-71.3,-12.7,8.0,17.0,0.32,2.418359778030336,20,29,15,14,0.03963331102386066,1,0,0,0,0,0,0,0,0,-1,0,0,0,0,0
1iei,A,61,LYS,-3.9,168.6,1.0,2,0,H,0.024390243902439025,-77.2,-39.2,22.0,7.0,0.7586206896551724,3.8750999364567034,27,29,29,0,0.05035761871267001,1,0,0,0,0,0,0,0,0,20,24,0,0,0,1
1iei,A,62,LEU,3.8,166.7,0.0,0,0,H,0.31097560975609756,-45.7,-75.9,12.0,11.0,0.5217391304347826,2.0902599404076696,23,45,23,22,0.04289723075523742,1,0,0,0,0,0,0,0,0,20,24,0,0,0,1
1iei,A,63,ARG,-4.5,173.4,1.0,5,0,H,0.6854838709677419,-67.9,-38.8,5.0,10.0,0.3333333333333333,1.8571501377615578,13,10,18,-8,0.02984155182973038,1,0,0,0,0,0,0,0,0,20,24,0,0,0,1
1iei,A,64,GLU,-3.5,138.4,-1.0,1,3,H,0.5154639175257731,-46.3,-40.0,11.0,4.0,0.7333333333333333,1.754328216383783,14,28,15,13,0.029375277582390842,1,0,0,0,0,0,0,0,0,20,24,0,0,0,1
1iei,A,65,GLN,-3.5,143.8,0.0,2,2,T,0.7929292929292929,121.5,2.6,0.0,15.0,0.0,1.8020231865144842,15,28,16,12,0.02797645484037223,0,0,0,0,0,1,0,0,0,20,24,0,0,0,1
1iei,A,66,VAL,4.2,140.0,0.0,0,0,S,0.47183098591549294,-77.9,-27.4,15.0,8.0,0.6521739130434783,1.9187133571991069,24,34,28,6,0.032639197313767604,0,0,0,0,0,0,1,0,0,20,24,0,0,0,1
1iei,A,67,VAL,4.2,140.0,0.0,0,0,-,0.056338028169014086,-137.9,148.6,19.0,6.0,0.76,2.3413019913049564,24,45,36,9,0.03870076252918159,0,0,0,0,0,0,0,0,0,20,24,0,0,0,1
1iei,A,68,LYS,-3.9,168.6,1.0,2,0,-,0.6195121951219512,-94.5,137.0,2.0,15.0,0.11764705882352941,2.1218487140758717,14,21,18,3,0.032172923066428064,0,0,0,0,0,0,0,0,0,13,12,10,0,1,1
1iei,A,69,ARG,-4.5,173.4,1.0,5,0,G,0.1693548387096774,-31.2,-51.9,9.0,15.0,0.375,2.269509014946565,24,22,31,-9,0.032639197313767604,0,0,0,1,0,0,0,0,0,-1,0,0,0,0,0
1iei,A,70,GLU,-3.5,138.4,-1.0,1,3,G,0.7319587628865979,-38.4,-39.1,1.0,18.0,0.05263157894736842,1.7302972881146472,13,30,13,17,0.02797645484037223,0,0,0,1,0,0,0,0,0,-1,0,0,0,0,0
1iei,A,71,GLU,-3.5,138.4,-1.0,1,3,G,0.5,-94.2,-15.2,10.0,13.0,0.43478260869565216,1.7858338456824565,20,42,12,30,0.03403802005578621,0,0,0,1,0,0,0,0,0,13,12,10,0,1,1
1iei,A,72,LEU,3.8,166.7,0.0,0,0,-,0.042682926829268296,-62.6,153.6,20.0,12.0,0.625,3.420914201895401,28,44,25,19,0.045694876239274644,0,0,0,0,0,0,0,0,0,13,12,10,0,1,1
1iei,A,73,PHE,2.8,189.9,0.0,0,0,E,0.04060913705583756,-133.6,93.5,16.0,21.0,0.43243243243243246,2.843524770919991,39,47,24,23,0.04662742473395372,0,0,1,0,0,0,0,0,0,-1,0,0,0,0,0
1iei,A,74,ILE,4.5,166.7,0.0,0,0,E,0.011834319526627219,-82.7,126.1,21.0,24.0,0.4666666666666667,5.991135257091128,40,31,28,3,0.048958795970651406,0,0,1,0,0,0,0,0,0,-1,0,0,0,0,0
1iei,A,75,VAL,4.2,140.0,0.0,0,0,E,0.014084507042253521,-111.7,140.1,22.0,25.0,0.46808510638297873,6.595179513569335,43,25,19,6,0.0526889899493677,0,0,1,0,0,0,0,0,0,-1,0,0,0,0,0
1iei,A,76,SER,-0.8,89.0,0.0,1,1,E,0.0,-144.0,179.4,23.0,22.0,0.5111111111111111,6.785047249040545,43,30,22,8,0.050823892960009553,0,0,1,0,0,0,0,0,0,-1,0,0,0,0,0
1iei,A,77,LYS,-3.9,168.6,1.0,2,0,E,0.0,-142.1,148.5,18.0,23.0,0.43902439024390244,4.389651484441999,37,19,13,6,0.05455408693872585,0,0,1,0,0,0,0,0,0,-1,0,0,0,0,0
1iei,A,78,LEU,3.8,166.7,0.0,0,0,E,0.0,-59.1,104.5,27.0,17.0,0.6136363636363636,5.793213542411463,41,43,7,36,0.058284280917442144,0,0,1,0,0,0,0,0,0,-1,0,0,0,0,0
1iei,A,79,TRP,-0.9,227.8,0.0,1,0,-,0.039647577092511016,-57.5,147.6,17.0,22.0,0.4358974358974359,3.6379352413173556,32,41,3,38,0.05688545817542354,0,0,0,0,0,0,0,0,0,19,1,9,0,0,1
1iei,A,80,CYS,2.5,108.5,0.0,1,0,G,0.022222222222222223,-51.5,-34.3,18.0,24.0,0.42857142857142855,3.820507587118893,35,37,8,29,0.05222271570202816,0,0,0,1,0,0,0,0,0,1,1085,10,0,122,1
1iei,A,81,THR,-0.7,116.1,0.0,1,1,G,0.007042253521126761,-60.7,-10.9,12.0,24.0,0.3333333333333333,2.545346929876447,31,30,14,16,0.05222271570202816,0,0,0,1,0,0,0,0,0,19,1,9,0,0,1
1iei,A,82,TYR,-1.3,193.6,0.0,1,1,G,0.24774774774774774,-141.8,43.5,17.0,24.0,0.4146341463414634,2.8720146387428844,36,44,11,33,0.04989134446533048,0,0,0,1,0,0,0,0,0,19,1,9,0,0,1
1iei,A,83,HIS,-3.2,153.2,0.1,2,1,-,0.03260869565217391,-68.4,-19.4,18.0,21.0,0.46153846153846156,3.037957462247683,40,22,20,2,0.05222271570202816,0,0,0,0,0,0,0,0,0,-1,0,0,0,0,0
1iei,A,84,GLU,-3.5,138.4,-1.0,1,3,S,0.3556701030927835,-48.8,110.8,13.0,20.0,0.3939393939393939,2.1429670492195627,25,27,11,16,0.03870076252918159,0,0,0,0,0,0,1,0,0,-1,0,0,0,0,0
1iei,A,85,LYS,-3.9,168.6,1.0,2,0,H,0.5463414634146342,-54.7,-34.6,13.0,18.0,0.41935483870967744,1.9177209489866835,22,14,25,-11,0.03683566553982344,1,0,0,0,0,0,0,0,0,-1,0,0,0,0,0
1iei,A,86,GLY,-0.4,60.1,0.0,0,0,H,0.75,-53.8,-38.3,3.0,16.0,0.15789473684210525,1.7095991148163636,19,23,12,11,0.02331371236697686,1,0,0,0,0,0,0,0,0,-1,0,0,0,0,0
1iei,A,87,LEU,3.8,166.7,0.0,0,0,H,0.4451219512195122,-89.1,-16.7,12.0,13.0,0.48,2.031576922686205,23,23,9,14,0.03403802005578621,1,0,0,0,0,0,0,0,0,14,25,4,0,1,1
1iei,A,88,VAL,4.2,140.0,0.0,0,0,H,0.0,-47.1,-60.3,21.0,15.0,0.5833333333333334,2.8268680925519054,34,30,19,11,0.04709369898129325,1,0,0,0,0,0,0,0,0,14,25,4,0,1,1
1iei,A,89,LYS,-3.9,168.6,1.0,2,0,H,0.36585365853658536,-19.2,-68.9,6.0,24.0,0.2,2.1799458838210466,24,9,17,-8,0.03730193978716297,1,0,0,0,0,0,0,0,0,14,25,4,0,1,1
1iei,A,90,GLY,-0.4,60.1,0.0,0,0,H,0.4880952380952381,-63.7,-24.4,7.0,17.0,0.2916666666666667,1.709593781131186,23,26,3,23,0.030307826077069916,1,0,0,0,0,0,0,0,0,14,25,4,0,1,1
1iei,A,91,ALA,1.8,88.6,0.0,0,0,H,0.10377358490566038,-65.6,-41.6,24.0,10.0,0.7058823529411765,1.9387566375495886,35,36,9,27,0.043829779249916496,1,0,0,0,0,0,0,0,0,19,1,9,0,0,1
1iei,A,92,CYS,2.5,108.5,0.0,1,0,H,0.0,-76.2,-33.1,25.0,19.0,0.5681818181818182,4.140913722638669,34,29,12,17,0.045694876239274644,1,0,0,0,0,0,0,0,0,14,25,4,0,1,1
1iei,A,93,GLN,-3.5,143.8,0.0,2,2,H,0.5606060606060606,-61.5,-50.1,7.0,22.0,0.2413793103448276,2.0193440317691165,21,17,12,5,0.03357174580844668,1,0,0,0,0,0,0,0,0,14,25,4,0,1,1
1iei,A,94,LYS,-3.9,168.6,1.0,2,0,H,0.6439024390243903,-76.6,-13.8,5.0,21.0,0.19230769230769232,2.058152008408447,20,15,17,-2,0.032639197313767604,1,0,0,0,0,0,0,0,0,14,25,4,0,1,1
1iei,A,95,THR,-0.7,116.1,0.0,1,1,H,0.0,-75.6,-38.1,21.0,16.0,0.5675675675675675,2.961186087137699,36,32,20,12,0.048026247475972325,1,0,0,0,0,0,0,0,0,19,1,9,0,0,1
1iei,A,96,LEU,3.8,166.7,0.0,0,0,H,0.042682926829268296,-70.6,-43.3,14.0,18.0,0.4375,2.4518975270465284,31,22,26,-4,0.04616115048661418,1,0,0,0,0,0,0,0,0,-1,0,0,0,0,0
1iei,A,97,SER,-0.8,89.0,0.0,1,1,H,0.5769230769230769,-46.2,-32.8,5.0,18.0,0.21739130434782608,1.7959322549006493,21,20,22,-2,0.035436842797804825,1,0,0,0,0,0,0,0,0,21,2,3,0,0,1
1iei,A,98,ASP,-3.5,111.1,-1.0,1,3,H,0.08588957055214724,-77.7,-53.5,17.0,14.0,0.5483870967741935,1.9702668471732094,24,28,18,10,0.04149840801321881,1,0,0,0,0,0,0,0,0,21,2,3,0,0,1
1iei,A,99,LEU,3.8,166.7,0.0,0,0,H,0.024390243902439025,-55.1,-27.6,18.0,16.0,0.5294117647058824,4.571866702652472,36,25,31,-6,0.048958795970651406,1,0,0,0,0,0,0,0,0,21,2,3,0,0,1
1iei,A,100,LYS,-3.9,168.6,1.0,2,0,T,0.6341463414634146,62.1,29.5,10.0,15.0,0.4,1.979975572848441,24,8,23,-15,0.034970568550465285,0,0,0,0,0,1,0,0,0,21,2,3,0,0,1
1iei,A,101,LEU,3.8,166.7,0.0,0,0,-,0.13414634146341464,-116.1,171.5,21.0,9.0,0.7,2.167806952274171,28,21,25,-4,0.0363693912924839,0,0,0,0,0,0,0,0,0,21,2,3,0,0,1
1iei,A,102,ASP,-3.5,111.1,-1.0,1,3,S,0.7852760736196319,-101.2,-7.1,2.0,21.0,0.08695652173913043,1.7117095994160227,19,21,3,18,0.02797645484037223,0,0,0,0,0,0,1,0,0,-1,0,0,0,0,0
1iei,A,103,TYR,-1.3,193.6,0.0,1,1,-,0.15765765765765766,-149.7,169.8,14.0,16.0,0.4666666666666667,2.566140387172163,24,25,22,3,0.03963331102386066,0,0,0,0,0,0,0,0,0,-1,0,0,0,0,0
1iei,A,104,LEU,3.8,166.7,0.0,0,0,B,0.0,-131.6,157.5,24.0,14.0,0.631578947368421,5.549241494919341,35,18,17,1,0.05175644145468863,0,1,0,0,0,0,0,0,0,-1,0,0,0,0,0
1iei,A,105,ASP,-3.5,111.1,-1.0,1,3,S,0.09815950920245399,-91.2,-24.9,18.0,23.0,0.43902439024390244,2.271789943270461,33,34,11,23,0.048026247475972325,0,0,0,0,0,0,1,0,0,-1,0,0,0,0,0
1iei,A,106,LEU,3.8,166.7,0.0,0,0,E,0.012195121951219513,-153.3,111.3,26.0,21.0,0.5531914893617021,5.0030230200109544,44,23,15,8,0.04942507021799094,0,0,1,0,0,0,0,0,0,-1,0,0,0,0,0
1iei,A,107,TYR,-1.3,193.6,0.0,1,1,E,0.0045045045045045045,-109.4,134.4,22.0,23.0,0.4888888888888889,6.521869862926388,44,27,10,17,0.05129016720734909,0,0,1,0,0,0,0,0,0,-1,0,0,0,0,0
1iei,A,108,LEU,3.8,166.7,0.0,0,0,E,0.0,-106.8,142.0,21.0,24.0,0.4666666666666667,6.634221756680386,45,21,11,10,0.053621538444046775,0,0,1,0,0,0,0,0,0,-1,0,0,0,0,0
1iei,A,109,ILE,4.5,166.7,0.0,0,0,E,0.01775147928994083,-86.1,118.3,26.0,21.0,0.5531914893617021,6.090577279716074,38,29,0,29,0.05175644145468863,0,0,1,0,0,0,0,0,0,-1,0,0,0,0,0
1iei,A,110,HIS,-3.2,153.2,0.1,2,1,S,0.05434782608695652,-61.2,-44.4,18.0,21.0,0.46153846153846156,3.042035498579805,32,21,4,17,0.05502036118606539,0,0,0,0,0,0,1,0,0,-1,0,0,0,0,0
1iei,A,111,TRP,-0.9,227.8,0.0,1,0,-,0.1762114537444934,-126.0,156.0,17.0,22.0,0.4358974358974359,2.4765280667175955,38,25,5,20,0.050823892960009553,0,0,0,0,0,0,0,0,0,-1,0,0,0,0,0
1iei,A,112,PRO,-1.6,112.7,0.0,0,0,S,0.014705882352941176,-62.8,21.8,19.0,26.0,0.4222222222222222,3.4106075628973778,36,29,8,21,0.05129016720734909,0,0,0,0,0,0,1,0,0,-1,0,0,0,0,0
1iei,A,113,THR,-0.7,116.1,0.0,1,1,-,0.04225352112676056,-143.3,112.2,17.0,23.0,0.425,2.4246143657770607,38,36,10,26,0.05222271570202816,0,0,0,0,0,0,0,0,0,-1,0,0,0,0,0
1iei,A,114,GLY,-0.4,60.1,0.0,0,0,-,0.03571428571428571,-88.1,112.5,17.0,21.0,0.4473684210526316,2.2368339334556486,33,36,21,15,0.04942507021799094,0,0,0,0,0,0,0,0,0,1,1085,10,0,122,1
1iei,A,115,PHE,2.8,189.9,0.0,0,0,B,0.01015228426395939,-123.1,169.9,20.0,15.0,0.5714285714285714,3.33026151086716,35,28,10,18,0.05455408693872585,0,1,0,0,0,0,0,0,0,1,1085,10,0,122,1
1iei,A,116,LYS,-3.9,168.6,1.0,2,0,-,0.5414634146341464,-68.6,122.0,8.0,17.0,0.32,2.2093610338418364,25,6,12,-6,0.03823448828184205,0,0,0,0,0,0,0,0,0,1,1085,10,0,122,1
1iei,A,117,PRO,-1.6,112.7,0.0,0,0,-,0.4264705882352941,-53.0,115.8,10.0,17.0,0.37037037037037035,1.9204400500580383,21,20,15,5,0.03450429430312575,0,0,0,0,0,0,0,0,0,1,1085,10,0,122,1
1iei,A,118,GLY,-0.4,60.1,0.0,0,0,S,0.5357142857142857,-171.8,-168.5,7.0,12.0,0.3684210526315789,1.709593323048955,17,20,11,9,0.024246260861655933,0,0,0,0,0,0,1,0,0,1,1085,10,0,122,1
1iei,A,119,LYS,-3.9,168.6,1.0,2,0,S,0.8878048780487805,-53.4,-54.7,0.0,13.0,0.0,1.9083463800949434,13,6,9,-3,0.020049792635600097,0,0,0,0,0,0,1,0,0,-1,0,0,0,0,0
1iei,A,120,GLU,-3.5,138.4,-1.0,1,3,-,0.654639175257732,-54.8,101.0,7.0,9.0,0.4375,1.7421361226834984,16,17,0,17,0.028909003335051305,0,0,0,0,0,0,0,0,0,-1,0,0,0,0,0
1iei,A,121,PHE,2.8,189.9,0.0,0,0,S,0.233502538071066,-34.2,-7.2,5.0,16.0,0.23809523809523808,2.0158413432759144,19,23,9,14,0.040099585271200194,0,0,0,0,0,0,1,0,0,19,1,9,0,0,1
1iei,A,122,PHE,2.8,189.9,0.0,0,0,S,0.4720812182741117,-163.9,88.9,7.0,18.0,0.28,1.8723488379176703,26,5,10,-5,0.03870076252918159,0,0,0,0,0,0,1,0,0,5,24,16,1,5,1
1iei,A,123,PRO,-1.6,112.7,0.0,0,0,-,0.08823529411764706,-83.4,125.2,13.0,10.0,0.5652173913043478,2.5385990181538234,27,15,21,-6,0.03823448828184205,0,0,0,0,0,0,0,0,0,1,1085,10,0,122,1
1iei,A,124,LEU,3.8,166.7,0.0,0,0,B,0.5853658536585366,-106.6,148.2,6.0,14.0,0.3,1.907931670742314,17,7,25,-18,0.03450429430312575,0,1,0,0,0,0,0,0,0,9,82,3,0,3,1
1iei,A,125,ASP,-3.5,111.1,-1.0,1,3,-,0.4601226993865031,-25.9,-39.5,7.0,9.0,0.4375,1.8199383504534343,14,2,9,-7,0.02844272908771177,0,0,0,0,0,0,0,0,0,9,82,3,0,3,1
1iei,A,126,GLU,-3.5,138.4,-1.0,1,3,S,1.0,89.0,-38.0,0.0,9.0,0.0,1.7084314067643551,9,2,8,-6,0.017718421398902413,0,0,0,0,0,0,1,0,0,9,82,3,0,3,1
1iei,A,127,SER,-0.8,89.0,0.0,1,1,S,0.7615384615384615,-102.8,-135.1,1.0,8.0,0.1111111111111111,1.7396199119218474,9,0,17,-17,0.015853324409544265,0,0,0,0,0,0,1,0,0,9,82,3,0,3,1
1iei,A,128,GLY,-0.4,60.1,0.0,0,0,S,0.6428571428571429,-53.7,-67.2,3.0,11.0,0.21428571428571427,1.7096033228870429,15,0,16,-16,0.02098234113027917,0,0,0,0,0,0,1,0,0,9,82,3,0,3,1
1iei,A,129,ASN,-3.5,114.1,0.0,2,2,S,0.07006369426751592,-77.4,156.6,0.0,0.0,0.0,2.0528259300186305,19,5,16,-11,0.03357174580844668,0,0,0,0,0,0,1,0,0,9,82,3,0,3,1
1iei,A,130,VAL,4.2,140.0,0.0,0,0,B,0.09154929577464789,-50.4,131.2,23.0,7.0,0.7666666666666667,2.1698504503979246,28,19,11,8,0.043829779249916496,0,1,0,0,0,0,0,0,0,-1,0,0,0,0,0
1iei,A,131,VAL,4.2,140.0,0.0,0,0,-,0.3028169014084507,-62.7,104.3,11.0,17.0,0.39285714285714285,2.4570515213102406,26,17,20,-3,0.03590311704514436,0,0,0,0,0,0,0,0,0,1,1085,10,0,122,1
1iei,A,132,PRO,-1.6,112.7,0.0,0,0,B,0.5294117647058824,-80.4,-169.6,14.0,17.0,0.45161290322580644,2.0069300580859144,24,24,18,6,0.03776821403450251,0,1,0,0,0,0,0,0,0,1,1085,10,0,122,1
1iei,A,133,SER,-0.8,89.0,0.0,1,1,-,0.19230769230769232,-135.7,142.7,18.0,9.0,0.6666666666666666,1.844871662974179,24,34,22,12,0.03450429430312575,0,0,0,0,0,0,0,0,0,1,1085,10,0,122,1
1iei,A,134,ASP,-3.5,111.1,-1.0,1,3,-,1.0,-73.6,-12.7,0.0,22.0,0.0,1.6720193185584622,17,20,10,10,0.017718421398902413,0,0,0,0,0,0,0,0,0,-1,0,0,0,0,0
1iei,A,135,THR,-0.7,116.1,0.0,1,1,-,0.2605633802816901,-33.0,-179.8,22.0,7.0,0.7586206896551724,1.7768581032017654,31,32,31,1,0.03310547156110714,0,0,0,0,0,0,0,0,0,-1,0,0,0,0,0
1iei,A,136,ASN,-3.5,114.1,0.0,2,2,-,0.36942675159235666,-146.7,134.8,8.0,21.0,0.27586206896551724,1.974671625801688,27,28,26,2,0.035436842797804825,0,0,0,0,0,0,0,0,0,12,24,6,0,1,1
1iei,A,137,ILE,4.5,166.7,0.0,0,0,S,0.05917159763313609,-40.9,-76.3,18.0,21.0,0.46153846153846156,2.5312710874165227,32,25,20,5,0.04476232774459557,0,0,0,0,0,0,1,0,0,16,9,3,0,0,1
1iei,A,138,LEU,3.8,166.7,0.0,0,0,H,0.2073170731707317,-72.1,-19.5,15.0,21.0,0.4166666666666667,2.6796346723383477,29,15,18,-3,0.03963331102386066,1,0,0,0,0,0,0,0,0,12,24,6,0,1,1
1iei,A,139,ASP,-3.5,111.1,-1.0,1,3,H,0.3987730061349693,-83.3,22.8,5.0,21.0,0.19230769230769232,1.9422027236424813,22,22,13,9,0.03403802005578621,1,0,0,0,0,0,0,0,0,12,24,6,0,1,1
1iei,A,140,THR,-0.7,116.1,0.0,1,1,H,0.014084507042253521,-141.0,-31.6,21.0,15.0,0.5833333333333334,3.324458876080585,38,25,31,-6,0.05175644145468863,1,0,0,0,0,0,0,0,0,12,24,6,0,1,1
1iei,A,141,TRP,-0.9,227.8,0.0,1,0,H,0.0,-49.9,-30.5,21.0,23.0,0.4772727272727273,5.5712904263912595,39,23,24,-1,0.04429605349725603,1,0,0,0,0,0,0,0,0,12,24,6,0,1,1
1iei,A,142,ALA,1.8,88.6,0.0,0,0,T,0.10377358490566038,-83.2,-39.3,14.0,19.0,0.42424242424242425,2.3945812244542015,30,25,34,-9,0.04289723075523742,0,0,0,0,0,1,0,0,0,12,24,6,0,1,1
1iei,A,143,ALA,1.8,88.6,0.0,0,0,H,0.14150943396226415,-57.8,-19.6,20.0,15.0,0.5714285714285714,1.8468816358818814,33,28,41,-13,0.04103213376587927,1,0,0,0,0,0,0,0,0,-1,0,0,0,0,0
1iei,A,144,MET,1.9,162.9,0.0,0,0,H,0.0,-108.8,-1.9,26.0,18.0,0.5909090909090909,5.013233332755746,41,24,34,-10,0.04755997322863279,1,0,0,0,0,0,0,0,0,-1,0,0,0,0,0
1iei,A,145,GLU,-3.5,138.4,-1.0,1,3,H,0.010309278350515464,-69.1,-34.0,12.0,22.0,0.35294117647058826,3.325588934512746,29,19,27,-8,0.048026247475972325,1,0,0,0,0,0,0,0,0,12,24,6,0,1,1
1iei,A,146,GLU,-3.5,138.4,-1.0,1,3,H,0.36082474226804123,-62.4,-42.7,11.0,15.0,0.4230769230769231,1.961979794577963,23,24,28,-4,0.03776821403450251,1,0,0,0,0,0,0,0,0,-1,0,0,0,0,0
1iei,A,147,LEU,3.8,166.7,0.0,0,0,H,0.018292682926829267,-54.6,-27.3,27.0,6.0,0.8181818181818182,2.3922417394326185,33,14,35,-21,0.045228601991935104,1,0,0,0,0,0,0,0,0,-1,0,0,0,0,0
1iei,A,148,VAL,4.2,140.0,0.0,0,0,H,0.176056338028169,-80.7,-55.0,16.0,12.0,0.5714285714285714,2.269078331525381,26,19,37,-18,0.043363505002576956,1,0,0,0,0,0,0,0,0,-1,0,0,0,0,0
1iei,A,149,ASP,-3.5,111.1,-1.0,1,3,H,0.4785276073619632,-38.2,-49.7,7.0,9.0,0.4375,1.7166037277222106,18,13,27,-14,0.028909003335051305,1,0,0,0,0,0,0,0,0,-1,0,0,0,0,0
1iei,A,150,GLU,-3.5,138.4,-1.0,1,3,T,0.5927835051546392,-76.7,3.5,10.0,7.0,0.5882352941176471,1.7554438315980394,17,9,23,-14,0.025178809356335007,0,0,0,0,0,1,0,0,0,-1,0,0,0,0,0
1iei,A,151,GLY,-0.4,60.1,0.0,0,0,S,0.5476190476190477,100.7,-41.1,2.0,17.0,0.10526315789473684,1.79136438739955,21,10,31,-21,0.02797645484037223,0,0,0,0,0,0,1,0,0,-1,0,0,0,0,0
1iei,A,152,LEU,3.8,166.7,0.0,0,0,S,0.15853658536585366,-36.6,-39.2,19.0,10.0,0.6551724137931034,2.275175985686304,30,19,32,-13,0.040099585271200194,0,0,0,0,0,0,1,0,0,-1,0,0,0,0,0
1iei,A,153,VAL,4.2,140.0,0.0,0,0,B,0.014084507042253521,-143.6,127.1,21.0,12.0,0.6363636363636364,3.100097543265728,33,10,33,-23,0.048026247475972325,0,1,0,0,0,0,0,0,0,-1,0,0,0,0,0
1iei,A,154,LYS,-3.9,168.6,1.0,2,0,S,0.5560975609756098,-72.7,-5.3,15.0,19.0,0.4411764705882353,1.960323068603396,27,5,19,-14,0.03823448828184205,0,0,0,0,0,0,1,0,0,-1,0,0,0,0,0
1iei,A,155,ALA,1.8,88.6,0.0,0,0,-,0.02830188679245283,179.0,166.5,18.0,20.0,0.47368421052631576,2.604908250367738,35,13,15,-2,0.043363505002576956,0,0,0,0,0,0,0,0,0,-1,0,0,0,0,0
1iei,A,156,ILE,4.5,166.7,0.0,0,0,E,0.023668639053254437,-156.1,147.9,20.0,25.0,0.4444444444444444,2.8896226363439825,40,14,18,-4,0.0526889899493677,0,0,1,0,0,0,0,0,0,-1,0,0,0,0,0
1iei,A,157,GLY,-0.4,60.1,0.0,0,0,E,0.0,-169.9,-156.7,22.0,26.0,0.4583333333333333,6.309604700589329,42,20,5,15,0.04662742473395372,0,0,1,0,0,0,0,0,0,-1,0,0,0,0,0
1iei,A,158,ILE,4.5,166.7,0.0,0,0,E,0.011834319526627219,-124.2,126.7,21.0,22.0,0.4883720930232558,7.187402965180831,38,17,1,16,0.05222271570202816,0,0,1,0,0,0,0,0,0,-1,0,0,0,0,0
1iei,A,159,SER,-0.8,89.0,0.0,1,1,E,0.007692307692307693,-95.1,116.6,19.0,21.0,0.475,3.555716884628232,39,20,7,13,0.05408781269138631,0,0,1,0,0,0,0,0,0,-1,0,0,0,0,0
1iei,A,160,ASN,-3.5,114.1,0.0,2,2,S,0.025477707006369428,47.9,83.1,13.0,23.0,0.3611111111111111,2.178734905154116,39,21,11,10,0.05455408693872585,0,0,0,0,0,0,1,0,0,-1,0,0,0,0,0
1iei,A,161,PHE,2.8,189.9,0.0,0,0,-,0.025380710659898477,111.4,87.9,23.0,14.0,0.6216216216216216,3.8447091901635932,39,12,11,1,0.05129016720734909,0,0,0,0,0,0,0,0,0,-1,0,0,0,0,0
1iei,A,162,ASN,-3.5,114.1,0.0,2,2,-,0.044585987261146494,-99.9,175.4,10.0,22.0,0.3125,2.4061675198155412,29,20,27,-7,0.05035761871267001,0,0,0,0,0,0,0,0,0,-1,0,0,0,0,0
1iei,A,163,HIS,-3.2,153.2,0.1,2,1,H,0.23369565217391305,-52.4,-63.0,13.0,18.0,0.41935483870967744,2.7853808420025055,22,8,24,-16,0.043363505002576956,1,0,0,0,0,0,0,0,0,4,127,4,0,7,1
1iei,A,164,LEU,3.8,166.7,0.0,0,0,H,0.3719512195121951,-13.2,-68.5,13.0,12.0,0.52,2.216454729324023,24,16,25,-9,0.03683566553982344,1,0,0,0,0,0,0,0,0,10,24,7,0,2,1
1iei,A,165,GLN,-3.5,143.8,0.0,2,2,H,0.025252525252525252,-74.6,-33.7,20.0,13.0,0.6060606060606061,2.900131599611594,30,16,23,-7,0.043829779249916496,1,0,0,0,0,0,0,0,0,16,9,3,0,0,1
1iei,A,166,VAL,4.2,140.0,0.0,0,0,H,0.014084507042253521,-54.2,-56.5,20.0,17.0,0.5405405405405406,5.097726583605599,33,19,9,10,0.045694876239274644,1,0,0,0,0,0,0,0,0,-1,0,0,0,0,0
1iei,A,167,GLU,-3.5,138.4,-1.0,1,3,H,0.4175257731958763,-64.6,-20.8,9.0,16.0,0.36,2.11936334354817,18,15,0,15,0.03683566553982344,1,0,0,0,0,0,0,0,0,-1,0,0,0,0,0
1iei,A,168,MET,1.9,162.9,0.0,0,0,H,0.39893617021276595,-65.9,-57.5,11.0,11.0,0.5,1.9666682424689323,23,16,14,2,0.03823448828184205,1,0,0,0,0,0,0,0,0,10,24,7,0,2,1
1iei,A,169,ILE,4.5,166.7,0.0,0,0,H,0.0,-55.3,-35.6,21.0,10.0,0.6774193548387096,4.984576426722727,35,21,16,5,0.048026247475972325,1,0,0,0,0,0,0,0,0,10,24,7,0,2,1
1iei,A,170,LEU,3.8,166.7,0.0,0,0,T,0.2926829268292683,-87.1,-7.0,13.0,14.0,0.48148148148148145,2.2825922604545985,25,26,10,16,0.03776821403450251,0,0,0,0,0,1,0,0,0,-1,0,0,0,0,0
1iei,A,171,ASN,-3.5,114.1,0.0,2,2,T,0.6687898089171974,-92.0,-4.1,6.0,11.0,0.35294117647058826,1.8266731127988693,17,12,9,3,0.028909003335051305,0,0,0,0,0,1,0,0,0,-1,0,0,0,0,0
1iei,A,172,LYS,-3.9,168.6,1.0,2,0,-,0.11707317073170732,-61.2,130.0,18.0,3.0,0.8571428571428571,2.150666314308063,23,9,16,-7,0.032639197313767604,0,0,0,0,0,0,0,0,0,12,24,6,0,1,1
1iei,A,173,PRO,-1.6,112.7,0.0,0,0,T,0.8382352941176471,-69.8,153.9,0.0,13.0,0.0,1.9016921136185758,13,13,8,5,0.01818469564624195,0,0,0,0,0,1,0,0,0,12,24,6,0,1,1
1iei,A,174,GLY,-0.4,60.1,0.0,0,0,T,0.7857142857142857,74.5,17.1,5.0,9.0,0.35714285714285715,1.709682443469377,16,19,9,10,0.019117244140921023,0,0,0,0,0,1,0,0,0,8,119,2,0,3,1
1iei,A,175,LEU,3.8,166.7,0.0,0,0,-,0.34146341463414637,-66.9,95.8,10.0,9.0,0.5263157894736842,2.091092328139884,18,27,10,17,0.032172923066428064,0,0,0,0,0,0,0,0,0,8,119,2,0,3,1
1iei,A,176,LYS,-3.9,168.6,1.0,2,0,-,0.551219512195122,-68.4,-34.0,11.0,11.0,0.5,1.8994241240393603,17,13,25,-12,0.027043906345693154,0,0,0,0,0,0,0,0,0,8,119,2,0,3,1
1iei,A,177,TYR,-1.3,193.6,0.0,1,1,-,0.35135135135135137,-131.1,141.8,18.0,11.0,0.6206896551724138,2.0877106052068988,24,21,26,-5,0.03776821403450251,0,0,0,0,0,0,0,0,0,8,119,2,0,3,1
1iei,A,178,LYS,-3.9,168.6,1.0,2,0,-,0.4292682926829268,-95.4,139.1,12.0,21.0,0.36363636363636365,2.087610968785732,26,8,3,5,0.03963331102386066,0,0,0,0,0,0,0,0,0,3,140,5,0,8,1
1iei,A,179,PRO,-1.6,112.7,0.0,0,0,-,0.0,-62.9,133.0,25.0,18.0,0.5813953488372093,3.9664515846976793,38,13,5,8,0.043363505002576956,0,0,0,0,0,0,0,0,0,-1,0,0,0,0,0
1iei,A,180,ALA,1.8,88.6,0.0,0,0,-,0.009433962264150943,-70.2,-54.3,23.0,16.0,0.5897435897435898,2.240500434059111,36,11,2,9,0.04709369898129325,0,0,0,0,0,0,0,0,0,-1,0,0,0,0,0
1iei,A,181,VAL,4.2,140.0,0.0,0,0,E,0.007042253521126761,-135.3,146.7,22.0,17.0,0.5641025641025641,4.933003948683191,41,8,3,5,0.04709369898129325,0,0,1,0,0,0,0,0,0,-1,0,0,0,0,0
1iei,A,182,ASN,-3.5,114.1,0.0,2,2,E,0.012738853503184714,-112.2,93.2,22.0,20.0,0.5238095238095238,5.460990885289385,38,5,4,1,0.05222271570202816,0,0,1,0,0,0,0,0,0,-1,0,0,0,0,0
1iei,A,183,GLN,-3.5,143.8,0.0,2,2,E,0.025252525252525252,-70.0,99.2,19.0,20.0,0.48717948717948717,3.4823230975992323,39,19,13,6,0.048958795970651406,0,0,1,0,0,0,0,0,0,-1,0,0,0,0,0
1iei,A,184,ILE,4.5,166.7,0.0,0,0,E,0.07692307692307693,-108.4,161.4,22.0,22.0,0.5,2.7992299794637723,38,13,9,4,0.048026247475972325,0,0,1,0,0,0,0,0,0,-1,0,0,0,0,0
1iei,A,185,GLU,-3.5,138.4,-1.0,1,3,E,0.010309278350515464,-81.0,135.1,18.0,21.0,0.46153846153846156,2.7165172184380904,38,21,0,21,0.045694876239274644,0,0,1,0,0,0,0,0,0,-1,0,0,0,0,0
1iei,A,186,CYS,2.5,108.5,0.0,1,0,-,0.044444444444444446,-148.7,165.3,24.0,21.0,0.5333333333333333,5.426792639808354,40,24,10,14,0.048026247475972325,0,0,0,0,0,0,0,0,0,-1,0,0,0,0,0
1iei,A,187,HIS,-3.2,153.2,0.1,2,1,B,0.016304347826086956,174.0,169.2,20.0,25.0,0.4444444444444444,5.265342714077784,37,20,9,11,0.0526889899493677,0,1,0,0,0,0,0,0,0,-1,0,0,0,0,0
1iei,A,188,PRO,-1.6,112.7,0.0,0,0,T,0.0,-59.8,-22.8,22.0,19.0,0.5365853658536586,5.866108024525042,40,30,10,20,0.05222271570202816,0,0,0,0,0,1,0,0,0,-1,0,0,0,0,0
1iei,A,189,TYR,-1.3,193.6,0.0,1,1,T,0.0045045045045045045,-104.0,14.7,14.0,17.0,0.45161290322580644,3.49159335029769,32,30,11,19,0.04942507021799094,0,0,0,0,0,1,0,0,0,7,145,2,0,5,1
1iei,A,190,LEU,3.8,166.7,0.0,0,0,B,0.054878048780487805,-130.9,115.1,15.0,18.0,0.45454545454545453,3.0433946830457854,31,36,19,17,0.05035761871267001,0,1,0,0,0,0,0,0,0,-1,0,0,0,0,0
1iei,A,191,THR,-0.7,116.1,0.0,1,1,-,0.007042253521126761,-81.0,-25.5,15.0,20.0,0.42857142857142855,3.2456610486812054,29,32,14,18,0.04662742473395372,0,0,0,0,0,0,0,0,0,-1,0,0,0,0,0
1iei,A,192,GLN,-3.5,143.8,0.0,2,2,-,0.07575757575757576,39.7,60.4,17.0,14.0,0.5483870967741935,2.2773890804376493,31,33,26,7,0.04149840801321881,0,0,0,0,0,0,0,0,0,-1,0,0,0,0,0
1iei,A,193,GLU,-3.5,138.4,-1.0,1,3,H,0.4587628865979381,-44.8,-42.7,8.0,19.0,0.2962962962962963,1.7864315482218873,25,18,3,15,0.03310547156110714,1,0,0,0,0,0,0,0,0,-1,0,0,0,0,0
1iei,A,194,LYS,-3.9,168.6,1.0,2,0,H,0.37073170731707317,-81.2,-33.2,5.0,11.0,0.3125,1.965507596473425,18,11,19,-8,0.034970568550465285,1,0,0,0,0,0,0,0,0,4,127,4,0,7,1
1iei,A,195,LEU,3.8,166.7,0.0,0,0,H,0.018292682926829267,-87.5,5.2,19.0,12.0,0.6129032258064516,3.550294365670042,30,25,16,9,0.045228601991935104,1,0,0,0,0,0,0,0,0,4,127,4,0,7,1
1iei,A,196,ILE,4.5,166.7,0.0,0,0,H,0.1301775147928994,-45.4,-63.3,10.0,19.0,0.3448275862068966,2.9042656568076017,24,22,9,13,0.04103213376587927,1,0,0,0,0,0,0,0,0,-1,0,0,0,0,0
1iei,A,197,GLN,-3.5,143.8,0.0,2,2,T,0.6767676767676768,-92.4,33.1,0.0,19.0,0.0,1.8587916308581411,16,21,6,15,0.03403802005578621,0,0,0,0,0,1,0,0,0,-1,0,0,0,0,0
1iei,A,198,TYR,-1.3,193.6,0.0,1,1,T,0.16666666666666666,-122.9,4.6,12.0,11.0,0.5217391304347826,2.617084523015249,26,26,11,15,0.040099585271200194,0,0,0,0,0,1,0,0,0,3,140,5,0,8,1
1iei,A,199,CYS,2.5,108.5,0.0,1,0,S,0.007407407407407408,-120.5,20.3,24.0,11.0,0.6857142857142857,4.615116344546704,32,21,5,16,0.04662742473395372,0,0,0,0,0,0,1,0,0,3,140,5,0,8,1
1iei,A,200,GLN,-3.5,143.8,0.0,2,2,S,0.18686868686868688,109.9,80.3,15.0,12.0,0.5555555555555556,1.9801999702578332,24,17,2,15,0.0363693912924839,0,0,0,0,0,0,1,0,0,3,140,5,0,8,1
1iei,A,201,SER,-0.8,89.0,0.0,1,1,S,0.3769230769230769,171.5,-10.2,8.0,7.0,0.5333333333333333,1.739655801037238,17,13,1,12,0.02844272908771177,0,0,0,0,0,0,1,0,0,3,140,5,0,8,1
1iei,A,202,LYS,-3.9,168.6,1.0,2,0,S,0.7219512195121951,95.6,106.5,7.0,11.0,0.3888888888888889,1.9994159348968412,15,4,3,1,0.025645083603674543,0,0,0,0,0,0,1,0,0,3,140,5,0,8,1
1iei,A,203,GLY,-0.4,60.1,0.0,0,0,S,0.6547619047619048,-130.4,53.5,3.0,19.0,0.13636363636363635,1.709516614335452,21,17,0,17,0.025178809356335007,0,0,0,0,0,0,1,0,0,3,140,5,0,8,1
1iei,A,204,ILE,4.5,166.7,0.0,0,0,P,0.07100591715976332,-93.6,165.8,17.0,16.0,0.5151515151515151,2.2777301284490714,32,16,1,15,0.040099585271200194,0,0,0,0,0,0,0,0,0,3,140,5,0,8,1
1iei,A,205,VAL,4.2,140.0,0.0,0,0,E,0.1267605633802817,-92.4,133.7,21.0,21.0,0.5,2.3600707326373747,40,7,0,7,0.04103213376587927,0,0,1,0,0,0,0,0,0,3,140,5,0,8,1
1iei,A,206,VAL,4.2,140.0,0.0,0,0,E,0.028169014084507043,-101.9,119.0,21.0,22.0,0.4883720930232558,3.1940842937413403,37,8,4,4,0.045694876239274644,0,0,1,0,0,0,0,0,0,-1,0,0,0,0,0
1iei,A,207,THR,-0.7,116.1,0.0,1,1,E,0.028169014084507043,-96.9,108.8,26.0,20.0,0.5652173913043478,5.795169957716218,39,8,11,-3,0.04662742473395372,0,0,1,0,0,0,0,0,0,-1,0,0,0,0,0
1iei,A,208,ALA,1.8,88.6,0.0,0,0,E,0.0,-68.5,95.2,27.0,17.0,0.6136363636363636,5.306823962070491,41,18,13,5,0.053155264196707235,0,0,1,0,0,0,0,0,0,-1,0,0,0,0,0
1iei,A,209,TYR,-1.3,193.6,0.0,1,1,E,0.10810810810810811,-79.0,165.1,17.0,23.0,0.425,2.270099791772482,40,24,13,11,0.043829779249916496,0,0,1,0,0,0,0,0,0,-1,0,0,0,0,0
1iei,A,210,SER,-0.8,89.0,0.0,1,1,-,0.11538461538461539,46.8,49.0,18.0,22.0,0.45,2.0170521783358617,38,27,11,16,0.045228601991935104,0,0,0,0,0,0,0,0,0,-1,0,0,0,0,0
1iei,A,211,PRO,-1.6,112.7,0.0,0,0,T,0.029411764705882353,-63.7,-18.8,24.0,18.0,0.5714285714285714,2.987501330931661,40,21,9,12,0.05035761871267001,0,0,0,0,0,1,0,0,0,-1,0,0,0,0,0
1iei,A,212,LEU,3.8,166.7,0.0,0,0,T,0.12804878048780488,-95.8,17.0,15.0,25.0,0.375,2.1729933159831236,36,20,4,16,0.04289723075523742,0,0,0,0,0,1,0,0,0,6,32,13,0,5,1
1iei,A,213,GLY,-0.4,60.1,0.0,0,0,-,0.10714285714285714,64.3,4.1,15.0,19.0,0.4411764705882353,1.9572273201210195,33,30,17,13,0.04616115048661418,0,0,0,0,0,0,0,0,0,6,32,13,0,5,1
1iei,A,214,SER,-0.8,89.0,0.0,1,1,-,0.1,47.8,79.0,17.0,18.0,0.4857142857142857,1.7833753359091336,30,36,13,23,0.03730193978716297,0,0,0,0,0,0,0,0,0,6,32,13,0,5,1
1iei,A,215,PRO,-1.6,112.7,0.0,0,0,T,0.7279411764705882,-91.9,1.3,8.0,17.0,0.32,1.8957962811530087,24,30,15,15,0.026577632098353617,0,0,0,0,0,1,0,0,0,6,32,13,0,5,1
1iei,A,216,ASP,-3.5,111.1,-1.0,1,3,T,0.4601226993865031,-99.2,21.2,6.0,15.0,0.2857142857142857,1.6720756844463893,21,30,0,30,0.028909003335051305,0,0,0,0,0,1,0,0,0,6,32,13,0,5,1
1iei,A,217,ARG,-4.5,173.4,1.0,5,0,-,0.11290322580645161,-61.2,100.7,13.0,7.0,0.65,2.365261226214485,23,17,12,5,0.03730193978716297,0,0,0,0,0,0,0,0,0,0,5356,15,0,887,1
1iei,A,218,PRO,-1.6,112.7,0.0,0,0,S,0.7573529411764706,-11.6,-35.6,5.0,9.0,0.35714285714285715,1.8697388627564908,12,24,8,16,0.025178809356335007,0,0,0,0,0,0,1,0,0,0,5356,15,0,887,1
1iei,A,219,TRP,-0.9,227.8,0.0,1,0,S,0.4581497797356828,-89.0,56.3,5.0,9.0,0.35714285714285715,1.826148775468558,20,24,6,18,0.022847438119637322,0,0,0,0,0,0,1,0,0,0,5356,15,0,887,1
1iei,A,220,ALA,1.8,88.6,0.0,0,0,-,0.6320754716981132,-90.6,76.5,5.0,10.0,0.3333333333333333,1.7676172626949551,14,21,12,9,0.02844272908771177,0,0,0,0,0,0,0,0,0,0,5356,15,0,887,1
1iei,A,221,LYS,-3.9,168.6,1.0,2,0,-,0.9073170731707317,-109.7,-52.7,2.0,11.0,0.15384615384615385,1.881224004920341,9,8,14,-6,0.022381163872297785,0,0,0,0,0,0,0,0,0,0,5356,15,0,887,1
1iei,A,222,PRO,-1.6,112.7,0.0,0,0,-,0.39705882352941174,-24.0,-51.2,7.0,5.0,0.5833333333333334,1.8339361470749016,12,16,17,-1,0.024246260861655933,0,0,0,0,0,0,0,0,0,-1,0,0,0,0,0
1iei,A,223,GLU,-3.5,138.4,-1.0,1,3,S,1.0,59.9,95.3,0.0,8.0,0.0,1.7084829035478064,6,9,8,1,0.01818469564624195,0,0,0,0,0,0,1,0,0,-1,0,0,0,0,0
1iei,A,224,ASP,-3.5,111.1,-1.0,1,3,S,0.7239263803680982,98.9,-139.6,0.0,11.0,0.0,1.7190847916788183,13,14,18,-4,0.01958351838826056,0,0,0,0,0,0,1,0,0,-1,0,0,0,0,0
1iei,A,225,PRO,-1.6,112.7,0.0,0,0,-,0.19117647058823528,-52.2,142.6,9.0,13.0,0.4090909090909091,2.056566025224761,22,24,26,-2,0.030307826077069916,0,0,0,0,0,0,0,0,0,-1,0,0,0,0,0
1iei,A,226,SER,-0.8,89.0,0.0,1,1,-,0.4076923076923077,-155.9,74.6,9.0,18.0,0.3333333333333333,1.8642798955309783,25,19,29,-10,0.0363693912924839,0,0,0,0,0,0,0,0,0,-1,0,0,0,0,0
1iei,A,227,LEU,3.8,166.7,0.0,0,0,G,0.036585365853658534,-50.7,-42.0,23.0,10.0,0.696969696969697,2.6150418248015335,32,25,19,6,0.04662742473395372,0,0,0,1,0,0,0,0,0,-1,0,0,0,0,0
1iei,A,228,LEU,3.8,166.7,0.0,0,0,G,0.29878048780487804,-60.6,-37.3,11.0,18.0,0.3793103448275862,1.9728353018223985,29,12,20,-8,0.034970568550465285,0,0,0,1,0,0,0,0,0,6,32,13,0,5,1
1iei,A,229,GLU,-3.5,138.4,-1.0,1,3,G,0.7783505154639175,-106.0,38.5,4.0,16.0,0.2,1.7981853668914671,16,9,11,-2,0.030307826077069916,0,0,0,1,0,0,0,0,0,-1,0,0,0,0,0
1iei,A,230,ASP,-3.5,111.1,-1.0,1,3,-,0.0736196319018405,-100.2,128.9,17.0,6.0,0.7391304347826086,2.2688842363063473,20,24,12,12,0.03683566553982344,0,0,0,0,0,0,0,0,0,-1,0,0,0,0,0
1iei,A,231,PRO,-1.6,112.7,0.0,0,0,H,0.6397058823529411,-47.5,-46.2,0.0,15.0,0.0,1.9887606364363553,16,21,16,5,0.026577632098353617,1,0,0,0,0,0,0,0,0,-1,0,0,0,0,0
1iei,A,232,ARG,-4.5,173.4,1.0,5,0,H,0.42338709677419356,-79.9,-15.7,6.0,15.0,0.2857142857142857,1.8808986954891942,18,15,12,3,0.030307826077069916,1,0,0,0,0,0,0,0,0,7,145,2,0,5,1
1iei,A,233,ILE,4.5,166.7,0.0,0,0,H,0.005917159763313609,-84.1,-49.5,21.0,12.0,0.6363636363636364,4.569610533223616,32,25,21,4,0.04662742473395372,1,0,0,0,0,0,0,0,0,2,245,4,0,10,1
1iei,A,234,LYS,-3.9,168.6,1.0,2,0,H,0.5658536585365853,-28.3,-42.1,7.0,17.0,0.2916666666666667,2.0859259991987846,20,13,17,-4,0.03730193978716297,1,0,0,0,0,0,0,0,0,2,245,4,0,10,1
1iei,A,235,ALA,1.8,88.6,0.0,0,0,H,0.5283018867924528,-77.1,-50.6,3.0,17.0,0.15,1.838680876028257,21,40,12,28,0.028909003335051305,1,0,0,0,0,0,0,0,0,2,245,4,0,10,1
1iei,A,236,ILE,4.5,166.7,0.0,0,0,H,0.07692307692307693,-30.4,-51.5,23.0,7.0,0.7666666666666667,2.4183748399344567,30,40,13,27,0.040099585271200194,1,0,0,0,0,0,0,0,0,2,245,4,0,10,1
1iei,A,237,ALA,1.8,88.6,0.0,0,0,H,0.04716981132075472,-69.7,-37.8,15.0,15.0,0.5,2.330410114445676,23,39,5,34,0.04616115048661418,1,0,0,0,0,0,0,0,0,2,245,4,0,10,1
1iei,A,238,ALA,1.8,88.6,0.0,0,0,H,0.660377358490566,-61.8,-46.2,5.0,11.0,0.3125,1.7676062007715143,17,37,2,35,0.03170664881908853,1,0,0,0,0,0,0,0,0,2,245,4,0,10,1
1iei,A,239,LYS,-3.9,168.6,1.0,2,0,H,0.7365853658536585,-58.8,-25.9,11.0,7.0,0.6111111111111112,1.8880917518068483,16,21,7,14,0.027043906345693154,1,0,0,0,0,0,0,0,0,2,245,4,0,10,1
1iei,A,240,HIS,-3.2,153.2,0.1,2,1,T,0.24456521739130435,-108.3,21.9,17.0,4.0,0.8095238095238095,2.0951440004538617,22,24,18,6,0.03124037457174899,0,0,0,0,0,1,0,0,0,2,245,4,0,10,1
1iei,A,241,ASN,-3.5,114.1,0.0,2,2,T,0.9554140127388535,31.9,33.0,0.0,16.0,0.0,1.7221855438063858,14,28,3,25,0.023779986614316396,0,0,0,0,0,1,0,0,0,2,245,4,0,10,1
1iei,A,242,LYS,-3.9,168.6,1.0,2,0,-,0.1951219512195122,-111.4,169.8,21.0,6.0,0.7777777777777778,2.0572869406810392,25,29,17,12,0.035436842797804825,0,0,0,0,0,0,0,0,0,2,245,4,0,10,1
1iei,A,243,THR,-0.7,116.1,0.0,1,1,-,0.4295774647887324,-88.3,167.4,9.0,18.0,0.3333333333333333,2.2271945817707515,26,36,11,25,0.03357174580844668,0,0,0,0,0,0,0,0,0,-1,0,0,0,0,0
1iei,A,244,THR,-0.7,116.1,0.0,1,1,H,0.18309859154929578,-62.1,-49.2,14.0,21.0,0.4,2.366789578901557,34,23,19,4,0.043363505002576956,1,0,0,0,0,0,0,0,0,-1,0,0,0,0,0
1iei,A,245,ALA,1.8,88.6,0.0,0,0,H,0.11320754716981132,-43.9,-52.5,12.0,26.0,0.3157894736842105,2.9864129716742527,34,31,9,22,0.043363505002576956,1,0,0,0,0,0,0,0,0,-1,0,0,0,0,0
1iei,A,246,GLN,-3.5,143.8,0.0,2,2,H,0.045454545454545456,-52.4,-33.1,19.0,19.0,0.5,3.8905134868502884,33,39,16,23,0.04942507021799094,1,0,0,0,0,0,0,0,0,-1,0,0,0,0,0
1iei,A,247,VAL,4.2,140.0,0.0,0,0,H,0.0,-80.3,-28.9,22.0,23.0,0.4888888888888889,6.457585664794081,39,40,14,26,0.04989134446533048,1,0,0,0,0,0,0,0,0,2,245,4,0,10,1
1iei,A,248,LEU,3.8,166.7,0.0,0,0,H,0.006097560975609756,-64.7,-47.7,21.0,23.0,0.4772727272727273,6.399199520544074,37,17,2,15,0.050823892960009553,1,0,0,0,0,0,0,0,0,-1,0,0,0,0,0
1iei,A,249,ILE,4.5,166.7,0.0,0,0,H,0.0,-63.8,-60.1,22.0,24.0,0.4782608695652174,6.157810325774955,43,22,6,16,0.050823892960009553,1,0,0,0,0,0,0,0,0,-1,0,0,0,0,0
1iei,A,250,ARG,-4.5,173.4,1.0,5,0,H,0.09274193548387097,-42.2,-50.2,20.0,23.0,0.46511627906976744,4.010144754292896,33,19,18,1,0.048958795970651406,1,0,0,0,0,0,0,0,0,15,24,1,0,0,1
1iei,A,251,PHE,2.8,189.9,0.0,0,0,H,0.005076142131979695,-40.1,-59.1,21.0,22.0,0.4883720930232558,5.958122721030174,39,27,7,20,0.048026247475972325,1,0,0,0,0,0,0,0,0,-1,0,0,0,0,0
1iei,A,252,PRO,-1.6,112.7,0.0,0,0,H,0.029411764705882353,-57.8,-45.4,26.0,14.0,0.65,6.42289791569459,39,28,1,27,0.048026247475972325,1,0,0,0,0,0,0,0,0,-1,0,0,0,0,0
1iei,A,253,MET,1.9,162.9,0.0,0,0,H,0.07446808510638298,-49.2,-31.4,21.0,16.0,0.5675675675675675,2.518317204397847,33,21,7,14,0.04709369898129325,1,0,0,0,0,0,0,0,0,-1,0,0,0,0,0
1iei,A,254,GLN,-3.5,143.8,0.0,2,2,T,0.2727272727272727,-90.4,-5.2,17.0,12.0,0.5862068965517241,2.1168523240009125,25,21,13,8,0.03870076252918159,0,0,0,0,0,1,0,0,0,-1,0,0,0,0,0
1iei,A,255,ARG,-4.5,173.4,1.0,5,0,T,0.12903225806451613,-101.1,13.9,21.0,11.0,0.65625,2.127886547751424,32,8,10,-2,0.03403802005578621,0,0,0,0,0,1,0,0,0,-1,0,0,0,0,0
1iei,A,256,ASN,-3.5,114.1,0.0,2,2,T,0.6369426751592356,82.3,32.9,8.0,19.0,0.2962962962962963,1.8086805692843937,23,16,0,16,0.029375277582390842,0,0,0,0,0,1,0,0,0,-1,0,0,0,0,0
1iei,A,257,LEU,3.8,166.7,0.0,0,0,-,0.024390243902439025,-116.4,171.7,24.0,14.0,0.631578947368421,3.885525393635645,36,16,1,15,0.045228601991935104,0,0,0,0,0,0,0,0,0,-1,0,0,0,0,0
1iei,A,258,VAL,4.2,140.0,0.0,0,0,E,0.0,-116.7,133.2,22.0,21.0,0.5116279069767442,5.291465756699303,39,17,2,15,0.050823892960009553,0,0,1,0,0,0,0,0,0,-1,0,0,0,0,0
1iei,A,259,VAL,4.2,140.0,0.0,0,0,E,0.0,-115.0,115.9,24.0,23.0,0.5106382978723404,5.993600133442911,42,18,3,15,0.0526889899493677,0,0,1,0,0,0,0,0,0,-1,0,0,0,0,0
1iei,A,260,ILE,4.5,166.7,0.0,0,0,-,0.0650887573964497,-102.8,76.4,19.0,27.0,0.41304347826086957,2.6700559635850505,36,19,12,7,0.05035761871267001,0,0,0,0,0,0,0,0,0,-1,0,0,0,0,0
1iei,A,261,PRO,-1.6,112.7,0.0,0,0,-,0.007352941176470588,-51.6,128.0,23.0,25.0,0.4791666666666667,3.460990519755914,41,22,8,14,0.043829779249916496,0,0,0,0,0,0,0,0,0,-1,0,0,0,0,0
1iei,A,262,LYS,-3.9,168.6,1.0,2,0,B,0.23414634146341465,-98.9,137.4,16.0,26.0,0.38095238095238093,2.0806358784963077,36,19,14,5,0.040099585271200194,0,1,0,0,0,0,0,0,0,-1,0,0,0,0,0
1iei,A,263,SER,-0.8,89.0,0.0,1,1,-,0.09230769230769231,-150.5,155.7,14.0,23.0,0.3783783783783784,2.387196797836206,34,27,17,10,0.03963331102386066,0,0,0,0,0,0,0,0,0,11,24,7,0,2,1
1iei,A,264,VAL,4.2,140.0,0.0,0,0,-,0.11971830985915492,-96.5,11.0,12.0,19.0,0.3870967741935484,2.1838278107567097,29,26,15,11,0.043829779249916496,0,0,0,0,0,0,0,0,0,11,24,7,0,2,1
1iei,A,265,THR,-0.7,116.1,0.0,1,1,-,0.29577464788732394,-118.2,105.1,3.0,24.0,0.1111111111111111,2.3889319275262757,21,19,19,0,0.03310547156110714,0,0,0,0,0,0,0,0,0,11,24,7,0,2,1
1iei,A,266,PRO,-1.6,112.7,0.0,0,0,H,0.4485294117647059,-47.4,-51.4,8.0,16.0,0.3333333333333333,2.0265658849548704,22,17,22,-5,0.03450429430312575,1,0,0,0,0,0,0,0,0,11,24,7,0,2,1
1iei,A,267,GLU,-3.5,138.4,-1.0,1,3,H,0.7628865979381443,-20.0,-66.2,1.0,15.0,0.0625,1.7193260404871813,11,13,9,4,0.02844272908771177,1,0,0,0,0,0,0,0,0,11,24,7,0,2,1
1iei,A,268,ARG,-4.5,173.4,1.0,5,0,H,0.5241935483870968,-92.7,-15.1,9.0,14.0,0.391304347826087,2.225570615093863,21,10,18,-8,0.03823448828184205,1,0,0,0,0,0,0,0,0,11,24,7,0,2,1
1iei,A,269,ILE,4.5,166.7,0.0,0,0,H,0.005917159763313609,-54.7,-61.1,19.0,16.0,0.5428571428571428,4.421706621306117,32,28,23,5,0.05035761871267001,1,0,0,0,0,0,0,0,0,11,24,7,0,2,1
1iei,A,270,ALA,1.8,88.6,0.0,0,0,H,0.2641509433962264,-52.8,-48.0,7.0,20.0,0.25925925925925924,2.1234395078929578,23,16,22,-6,0.04103213376587927,1,0,0,0,0,0,0,0,0,-1,0,0,0,0,0
1iei,A,271,GLU,-3.5,138.4,-1.0,1,3,H,0.2422680412371134,-48.9,-52.3,12.0,16.0,0.42857142857142855,2.077912040885238,26,27,11,16,0.035436842797804825,1,0,0,0,0,0,0,0,0,-1,0,0,0,0,0
1iei,A,272,ASN,-3.5,114.1,0.0,2,2,H,0.03184713375796178,-57.6,-31.1,23.0,14.0,0.6216216216216216,3.2748926329889616,38,26,14,12,0.04662742473395372,1,0,0,0,0,0,0,0,0,-1,0,0,0,0,0
1iei,A,273,PHE,2.8,189.9,0.0,0,0,T,0.233502538071066,-76.3,-10.5,17.0,22.0,0.4358974358974359,2.2607050839166223,32,26,16,10,0.045694876239274644,0,0,0,0,0,1,0,0,0,-1,0,0,0,0,0
1iei,A,274,LYS,-3.9,168.6,1.0,2,0,-,0.526829268292683,-75.6,46.5,8.0,16.0,0.3333333333333333,1.9824035964250055,21,12,19,-7,0.03776821403450251,0,0,0,0,0,0,0,0,0,-1,0,0,0,0,0
1iei,A,275,VAL,4.2,140.0,0.0,0,0,-,0.0,-120.2,22.7,25.0,10.0,0.7142857142857143,3.4036123194045484,30,26,22,4,0.04476232774459557,0,0,0,0,0,0,0,0,0,15,24,1,0,0,1
1iei,A,276,PHE,2.8,189.9,0.0,0,0,S,0.467005076142132,-104.0,-18.1,5.0,16.0,0.23809523809523808,1.8069234379288217,20,23,15,8,0.027510180593032695,0,0,0,0,0,0,1,0,0,15,24,1,0,0,1
1iei,A,277,ASP,-3.5,111.1,-1.0,1,3,S,0.6809815950920245,-58.7,-32.6,8.0,5.0,0.6153846153846154,1.7518513812130156,16,30,9,21,0.023779986614316396,0,0,0,0,0,0,1,0,0,15,24,1,0,0,1
1iei,A,278,PHE,2.8,189.9,0.0,0,0,-,0.1065989847715736,-117.8,152.6,16.0,5.0,0.7619047619047619,2.862857544112819,26,37,20,17,0.03170664881908853,0,0,0,0,0,0,0,0,0,15,24,1,0,0,1
1iei,A,279,GLU,-3.5,138.4,-1.0,1,3,-,0.6701030927835051,-108.8,121.5,3.0,20.0,0.13043478260869565,1.7958595263690529,15,18,10,8,0.02984155182973038,0,0,0,0,0,0,0,0,0,15,24,1,0,0,1
1iei,A,280,LEU,3.8,166.7,0.0,0,0,-,0.024390243902439025,-70.9,136.8,20.0,9.0,0.6896551724137931,3.5155175066120727,27,28,19,9,0.03823448828184205,0,0,0,0,0,0,0,0,0,-1,0,0,0,0,0
1iei,A,281,SER,-0.8,89.0,0.0,1,1,-,0.4230769230769231,-65.0,156.5,5.0,13.0,0.2777777777777778,1.928644947690232,17,13,17,-4,0.02797645484037223,0,0,0,0,0,0,0,0,0,-1,0,0,0,0,0
1iei,A,282,SER,-0.8,89.0,0.0,1,1,H,0.7615384615384615,-36.2,-28.1,0.0,13.0,0.0,1.739563743715382,12,2,13,-11,0.023779986614316396,1,0,0,0,0,0,0,0,0,-1,0,0,0,0,0
1iei,A,283,GLN,-3.5,143.8,0.0,2,2,H,0.5707070707070707,-86.1,-38.0,1.0,12.0,0.07692307692307693,1.8302643581212317,14,4,8,-4,0.025645083603674543,1,0,0,0,0,0,0,0,0,-1,0,0,0,0,0
1iei,A,284,ASP,-3.5,111.1,-1.0,1,3,H,0.13496932515337423,-65.5,-29.7,16.0,11.0,0.5925925925925926,2.2684610130281397,24,19,5,14,0.03823448828184205,1,0,0,0,0,0,0,0,0,-1,0,0,0,0,0
1iei,A,285,MET,1.9,162.9,0.0,0,0,H,0.13829787234042554,-73.8,-45.5,9.0,15.0,0.375,2.3486650127454176,24,19,14,5,0.04289723075523742,1,0,0,0,0,0,0,0,0,-1,0,0,0,0,0
1iei,A,286,THR,-0.7,116.1,0.0,1,1,H,0.5915492957746479,-54.5,-34.8,3.0,16.0,0.15789473684210525,1.8318786372914435,17,3,12,-9,0.03170664881908853,1,0,0,0,0,0,0,0,0,-1,0,0,0,0,0
1iei,A,287,THR,-0.7,116.1,0.0,1,1,H,0.21830985915492956,-83.7,-43.8,9.0,11.0,0.45,2.3189347702559253,22,11,10,1,0.034970568550465285,1,0,0,0,0,0,0,0,0,7,145,2,0,5,1
1iei,A,288,LEU,3.8,166.7,0.0,0,0,H,0.0,-71.1,-11.1,24.0,12.0,0.6666666666666666,4.815197183654927,33,26,14,12,0.04709369898129325,1,0,0,0,0,0,0,0,0,-1,0,0,0,0,0
1iei,A,289,LEU,3.8,166.7,0.0,0,0,H,0.25,-88.1,-21.7,10.0,16.0,0.38461538461538464,2.3638538080694786,24,14,14,0,0.04755997322863279,1,0,0,0,0,0,0,0,0,-1,0,0,0,0,0
1iei,A,290,SER,-0.8,89.0,0.0,1,1,H,0.6461538461538462,-77.1,-18.6,5.0,15.0,0.25,1.7742818294138276,19,15,7,8,0.032639197313767604,1,0,0,0,0,0,0,0,0,7,145,2,0,5,1
1iei,A,291,TYR,-1.3,193.6,0.0,1,1,T,0.17567567567567569,-64.8,-7.0,15.0,10.0,0.6,2.2255742358399564,25,23,11,12,0.043829779249916496,0,0,0,0,0,1,0,0,0,7,145,2,0,5,1
1iei,A,292,ASN,-3.5,114.1,0.0,2,2,-,0.25477707006369427,-58.6,95.2,9.0,10.0,0.47368421052631576,1.9819380148414096,24,31,9,22,0.043829779249916496,0,0,0,0,0,0,0,0,0,7,145,2,0,5,1
1iei,A,293,ARG,-4.5,173.4,1.0,5,0,-,0.42338709677419356,-79.5,8.9,6.0,13.0,0.3157894736842105,1.833964846618118,19,15,9,6,0.03357174580844668,0,0,0,0,0,0,0,0,0,7,145,2,0,5,1
1iei,A,294,ASN,-3.5,114.1,0.0,2,2,-,0.6878980891719745,59.4,22.1,4.0,18.0,0.18181818181818182,1.8340952866898421,19,27,12,15,0.03170664881908853,0,0,0,0,0,0,0,0,0,-1,0,0,0,0,0
1iei,A,295,TRP,-0.9,227.8,0.0,1,0,-,0.24669603524229075,-99.9,93.7,10.0,12.0,0.45454545454545453,2.23579643057617,25,38,13,25,0.03823448828184205,0,0,0,0,0,0,0,0,0,-1,0,0,0,0,0
1iei,A,296,ARG,-4.5,173.4,1.0,5,0,-,0.25806451612903225,-62.5,144.8,9.0,19.0,0.32142857142857145,1.960634031957558,30,14,12,2,0.03870076252918159,0,0,0,0,0,0,0,0,0,-1,0,0,0,0,0
1iei,A,297,VAL,4.2,140.0,0.0,0,0,S,0.0,-116.0,-17.5,24.0,9.0,0.7272727272727273,2.562120532552645,33,33,11,22,0.03916703677652112,0,0,0,0,0,0,1,0,0,-1,0,0,0,0,0
1iei,A,298,CYS,2.5,108.5,0.0,1,0,S,0.08888888888888889,-104.6,-34.0,11.0,14.0,0.44,2.176754210148091,28,27,9,18,0.03776821403450251,0,0,0,0,0,0,1,0,0,-1,0,0,0,0,0
1iei,A,299,ALA,1.8,88.6,0.0,0,0,-,0.18867924528301888,44.2,-36.5,7.0,14.0,0.3333333333333333,2.1498796202220993,22,20,5,15,0.0363693912924839,0,0,0,0,0,0,0,0,0,18,1,12,0,0,1
1iei,A,300,LEU,3.8,166.7,0.0,0,0,-,0.3231707317073171,16.8,121.2,13.0,9.0,0.5909090909090909,2.0912823231665354,25,4,0,4,0.03310547156110714,0,0,0,0,0,0,0,0,0,18,1,12,0,0,1
1iei,A,301,LEU,3.8,166.7,0.0,0,0,S,0.6829268292682927,-123.2,-15.2,7.0,12.0,0.3684210526315789,1.8221035454111116,20,7,0,7,0.024246260861655933,0,0,0,0,0,0,1,0,0,18,1,12,0,0,1
1iei,A,302,SER,-0.8,89.0,0.0,1,1,T,0.36923076923076925,-64.6,5.4,11.0,8.0,0.5789473684210527,1.7396117622264275,21,5,7,-2,0.03170664881908853,0,0,0,0,0,1,0,0,0,18,1,12,0,0,1
1iei,A,303,CYS,2.5,108.5,0.0,1,0,T,0.044444444444444446,-109.8,6.0,20.0,10.0,0.6666666666666666,2.0048664074257485,29,19,11,8,0.03963331102386066,0,0,0,0,0,1,0,0,0,18,1,12,0,0,1
1iei,A,304,THR,-0.7,116.1,0.0,1,1,T,0.38028169014084506,-66.0,-16.1,7.0,12.0,0.3684210526315789,1.8328738231162316,17,22,4,18,0.03450429430312575,0,0,0,0,0,1,0,0,0,18,1,12,0,0,1
1iei,A,305,SER,-0.8,89.0,0.0,1,1,T,0.8615384615384616,-88.9,-14.3,7.0,12.0,0.3684210526315789,1.7877677685093962,18,23,8,15,0.02471253510899547,0,0,0,0,0,1,0,0,0,-1,0,0,0,0,0
1iei,A,306,HIS,-3.2,153.2,0.1,2,1,S,0.13043478260869565,-55.1,130.1,22.0,3.0,0.88,1.8694025699944574,29,18,12,6,0.0363693912924839,0,0,0,0,0,0,1,0,0,16,9,3,0,0,1
1iei,A,307,LYS,-3.9,168.6,1.0,2,0,S,0.8926829268292683,-50.5,-46.4,7.0,15.0,0.3181818181818182,1.896100088255622,21,16,14,2,0.02611135785101408,0,0,0,0,0,0,1,0,0,16,9,3,0,0,1
1iei,A,308,ASP,-3.5,111.1,-1.0,1,3,S,0.17177914110429449,-94.7,79.3,20.0,11.0,0.6451612903225806,2.1692574777139035,30,31,3,28,0.03590311704514436,0,0,0,0,0,0,1,0,0,16,9,3,0,0,1
1iei,A,309,TYR,-1.3,193.6,0.0,1,1,-,0.07657657657657657,-109.5,123.7,15.0,15.0,0.5,2.1489409476833017,29,30,11,19,0.04709369898129325,0,0,0,0,0,0,0,0,0,18,1,12,0,0,1
1iei,A,310,PRO,-1.6,112.7,0.0,0,0,S,0.014705882352941176,-63.0,-38.1,18.0,16.0,0.5294117647058824,2.549857765437887,34,35,20,15,0.05175644145468863,0,0,0,0,0,0,1,0,0,17,17,1,0,0,1
1iei,A,311,PHE,2.8,189.9,0.0,0,0,T,0.2436548223350254,-96.7,57.7,14.0,17.0,0.45161290322580644,2.085439528351051,34,24,22,2,0.03590311704514436,0,0,0,0,0,1,0,0,0,17,17,1,0,0,1
1iei,A,312,HIS,-3.2,153.2,0.1,2,1,T,0.6847826086956522,-125.8,-27.1,9.0,10.0,0.47368421052631576,1.7896217496875573,19,16,20,-4,0.027043906345693154,0,0,0,0,0,1,0,0,0,17,17,1,0,0,1
1iei,A,313,GLU,-3.5,138.4,-1.0,1,3,S,0.5360824742268041,-81.5,-170.4,9.0,4.0,0.6923076923076923,1.73407669178403,14,24,9,15,0.02797645484037223,0,0,0,0,0,0,1,0,0,17,17,1,0,0,1
1iei,A,314,GLU,-3.5,138.4,-1.0,1,3,-,0.7319587628865979,-97.2,-53.5,3.0,15.0,0.16666666666666666,1.7338967718206644,15,26,12,14,0.025178809356335007,0,0,0,0,0,0,0,0,0,17,17,1,0,0,1
1iei,A,315,PHE,2.8,189.9,0.0,0,0,-,0.34517766497461927,-86.9,360.0,12.0,13.0,0.48,2.169285996306687,23,25,26,-1,0.03870076252918159,0,0,0,0,0,0,0,0,0,4,127,4,0,7,1
1gfi,A,33,GLU,-3.5,138.4,-1.0,1,3,-,0.8350515463917526,360.0,108.8,2.0,18.0,0.1,1.739939339141281,15,33,3,30,0.02797645484037223,0,0,0,0,0,0,0,0,0,7,137,4,0,7,1
1gfi,A,34,VAL,4.2,140.0,0.0,0,0,E,0.08450704225352113,-112.7,136.7,19.0,8.0,0.7037037037037037,2.187548490360661,26,33,11,22,0.03823448828184205,0,0,1,0,0,0,0,0,0,13,24,7,0,2,1
1gfi,A,35,LYS,-3.9,168.6,1.0,2,0,E,0.18536585365853658,-113.1,116.7,9.0,21.0,0.3,2.51318152049294,28,16,23,-7,0.04476232774459557,0,0,1,0,0,0,0,0,0,19,3,7,0,0,1
1gfi,A,36,LEU,3.8,166.7,0.0,0,0,E,0.0,-109.6,137.0,19.0,20.0,0.48717948717948717,6.052734924272938,36,21,7,14,0.05129016720734909,0,0,1,0,0,0,0,0,0,-1,0,0,0,0,0
1gfi,A,37,LEU,3.8,166.7,0.0,0,0,E,0.0,-118.2,121.5,21.0,21.0,0.5,6.6531925554435345,35,21,12,9,0.04989134446533048,0,0,1,0,0,0,0,0,0,-1,0,0,0,0,0
1gfi,A,38,LEU,3.8,166.7,0.0,0,0,E,0.0,-96.5,110.9,23.0,20.0,0.5348837209302325,6.44937912621163,39,16,10,6,0.04942507021799094,0,0,1,0,0,0,0,0,0,-1,0,0,0,0,0
1gfi,A,39,LEU,3.8,166.7,0.0,0,0,E,0.0,-116.7,166.9,22.0,26.0,0.4583333333333333,5.65323871176833,37,15,8,7,0.04989134446533048,0,0,1,0,0,0,0,0,0,-1,0,0,0,0,0
1gfi,A,40,GLY,-0.4,60.1,0.0,0,0,-,0.0,142.1,163.7,22.0,21.0,0.5116279069767442,5.28215280478584,39,24,22,2,0.05035761871267001,0,0,0,0,0,0,0,0,0,-1,0,0,0,0,0
1gfi,A,41,ALA,1.8,88.6,0.0,0,0,S,0.03773584905660377,-65.5,175.0,19.0,23.0,0.4523809523809524,4.231910550732232,42,45,32,13,0.048958795970651406,0,0,0,0,0,0,1,0,0,9,24,12,0,3,1
1gfi,A,42,GLY,-0.4,60.1,0.0,0,0,T,0.10714285714285714,-65.2,132.9,15.0,22.0,0.40540540540540543,2.783921058867352,38,46,33,13,0.035436842797804825,0,0,0,0,0,1,0,0,0,-1,0,0,0,0,0
1gfi,A,43,GLU,-3.5,138.4,-1.0,1,3,T,0.20618556701030927,74.2,23.7,16.0,26.0,0.38095238095238093,1.7084859078626164,37,41,18,23,0.03357174580844668,0,0,0,0,0,1,0,0,0,0,2857,14,0,421,1
1gfi,A,44,SER,-0.8,89.0,0.0,1,1,S,0.03076923076923077,-80.1,-14.3,26.0,19.0,0.5777777777777777,2.7924063650129978,37,30,21,9,0.040565859518539735,0,0,0,0,0,0,1,0,0,-1,0,0,0,0,0
1gfi,A,45,GLY,-0.4,60.1,0.0,0,0,S,0.13095238095238096,112.0,5.8,21.0,24.0,0.4666666666666667,2.060425210086209,38,28,17,11,0.04196468226055834,0,0,0,0,0,0,1,0,0,-1,0,0,0,0,0
1gfi,A,46,LYS,-3.9,168.6,1.0,2,0,H,0.05365853658536585,-52.2,-55.1,24.0,21.0,0.5333333333333333,2.4210181500838694,37,8,14,-6,0.045228601991935104,1,0,0,0,0,0,0,0,0,-1,0,0,0,0,0
1gfi,A,47,SER,-0.8,89.0,0.0,1,1,H,0.2230769230769231,-64.8,-28.5,17.0,24.0,0.4146341463414634,1.8738701957680055,36,34,14,20,0.03590311704514436,1,0,0,0,0,0,0,0,0,-1,0,0,0,0,0
1gfi,A,48,THR,-0.7,116.1,0.0,1,1,H,0.16901408450704225,-71.8,-32.8,22.0,13.0,0.6285714285714286,2.7729689430544835,40,37,13,24,0.040565859518539735,1,0,0,0,0,0,0,0,0,-1,0,0,0,0,0
1gfi,A,49,ILE,4.5,166.7,0.0,0,0,H,0.005917159763313609,-66.5,-40.9,21.0,20.0,0.5121951219512195,5.3505874537281315,39,20,9,11,0.04289723075523742,1,0,0,0,0,0,0,0,0,-1,0,0,0,0,0
1gfi,A,50,VAL,4.2,140.0,0.0,0,0,H,0.13380281690140844,-60.4,-45.4,16.0,24.0,0.4,2.351582716015881,34,31,12,19,0.04103213376587927,1,0,0,0,0,0,0,0,0,-1,0,0,0,0,0
1gfi,A,51,LYS,-3.9,168.6,1.0,2,0,H,0.1073170731707317,-57.0,-31.6,18.0,20.0,0.47368421052631576,2.2885130311571587,33,19,7,12,0.043363505002576956,1,0,0,0,0,0,0,0,0,10,24,8,0,2,1
1gfi,A,52,GLN,-3.5,143.8,0.0,2,2,H,0.0,-67.1,-35.6,18.0,18.0,0.5,4.426879918503009,34,33,8,25,0.048492521723311866,1,0,0,0,0,0,0,0,0,24,0,10,0,0,1
1gfi,A,53,MET,1.9,162.9,0.0,0,0,H,0.010638297872340425,-53.4,-41.5,14.0,20.0,0.4117647058823529,2.949922687061682,34,30,10,20,0.04709369898129325,1,0,0,0,0,0,0,0,0,-1,0,0,0,0,0
1gfi,A,54,LYS,-3.9,168.6,1.0,2,0,H,0.2634146341463415,-61.6,-49.1,13.0,16.0,0.4482758620689655,2.2638264684102136,25,22,15,7,0.045228601991935104,1,0,0,0,0,0,0,0,0,12,14,14,0,2,1
1gfi,A,55,ILE,4.5,166.7,0.0,0,0,H,0.20710059171597633,-66.3,-45.0,16.0,10.0,0.6153846153846154,2.381574765985706,27,28,12,16,0.04196468226055834,1,0,0,0,0,0,0,0,0,24,0,10,0,0,1
1gfi,A,56,ILE,4.5,166.7,0.0,0,0,H,0.21301775147928995,-77.7,-46.5,17.0,9.0,0.6538461538461539,2.184322097230503,28,27,15,12,0.0363693912924839,1,0,0,0,0,0,0,0,0,24,0,10,0,0,1
1gfi,A,57,HIS,-3.2,153.2,0.1,2,1,H,0.20652173913043478,-91.5,-27.8,17.0,8.0,0.68,2.178093805966666,27,18,14,4,0.03683566553982344,1,0,0,0,0,0,0,0,0,12,14,14,0,2,1
1gfi,A,58,GLU,-3.5,138.4,-1.0,1,3,S,0.5618556701030928,-103.3,-131.9,11.0,5.0,0.6875,1.7949642662520207,19,25,3,22,0.027510180593032695,0,0,0,0,0,0,1,0,0,12,14,14,0,2,1
1gfi,A,59,ALA,1.8,88.6,0.0,0,0,-,0.9056603773584906,-126.0,26.0,3.0,12.0,0.2,1.767729490219479,15,16,15,1,0.026577632098353617,0,0,0,0,0,0,0,0,0,12,14,14,0,2,1
1gfi,A,60,GLY,-0.4,60.1,0.0,0,0,-,0.14285714285714285,75.4,-174.3,9.0,13.0,0.4090909090909091,1.8508682001894712,21,18,21,-3,0.03403802005578621,0,0,0,0,0,0,0,0,0,12,14,14,0,2,1
1gfi,A,61,TYR,-1.3,193.6,0.0,1,1,-,0.10810810810810811,-83.1,134.5,17.0,9.0,0.6538461538461539,2.551977715784427,27,20,29,-9,0.03823448828184205,0,0,0,0,0,0,0,0,0,11,24,11,0,2,1
1gfi,A,62,SER,-0.8,89.0,0.0,1,1,-,0.4,-76.5,173.2,2.0,16.0,0.1111111111111111,1.8544403068737985,17,14,27,-13,0.02844272908771177,0,0,0,0,0,0,0,0,0,-1,0,0,0,0,0
1gfi,A,63,GLU,-3.5,138.4,-1.0,1,3,H,0.5360824742268041,-60.9,-40.9,1.0,16.0,0.058823529411764705,1.964400791094951,15,9,17,-8,0.028909003335051305,1,0,0,0,0,0,0,0,0,-1,0,0,0,0,0
1gfi,A,64,GLU,-3.5,138.4,-1.0,1,3,H,0.7164948453608248,-65.8,-36.9,0.0,13.0,0.0,1.8075639256878437,12,10,18,-8,0.028909003335051305,1,0,0,0,0,0,0,0,0,-1,0,0,0,0,0
1gfi,A,65,GLU,-3.5,138.4,-1.0,1,3,H,0.38144329896907214,-71.2,-37.0,10.0,11.0,0.47619047619047616,1.8700250995339163,18,15,16,-1,0.03730193978716297,1,0,0,0,0,0,0,0,0,10,24,8,0,2,1
1gfi,A,66,CYS,2.5,108.5,0.0,1,0,H,0.05185185185185185,-66.1,-38.9,11.0,12.0,0.4782608695652174,3.344569235755341,25,20,35,-15,0.048026247475972325,1,0,0,0,0,0,0,0,0,11,24,11,0,2,1
1gfi,A,67,LYS,-3.9,168.6,1.0,2,0,H,0.4975609756097561,-65.4,-27.8,4.0,19.0,0.17391304347826086,2.114137360300854,18,9,24,-15,0.03916703677652112,1,0,0,0,0,0,0,0,0,-1,0,0,0,0,0
1gfi,A,68,GLN,-3.5,143.8,0.0,2,2,H,0.7676767676767676,-63.4,-32.8,7.0,15.0,0.3181818181818182,1.7529167768781935,19,16,19,-3,0.030774100324409453,1,0,0,0,0,0,0,0,0,10,24,8,0,2,1
1gfi,A,69,TYR,-1.3,193.6,0.0,1,1,T,0.26576576576576577,-86.5,-9.4,20.0,12.0,0.625,2.1877934785197772,30,28,21,7,0.04149840801321881,0,0,0,0,0,1,0,0,0,10,24,8,0,2,1
1gfi,A,70,LYS,-3.9,168.6,1.0,2,0,H,0.2,-49.3,-48.5,15.0,19.0,0.4411764705882353,2.421646239780158,34,10,20,-10,0.04616115048661418,1,0,0,0,0,0,0,0,0,-1,0,0,0,0,0
1gfi,A,71,ALA,1.8,88.6,0.0,0,0,H,0.32075471698113206,-66.6,-29.7,7.0,25.0,0.21875,1.9014395526815258,28,15,19,-4,0.03916703677652112,1,0,0,0,0,0,0,0,0,-1,0,0,0,0,0
1gfi,A,72,VAL,4.2,140.0,0.0,0,0,H,0.2323943661971831,-70.9,-43.0,16.0,17.0,0.48484848484848486,2.244830700015856,31,26,17,9,0.03963331102386066,1,0,0,0,0,0,0,0,0,-1,0,0,0,0,0
1gfi,A,73,VAL,4.2,140.0,0.0,0,0,H,0.0,-55.3,-57.0,25.0,19.0,0.5681818181818182,5.826088274903194,42,26,15,11,0.050823892960009553,1,0,0,0,0,0,0,0,0,-1,0,0,0,0,0
1gfi,A,74,TYR,-1.3,193.6,0.0,1,1,H,0.013513513513513514,-59.6,-41.9,21.0,23.0,0.4772727272727273,4.012994919138196,37,12,18,-6,0.05455408693872585,1,0,0,0,0,0,0,0,0,-1,0,0,0,0,0
1gfi,A,75,SER,-0.8,89.0,0.0,1,1,H,0.3,-62.7,-49.4,10.0,20.0,0.3333333333333333,2.4745836010493725,30,10,13,-3,0.04103213376587927,1,0,0,0,0,0,0,0,0,-1,0,0,0,0,0
1gfi,A,76,ASN,-3.5,114.1,0.0,2,2,H,0.09554140127388536,-58.2,-44.6,21.0,14.0,0.6,2.8062986604876943,32,17,12,5,0.04662742473395372,1,0,0,0,0,0,0,0,0,-1,0,0,0,0,0
1gfi,A,77,THR,-0.7,116.1,0.0,1,1,H,0.0,-64.1,-46.3,25.0,18.0,0.5813953488372093,6.034700038968846,42,5,10,-5,0.04942507021799094,1,0,0,0,0,0,0,0,0,-1,0,0,0,0,0
1gfi,A,78,ILE,4.5,166.7,0.0,0,0,H,0.005917159763313609,-67.6,-38.7,21.0,22.0,0.4883720930232558,4.118581007137184,37,1,10,-9,0.045228601991935104,1,0,0,0,0,0,0,0,0,-1,0,0,0,0,0
1gfi,A,79,GLN,-3.5,143.8,0.0,2,2,H,0.4494949494949495,-66.2,-32.9,13.0,18.0,0.41935483870967744,2.0355030736296382,26,11,7,4,0.03590311704514436,1,0,0,0,0,0,0,0,0,-1,0,0,0,0,0
1gfi,A,80,SER,-0.8,89.0,0.0,1,1,H,0.015384615384615385,-70.1,-42.4,22.0,14.0,0.6111111111111112,2.423990819130323,34,9,4,5,0.04709369898129325,1,0,0,0,0,0,0,0,0,-1,0,0,0,0,0
1gfi,A,81,ILE,4.5,166.7,0.0,0,0,H,0.0,-67.7,-32.7,23.0,21.0,0.5227272727272727,5.938265992862638,40,15,2,13,0.045694876239274644,1,0,0,0,0,0,0,0,0,-1,0,0,0,0,0
1gfi,A,82,ILE,4.5,166.7,0.0,0,0,H,0.13609467455621302,-71.2,-39.2,9.0,21.0,0.3,2.824425797405159,27,12,3,9,0.03916703677652112,1,0,0,0,0,0,0,0,0,-1,0,0,0,0,0
1gfi,A,83,ALA,1.8,88.6,0.0,0,0,H,0.05660377358490566,-60.6,-34.8,13.0,12.0,0.52,3.226237721191885,29,18,1,17,0.04429605349725603,1,0,0,0,0,0,0,0,0,-1,0,0,0,0,0
1gfi,A,84,ILE,4.5,166.7,0.0,0,0,H,0.0,-73.1,-47.4,24.0,17.0,0.5853658536585366,5.30154679051812,36,20,1,19,0.05035761871267001,1,0,0,0,0,0,0,0,0,-1,0,0,0,0,0
1gfi,A,85,ILE,4.5,166.7,0.0,0,0,H,0.15384615384615385,-64.3,-30.4,16.0,21.0,0.43243243243243246,2.7122086949264714,34,22,6,16,0.04103213376587927,1,0,0,0,0,0,0,0,0,4,277,7,0,23,1
1gfi,A,86,ARG,-4.5,173.4,1.0,5,0,H,0.5201612903225806,-70.4,-42.2,11.0,14.0,0.44,1.8842924527278782,20,10,1,9,0.034970568550465285,1,0,0,0,0,0,0,0,0,-1,0,0,0,0,0
1gfi,A,87,ALA,1.8,88.6,0.0,0,0,H,0.0,-67.9,-33.5,19.0,10.0,0.6551724137931034,3.636267995625309,25,42,10,32,0.04149840801321881,1,0,0,0,0,0,0,0,0,4,277,7,0,23,1
1gfi,A,88,MET,1.9,162.9,0.0,0,0,H,0.05319148936170213,-57.9,-30.1,17.0,11.0,0.6071428571428571,2.257675322005711,27,34,12,22,0.045228601991935104,1,0,0,0,0,0,0,0,0,4,277,7,0,23,1
1gfi,A,89,GLY,-0.4,60.1,0.0,0,0,H,0.5238095238095238,-78.0,-45.2,4.0,13.0,0.23529411764705882,1.709602038527733,16,30,7,23,0.03170664881908853,1,0,0,0,0,0,0,0,0,4,277,7,0,23,1
1gfi,A,90,ARG,-4.5,173.4,1.0,5,0,H,0.4879032258064516,-58.2,-48.9,8.0,6.0,0.5714285714285714,1.806877848873556,16,25,8,17,0.025178809356335007,1,0,0,0,0,0,0,0,0,-1,0,0,0,0,0
1gfi,A,91,LEU,3.8,166.7,0.0,0,0,T,0.25609756097560976,-82.0,-4.8,17.0,3.0,0.85,2.283778600525701,19,36,12,24,0.030307826077069916,0,0,0,0,0,1,0,0,0,-1,0,0,0,0,0
1gfi,A,92,LYS,-3.9,168.6,1.0,2,0,T,0.8195121951219512,58.9,57.8,0.0,15.0,0.0,1.9619159230114676,12,16,8,8,0.02471253510899547,0,0,0,0,0,1,0,0,0,4,277,7,0,23,1
1gfi,A,93,ILE,4.5,166.7,0.0,0,0,-,0.17751479289940827,-110.3,125.6,19.0,4.0,0.8260869565217391,1.9016520940867252,23,28,12,16,0.03170664881908853,0,0,0,0,0,0,0,0,0,4,277,7,0,23,1
1gfi,A,94,ASP,-3.5,111.1,-1.0,1,3,-,0.8650306748466258,-80.3,160.5,4.0,20.0,0.16666666666666666,1.7049577374795575,18,10,8,2,0.024246260861655933,0,0,0,0,0,0,0,0,0,4,277,7,0,23,1
1gfi,A,95,PHE,2.8,189.9,0.0,0,0,-,0.3147208121827411,-74.3,159.4,13.0,16.0,0.4482758620689655,2.095200053639789,28,18,33,-15,0.03916703677652112,0,0,0,0,0,0,0,0,0,4,277,7,0,23,1
1gfi,A,96,GLY,-0.4,60.1,0.0,0,0,S,0.40476190476190477,-77.9,-39.7,11.0,9.0,0.55,1.8334923567585961,18,16,24,-8,0.030774100324409453,0,0,0,0,0,0,1,0,0,-1,0,0,0,0,0
1gfi,A,97,ASP,-3.5,111.1,-1.0,1,3,S,0.6073619631901841,-122.7,123.7,10.0,9.0,0.5263157894736842,1.9550839029632736,17,21,16,5,0.025645083603674543,0,0,0,0,0,0,1,0,0,22,7,1,0,0,1
1gfi,A,98,ALA,1.8,88.6,0.0,0,0,T,0.8679245283018868,-43.6,-40.7,0.0,16.0,0.0,1.7676260283845724,14,14,31,-17,0.024246260861655933,0,0,0,0,0,1,0,0,0,22,7,1,0,0,1
1gfi,A,99,ALA,1.8,88.6,0.0,0,0,T,0.6037735849056604,-58.8,-17.8,2.0,14.0,0.125,1.8689660914266466,14,29,29,0,0.02611135785101408,0,0,0,0,0,1,0,0,0,22,7,1,0,0,1
1gfi,A,100,ARG,-4.5,173.4,1.0,5,0,H,0.13306451612903225,-62.9,-23.6,16.0,10.0,0.6153846153846154,2.743715531314526,26,26,34,-8,0.04149840801321881,1,0,0,0,0,0,0,0,0,22,7,1,0,0,1
1gfi,A,101,ALA,1.8,88.6,0.0,0,0,H,0.330188679245283,-54.7,-44.7,4.0,17.0,0.19047619047619047,2.0398983916792934,21,24,26,-2,0.03310547156110714,1,0,0,0,0,0,0,0,0,26,0,1,0,0,1
1gfi,A,102,ASP,-3.5,111.1,-1.0,1,3,H,0.5766871165644172,-65.4,-42.1,4.0,13.0,0.23529411764705882,1.9491791586082672,18,28,10,18,0.029375277582390842,1,0,0,0,0,0,0,0,0,26,0,1,0,0,1
1gfi,A,103,ASP,-3.5,111.1,-1.0,1,3,H,0.04294478527607362,-60.2,-43.5,18.0,10.0,0.6428571428571429,2.4531393603682594,28,37,19,18,0.045694876239274644,1,0,0,0,0,0,0,0,0,22,7,1,0,0,1
1gfi,A,104,ALA,1.8,88.6,0.0,0,0,H,0.12264150943396226,-59.7,-37.5,13.0,19.0,0.40625,2.3204722623503633,27,27,17,10,0.043363505002576956,1,0,0,0,0,0,0,0,0,-1,0,0,0,0,0
1gfi,A,105,ARG,-4.5,173.4,1.0,5,0,H,0.6895161290322581,-68.5,-44.9,3.0,15.0,0.16666666666666666,1.846789580264165,15,5,16,-11,0.03357174580844668,1,0,0,0,0,0,0,0,0,26,0,1,0,0,1
1gfi,A,106,GLN,-3.5,143.8,0.0,2,2,H,0.26262626262626265,-60.8,-35.7,13.0,8.0,0.6190476190476191,2.32144596720463,22,16,25,-9,0.03776821403450251,1,0,0,0,0,0,0,0,0,8,104,4,0,5,1
1gfi,A,107,LEU,3.8,166.7,0.0,0,0,H,0.0,-50.3,-54.8,17.0,14.0,0.5483870967741935,4.594164026546024,34,11,18,-7,0.04616115048661418,1,0,0,0,0,0,0,0,0,8,104,4,0,5,1
1gfi,A,108,PHE,2.8,189.9,0.0,0,0,H,0.6142131979695431,-65.6,-32.2,7.0,16.0,0.30434782608695654,1.9381591940462857,23,9,7,2,0.02984155182973038,1,0,0,0,0,0,0,0,0,8,104,4,0,5,1
1gfi,A,109,VAL,4.2,140.0,0.0,0,0,H,0.7464788732394366,-65.9,-36.5,8.0,7.0,0.5333333333333333,1.9641699610684387,15,7,9,-2,0.02471253510899547,1,0,0,0,0,0,0,0,0,8,104,4,0,5,1
1gfi,A,110,LEU,3.8,166.7,0.0,0,0,H,0.20121951219512196,-98.6,-19.3,16.0,8.0,0.6666666666666666,2.224940602833667,25,5,16,-11,0.034970568550465285,1,0,0,0,0,0,0,0,0,8,104,4,0,5,1
1gfi,A,111,ALA,1.8,88.6,0.0,0,0,H,0.11320754716981132,-45.1,-33.1,15.0,16.0,0.4838709677419355,2.2412044968469513,28,2,17,-15,0.0363693912924839,1,0,0,0,0,0,0,0,0,8,104,4,0,5,1
1gfi,A,112,GLY,-0.4,60.1,0.0,0,0,H,0.5595238095238095,-55.7,-36.3,4.0,16.0,0.2,1.7096380946005956,21,0,18,-18,0.025645083603674543,1,0,0,0,0,0,0,0,0,8,104,4,0,5,1
1gfi,A,113,ALA,1.8,88.6,0.0,0,0,H,0.3584905660377358,-66.7,-42.1,10.0,11.0,0.47619047619047616,2.2381605180049164,19,0,18,-18,0.03403802005578621,1,0,0,0,0,0,0,0,0,8,104,4,0,5,1
1gfi,A,114,ALA,1.8,88.6,0.0,0,0,H,0.0,-49.4,-45.5,20.0,10.0,0.6666666666666666,4.037013322270425,27,8,18,-10,0.045694876239274644,1,0,0,0,0,0,0,0,0,-1,0,0,0,0,0
1gfi,A,115,GLU,-3.5,138.4,-1.0,1,3,H,0.32989690721649484,-59.4,-31.7,5.0,17.0,0.22727272727272727,1.9544505943731905,22,2,9,-7,0.0363693912924839,1,0,0,0,0,0,0,0,0,-1,0,0,0,0,0
1gfi,A,116,GLU,-3.5,138.4,-1.0,1,3,T,0.7061855670103093,-82.0,2.7,6.0,13.0,0.3157894736842105,1.786984711856883,14,2,9,-7,0.026577632098353617,0,0,0,0,0,1,0,0,0,-1,0,0,0,0,0
1gfi,A,117,GLY,-0.4,60.1,0.0,0,0,T,0.17857142857142858,91.6,25.7,9.0,19.0,0.32142857142857145,1.9550690327193743,25,13,18,-5,0.03683566553982344,0,0,0,0,0,1,0,0,0,-1,0,0,0,0,0
1gfi,A,118,PHE,2.8,189.9,0.0,0,0,-,0.649746192893401,-125.2,135.3,7.0,23.0,0.23333333333333334,2.1224282111016195,19,8,17,-9,0.032639197313767604,0,0,0,0,0,0,0,0,0,-1,0,0,0,0,0
1gfi,A,119,MET,1.9,162.9,0.0,0,0,-,0.13297872340425532,-130.9,125.0,21.0,13.0,0.6176470588235294,2.6669104990630883,33,9,18,-9,0.03730193978716297,0,0,0,0,0,0,0,0,0,-1,0,0,0,0,0
1gfi,A,120,THR,-0.7,116.1,0.0,1,1,-,0.4154929577464789,-102.3,145.8,10.0,17.0,0.37037037037037035,2.127670519663851,24,1,9,-8,0.027043906345693154,0,0,0,0,0,0,0,0,0,-1,0,0,0,0,0
1gfi,A,121,ALA,1.8,88.6,0.0,0,0,H,0.8867924528301887,-58.0,-20.2,2.0,18.0,0.1,1.7677015660060953,19,6,15,-9,0.022847438119637322,1,0,0,0,0,0,0,0,0,-1,0,0,0,0,0
1gfi,A,122,GLU,-3.5,138.4,-1.0,1,3,H,0.5773195876288659,-77.1,-46.9,7.0,15.0,0.3181818181818182,1.7607733536175478,18,5,6,-1,0.026577632098353617,1,0,0,0,0,0,0,0,0,-1,0,0,0,0,0
1gfi,A,123,LEU,3.8,166.7,0.0,0,0,H,0.0,-65.2,-42.4,17.0,15.0,0.53125,3.2301544491096625,30,9,17,-8,0.04103213376587927,1,0,0,0,0,0,0,0,0,8,104,4,0,5,1
1gfi,A,124,ALA,1.8,88.6,0.0,0,0,H,0.12264150943396226,-56.6,-45.3,14.0,21.0,0.4,2.305065498731442,31,22,22,0,0.03776821403450251,1,0,0,0,0,0,0,0,0,-1,0,0,0,0,0
1gfi,A,125,GLY,-0.4,60.1,0.0,0,0,H,0.25,-61.1,-47.1,5.0,19.0,0.20833333333333334,1.9552466494275416,24,30,23,7,0.03357174580844668,1,0,0,0,0,0,0,0,0,-1,0,0,0,0,0
1gfi,A,126,VAL,4.2,140.0,0.0,0,0,H,0.02112676056338028,-53.7,-50.6,18.0,14.0,0.5625,3.371963902689846,31,38,25,13,0.04616115048661418,1,0,0,0,0,0,0,0,0,-1,0,0,0,0,0
1gfi,A,127,ILE,4.5,166.7,0.0,0,0,H,0.0,-67.1,-33.3,25.0,17.0,0.5952380952380952,5.083492727804836,42,29,15,14,0.04755997322863279,1,0,0,0,0,0,0,0,0,-1,0,0,0,0,0
1gfi,A,128,LYS,-3.9,168.6,1.0,2,0,H,0.3853658536585366,-71.6,-42.9,11.0,20.0,0.3548387096774194,2.4277095967777216,25,26,21,5,0.04289723075523742,1,0,0,0,0,0,0,0,0,21,13,1,0,0,1
1gfi,A,129,ARG,-4.5,173.4,1.0,5,0,H,0.38306451612903225,-65.3,-41.8,15.0,16.0,0.4838709677419355,1.9057886840894682,25,29,30,-1,0.03870076252918159,1,0,0,0,0,0,0,0,0,-1,0,0,0,0,0
1gfi,A,130,LEU,3.8,166.7,0.0,0,0,H,0.0,-60.4,-50.1,22.0,17.0,0.5641025641025641,4.753979900625082,35,39,26,13,0.04989134446533048,1,0,0,0,0,0,0,0,0,-1,0,0,0,0,0
1gfi,A,131,TRP,-0.9,227.8,0.0,1,0,H,0.07488986784140969,-58.2,-33.5,18.0,20.0,0.47368421052631576,2.6146579152388543,34,23,10,13,0.04429605349725603,1,0,0,0,0,0,0,0,0,-1,0,0,0,0,0
1gfi,A,132,LYS,-3.9,168.6,1.0,2,0,T,0.6097560975609756,-84.4,-5.1,5.0,19.0,0.20833333333333334,1.9500230525604354,21,26,14,12,0.034970568550465285,0,0,0,0,0,1,0,0,0,21,13,1,0,0,1
1gfi,A,133,ASP,-3.5,111.1,-1.0,1,3,-,0.024539877300613498,-73.3,135.4,23.0,5.0,0.8214285714285714,2.2777012633432165,28,31,16,15,0.04243095650789788,0,0,0,0,0,0,0,0,0,-1,0,0,0,0,0
1gfi,A,134,SER,-0.8,89.0,0.0,1,1,H,0.6384615384615384,-60.4,-34.9,3.0,17.0,0.15,1.7395377176702578,21,13,21,-8,0.02984155182973038,1,0,0,0,0,0,0,0,0,-1,0,0,0,0,0
1gfi,A,135,GLY,-0.4,60.1,0.0,0,0,H,0.08333333333333333,-69.9,-36.0,16.0,12.0,0.5714285714285714,2.466304121052656,26,19,24,-5,0.03776821403450251,1,0,0,0,0,0,0,0,0,-1,0,0,0,0,0
1gfi,A,136,VAL,4.2,140.0,0.0,0,0,H,0.0,-68.5,-42.5,18.0,19.0,0.4864864864864865,5.055174347707904,34,21,15,6,0.053155264196707235,1,0,0,0,0,0,0,0,0,2,373,14,0,52,1
1gfi,A,137,GLN,-3.5,143.8,0.0,2,2,H,0.2727272727272727,-64.3,-41.9,8.0,20.0,0.2857142857142857,2.1765001943999915,26,15,9,6,0.04149840801321881,1,0,0,0,0,0,0,0,0,2,373,14,0,52,1
1gfi,A,138,ALA,1.8,88.6,0.0,0,0,H,0.44339622641509435,-60.1,-39.8,10.0,13.0,0.43478260869565216,1.8521286259372904,24,15,14,1,0.03310547156110714,1,0,0,0,0,0,0,0,0,2,373,14,0,52,1
1gfi,A,139,CYS,2.5,108.5,0.0,1,0,H,0.0,-67.5,-39.8,26.0,8.0,0.7647058823529411,4.13700287693782,32,28,16,12,0.048958795970651406,1,0,0,0,0,0,0,0,0,2,373,14,0,52,1
1gfi,A,140,PHE,2.8,189.9,0.0,0,0,H,0.2233502538071066,-57.3,-39.2,15.0,19.0,0.4411764705882353,2.5249343582214787,33,11,4,7,0.04149840801321881,1,0,0,0,0,0,0,0,0,2,373,14,0,52,1
1gfi,A,141,ASN,-3.5,114.1,0.0,2,2,T,0.6751592356687898,-78.5,10.4,6.0,16.0,0.2727272727272727,1.8337671423865622,20,22,6,16,0.028909003335051305,0,0,0,0,0,1,0,0,0,2,373,14,0,52,1
1gfi,A,142,ARG,-4.5,173.4,1.0,5,0,T,0.3790322580645161,-126.9,24.0,11.0,12.0,0.4782608695652174,1.994414285378224,18,17,9,8,0.03590311704514436,0,0,0,0,0,1,0,0,0,17,4,12,0,0,1
1gfi,A,143,SER,-0.8,89.0,0.0,1,1,G,0.34615384615384615,-58.1,-20.8,16.0,14.0,0.5333333333333333,1.810294775808452,28,29,18,11,0.040099585271200194,0,0,0,1,0,0,0,0,0,17,4,12,0,0,1
1gfi,A,144,ARG,-4.5,173.4,1.0,5,0,G,0.4435483870967742,-68.2,-15.3,11.0,16.0,0.4074074074074074,1.8331194549881014,24,20,22,-2,0.035436842797804825,0,0,0,1,0,0,0,0,0,17,4,12,0,0,1
1gfi,A,145,GLU,-3.5,138.4,-1.0,1,3,G,0.4896907216494845,-79.9,-2.3,10.0,12.0,0.45454545454545453,1.7650501102715987,18,32,6,26,0.030307826077069916,0,0,0,1,0,0,0,0,0,17,4,12,0,0,1
1gfi,A,146,TYR,-1.3,193.6,0.0,1,1,S,0.07207207207207207,-151.8,-153.9,17.0,10.0,0.6296296296296297,3.1690921978645554,28,40,9,31,0.03170664881908853,0,0,0,0,0,0,1,0,0,17,4,12,0,0,1
1gfi,A,147,GLN,-3.5,143.8,0.0,2,2,-,0.37373737373737376,-121.9,116.5,8.0,20.0,0.2857142857142857,1.7529301908615618,24,24,22,2,0.03310547156110714,0,0,0,0,0,0,0,0,0,-1,0,0,0,0,0
1gfi,A,148,LEU,3.8,166.7,0.0,0,0,-,0.21951219512195122,-137.4,138.2,21.0,11.0,0.65625,1.8810731772153508,33,20,15,5,0.03776821403450251,0,0,0,0,0,0,0,0,0,-1,0,0,0,0,0
1gfi,A,149,ASN,-3.5,114.1,0.0,2,2,-,0.25477707006369427,-60.5,138.6,21.0,11.0,0.65625,1.7220879730167427,34,23,15,8,0.03124037457174899,0,0,0,0,0,0,0,0,0,-1,0,0,0,0,0
1gfi,A,150,ASP,-3.5,111.1,-1.0,1,3,T,0.4723926380368098,-56.9,-36.3,15.0,16.0,0.4838709677419355,1.698261671949015,33,34,19,15,0.027510180593032695,0,0,0,0,0,1,0,0,0,-1,0,0,0,0,0
1gfi,A,151,SER,-0.8,89.0,0.0,1,1,T,0.12307692307692308,-87.2,10.0,20.0,12.0,0.625,2.1983537065823717,30,22,16,6,0.040099585271200194,0,0,0,0,0,1,0,0,0,-1,0,0,0,0,0
1gfi,A,152,ALA,1.8,88.6,0.0,0,0,H,0.009433962264150943,-55.6,-50.7,16.0,17.0,0.48484848484848486,2.4934463281672175,33,12,11,1,0.04476232774459557,1,0,0,0,0,0,0,0,0,-1,0,0,0,0,0
1gfi,A,153,ALA,1.8,88.6,0.0,0,0,H,0.22641509433962265,-67.6,-38.1,6.0,20.0,0.23076923076923078,2.0466736354226067,24,8,16,-8,0.034970568550465285,1,0,0,0,0,0,0,0,0,-1,0,0,0,0,0
1gfi,A,154,TYR,-1.3,193.6,0.0,1,1,H,0.1891891891891892,-50.6,-53.0,15.0,10.0,0.6,2.135949225438305,28,18,22,-4,0.035436842797804825,1,0,0,0,0,0,0,0,0,-1,0,0,0,0,0
1gfi,A,155,TYR,-1.3,193.6,0.0,1,1,H,0.0045045045045045045,-76.4,-49.0,25.0,13.0,0.6578947368421053,4.954105420906353,38,23,21,2,0.04989134446533048,1,0,0,0,0,0,0,0,0,-1,0,0,0,0,0
1gfi,A,156,LEU,3.8,166.7,0.0,0,0,H,0.024390243902439025,-60.3,-33.9,22.0,15.0,0.5945945945945946,4.131135436340657,35,13,12,1,0.04476232774459557,1,0,0,0,0,0,0,0,0,-1,0,0,0,0,0
1gfi,A,157,ASN,-3.5,114.1,0.0,2,2,H,0.7006369426751592,-73.3,-23.8,5.0,18.0,0.21739130434782608,1.8782009833213198,18,17,14,3,0.03124037457174899,1,0,0,0,0,0,0,0,0,-1,0,0,0,0,0
1gfi,A,158,ASP,-3.5,111.1,-1.0,1,3,T,0.3803680981595092,-105.8,28.7,13.0,10.0,0.5652173913043478,1.9143598928360095,23,15,14,1,0.03730193978716297,0,0,0,0,0,1,0,0,0,-1,0,0,0,0,0
1gfi,A,159,LEU,3.8,166.7,0.0,0,0,H,0.03048780487804878,-55.1,-39.6,20.0,12.0,0.625,2.1578538517072343,30,25,16,9,0.04243095650789788,1,0,0,0,0,0,0,0,0,21,13,1,0,0,1
1gfi,A,160,ASP,-3.5,111.1,-1.0,1,3,H,0.7055214723926381,-60.0,-43.7,0.0,21.0,0.0,1.6720186153223453,18,20,8,12,0.030774100324409453,1,0,0,0,0,0,0,0,0,21,13,1,0,0,1
1gfi,A,161,ARG,-4.5,173.4,1.0,5,0,H,0.2701612903225806,-69.5,-54.5,10.0,12.0,0.45454545454545453,2.0891213704217697,20,0,22,-22,0.032172923066428064,1,0,0,0,0,0,0,0,0,3,680,6,0,50,1
1gfi,A,162,ILE,4.5,166.7,0.0,0,0,H,0.0,-66.8,-14.6,22.0,12.0,0.6470588235294118,4.479679036960694,30,20,24,-4,0.04616115048661418,1,0,0,0,0,0,0,0,0,3,680,6,0,50,1
1gfi,A,163,ALA,1.8,88.6,0.0,0,0,T,0.1792452830188679,-96.7,-5.3,19.0,14.0,0.5757575757575758,2.138290817512512,27,17,16,1,0.043363505002576956,0,0,0,0,0,1,0,0,0,-1,0,0,0,0,0
1gfi,A,164,GLN,-3.5,143.8,0.0,2,2,S,0.5151515151515151,-53.6,154.4,7.0,14.0,0.3333333333333333,1.782991377224169,17,15,11,4,0.03124037457174899,0,0,0,0,0,0,1,0,0,3,680,6,0,50,1
1gfi,A,165,PRO,-1.6,112.7,0.0,0,0,T,0.8235294117647058,-81.0,126.7,1.0,13.0,0.07142857142857142,1.9410631117312005,14,7,3,4,0.02144861537761871,0,0,0,0,0,1,0,0,0,-1,0,0,0,0,0
1gfi,A,166,ASN,-3.5,114.1,0.0,2,2,T,1.0,83.1,31.4,0.0,14.0,0.0,1.721974300878358,14,10,3,7,0.02098234113027917,0,0,0,0,0,1,0,0,0,3,680,6,0,50,1
1gfi,A,167,TYR,-1.3,193.6,0.0,1,1,-,0.04054054054054054,-77.4,134.5,19.0,6.0,0.76,2.63058589078152,27,29,16,13,0.0363693912924839,0,0,0,0,0,0,0,0,0,3,680,6,0,50,1
1gfi,A,168,ILE,4.5,166.7,0.0,0,0,-,0.3254437869822485,-125.6,121.2,8.0,21.0,0.27586206896551724,1.96397059577004,24,25,23,2,0.03730193978716297,0,0,0,0,0,0,0,0,0,3,680,6,0,50,1
1gfi,A,169,PRO,-1.6,112.7,0.0,0,0,-,0.029411764705882353,-50.6,143.5,22.0,10.0,0.6875,3.3439829320070276,31,28,25,3,0.04755997322863279,0,0,0,0,0,0,0,0,0,3,680,6,0,50,1
1gfi,A,170,THR,-0.7,116.1,0.0,1,1,-,0.4295774647887324,-83.8,177.7,7.0,20.0,0.25925925925925924,2.1781002852992843,26,18,15,3,0.032172923066428064,0,0,0,0,0,0,0,0,0,11,24,11,0,2,1
1gfi,A,171,GLN,-3.5,143.8,0.0,2,2,H,0.3383838383838384,-62.4,-38.6,12.0,17.0,0.41379310344827586,2.0601430932735507,27,21,15,6,0.03590311704514436,1,0,0,0,0,0,0,0,0,11,24,11,0,2,1
1gfi,A,172,GLN,-3.5,143.8,0.0,2,2,H,0.2777777777777778,-71.6,-36.8,6.0,20.0,0.23076923076923078,2.256213263017212,25,19,18,1,0.040565859518539735,1,0,0,0,0,0,0,0,0,11,24,11,0,2,1
1gfi,A,173,ASP,-3.5,111.1,-1.0,1,3,H,0.0,-58.9,-41.9,23.0,14.0,0.6216216216216216,3.8847625963780663,30,31,7,24,0.04662742473395372,1,0,0,0,0,0,0,0,0,3,680,6,0,50,1
1gfi,A,174,VAL,4.2,140.0,0.0,0,0,H,0.0,-61.9,-50.9,18.0,21.0,0.46153846153846156,5.023778425413013,36,36,13,23,0.053155264196707235,1,0,0,0,0,0,0,0,0,10,24,8,0,2,1
1gfi,A,175,LEU,3.8,166.7,0.0,0,0,H,0.018292682926829267,-56.6,-30.8,15.0,21.0,0.4166666666666667,3.2570154529651663,31,23,13,10,0.04942507021799094,1,0,0,0,0,0,0,0,0,24,0,10,0,0,1
1gfi,A,176,ARG,-4.5,173.4,1.0,5,0,T,0.21774193548387097,-81.5,-11.0,17.0,19.0,0.4722222222222222,2.2026754931420003,30,10,25,-15,0.04429605349725603,0,0,0,0,0,1,0,0,0,-1,0,0,0,0,0
1gfi,A,177,THR,-0.7,116.1,0.0,1,1,-,0.04929577464788732,-66.6,146.0,18.0,18.0,0.5,2.8078070834247666,34,32,12,20,0.04476232774459557,0,0,0,0,0,0,0,0,0,10,24,8,0,2,1
1gfi,A,178,ARG,-4.5,173.4,1.0,5,0,-,0.28225806451612906,-112.7,121.4,15.0,18.0,0.45454545454545453,1.9301934482575922,29,20,16,4,0.03357174580844668,0,0,0,0,0,0,0,0,0,0,2857,14,0,421,1
1gfi,A,179,VAL,4.2,140.0,0.0,0,0,-,0.5704225352112676,-143.7,119.5,10.0,13.0,0.43478260869565216,1.9094400495667005,22,27,6,21,0.02331371236697686,0,0,0,0,0,0,0,0,0,0,2857,14,0,421,1
1gfi,A,180,LYS,-3.9,168.6,1.0,2,0,-,0.43414634146341463,-63.4,127.1,5.0,20.0,0.2,1.943148008336617,18,14,15,-1,0.024246260861655933,0,0,0,0,0,0,0,0,0,0,2857,14,0,421,1
1gfi,A,181,THR,-0.7,116.1,0.0,1,1,-,0.15492957746478872,-89.4,127.4,25.0,5.0,0.8333333333333334,1.8529124573048603,26,31,21,10,0.03403802005578621,0,0,0,0,0,0,0,0,0,0,2857,14,0,421,1
1gfi,A,182,THR,-0.7,116.1,0.0,1,1,-,0.5704225352112676,-133.0,135.5,2.0,19.0,0.09523809523809523,1.8640453695256771,18,19,16,3,0.029375277582390842,0,0,0,0,0,0,0,0,0,-1,0,0,0,0,0
1gfi,A,183,GLY,-0.4,60.1,0.0,0,0,S,0.2619047619047619,93.5,-160.3,3.0,18.0,0.14285714285714285,2.2547492227369084,24,33,19,14,0.028909003335051305,0,0,0,0,0,0,1,0,0,-1,0,0,0,0,0
1gfi,A,184,ILE,4.5,166.7,0.0,0,0,E,0.44970414201183434,-120.5,124.8,11.0,16.0,0.4074074074074074,1.9267811369661256,22,21,24,-3,0.03124037457174899,0,0,1,0,0,0,0,0,0,-1,0,0,0,0,0
1gfi,A,185,VAL,4.2,140.0,0.0,0,0,E,0.43661971830985913,-111.9,129.1,13.0,13.0,0.5,2.3691147983453837,21,11,17,-6,0.03124037457174899,0,0,1,0,0,0,0,0,0,-1,0,0,0,0,0
1gfi,A,186,GLU,-3.5,138.4,-1.0,1,3,E,0.5309278350515464,-113.7,128.0,3.0,18.0,0.14285714285714285,1.7851841243686073,19,28,7,21,0.032172923066428064,0,0,1,0,0,0,0,0,0,-1,0,0,0,0,0
1gfi,A,187,THR,-0.7,116.1,0.0,1,1,E,0.2887323943661972,-128.8,143.4,15.0,10.0,0.6,2.1935915831969424,26,37,20,17,0.03590311704514436,0,0,1,0,0,0,0,0,0,-1,0,0,0,0,0
1gfi,A,188,HIS,-3.2,153.2,0.1,2,1,E,0.47282608695652173,-123.9,150.0,2.0,21.0,0.08695652173913043,1.8151001532652387,18,22,19,3,0.034970568550465285,0,0,1,0,0,0,0,0,0,7,137,4,0,7,1
1gfi,A,189,PHE,2.8,189.9,0.0,0,0,E,0.04060913705583756,-170.7,157.4,16.0,11.0,0.5925925925925926,2.723773600532034,27,50,12,38,0.04289723075523742,0,0,1,0,0,0,0,0,0,7,137,4,0,7,1
1gfi,A,190,THR,-0.7,116.1,0.0,1,1,E,0.6338028169014085,-108.1,134.7,2.0,18.0,0.1,1.860979125693116,18,38,18,20,0.03776821403450251,0,0,1,0,0,0,0,0,0,7,137,4,0,7,1
1gfi,A,191,PHE,2.8,189.9,0.0,0,0,E,0.18274111675126903,-152.0,123.4,19.0,6.0,0.76,2.3524905172723445,23,24,23,1,0.03823448828184205,0,0,1,0,0,0,0,0,0,13,24,7,0,2,1
1gfi,A,192,LYS,-3.9,168.6,1.0,2,0,T,0.3853658536585366,55.9,49.7,8.0,9.0,0.47058823529411764,1.8706322100579993,18,9,24,-15,0.02471253510899547,0,0,0,0,0,1,0,0,0,13,24,7,0,2,1
1gfi,A,193,ASP,-3.5,111.1,-1.0,1,3,T,1.0,60.1,11.3,1.0,11.0,0.08333333333333333,1.6721883051112696,10,14,1,13,0.020516066882939634,0,0,0,0,0,1,0,0,0,13,24,7,0,2,1
1gfi,A,194,LEU,3.8,166.7,0.0,0,0,E,0.2804878048780488,-105.6,142.3,11.0,6.0,0.6470588235294118,2.127672172953025,19,27,17,10,0.03450429430312575,0,0,1,0,0,0,0,0,0,13,24,7,0,2,1
1gfi,A,195,HIS,-3.2,153.2,0.1,2,1,E,0.3423913043478261,-95.5,116.5,1.0,16.0,0.058823529411764705,2.154025454135912,19,26,17,9,0.04149840801321881,0,0,1,0,0,0,0,0,0,7,137,4,0,7,1
1gfi,A,196,PHE,2.8,189.9,0.0,0,0,E,0.0,-94.5,141.4,17.0,10.0,0.6296296296296297,5.146287341626135,28,49,14,35,0.04989134446533048,0,0,1,0,0,0,0,0,0,13,24,7,0,2,1
1gfi,A,197,LYS,-3.9,168.6,1.0,2,0,E,0.24878048780487805,-129.1,97.2,7.0,20.0,0.25925925925925924,3.036221481199366,21,29,20,9,0.053621538444046775,0,0,1,0,0,0,0,0,0,7,137,4,0,7,1
1gfi,A,198,MET,1.9,162.9,0.0,0,0,E,0.0,-92.1,128.9,17.0,19.0,0.4722222222222222,5.4810692142296995,34,40,17,23,0.05035761871267001,0,0,1,0,0,0,0,0,0,-1,0,0,0,0,0
1gfi,A,199,PHE,2.8,189.9,0.0,0,0,E,0.1116751269035533,-112.3,137.6,17.0,19.0,0.4722222222222222,3.495461115579485,29,31,21,10,0.048958795970651406,0,0,1,0,0,0,0,0,0,-1,0,0,0,0,0
1gfi,A,200,ASP,-3.5,111.1,-1.0,1,3,E,0.024539877300613498,-134.9,138.6,18.0,24.0,0.42857142857142855,3.342529482362104,33,14,7,7,0.04662742473395372,0,0,1,0,0,0,0,0,0,-1,0,0,0,0,0
1gfi,A,201,VAL,4.2,140.0,0.0,0,0,E,0.007042253521126761,-134.1,175.8,22.0,20.0,0.5238095238095238,4.198188992136559,35,36,20,16,0.048492521723311866,0,0,1,0,0,0,0,0,0,-1,0,0,0,0,0
1gfi,A,202,GLY,-0.4,60.1,0.0,0,0,-,0.023809523809523808,-89.0,140.6,13.0,19.0,0.40625,2.751674633707493,34,51,23,28,0.048492521723311866,0,0,0,0,0,0,0,0,0,-1,0,0,0,0,0
1gfi,A,203,GLY,-0.4,60.1,0.0,0,0,-,0.011904761904761904,-98.8,-5.9,20.0,16.0,0.5555555555555556,2.929787172772506,34,48,34,14,0.04709369898129325,0,0,0,0,0,0,0,0,0,9,24,12,0,3,1
1gfi,A,204,GLN,-3.5,143.8,0.0,2,2,S,0.1111111111111111,-65.7,149.7,9.0,19.0,0.32142857142857145,2.458476347323467,28,46,30,16,0.040099585271200194,0,0,0,0,0,0,1,0,0,0,2857,14,0,421,1
1gfi,A,205,ARG,-4.5,173.4,1.0,5,0,G,0.38306451612903225,-45.1,-47.9,8.0,17.0,0.32,1.874544100143915,21,17,33,-16,0.03310547156110714,0,0,0,1,0,0,0,0,0,16,16,8,0,1,1
1gfi,A,206,SER,-0.8,89.0,0.0,1,1,G,0.5461538461538461,-63.7,-15.2,6.0,12.0,0.3333333333333333,1.803754912641583,15,42,18,24,0.029375277582390842,0,0,0,1,0,0,0,0,0,-1,0,0,0,0,0
1gfi,A,207,GLU,-3.5,138.4,-1.0,1,3,G,0.05670103092783505,-95.4,-24.8,15.0,8.0,0.6521739130434783,2.8759249403292317,23,47,5,42,0.04243095650789788,0,0,0,1,0,0,0,0,0,-1,0,0,0,0,0
1gfi,A,208,ARG,-4.5,173.4,1.0,5,0,G,0.18951612903225806,-57.6,-22.5,9.0,15.0,0.375,2.297158016416615,27,36,22,14,0.03963331102386066,0,0,0,1,0,0,0,0,0,9,24,12,0,3,1
1gfi,A,209,LYS,-3.9,168.6,1.0,2,0,G,0.7073170731707317,-62.1,-20.5,3.0,13.0,0.1875,1.9084381786830455,13,30,9,21,0.030774100324409453,0,0,0,1,0,0,0,0,0,-1,0,0,0,0,0
1gfi,A,210,LYS,-3.9,168.6,1.0,2,0,G,0.3024390243902439,-91.9,-5.7,13.0,8.0,0.6190476190476191,2.285326409975294,22,31,11,20,0.03730193978716297,0,0,0,1,0,0,0,0,0,-1,0,0,0,0,0
1gfi,A,211,TRP,-0.9,227.8,0.0,1,0,G,0.05726872246696035,-59.5,-41.4,15.0,13.0,0.5357142857142857,2.619718550793227,32,43,14,29,0.04196468226055834,0,0,0,1,0,0,0,0,0,-1,0,0,0,0,0
1gfi,A,212,ILE,4.5,166.7,0.0,0,0,G,0.6035502958579881,-59.0,-14.5,3.0,16.0,0.15789473684210525,1.9551616186237968,19,30,5,25,0.028909003335051305,0,0,0,1,0,0,0,0,0,-1,0,0,0,0,0
1gfi,A,213,HIS,-3.2,153.2,0.1,2,1,G,0.7336956521739131,-73.7,-20.6,10.0,8.0,0.5555555555555556,1.8094972512743168,15,20,5,15,0.026577632098353617,0,0,0,1,0,0,0,0,0,-1,0,0,0,0,0
1gfi,A,214,CYS,2.5,108.5,0.0,1,0,G,0.02962962962962963,-98.9,-3.6,23.0,5.0,0.8214285714285714,2.2661161993703924,30,28,18,10,0.03823448828184205,0,0,0,1,0,0,0,0,0,19,3,7,0,0,1
1gfi,A,215,PHE,2.8,189.9,0.0,0,0,-,0.14213197969543148,-64.0,-8.1,9.0,17.0,0.34615384615384615,2.1386854166335723,24,22,9,13,0.03730193978716297,0,0,0,0,0,0,0,0,0,25,0,1,0,0,1
1gfi,A,216,GLU,-3.5,138.4,-1.0,1,3,T,0.6958762886597938,-85.3,136.4,1.0,17.0,0.05555555555555555,1.740591566420209,14,13,0,13,0.026577632098353617,0,0,0,0,0,1,0,0,0,25,0,1,0,0,1
1gfi,A,217,GLY,-0.4,60.1,0.0,0,0,T,0.6428571428571429,51.2,41.0,3.0,19.0,0.13636363636363635,1.709562341800819,19,14,18,-4,0.02331371236697686,0,0,0,0,0,1,0,0,0,25,0,1,0,0,1
1gfi,A,218,VAL,4.2,140.0,0.0,0,0,-,0.08450704225352113,-84.1,116.9,21.0,8.0,0.7241379310344828,2.132673112092602,29,14,16,-2,0.04149840801321881,0,0,0,0,0,0,0,0,0,19,3,7,0,0,1
1gfi,A,219,THR,-0.7,116.1,0.0,1,1,S,0.4084507042253521,-72.9,-36.9,13.0,17.0,0.43333333333333335,1.9123213651055053,29,15,14,1,0.0363693912924839,0,0,0,0,0,0,1,0,0,19,3,7,0,0,1
1gfi,A,220,ALA,1.8,88.6,0.0,0,0,E,0.0,-163.0,140.4,17.0,20.0,0.4594594594594595,4.007261513658256,35,13,6,7,0.04429605349725603,0,0,1,0,0,0,0,0,0,-1,0,0,0,0,0
1gfi,A,221,ILE,4.5,166.7,0.0,0,0,E,0.0,-101.9,136.8,19.0,21.0,0.475,6.381372045060037,34,9,3,6,0.05129016720734909,0,0,1,0,0,0,0,0,0,-1,0,0,0,0,0
1gfi,A,222,ILE,4.5,166.7,0.0,0,0,E,0.0,-116.3,103.4,22.0,21.0,0.5116279069767442,8.653792782609056,40,16,5,11,0.048958795970651406,0,0,1,0,0,0,0,0,0,-1,0,0,0,0,0
1gfi,A,223,PHE,2.8,189.9,0.0,0,0,E,0.005076142131979695,-90.6,116.1,16.0,28.0,0.36363636363636365,7.266382822881246,39,11,5,6,0.04942507021799094,0,0,1,0,0,0,0,0,0,-1,0,0,0,0,0
1gfi,A,224,CYS,2.5,108.5,0.0,1,0,E,0.0,-95.5,136.7,25.0,21.0,0.5434782608695652,6.0411503516282545,37,19,6,13,0.053155264196707235,0,0,1,0,0,0,0,0,0,-1,0,0,0,0,0
1gfi,A,225,VAL,4.2,140.0,0.0,0,0,E,0.0,-133.2,132.0,22.0,22.0,0.5,7.3992273196860285,40,25,14,11,0.05175644145468863,0,0,1,0,0,0,0,0,0,-1,0,0,0,0,0
1gfi,A,226,ALA,1.8,88.6,0.0,0,0,E,0.0,-89.5,106.4,18.0,23.0,0.43902439024390244,3.7805165745145066,39,31,23,8,0.04429605349725603,0,0,1,0,0,0,0,0,0,-1,0,0,0,0,0
1gfi,A,227,LEU,3.8,166.7,0.0,0,0,G,0.0,-57.9,-34.8,25.0,21.0,0.5434782608695652,5.2217499255295365,40,28,23,5,0.048492521723311866,0,0,0,1,0,0,0,0,0,-1,0,0,0,0,0
1gfi,A,228,SER,-0.8,89.0,0.0,1,1,G,0.023076923076923078,-75.2,4.3,18.0,21.0,0.46153846153846156,2.1225631928415685,32,36,47,-11,0.048026247475972325,0,0,0,1,0,0,0,0,0,-1,0,0,0,0,0
1gfi,A,229,ASP,-3.5,111.1,-1.0,1,3,G,0.024539877300613498,-82.5,-14.9,24.0,16.0,0.6,2.83533024885347,37,36,24,12,0.045228601991935104,0,0,0,1,0,0,0,0,0,-1,0,0,0,0,0
1gfi,A,230,TYR,-1.3,193.6,0.0,1,1,T,0.0,-49.0,-26.4,18.0,17.0,0.5142857142857142,4.529318744139324,33,34,18,16,0.05408781269138631,0,0,0,0,0,1,0,0,0,-1,0,0,0,0,0
1gfi,A,231,ASP,-3.5,111.1,-1.0,1,3,T,0.03680981595092025,-114.9,12.2,14.0,18.0,0.4375,2.2766499710535433,31,37,13,24,0.04616115048661418,0,0,0,0,0,1,0,0,0,17,4,12,0,0,1
1gfi,A,232,LEU,3.8,166.7,0.0,0,0,-,0.18902439024390244,-105.3,169.7,18.0,16.0,0.5294117647058824,2.0235076963950127,31,31,31,0,0.043363505002576956,0,0,0,0,0,0,0,0,0,17,4,12,0,0,1
1gfi,A,233,VAL,4.2,140.0,0.0,0,0,E,0.33098591549295775,-122.2,160.7,7.0,21.0,0.25,2.4682895230603985,27,30,62,-32,0.043829779249916496,0,0,1,0,0,0,0,0,0,-1,0,0,0,0,0
1gfi,A,234,LEU,3.8,166.7,0.0,0,0,E,0.042682926829268296,-64.3,135.2,14.0,15.0,0.4827586206896552,3.776080103217347,26,29,53,-24,0.043363505002576956,0,0,1,0,0,0,0,0,0,16,16,8,0,1,1
1gfi,A,235,ALA,1.8,88.6,0.0,0,0,T,0.5754716981132075,-57.2,-42.0,10.0,15.0,0.4,1.967062789483636,22,21,38,-17,0.02797645484037223,0,0,0,0,0,1,0,0,0,16,16,8,0,1,1
1gfi,A,236,GLU,-3.5,138.4,-1.0,1,3,T,0.3556701030927835,-77.9,1.8,9.0,10.0,0.47368421052631576,2.170246585358951,21,27,28,-1,0.026577632098353617,0,0,0,0,0,1,0,0,0,16,16,8,0,1,1
1gfi,A,237,ASP,-3.5,111.1,-1.0,1,3,E,0.3128834355828221,-176.8,112.2,8.0,8.0,0.5,1.9232315213309155,15,19,33,-14,0.030774100324409453,0,0,1,0,0,0,0,0,0,16,16,8,0,1,1
1gfi,A,238,GLU,-3.5,138.4,-1.0,1,3,E,0.8144329896907216,-75.9,-6.7,4.0,12.0,0.25,1.769451149493602,14,3,25,-22,0.02844272908771177,0,0,1,0,0,0,0,0,0,16,16,8,0,1,1
1gfi,A,239,GLU,-3.5,138.4,-1.0,1,3,E,0.8814432989690721,-94.0,-14.5,0.0,13.0,0.0,1.8251745489902065,11,5,19,-14,0.025645083603674543,0,0,1,0,0,0,0,0,0,-1,0,0,0,0,0
1gfi,A,240,MET,1.9,162.9,0.0,0,0,E,0.18617021276595744,-103.5,121.0,11.0,9.0,0.55,2.2496872739903546,20,33,43,-10,0.040099585271200194,0,0,1,0,0,0,0,0,0,-1,0,0,0,0,0
1gfi,A,241,ASN,-3.5,114.1,0.0,2,2,E,0.1464968152866242,-65.3,132.1,10.0,15.0,0.4,2.4205046089237676,26,30,39,-9,0.045228601991935104,0,0,1,0,0,0,0,0,0,-1,0,0,0,0,0
1gfi,A,242,ARG,-4.5,173.4,1.0,5,0,H,0.056451612903225805,-59.2,-36.1,20.0,15.0,0.5714285714285714,3.8150519897895236,39,21,54,-33,0.048492521723311866,1,0,0,0,0,0,0,0,0,-1,0,0,0,0,0
1gfi,A,243,MET,1.9,162.9,0.0,0,0,H,0.0,-74.7,-34.5,16.0,19.0,0.45714285714285713,5.366174083757463,35,28,23,5,0.050823892960009553,1,0,0,0,0,0,0,0,0,-1,0,0,0,0,0
1gfi,A,244,HIS,-3.2,153.2,0.1,2,1,H,0.33695652173913043,-63.7,-35.5,10.0,19.0,0.3448275862068966,1.962396484885326,25,17,20,-3,0.03916703677652112,1,0,0,0,0,0,0,0,0,-1,0,0,0,0,0
1gfi,A,245,GLU,-3.5,138.4,-1.0,1,3,H,0.04639175257731959,-63.3,-47.7,22.0,11.0,0.6666666666666666,2.1425259699052885,31,46,22,24,0.04289723075523742,1,0,0,0,0,0,0,0,0,9,24,12,0,3,1
1gfi,A,246,SER,-0.8,89.0,0.0,1,1,H,0.015384615384615385,-58.5,-45.5,23.0,17.0,0.575,4.580552521332307,38,30,22,8,0.05035761871267001,1,0,0,0,0,0,0,0,0,-1,0,0,0,0,0
1gfi,A,247,MET,1.9,162.9,0.0,0,0,H,0.16489361702127658,-56.6,-44.6,16.0,19.0,0.45714285714285713,2.2713882821162614,29,24,24,0,0.04616115048661418,1,0,0,0,0,0,0,0,0,-1,0,0,0,0,0
1gfi,A,248,LYS,-3.9,168.6,1.0,2,0,H,0.5121951219512195,-59.8,-40.2,8.0,15.0,0.34782608695652173,1.8930750870614323,20,24,17,7,0.03590311704514436,1,0,0,0,0,0,0,0,0,9,24,12,0,3,1
1gfi,A,249,LEU,3.8,166.7,0.0,0,0,H,0.12804878048780488,-68.3,-46.0,17.0,12.0,0.5862068965517241,2.307993212073943,30,30,17,13,0.043829779249916496,1,0,0,0,0,0,0,0,0,9,24,12,0,3,1
1gfi,A,250,PHE,2.8,189.9,0.0,0,0,H,0.0,-63.6,-42.7,22.0,13.0,0.6285714285714286,5.366960511077454,39,10,21,-11,0.04755997322863279,1,0,0,0,0,0,0,0,0,-1,0,0,0,0,0
1gfi,A,251,ASP,-3.5,111.1,-1.0,1,3,H,0.2883435582822086,-55.1,-48.2,8.0,18.0,0.3076923076923077,1.997699125121184,22,21,11,10,0.04289723075523742,1,0,0,0,0,0,0,0,0,6,378,3,0,15,1
1gfi,A,252,SER,-0.8,89.0,0.0,1,1,H,0.5846153846153846,-59.0,-56.4,7.0,14.0,0.3333333333333333,1.804204060955833,25,18,9,9,0.032639197313767604,1,0,0,0,0,0,0,0,0,-1,0,0,0,0,0
1gfi,A,253,ILE,4.5,166.7,0.0,0,0,H,0.04142011834319527,-63.4,-51.6,23.0,12.0,0.6571428571428571,2.9569468839832695,30,15,8,7,0.04289723075523742,1,0,0,0,0,0,0,0,0,-1,0,0,0,0,0
1gfi,A,254,CYS,2.5,108.5,0.0,1,0,H,0.0,-53.9,-42.6,23.0,15.0,0.6052631578947368,4.700947675401833,34,38,19,19,0.048026247475972325,1,0,0,0,0,0,0,0,0,6,378,3,0,15,1
1gfi,A,255,ASN,-3.5,114.1,0.0,2,2,T,0.10191082802547771,-92.3,7.3,13.0,15.0,0.4642857142857143,2.191282320714168,25,42,11,31,0.045228601991935104,0,0,0,0,0,1,0,0,0,6,378,3,0,15,1
1gfi,A,256,ASN,-3.5,114.1,0.0,2,2,-,0.27388535031847133,-73.4,112.7,11.0,10.0,0.5238095238095238,2.2642331239367994,21,20,7,13,0.0363693912924839,0,0,0,0,0,0,0,0,0,-1,0,0,0,0,0
1gfi,A,257,LYS,-3.9,168.6,1.0,2,0,G,0.7707317073170732,-50.5,-29.5,0.0,17.0,0.0,2.0385778829072057,14,10,3,7,0.02797645484037223,0,0,0,1,0,0,0,0,0,-1,0,0,0,0,0
1gfi,A,258,TRP,-0.9,227.8,0.0,1,0,G,0.6387665198237885,-57.0,-33.6,8.0,8.0,0.5,1.8331717131294865,17,10,17,-7,0.02984155182973038,0,0,0,1,0,0,0,0,0,25,0,1,0,0,1
1gfi,A,259,PHE,2.8,189.9,0.0,0,0,G,0.005076142131979695,-97.2,17.1,16.0,6.0,0.7272727272727273,2.7209538033269425,28,16,13,3,0.043363505002576956,0,0,0,1,0,0,0,0,0,-1,0,0,0,0,0
1gfi,A,260,THR,-0.7,116.1,0.0,1,1,T,0.49295774647887325,-50.0,-33.5,3.0,19.0,0.13636363636363635,1.9663451384748154,18,26,10,16,0.032172923066428064,0,0,0,0,0,1,0,0,0,20,24,1,0,0,1
1gfi,A,261,ASP,-3.5,111.1,-1.0,1,3,T,0.9570552147239264,-104.0,8.5,3.0,16.0,0.15789473684210525,1.672086950353624,15,14,0,14,0.022381163872297785,0,0,0,0,0,1,0,0,0,20,24,1,0,0,1
1gfi,A,262,THR,-0.7,116.1,0.0,1,1,S,0.09859154929577464,-100.6,142.5,21.0,9.0,0.7,2.0215838181765626,27,13,12,1,0.034970568550465285,0,0,0,0,0,0,1,0,0,20,24,1,0,0,1
1gfi,A,263,SER,-0.8,89.0,0.0,1,1,E,0.27692307692307694,-74.4,128.6,16.0,19.0,0.45714285714285713,2.3452663692945257,28,11,16,-5,0.04289723075523742,0,0,1,0,0,0,0,0,0,-1,0,0,0,0,0
1gfi,A,264,ILE,4.5,166.7,0.0,0,0,E,0.011834319526627219,-103.4,114.0,14.0,22.0,0.3888888888888889,3.47703094338432,33,10,14,-4,0.045694876239274644,0,0,1,0,0,0,0,0,0,14,17,10,0,2,1
1gfi,A,265,ILE,4.5,166.7,0.0,0,0,E,0.005917159763313609,-111.3,127.4,18.0,19.0,0.4864864864864865,5.417275460752631,34,12,7,5,0.05035761871267001,0,0,1,0,0,0,0,0,0,-1,0,0,0,0,0
1gfi,A,266,LEU,3.8,166.7,0.0,0,0,E,0.0,-110.7,119.1,19.0,23.0,0.4523809523809524,5.9394925246010235,30,10,12,-2,0.05129016720734909,0,0,1,0,0,0,0,0,0,-1,0,0,0,0,0
1gfi,A,267,PHE,2.8,189.9,0.0,0,0,E,0.025380710659898477,-105.2,110.9,23.0,17.0,0.575,6.462749685509315,35,21,0,21,0.05035761871267001,0,0,1,0,0,0,0,0,0,-1,0,0,0,0,0
1gfi,A,268,LEU,3.8,166.7,0.0,0,0,E,0.0,-91.8,87.2,17.0,25.0,0.40476190476190477,5.70868102785758,39,24,5,19,0.05175644145468863,0,0,1,0,0,0,0,0,0,-1,0,0,0,0,0
1gfi,A,269,ASN,-3.5,114.1,0.0,2,2,E,0.012738853503184714,-78.2,167.1,21.0,19.0,0.525,3.3871603691463217,36,29,20,9,0.05129016720734909,0,0,1,0,0,0,0,0,0,-1,0,0,0,0,0
1gfi,A,270,LYS,-3.9,168.6,1.0,2,0,-,0.08292682926829269,62.4,37.5,18.0,19.0,0.4864864864864865,2.421827342268354,38,16,37,-21,0.048958795970651406,0,0,0,0,0,0,0,0,0,-1,0,0,0,0,0
1gfi,A,271,LYS,-3.9,168.6,1.0,2,0,H,0.28780487804878047,-59.1,-30.9,15.0,19.0,0.4411764705882353,2.459840925871093,26,11,31,-20,0.05129016720734909,1,0,0,0,0,0,0,0,0,-1,0,0,0,0,0
1gfi,A,272,ASP,-3.5,111.1,-1.0,1,3,H,0.2883435582822086,-69.3,-35.8,7.0,16.0,0.30434782608695654,1.8226797696098558,23,26,29,-3,0.034970568550465285,1,0,0,0,0,0,0,0,0,-1,0,0,0,0,0
1gfi,A,273,LEU,3.8,166.7,0.0,0,0,H,0.2073170731707317,-79.9,-34.0,15.0,14.0,0.5172413793103449,2.0841264292982054,26,31,38,-7,0.03823448828184205,1,0,0,0,0,0,0,0,0,-1,0,0,0,0,0
1gfi,A,274,PHE,2.8,189.9,0.0,0,0,H,0.0,-63.3,-45.8,21.0,13.0,0.6176470588235294,5.068443747221881,36,32,42,-10,0.05035761871267001,1,0,0,0,0,0,0,0,0,-1,0,0,0,0,0
1gfi,A,275,GLU,-3.5,138.4,-1.0,1,3,H,0.4690721649484536,-53.0,-46.4,8.0,18.0,0.3076923076923077,2.054026462407913,21,29,26,3,0.04149840801321881,1,0,0,0,0,0,0,0,0,-1,0,0,0,0,0
1gfi,A,276,GLU,-3.5,138.4,-1.0,1,3,H,0.5515463917525774,-74.0,-33.2,3.0,14.0,0.17647058823529413,1.76006085952274,15,35,17,18,0.03450429430312575,1,0,0,0,0,0,0,0,0,-1,0,0,0,0,0
1gfi,A,277,LYS,-3.9,168.6,1.0,2,0,H,0.2048780487804878,-76.0,-35.9,19.0,9.0,0.6785714285714286,2.2605435266117997,30,32,34,-2,0.04196468226055834,1,0,0,0,0,0,0,0,0,-1,0,0,0,0,0
1gfi,A,278,ILE,4.5,166.7,0.0,0,0,H,0.01775147928994083,-59.5,-26.1,18.0,13.0,0.5806451612903226,2.624950985657727,30,30,33,-3,0.04942507021799094,1,0,0,0,0,0,0,0,0,-1,0,0,0,0,0
1gfi,A,279,LYS,-3.9,168.6,1.0,2,0,T,0.6731707317073171,-69.8,-27.8,4.0,14.0,0.2222222222222222,2.06777565012012,16,16,19,-3,0.032172923066428064,0,0,0,0,0,1,0,0,0,-1,0,0,0,0,0
1gfi,A,280,LYS,-3.9,168.6,1.0,2,0,T,0.7707317073170732,-124.5,-15.9,5.0,15.0,0.25,1.911022227034236,17,23,16,7,0.026577632098353617,0,0,0,0,0,1,0,0,0,-1,0,0,0,0,0
1gfi,A,281,SER,-0.8,89.0,0.0,1,1,S,0.11538461538461539,-116.4,127.1,16.0,11.0,0.5925925925925926,1.7642103750101903,26,33,15,18,0.03357174580844668,0,0,0,0,0,0,1,0,0,-1,0,0,0,0,0
1gfi,A,282,PRO,-1.6,112.7,0.0,0,0,-,0.5294117647058824,-67.2,133.6,6.0,20.0,0.23076923076923078,2.189236837446709,21,25,8,17,0.03357174580844668,0,0,0,0,0,0,0,0,0,-1,0,0,0,0,0
1gfi,A,283,LEU,3.8,166.7,0.0,0,0,G,0.03048780487804878,-72.8,-14.4,21.0,12.0,0.6363636363636364,2.915718104448705,33,11,16,-5,0.048026247475972325,0,0,0,1,0,0,0,0,0,1,2483,7,1,269,1
1gfi,A,284,THR,-0.7,116.1,0.0,1,1,G,0.4788732394366197,-66.9,-11.3,8.0,12.0,0.4,1.8882540579908789,18,4,11,-7,0.03450429430312575,0,0,0,1,0,0,0,0,0,-1,0,0,0,0,0
1gfi,A,285,ILE,4.5,166.7,0.0,0,0,G,0.34911242603550297,-64.0,-42.9,14.0,7.0,0.6666666666666666,1.986686242230189,22,16,11,5,0.03590311704514436,0,0,0,1,0,0,0,0,0,-1,0,0,0,0,0
1gfi,A,286,CYS,2.5,108.5,0.0,1,0,T,0.02962962962962963,-91.3,-46.6,22.0,7.0,0.7586206896551724,2.5592482640952237,28,17,18,-1,0.04289723075523742,0,0,0,0,0,1,0,0,0,-1,0,0,0,0,0
1gfi,A,287,TYR,-1.3,193.6,0.0,1,1,-,0.05855855855855856,-121.0,89.2,12.0,8.0,0.6,2.640713018719046,26,9,10,-1,0.03870076252918159,0,0,0,0,0,0,0,0,0,1,2483,7,1,269,1
1gfi,A,288,PRO,-1.6,112.7,0.0,0,0,T,0.75,-50.7,-29.6,0.0,12.0,0.0,1.9033265181607224,12,4,9,-5,0.02611135785101408,0,0,0,0,0,1,0,0,0,-1,0,0,0,0,0
1gfi,A,289,GLU,-3.5,138.4,-1.0,1,3,T,0.8969072164948454,-93.1,7.1,1.0,11.0,0.08333333333333333,1.7085065362477236,10,0,0,0,0.024246260861655933,0,0,0,0,0,1,0,0,0,-1,0,0,0,0,0
1gfi,A,290,TYR,-1.3,193.6,0.0,1,1,-,0.10810810810810811,-67.2,120.6,18.0,2.0,0.9,2.1739189493019655,24,0,18,-18,0.03357174580844668,0,0,0,0,0,0,0,0,0,1,2483,7,1,269,1
1gfi,A,291,ALA,1.8,88.6,0.0,0,0,-,0.9905660377358491,-109.6,12.4,1.0,13.0,0.07142857142857142,1.7675584104860527,12,0,17,-17,0.020516066882939634,0,0,0,0,0,0,0,0,0,1,2483,7,1,269,1
1gfi,A,292,GLY,-0.4,60.1,0.0,0,0,S,0.30952380952380953,-91.8,-177.4,13.0,7.0,0.65,1.7094936429233993,18,0,15,-15,0.02611135785101408,0,0,0,0,0,0,1,0,0,1,2483,7,1,269,1
1gfi,A,293,SER,-0.8,89.0,0.0,1,1,-,0.34615384615384615,-91.2,168.7,4.0,15.0,0.21052631578947367,1.8559621597697868,18,6,15,-9,0.025178809356335007,0,0,0,0,0,0,0,0,0,-1,0,0,0,0,0
1gfi,A,294,ASN,-3.5,114.1,0.0,2,2,S,0.6560509554140127,-76.9,53.6,8.0,14.0,0.36363636363636365,1.789217014811164,22,20,18,2,0.034970568550465285,0,0,0,0,0,0,1,0,0,-1,0,0,0,0,0
1gfi,A,295,THR,-0.7,116.1,0.0,1,1,-,0.3732394366197183,-123.0,150.4,6.0,15.0,0.2857142857142857,2.3321120573507548,22,12,30,-18,0.03776821403450251,0,0,0,0,0,0,0,0,0,-1,0,0,0,0,0
1gfi,A,296,TYR,-1.3,193.6,0.0,1,1,H,0.17117117117117117,-59.6,-61.5,10.0,19.0,0.3448275862068966,2.2350368893200425,28,21,35,-14,0.03823448828184205,1,0,0,0,0,0,0,0,0,-1,0,0,0,0,0
1gfi,A,297,GLU,-3.5,138.4,-1.0,1,3,H,0.7319587628865979,-49.5,-51.6,0.0,18.0,0.0,1.8085409692753618,15,1,18,-17,0.02797645484037223,1,0,0,0,0,0,0,0,0,-1,0,0,0,0,0
1gfi,A,298,GLU,-3.5,138.4,-1.0,1,3,H,0.5051546391752577,-67.5,-44.2,9.0,11.0,0.45,1.7724383486578497,16,0,9,-9,0.035436842797804825,1,0,0,0,0,0,0,0,0,1,2483,7,1,269,1
1gfi,A,299,ALA,1.8,88.6,0.0,0,0,H,0.0,-71.2,-32.0,19.0,12.0,0.6129032258064516,3.727141833725466,31,2,22,-20,0.048026247475972325,1,0,0,0,0,0,0,0,0,1,2483,7,1,269,1
1gfi,A,300,ALA,1.8,88.6,0.0,0,0,H,0.03773584905660377,-66.2,-46.6,17.0,18.0,0.4857142857142857,2.6441151163031433,30,9,21,-12,0.04289723075523742,1,0,0,0,0,0,0,0,0,-1,0,0,0,0,0
1gfi,A,301,ALA,1.8,88.6,0.0,0,0,H,0.42452830188679247,-63.3,-32.5,5.0,18.0,0.21739130434782608,1.8328273936669277,21,0,23,-23,0.032639197313767604,1,0,0,0,0,0,0,0,0,-1,0,0,0,0,0
1gfi,A,302,TYR,-1.3,193.6,0.0,1,1,H,0.2747747747747748,-63.6,-46.6,17.0,9.0,0.6538461538461539,2.3208640110166607,31,0,22,-22,0.040099585271200194,1,0,0,0,0,0,0,0,0,1,2483,7,1,269,1
1gfi,A,303,ILE,4.5,166.7,0.0,0,0,H,0.0,-68.3,-36.2,27.0,12.0,0.6923076923076923,5.910886432973875,35,0,19,-19,0.04709369898129325,1,0,0,0,0,0,0,0,0,1,2483,7,1,269,1
1gfi,A,304,GLN,-3.5,143.8,0.0,2,2,H,0.2474747474747475,-58.9,-51.4,16.0,13.0,0.5517241379310345,2.68635031493435,26,6,20,-14,0.04196468226055834,1,0,0,0,0,0,0,0,0,-1,0,0,0,0,0
1gfi,A,305,CYS,2.5,108.5,0.0,1,0,H,0.42962962962962964,-60.2,-38.1,7.0,13.0,0.35,2.156586244752095,22,3,18,-15,0.035436842797804825,1,0,0,0,0,0,0,0,0,-1,0,0,0,0,0
1gfi,A,306,GLN,-3.5,143.8,0.0,2,2,H,0.2474747474747475,-56.7,-48.3,17.0,8.0,0.68,2.020525092471315,23,4,17,-13,0.03963331102386066,1,0,0,0,0,0,0,0,0,-1,0,0,0,0,0
1gfi,A,307,PHE,2.8,189.9,0.0,0,0,H,0.0,-71.5,-42.2,23.0,11.0,0.6764705882352942,4.503524560361408,35,9,27,-18,0.048026247475972325,1,0,0,0,0,0,0,0,0,-1,0,0,0,0,0
1gfi,A,308,GLU,-3.5,138.4,-1.0,1,3,H,0.27319587628865977,-66.3,-27.4,16.0,13.0,0.5517241379310345,1.978209122321888,25,13,15,-2,0.04149840801321881,1,0,0,0,0,0,0,0,0,-1,0,0,0,0,0
1gfi,A,309,ASP,-3.5,111.1,-1.0,1,3,T,0.558282208588957,-64.1,-23.5,7.0,14.0,0.3333333333333333,1.7673296171901938,21,14,14,0,0.030774100324409453,0,0,0,0,0,1,0,0,0,-1,0,0,0,0,0
1gfi,A,310,LEU,3.8,166.7,0.0,0,0,T,0.2682926829268293,-71.4,-16.8,16.0,10.0,0.6153846153846154,2.0654926497908086,25,24,24,0,0.04103213376587927,0,0,0,0,0,1,0,0,0,6,378,3,0,15,1
1gfi,A,311,ASN,-3.5,114.1,0.0,2,2,-,0.07643312101910828,-66.0,122.9,17.0,13.0,0.5666666666666667,2.3753926892638617,25,38,39,-1,0.04662742473395372,0,0,0,0,0,0,0,0,0,6,378,3,0,15,1
1gfi,A,312,LYS,-3.9,168.6,1.0,2,0,S,0.7560975609756098,-92.5,-6.0,9.0,12.0,0.42857142857142855,1.9361354855655744,19,28,16,12,0.02984155182973038,0,0,0,0,0,0,1,0,0,6,378,3,0,15,1
1gfi,A,313,ARG,-4.5,173.4,1.0,5,0,-,0.25,-129.6,55.6,8.0,9.0,0.47058823529411764,1.976991342724167,23,33,18,15,0.030774100324409453,0,0,0,0,0,0,0,0,0,23,6,1,0,0,1
1gfi,A,314,LYS,-3.9,168.6,1.0,2,0,T,0.5658536585365853,-53.4,-28.4,4.0,10.0,0.2857142857142857,1.8707350161935092,15,22,33,-11,0.029375277582390842,0,0,0,0,0,1,0,0,0,23,6,1,0,0,1
1gfi,A,315,ASP,-3.5,111.1,-1.0,1,3,T,1.0,-84.5,-24.8,0.0,8.0,0.0,1.6721362329296126,7,26,6,20,0.018650969893581486,0,0,0,0,0,1,0,0,0,23,6,1,0,0,1
1gfi,A,316,THR,-0.7,116.1,0.0,1,1,T,0.8661971830985915,-104.9,-19.3,6.0,7.0,0.46153846153846156,1.8048454880356644,12,32,17,15,0.02144861537761871,0,0,0,0,0,1,0,0,0,23,6,1,0,0,1
1gfi,A,317,LYS,-3.9,168.6,1.0,2,0,-,0.1024390243902439,-125.3,131.6,18.0,5.0,0.782608695652174,1.9545102413682365,24,26,23,3,0.032639197313767604,0,0,0,0,0,0,0,0,0,23,6,1,0,0,1
1gfi,A,318,GLU,-3.5,138.4,-1.0,1,3,-,0.5618556701030928,-99.0,135.9,6.0,18.0,0.25,1.7657309280772775,19,20,11,9,0.03170664881908853,0,0,0,0,0,0,0,0,0,14,17,10,0,2,1
1gfi,A,319,ILE,4.5,166.7,0.0,0,0,E,0.08875739644970414,-113.6,128.0,20.0,15.0,0.5714285714285714,2.09353790046441,30,26,22,4,0.040565859518539735,0,0,1,0,0,0,0,0,0,14,17,10,0,2,1
1gfi,A,320,TYR,-1.3,193.6,0.0,1,1,E,0.3153153153153153,-102.9,96.9,15.0,17.0,0.46875,2.1869669095166286,24,16,15,1,0.0363693912924839,0,0,1,0,0,0,0,0,0,14,17,10,0,2,1
1gfi,A,321,THR,-0.7,116.1,0.0,1,1,E,0.18309859154929578,-93.4,140.4,11.0,19.0,0.36666666666666664,1.8949723528948061,26,10,15,-5,0.04103213376587927,0,0,1,0,0,0,0,0,0,-1,0,0,0,0,0
1gfi,A,322,HIS,-3.2,153.2,0.1,2,1,E,0.2608695652173913,-143.5,139.7,18.0,14.0,0.5625,2.2028598758226403,28,3,4,-1,0.03870076252918159,0,0,1,0,0,0,0,0,0,-1,0,0,0,0,0
1gfi,A,323,PHE,2.8,189.9,0.0,0,0,E,0.24873096446700507,-95.2,131.9,12.0,22.0,0.35294117647058826,1.8903216552187083,27,23,7,16,0.04103213376587927,0,0,1,0,0,0,0,0,0,-1,0,0,0,0,0
1gfi,A,324,THR,-0.7,116.1,0.0,1,1,-,0.0,-137.9,165.6,26.0,11.0,0.7027027027027027,3.760792578399556,36,29,15,14,0.04616115048661418,0,0,0,0,0,0,0,0,0,-1,0,0,0,0,0
1gfi,A,325,CYS,2.5,108.5,0.0,1,0,-,0.07407407407407407,-131.5,96.5,11.0,25.0,0.3055555555555556,2.3692422955110097,32,30,17,13,0.040565859518539735,0,0,0,0,0,0,0,0,0,-1,0,0,0,0,0
1gfi,A,326,ALA,1.8,88.6,0.0,0,0,T,0.05660377358490566,-57.7,-26.2,20.0,19.0,0.5128205128205128,2.3923647447379275,36,44,15,29,0.04709369898129325,0,0,0,0,0,1,0,0,0,-1,0,0,0,0,0
1gfi,A,327,THR,-0.7,116.1,0.0,1,1,T,0.176056338028169,-82.0,-12.8,16.0,20.0,0.4444444444444444,1.9047900257009684,30,32,21,11,0.040099585271200194,0,0,0,0,0,1,0,0,0,24,0,10,0,0,1
1gfi,A,328,ASP,-3.5,111.1,-1.0,1,3,-,0.43558282208588955,-92.6,110.5,12.0,18.0,0.4,1.9965229807993785,23,20,6,14,0.034970568550465285,0,0,0,0,0,0,0,0,0,24,0,10,0,0,1
1gfi,A,329,THR,-0.7,116.1,0.0,1,1,H,0.28169014084507044,-60.8,-43.2,12.0,16.0,0.42857142857142855,2.0681483010909143,23,17,8,9,0.03823448828184205,1,0,0,0,0,0,0,0,0,24,0,10,0,0,1
1gfi,A,330,LYS,-3.9,168.6,1.0,2,0,H,0.7170731707317073,-64.9,-37.9,0.0,19.0,0.0,2.0026592528616898,13,2,8,-6,0.032172923066428064,1,0,0,0,0,0,0,0,0,24,0,10,0,0,1
1gfi,A,331,ASN,-3.5,114.1,0.0,2,2,H,0.17834394904458598,-64.7,-48.5,13.0,11.0,0.5416666666666666,2.192646560476351,24,24,13,11,0.04103213376587927,1,0,0,0,0,0,0,0,0,18,24,1,0,0,1
1gfi,A,332,VAL,4.2,140.0,0.0,0,0,H,0.028169014084507043,-65.8,-32.7,18.0,13.0,0.5806451612903226,4.471953037181577,34,24,13,11,0.05035761871267001,1,0,0,0,0,0,0,0,0,5,245,7,0,19,1
1gfi,A,333,GLN,-3.5,143.8,0.0,2,2,H,0.4595959595959596,-65.5,-48.6,7.0,19.0,0.2692307692307692,2.039407362353904,19,19,14,5,0.045228601991935104,1,0,0,0,0,0,0,0,0,15,24,5,0,1,1
1gfi,A,334,PHE,2.8,189.9,0.0,0,0,H,0.6598984771573604,-66.6,-37.2,7.0,13.0,0.35,1.8678218890331098,16,13,12,1,0.03310547156110714,1,0,0,0,0,0,0,0,0,18,24,1,0,0,1
1gfi,A,335,VAL,4.2,140.0,0.0,0,0,H,0.1056338028169014,-71.9,-36.8,21.0,10.0,0.6774193548387096,2.485736243106681,31,19,13,6,0.04103213376587927,1,0,0,0,0,0,0,0,0,5,245,7,0,19,1
1gfi,A,336,PHE,2.8,189.9,0.0,0,0,H,0.025380710659898477,-73.0,-34.1,16.0,18.0,0.47058823529411764,2.999507396049053,35,21,15,6,0.04149840801321881,1,0,0,0,0,0,0,0,0,5,245,7,0,19,1
1gfi,A,337,ASP,-3.5,111.1,-1.0,1,3,H,0.38650306748466257,-60.9,-43.4,8.0,13.0,0.38095238095238093,1.892765199556644,21,17,8,9,0.03963331102386066,1,0,0,0,0,0,0,0,0,5,245,7,0,19,1
1gfi,A,338,ALA,1.8,88.6,0.0,0,0,H,0.36792452830188677,-67.3,-38.9,9.0,10.0,0.47368421052631576,1.8463704062259356,22,14,16,-2,0.03450429430312575,1,0,0,0,0,0,0,0,0,5,245,7,0,19,1
1gfi,A,339,VAL,4.2,140.0,0.0,0,0,H,0.014084507042253521,-64.1,-35.7,19.0,8.0,0.7037037037037037,3.681310366518121,33,13,16,-3,0.04243095650789788,1,0,0,0,0,0,0,0,0,5,245,7,0,19,1
1gfi,A,340,THR,-0.7,116.1,0.0,1,1,H,0.007042253521126761,-69.2,-36.3,13.0,15.0,0.4642857142857143,4.503150319392243,30,24,17,7,0.04429605349725603,1,0,0,0,0,0,0,0,0,13,24,7,0,2,1
1gfi,A,341,ASP,-3.5,111.1,-1.0,1,3,H,0.36809815950920244,-63.2,-38.1,4.0,12.0,0.25,2.012767272040963,18,18,8,10,0.03403802005578621,1,0,0,0,0,0,0,0,0,5,245,7,0,19,1
1gfi,A,342,VAL,4.2,140.0,0.0,0,0,H,0.29577464788732394,-61.0,-44.9,15.0,5.0,0.75,1.996154391757181,23,14,18,-4,0.03403802005578621,1,0,0,0,0,0,0,0,0,14,17,10,0,2,1
1gfi,A,343,ILE,4.5,166.7,0.0,0,0,H,0.16568047337278108,-65.0,-35.3,20.0,7.0,0.7407407407407407,2.196871131426588,28,16,14,2,0.034970568550465285,1,0,0,0,0,0,0,0,0,13,24,7,0,2,1
1gfi,A,344,ILE,4.5,166.7,0.0,0,0,H,0.4437869822485207,-71.9,-3.1,9.0,8.0,0.5294117647058824,1.9940235923884286,17,18,12,6,0.025178809356335007,1,0,0,0,0,0,0,0,0,13,24,7,0,2,1
1gfi,A,345,LYS,-3.9,168.6,1.0,2,0,-,0.9463414634146341,-108.2,360.0,5.0,4.0,0.5555555555555556,1.9129113116802812,10,0,8,-8,0.017718421398902413,0,0,0,0,0,0,0,0,0,-1,0,0,0,0,0
1b4p,A,1,PRO,-1.6,112.7,0.0,0,0,-,0.75,360.0,168.2,9.0,7.0,0.5625,1.8339442994678945,14,1,19,-18,0.025645083603674543,0,0,0,0,0,0,0,0,0,-1,0,0,0,0,0
1b4p,A,2,MET,1.9,162.9,0.0,0,0,E,0.047872340425531915,-79.3,150.5,16.0,8.0,0.6666666666666666,2.5641606462157447,26,12,24,-12,0.04149840801321881,0,0,1,0,0,0,0,0,0,17,1,9,0,0,1
1b4p,A,3,ILE,4.5,166.7,0.0,0,0,E,0.2781065088757396,-114.0,123.2,13.0,15.0,0.4642857142857143,3.0025512922151427,26,20,27,-7,0.04476232774459557,0,0,1,0,0,0,0,0,0,-1,0,0,0,0,0
1b4p,A,4,LEU,3.8,166.7,0.0,0,0,E,0.0,-102.2,126.5,18.0,19.0,0.4864864864864865,5.264449653570905,31,28,21,7,0.04989134446533048,0,0,1,0,0,0,0,0,0,-1,0,0,0,0,0
1b4p,A,5,GLY,-0.4,60.1,0.0,0,0,E,0.0,-121.1,140.1,19.0,19.0,0.5,5.34701998081267,32,28,18,10,0.053621538444046775,0,0,1,0,0,0,0,0,0,-1,0,0,0,0,0
1b4p,A,6,TYR,-1.3,193.6,0.0,1,1,E,0.0945945945945946,-175.0,164.2,20.0,16.0,0.5555555555555556,3.6961062842181924,31,34,7,27,0.05781800667010261,0,0,1,0,0,0,0,0,0,-1,0,0,0,0,0
1b4p,A,7,TRP,-0.9,227.8,0.0,1,0,E,0.14977973568281938,-62.2,162.2,19.0,15.0,0.5588235294117647,2.4874003170884937,35,34,3,31,0.04662742473395372,0,0,1,0,0,0,0,0,0,-1,0,0,0,0,0
1b4p,A,8,ASN,-3.5,114.1,0.0,2,2,S,0.535031847133758,-84.5,57.9,11.0,23.0,0.3235294117647059,1.7922353089724261,28,42,7,35,0.03916703677652112,0,0,0,0,0,0,1,0,0,-1,0,0,0,0,0
1b4p,A,9,VAL,4.2,140.0,0.0,0,0,S,0.11971830985915492,-151.4,165.3,14.0,16.0,0.4666666666666667,3.183757209781526,30,51,2,49,0.04755997322863279,0,0,0,0,0,0,1,0,0,-1,0,0,0,0,0
1b4p,A,10,ARG,-4.5,173.4,1.0,5,0,-,0.0,-69.3,-51.5,17.0,16.0,0.5151515151515151,3.821413364053619,34,37,16,21,0.05035761871267001,0,0,0,0,0,0,0,0,0,-1,0,0,0,0,0
1b4p,A,11,GLY,-0.4,60.1,0.0,0,0,T,0.16666666666666666,47.5,-124.2,13.0,23.0,0.3611111111111111,1.987928685018903,32,45,7,38,0.04429605349725603,0,0,0,0,0,1,0,0,0,-1,0,0,0,0,0
1b4p,A,12,LEU,3.8,166.7,0.0,0,0,T,0.32926829268292684,-110.3,18.2,16.0,24.0,0.4,2.342710509449216,32,34,7,27,0.03870076252918159,0,0,0,0,0,1,0,0,0,9,16,10,0,1,1
1b4p,A,13,THR,-0.7,116.1,0.0,1,1,T,0.0,-103.3,-3.3,22.0,19.0,0.5365853658536586,5.503334166119986,39,42,10,32,0.048026247475972325,0,0,0,0,0,1,0,0,0,-1,0,0,0,0,0
1b4p,A,14,HIS,-3.2,153.2,0.1,2,1,H,0.0,-55.0,-44.3,22.0,19.0,0.5365853658536586,4.391961569458465,40,37,22,15,0.04709369898129325,1,0,0,0,0,0,0,0,0,-1,0,0,0,0,0
1b4p,A,15,PRO,-1.6,112.7,0.0,0,0,H,0.007352941176470588,-61.0,-35.0,24.0,16.0,0.6,7.003293796980904,38,37,15,22,0.050823892960009553,1,0,0,0,0,0,0,0,0,-1,0,0,0,0,0
1b4p,A,16,ILE,4.5,166.7,0.0,0,0,H,0.005917159763313609,-70.5,-46.8,23.0,19.0,0.5476190476190477,7.5148384699931805,40,28,13,15,0.04755997322863279,1,0,0,0,0,0,0,0,0,-1,0,0,0,0,0
1b4p,A,17,ARG,-4.5,173.4,1.0,5,0,H,0.0,-53.3,-45.2,19.0,27.0,0.41304347826086957,5.490404276657981,36,39,22,17,0.04709369898129325,1,0,0,0,0,0,0,0,0,-1,0,0,0,0,0
1b4p,A,18,LEU,3.8,166.7,0.0,0,0,H,0.006097560975609756,-61.9,-45.2,22.0,18.0,0.55,5.710260051395685,36,35,22,13,0.053621538444046775,1,0,0,0,0,0,0,0,0,-1,0,0,0,0,0
1b4p,A,19,LEU,3.8,166.7,0.0,0,0,H,0.0,-66.3,-42.9,25.0,15.0,0.625,5.780438973158447,39,30,19,11,0.04989134446533048,1,0,0,0,0,0,0,0,0,-1,0,0,0,0,0
1b4p,A,20,LEU,3.8,166.7,0.0,0,0,H,0.0,-52.4,-40.3,17.0,18.0,0.4857142857142857,3.8090504641973335,33,26,28,-2,0.04662742473395372,1,0,0,0,0,0,0,0,0,10,57,2,0,1,1
1b4p,A,21,GLU,-3.5,138.4,-1.0,1,3,H,0.09278350515463918,-66.3,-52.0,17.0,10.0,0.6296296296296297,1.9803235229869953,31,32,18,14,0.04942507021799094,1,0,0,0,0,0,0,0,0,10,57,2,0,1,1
1b4p,A,22,TYR,-1.3,193.6,0.0,1,1,H,0.3108108108108108,-54.1,-45.6,19.0,12.0,0.6129032258064516,2.243582009388367,27,26,17,9,0.043829779249916496,1,0,0,0,0,0,0,0,0,10,57,2,0,1,1
1b4p,A,23,THR,-0.7,116.1,0.0,1,1,T,0.15492957746478872,-81.0,-4.6,19.0,9.0,0.6785714285714286,2.1298231252299593,22,33,17,16,0.0363693912924839,0,0,0,0,0,1,0,0,0,10,57,2,0,1,1
1b4p,A,24,ASP,-3.5,111.1,-1.0,1,3,T,0.6625766871165644,66.9,28.7,3.0,17.0,0.15,1.7556938042105232,15,19,9,10,0.02984155182973038,0,0,0,0,0,1,0,0,0,10,57,2,0,1,1
1b4p,A,25,SER,-0.8,89.0,0.0,1,1,-,0.13076923076923078,-72.2,144.5,19.0,3.0,0.8636363636363636,1.837371215621556,23,20,24,-4,0.03357174580844668,0,0,0,0,0,0,0,0,0,17,1,9,0,0,1
1b4p,A,26,SER,-0.8,89.0,0.0,1,1,-,0.6307692307692307,-86.8,117.4,2.0,16.0,0.1111111111111111,1.8250132770010519,18,6,29,-23,0.02611135785101408,0,0,0,0,0,0,0,0,0,10,57,2,0,1,1
1b4p,A,27,TYR,-1.3,193.6,0.0,1,1,E,0.20270270270270271,-147.3,161.9,19.0,4.0,0.8260869565217391,2.0132820091725154,25,23,33,-10,0.034970568550465285,0,0,1,0,0,0,0,0,0,-1,0,0,0,0,0
1b4p,A,28,GLU,-3.5,138.4,-1.0,1,3,E,0.5360824742268041,-129.3,144.9,2.0,17.0,0.10526315789473684,2.0004784177058093,15,10,9,1,0.03124037457174899,0,0,1,0,0,0,0,0,0,-1,0,0,0,0,0
1b4p,A,29,GLU,-3.5,138.4,-1.0,1,3,E,0.2422680412371134,-112.1,136.3,13.0,12.0,0.52,1.948205989033248,27,38,12,26,0.0363693912924839,0,0,1,0,0,0,0,0,0,-1,0,0,0,0,0
1b4p,A,30,LYS,-3.9,168.6,1.0,2,0,E,0.36097560975609755,-108.3,123.8,13.0,11.0,0.5416666666666666,2.207173228313138,20,11,23,-12,0.03776821403450251,0,0,1,0,0,0,0,0,0,5,134,7,0,9,1
1b4p,A,31,ARG,-4.5,173.4,1.0,5,0,E,0.28225806451612906,-116.5,112.3,8.0,16.0,0.3333333333333333,1.8817406246004418,25,25,13,12,0.040099585271200194,0,0,1,0,0,0,0,0,0,-1,0,0,0,0,0
1b4p,A,32,TYR,-1.3,193.6,0.0,1,1,E,0.0045045045045045045,-84.2,146.1,19.0,7.0,0.7307692307692307,2.872550923728605,27,29,15,14,0.04196468226055834,0,0,1,0,0,0,0,0,0,5,134,7,0,9,1
1b4p,A,33,ALA,1.8,88.6,0.0,0,0,-,0.5377358490566038,-88.7,157.2,5.0,16.0,0.23809523809523808,1.767529571555564,20,28,13,15,0.03450429430312575,0,0,0,0,0,0,0,0,0,-1,0,0,0,0,0
1b4p,A,34,MET,1.9,162.9,0.0,0,0,-,0.15425531914893617,-123.9,130.2,15.0,10.0,0.6,1.9353756915915756,27,27,21,6,0.04149840801321881,0,0,0,0,0,0,0,0,0,2,525,3,0,22,1
1b4p,A,35,GLY,-0.4,60.1,0.0,0,0,-,0.2261904761904762,-53.6,151.6,9.0,10.0,0.47368421052631576,2.2601056620748263,18,23,24,-1,0.03310547156110714,0,0,0,0,0,0,0,0,0,2,525,3,0,22,1
1b4p,A,36,ASP,-3.5,111.1,-1.0,1,3,-,0.5030674846625767,-84.2,-175.5,1.0,15.0,0.0625,1.6778605054986242,14,19,16,3,0.03170664881908853,0,0,0,0,0,0,0,0,0,2,525,3,0,22,1
1b4p,A,37,ALA,1.8,88.6,0.0,0,0,T,0.6886792452830188,-69.8,158.6,6.0,7.0,0.46153846153846156,1.7675611894040941,10,14,22,-8,0.025645083603674543,0,0,0,0,0,1,0,0,0,2,525,3,0,22,1
1b4p,A,38,PRO,-1.6,112.7,0.0,0,0,T,0.7720588235294118,-100.3,-9.5,0.0,10.0,0.0,1.8512118765913723,8,2,21,-19,0.018650969893581486,0,0,0,0,0,1,0,0,0,-1,0,0,0,0,0
1b4p,A,39,ASP,-3.5,111.1,-1.0,1,3,T,0.803680981595092,-92.9,0.6,1.0,10.0,0.09090909090909091,1.722245703538663,11,7,14,-7,0.022381163872297785,0,0,0,0,0,1,0,0,0,-1,0,0,0,0,0
1b4p,A,40,TYR,-1.3,193.6,0.0,1,1,-,0.3333333333333333,40.2,45.3,5.0,12.0,0.29411764705882354,2.036844180730848,18,20,24,-4,0.03730193978716297,0,0,0,0,0,0,0,0,0,2,525,3,0,22,1
1b4p,A,41,ASP,-3.5,111.1,-1.0,1,3,-,0.4662576687116564,-37.4,128.4,6.0,12.0,0.3333333333333333,1.7094355290227736,18,15,15,0,0.030307826077069916,0,0,0,0,0,0,0,0,0,2,525,3,0,22,1
1b4p,A,42,ARG,-4.5,173.4,1.0,5,0,-,0.4112903225806452,-116.8,14.6,9.0,14.0,0.391304347826087,1.9972214979148737,18,7,13,-6,0.03916703677652112,0,0,0,0,0,0,0,0,0,-1,0,0,0,0,0
1b4p,A,43,SER,-0.8,89.0,0.0,1,1,H,0.3769230769230769,-44.7,-48.2,4.0,11.0,0.26666666666666666,1.8191551809846516,16,16,18,-2,0.02844272908771177,1,0,0,0,0,0,0,0,0,-1,0,0,0,0,0
1b4p,A,44,GLN,-3.5,143.8,0.0,2,2,H,0.3939393939393939,-48.0,-43.6,13.0,6.0,0.6842105263157895,1.8073613679519154,20,24,17,7,0.03916703677652112,1,0,0,0,0,0,0,0,0,5,134,7,0,9,1
1b4p,A,45,TRP,-0.9,227.8,0.0,1,0,H,0.013215859030837005,-83.6,-49.1,18.0,9.0,0.6666666666666666,3.3604869127043244,26,36,11,25,0.048958795970651406,1,0,0,0,0,0,0,0,0,5,134,7,0,9,1
1b4p,A,46,LEU,3.8,166.7,0.0,0,0,H,0.4634146341463415,-54.1,-31.0,4.0,14.0,0.2222222222222222,2.1150294337192665,18,26,16,10,0.03776821403450251,1,0,0,0,0,0,0,0,0,18,6,1,0,0,1
1b4p,A,47,ASN,-3.5,114.1,0.0,2,2,H,0.6751592356687898,-59.4,-40.0,4.0,9.0,0.3076923076923077,1.7882644498341689,13,22,12,10,0.032172923066428064,1,0,0,0,0,0,0,0,0,18,6,1,0,0,1
1b4p,A,48,GLU,-3.5,138.4,-1.0,1,3,H,0.2268041237113402,-105.7,-4.6,9.0,9.0,0.5,2.020107839625766,20,24,0,24,0.03823448828184205,1,0,0,0,0,0,0,0,0,18,6,1,0,0,1
1b4p,A,49,LYS,-3.9,168.6,1.0,2,0,H,0.23414634146341465,-46.7,-38.2,11.0,12.0,0.4782608695652174,2.328756470243183,21,18,12,6,0.045228601991935104,1,0,0,0,0,0,0,0,0,18,6,1,0,0,1
1b4p,A,50,PHE,2.8,189.9,0.0,0,0,T,0.8121827411167513,-103.5,6.3,0.0,13.0,0.0,1.8068628406714036,13,18,10,8,0.03310547156110714,0,0,0,0,0,1,0,0,0,-1,0,0,0,0,0
1b4p,A,51,LYS,-3.9,168.6,1.0,2,0,T,0.7902439024390244,-103.9,2.1,4.0,9.0,0.3076923076923077,1.9388152584481615,14,8,9,-1,0.02471253510899547,0,0,0,0,0,1,0,0,0,18,6,1,0,0,1
1b4p,A,52,LEU,3.8,166.7,0.0,0,0,S,0.18292682926829268,-95.8,-2.1,20.0,4.0,0.8333333333333334,2.2544865258665503,25,29,12,17,0.030307826077069916,0,0,0,0,0,0,1,0,0,5,134,7,0,9,1
1b4p,A,53,GLY,-0.4,60.1,0.0,0,0,-,0.6547619047619048,73.0,29.2,6.0,13.0,0.3157894736842105,1.7097453652754302,20,25,12,13,0.02471253510899547,0,0,0,0,0,0,0,0,0,7,150,2,0,4,1
1b4p,A,54,LEU,3.8,166.7,0.0,0,0,-,0.0975609756097561,-88.3,146.6,17.0,6.0,0.7391304347826086,2.172694452299347,23,26,12,14,0.03730193978716297,0,0,0,0,0,0,0,0,0,7,150,2,0,4,1
1b4p,A,55,ASP,-3.5,111.1,-1.0,1,3,S,0.852760736196319,-69.1,-47.1,5.0,12.0,0.29411764705882354,1.7179586788118175,14,10,0,10,0.022847438119637322,0,0,0,0,0,0,1,0,0,7,150,2,0,4,1
1b4p,A,56,PHE,2.8,189.9,0.0,0,0,S,0.8020304568527918,-125.9,94.5,4.0,12.0,0.25,1.894305663698944,12,4,8,-4,0.02797645484037223,0,0,0,0,0,0,1,0,0,7,150,2,0,4,1
1b4p,A,57,PRO,-1.6,112.7,0.0,0,0,-,0.19117647058823528,-57.6,134.7,9.0,15.0,0.375,2.053592140285417,20,16,11,5,0.040565859518539735,0,0,0,0,0,0,0,0,0,7,150,2,0,4,1
1b4p,A,58,ASN,-3.5,114.1,0.0,2,2,-,0.46496815286624205,-168.7,173.8,11.0,15.0,0.4230769230769231,2.1606190322096577,25,13,4,9,0.03730193978716297,0,0,0,0,0,0,0,0,0,6,63,9,0,6,1
1b4p,A,59,LEU,3.8,166.7,0.0,0,0,S,0.10975609756097561,-128.4,130.5,16.0,19.0,0.45714285714285713,2.152648308601157,33,21,1,20,0.04476232774459557,0,0,0,0,0,0,1,0,0,-1,0,0,0,0,0
1b4p,A,60,PRO,-1.6,112.7,0.0,0,0,S,0.022058823529411766,-74.2,164.9,22.0,16.0,0.5789473684210527,2.6904595826087543,35,11,1,10,0.04989134446533048,0,0,0,0,0,0,1,0,0,6,63,9,0,6,1
1b4p,A,61,TYR,-1.3,193.6,0.0,1,1,E,0.02252252252252252,-134.4,149.7,17.0,22.0,0.4358974358974359,3.863964954471525,35,29,19,10,0.05222271570202816,0,0,1,0,0,0,0,0,0,5,134,7,0,9,1
1b4p,A,62,LEU,3.8,166.7,0.0,0,0,E,0.0,-125.6,132.3,19.0,21.0,0.475,5.775088985997873,34,18,13,5,0.04942507021799094,0,0,1,0,0,0,0,0,0,-1,0,0,0,0,0
1b4p,A,63,ILE,4.5,166.7,0.0,0,0,E,0.1242603550295858,-114.4,116.6,15.0,15.0,0.5,2.766798194910858,25,18,17,1,0.043829779249916496,0,0,1,0,0,0,0,0,0,-1,0,0,0,0,0
1b4p,A,64,ASP,-3.5,111.1,-1.0,1,3,E,0.20245398773006135,-125.4,78.5,10.0,13.0,0.43478260869565216,1.9575774266084558,20,25,0,25,0.03823448828184205,0,0,1,0,0,0,0,0,0,17,1,9,0,0,1
1b4p,A,65,GLY,-0.4,60.1,0.0,0,0,T,0.6785714285714286,67.5,-117.2,2.0,12.0,0.14285714285714285,1.7095113916116627,13,21,8,13,0.024246260861655933,0,0,0,0,0,1,0,0,0,-1,0,0,0,0,0
1b4p,A,66,SER,-0.8,89.0,0.0,1,1,T,0.8769230769230769,-75.5,-21.7,0.0,13.0,0.0,1.7395641528198,11,20,8,12,0.020516066882939634,0,0,0,0,0,1,0,0,0,15,24,1,0,0,1
1b4p,A,67,ARG,-4.5,173.4,1.0,5,0,E,0.6048387096774194,-88.8,132.7,10.0,10.0,0.5,2.0891306910457286,13,17,9,8,0.02984155182973038,0,0,1,0,0,0,0,0,0,15,24,1,0,0,1
1b4p,A,68,LYS,-3.9,168.6,1.0,2,0,E,0.40487804878048783,-128.4,118.0,9.0,17.0,0.34615384615384615,1.909503344758862,19,10,15,-5,0.03963331102386066,0,0,1,0,0,0,0,0,0,7,150,2,0,4,1
1b4p,A,69,ILE,4.5,166.7,0.0,0,0,E,0.15976331360946747,-123.9,138.4,17.0,14.0,0.5483870967741935,2.1637605530315245,32,24,15,9,0.04243095650789788,0,0,1,0,0,0,0,0,0,-1,0,0,0,0,0
1b4p,A,70,THR,-0.7,116.1,0.0,1,1,E,0.11971830985915492,-124.2,172.7,12.0,19.0,0.3870967741935484,1.962284451602894,26,9,8,1,0.04476232774459557,0,0,1,0,0,0,0,0,0,7,150,2,0,4,1
1b4p,A,71,GLN,-3.5,143.8,0.0,2,2,S,0.5757575757575758,81.4,115.9,6.0,19.0,0.24,1.9842853386555959,22,8,1,7,0.03590311704514436,0,0,0,0,0,0,1,0,0,9,16,10,0,1,1
1b4p,A,72,SER,-0.8,89.0,0.0,1,1,H,0.06923076923076923,-49.4,-46.4,17.0,15.0,0.53125,2.3902075258712325,32,19,8,11,0.04103213376587927,1,0,0,0,0,0,0,0,0,9,16,10,0,1,1
1b4p,A,73,ASN,-3.5,114.1,0.0,2,2,H,0.14012738853503184,-59.1,-41.9,9.0,23.0,0.28125,2.2952183403687614,29,16,12,4,0.03823448828184205,1,0,0,0,0,0,0,0,0,9,16,10,0,1,1
1b4p,A,74,ALA,1.8,88.6,0.0,0,0,H,0.3584905660377358,-62.2,-38.6,8.0,14.0,0.36363636363636365,1.8482064620625476,22,21,5,16,0.03683566553982344,1,0,0,0,0,0,0,0,0,6,63,9,0,6,1
1b4p,A,75,ILE,4.5,166.7,0.0,0,0,H,0.0,-66.2,-45.5,24.0,11.0,0.6857142857142857,4.35505231256484,34,22,3,19,0.04616115048661418,1,0,0,0,0,0,0,0,0,-1,0,0,0,0,0
1b4p,A,76,MET,1.9,162.9,0.0,0,0,H,0.005319148936170213,-58.6,-39.5,19.0,20.0,0.48717948717948717,5.744264777491353,39,31,10,21,0.048026247475972325,1,0,0,0,0,0,0,0,0,-1,0,0,0,0,0
1b4p,A,77,ARG,-4.5,173.4,1.0,5,0,H,0.4274193548387097,-77.5,-31.5,11.0,21.0,0.34375,2.138576519341937,23,11,17,-6,0.04149840801321881,1,0,0,0,0,0,0,0,0,-1,0,0,0,0,0
1b4p,A,78,TYR,-1.3,193.6,0.0,1,1,H,0.0990990990990991,-63.1,-50.4,15.0,12.0,0.5555555555555556,2.21355345649645,27,52,8,44,0.0363693912924839,1,0,0,0,0,0,0,0,0,17,1,9,0,0,1
1b4p,A,79,LEU,3.8,166.7,0.0,0,0,H,0.0,-61.8,-40.6,26.0,10.0,0.7222222222222222,4.8636848476414,32,43,7,36,0.04989134446533048,1,0,0,0,0,0,0,0,0,17,1,9,0,0,1
1b4p,A,80,ALA,1.8,88.6,0.0,0,0,H,0.0,-54.0,-50.5,18.0,11.0,0.6206896551724138,3.353043209438115,27,50,1,49,0.05035761871267001,1,0,0,0,0,0,0,0,0,-1,0,0,0,0,0
1b4p,A,81,ARG,-4.5,173.4,1.0,5,0,H,0.6330645161290323,-62.6,-43.7,4.0,14.0,0.2222222222222222,1.9136706129373948,18,42,0,42,0.035436842797804825,1,0,0,0,0,0,0,0,0,20,0,1,0,0,1
1b4p,A,82,LYS,-3.9,168.6,1.0,2,0,H,0.4682926829268293,-66.4,-28.1,11.0,7.0,0.6111111111111112,1.9116701301830643,22,40,7,33,0.032639197313767604,1,0,0,0,0,0,0,0,0,20,0,1,0,0,1
1b4p,A,83,HIS,-3.2,153.2,0.1,2,1,T,0.33695652173913043,-115.0,12.2,15.0,5.0,0.75,2.025905050851183,22,28,9,19,0.030774100324409453,0,0,0,0,0,1,0,0,0,20,0,1,0,0,1
1b4p,A,84,HIS,-3.2,153.2,0.1,2,1,T,0.8097826086956522,57.9,46.1,2.0,15.0,0.11764705882352941,1.8489274167553424,16,29,7,22,0.02797645484037223,0,0,0,0,0,1,0,0,0,20,0,1,0,0,1
1b4p,A,85,LEU,3.8,166.7,0.0,0,0,-,0.0975609756097561,-109.5,39.6,17.0,11.0,0.6071428571428571,2.7806385413690102,25,48,14,34,0.04429605349725603,0,0,0,0,0,0,0,0,0,20,0,1,0,0,1
1b4p,A,86,CYS,2.5,108.5,0.0,1,0,S,0.3111111111111111,-104.9,164.5,12.0,21.0,0.36363636363636365,2.0067318292005063,27,55,23,32,0.04103213376587927,0,0,0,0,0,0,1,0,0,-1,0,0,0,0,0
1b4p,A,87,GLY,-0.4,60.1,0.0,0,0,-,0.14285714285714285,-65.8,144.7,16.0,15.0,0.5161290322580645,1.943124263617248,23,36,38,-2,0.04429605349725603,0,0,0,0,0,0,0,0,0,13,24,1,0,0,1
1b4p,A,88,GLU,-3.5,138.4,-1.0,1,3,-,0.7061855670103093,-111.4,-13.0,6.0,14.0,0.3,1.7939097979287826,15,28,19,9,0.02611135785101408,0,0,0,0,0,0,0,0,0,13,24,1,0,0,1
1b4p,A,89,THR,-0.7,116.1,0.0,1,1,S,0.5,-122.6,167.3,6.0,8.0,0.42857142857142855,2.2348349438682975,14,22,36,-14,0.02611135785101408,0,0,0,0,0,0,1,0,0,13,24,1,0,0,1
1b4p,A,90,GLU,-3.5,138.4,-1.0,1,3,H,0.5567010309278351,-60.9,-42.4,0.0,13.0,0.0,1.9121493576663602,10,17,29,-12,0.027043906345693154,1,0,0,0,0,0,0,0,0,13,24,1,0,0,1
1b4p,A,91,GLU,-3.5,138.4,-1.0,1,3,H,0.6855670103092784,-61.2,-38.6,4.0,12.0,0.25,1.8280832203881472,16,21,24,-3,0.03124037457174899,1,0,0,0,0,0,0,0,0,16,24,1,0,0,1
1b4p,A,92,GLU,-3.5,138.4,-1.0,1,3,H,0.17525773195876287,-72.0,-37.5,14.0,10.0,0.5833333333333334,2.4130414988451965,24,31,34,-3,0.04289723075523742,1,0,0,0,0,0,0,0,0,16,24,1,0,0,1
1b4p,A,93,ARG,-4.5,173.4,1.0,5,0,H,0.5,-65.3,-42.9,3.0,20.0,0.13043478260869565,2.0003652876008178,15,7,39,-32,0.040099585271200194,1,0,0,0,0,0,0,0,0,-1,0,0,0,0,0
1b4p,A,94,ILE,4.5,166.7,0.0,0,0,H,0.514792899408284,-53.9,-53.9,2.0,17.0,0.10526315789473684,2.073510770036533,17,22,35,-13,0.032639197313767604,1,0,0,0,0,0,0,0,0,-1,0,0,0,0,0
1b4p,A,95,ARG,-4.5,173.4,1.0,5,0,H,0.125,-56.8,-44.5,18.0,10.0,0.6428571428571429,2.368855378696437,28,7,37,-30,0.04196468226055834,1,0,0,0,0,0,0,0,0,16,24,1,0,0,1
1b4p,A,96,VAL,4.2,140.0,0.0,0,0,H,0.028169014084507043,-60.1,-52.9,21.0,16.0,0.5675675675675675,3.0384808361407876,33,29,40,-11,0.05035761871267001,1,0,0,0,0,0,0,0,0,-1,0,0,0,0,0
1b4p,A,97,ASP,-3.5,111.1,-1.0,1,3,H,0.5276073619631901,-58.2,-45.4,5.0,20.0,0.2,1.8535708051052087,24,22,23,-1,0.03590311704514436,1,0,0,0,0,0,0,0,0,-1,0,0,0,0,0
1b4p,A,98,VAL,4.2,140.0,0.0,0,0,H,0.5633802816901409,-59.8,-50.6,9.0,13.0,0.4090909090909091,1.9257437746426522,21,15,25,-10,0.03357174580844668,1,0,0,0,0,0,0,0,0,-1,0,0,0,0,0
1b4p,A,99,LEU,3.8,166.7,0.0,0,0,H,0.03048780487804878,-68.1,-38.0,22.0,11.0,0.6666666666666666,3.071044106601681,32,14,29,-15,0.04429605349725603,1,0,0,0,0,0,0,0,0,-1,0,0,0,0,0
1b4p,A,100,GLU,-3.5,138.4,-1.0,1,3,H,0.005154639175257732,-47.8,-51.7,17.0,17.0,0.5,2.784578123871577,27,19,14,5,0.04709369898129325,1,0,0,0,0,0,0,0,0,9,16,10,0,1,1
1b4p,A,101,ASN,-3.5,114.1,0.0,2,2,H,0.5796178343949044,-68.6,-36.8,5.0,16.0,0.23809523809523808,1.890567882997756,22,12,25,-13,0.03590311704514436,1,0,0,0,0,0,0,0,0,-1,0,0,0,0,0
1b4p,A,102,GLN,-3.5,143.8,0.0,2,2,H,0.41919191919191917,-71.5,-36.4,12.0,11.0,0.5217391304347826,2.1763177512284617,24,19,17,2,0.035436842797804825,1,0,0,0,0,0,0,0,0,-1,0,0,0,0,0
1b4p,A,103,ALA,1.8,88.6,0.0,0,0,H,0.0,-65.7,-35.7,22.0,14.0,0.6111111111111112,4.950149002230065,33,15,30,-15,0.04709369898129325,1,0,0,0,0,0,0,0,0,-1,0,0,0,0,0
1b4p,A,104,MET,1.9,162.9,0.0,0,0,H,0.1702127659574468,-64.8,-51.4,8.0,18.0,0.3076923076923077,2.5057404645008625,27,12,21,-9,0.040099585271200194,1,0,0,0,0,0,0,0,0,9,16,10,0,1,1
1b4p,A,105,ASP,-3.5,111.1,-1.0,1,3,H,0.5521472392638037,-54.3,-43.0,6.0,13.0,0.3157894736842105,1.8277836768575988,20,15,4,11,0.03357174580844668,1,0,0,0,0,0,0,0,0,-1,0,0,0,0,0
1b4p,A,106,THR,-0.7,116.1,0.0,1,1,H,0.007042253521126761,-65.2,-41.0,20.0,11.0,0.6451612903225806,3.0302344732811126,27,28,14,14,0.04429605349725603,1,0,0,0,0,0,0,0,0,14,2,9,0,0,1
1b4p,A,107,ARG,-4.5,173.4,1.0,5,0,H,0.04838709677419355,-63.8,-45.0,20.0,11.0,0.6451612903225806,2.3686526958531826,36,18,20,-2,0.045228601991935104,1,0,0,0,0,0,0,0,0,9,16,10,0,1,1
1b4p,A,108,LEU,3.8,166.7,0.0,0,0,H,0.5792682926829268,-60.6,-40.5,5.0,14.0,0.2631578947368421,1.9300736096248878,22,14,8,6,0.03450429430312575,1,0,0,0,0,0,0,0,0,-1,0,0,0,0,0
1b4p,A,109,GLN,-3.5,143.8,0.0,2,2,H,0.3484848484848485,-66.4,-39.2,12.0,13.0,0.48,1.8975744806304933,23,19,8,11,0.03590311704514436,1,0,0,0,0,0,0,0,0,14,2,9,0,0,1
1b4p,A,110,LEU,3.8,166.7,0.0,0,0,H,0.0,-66.2,-40.1,22.0,17.0,0.5641025641025641,3.5517753635323013,36,32,6,26,0.043829779249916496,1,0,0,0,0,0,0,0,0,14,2,9,0,0,1
1b4p,A,111,ALA,1.8,88.6,0.0,0,0,H,0.16037735849056603,-64.1,-40.6,11.0,21.0,0.34375,2.2095065497952397,28,14,3,11,0.03870076252918159,1,0,0,0,0,0,0,0,0,-1,0,0,0,0,0
1b4p,A,112,MET,1.9,162.9,0.0,0,0,H,0.7180851063829787,-55.9,-47.0,7.0,14.0,0.3333333333333333,1.843974413596377,20,11,5,6,0.03403802005578621,1,0,0,0,0,0,0,0,0,4,282,5,0,17,1
1b4p,A,113,VAL,4.2,140.0,0.0,0,0,H,0.1056338028169014,-65.7,-45.8,14.0,13.0,0.5185185185185185,2.5699878743523685,28,29,18,11,0.045228601991935104,1,0,0,0,0,0,0,0,0,14,2,9,0,0,1
1b4p,A,114,CYS,2.5,108.5,0.0,1,0,H,0.0,-70.2,-26.4,18.0,14.0,0.5625,4.738519002616415,27,17,7,10,0.050823892960009553,1,0,0,0,0,0,0,0,0,4,282,5,0,17,1
1b4p,A,115,TYR,-1.3,193.6,0.0,1,1,H,0.3963963963963964,-90.8,-12.3,10.0,14.0,0.4166666666666667,1.916890242021848,24,7,1,6,0.043363505002576956,1,0,0,0,0,0,0,0,0,4,282,5,0,17,1
1b4p,A,116,SER,-0.8,89.0,0.0,1,1,-,0.19230769230769232,-76.3,138.9,10.0,9.0,0.5263157894736842,2.2997959430106234,18,20,16,4,0.0363693912924839,0,0,0,0,0,0,0,0,0,4,282,5,0,17,1
1b4p,A,117,PRO,-1.6,112.7,0.0,0,0,T,0.7058823529411765,-59.5,-28.8,0.0,16.0,0.0,1.9990077985986336,15,15,15,0,0.025178809356335007,0,0,0,0,0,1,0,0,0,4,282,5,0,17,1
1b4p,A,118,ASP,-3.5,111.1,-1.0,1,3,T,0.5153374233128835,-102.9,50.5,2.0,14.0,0.125,1.8843914322678366,14,23,12,11,0.03124037457174899,0,0,0,0,0,1,0,0,0,4,282,5,0,17,1
1b4p,A,119,PHE,2.8,189.9,0.0,0,0,H,0.06091370558375635,-57.1,-52.8,10.0,11.0,0.47619047619047616,2.442667019652298,23,26,20,6,0.04755997322863279,1,0,0,0,0,0,0,0,0,4,282,5,0,17,1
1b4p,A,120,GLU,-3.5,138.4,-1.0,1,3,H,0.7989690721649485,-54.3,-29.6,0.0,16.0,0.0,1.7084481296403091,14,29,10,19,0.02984155182973038,1,0,0,0,0,0,0,0,0,-1,0,0,0,0,0
1b4p,A,121,ARG,-4.5,173.4,1.0,5,0,H,0.6451612903225806,-82.5,-45.8,3.0,12.0,0.2,1.8730222293837093,10,15,24,-9,0.03124037457174899,1,0,0,0,0,0,0,0,0,-1,0,0,0,0,0
1b4p,A,122,LYS,-3.9,168.6,1.0,2,0,H,0.3804878048780488,-68.8,-39.3,13.0,9.0,0.5909090909090909,2.143509566179679,19,18,28,-10,0.03870076252918159,1,0,0,0,0,0,0,0,0,-1,0,0,0,0,0
1b4p,A,123,LYS,-3.9,168.6,1.0,2,0,H,0.2146341463414634,-41.7,-55.1,10.0,15.0,0.4,2.448954212402135,21,17,32,-15,0.04289723075523742,1,0,0,0,0,0,0,0,0,0,848,7,0,82,1
1b4p,A,124,PRO,-1.6,112.7,0.0,0,0,H,0.5073529411764706,-56.0,-43.6,3.0,13.0,0.1875,1.9279565686455344,15,26,29,-3,0.03124037457174899,1,0,0,0,0,0,0,0,0,11,29,3,0,1,1
1b4p,A,125,GLU,-3.5,138.4,-1.0,1,3,H,0.5773195876288659,-70.3,-32.6,7.0,9.0,0.4375,1.7298095413774084,16,24,15,9,0.03124037457174899,1,0,0,0,0,0,0,0,0,11,29,3,0,1,1
1b4p,A,126,TYR,-1.3,193.6,0.0,1,1,H,0.08108108108108109,-67.7,-46.6,15.0,9.0,0.625,2.522943932742281,28,39,25,14,0.03916703677652112,1,0,0,0,0,0,0,0,0,14,2,9,0,0,1
1b4p,A,127,LEU,3.8,166.7,0.0,0,0,H,0.2621951219512195,-59.7,-36.4,12.0,13.0,0.48,2.17246420016502,23,35,30,5,0.03683566553982344,1,0,0,0,0,0,0,0,0,11,29,3,0,1,1
1b4p,A,128,GLU,-3.5,138.4,-1.0,1,3,H,0.8247422680412371,-56.0,-35.2,6.0,9.0,0.4,1.7085377023495796,12,11,16,-5,0.02797645484037223,1,0,0,0,0,0,0,0,0,11,29,3,0,1,1
1b4p,A,129,GLY,-0.4,60.1,0.0,0,0,H,0.2976190476190476,-94.0,-2.5,8.0,10.0,0.4444444444444444,1.8511718954046372,21,18,25,-7,0.032639197313767604,1,0,0,0,0,0,0,0,0,11,29,3,0,1,1
1b4p,A,130,LEU,3.8,166.7,0.0,0,0,H,0.042682926829268296,-63.2,-42.7,18.0,9.0,0.6666666666666666,2.224868749083416,28,36,28,8,0.03776821403450251,1,0,0,0,0,0,0,0,0,11,29,3,0,1,1
1b4p,A,131,PRO,-1.6,112.7,0.0,0,0,H,0.5294117647058824,-54.9,-36.3,3.0,19.0,0.13636363636363635,1.8338338265356249,21,23,18,5,0.032172923066428064,1,0,0,0,0,0,0,0,0,11,29,3,0,1,1
1b4p,A,132,GLU,-3.5,138.4,-1.0,1,3,H,0.5824742268041238,-69.2,-42.2,4.0,14.0,0.2222222222222222,1.7734163815297779,14,18,8,10,0.029375277582390842,1,0,0,0,0,0,0,0,0,11,29,3,0,1,1
1b4p,A,133,LYS,-3.9,168.6,1.0,2,0,H,0.2048780487804878,-62.5,-42.6,17.0,11.0,0.6071428571428571,1.9853967303628275,26,15,18,-3,0.03776821403450251,1,0,0,0,0,0,0,0,0,14,2,9,0,0,1
1b4p,A,134,MET,1.9,162.9,0.0,0,0,H,0.005319148936170213,-67.2,-40.9,18.0,13.0,0.5806451612903226,3.459715168068049,32,31,17,14,0.043363505002576956,1,0,0,0,0,0,0,0,0,-1,0,0,0,0,0
1b4p,A,135,LYS,-3.9,168.6,1.0,2,0,H,0.5658536585365853,-57.0,-42.0,4.0,17.0,0.19047619047619047,2.3636560303115717,18,6,18,-12,0.03730193978716297,1,0,0,0,0,0,0,0,0,19,1,3,0,0,1
1b4p,A,136,LEU,3.8,166.7,0.0,0,0,H,0.774390243902439,-69.7,-44.9,9.0,11.0,0.45,1.9076166528131946,20,17,18,-1,0.03357174580844668,1,0,0,0,0,0,0,0,0,-1,0,0,0,0,0
1b4p,A,137,TYR,-1.3,193.6,0.0,1,1,H,0.04954954954954955,-58.9,-43.9,21.0,11.0,0.65625,2.1946564089029925,35,22,11,11,0.045228601991935104,1,0,0,0,0,0,0,0,0,-1,0,0,0,0,0
1b4p,A,138,SER,-0.8,89.0,0.0,1,1,H,0.13076923076923078,-64.2,-41.7,17.0,13.0,0.5666666666666667,2.2745557314711733,27,20,11,9,0.045228601991935104,1,0,0,0,0,0,0,0,0,-1,0,0,0,0,0
1b4p,A,139,GLU,-3.5,138.4,-1.0,1,3,H,0.6597938144329897,-68.9,-36.3,6.0,12.0,0.3333333333333333,1.7572047850069985,17,17,2,15,0.03170664881908853,1,0,0,0,0,0,0,0,0,19,1,3,0,0,1
1b4p,A,140,PHE,2.8,189.9,0.0,0,0,H,0.3248730964467005,-60.6,-46.5,14.0,11.0,0.56,1.8598341607448114,27,16,14,2,0.03683566553982344,1,0,0,0,0,0,0,0,0,-1,0,0,0,0,0
1b4p,A,141,LEU,3.8,166.7,0.0,0,0,H,0.006097560975609756,-64.8,-43.7,19.0,11.0,0.6333333333333333,2.518724112480876,30,24,17,7,0.045228601991935104,1,0,0,0,0,0,0,0,0,8,44,6,0,3,1
1b4p,A,142,GLY,-0.4,60.1,0.0,0,0,T,0.39285714285714285,65.0,-130.5,7.0,14.0,0.3333333333333333,1.8337811878234893,23,18,11,7,0.029375277582390842,0,0,0,0,0,1,0,0,0,8,44,6,0,3,1
1b4p,A,143,LYS,-3.9,168.6,1.0,2,0,T,1.0,-105.3,12.7,0.0,17.0,0.0,1.870680682660277,14,3,4,-1,0.022381163872297785,0,0,0,0,0,1,0,0,0,8,44,6,0,3,1
1b4p,A,144,GLN,-3.5,143.8,0.0,2,2,-,0.2474747474747475,-79.8,153.2,12.0,8.0,0.6,1.8792471923668361,24,25,12,13,0.03357174580844668,0,0,0,0,0,0,0,0,0,8,44,6,0,3,1
1b4p,A,145,PRO,-1.6,112.7,0.0,0,0,S,0.3161764705882353,-68.9,-32.8,7.0,17.0,0.2916666666666667,2.289564844768338,21,24,9,15,0.03776821403450251,0,0,0,0,0,0,1,0,0,8,44,6,0,3,1
1b4p,A,146,TRP,-0.9,227.8,0.0,1,0,B,0.13215859030837004,-136.7,170.2,17.0,19.0,0.4722222222222222,3.354151577109685,30,21,11,10,0.05035761871267001,0,1,0,0,0,0,0,0,0,1,591,9,0,61,1
1b4p,A,147,PHE,2.8,189.9,0.0,0,0,T,0.0,-69.2,-35.6,25.0,16.0,0.6097560975609756,4.882720645312117,38,23,14,9,0.056419183928083996,0,0,0,0,0,1,0,0,0,-1,0,0,0,0,0
1b4p,A,148,ALA,1.8,88.6,0.0,0,0,T,0.02830188679245283,-76.9,-23.5,19.0,15.0,0.5588235294117647,3.130518148123094,30,26,33,-7,0.05222271570202816,0,0,0,0,0,1,0,0,0,16,24,1,0,0,1
1b4p,A,149,GLY,-0.4,60.1,0.0,0,0,B,0.09523809523809523,146.8,-124.2,13.0,13.0,0.5,2.5159175983967215,27,28,24,4,0.03870076252918159,0,1,0,0,0,0,0,0,0,-1,0,0,0,0,0
1b4p,A,150,ASN,-3.5,114.1,0.0,2,2,S,0.8980891719745223,-85.8,-14.1,2.0,18.0,0.1,1.75526755013028,17,14,12,2,0.02844272908771177,0,0,0,0,0,0,1,0,0,-1,0,0,0,0,0
1b4p,A,151,LYS,-3.9,168.6,1.0,2,0,S,0.2097560975609756,-105.8,137.5,13.0,8.0,0.6190476190476191,2.190954498352974,24,8,24,-16,0.034970568550465285,0,0,0,0,0,0,1,0,0,-1,0,0,0,0,0
1b4p,A,152,ILE,4.5,166.7,0.0,0,0,-,0.11834319526627218,-73.1,138.3,13.0,19.0,0.40625,2.1807660550258263,28,20,12,8,0.04289723075523742,0,0,0,0,0,0,0,0,0,-1,0,0,0,0,0
1b4p,A,153,THR,-0.7,116.1,0.0,1,1,-,0.0,-130.7,-178.1,20.0,18.0,0.5263157894736842,4.78311708047123,36,23,25,-2,0.04755997322863279,0,0,0,0,0,0,0,0,0,-1,0,0,0,0,0
1b4p,A,154,TYR,-1.3,193.6,0.0,1,1,H,0.036036036036036036,-64.7,-21.1,25.0,21.0,0.5434782608695652,4.052328923167797,36,29,25,4,0.04616115048661418,1,0,0,0,0,0,0,0,0,-1,0,0,0,0,0
1b4p,A,155,VAL,4.2,140.0,0.0,0,0,H,0.0,-68.1,-26.6,21.0,21.0,0.5,6.534469176160678,43,17,27,-10,0.048958795970651406,1,0,0,0,0,0,0,0,0,-1,0,0,0,0,0
1b4p,A,156,ASP,-3.5,111.1,-1.0,1,3,H,0.0,-60.6,-33.8,23.0,21.0,0.5227272727272727,6.985922295171326,38,13,7,6,0.0526889899493677,1,0,0,0,0,0,0,0,0,-1,0,0,0,0,0
1b4p,A,157,PHE,2.8,189.9,0.0,0,0,H,0.0,-62.8,-47.0,24.0,21.0,0.5333333333333333,7.205711103914893,33,15,20,-5,0.0526889899493677,1,0,0,0,0,0,0,0,0,-1,0,0,0,0,0
1b4p,A,158,LEU,3.8,166.7,0.0,0,0,H,0.018292682926829267,-69.4,-34.1,21.0,20.0,0.5121951219512195,7.1367389300727435,40,18,27,-9,0.05035761871267001,1,0,0,0,0,0,0,0,0,9,16,10,0,1,1
1b4p,A,159,VAL,4.2,140.0,0.0,0,0,H,0.0,-74.4,-33.5,23.0,18.0,0.5609756097560976,6.6461234915648975,39,13,25,-12,0.05175644145468863,1,0,0,0,0,0,0,0,0,-1,0,0,0,0,0
1b4p,A,160,TYR,-1.3,193.6,0.0,1,1,H,0.018018018018018018,-55.5,-47.2,20.0,18.0,0.5263157894736842,4.631798478539763,37,33,33,0,0.05035761871267001,1,0,0,0,0,0,0,0,0,-1,0,0,0,0,0
1b4p,A,161,ASP,-3.5,111.1,-1.0,1,3,H,0.0,-60.8,-47.4,22.0,14.0,0.6111111111111112,4.637956681884398,38,46,13,33,0.05222271570202816,1,0,0,0,0,0,0,0,0,-1,0,0,0,0,0
1b4p,A,162,VAL,4.2,140.0,0.0,0,0,H,0.0,-55.6,-50.2,20.0,21.0,0.4878048780487805,5.797282106821818,41,40,24,16,0.05129016720734909,1,0,0,0,0,0,0,0,0,-1,0,0,0,0,0
1b4p,A,163,LEU,3.8,166.7,0.0,0,0,H,0.0,-61.0,-50.9,19.0,19.0,0.5,6.008785332962584,39,38,23,15,0.04942507021799094,1,0,0,0,0,0,0,0,0,-1,0,0,0,0,0
1b4p,A,164,ASP,-3.5,111.1,-1.0,1,3,H,0.0736196319018405,-57.0,-51.1,17.0,15.0,0.53125,3.0455784645666335,34,42,16,26,0.045694876239274644,1,0,0,0,0,0,0,0,0,-1,0,0,0,0,0
1b4p,A,165,GLN,-3.5,143.8,0.0,2,2,H,0.020202020202020204,-60.1,-34.8,21.0,14.0,0.6,3.8896384524905323,37,57,19,38,0.045694876239274644,1,0,0,0,0,0,0,0,0,-1,0,0,0,0,0
1b4p,A,166,HIS,-3.2,153.2,0.1,2,1,H,0.0,-74.0,-31.9,21.0,11.0,0.65625,5.7693653767134965,36,31,24,7,0.050823892960009553,1,0,0,0,0,0,0,0,0,14,2,9,0,0,1
1b4p,A,167,ARG,-4.5,173.4,1.0,5,0,H,0.29435483870967744,-77.4,-22.9,11.0,11.0,0.5,2.1932007802387288,26,30,27,3,0.040099585271200194,1,0,0,0,0,0,0,0,0,-1,0,0,0,0,0
1b4p,A,168,ILE,4.5,166.7,0.0,0,0,H,0.23668639053254437,-71.5,-42.9,11.0,9.0,0.55,2.0385604575489666,26,36,20,16,0.03683566553982344,1,0,0,0,0,0,0,0,0,-1,0,0,0,0,0
1b4p,A,169,PHE,2.8,189.9,0.0,0,0,H,0.050761421319796954,-66.3,-41.7,18.0,8.0,0.6923076923076923,3.0036166856149094,28,30,11,19,0.040565859518539735,1,0,0,0,0,0,0,0,0,0,848,7,0,82,1
1b4p,A,170,GLU,-3.5,138.4,-1.0,1,3,-,0.18556701030927836,-147.0,93.5,13.0,7.0,0.65,2.2722787912316176,21,33,9,24,0.034970568550465285,0,0,0,0,0,0,0,0,0,0,848,7,0,82,1
1b4p,A,171,PRO,-1.6,112.7,0.0,0,0,T,0.7279411764705882,-56.9,-22.1,1.0,14.0,0.06666666666666667,1.951391136280469,17,30,19,11,0.028909003335051305,0,0,0,0,0,1,0,0,0,-1,0,0,0,0,0
1b4p,A,172,LYS,-3.9,168.6,1.0,2,0,T,0.7170731707317073,-92.1,-4.2,2.0,17.0,0.10526315789473684,1.9042133443399258,17,13,17,-4,0.027510180593032695,0,0,0,0,0,1,0,0,0,-1,0,0,0,0,0
1b4p,A,173,CYS,2.5,108.5,0.0,1,0,T,0.11851851851851852,-62.6,-24.9,19.0,9.0,0.6785714285714286,2.155776478273149,28,42,22,20,0.04103213376587927,0,0,0,0,0,1,0,0,0,-1,0,0,0,0,0
1b4p,A,174,LEU,3.8,166.7,0.0,0,0,T,0.04878048780487805,-96.1,-10.4,18.0,13.0,0.5806451612903226,2.667136732092105,29,38,26,12,0.040565859518539735,0,0,0,0,0,1,0,0,0,12,24,3,0,0,1
1b4p,A,175,ASP,-3.5,111.1,-1.0,1,3,T,0.5828220858895705,-59.7,-26.4,4.0,15.0,0.21052631578947367,1.7843506246845373,14,20,6,14,0.02797645484037223,0,0,0,0,0,1,0,0,0,12,24,3,0,0,1
1b4p,A,176,ALA,1.8,88.6,0.0,0,0,T,0.7358490566037735,-94.1,4.3,7.0,10.0,0.4117647058823529,1.8151686288547417,15,22,8,14,0.022381163872297785,0,0,0,0,0,1,0,0,0,12,24,3,0,0,1
1b4p,A,177,PHE,2.8,189.9,0.0,0,0,-,0.17766497461928935,-134.6,86.3,21.0,5.0,0.8076923076923077,2.338340366011058,22,24,21,3,0.03683566553982344,0,0,0,0,0,0,0,0,0,12,24,3,0,0,1
1b4p,A,178,PRO,-1.6,112.7,0.0,0,0,H,0.5882352941176471,-65.9,-33.9,1.0,21.0,0.045454545454545456,2.081094628704021,17,11,16,-5,0.030774100324409453,1,0,0,0,0,0,0,0,0,12,24,3,0,0,1
1b4p,A,179,ASN,-3.5,114.1,0.0,2,2,H,0.24203821656050956,-64.0,-28.6,14.0,13.0,0.5185185185185185,1.7931456123434615,27,27,19,8,0.03683566553982344,1,0,0,0,0,0,0,0,0,12,24,3,0,0,1
1b4p,A,180,LEU,3.8,166.7,0.0,0,0,H,0.0,-74.9,-40.4,20.0,17.0,0.5405405405405406,4.449089223695223,32,22,17,5,0.04755997322863279,1,0,0,0,0,0,0,0,0,-1,0,0,0,0,0
1b4p,A,181,LYS,-3.9,168.6,1.0,2,0,H,0.4195121951219512,-61.5,-47.7,8.0,19.0,0.2962962962962963,2.0760728628179628,20,16,17,-1,0.03776821403450251,1,0,0,0,0,0,0,0,0,12,24,3,0,0,1
1b4p,A,182,ASP,-3.5,111.1,-1.0,1,3,H,0.5705521472392638,-59.9,-46.7,10.0,14.0,0.4166666666666667,1.7764031354997218,19,21,1,20,0.032639197313767604,1,0,0,0,0,0,0,0,0,1,591,9,0,61,1
1b4p,A,183,PHE,2.8,189.9,0.0,0,0,H,0.0,-56.8,-47.6,22.0,9.0,0.7096774193548387,4.627966930719601,35,20,29,-9,0.045228601991935104,1,0,0,0,0,0,0,0,0,1,591,9,0,61,1
1b4p,A,184,VAL,4.2,140.0,0.0,0,0,H,0.035211267605633804,-52.5,-51.2,15.0,19.0,0.4411764705882353,2.6409027545267434,29,28,32,-4,0.048958795970651406,1,0,0,0,0,0,0,0,0,1,591,9,0,61,1
1b4p,A,185,ALA,1.8,88.6,0.0,0,0,H,0.5660377358490566,-60.0,-45.2,6.0,15.0,0.2857142857142857,1.7995764178983475,22,22,18,4,0.03310547156110714,1,0,0,0,0,0,0,0,0,1,591,9,0,61,1
1b4p,A,186,ARG,-4.5,173.4,1.0,5,0,H,0.3548387096774194,-65.9,-36.8,10.0,12.0,0.45454545454545453,1.9166314968166658,21,6,20,-14,0.034970568550465285,1,0,0,0,0,0,0,0,0,1,591,9,0,61,1
1b4p,A,187,PHE,2.8,189.9,0.0,0,0,H,0.0,-69.5,-47.1,22.0,12.0,0.6470588235294118,5.070026410067266,37,24,27,-3,0.045694876239274644,1,0,0,0,0,0,0,0,0,1,591,9,0,61,1
1b4p,A,188,GLU,-3.5,138.4,-1.0,1,3,H,0.26804123711340205,-63.9,-10.7,10.0,14.0,0.4166666666666667,2.0042958315403268,26,26,11,15,0.03730193978716297,1,0,0,0,0,0,0,0,0,1,591,9,0,61,1
1b4p,A,189,GLY,-0.4,60.1,0.0,0,0,T,0.6428571428571429,-95.5,-12.2,5.0,11.0,0.3125,1.7811033410143333,20,24,18,6,0.029375277582390842,0,0,0,0,0,1,0,0,0,1,591,9,0,61,1
1b4p,A,190,LEU,3.8,166.7,0.0,0,0,S,0.25,-62.2,137.6,13.0,8.0,0.6190476190476191,2.268171588901748,23,26,17,9,0.03403802005578621,0,0,0,0,0,0,1,0,0,1,591,9,0,61,1
1b4p,A,191,LYS,-3.9,168.6,1.0,2,0,H,0.6439024390243903,-53.9,-56.4,1.0,17.0,0.05555555555555555,2.1512415185048734,16,16,16,0,0.027043906345693154,1,0,0,0,0,0,0,0,0,-1,0,0,0,0,0
1b4p,A,192,LYS,-3.9,168.6,1.0,2,0,H,0.4,-58.0,-34.1,9.0,12.0,0.42857142857142855,1.9646870207236613,23,16,27,-11,0.040099585271200194,1,0,0,0,0,0,0,0,0,10,57,2,0,1,1
1b4p,A,193,ILE,4.5,166.7,0.0,0,0,H,0.0,-74.1,-47.4,13.0,16.0,0.4482758620689655,4.107665499509505,31,38,27,11,0.05175644145468863,1,0,0,0,0,0,0,0,0,-1,0,0,0,0,0
1b4p,A,194,SER,-0.8,89.0,0.0,1,1,H,0.24615384615384617,-63.8,-44.3,8.0,11.0,0.42105263157894735,2.286119257602827,21,30,23,7,0.03683566553982344,1,0,0,0,0,0,0,0,0,-1,0,0,0,0,0
1b4p,A,195,ASP,-3.5,111.1,-1.0,1,3,H,0.3496932515337423,-51.6,-47.9,5.0,13.0,0.2777777777777778,1.893047378852036,17,35,11,24,0.035436842797804825,1,0,0,0,0,0,0,0,0,-1,0,0,0,0,0
1b4p,A,196,TYR,-1.3,193.6,0.0,1,1,H,0.0,-56.8,-43.9,18.0,7.0,0.72,3.632276619532997,29,50,21,29,0.048026247475972325,1,0,0,0,0,0,0,0,0,3,284,5,0,19,1
1b4p,A,197,MET,1.9,162.9,0.0,0,0,H,0.2712765957446808,-62.1,-19.0,9.0,13.0,0.4090909090909091,2.1846880425921937,24,34,25,9,0.034970568550465285,1,0,0,0,0,0,0,0,0,3,284,5,0,19,1
1b4p,A,198,LYS,-3.9,168.6,1.0,2,0,T,0.6878048780487804,-105.4,0.4,5.0,9.0,0.35714285714285715,1.9303429210565706,14,19,10,9,0.027043906345693154,0,0,0,0,0,1,0,0,0,-1,0,0,0,0,0
1b4p,A,199,SER,-0.8,89.0,0.0,1,1,S,0.2153846153846154,-94.9,170.8,8.0,5.0,0.6153846153846154,1.9842363317631084,15,25,13,12,0.029375277582390842,0,0,0,0,0,0,1,0,0,3,284,5,0,19,1
1b4p,A,200,GLY,-0.4,60.1,0.0,0,0,T,1.0,-81.5,1.0,0.0,9.0,0.0,1.7096178207310766,13,22,7,15,0.020516066882939634,0,0,0,0,0,1,0,0,0,3,284,5,0,19,1
1b4p,A,201,ARG,-4.5,173.4,1.0,5,0,T,0.4475806451612903,-86.6,-13.3,13.0,8.0,0.6190476190476191,1.9675484475849585,20,19,22,-3,0.030307826077069916,0,0,0,0,0,1,0,0,0,3,284,5,0,19,1
1b4p,A,202,PHE,2.8,189.9,0.0,0,0,-,0.25380710659898476,-70.9,138.7,9.0,13.0,0.4090909090909091,2.220130327416278,24,58,13,45,0.040099585271200194,0,0,0,0,0,0,0,0,0,3,284,5,0,19,1
1b4p,A,203,LEU,3.8,166.7,0.0,0,0,-,0.14634146341463414,-138.1,89.4,16.0,8.0,0.6666666666666666,2.521967001433542,23,53,5,48,0.040099585271200194,0,0,0,0,0,0,0,0,0,3,284,5,0,19,1
1b4p,A,204,SER,-0.8,89.0,0.0,1,1,-,0.3076923076923077,-83.5,-33.6,7.0,21.0,0.25,2.3281905582202884,25,41,10,31,0.032639197313767604,0,0,0,0,0,0,0,0,0,3,284,5,0,19,1
1b4p,A,205,LYS,-3.9,168.6,1.0,2,0,-,0.4926829268292683,-141.0,160.6,8.0,16.0,0.3333333333333333,1.9677202675793413,19,23,5,18,0.03590311704514436,0,0,0,0,0,0,0,0,0,-1,0,0,0,0,0
1b4p,A,206,PRO,-1.6,112.7,0.0,0,0,-,0.20588235294117646,-70.5,160.9,13.0,12.0,0.52,2.4230086026414352,23,39,0,39,0.04103213376587927,0,0,0,0,0,0,0,0,0,-1,0,0,0,0,0
1b4p,A,207,ILE,4.5,166.7,0.0,0,0,-,0.0,-84.4,-50.7,17.0,17.0,0.5,3.350057845259004,32,41,10,31,0.04616115048661418,0,0,0,0,0,0,0,0,0,-1,0,0,0,0,0
1b4p,A,208,PHE,2.8,189.9,0.0,0,0,S,0.06091370558375635,-102.0,161.7,16.0,16.0,0.5,2.65168291395759,32,33,0,33,0.048492521723311866,0,0,0,0,0,0,1,0,0,-1,0,0,0,0,0
1b4p,A,209,ALA,1.8,88.6,0.0,0,0,-,0.11320754716981132,-66.9,156.6,13.0,18.0,0.41935483870967744,2.4169305341257425,29,25,2,23,0.04243095650789788,0,0,0,0,0,0,0,0,0,-1,0,0,0,0,0
1b4p,A,210,LYS,-3.9,168.6,1.0,2,0,T,0.22926829268292684,-46.6,-25.0,13.0,16.0,0.4482758620689655,2.0498092847482736,26,11,16,-5,0.04103213376587927,0,0,0,0,0,1,0,0,0,2,525,3,0,22,1
1b4p,A,211,MET,1.9,162.9,0.0,0,0,T,0.30851063829787234,-81.1,-7.9,9.0,15.0,0.375,1.987040663911681,23,17,12,5,0.035436842797804825,0,0,0,0,0,1,0,0,0,-1,0,0,0,0,0
1b4p,A,212,ALA,1.8,88.6,0.0,0,0,-,0.09433962264150944,-54.9,161.7,16.0,10.0,0.6153846153846154,2.446494219703479,24,17,1,16,0.045228601991935104,0,0,0,0,0,0,0,0,0,-1,0,0,0,0,0
1b4p,A,213,PHE,2.8,189.9,0.0,0,0,S,0.5532994923857868,-97.4,-8.7,14.0,11.0,0.56,1.997885557209087,21,6,15,-9,0.040099585271200194,0,0,0,0,0,0,1,0,0,4,282,5,0,17,1
1b4p,A,214,TRP,-0.9,227.8,0.0,1,0,S,0.22026431718061673,-146.5,126.9,13.0,14.0,0.48148148148148145,2.559815998111543,25,18,6,12,0.03590311704514436,0,0,0,0,0,0,1,0,0,0,848,7,0,82,1
1b4p,A,215,ASN,-3.5,114.1,0.0,2,2,S,0.36942675159235666,35.7,70.3,12.0,13.0,0.48,1.9516429745438135,23,26,0,26,0.040565859518539735,0,0,0,0,0,0,1,0,0,-1,0,0,0,0,0
1b4p,A,216,PRO,-1.6,112.7,0.0,0,0,-,0.15441176470588236,-116.3,-34.0,11.0,12.0,0.4782608695652174,2.3939903147208246,21,26,2,24,0.045228601991935104,0,0,0,0,0,0,0,0,0,-1,0,0,0,0,0
1b4p,A,217,LYS,-3.9,168.6,1.0,2,0,-,0.848780487804878,-127.9,360.0,9.0,14.0,0.391304347826087,1.9131892811447855,19,12,7,5,0.03170664881908853,0,0,0,0,0,0,0,0,0,2,525,3,0,22,1
1bl5,A,3,SER,-0.8,89.0,0.0,1,1,-,1.0,360.0,135.5,8.0,7.0,0.5333333333333333,1.7395548948383066,12,9,9,0,0.016319598656883802,0,0,0,0,0,0,0,0,0,-1,0,0,0,0,0
1bl5,A,4,LYS,-3.9,168.6,1.0,2,0,-,0.6585365853658537,-121.4,21.5,5.0,10.0,0.3333333333333333,1.9130140803334885,15,1,11,-10,0.02331371236697686,0,0,0,0,0,0,0,0,0,13,40,3,0,1,1
1bl5,A,5,VAL,4.2,140.0,0.0,0,0,-,0.20422535211267606,-89.3,140.8,16.0,6.0,0.7272727272727273,1.955624174804699,20,9,18,-9,0.035436842797804825,0,0,0,0,0,0,0,0,0,10,35,7,0,3,1
1bl5,A,6,VAL,4.2,140.0,0.0,0,0,-,0.8450704225352113,-114.2,110.0,1.0,16.0,0.058823529411764705,1.9202824016869526,19,9,11,-2,0.02331371236697686,0,0,0,0,0,0,0,0,0,10,35,7,0,3,1
1bl5,A,7,VAL,4.2,140.0,0.0,0,0,-,0.5633802816901409,-63.9,135.4,9.0,13.0,0.4090909090909091,2.065465083385693,20,10,4,6,0.02797645484037223,0,0,0,0,0,0,0,0,0,10,35,7,0,3,1
1bl5,A,8,PRO,-1.6,112.7,0.0,0,0,-,0.18382352941176472,-63.6,145.2,16.0,4.0,0.8,2.055673970990226,19,8,4,4,0.02844272908771177,0,0,0,0,0,0,0,0,0,10,35,7,0,3,1
1bl5,A,9,ALA,1.8,88.6,0.0,0,0,T,0.9811320754716981,-71.6,-29.3,0.0,14.0,0.0,1.7675634991358198,11,6,0,6,0.018650969893581486,0,0,0,0,0,1,0,0,0,-1,0,0,0,0,0
1bl5,A,10,GLN,-3.5,143.8,0.0,2,2,T,0.6111111111111112,-109.7,5.6,6.0,11.0,0.35294117647058826,1.7998201697134657,15,19,2,17,0.020516066882939634,0,0,0,0,0,1,0,0,0,-1,0,0,0,0,0
1bl5,A,11,GLY,-0.4,60.1,0.0,0,0,-,0.17857142857142858,-87.9,-171.0,16.0,7.0,0.6956521739130435,1.8384339231122009,20,24,9,15,0.03776821403450251,0,0,0,0,0,0,0,0,0,-1,0,0,0,0,0
1bl5,A,12,LYS,-3.9,168.6,1.0,2,0,B,0.7219512195121951,-147.0,151.7,10.0,16.0,0.38461538461538464,2.140323105767857,18,10,9,1,0.03403802005578621,0,1,0,0,0,0,0,0,0,-1,0,0,0,0,0
1bl5,A,13,LYS,-3.9,168.6,1.0,2,0,-,0.4292682926829268,-87.1,140.7,8.0,23.0,0.25806451612903225,1.9691647553815257,23,21,9,12,0.03730193978716297,0,0,0,0,0,0,0,0,0,-1,0,0,0,0,0
1bl5,A,14,ILE,4.5,166.7,0.0,0,0,-,0.005917159763313609,-71.9,146.6,24.0,9.0,0.7272727272727273,3.278976711021447,31,34,11,23,0.04709369898129325,0,0,0,0,0,0,0,0,0,-1,0,0,0,0,0
1bl5,A,15,THR,-0.7,116.1,0.0,1,1,E,0.45774647887323944,-126.3,158.1,3.0,20.0,0.13043478260869565,2.189300673693618,20,33,7,26,0.03590311704514436,0,0,1,0,0,0,0,0,0,1,1176,8,0,119,1
1bl5,A,16,LEU,3.8,166.7,0.0,0,0,E,0.31097560975609756,-110.0,126.8,10.0,11.0,0.47619047619047616,2.0184570734754073,20,24,16,8,0.03450429430312575,0,0,1,0,0,0,0,0,0,1,1176,8,0,119,1
1bl5,A,17,GLN,-3.5,143.8,0.0,2,2,E,0.6111111111111112,-133.3,119.9,4.0,8.0,0.3333333333333333,1.8462788472720117,10,13,0,13,0.026577632098353617,0,0,1,0,0,0,0,0,0,1,1176,8,0,119,1
1bl5,A,18,ASN,-3.5,114.1,0.0,2,2,T,0.9554140127388535,48.8,58.0,0.0,9.0,0.0,1.7220302572217698,8,8,1,7,0.017718421398902413,0,0,0,0,0,1,0,0,0,1,1176,8,0,119,1
1bl5,A,19,GLY,-0.4,60.1,0.0,0,0,T,0.8452380952380952,61.5,-0.8,1.0,11.0,0.08333333333333333,1.7097376658651684,15,20,14,6,0.02144861537761871,0,0,0,0,0,1,0,0,0,1,1176,8,0,119,1
1bl5,A,20,LYS,-3.9,168.6,1.0,2,0,E,0.7463414634146341,-112.4,144.1,3.0,13.0,0.1875,1.9151819162787922,13,8,1,7,0.02331371236697686,0,0,1,0,0,0,0,0,0,1,1176,8,0,119,1
1bl5,A,21,LEU,3.8,166.7,0.0,0,0,E,0.17682926829268292,-87.3,144.9,18.0,7.0,0.72,1.8917442471029053,27,34,5,29,0.03730193978716297,0,0,1,0,0,0,0,0,0,1,1176,8,0,119,1
1bl5,A,22,ASN,-3.5,114.1,0.0,2,2,E,0.6369426751592356,-113.9,114.5,7.0,15.0,0.3181818181818182,1.8498666725031172,19,24,3,21,0.032172923066428064,0,0,1,0,0,0,0,0,0,-1,0,0,0,0,0
1bl5,A,23,VAL,4.2,140.0,0.0,0,0,-,0.21830985915492956,-112.9,108.7,14.0,15.0,0.4827586206896552,1.9327866014329385,28,34,9,25,0.03730193978716297,0,0,0,0,0,0,0,0,0,-1,0,0,0,0,0
1bl5,A,24,PRO,-1.6,112.7,0.0,0,0,-,0.16176470588235295,-71.5,176.1,14.0,10.0,0.5833333333333334,1.9005105108591107,22,30,11,19,0.0363693912924839,0,0,0,0,0,0,0,0,0,-1,0,0,0,0,0
1bl5,A,25,GLU,-3.5,138.4,-1.0,1,3,S,0.6804123711340206,-72.1,-35.6,6.0,19.0,0.24,1.742250899993123,20,30,9,21,0.03403802005578621,0,0,0,0,0,0,1,0,0,-1,0,0,0,0,0
1bl5,A,26,ASN,-3.5,114.1,0.0,2,2,S,0.2356687898089172,-112.9,71.3,6.0,18.0,0.25,2.108383151142344,23,31,14,17,0.04149840801321881,0,0,0,0,0,0,1,0,0,-1,0,0,0,0,0
1bl5,A,27,PRO,-1.6,112.7,0.0,0,0,B,0.0,-76.4,145.9,20.0,14.0,0.5882352941176471,4.748238042172401,30,31,12,19,0.04942507021799094,0,1,0,0,0,0,0,0,0,-1,0,0,0,0,0
1bl5,A,28,ILE,4.5,166.7,0.0,0,0,E,0.05917159763313609,-90.2,131.2,18.0,17.0,0.5142857142857142,4.146915450977553,34,23,7,16,0.053155264196707235,0,0,1,0,0,0,0,0,0,-1,0,0,0,0,0
1bl5,A,29,ILE,4.5,166.7,0.0,0,0,E,0.0,-121.7,116.2,24.0,20.0,0.5454545454545454,6.759433882211573,39,18,6,12,0.05175644145468863,0,0,1,0,0,0,0,0,0,-1,0,0,0,0,0
1bl5,A,30,PRO,-1.6,112.7,0.0,0,0,E,0.0,-73.4,150.0,20.0,19.0,0.5128205128205128,6.6690799297287535,40,14,16,-2,0.053621538444046775,0,0,1,0,0,0,0,0,0,-1,0,0,0,0,0
1bl5,A,31,TYR,-1.3,193.6,0.0,1,1,E,0.14864864864864866,-139.0,152.9,19.0,21.0,0.475,3.8662254850979534,32,9,18,-9,0.04989134446533048,0,0,1,0,0,0,0,0,0,26,0,12,0,0,1
1bl5,A,32,ILE,4.5,166.7,0.0,0,0,E,0.023668639053254437,-115.4,119.5,26.0,16.0,0.6190476190476191,6.686769189287378,37,17,31,-14,0.05035761871267001,0,0,1,0,0,0,0,0,0,-1,0,0,0,0,0
1bl5,A,33,GLU,-3.5,138.4,-1.0,1,3,-,0.17010309278350516,-55.9,-44.6,13.0,24.0,0.35135135135135137,2.7605258060441167,30,15,25,-10,0.048958795970651406,0,0,0,0,0,0,0,0,0,26,0,12,0,0,1
1bl5,A,34,GLY,-0.4,60.1,0.0,0,0,-,0.08333333333333333,98.8,157.5,24.0,15.0,0.6153846153846154,2.7890296416213487,35,21,35,-14,0.04989134446533048,0,0,0,0,0,0,0,0,0,-1,0,0,0,0,0
1bl5,A,35,ASP,-3.5,111.1,-1.0,1,3,S,0.05521472392638037,-93.4,166.8,19.0,18.0,0.5135135135135135,2.2126102893889104,34,18,20,-2,0.045228601991935104,0,0,0,0,0,0,1,0,0,-1,0,0,0,0,0
1bl5,A,36,GLY,-0.4,60.1,0.0,0,0,T,0.2857142857142857,69.7,-130.3,14.0,15.0,0.4827586206896552,1.8227775477457084,29,16,33,-17,0.040099585271200194,0,0,0,0,0,1,0,0,0,-1,0,0,0,0,0
1bl5,A,37,ILE,4.5,166.7,0.0,0,0,T,0.047337278106508875,-70.2,2.0,20.0,17.0,0.5405405405405406,3.603245393526526,33,22,30,-8,0.04755997322863279,0,0,0,0,0,1,0,0,0,3,770,4,0,44,1
1bl5,A,38,GLY,-0.4,60.1,0.0,0,0,H,0.0,-59.8,-23.2,21.0,26.0,0.44680851063829785,3.2695035831199846,37,17,29,-12,0.048026247475972325,1,0,0,0,0,0,0,0,0,-1,0,0,0,0,0
1bl5,A,39,VAL,4.2,140.0,0.0,0,0,H,0.45774647887323944,-74.5,-13.6,13.0,21.0,0.38235294117647056,2.0790410870251796,28,6,33,-27,0.0363693912924839,1,0,0,0,0,0,0,0,0,-1,0,0,0,0,0
1bl5,A,40,ASP,-3.5,111.1,-1.0,1,3,H,0.08588957055214724,-107.6,-44.8,20.0,17.0,0.5405405405405406,2.20512677105747,31,14,21,-7,0.04662742473395372,1,0,0,0,0,0,0,0,0,-1,0,0,0,0,0
1bl5,A,41,VAL,4.2,140.0,0.0,0,0,H,0.0,-81.0,-38.0,29.0,21.0,0.58,3.7986972161094763,45,16,28,-12,0.048958795970651406,1,0,0,0,0,0,0,0,0,-1,0,0,0,0,0
1bl5,A,42,THR,-0.7,116.1,0.0,1,1,H,0.007042253521126761,-58.5,-48.3,19.0,24.0,0.4418604651162791,3.2248407489256157,37,15,26,-11,0.045694876239274644,1,0,0,0,0,0,0,0,0,26,0,12,0,0,1
1bl5,A,43,PRO,-1.6,112.7,0.0,0,0,H,0.4411764705882353,-56.3,-26.2,9.0,24.0,0.2727272727272727,2.0256120788959557,25,9,23,-14,0.03403802005578621,1,0,0,0,0,0,0,0,0,-1,0,0,0,0,0
1bl5,A,44,ALA,1.8,88.6,0.0,0,0,H,0.018867924528301886,-79.5,-39.6,26.0,11.0,0.7027027027027027,2.620272287158037,38,11,27,-16,0.04662742473395372,1,0,0,0,0,0,0,0,0,-1,0,0,0,0,0
1bl5,A,45,MET,1.9,162.9,0.0,0,0,H,0.010638297872340425,-66.3,-45.2,25.0,18.0,0.5813953488372093,5.492298970846841,40,13,16,-3,0.04616115048661418,1,0,0,0,0,0,0,0,0,-1,0,0,0,0,0
1bl5,A,46,LEU,3.8,166.7,0.0,0,0,H,0.18292682926829268,-56.7,-50.0,17.0,25.0,0.40476190476190477,2.3774784977880508,30,9,15,-6,0.040565859518539735,1,0,0,0,0,0,0,0,0,26,0,12,0,0,1
1bl5,A,47,LYS,-3.9,168.6,1.0,2,0,H,0.3951219512195122,-47.8,-49.9,16.0,15.0,0.5161290322580645,1.9529238577440948,26,0,22,-22,0.035436842797804825,1,0,0,0,0,0,0,0,0,16,4,10,0,0,1
1bl5,A,48,VAL,4.2,140.0,0.0,0,0,H,0.0,-74.1,-37.1,31.0,11.0,0.7380952380952381,4.454564056498627,41,11,24,-13,0.045694876239274644,1,0,0,0,0,0,0,0,0,16,4,10,0,0,1
1bl5,A,49,VAL,4.2,140.0,0.0,0,0,H,0.0,-72.0,-37.5,23.0,23.0,0.5,5.132969294846764,41,12,18,-6,0.04755997322863279,1,0,0,0,0,0,0,0,0,12,24,7,0,2,1
1bl5,A,50,ASP,-3.5,111.1,-1.0,1,3,H,0.34355828220858897,-66.6,-33.4,10.0,24.0,0.29411764705882354,1.9443206174390935,27,24,9,15,0.04243095650789788,1,0,0,0,0,0,0,0,0,30,0,1,0,0,1
1bl5,A,51,ALA,1.8,88.6,0.0,0,0,H,0.20754716981132076,-76.0,-31.4,16.0,16.0,0.5,1.8622863428899072,30,23,22,1,0.0363693912924839,1,0,0,0,0,0,0,0,0,30,0,1,0,0,1
1bl5,A,52,ALA,1.8,88.6,0.0,0,0,H,0.0,-74.7,-34.4,23.0,17.0,0.575,4.035881526310215,35,24,30,-6,0.04662742473395372,1,0,0,0,0,0,0,0,0,-1,0,0,0,0,0
1bl5,A,53,VAL,4.2,140.0,0.0,0,0,H,0.028169014084507043,-75.9,-32.1,19.0,17.0,0.5277777777777778,3.1633569511829878,31,35,31,4,0.05175644145468863,1,0,0,0,0,0,0,0,0,30,0,1,0,0,1
1bl5,A,54,GLU,-3.5,138.4,-1.0,1,3,H,0.6752577319587629,-67.4,-53.6,6.0,19.0,0.24,1.7894928292593382,21,33,15,18,0.03683566553982344,1,0,0,0,0,0,0,0,0,30,0,1,0,0,1
1bl5,A,55,LYS,-3.9,168.6,1.0,2,0,H,0.6146341463414634,-58.1,-27.0,15.0,10.0,0.6,1.9097383895210358,19,12,15,-3,0.03357174580844668,1,0,0,0,0,0,0,0,0,30,0,1,0,0,1
1bl5,A,56,ALA,1.8,88.6,0.0,0,0,H,0.2358490566037736,-91.4,-43.3,18.0,6.0,0.75,2.0090518186241786,23,30,30,0,0.0363693912924839,1,0,0,0,0,0,0,0,0,28,0,1,0,0,1
1bl5,A,57,TYR,-1.3,193.6,0.0,1,1,H,0.13063063063063063,-107.6,17.9,17.0,4.0,0.8095238095238095,2.3313467497029965,24,33,30,3,0.03776821403450251,1,0,0,0,0,0,0,0,0,21,12,1,0,0,1
1bl5,A,58,LYS,-3.9,168.6,1.0,2,0,T,0.8195121951219512,39.6,27.4,0.0,15.0,0.0,1.9242440253727955,12,17,19,-2,0.02844272908771177,0,0,0,0,0,1,0,0,0,30,0,1,0,0,1
1bl5,A,59,GLY,-0.4,60.1,0.0,0,0,T,0.5357142857142857,119.3,-15.3,1.0,14.0,0.06666666666666667,1.8262518767624416,16,32,25,7,0.02844272908771177,0,0,0,0,0,1,0,0,0,30,0,1,0,0,1
1bl5,A,60,GLU,-3.5,138.4,-1.0,1,3,S,0.788659793814433,-75.5,-36.6,4.0,10.0,0.2857142857142857,1.8036947653571447,12,25,17,8,0.023779986614316396,0,0,0,0,0,0,1,0,0,21,12,1,0,0,1
1bl5,A,61,ARG,-4.5,173.4,1.0,5,0,-,0.3185483870967742,-102.9,140.6,18.0,9.0,0.6666666666666666,2.1549364386995924,25,16,32,-16,0.04243095650789788,0,0,0,0,0,0,0,0,0,21,12,1,0,0,1
1bl5,A,62,LYS,-3.9,168.6,1.0,2,0,-,0.6146341463414634,-146.9,136.6,8.0,23.0,0.25806451612903225,2.167029258823393,25,10,29,-19,0.04149840801321881,0,0,0,0,0,0,0,0,0,-1,0,0,0,0,0
1bl5,A,63,ILE,4.5,166.7,0.0,0,0,-,0.01775147928994083,-91.9,139.9,20.0,19.0,0.5128205128205128,3.410460622258036,36,21,17,4,0.04662742473395372,0,0,0,0,0,0,0,0,0,12,24,7,0,2,1
1bl5,A,64,SER,-0.8,89.0,0.0,1,1,E,0.06923076923076923,-102.2,109.2,15.0,14.0,0.5172413793103449,2.27009750337529,29,18,8,10,0.04662742473395372,0,0,1,0,0,0,0,0,0,12,24,7,0,2,1
1bl5,A,65,TRP,-0.9,227.8,0.0,1,0,E,0.18061674008810572,-87.8,143.6,12.0,22.0,0.35294117647058826,2.958779987117314,33,13,15,-2,0.04149840801321881,0,0,1,0,0,0,0,0,0,12,24,7,0,2,1
1bl5,A,66,MET,1.9,162.9,0.0,0,0,E,0.015957446808510637,-132.6,112.1,22.0,10.0,0.6875,2.5245444387577964,30,3,10,-7,0.04755997322863279,0,0,1,0,0,0,0,0,0,10,35,7,0,3,1
1bl5,A,67,GLU,-3.5,138.4,-1.0,1,3,E,0.211340206185567,-71.4,131.6,10.0,20.0,0.3333333333333333,2.0065752483456714,27,13,10,3,0.040565859518539735,0,0,1,0,0,0,0,0,0,26,0,12,0,0,1
1bl5,A,68,ILE,4.5,166.7,0.0,0,0,E,0.005917159763313609,-128.2,-178.8,20.0,17.0,0.5405405405405406,4.657998133112596,38,18,26,-8,0.045694876239274644,0,0,1,0,0,0,0,0,0,-1,0,0,0,0,0
1bl5,A,69,TYR,-1.3,193.6,0.0,1,1,-,0.16216216216216217,-136.2,142.9,16.0,23.0,0.41025641025641024,3.9166276122562564,30,18,32,-14,0.04662742473395372,0,0,0,0,0,0,0,0,0,-1,0,0,0,0,0
1bl5,A,70,THR,-0.7,116.1,0.0,1,1,-,0.02112676056338028,-160.2,148.3,23.0,19.0,0.5476190476190477,6.2370262217706784,40,16,25,-9,0.04709369898129325,0,0,0,0,0,0,0,0,0,-1,0,0,0,0,0
1bl5,A,71,GLY,-0.4,60.1,0.0,0,0,S,0.0,89.7,-161.2,21.0,17.0,0.5526315789473685,5.081836529295876,35,9,25,-16,0.04942507021799094,0,0,0,0,0,0,1,0,0,-1,0,0,0,0,0
1bl5,A,72,GLU,-3.5,138.4,-1.0,1,3,H,0.3556701030927835,-59.2,-38.1,12.0,19.0,0.3870967741935484,2.1804707356087776,26,9,12,-3,0.04243095650789788,1,0,0,0,0,0,0,0,0,-1,0,0,0,0,0
1bl5,A,73,LYS,-3.9,168.6,1.0,2,0,H,0.23414634146341465,-67.4,-13.4,15.0,16.0,0.4838709677419355,2.17681864273995,26,0,34,-34,0.03870076252918159,1,0,0,0,0,0,0,0,0,26,0,12,0,0,1
1bl5,A,74,SER,-0.8,89.0,0.0,1,1,H,0.0,-85.2,-24.7,21.0,10.0,0.6774193548387096,4.6133017586663785,27,12,27,-15,0.05129016720734909,1,0,0,0,0,0,0,0,0,13,40,3,0,1,1
1bl5,A,75,THR,-0.7,116.1,0.0,1,1,H,0.04929577464788732,-72.5,-39.0,9.0,11.0,0.45,2.156985379798542,20,8,20,-12,0.04709369898129325,1,0,0,0,0,0,0,0,0,-1,0,0,0,0,0
1bl5,A,76,GLN,-3.5,143.8,0.0,2,2,H,0.7070707070707071,-61.9,-11.6,6.0,9.0,0.4,1.773164510855584,19,10,15,-5,0.03124037457174899,1,0,0,0,0,0,0,0,0,13,40,3,0,1,1
1bl5,A,77,VAL,4.2,140.0,0.0,0,0,H,0.29577464788732394,-118.1,-28.7,13.0,7.0,0.65,2.0877418752410364,21,18,14,4,0.03357174580844668,1,0,0,0,0,0,0,0,0,13,40,3,0,1,1
1bl5,A,78,TYR,-1.3,193.6,0.0,1,1,H,0.3108108108108108,-120.5,-16.9,17.0,5.0,0.7727272727272727,1.796599145327753,23,15,16,-1,0.030307826077069916,1,0,0,0,0,0,0,0,0,13,40,3,0,1,1
1bl5,A,79,GLY,-0.4,60.1,0.0,0,0,-,0.32142857142857145,138.3,150.0,4.0,11.0,0.26666666666666666,2.261753281277309,14,4,15,-11,0.02797645484037223,0,0,0,0,0,0,0,0,0,-1,0,0,0,0,0
1bl5,A,80,GLN,-3.5,143.8,0.0,2,2,T,0.7878787878787878,-51.4,-23.1,1.0,15.0,0.0625,1.8042612090174899,12,2,17,-15,0.026577632098353617,0,0,0,0,0,1,0,0,0,-1,0,0,0,0,0
1bl5,A,81,ASP,-3.5,111.1,-1.0,1,3,T,0.7852760736196319,-122.3,20.7,2.0,18.0,0.1,1.7859865606923695,15,0,0,0,0.025178809356335007,0,0,0,0,0,1,0,0,0,-1,0,0,0,0,0
1bl5,A,82,VAL,4.2,140.0,0.0,0,0,-,0.2676056338028169,-108.6,89.5,14.0,11.0,0.56,2.2874228941168284,22,4,15,-11,0.035436842797804825,0,0,0,0,0,0,0,0,0,-1,0,0,0,0,0
1bl5,A,83,TRP,-0.9,227.8,0.0,1,0,S,0.2687224669603524,-94.6,-18.9,18.0,17.0,0.5142857142857142,2.3062055421386094,28,6,21,-15,0.04149840801321881,0,0,0,0,0,0,1,0,0,-1,0,0,0,0,0
1bl5,A,84,LEU,3.8,166.7,0.0,0,0,S,0.21951219512195122,-145.1,93.2,16.0,21.0,0.43243243243243246,2.09264739990269,32,2,19,-17,0.03870076252918159,0,0,0,0,0,0,1,0,0,-1,0,0,0,0,0
1bl5,A,85,PRO,-1.6,112.7,0.0,0,0,-,0.08088235294117647,-66.6,133.9,20.0,10.0,0.6666666666666666,2.5491421377919012,28,3,19,-16,0.034970568550465285,0,0,0,0,0,0,0,0,0,-1,0,0,0,0,0
1bl5,A,86,ALA,1.8,88.6,0.0,0,0,H,0.6132075471698113,-53.7,-24.4,0.0,21.0,0.0,1.8514232425901294,21,5,21,-16,0.025178809356335007,1,0,0,0,0,0,0,0,0,-1,0,0,0,0,0
1bl5,A,87,GLU,-3.5,138.4,-1.0,1,3,H,0.19072164948453607,-64.2,-33.3,11.0,10.0,0.5238095238095238,1.8732008584345,24,8,12,-4,0.030774100324409453,1,0,0,0,0,0,0,0,0,-1,0,0,0,0,0
1bl5,A,88,THR,-0.7,116.1,0.0,1,1,H,0.0,-73.0,-37.1,18.0,16.0,0.5294117647058824,5.012169633067161,30,9,24,-15,0.04429605349725603,1,0,0,0,0,0,0,0,0,-1,0,0,0,0,0
1bl5,A,89,LEU,3.8,166.7,0.0,0,0,H,0.10975609756097561,-64.0,-48.6,13.0,19.0,0.40625,2.8899532161472288,26,15,29,-14,0.04289723075523742,1,0,0,0,0,0,0,0,0,-1,0,0,0,0,0
1bl5,A,90,ASP,-3.5,111.1,-1.0,1,3,H,0.5644171779141104,-59.4,-46.5,5.0,17.0,0.22727272727272727,1.8282244922778585,18,12,22,-10,0.03590311704514436,1,0,0,0,0,0,0,0,0,-1,0,0,0,0,0
1bl5,A,91,LEU,3.8,166.7,0.0,0,0,H,0.16463414634146342,-63.3,-35.2,21.0,14.0,0.6,2.673958057345077,30,21,30,-9,0.043363505002576956,1,0,0,0,0,0,0,0,0,-1,0,0,0,0,0
1bl5,A,92,ILE,4.5,166.7,0.0,0,0,H,0.0,-72.4,-35.5,25.0,15.0,0.625,5.135199552228392,37,25,33,-8,0.05175644145468863,1,0,0,0,0,0,0,0,0,-1,0,0,0,0,0
1bl5,A,93,ARG,-4.5,173.4,1.0,5,0,H,0.3387096774193548,-65.4,-42.3,10.0,21.0,0.3225806451612903,2.0155778616589846,20,11,41,-30,0.04289723075523742,1,0,0,0,0,0,0,0,0,-1,0,0,0,0,0
1bl5,A,94,GLU,-3.5,138.4,-1.0,1,3,H,0.5567010309278351,-68.8,-55.1,8.0,15.0,0.34782608695652173,1.7671896121339419,21,31,16,15,0.035436842797804825,1,0,0,0,0,0,0,0,0,-1,0,0,0,0,0
1bl5,A,95,TYR,-1.3,193.6,0.0,1,1,H,0.09009009009009009,-80.8,2.6,21.0,15.0,0.5833333333333334,3.169914420421165,32,31,16,15,0.048492521723311866,1,0,0,0,0,0,0,0,0,-1,0,0,0,0,0
1bl5,A,96,ARG,-4.5,173.4,1.0,5,0,-,0.23387096774193547,59.8,-23.6,17.0,23.0,0.425,2.280195949065871,31,25,25,0,0.045228601991935104,0,0,0,0,0,0,0,0,0,1,1176,8,0,119,1
1bl5,A,97,VAL,4.2,140.0,0.0,0,0,E,0.0,-142.8,144.6,19.0,28.0,0.40425531914893614,3.7087856559530574,42,30,8,22,0.053155264196707235,0,0,1,0,0,0,0,0,0,-1,0,0,0,0,0
1bl5,A,98,ALA,1.8,88.6,0.0,0,0,E,0.009433962264150943,-161.1,165.4,24.0,22.0,0.5217391304347826,6.637675833172959,43,23,7,16,0.048958795970651406,0,0,1,0,0,0,0,0,0,-1,0,0,0,0,0
1bl5,A,99,ILE,4.5,166.7,0.0,0,0,E,0.005917159763313609,-132.6,144.0,21.0,27.0,0.4375,8.534322362240149,41,9,17,-8,0.05175644145468863,0,0,1,0,0,0,0,0,0,-1,0,0,0,0,0
1bl5,A,100,LYS,-3.9,168.6,1.0,2,0,E,0.004878048780487805,-136.7,157.5,23.0,28.0,0.45098039215686275,4.556349767196875,43,10,18,-8,0.04616115048661418,0,0,1,0,0,0,0,0,0,-1,0,0,0,0,0
1bl5,A,101,GLY,-0.4,60.1,0.0,0,0,-,0.0,-98.9,-165.7,25.0,25.0,0.5,3.674418408603528,40,19,28,-9,0.05175644145468863,0,0,0,0,0,0,0,0,0,-1,0,0,0,0,0
1bl5,A,102,PRO,-1.6,112.7,0.0,0,0,-,0.014705882352941176,-68.9,159.1,17.0,23.0,0.425,2.86951547377944,35,19,27,-8,0.048958795970651406,0,0,0,0,0,0,0,0,0,9,24,16,0,4,1
1bl5,A,103,LEU,3.8,166.7,0.0,0,0,-,0.09146341463414634,-139.3,145.5,19.0,17.0,0.5277777777777778,3.0134971253425364,36,19,26,-7,0.04289723075523742,0,0,0,0,0,0,0,0,0,-1,0,0,0,0,0
1bl5,A,104,THR,-0.7,116.1,0.0,1,1,-,0.34507042253521125,-94.4,134.6,16.0,15.0,0.5161290322580645,2.3226401732641846,27,7,17,-10,0.03683566553982344,0,0,0,0,0,0,0,0,0,-1,0,0,0,0,0
1bl5,A,105,THR,-0.7,116.1,0.0,1,1,-,0.2746478873239437,-111.2,133.7,13.0,18.0,0.41935483870967744,1.8900535106081129,22,8,9,-1,0.03683566553982344,0,0,0,0,0,0,0,0,0,-1,0,0,0,0,0
1bl5,A,106,PRO,-1.6,112.7,0.0,0,0,-,0.25,-68.7,161.8,11.0,9.0,0.55,2.1149505858875894,19,5,12,-7,0.027043906345693154,0,0,0,0,0,0,0,0,0,-1,0,0,0,0,0
1bl5,A,107,VAL,4.2,140.0,0.0,0,0,S,1.0,-80.3,133.3,0.0,11.0,0.0,1.8860963724415887,9,4,0,4,0.015853324409544265,0,0,0,0,0,0,1,0,0,-1,0,0,0,0,0
1bl5,A,108,GLY,-0.4,60.1,0.0,0,0,S,0.8214285714285714,80.4,-68.9,0.0,8.0,0.0,1.7096105876325518,9,11,0,11,0.015853324409544265,0,0,0,0,0,0,1,0,0,-1,0,0,0,0,0
1bl5,A,109,GLY,-0.4,60.1,0.0,0,0,S,0.6666666666666666,-34.3,81.2,7.0,5.0,0.5833333333333334,1.7096580682637126,12,9,4,5,0.017718421398902413,0,0,0,0,0,0,1,0,0,-1,0,0,0,0,0
1bl5,A,110,GLY,-0.4,60.1,0.0,0,0,S,0.8333333333333334,58.8,-72.0,4.0,11.0,0.26666666666666666,1.7097175888170213,12,11,1,10,0.01492077591486519,0,0,0,0,0,0,1,0,0,-1,0,0,0,0,0
1bl5,A,111,ILE,4.5,166.7,0.0,0,0,-,0.34911242603550297,-54.2,149.4,15.0,5.0,0.75,1.9075811326127896,19,11,3,8,0.027510180593032695,0,0,0,0,0,0,0,0,0,-1,0,0,0,0,0
1bl5,A,112,ARG,-4.5,173.4,1.0,5,0,-,0.5040322580645161,-72.5,-98.1,14.0,10.0,0.5833333333333334,1.8790552722863638,21,0,8,-8,0.027510180593032695,0,0,0,0,0,0,0,0,0,-1,0,0,0,0,0
1bl5,A,113,SER,-0.8,89.0,0.0,1,1,-,0.3384615384615385,-142.9,126.5,8.0,18.0,0.3076923076923077,2.392965015120651,23,23,1,22,0.030774100324409453,0,0,0,0,0,0,0,0,0,-1,0,0,0,0,0
1bl5,A,114,LEU,3.8,166.7,0.0,0,0,H,0.0,-60.3,-28.2,20.0,12.0,0.625,3.658181214572874,34,22,10,12,0.043363505002576956,1,0,0,0,0,0,0,0,0,-1,0,0,0,0,0
1bl5,A,115,ASN,-3.5,114.1,0.0,2,2,H,0.2611464968152866,-67.8,-39.1,18.0,19.0,0.4864864864864865,2.5948339679396946,36,34,10,24,0.03683566553982344,1,0,0,0,0,0,0,0,0,-1,0,0,0,0,0
1bl5,A,116,VAL,4.2,140.0,0.0,0,0,H,0.11971830985915492,-74.6,-37.9,13.0,19.0,0.40625,2.397547209331706,32,30,16,14,0.040099585271200194,1,0,0,0,0,0,0,0,0,-1,0,0,0,0,0
1bl5,A,117,ALA,1.8,88.6,0.0,0,0,H,0.0660377358490566,-60.2,-41.8,15.0,15.0,0.5,2.1466785046874093,27,24,13,11,0.03870076252918159,1,0,0,0,0,0,0,0,0,-1,0,0,0,0,0
1bl5,A,118,LEU,3.8,166.7,0.0,0,0,H,0.0,-61.5,-61.0,23.0,18.0,0.5609756097560976,5.131987154819234,34,18,20,-2,0.04616115048661418,1,0,0,0,0,0,0,0,0,-1,0,0,0,0,0
1bl5,A,119,ARG,-4.5,173.4,1.0,5,0,H,0.06451612903225806,-40.6,-45.2,19.0,16.0,0.5428571428571428,3.6539759940175767,33,17,26,-9,0.048026247475972325,1,0,0,0,0,0,0,0,0,-1,0,0,0,0,0
1bl5,A,120,GLN,-3.5,143.8,0.0,2,2,H,0.2727272727272727,-85.0,-37.6,13.0,16.0,0.4482758620689655,1.9262451661421613,27,19,30,-11,0.040565859518539735,1,0,0,0,0,0,0,0,0,-1,0,0,0,0,0
1bl5,A,121,GLU,-3.5,138.4,-1.0,1,3,H,0.6443298969072165,-73.8,-34.9,15.0,13.0,0.5357142857142857,1.842506307467522,23,13,10,3,0.030774100324409453,1,0,0,0,0,0,0,0,0,-1,0,0,0,0,0
1bl5,A,122,LEU,3.8,166.7,0.0,0,0,T,0.042682926829268296,-90.4,7.2,24.0,8.0,0.75,2.26164502612865,31,19,36,-17,0.03870076252918159,0,0,0,0,0,1,0,0,0,-1,0,0,0,0,0
1bl5,A,123,ASP,-3.5,111.1,-1.0,1,3,T,0.4294478527607362,44.0,47.1,6.0,23.0,0.20689655172413793,1.7991471602788203,23,19,30,-11,0.03823448828184205,0,0,0,0,0,1,0,0,0,-1,0,0,0,0,0
1bl5,A,124,LEU,3.8,166.7,0.0,0,0,-,0.0,-82.3,89.1,22.0,15.0,0.5945945945945946,3.464013993118493,33,20,38,-18,0.05548663543340492,0,0,0,0,0,0,0,0,0,-1,0,0,0,0,0
1bl5,A,125,TYR,-1.3,193.6,0.0,1,1,-,0.0990990990990991,-79.2,-3.9,17.0,23.0,0.425,3.351065832619918,31,32,37,-5,0.050823892960009553,0,0,0,0,0,0,0,0,0,-1,0,0,0,0,0
1bl5,A,126,ILE,4.5,166.7,0.0,0,0,E,0.07692307692307693,-119.2,122.6,23.0,20.0,0.5348837209302325,3.4984133208195614,37,34,21,13,0.05548663543340492,0,0,1,0,0,0,0,0,0,-1,0,0,0,0,0
1bl5,A,127,CYS,2.5,108.5,0.0,1,0,E,0.0,-105.5,116.7,21.0,23.0,0.4772727272727273,5.465954916886402,35,32,21,11,0.05455408693872585,0,0,1,0,0,0,0,0,0,-1,0,0,0,0,0
1bl5,A,128,LEU,3.8,166.7,0.0,0,0,E,0.0975609756097561,-114.2,117.2,18.0,26.0,0.4090909090909091,3.229494163649721,36,22,7,15,0.048026247475972325,0,0,1,0,0,0,0,0,0,14,7,14,0,1,1
1bl5,A,129,ARG,-4.5,173.4,1.0,5,0,E,0.10080645161290322,-132.4,100.4,26.0,18.0,0.5909090909090909,2.2697255492359982,42,17,25,-8,0.043829779249916496,0,0,1,0,0,0,0,0,0,-1,0,0,0,0,0
1bl5,A,130,PRO,-1.6,112.7,0.0,0,0,E,0.2426470588235294,-83.7,142.5,11.0,28.0,0.28205128205128205,2.04752831657098,32,24,14,10,0.04103213376587927,0,0,1,0,0,0,0,0,0,-1,0,0,0,0,0
1bl5,A,131,VAL,4.2,140.0,0.0,0,0,E,0.09154929577464789,-139.8,134.5,26.0,15.0,0.6341463414634146,2.0566859427792186,39,20,18,2,0.04429605349725603,0,0,1,0,0,0,0,0,0,-1,0,0,0,0,0
1bl5,A,132,ARG,-4.5,173.4,1.0,5,0,E,0.32661290322580644,-146.1,153.9,10.0,24.0,0.29411764705882354,1.8704362465599587,26,4,24,-20,0.03730193978716297,0,0,1,0,0,0,0,0,0,-1,0,0,0,0,0
1bl5,A,133,TYR,-1.3,193.6,0.0,1,1,-,0.18468468468468469,-92.2,142.7,15.0,16.0,0.4838709677419355,2.205496615449572,28,18,19,-1,0.04476232774459557,0,0,0,0,0,0,0,0,0,20,24,1,0,0,1
1bl5,A,134,TYR,-1.3,193.6,0.0,1,1,-,0.0945945945945946,-104.4,116.0,20.0,12.0,0.625,2.406760622091159,32,15,12,3,0.03870076252918159,0,0,0,0,0,0,0,0,0,-1,0,0,0,0,0
1bl5,A,135,GLN,-3.5,143.8,0.0,2,2,T,0.7373737373737373,-53.8,127.3,4.0,19.0,0.17391304347826086,1.7956398382163563,19,8,18,-10,0.032172923066428064,0,0,0,0,0,1,0,0,0,20,24,1,0,0,1
1bl5,A,136,GLY,-0.4,60.1,0.0,0,0,T,0.36904761904761907,116.6,-33.5,16.0,12.0,0.5714285714285714,1.7095259739244502,27,10,11,-1,0.03310547156110714,0,0,0,0,0,1,0,0,0,20,24,1,0,0,1
1bl5,A,137,THR,-0.7,116.1,0.0,1,1,-,0.014084507042253521,-57.6,129.4,21.0,19.0,0.525,2.7527546869866137,32,6,11,-5,0.03916703677652112,0,0,0,0,0,0,0,0,0,-1,0,0,0,0,0
1bl5,A,138,PRO,-1.6,112.7,0.0,0,0,-,0.18382352941176472,-56.3,121.9,13.0,20.0,0.3939393939393939,1.9314730339686534,31,6,19,-13,0.0363693912924839,0,0,0,0,0,0,0,0,0,-1,0,0,0,0,0
1bl5,A,139,SER,-0.8,89.0,0.0,1,1,-,0.26153846153846155,-122.3,152.4,16.0,10.0,0.6153846153846154,1.9256866082203488,25,11,5,6,0.03590311704514436,0,0,0,0,0,0,0,0,0,4,528,5,0,29,1
1bl5,A,140,PRO,-1.6,112.7,0.0,0,0,S,0.8088235294117647,-89.3,1.4,9.0,11.0,0.45,1.8735317618870508,18,12,0,12,0.021914889624958248,0,0,0,0,0,0,1,0,0,-1,0,0,0,0,0
1bl5,A,141,VAL,4.2,140.0,0.0,0,0,S,0.2605633802816901,-106.9,151.4,20.0,3.0,0.8695652173913043,1.9263320658763636,23,19,8,11,0.029375277582390842,0,0,0,0,0,0,1,0,0,4,528,5,0,29,1
1bl5,A,142,LYS,-3.9,168.6,1.0,2,0,S,0.9121951219512195,-68.2,-48.3,3.0,12.0,0.2,1.9072776851417983,10,10,5,5,0.021914889624958248,0,0,0,0,0,0,1,0,0,4,528,5,0,29,1
1bl5,A,143,HIS,-3.2,153.2,0.1,2,1,-,0.5978260869565217,-121.7,72.5,7.0,15.0,0.3181818181818182,1.8202532077863307,15,9,9,0,0.029375277582390842,0,0,0,0,0,0,0,0,0,4,528,5,0,29,1
1bl5,A,144,PRO,-1.6,112.7,0.0,0,0,G,0.04411764705882353,-77.5,-13.5,18.0,13.0,0.5806451612903226,2.7782227417199254,28,22,12,10,0.04289723075523742,0,0,0,1,0,0,0,0,0,4,528,5,0,29,1
1bl5,A,145,GLU,-3.5,138.4,-1.0,1,3,G,0.520618556701031,-73.6,-7.7,2.0,23.0,0.08,1.9092815677934973,18,19,4,15,0.03357174580844668,0,0,0,1,0,0,0,0,0,4,528,5,0,29,1
1bl5,A,146,LEU,3.8,166.7,0.0,0,0,G,0.5,-80.3,-18.9,13.0,12.0,0.52,2.012527253698763,23,22,22,0,0.030307826077069916,0,0,0,1,0,0,0,0,0,-1,0,0,0,0,0
1bl5,A,147,THR,-0.7,116.1,0.0,1,1,-,0.014084507042253521,-80.5,101.2,24.0,12.0,0.6666666666666666,2.810042571220164,32,20,27,-7,0.045228601991935104,0,0,0,0,0,0,0,0,0,-1,0,0,0,0,0
1bl5,A,148,ASP,-3.5,111.1,-1.0,1,3,E,0.4785276073619632,-127.1,106.5,7.0,22.0,0.2413793103448276,1.7853630376569192,27,22,18,4,0.03730193978716297,0,0,1,0,0,0,0,0,0,-1,0,0,0,0,0
1bl5,A,149,MET,1.9,162.9,0.0,0,0,E,0.0,-137.7,166.3,23.0,13.0,0.6388888888888888,2.8843567183665306,36,21,22,-1,0.043829779249916496,0,0,1,0,0,0,0,0,0,-1,0,0,0,0,0
1bl5,A,150,VAL,4.2,140.0,0.0,0,0,E,0.007042253521126761,-143.2,117.2,15.0,23.0,0.39473684210526316,3.532312238039744,34,22,16,6,0.048026247475972325,0,0,1,0,0,0,0,0,0,14,7,14,0,1,1
1bl5,A,151,ILE,4.5,166.7,0.0,0,0,E,0.005917159763313609,-96.3,134.3,27.0,21.0,0.5625,4.7720877829447375,39,22,15,7,0.053155264196707235,0,0,1,0,0,0,0,0,0,-1,0,0,0,0,0
1bl5,A,152,PHE,2.8,189.9,0.0,0,0,E,0.025380710659898477,-115.5,104.6,21.0,26.0,0.44680851063829785,4.588312804403438,38,20,13,7,0.05222271570202816,0,0,1,0,0,0,0,0,0,14,7,14,0,1,1
1bl5,A,153,ARG,-4.5,173.4,1.0,5,0,E,0.008064516129032258,-107.7,129.9,20.0,26.0,0.43478260869565216,5.1634134533189915,37,18,30,-12,0.05455408693872585,0,0,1,0,0,0,0,0,0,-1,0,0,0,0,0
1bl5,A,154,GLU,-3.5,138.4,-1.0,1,3,E,0.010309278350515464,-74.8,125.7,27.0,23.0,0.54,5.533019711905264,40,32,24,8,0.05688545817542354,0,0,1,0,0,0,0,0,0,-1,0,0,0,0,0
1bl5,A,155,ASN,-3.5,114.1,0.0,2,2,-,0.012738853503184714,-99.3,-6.4,19.0,24.0,0.4418604651162791,5.418031212986065,37,33,40,-7,0.05502036118606539,0,0,0,0,0,0,0,0,0,-1,0,0,0,0,0
1bl5,A,156,SER,-0.8,89.0,0.0,1,1,S,0.2230769230769231,-105.6,-12.1,15.0,22.0,0.40540540540540543,2.182344069031637,33,23,40,-17,0.04709369898129325,0,0,0,0,0,0,1,0,0,-1,0,0,0,0,0
1bl5,A,157,GLU,-3.5,138.4,-1.0,1,3,-,0.12886597938144329,-135.2,-146.9,14.0,25.0,0.358974358974359,2.5497109545716823,33,19,28,-9,0.043363505002576956,0,0,0,0,0,0,0,0,0,6,77,14,0,10,1
1bl5,A,158,ASP,-3.5,111.1,-1.0,1,3,G,0.0,73.3,178.1,18.0,15.0,0.5454545454545454,3.686949292600773,30,15,27,-12,0.048958795970651406,0,0,0,1,0,0,0,0,0,-1,0,0,0,0,0
1bl5,A,159,ILE,4.5,166.7,0.0,0,0,G,0.3609467455621302,-39.1,-13.8,9.0,15.0,0.375,2.2468543295477983,28,13,28,-15,0.040099585271200194,0,0,0,1,0,0,0,0,0,-1,0,0,0,0,0
1bl5,A,160,TYR,-1.3,193.6,0.0,1,1,G,0.25675675675675674,-80.5,-0.7,19.0,10.0,0.6551724137931034,1.858525160717293,28,30,30,0,0.03870076252918159,0,0,0,1,0,0,0,0,0,-1,0,0,0,0,0
1bl5,A,161,ALA,1.8,88.6,0.0,0,0,G,0.33962264150943394,-73.5,-10.3,12.0,14.0,0.46153846153846156,1.9860545009548285,20,14,26,-12,0.035436842797804825,0,0,0,1,0,0,0,0,0,-1,0,0,0,0,0
1bl5,A,162,GLY,-0.4,60.1,0.0,0,0,-,0.32142857142857145,80.8,25.3,8.0,14.0,0.36363636363636365,1.812034486983145,21,15,18,-3,0.02797645484037223,0,0,0,0,0,0,0,0,0,-1,0,0,0,0,0
1bl5,A,163,ILE,4.5,166.7,0.0,0,0,-,0.40236686390532544,-95.4,97.7,8.0,11.0,0.42105263157894735,1.9405204800215936,17,12,16,-4,0.03170664881908853,0,0,0,0,0,0,0,0,0,-1,0,0,0,0,0
1bl5,A,164,GLU,-3.5,138.4,-1.0,1,3,E,0.6030927835051546,-158.0,159.9,12.0,9.0,0.5714285714285714,1.7912362029435398,19,15,2,13,0.03124037457174899,0,0,1,0,0,0,0,0,0,0,7464,12,0,929,1
1bl5,A,165,TRP,-0.9,227.8,0.0,1,0,E,0.32599118942731276,-128.3,136.3,14.0,6.0,0.7,2.0630506722396538,21,15,24,-9,0.03730193978716297,0,0,1,0,0,0,0,0,0,0,7464,12,0,929,1
1bl5,A,166,LYS,-3.9,168.6,1.0,2,0,-,0.7951219512195122,-68.1,149.1,3.0,17.0,0.15,2.1055742980442376,13,5,26,-21,0.030307826077069916,0,0,0,0,0,0,0,0,0,0,7464,12,0,929,1
1bl5,A,167,ALA,1.8,88.6,0.0,0,0,T,0.25471698113207547,-69.1,145.3,6.0,14.0,0.3,1.9420103662431731,17,19,30,-11,0.03124037457174899,0,0,0,0,0,1,0,0,0,0,7464,12,0,929,1
1bl5,A,168,ASP,-3.5,111.1,-1.0,1,3,T,0.588957055214724,67.5,5.2,1.0,17.0,0.05555555555555555,1.6721825600010336,16,20,23,-3,0.03357174580844668,0,0,0,0,0,1,0,0,0,-1,0,0,0,0,0
1bl5,A,169,SER,-0.8,89.0,0.0,1,1,S,0.27692307692307694,-79.1,163.7,9.0,8.0,0.5294117647058824,1.9580703588833472,18,20,28,-8,0.028909003335051305,0,0,0,0,0,0,1,0,0,-1,0,0,0,0,0
1bl5,A,170,ALA,1.8,88.6,0.0,0,0,H,0.7358490566037735,-62.7,-37.2,0.0,16.0,0.0,1.8062144029927159,13,19,24,-5,0.021914889624958248,1,0,0,0,0,0,0,0,0,-1,0,0,0,0,0
1bl5,A,171,ASP,-3.5,111.1,-1.0,1,3,H,0.5644171779141104,-71.3,-39.3,7.0,12.0,0.3684210526315789,1.7729691210902,15,16,17,-1,0.03124037457174899,1,0,0,0,0,0,0,0,0,18,24,1,0,0,1
1bl5,A,172,ALA,1.8,88.6,0.0,0,0,H,0.009433962264150943,-64.0,-43.5,13.0,11.0,0.5416666666666666,2.605863123564791,24,26,34,-8,0.04709369898129325,1,0,0,0,0,0,0,0,0,0,7464,12,0,929,1
1bl5,A,173,GLU,-3.5,138.4,-1.0,1,3,H,0.6134020618556701,-61.6,-31.2,5.0,18.0,0.21739130434782608,1.7629440857037262,22,27,26,1,0.03403802005578621,1,0,0,0,0,0,0,0,0,19,11,2,0,0,1
1bl5,A,174,LYS,-3.9,168.6,1.0,2,0,H,0.7463414634146341,-67.6,-48.2,5.0,17.0,0.22727272727272727,1.9260885513905437,12,9,20,-11,0.03170664881908853,1,0,0,0,0,0,0,0,0,18,24,1,0,0,1
1bl5,A,175,VAL,4.2,140.0,0.0,0,0,H,0.2112676056338028,-59.5,-45.4,16.0,11.0,0.5925925925925926,2.2751627190322403,25,24,21,3,0.03776821403450251,1,0,0,0,0,0,0,0,0,-1,0,0,0,0,0
1bl5,A,176,ILE,4.5,166.7,0.0,0,0,H,0.09467455621301775,-72.5,-32.4,19.0,12.0,0.6129032258064516,2.333299943853636,28,30,34,-4,0.03776821403450251,1,0,0,0,0,0,0,0,0,-1,0,0,0,0,0
1bl5,A,177,LYS,-3.9,168.6,1.0,2,0,H,0.6829268292682927,-62.5,-37.1,4.0,15.0,0.21052631578947367,1.9060680494445659,15,19,30,-11,0.034970568550465285,1,0,0,0,0,0,0,0,0,19,11,2,0,0,1
1bl5,A,178,PHE,2.8,189.9,0.0,0,0,I,0.49746192893401014,-61.6,-48.1,5.0,11.0,0.3125,2.0744547882391737,16,22,22,0,0.03730193978716297,0,0,0,0,1,0,0,0,0,25,4,1,0,0,1
1bl5,A,179,LEU,3.8,166.7,0.0,0,0,I,0.2682926829268293,-67.0,-39.2,11.0,7.0,0.6111111111111112,2.9887540160478547,21,32,22,10,0.03776821403450251,0,0,0,0,1,0,0,0,0,-1,0,0,0,0,0
1bl5,A,180,ARG,-4.5,173.4,1.0,5,0,I,0.5604838709677419,-76.1,-57.2,7.0,10.0,0.4117647058823529,1.9561256687322568,19,27,21,6,0.03823448828184205,0,0,0,0,1,0,0,0,0,-1,0,0,0,0,0
1bl5,A,181,GLU,-3.5,138.4,-1.0,1,3,I,0.7010309278350515,-70.9,-49.6,6.0,7.0,0.46153846153846156,1.7394725316448358,12,23,11,12,0.02984155182973038,0,0,0,0,1,0,0,0,0,25,4,1,0,0,1
1bl5,A,182,GLU,-3.5,138.4,-1.0,1,3,I,0.7731958762886598,-86.6,-38.7,6.0,6.0,0.5,1.7747655350678055,11,13,9,4,0.025645083603674543,0,0,0,0,1,0,0,0,0,25,4,1,0,0,1
1bl5,A,183,MET,1.9,162.9,0.0,0,0,T,0.6276595744680851,-96.9,-3.4,8.0,4.0,0.6666666666666666,1.9169789956758583,11,13,15,-2,0.027510180593032695,0,0,0,0,0,1,0,0,0,25,4,1,0,0,1
1bl5,A,184,GLY,-0.4,60.1,0.0,0,0,-,0.6785714285714286,72.6,32.0,0.0,12.0,0.0,1.7097000258865247,12,27,14,13,0.023779986614316396,0,0,0,0,0,0,0,0,0,-1,0,0,0,0,0
1bl5,A,185,VAL,4.2,140.0,0.0,0,0,-,0.3380281690140845,-87.7,116.1,12.0,3.0,0.8,1.9356905609777593,15,33,11,22,0.02984155182973038,0,0,0,0,0,0,0,0,0,-1,0,0,0,0,0
1bl5,A,186,LYS,-3.9,168.6,1.0,2,0,-,0.9414634146341463,-103.1,-5.1,1.0,14.0,0.06666666666666667,1.870678562395968,9,22,2,20,0.024246260861655933,0,0,0,0,0,0,0,0,0,-1,0,0,0,0,0
1bl5,A,187,LYS,-3.9,168.6,1.0,2,0,-,1.0,-84.8,15.8,2.0,9.0,0.18181818181818182,1.9103114878125658,7,18,0,18,0.018650969893581486,0,0,0,0,0,0,0,0,0,-1,0,0,0,0,0
1bl5,A,188,ILE,4.5,166.7,0.0,0,0,-,0.2485207100591716,-92.2,119.6,14.0,2.0,0.875,1.854669664602388,15,36,6,30,0.025645083603674543,0,0,0,0,0,0,0,0,0,-1,0,0,0,0,0
1bl5,A,189,ARG,-4.5,173.4,1.0,5,0,S,0.782258064516129,-68.2,-48.4,0.0,11.0,0.0,1.845435981212743,8,12,5,7,0.02098234113027917,0,0,0,0,0,0,1,0,0,-1,0,0,0,0,0
1bl5,A,190,PHE,2.8,189.9,0.0,0,0,-,0.6751269035532995,-123.6,102.9,6.0,7.0,0.46153846153846156,1.850818054346361,11,24,9,15,0.027510180593032695,0,0,0,0,0,0,0,0,0,-1,0,0,0,0,0
1bl5,A,191,PRO,-1.6,112.7,0.0,0,0,-,0.22794117647058823,-75.6,-31.0,12.0,10.0,0.5454545454545454,2.018992076913779,20,38,21,17,0.03124037457174899,0,0,0,0,0,0,0,0,0,-1,0,0,0,0,0
1bl5,A,192,GLU,-3.5,138.4,-1.0,1,3,T,0.6030927835051546,-76.3,164.5,0.0,18.0,0.0,1.7316939076267834,16,21,17,4,0.027043906345693154,0,0,0,0,0,1,0,0,0,-1,0,0,0,0,0
1bl5,A,193,HIS,-3.2,153.2,0.1,2,1,T,0.75,36.1,41.8,0.0,17.0,0.0,1.7808058264260418,12,3,22,-19,0.02611135785101408,0,0,0,0,0,1,0,0,0,-1,0,0,0,0,0
1bl5,A,194,CYS,2.5,108.5,0.0,1,0,-,0.22962962962962963,-110.3,128.6,13.0,9.0,0.5909090909090909,1.8695536227669958,20,21,27,-6,0.03170664881908853,0,0,0,0,0,0,0,0,0,0,7464,12,0,929,1
1bl5,A,195,GLY,-0.4,60.1,0.0,0,0,-,0.6190476190476191,-95.5,150.6,5.0,19.0,0.20833333333333334,1.7095235161897748,22,14,24,-10,0.028909003335051305,0,0,0,0,0,0,0,0,0,0,7464,12,0,929,1
1bl5,A,196,ILE,4.5,166.7,0.0,0,0,E,0.15976331360946747,-128.2,139.0,16.0,10.0,0.6153846153846154,2.045224028240529,24,11,18,-7,0.032172923066428064,0,0,1,0,0,0,0,0,0,0,7464,12,0,929,1
1bl5,A,197,GLY,-0.4,60.1,0.0,0,0,E,0.4880952380952381,-133.2,153.9,7.0,13.0,0.35,1.709665826634051,20,10,12,-2,0.03124037457174899,0,0,1,0,0,0,0,0,0,0,7464,12,0,929,1
1bl5,A,198,ILE,4.5,166.7,0.0,0,0,-,0.378698224852071,-115.5,135.4,8.0,10.0,0.4444444444444444,2.0418384827190263,18,9,17,-8,0.030307826077069916,0,0,0,0,0,0,0,0,0,-1,0,0,0,0,0
1bl5,A,199,LYS,-3.9,168.6,1.0,2,0,-,0.2146341463414634,-119.6,114.1,9.0,13.0,0.4090909090909091,2.060243897293891,23,1,26,-25,0.03357174580844668,0,0,0,0,0,0,0,0,0,-1,0,0,0,0,0
1bl5,A,200,PRO,-1.6,112.7,0.0,0,0,-,0.33088235294117646,-101.6,147.0,11.0,18.0,0.3793103448275862,2.3233933762202565,23,9,26,-17,0.032639197313767604,0,0,0,0,0,0,0,0,0,6,77,14,0,10,1
1bl5,A,201,CYS,2.5,108.5,0.0,1,0,-,0.14814814814814814,-142.9,127.3,21.0,14.0,0.6,2.240790334066601,27,13,42,-29,0.043829779249916496,0,0,0,0,0,0,0,0,0,6,77,14,0,10,1
1bl5,A,202,SER,-0.8,89.0,0.0,1,1,-,0.35384615384615387,-124.1,162.5,6.0,19.0,0.24,2.253109110040968,21,21,36,-15,0.030307826077069916,0,0,0,0,0,0,0,0,0,6,77,14,0,10,1
1bl5,A,203,GLU,-3.5,138.4,-1.0,1,3,H,0.5,-61.4,-40.2,2.0,23.0,0.08,1.8724424787315046,21,18,20,-2,0.03310547156110714,1,0,0,0,0,0,0,0,0,29,0,14,0,0,1
1bl5,A,204,GLU,-3.5,138.4,-1.0,1,3,H,0.8144329896907216,-80.5,-32.0,1.0,19.0,0.05,1.8082264524764442,19,26,20,6,0.032639197313767604,1,0,0,0,0,0,0,0,0,29,0,14,0,0,1
1bl5,A,205,GLY,-0.4,60.1,0.0,0,0,H,0.05952380952380952,-69.7,-37.6,17.0,15.0,0.53125,2.6590909911726834,30,30,41,-11,0.04243095650789788,1,0,0,0,0,0,0,0,0,29,0,14,0,0,1
1bl5,A,206,THR,-0.7,116.1,0.0,1,1,H,0.0,-81.0,-43.9,23.0,17.0,0.575,5.44373647283049,39,37,44,-7,0.053155264196707235,1,0,0,0,0,0,0,0,0,6,77,14,0,10,1
1bl5,A,207,LYS,-3.9,168.6,1.0,2,0,H,0.07804878048780488,-59.2,-36.1,12.0,23.0,0.34285714285714286,2.6875594446799846,30,23,37,-14,0.04709369898129325,1,0,0,0,0,0,0,0,0,-1,0,0,0,0,0
1bl5,A,208,ARG,-4.5,173.4,1.0,5,0,H,0.17338709677419356,-68.1,-30.3,14.0,21.0,0.4,2.0175332270636286,27,20,42,-22,0.040099585271200194,1,0,0,0,0,0,0,0,0,-1,0,0,0,0,0
1bl5,A,209,LEU,3.8,166.7,0.0,0,0,H,0.0,-73.2,-54.7,29.0,15.0,0.6590909090909091,5.111572799141557,40,35,23,12,0.0526889899493677,1,0,0,0,0,0,0,0,0,-1,0,0,0,0,0
1bl5,A,210,VAL,4.2,140.0,0.0,0,0,H,0.0,-62.4,-33.6,23.0,21.0,0.5227272727272727,5.919488908529966,41,35,26,9,0.04942507021799094,1,0,0,0,0,0,0,0,0,-1,0,0,0,0,0
1bl5,A,211,ARG,-4.5,173.4,1.0,5,0,H,0.3024193548387097,-58.8,-49.7,9.0,24.0,0.2727272727272727,2.247611745024327,25,17,31,-14,0.04196468226055834,1,0,0,0,0,0,0,0,0,-1,0,0,0,0,0
1bl5,A,212,ALA,1.8,88.6,0.0,0,0,H,0.12264150943396226,-58.4,-41.9,19.0,16.0,0.5428571428571428,1.840451498059411,32,26,12,14,0.04149840801321881,1,0,0,0,0,0,0,0,0,-1,0,0,0,0,0
1bl5,A,213,ALA,1.8,88.6,0.0,0,0,H,0.0,-66.0,-48.2,26.0,16.0,0.6190476190476191,3.957300525918184,39,22,11,11,0.048026247475972325,1,0,0,0,0,0,0,0,0,-1,0,0,0,0,0
1bl5,A,214,ILE,4.5,166.7,0.0,0,0,H,0.0,-71.8,-29.1,23.0,22.0,0.5111111111111111,4.834428570574417,39,24,18,6,0.04662742473395372,1,0,0,0,0,0,0,0,0,-1,0,0,0,0,0
1bl5,A,215,GLU,-3.5,138.4,-1.0,1,3,H,0.5463917525773195,-67.7,-40.8,7.0,23.0,0.23333333333333334,1.8650993429754312,26,14,5,9,0.034970568550465285,1,0,0,0,0,0,0,0,0,14,7,14,0,1,1
1bl5,A,216,TYR,-1.3,193.6,0.0,1,1,H,0.2702702702702703,-61.1,-36.6,16.0,12.0,0.5714285714285714,2.3126462571614863,32,17,20,-3,0.03870076252918159,1,0,0,0,0,0,0,0,0,14,7,14,0,1,1
1bl5,A,217,ALA,1.8,88.6,0.0,0,0,H,0.0,-66.8,-42.2,27.0,10.0,0.7297297297297297,4.672152174739283,32,19,33,-14,0.048958795970651406,1,0,0,0,0,0,0,0,0,14,7,14,0,1,1
1bl5,A,218,ILE,4.5,166.7,0.0,0,0,H,0.11834319526627218,-67.6,-41.8,11.0,17.0,0.39285714285714285,2.3298989634838296,27,22,25,-3,0.04429605349725603,1,0,0,0,0,0,0,0,0,5,219,7,0,18,1
1bl5,A,219,ALA,1.8,88.6,0.0,0,0,H,0.7264150943396226,-66.4,-25.4,5.0,13.0,0.2777777777777778,1.7677025912549638,16,10,16,-6,0.030307826077069916,1,0,0,0,0,0,0,0,0,14,7,14,0,1,1
1bl5,A,220,ASN,-3.5,114.1,0.0,2,2,H,0.49044585987261147,-113.6,9.6,11.0,9.0,0.55,1.7838852545232817,23,17,19,-2,0.027510180593032695,1,0,0,0,0,0,0,0,0,15,15,6,0,1,1
1bl5,A,221,ASP,-3.5,111.1,-1.0,1,3,T,0.3987730061349693,56.5,48.2,4.0,20.0,0.16666666666666666,1.8632048494905136,21,21,17,4,0.03450429430312575,0,0,0,0,0,1,0,0,0,15,15,6,0,1,1
1bl5,A,222,ARG,-4.5,173.4,1.0,5,0,-,0.17338709677419356,-89.4,162.4,21.0,10.0,0.6774193548387096,2.2487385156268367,26,5,35,-30,0.03870076252918159,0,0,0,0,0,0,0,0,0,15,15,6,0,1,1
1bl5,A,223,ASP,-3.5,111.1,-1.0,1,3,S,0.5828220858895705,-89.2,-20.5,6.0,26.0,0.1875,1.8298273610518017,22,24,29,-5,0.03683566553982344,0,0,0,0,0,0,1,0,0,15,15,6,0,1,1
1bl5,A,224,SER,-0.8,89.0,0.0,1,1,E,0.06923076923076923,-155.6,161.9,13.0,24.0,0.35135135135135137,2.8882772770518046,33,22,34,-12,0.043829779249916496,0,0,1,0,0,0,0,0,0,-1,0,0,0,0,0
1bl5,A,225,VAL,4.2,140.0,0.0,0,0,E,0.0,-123.5,130.1,26.0,17.0,0.6046511627906976,6.625680074352634,42,22,24,-2,0.05129016720734909,0,0,1,0,0,0,0,0,0,-1,0,0,0,0,0
1bl5,A,226,THR,-0.7,116.1,0.0,1,1,E,0.0,-115.4,125.1,18.0,26.0,0.4090909090909091,5.625812502890698,36,19,22,-3,0.050823892960009553,0,0,1,0,0,0,0,0,0,-1,0,0,0,0,0
1bl5,A,227,LEU,3.8,166.7,0.0,0,0,E,0.0,-87.8,121.0,26.0,24.0,0.52,6.590615721427144,42,28,18,10,0.053155264196707235,0,0,1,0,0,0,0,0,0,-1,0,0,0,0,0
1bl5,A,228,VAL,4.2,140.0,0.0,0,0,E,0.0,-113.7,146.3,21.0,23.0,0.4772727272727273,5.047133361038985,37,32,23,9,0.05408781269138631,0,0,1,0,0,0,0,0,0,-1,0,0,0,0,0
1bl5,A,229,HIS,-3.2,153.2,0.1,2,1,E,0.021739130434782608,-163.9,153.1,22.0,19.0,0.5365853658536586,3.62555915939805,32,25,29,-4,0.053155264196707235,0,0,1,0,0,0,0,0,0,27,0,12,0,0,1
1bl5,A,230,LYS,-3.9,168.6,1.0,2,0,-,0.2780487804878049,-101.3,58.1,8.0,20.0,0.2857142857142857,2.6436132288625904,22,18,18,0,0.04196468226055834,0,0,0,0,0,0,0,0,0,-1,0,0,0,0,0
1bl5,A,231,GLY,-0.4,60.1,0.0,0,0,T,0.15476190476190477,-71.2,-5.5,15.0,11.0,0.5769230769230769,1.9735657273026388,24,39,22,17,0.048492521723311866,0,0,0,0,0,1,0,0,0,-1,0,0,0,0,0
1bl5,A,232,ASN,-3.5,114.1,0.0,2,2,T,0.535031847133758,-90.3,-12.3,4.0,14.0,0.2222222222222222,1.9796542138565911,16,32,14,18,0.02984155182973038,0,0,0,0,0,1,0,0,0,-1,0,0,0,0,0
1bl5,A,233,ILE,4.5,166.7,0.0,0,0,T,0.7100591715976331,-104.1,-35.2,5.0,9.0,0.35714285714285715,2.0720538867526592,13,28,12,16,0.022847438119637322,0,0,0,0,0,1,0,0,0,-1,0,0,0,0,0
1bl5,A,234,MET,1.9,162.9,0.0,0,0,S,0.3351063829787234,-113.5,79.8,13.0,6.0,0.6842105263157895,2.1395090993112253,22,38,12,26,0.03590311704514436,0,0,0,0,0,0,1,0,0,7,18,18,1,5,1
1bl5,A,235,LYS,-3.9,168.6,1.0,2,0,I,0.697560975609756,-65.1,-33.1,0.0,17.0,0.0,1.9222252066402516,14,12,9,3,0.03170664881908853,0,0,0,0,1,0,0,0,0,7,18,18,1,5,1
1bl5,A,236,PHE,2.8,189.9,0.0,0,0,I,0.8730964467005076,-104.7,-18.8,2.0,19.0,0.09523809523809523,1.830937906420475,16,12,9,3,0.02984155182973038,0,0,0,0,1,0,0,0,0,7,18,18,1,5,1
1bl5,A,237,THR,-0.7,116.1,0.0,1,1,I,0.20422535211267606,-94.2,-57.5,12.0,17.0,0.41379310344827586,2.421979084958685,27,30,26,4,0.040099585271200194,0,0,0,0,1,0,0,0,0,-1,0,0,0,0,0
1bl5,A,238,GLU,-3.5,138.4,-1.0,1,3,I,0.005154639175257732,-83.2,-34.5,19.0,19.0,0.5,3.2808763438292754,35,40,11,29,0.04989134446533048,0,0,0,0,1,0,0,0,0,-1,0,0,0,0,0
1bl5,A,239,GLY,-0.4,60.1,0.0,0,0,I,0.05952380952380952,-67.3,-40.6,6.0,23.0,0.20689655172413793,2.2124735296345976,26,34,21,13,0.04429605349725603,0,0,0,0,1,0,0,0,0,27,0,12,0,0,1
1bl5,A,240,ALA,1.8,88.6,0.0,0,0,H,0.14150943396226415,-60.0,-46.6,13.0,18.0,0.41935483870967744,2.093612316330805,29,32,27,5,0.04196468226055834,1,0,0,0,0,0,0,0,0,-1,0,0,0,0,0
1bl5,A,241,PHE,2.8,189.9,0.0,0,0,H,0.0,-47.9,-56.4,25.0,17.0,0.5952380952380952,6.657360481890763,47,39,43,-4,0.05408781269138631,1,0,0,0,0,0,0,0,0,-1,0,0,0,0,0
1bl5,A,242,LYS,-3.9,168.6,1.0,2,0,H,0.2682926829268293,-57.2,-47.8,18.0,24.0,0.42857142857142855,3.290541841113056,35,24,24,0,0.048958795970651406,1,0,0,0,0,0,0,0,0,27,0,12,0,0,1
1bl5,A,243,ASP,-3.5,111.1,-1.0,1,3,H,0.50920245398773,-68.0,-41.3,10.0,21.0,0.3225806451612903,1.8565441040306339,28,28,11,17,0.03683566553982344,1,0,0,0,0,0,0,0,0,27,0,12,0,0,1
1bl5,A,244,TRP,-0.9,227.8,0.0,1,0,H,0.24669603524229075,-63.1,-31.2,19.0,12.0,0.6129032258064516,2.378528209716996,28,22,31,-9,0.048026247475972325,1,0,0,0,0,0,0,0,0,6,77,14,0,10,1
1bl5,A,245,GLY,-0.4,60.1,0.0,0,0,H,0.0,-75.9,-27.8,25.0,19.0,0.5681818181818182,4.852735914267221,38,42,32,10,0.050823892960009553,1,0,0,0,0,0,0,0,0,-1,0,0,0,0,0
1bl5,A,246,TYR,-1.3,193.6,0.0,1,1,H,0.06306306306306306,-75.6,-45.4,14.0,25.0,0.358974358974359,2.471077988608711,35,33,21,12,0.045228601991935104,1,0,0,0,0,0,0,0,0,27,0,12,0,0,1
1bl5,A,247,GLN,-3.5,143.8,0.0,2,2,H,0.23737373737373738,-56.4,-42.8,8.0,19.0,0.2962962962962963,2.3364969313110286,22,24,33,-9,0.03730193978716297,1,0,0,0,0,0,0,0,0,-1,0,0,0,0,0
1bl5,A,248,LEU,3.8,166.7,0.0,0,0,H,0.006097560975609756,-60.6,-39.7,20.0,13.0,0.6060606060606061,2.9518205637616424,31,38,32,6,0.04942507021799094,1,0,0,0,0,0,0,0,0,-1,0,0,0,0,0
1bl5,A,249,ALA,1.8,88.6,0.0,0,0,H,0.0,-75.1,-29.7,25.0,13.0,0.6578947368421053,4.722565083803369,33,34,27,7,0.05035761871267001,1,0,0,0,0,0,0,0,0,5,219,7,0,18,1
1bl5,A,250,ARG,-4.5,173.4,1.0,5,0,H,0.4838709677419355,-66.7,-65.8,9.0,15.0,0.375,1.9610373409464417,23,6,26,-20,0.03916703677652112,1,0,0,0,0,0,0,0,0,5,219,7,0,18,1
1bl5,A,251,GLU,-3.5,138.4,-1.0,1,3,H,0.6391752577319587,-55.4,-46.8,7.0,9.0,0.4375,1.723306658876618,17,19,11,8,0.032172923066428064,1,0,0,0,0,0,0,0,0,-1,0,0,0,0,0
1bl5,A,252,GLU,-3.5,138.4,-1.0,1,3,H,0.4948453608247423,-102.3,-15.8,13.0,8.0,0.6190476190476191,1.7780813775516553,19,25,16,9,0.02797645484037223,1,0,0,0,0,0,0,0,0,5,219,7,0,18,1
1bl5,A,253,PHE,2.8,189.9,0.0,0,0,H,0.23857868020304568,-124.9,-0.7,25.0,4.0,0.8620689655172413,2.0492117624231536,30,24,26,-2,0.030307826077069916,1,0,0,0,0,0,0,0,0,5,219,7,0,18,1
1bl5,A,254,GLY,-0.4,60.1,0.0,0,0,-,0.5595238095238095,63.7,47.3,3.0,18.0,0.14285714285714285,1.7095931279995482,21,25,22,3,0.028909003335051305,0,0,0,0,0,0,0,0,0,5,219,7,0,18,1
1bl5,A,255,GLY,-0.4,60.1,0.0,0,0,-,0.11904761904761904,-81.2,154.7,23.0,5.0,0.8214285714285714,1.9932476423683556,24,27,21,6,0.03776821403450251,0,0,0,0,0,0,0,0,0,5,219,7,0,18,1
1bl5,A,256,GLU,-3.5,138.4,-1.0,1,3,E,0.6701030927835051,-137.9,151.7,3.0,23.0,0.11538461538461539,1.9911742852347798,18,26,10,16,0.030774100324409453,0,0,1,0,0,0,0,0,0,-1,0,0,0,0,0
1bl5,A,257,LEU,3.8,166.7,0.0,0,0,E,0.6280487804878049,-44.7,141.1,4.0,18.0,0.18181818181818182,1.9078795172675798,15,15,17,-2,0.032639197313767604,0,0,1,0,0,0,0,0,0,17,15,2,0,0,1
1bl5,A,258,ILE,4.5,166.7,0.0,0,0,-,0.3136094674556213,-99.1,110.7,10.0,6.0,0.625,2.0479070463561304,17,13,21,-8,0.03170664881908853,0,0,0,0,0,0,0,0,0,17,15,2,0,0,1
1bl5,A,259,ASP,-3.5,111.1,-1.0,1,3,T,0.9447852760736196,38.7,-106.3,0.0,9.0,0.0,1.6720438207731185,9,6,3,3,0.016319598656883802,0,0,0,0,0,1,0,0,0,17,15,2,0,0,1
1bl5,A,260,GLY,-0.4,60.1,0.0,0,0,T,0.9047619047619048,-74.1,-18.1,0.0,8.0,0.0,1.7096498742988202,8,0,10,-10,0.017252147151562876,0,0,0,0,0,1,0,0,0,17,15,2,0,0,1
1bl5,A,261,GLY,-0.4,60.1,0.0,0,0,-,0.30952380952380953,81.0,-176.3,5.0,10.0,0.3333333333333333,1.7097577378201656,14,5,14,-9,0.02797645484037223,0,0,0,0,0,0,0,0,0,17,15,2,0,0,1
1bl5,A,262,PRO,-1.6,112.7,0.0,0,0,S,0.5735294117647058,-74.0,-6.5,10.0,13.0,0.43478260869565216,1.8924234315586446,20,19,17,2,0.032172923066428064,0,0,0,0,0,0,1,0,0,27,0,12,0,0,1
1bl5,A,263,TRP,-0.9,227.8,0.0,1,0,-,0.43612334801762115,-69.5,138.4,13.0,15.0,0.4642857142857143,2.0922851086367755,22,15,18,-3,0.04289723075523742,0,0,0,0,0,0,0,0,0,-1,0,0,0,0,0
1bl5,A,264,LEU,3.8,166.7,0.0,0,0,E,0.04878048780487805,-105.9,157.0,19.0,13.0,0.59375,3.3550286741537163,31,29,21,8,0.050823892960009553,0,0,1,0,0,0,0,0,0,-1,0,0,0,0,0
1bl5,A,265,LYS,-3.9,168.6,1.0,2,0,E,0.34146341463414637,-120.3,125.3,7.0,21.0,0.25,2.161957055483689,24,15,27,-12,0.043829779249916496,0,0,1,0,0,0,0,0,0,-1,0,0,0,0,0
1bl5,A,266,VAL,4.2,140.0,0.0,0,0,E,0.014084507042253521,-106.1,136.9,24.0,13.0,0.6486486486486487,2.495081843682047,33,31,27,4,0.04616115048661418,0,0,1,0,0,0,0,0,0,5,219,7,0,18,1
1bl5,A,267,LYS,-3.9,168.6,1.0,2,0,E,0.7463414634146341,-100.5,133.0,5.0,25.0,0.16666666666666666,1.9571433942197456,17,15,17,-2,0.03683566553982344,0,0,1,0,0,0,0,0,0,5,219,7,0,18,1
1bl5,A,268,ASN,-3.5,114.1,0.0,2,2,-,0.012738853503184714,-73.5,115.8,17.0,8.0,0.68,2.5380911945053204,22,24,22,2,0.03916703677652112,0,0,0,0,0,0,0,0,0,15,15,6,0,1,1
1bl5,A,269,PRO,-1.6,112.7,0.0,0,0,T,0.75,-62.3,-28.2,6.0,12.0,0.3333333333333333,1.8921293046350036,16,14,6,8,0.023779986614316396,0,0,0,0,0,1,0,0,0,-1,0,0,0,0,0
1bl5,A,270,ASN,-3.5,114.1,0.0,2,2,T,0.8152866242038217,-86.7,-6.8,6.0,9.0,0.4,1.7896741607402873,13,11,8,3,0.02098234113027917,0,0,0,0,0,1,0,0,0,-1,0,0,0,0,0
1bl5,A,271,THR,-0.7,116.1,0.0,1,1,T,0.49295774647887325,-143.5,-22.9,13.0,3.0,0.8125,1.8163905547555648,15,20,14,6,0.02471253510899547,0,0,0,0,0,1,0,0,0,15,15,6,0,1,1
1bl5,A,272,GLY,-0.4,60.1,0.0,0,0,-,0.5595238095238095,90.8,-39.5,0.0,14.0,0.0,1.7096755351607622,12,19,15,4,0.025645083603674543,0,0,0,0,0,0,0,0,0,-1,0,0,0,0,0
1bl5,A,273,LYS,-3.9,168.6,1.0,2,0,P,0.35121951219512193,-51.8,143.4,11.0,8.0,0.5789473684210527,2.1494101453295107,18,14,26,-12,0.030307826077069916,0,0,0,0,0,0,0,0,0,15,15,6,0,1,1
1bl5,A,274,GLU,-3.5,138.4,-1.0,1,3,E,0.5257731958762887,-92.7,138.1,9.0,18.0,0.3333333333333333,1.7894934057940308,21,29,15,14,0.03403802005578621,0,0,1,0,0,0,0,0,0,-1,0,0,0,0,0
1bl5,A,275,ILE,4.5,166.7,0.0,0,0,E,0.011834319526627219,-103.6,125.6,26.0,13.0,0.6666666666666666,3.710605908995596,35,37,33,4,0.045228601991935104,0,0,1,0,0,0,0,0,0,-1,0,0,0,0,0
1bl5,A,276,VAL,4.2,140.0,0.0,0,0,E,0.28169014084507044,-87.5,137.7,13.0,24.0,0.35135135135135137,2.7934793230294495,30,26,31,-5,0.043363505002576956,0,0,1,0,0,0,0,0,0,-1,0,0,0,0,0
1bl5,A,277,ILE,4.5,166.7,0.0,0,0,E,0.0,-112.1,117.2,25.0,20.0,0.5555555555555556,6.018745786334748,36,24,19,5,0.05175644145468863,0,0,1,0,0,0,0,0,0,-1,0,0,0,0,0
1bl5,A,278,LYS,-3.9,168.6,1.0,2,0,E,0.07804878048780488,-130.3,176.7,12.0,24.0,0.3333333333333333,3.4686118058028548,28,5,24,-19,0.04662742473395372,0,0,1,0,0,0,0,0,0,-1,0,0,0,0,0
1bl5,A,279,ASP,-3.5,111.1,-1.0,1,3,E,0.1656441717791411,-138.6,152.0,18.0,18.0,0.5,2.0672000936429153,28,29,5,24,0.048026247475972325,0,0,1,0,0,0,0,0,0,27,0,12,0,0,1
1bl5,A,280,VAL,4.2,140.0,0.0,0,0,E,0.14084507042253522,-134.0,137.3,17.0,14.0,0.5483870967741935,2.330589975157923,33,29,18,11,0.043829779249916496,0,0,1,0,0,0,0,0,0,-1,0,0,0,0,0
1bl5,A,281,ILE,4.5,166.7,0.0,0,0,E,0.3076923076923077,-68.7,148.6,8.0,18.0,0.3076923076923077,2.276371431350802,25,26,22,4,0.040099585271200194,0,0,1,0,0,0,0,0,0,-1,0,0,0,0,0
1bl5,A,282,ALA,1.8,88.6,0.0,0,0,H,0.0660377358490566,-63.8,-35.4,18.0,13.0,0.5806451612903226,2.4457871036525622,28,19,19,0,0.04289723075523742,1,0,0,0,0,0,0,0,0,-1,0,0,0,0,0
1bl5,A,283,ASP,-3.5,111.1,-1.0,1,3,H,0.558282208588957,-76.6,-26.9,4.0,15.0,0.21052631578947367,1.681252874612983,18,18,0,18,0.030774100324409453,1,0,0,0,0,0,0,0,0,-1,0,0,0,0,0
1bl5,A,284,ALA,1.8,88.6,0.0,0,0,H,0.2830188679245283,-76.0,-20.3,7.0,11.0,0.3888888888888889,2.1577201026428816,21,14,10,4,0.032172923066428064,1,0,0,0,0,0,0,0,0,-1,0,0,0,0,0
1bl5,A,285,PHE,2.8,189.9,0.0,0,0,H,0.0,-69.4,-41.8,22.0,10.0,0.6875,4.752794250276298,35,14,15,-1,0.04149840801321881,1,0,0,0,0,0,0,0,0,-1,0,0,0,0,0
1bl5,A,286,LEU,3.8,166.7,0.0,0,0,H,0.43902439024390244,-64.2,-22.3,11.0,15.0,0.4230769230769231,2.015168722382837,21,0,11,-11,0.03823448828184205,1,0,0,0,0,0,0,0,0,-1,0,0,0,0,0
1bl5,A,287,GLN,-3.5,143.8,0.0,2,2,H,0.6262626262626263,-87.1,-53.0,4.0,13.0,0.23529411764705882,1.9639278445816102,15,7,8,-1,0.032172923066428064,1,0,0,0,0,0,0,0,0,-1,0,0,0,0,0
1bl5,A,288,GLN,-3.5,143.8,0.0,2,2,H,0.22727272727272727,-47.1,-37.4,13.0,10.0,0.5652173913043478,2.8161698076926753,22,13,14,-1,0.04196468226055834,1,0,0,0,0,0,0,0,0,-1,0,0,0,0,0
1bl5,A,289,ILE,4.5,166.7,0.0,0,0,H,0.011834319526627219,-69.3,-7.2,22.0,14.0,0.6111111111111112,3.4041059738098034,36,6,11,-5,0.048026247475972325,1,0,0,0,0,0,0,0,0,-1,0,0,0,0,0
1bl5,A,290,LEU,3.8,166.7,0.0,0,0,H,0.5487804878048781,-110.3,-35.8,11.0,16.0,0.4074074074074074,2.0715542382633356,25,15,0,15,0.032172923066428064,1,0,0,0,0,0,0,0,0,-1,0,0,0,0,0
1bl5,A,291,LEU,3.8,166.7,0.0,0,0,H,0.7195121951219512,-86.5,-47.4,5.0,14.0,0.2631578947368421,1.9559935634656591,18,14,6,8,0.027510180593032695,1,0,0,0,0,0,0,0,0,24,7,1,0,0,1
1bl5,A,292,ARG,-4.5,173.4,1.0,5,0,S,0.6088709677419355,-120.6,65.9,5.0,12.0,0.29411764705882354,2.044161576894579,14,1,9,-8,0.034970568550465285,0,0,0,0,0,0,1,0,0,24,7,1,0,0,1
1bl5,A,293,PRO,-1.6,112.7,0.0,0,0,G,0.0661764705882353,-76.5,-12.5,18.0,9.0,0.6666666666666666,2.3025186648375247,26,19,27,-8,0.043829779249916496,0,0,0,1,0,0,0,0,0,-1,0,0,0,0,0
1bl5,A,294,ALA,1.8,88.6,0.0,0,0,G,0.6698113207547169,-81.6,-11.7,3.0,17.0,0.15,1.8972895586967151,21,14,32,-18,0.03170664881908853,0,0,0,1,0,0,0,0,0,-1,0,0,0,0,0
1bl5,A,295,GLU,-3.5,138.4,-1.0,1,3,G,0.4072164948453608,-86.7,-4.3,9.0,16.0,0.36,1.764013939203665,20,16,11,5,0.027510180593032695,0,0,0,1,0,0,0,0,0,24,7,1,0,0,1
1bl5,A,296,TYR,-1.3,193.6,0.0,1,1,-,0.09009009009009009,-121.6,155.0,21.0,14.0,0.6,2.639843820260771,35,17,29,-12,0.045228601991935104,0,0,0,0,0,0,0,0,0,-1,0,0,0,0,0
1bl5,A,297,ASP,-3.5,111.1,-1.0,1,3,-,0.05521472392638037,-150.0,-89.6,15.0,21.0,0.4166666666666667,2.2882680899470293,34,18,25,-7,0.04755997322863279,0,0,0,0,0,0,0,0,0,-1,0,0,0,0,0
1bl5,A,298,VAL,4.2,140.0,0.0,0,0,E,0.0,-92.4,142.7,21.0,24.0,0.4666666666666667,5.804328059672038,40,21,28,-7,0.04989134446533048,0,0,1,0,0,0,0,0,0,-1,0,0,0,0,0
1bl5,A,299,ILE,4.5,166.7,0.0,0,0,E,0.0,-133.1,139.4,25.0,25.0,0.5,7.764395923911988,44,19,16,3,0.04989134446533048,0,0,1,0,0,0,0,0,0,-1,0,0,0,0,0
1bl5,A,300,ALA,1.8,88.6,0.0,0,0,E,0.0,-128.1,127.3,25.0,30.0,0.45454545454545453,8.539110189177268,38,24,14,10,0.05222271570202816,0,0,1,0,0,0,0,0,0,-1,0,0,0,0,0
1bl5,A,301,CYS,2.5,108.5,0.0,1,0,E,0.0,-156.9,172.5,23.0,32.0,0.41818181818181815,6.645665976213415,42,22,25,-3,0.04989134446533048,0,0,1,0,0,0,0,0,0,-1,0,0,0,0,0
1bl5,A,302,MET,1.9,162.9,0.0,0,0,-,0.015957446808510637,-80.1,-178.3,23.0,26.0,0.46938775510204084,4.909489928800473,44,31,38,-7,0.053621538444046775,0,0,0,0,0,0,0,0,0,-1,0,0,0,0,0
1bl5,A,303,ASN,-3.5,114.1,0.0,2,2,H,0.006369426751592357,-65.0,-45.7,16.0,23.0,0.41025641025641024,5.049297069588338,35,26,38,-12,0.05408781269138631,1,0,0,0,0,0,0,0,0,-1,0,0,0,0,0
1bl5,A,304,LEU,3.8,166.7,0.0,0,0,H,0.2804878048780488,-75.9,-52.3,11.0,19.0,0.36666666666666664,2.44897889168275,25,20,28,-8,0.045694876239274644,1,0,0,0,0,0,0,0,0,-1,0,0,0,0,0
1bl5,A,305,ASN,-3.5,114.1,0.0,2,2,H,0.12738853503184713,-53.5,-38.7,21.0,15.0,0.5833333333333334,1.992730871596197,34,29,29,0,0.04616115048661418,1,0,0,0,0,0,0,0,0,-1,0,0,0,0,0
1bl5,A,306,GLY,-0.4,60.1,0.0,0,0,H,0.0,-70.6,-34.8,22.0,16.0,0.5789473684210527,4.422604919588997,34,25,28,-3,0.05175644145468863,1,0,0,0,0,0,0,0,0,-1,0,0,0,0,0
1bl5,A,307,ASP,-3.5,111.1,-1.0,1,3,H,0.2392638036809816,-55.0,-41.4,7.0,21.0,0.25,2.261301390038315,26,22,14,8,0.043829779249916496,1,0,0,0,0,0,0,0,0,-1,0,0,0,0,0
1bl5,A,308,TYR,-1.3,193.6,0.0,1,1,H,0.6126126126126126,-83.3,-47.1,10.0,13.0,0.43478260869565216,1.840515760320115,20,7,17,-10,0.035436842797804825,1,0,0,0,0,0,0,0,0,-1,0,0,0,0,0
1bl5,A,309,ILE,4.5,166.7,0.0,0,0,H,0.011834319526627219,-51.8,-45.9,27.0,12.0,0.6923076923076923,3.3138995825465787,33,18,18,0,0.04289723075523742,1,0,0,0,0,0,0,0,0,23,1,17,0,0,1
1bl5,A,310,SER,-0.8,89.0,0.0,1,1,H,0.05384615384615385,-69.5,-33.9,23.0,18.0,0.5609756097560976,2.243729412642343,37,20,16,4,0.04289723075523742,1,0,0,0,0,0,0,0,0,23,1,17,0,0,1
1bl5,A,311,ASP,-3.5,111.1,-1.0,1,3,H,0.6196319018404908,-74.6,-39.6,6.0,23.0,0.20689655172413793,1.710546040313172,26,16,8,8,0.032639197313767604,1,0,0,0,0,0,0,0,0,23,1,17,0,0,1
1bl5,A,312,ALA,1.8,88.6,0.0,0,0,H,0.36792452830188677,-60.0,-45.7,14.0,15.0,0.4827586206896552,1.767526541218977,28,1,13,-12,0.03310547156110714,1,0,0,0,0,0,0,0,0,23,1,17,0,0,1
1bl5,A,313,LEU,3.8,166.7,0.0,0,0,H,0.0,-63.9,-44.7,24.0,18.0,0.5714285714285714,3.5388202549091283,38,11,15,-4,0.040565859518539735,1,0,0,0,0,0,0,0,0,23,1,17,0,0,1
1bl5,A,314,ALA,1.8,88.6,0.0,0,0,H,0.10377358490566038,-61.3,-33.8,18.0,22.0,0.45,2.2238949494274878,33,13,9,4,0.04243095650789788,1,0,0,0,0,0,0,0,0,23,1,17,0,0,1
1bl5,A,315,ALA,1.8,88.6,0.0,0,0,H,0.4339622641509434,-73.6,-39.5,7.0,21.0,0.25,1.8385524164731089,28,2,8,-6,0.034970568550465285,1,0,0,0,0,0,0,0,0,23,1,17,0,0,1
1bl5,A,316,GLN,-3.5,143.8,0.0,2,2,H,0.06060606060606061,-65.0,-36.2,21.0,15.0,0.5833333333333334,2.2737264918654745,33,14,8,6,0.04149840801321881,1,0,0,0,0,0,0,0,0,23,1,17,0,0,1
1bl5,A,317,VAL,4.2,140.0,0.0,0,0,T,0.04929577464788732,-81.9,15.9,21.0,15.0,0.5833333333333334,3.3113671704078333,37,14,12,2,0.05408781269138631,0,0,0,0,0,1,0,0,0,23,1,17,0,0,1
1bl5,A,318,GLY,-0.4,60.1,0.0,0,0,T,0.16666666666666666,68.9,26.9,17.0,15.0,0.53125,1.9378227531773187,31,4,8,-4,0.04289723075523742,0,0,0,0,0,1,0,0,0,-1,0,0,0,0,0
1bl5,A,319,GLY,-0.4,60.1,0.0,0,0,-,0.03571428571428571,-109.8,34.5,24.0,14.0,0.631578947368421,2.2123304641084225,35,9,14,-5,0.03776821403450251,0,0,0,0,0,0,0,0,0,8,24,16,0,4,1
1bl5,A,320,ILE,4.5,166.7,0.0,0,0,S,0.8461538461538461,-51.3,-42.3,9.0,22.0,0.2903225806451613,1.8766563102026292,26,10,15,-5,0.03124037457174899,0,0,0,0,0,0,1,0,0,8,24,16,0,4,1
1bl5,A,321,GLY,-0.4,60.1,0.0,0,0,S,0.14285714285714285,-103.2,-7.7,14.0,23.0,0.3783783783783784,2.1834473939360994,35,10,10,0,0.03590311704514436,0,0,0,0,0,0,1,0,0,8,24,16,0,4,1
1bl5,A,322,ILE,4.5,166.7,0.0,0,0,S,0.05917159763313609,-114.4,28.8,17.0,25.0,0.40476190476190477,2.6846593703036996,36,16,4,12,0.04149840801321881,0,0,0,0,0,0,1,0,0,-1,0,0,0,0,0
1bl5,A,323,ALA,1.8,88.6,0.0,0,0,-,0.18867924528301888,-92.9,122.6,21.0,21.0,0.5,2.3411734924093777,38,26,16,10,0.045228601991935104,0,0,0,0,0,0,0,0,0,-1,0,0,0,0,0
1bl5,A,324,PRO,-1.6,112.7,0.0,0,0,E,0.11029411764705882,-75.0,159.9,15.0,25.0,0.375,2.2193245165319326,39,24,17,7,0.04989134446533048,0,0,1,0,0,0,0,0,0,-1,0,0,0,0,0
1bl5,A,325,GLY,-0.4,60.1,0.0,0,0,E,0.0,-156.9,153.4,20.0,23.0,0.46511627906976744,4.473678757785518,37,27,16,11,0.04942507021799094,0,0,1,0,0,0,0,0,0,-1,0,0,0,0,0
1bl5,A,326,ALA,1.8,88.6,0.0,0,0,E,0.0,-152.9,137.4,22.0,23.0,0.4888888888888889,4.066268785137689,35,39,9,30,0.050823892960009553,0,0,1,0,0,0,0,0,0,-1,0,0,0,0,0
1bl5,A,327,ASN,-3.5,114.1,0.0,2,2,E,0.0,-113.4,120.7,21.0,24.0,0.4666666666666667,5.347579617817594,38,39,16,23,0.05175644145468863,0,0,1,0,0,0,0,0,0,-1,0,0,0,0,0
1bl5,A,328,ILE,4.5,166.7,0.0,0,0,E,0.13609467455621302,-124.1,135.1,15.0,25.0,0.375,2.8448892768050382,32,20,19,1,0.048026247475972325,0,0,1,0,0,0,0,0,0,-1,0,0,0,0,0
1bl5,A,329,GLY,-0.4,60.1,0.0,0,0,-,0.16666666666666666,-125.5,-171.9,18.0,14.0,0.5625,1.9331704821245426,27,28,25,3,0.04289723075523742,0,0,0,0,0,0,0,0,0,-1,0,0,0,0,0
1bl5,A,330,ASP,-3.5,111.1,-1.0,1,3,S,0.6748466257668712,-79.3,-30.6,4.0,20.0,0.16666666666666666,1.6721108165858891,22,19,18,1,0.027510180593032695,0,0,0,0,0,0,1,0,0,1,1176,8,0,119,1
1bl5,A,331,GLU,-3.5,138.4,-1.0,1,3,S,0.4690721649484536,-112.0,-2.3,7.0,19.0,0.2692307692307692,1.8046337361849762,24,23,24,-1,0.02797645484037223,0,0,0,0,0,0,1,0,0,1,1176,8,0,119,1
1bl5,A,332,CYS,2.5,108.5,0.0,1,0,-,0.05925925925925926,-165.0,179.0,20.0,18.0,0.5263157894736842,1.9183834092596623,31,30,32,-2,0.04662742473395372,0,0,0,0,0,0,0,0,0,-1,0,0,0,0,0
1bl5,A,333,ALA,1.8,88.6,0.0,0,0,E,0.0,-146.5,151.4,21.0,23.0,0.4772727272727273,2.7449961110257703,38,29,18,11,0.04662742473395372,0,0,1,0,0,0,0,0,0,-1,0,0,0,0,0
1bl5,A,334,LEU,3.8,166.7,0.0,0,0,E,0.006097560975609756,-140.4,113.9,23.0,27.0,0.46,6.472947986552445,41,29,10,19,0.048958795970651406,0,0,1,0,0,0,0,0,0,-1,0,0,0,0,0
1bl5,A,335,PHE,2.8,189.9,0.0,0,0,E,0.015228426395939087,-92.7,151.8,22.0,24.0,0.4782608695652174,4.458347021300203,42,24,15,9,0.05175644145468863,0,0,1,0,0,0,0,0,0,-1,0,0,0,0,0
1bl5,A,336,GLU,-3.5,138.4,-1.0,1,3,E,0.020618556701030927,-152.5,159.7,19.0,28.0,0.40425531914893614,3.048990252856184,39,38,0,38,0.04989134446533048,0,0,1,0,0,0,0,0,0,-1,0,0,0,0,0
1bl5,A,337,ALA,1.8,88.6,0.0,0,0,E,0.03773584905660377,-80.0,144.2,24.0,21.0,0.5333333333333333,2.894422775210174,42,27,13,14,0.04755997322863279,0,0,1,0,0,0,0,0,0,9,24,16,0,4,1
1bl5,A,338,THR,-0.7,116.1,0.0,1,1,-,0.2676056338028169,-95.0,-8.7,22.0,18.0,0.55,1.9651645073159385,38,32,19,13,0.04103213376587927,0,0,0,0,0,0,0,0,0,9,24,16,0,4,1
1bl5,A,339,HIS,-3.2,153.2,0.1,2,1,S,0.22282608695652173,-92.5,-176.8,20.0,16.0,0.5555555555555556,1.8535863123146048,34,7,15,-8,0.029375277582390842,0,0,0,0,0,0,1,0,0,9,24,16,0,4,1
1bl5,A,340,GLY,-0.4,60.1,0.0,0,0,-,0.5595238095238095,-92.6,-165.2,6.0,27.0,0.18181818181818182,1.7509368513887014,27,13,8,5,0.02611135785101408,0,0,0,0,0,0,0,0,0,9,24,16,0,4,1
1bl5,A,341,THR,-0.7,116.1,0.0,1,1,-,0.176056338028169,-86.3,-23.5,10.0,22.0,0.3125,2.275911603169685,27,14,14,0,0.03730193978716297,0,0,0,0,0,0,0,0,0,9,24,16,0,4,1
1bl5,A,342,ALA,1.8,88.6,0.0,0,0,-,0.330188679245283,43.6,63.5,16.0,9.0,0.64,2.077249384755097,23,20,8,12,0.03124037457174899,0,0,0,0,0,0,0,0,0,3,770,4,0,44,1
1bl5,A,343,PRO,-1.6,112.7,0.0,0,0,G,0.7205882352941176,-63.0,-29.3,4.0,18.0,0.18181818181818182,1.9663956216767808,17,9,7,2,0.026577632098353617,0,0,0,1,0,0,0,0,0,3,770,4,0,44,1
1bl5,A,344,LYS,-3.9,168.6,1.0,2,0,G,0.7609756097560976,-50.8,-38.8,3.0,11.0,0.21428571428571427,1.9054589508906499,12,6,0,6,0.021914889624958248,0,0,0,1,0,0,0,0,0,3,770,4,0,44,1
1bl5,A,345,TYR,-1.3,193.6,0.0,1,1,G,0.24324324324324326,-103.2,1.1,14.0,8.0,0.6363636363636364,2.3503281380565526,18,21,11,10,0.03916703677652112,0,0,0,1,0,0,0,0,0,3,770,4,0,44,1
1bl5,A,346,ALA,1.8,88.6,0.0,0,0,T,0.3490566037735849,-60.7,128.5,12.0,11.0,0.5217391304347826,1.9294176371378895,20,14,20,-6,0.03963331102386066,0,0,0,0,0,1,0,0,0,3,770,4,0,44,1
1bl5,A,347,GLY,-0.4,60.1,0.0,0,0,T,0.6428571428571429,92.2,-12.5,4.0,18.0,0.18181818181818182,1.8035603274077097,19,12,16,-4,0.026577632098353617,0,0,0,0,0,1,0,0,0,-1,0,0,0,0,0
1bl5,A,348,GLN,-3.5,143.8,0.0,2,2,S,0.5808080808080808,-85.5,7.4,10.0,10.0,0.5,1.7894945030963514,16,22,14,8,0.02471253510899547,0,0,0,0,0,0,1,0,0,3,770,4,0,44,1
1bl5,A,349,ASP,-3.5,111.1,-1.0,1,3,S,0.26380368098159507,42.4,39.7,9.0,19.0,0.32142857142857145,1.794689305676378,25,19,17,2,0.03683566553982344,0,0,0,0,0,0,1,0,0,-1,0,0,0,0,0
1bl5,A,350,LYS,-3.9,168.6,1.0,2,0,-,0.37073170731707317,-113.7,-19.4,11.0,20.0,0.3548387096774194,2.0970341582541163,27,18,24,-6,0.043829779249916496,0,0,0,0,0,0,0,0,0,3,770,4,0,44,1
1bl5,A,351,VAL,4.2,140.0,0.0,0,0,S,0.04929577464788732,-76.2,175.5,23.0,19.0,0.5476190476190477,2.6272654384480956,39,22,24,-2,0.048958795970651406,0,0,0,0,0,0,1,0,0,3,770,4,0,44,1
1bl5,A,352,ASN,-3.5,114.1,0.0,2,2,-,0.05732484076433121,-89.1,120.8,21.0,26.0,0.44680851063829785,2.5152074659617862,38,18,15,3,0.04755997322863279,0,0,0,0,0,0,0,0,0,-1,0,0,0,0,0
1bl5,A,353,PRO,-1.6,112.7,0.0,0,0,-,0.0,-88.7,3.5,27.0,26.0,0.5094339622641509,4.542040573183608,44,14,21,-7,0.05222271570202816,0,0,0,0,0,0,0,0,0,-1,0,0,0,0,0
1bl5,A,354,GLY,-0.4,60.1,0.0,0,0,H,0.0,-70.7,-7.4,22.0,29.0,0.43137254901960786,4.811000102110796,39,7,9,-2,0.043363505002576956,1,0,0,0,0,0,0,0,0,-1,0,0,0,0,0
1bl5,A,355,SER,-0.8,89.0,0.0,1,1,H,0.0,-79.7,-47.1,23.0,19.0,0.5476190476190477,4.562467893212402,41,14,11,3,0.050823892960009553,1,0,0,0,0,0,0,0,0,-1,0,0,0,0,0
1bl5,A,356,ILE,4.5,166.7,0.0,0,0,H,0.005917159763313609,-73.7,-36.5,29.0,20.0,0.5918367346938775,6.584263096015055,46,17,15,2,0.05548663543340492,1,0,0,0,0,0,0,0,0,-1,0,0,0,0,0
1bl5,A,357,ILE,4.5,166.7,0.0,0,0,H,0.0,-60.7,-47.8,26.0,24.0,0.52,6.103991559520709,47,7,13,-6,0.045694876239274644,1,0,0,0,0,0,0,0,0,-1,0,0,0,0,0
1bl5,A,358,LEU,3.8,166.7,0.0,0,0,H,0.006097560975609756,-68.0,-24.4,22.0,28.0,0.44,2.2173637488515316,40,11,14,-3,0.04662742473395372,1,0,0,0,0,0,0,0,0,-1,0,0,0,0,0
1bl5,A,359,SER,-0.8,89.0,0.0,1,1,H,0.0,-75.4,-30.9,28.0,16.0,0.6363636363636364,4.399783099773653,38,16,18,-2,0.05408781269138631,1,0,0,0,0,0,0,0,0,-1,0,0,0,0,0
1bl5,A,360,ALA,1.8,88.6,0.0,0,0,H,0.0,-63.8,-37.3,23.0,27.0,0.46,5.811799137407526,43,14,15,-1,0.050823892960009553,1,0,0,0,0,0,0,0,0,-1,0,0,0,0,0
1bl5,A,361,GLU,-3.5,138.4,-1.0,1,3,H,0.12886597938144329,-51.4,-51.8,18.0,24.0,0.42857142857142855,2.694969496940271,37,19,12,7,0.048492521723311866,1,0,0,0,0,0,0,0,0,-1,0,0,0,0,0
1bl5,A,362,MET,1.9,162.9,0.0,0,0,H,0.11702127659574468,-59.7,-34.3,22.0,18.0,0.55,2.1507761200538864,36,27,13,14,0.045694876239274644,1,0,0,0,0,0,0,0,0,-1,0,0,0,0,0
1bl5,A,363,MET,1.9,162.9,0.0,0,0,H,0.0,-66.0,-51.0,20.0,21.0,0.4878048780487805,5.072613583929006,40,21,12,9,0.048958795970651406,1,0,0,0,0,0,0,0,0,-1,0,0,0,0,0
1bl5,A,364,LEU,3.8,166.7,0.0,0,0,H,0.0,-64.4,-40.7,22.0,17.0,0.5641025641025641,6.08192591308473,40,23,22,1,0.053155264196707235,1,0,0,0,0,0,0,0,0,2,387,16,0,65,1
1bl5,A,365,ARG,-4.5,173.4,1.0,5,0,H,0.36693548387096775,-62.0,-31.0,12.0,14.0,0.46153846153846156,2.0098937615583754,24,10,25,-15,0.04196468226055834,1,0,0,0,0,0,0,0,0,2,387,16,0,65,1
1bl5,A,366,HIS,-3.2,153.2,0.1,2,1,H,0.43478260869565216,-71.4,-45.0,17.0,13.0,0.5666666666666667,1.8802884703170597,33,22,3,19,0.03450429430312575,1,0,0,0,0,0,0,0,0,2,387,16,0,65,1
1bl5,A,367,MET,1.9,162.9,0.0,0,0,H,0.05851063829787234,-66.4,-21.5,22.0,11.0,0.6666666666666666,3.435745170428461,36,31,7,24,0.04243095650789788,1,0,0,0,0,0,0,0,0,2,387,16,0,65,1
1bl5,A,368,GLY,-0.4,60.1,0.0,0,0,T,0.5,106.1,1.1,8.0,14.0,0.36363636363636365,1.7845763729272095,23,31,15,16,0.03310547156110714,0,0,0,0,0,1,0,0,0,2,387,16,0,65,1
1bl5,A,369,TRP,-0.9,227.8,0.0,1,0,-,0.022026431718061675,-91.9,57.5,24.0,7.0,0.7741935483870968,3.145061842527042,34,26,21,5,0.04289723075523742,0,0,0,0,0,0,0,0,0,2,387,16,0,65,1
1bl5,A,370,THR,-0.7,116.1,0.0,1,1,H,0.39436619718309857,-46.3,-45.0,1.0,20.0,0.047619047619047616,2.4847966341094994,21,20,25,-5,0.03730193978716297,1,0,0,0,0,0,0,0,0,2,387,16,0,65,1
1bl5,A,371,GLU,-3.5,138.4,-1.0,1,3,H,0.5257731958762887,-65.2,-35.1,7.0,19.0,0.2692307692307692,1.8808287453568378,18,23,8,15,0.03450429430312575,1,0,0,0,0,0,0,0,0,2,387,16,0,65,1
1bl5,A,372,ALA,1.8,88.6,0.0,0,0,H,0.0,-74.5,-44.0,24.0,12.0,0.6666666666666666,4.043641235949305,34,29,35,-6,0.05408781269138631,1,0,0,0,0,0,0,0,0,-1,0,0,0,0,0
1bl5,A,373,ALA,1.8,88.6,0.0,0,0,H,0.0,-56.9,-49.4,12.0,22.0,0.35294117647058826,4.416864501063612,32,19,26,-7,0.050823892960009553,1,0,0,0,0,0,0,0,0,2,387,16,0,65,1
1bl5,A,374,ASP,-3.5,111.1,-1.0,1,3,H,0.4723926380368098,-62.1,-22.5,3.0,23.0,0.11538461538461539,1.8646686367904348,23,20,22,-2,0.03590311704514436,1,0,0,0,0,0,0,0,0,-1,0,0,0,0,0
1bl5,A,375,LEU,3.8,166.7,0.0,0,0,H,0.17073170731707318,-72.7,-50.6,18.0,17.0,0.5142857142857142,2.5499857922796516,29,21,30,-9,0.040099585271200194,1,0,0,0,0,0,0,0,0,28,0,1,0,0,1
1bl5,A,376,ILE,4.5,166.7,0.0,0,0,H,0.0,-53.9,-44.7,26.0,19.0,0.5777777777777777,5.560941812246859,42,16,29,-13,0.05175644145468863,1,0,0,0,0,0,0,0,0,-1,0,0,0,0,0
1bl5,A,377,VAL,4.2,140.0,0.0,0,0,H,0.18309859154929578,-71.0,-28.3,14.0,20.0,0.4117647058823529,2.560477635057072,28,20,28,-8,0.04289723075523742,1,0,0,0,0,0,0,0,0,-1,0,0,0,0,0
1bl5,A,378,LYS,-3.9,168.6,1.0,2,0,H,0.5609756097560976,-58.6,-41.6,10.0,14.0,0.4166666666666667,1.9462141657725698,22,4,23,-19,0.03730193978716297,1,0,0,0,0,0,0,0,0,-1,0,0,0,0,0
1bl5,A,379,GLY,-0.4,60.1,0.0,0,0,H,0.0,-59.7,-54.4,22.0,12.0,0.6470588235294118,3.362515822238193,31,10,26,-16,0.048492521723311866,1,0,0,0,0,0,0,0,0,-1,0,0,0,0,0
1bl5,A,380,MET,1.9,162.9,0.0,0,0,H,0.0,-68.2,-29.4,18.0,22.0,0.45,4.94814437092853,39,11,18,-7,0.04709369898129325,1,0,0,0,0,0,0,0,0,-1,0,0,0,0,0
1bl5,A,381,GLU,-3.5,138.4,-1.0,1,3,H,0.4690721649484536,-71.1,-31.8,9.0,20.0,0.3103448275862069,1.8668867151876694,25,14,3,11,0.040565859518539735,1,0,0,0,0,0,0,0,0,-1,0,0,0,0,0
1bl5,A,382,GLY,-0.4,60.1,0.0,0,0,H,0.2261904761904762,-68.5,-51.7,14.0,13.0,0.5185185185185185,1.7886356665140317,25,14,18,-4,0.03683566553982344,1,0,0,0,0,0,0,0,0,22,4,5,0,0,1
1bl5,A,383,ALA,1.8,88.6,0.0,0,0,H,0.0,-53.8,-56.0,20.0,14.0,0.5882352941176471,3.240126444971544,34,14,23,-9,0.04662742473395372,1,0,0,0,0,0,0,0,0,22,4,5,0,0,1
1bl5,A,384,ILE,4.5,166.7,0.0,0,0,H,0.005917159763313609,-56.7,-44.8,16.0,20.0,0.4444444444444444,3.2781792161869125,34,12,10,2,0.04709369898129325,1,0,0,0,0,0,0,0,0,22,4,5,0,0,1
1bl5,A,385,ASN,-3.5,114.1,0.0,2,2,H,0.6942675159235668,-69.0,-21.3,9.0,15.0,0.375,1.8439312079181562,17,11,9,2,0.03170664881908853,1,0,0,0,0,0,0,0,0,22,4,5,0,0,1
1bl5,A,386,ALA,1.8,88.6,0.0,0,0,T,0.5094339622641509,-88.7,15.3,15.0,11.0,0.5769230769230769,1.767718899150133,23,16,9,7,0.027043906345693154,0,0,0,0,0,1,0,0,0,22,4,5,0,0,1
1bl5,A,387,LYS,-3.9,168.6,1.0,2,0,T,0.5463414634146342,45.2,40.0,8.0,22.0,0.26666666666666666,2.0368050437780436,23,7,15,-8,0.035436842797804825,0,0,0,0,0,1,0,0,0,22,4,5,0,0,1
1bl5,A,388,THR,-0.7,116.1,0.0,1,1,E,0.19014084507042253,-112.1,103.2,15.0,20.0,0.42857142857142855,2.8431867293195414,29,20,21,-1,0.03916703677652112,0,0,1,0,0,0,0,0,0,22,4,5,0,0,1
1bl5,A,389,VAL,4.2,140.0,0.0,0,0,E,0.0,-154.1,173.5,22.0,19.0,0.5365853658536586,5.0016812936148956,36,25,23,2,0.05129016720734909,0,0,1,0,0,0,0,0,0,-1,0,0,0,0,0
1bl5,A,390,THR,-0.7,116.1,0.0,1,1,-,0.0,-91.2,164.6,17.0,17.0,0.5,3.2781333931921433,34,29,27,2,0.05222271570202816,0,0,0,0,0,0,0,0,0,-1,0,0,0,0,0
1bl5,A,391,TYR,-1.3,193.6,0.0,1,1,H,0.1891891891891892,-44.7,-45.6,7.0,20.0,0.25925925925925924,2.0096761056139427,21,25,19,6,0.04289723075523742,1,0,0,0,0,0,0,0,0,3,770,4,0,44,1
1bl5,A,392,ASP,-3.5,111.1,-1.0,1,3,H,0.1901840490797546,-58.2,-29.0,14.0,15.0,0.4827586206896552,1.9443709803712426,25,19,9,10,0.03776821403450251,1,0,0,0,0,0,0,0,0,-1,0,0,0,0,0
1bl5,A,393,PHE,2.8,189.9,0.0,0,0,H,0.04568527918781726,-95.7,-33.2,25.0,10.0,0.7142857142857143,3.1568529118838735,38,16,18,-2,0.04243095650789788,1,0,0,0,0,0,0,0,0,11,71,3,0,2,1
1bl5,A,394,GLU,-3.5,138.4,-1.0,1,3,H,0.36082474226804123,-62.5,-40.9,12.0,13.0,0.48,2.1460810996684883,18,23,14,9,0.04429605349725603,1,0,0,0,0,0,0,0,0,11,71,3,0,2,1
1bl5,A,395,ARG,-4.5,173.4,1.0,5,0,T,0.7258064516129032,-45.3,-39.5,3.0,14.0,0.17647058823529413,1.8870985176944437,12,3,17,-14,0.027043906345693154,0,0,0,0,0,1,0,0,0,-1,0,0,0,0,0
1bl5,A,396,LEU,3.8,166.7,0.0,0,0,T,0.6951219512195121,-104.1,15.8,9.0,10.0,0.47368421052631576,1.9410009521171192,17,10,25,-15,0.02797645484037223,0,0,0,0,0,1,0,0,0,11,71,3,0,2,1
1bl5,A,397,MET,1.9,162.9,0.0,0,0,-,0.15425531914893617,-130.0,146.5,20.0,4.0,0.8333333333333334,2.0517747812715754,22,19,21,-2,0.03170664881908853,0,0,0,0,0,0,0,0,0,11,71,3,0,2,1
1bl5,A,398,ASP,-3.5,111.1,-1.0,1,3,T,0.9202453987730062,-87.2,84.6,2.0,14.0,0.125,1.6721165235946747,11,13,8,5,0.018650969893581486,0,0,0,0,0,1,0,0,0,11,71,3,0,2,1
1bl5,A,399,GLY,-0.4,60.1,0.0,0,0,T,0.8095238095238095,97.7,55.9,1.0,14.0,0.06666666666666667,1.7095511601984508,16,20,17,3,0.01818469564624195,0,0,0,0,0,1,0,0,0,11,71,3,0,2,1
1bl5,A,400,ALA,1.8,88.6,0.0,0,0,-,0.22641509433962265,-117.3,166.4,21.0,2.0,0.9130434782608695,1.816936783717129,20,22,17,5,0.032639197313767604,0,0,0,0,0,0,0,0,0,11,71,3,0,2,1
1bl5,A,401,LYS,-3.9,168.6,1.0,2,0,E,0.751219512195122,-96.2,126.6,11.0,12.0,0.4782608695652174,2.1605287219963625,16,11,14,-3,0.029375277582390842,0,0,1,0,0,0,0,0,0,-1,0,0,0,0,0
1bl5,A,402,LEU,3.8,166.7,0.0,0,0,E,0.573170731707317,-80.9,133.4,7.0,21.0,0.25,1.9373775406227327,19,34,22,12,0.03450429430312575,0,0,1,0,0,0,0,0,0,-1,0,0,0,0,0
1bl5,A,403,LEU,3.8,166.7,0.0,0,0,-,0.15853658536585366,-122.7,152.5,20.0,9.0,0.6896551724137931,2.0873241240751534,28,26,35,-9,0.04103213376587927,0,0,0,0,0,0,0,0,0,-1,0,0,0,0,0
1bl5,A,404,LYS,-3.9,168.6,1.0,2,0,-,0.5365853658536586,-78.3,171.2,8.0,20.0,0.2857142857142857,2.3308895445419306,21,12,25,-13,0.03963331102386066,0,0,0,0,0,0,0,0,0,-1,0,0,0,0,0
1bl5,A,405,CYS,2.5,108.5,0.0,1,0,H,0.0,-63.6,-51.8,21.0,17.0,0.5526315789473685,3.019353210039558,35,21,34,-13,0.050823892960009553,1,0,0,0,0,0,0,0,0,-1,0,0,0,0,0
1bl5,A,406,SER,-0.8,89.0,0.0,1,1,H,0.27692307692307694,-56.7,-43.8,6.0,26.0,0.1875,2.0089816898351374,27,22,33,-11,0.040099585271200194,1,0,0,0,0,0,0,0,0,16,4,10,0,0,1
1bl5,A,407,GLU,-3.5,138.4,-1.0,1,3,H,0.36597938144329895,-60.7,-38.1,11.0,19.0,0.36666666666666664,1.769973122357865,21,22,19,3,0.035436842797804825,1,0,0,0,0,0,0,0,0,-1,0,0,0,0,0
1bl5,A,408,PHE,2.8,189.9,0.0,0,0,H,0.005076142131979695,-66.7,-29.8,25.0,15.0,0.625,5.0693300346589085,42,16,29,-13,0.04662742473395372,1,0,0,0,0,0,0,0,0,-1,0,0,0,0,0
1bl5,A,409,GLY,-0.4,60.1,0.0,0,0,H,0.0,-66.7,-38.6,22.0,23.0,0.4888888888888889,4.34094582784432,36,14,28,-14,0.048958795970651406,1,0,0,0,0,0,0,0,0,16,4,10,0,0,1
1bl5,A,410,ASP,-3.5,111.1,-1.0,1,3,H,0.4110429447852761,-65.6,-38.7,5.0,27.0,0.15625,1.9134166548985074,23,14,18,-4,0.03683566553982344,1,0,0,0,0,0,0,0,0,16,4,10,0,0,1
1bl5,A,411,ALA,1.8,88.6,0.0,0,0,H,0.018867924528301886,-66.2,-34.8,21.0,14.0,0.6,2.2236251646436758,31,10,28,-18,0.04196468226055834,1,0,0,0,0,0,0,0,0,16,4,10,0,0,1
1bl5,A,412,ILE,4.5,166.7,0.0,0,0,H,0.0,-63.4,-45.6,20.0,19.0,0.5128205128205128,5.453442429706707,35,13,26,-13,0.04989134446533048,1,0,0,0,0,0,0,0,0,-1,0,0,0,0,0
1bl5,A,413,ILE,4.5,166.7,0.0,0,0,H,0.3076923076923077,-61.3,-41.0,16.0,18.0,0.47058823529411764,2.240582361757697,29,16,26,-10,0.040565859518539735,1,0,0,0,0,0,0,0,0,16,4,10,0,0,1
1bl5,A,414,GLU,-3.5,138.4,-1.0,1,3,H,0.7577319587628866,-52.4,-32.2,10.0,15.0,0.4,1.730506647493677,20,2,12,-10,0.02844272908771177,1,0,0,0,0,0,0,0,0,-1,0,0,0,0,0
1bl5,A,415,ASN,-3.5,114.1,0.0,2,2,T,0.3184713375796178,-102.5,13.9,16.0,9.0,0.64,1.7845694693394591,24,10,22,-12,0.03450429430312575,0,0,0,0,0,1,0,0,0,-1,0,0,0,0,0
1bl5,A,416,MET,1.9,162.9,0.0,0,0,-,0.19148936170212766,-75.7,360.0,19.0,9.0,0.6785714285714286,2.0763365121841533,27,18,23,-5,0.034970568550465285,0,0,0,0,0,0,0,0,0,28,0,1,0,0,1
1g9b,A,1,PRO,-1.6,112.7,0.0,0,0,-,1.0,360.0,167.3,4.0,18.0,0.18181818181818182,1.8847375128508734,13,11,19,-8,0.01818469564624195,0,0,0,0,0,0,0,0,0,44,124,4,0,5,1
1g9b,A,2,VAL,4.2,140.0,0.0,0,0,-,0.06338028169014084,-109.8,128.5,25.0,3.0,0.8928571428571429,1.9765545814620602,25,16,26,-10,0.030307826077069916,0,0,0,0,0,0,0,0,0,44,124,4,0,5,1
1g9b,A,3,THR,-0.7,116.1,0.0,1,1,-,0.7253521126760564,-100.6,124.9,5.0,16.0,0.23809523809523808,1.8513293633349357,17,10,14,-4,0.026577632098353617,0,0,0,0,0,0,0,0,0,44,124,4,0,5,1
1g9b,A,4,ILE,4.5,166.7,0.0,0,0,-,0.08284023668639054,-102.1,112.5,14.0,18.0,0.4375,2.295834809249185,29,22,10,12,0.03916703677652112,0,0,0,0,0,0,0,0,0,44,124,4,0,5,1
1g9b,A,5,ASN,-3.5,114.1,0.0,2,2,-,0.25477707006369427,-69.7,157.2,13.0,11.0,0.5416666666666666,2.066628901510584,24,11,9,2,0.03310547156110714,0,0,0,0,0,0,0,0,0,-1,0,0,0,0,0
1g9b,A,6,ASN,-3.5,114.1,0.0,2,2,-,0.8089171974522293,-117.2,147.3,0.0,23.0,0.0,1.7623127832249037,20,6,4,2,0.02611135785101408,0,0,0,0,0,0,0,0,0,-1,0,0,0,0,0
1g9b,A,7,PHE,2.8,189.9,0.0,0,0,-,0.05583756345177665,-175.3,165.0,19.0,9.0,0.6785714285714286,2.5590065870495775,31,13,9,4,0.034970568550465285,0,0,0,0,0,0,0,0,0,15,1133,5,0,66,1
1g9b,A,8,ASN,-3.5,114.1,0.0,2,2,-,0.5286624203821656,-117.6,150.8,4.0,25.0,0.13793103448275862,2.225939747870856,18,5,9,-4,0.03823448828184205,0,0,0,0,0,0,0,0,0,15,1133,5,0,66,1
1g9b,A,9,TYR,-1.3,193.6,0.0,1,1,T,0.0945945945945946,-56.0,-35.6,16.0,14.0,0.5333333333333333,2.479727293241457,28,23,22,1,0.04616115048661418,0,0,0,0,0,1,0,0,0,15,1133,5,0,66,1
1g9b,A,10,ASN,-3.5,114.1,0.0,2,2,T,0.7388535031847133,-82.4,-1.2,4.0,17.0,0.19047619047619047,1.7221459009473243,17,12,14,-2,0.03170664881908853,0,0,0,0,0,1,0,0,0,15,1133,5,0,66,1
1g9b,A,11,ASP,-3.5,111.1,-1.0,1,3,S,0.2822085889570552,-58.8,146.0,13.0,5.0,0.7222222222222222,1.8194254109116401,18,5,6,-1,0.02984155182973038,0,0,0,0,0,0,1,0,0,15,1133,5,0,66,1
1g9b,A,12,PRO,-1.6,112.7,0.0,0,0,P,0.7867647058823529,-63.1,148.2,1.0,15.0,0.0625,1.972460485958404,16,5,16,-11,0.023779986614316396,0,0,0,0,0,0,0,0,0,15,1133,5,0,66,1
1g9b,A,13,ILE,4.5,166.7,0.0,0,0,P,0.4437869822485207,-71.7,129.3,13.0,12.0,0.52,1.9505538917858478,25,12,16,-4,0.03357174580844668,0,0,0,0,0,0,0,0,0,15,1133,5,0,66,1
1g9b,A,14,ASP,-3.5,111.1,-1.0,1,3,-,0.5030674846625767,-118.4,2.2,9.0,11.0,0.45,1.8820583278044811,19,12,7,5,0.027510180593032695,0,0,0,0,0,0,0,0,0,85,2,13,0,0,1
1g9b,A,15,ASN,-3.5,114.1,0.0,2,2,S,0.3248407643312102,64.2,12.2,9.0,17.0,0.34615384615384615,1.9714237689111909,24,28,10,18,0.03963331102386066,0,0,0,0,0,0,1,0,0,85,2,13,0,0,1
1g9b,A,16,ASN,-3.5,114.1,0.0,2,2,S,0.5095541401273885,-123.5,-70.1,2.0,25.0,0.07407407407407407,2.2569788859923614,20,16,17,-1,0.03403802005578621,0,0,0,0,0,0,1,0,0,85,2,13,0,0,1
1g9b,A,17,ASN,-3.5,114.1,0.0,2,2,S,0.267515923566879,-101.7,-14.9,10.0,20.0,0.3333333333333333,2.175320557799788,26,13,21,-8,0.040099585271200194,0,0,0,0,0,0,1,0,0,85,2,13,0,0,1
1g9b,A,18,ILE,4.5,166.7,0.0,0,0,E,0.05325443786982249,-131.9,114.4,10.0,20.0,0.3333333333333333,3.3822307861606467,29,23,17,6,0.05035761871267001,0,0,1,0,0,0,0,0,0,15,1133,5,0,66,1
1g9b,A,19,ILE,4.5,166.7,0.0,0,0,E,0.0,-131.8,-176.4,20.0,16.0,0.5555555555555556,5.336261183010069,30,32,16,16,0.05502036118606539,0,0,1,0,0,0,0,0,0,-1,0,0,0,0,0
1g9b,A,20,MET,1.9,162.9,0.0,0,0,E,0.11702127659574468,-119.1,102.9,14.0,21.0,0.4,3.018720992139725,35,35,15,20,0.04662742473395372,0,0,1,0,0,0,0,0,0,-1,0,0,0,0,0
1g9b,A,21,MET,1.9,162.9,0.0,0,0,E,0.0,-96.2,152.2,21.0,21.0,0.5,7.059050357797339,39,28,10,18,0.05129016720734909,0,0,1,0,0,0,0,0,0,-1,0,0,0,0,0
1g9b,A,22,GLU,-3.5,138.4,-1.0,1,3,E,0.05154639175257732,-112.0,95.6,20.0,14.0,0.5882352941176471,4.078383275307088,36,37,0,37,0.050823892960009553,0,0,1,0,0,0,0,0,0,-1,0,0,0,0,0
1g9b,A,23,PRO,-1.6,112.7,0.0,0,0,-,0.007352941176470588,-51.5,144.6,20.0,27.0,0.425531914893617,4.320041864542296,35,17,10,7,0.04709369898129325,0,0,0,0,0,0,0,0,0,-1,0,0,0,0,0
1g9b,A,24,PRO,-1.6,112.7,0.0,0,0,G,0.08823529411764706,-51.5,-42.0,24.0,20.0,0.5454545454545454,6.383823682440936,39,11,18,-7,0.04709369898129325,0,0,0,1,0,0,0,0,0,19,600,6,0,39,1
1g9b,A,25,PHE,2.8,189.9,0.0,0,0,G,0.050761421319796954,-79.2,2.1,16.0,20.0,0.4444444444444444,3.0151948167080658,35,12,15,-3,0.04149840801321881,0,0,0,1,0,0,0,0,0,-1,0,0,0,0,0
1g9b,A,26,ALA,1.8,88.6,0.0,0,0,G,0.1320754716981132,-82.7,-8.4,13.0,12.0,0.52,1.957225645793912,26,16,11,5,0.03963331102386066,0,0,0,1,0,0,0,0,0,19,600,6,0,39,1
1g9b,A,27,ARG,-4.5,173.4,1.0,5,0,T,0.45161290322580644,54.6,29.5,6.0,20.0,0.23076923076923078,1.9785926381407342,21,0,17,-17,0.03683566553982344,0,0,0,0,0,1,0,0,0,19,600,6,0,39,1
1g9b,A,28,GLY,-0.4,60.1,0.0,0,0,T,0.25,68.2,23.9,14.0,14.0,0.5,2.036872917642982,24,19,13,6,0.03776821403450251,0,0,0,0,0,1,0,0,0,19,600,6,0,39,1
1g9b,A,29,THR,-0.7,116.1,0.0,1,1,-,0.6619718309859155,-134.6,168.6,2.0,16.0,0.1111111111111111,1.918272508930637,17,18,9,9,0.02471253510899547,0,0,0,0,0,0,0,0,0,-1,0,0,0,0,0
1g9b,A,30,GLY,-0.4,60.1,0.0,0,0,S,0.7738095238095238,76.8,-170.7,9.0,6.0,0.6,1.7096322625652671,16,18,9,9,0.021914889624958248,0,0,0,0,0,0,1,0,0,-1,0,0,0,0,0
1g9b,A,31,ARG,-4.5,173.4,1.0,5,0,-,0.5040322580645161,-82.6,167.7,4.0,16.0,0.2,1.833086089567272,23,5,16,-11,0.025645083603674543,0,0,0,0,0,0,0,0,0,-1,0,0,0,0,0
1g9b,A,32,TYR,-1.3,193.6,0.0,1,1,-,0.04504504504504504,-96.0,167.4,17.0,12.0,0.5862068965517241,2.6632724226078954,35,34,15,19,0.040099585271200194,0,0,0,0,0,0,0,0,0,-1,0,0,0,0,0
1g9b,A,33,TYR,-1.3,193.6,0.0,1,1,E,0.1891891891891892,-120.6,133.6,19.0,14.0,0.5757575757575758,2.1748840491180497,32,25,17,8,0.04103213376587927,0,0,1,0,0,0,0,0,0,95,0,13,0,0,1
1g9b,A,34,LYS,-3.9,168.6,1.0,2,0,E,0.16585365853658537,-66.9,123.7,13.0,24.0,0.35135135135135137,2.3874617408086354,29,13,14,-1,0.04476232774459557,0,0,1,0,0,0,0,0,0,15,1133,5,0,66,1
1g9b,A,35,ALA,1.8,88.6,0.0,0,0,E,0.0,-125.6,146.4,24.0,19.0,0.5581395348837209,5.900943378310272,38,23,13,10,0.0526889899493677,0,0,1,0,0,0,0,0,0,-1,0,0,0,0,0
1g9b,A,36,PHE,2.8,189.9,0.0,0,0,E,0.0,-120.9,127.0,22.0,22.0,0.5,5.171049950752672,37,22,15,7,0.0526889899493677,0,0,1,0,0,0,0,0,0,15,1133,5,0,66,1
1g9b,A,37,LYS,-3.9,168.6,1.0,2,0,E,0.05365853658536585,-78.4,99.8,17.0,22.0,0.4358974358974359,3.2069425548832142,28,9,16,-7,0.0526889899493677,0,0,1,0,0,0,0,0,0,85,2,13,0,0,1
1g9b,A,38,ILE,4.5,166.7,0.0,0,0,E,0.0,-72.5,-30.7,20.0,18.0,0.5263157894736842,4.9712602196984665,34,19,8,11,0.05408781269138631,0,0,1,0,0,0,0,0,0,-1,0,0,0,0,0
1g9b,A,39,THR,-0.7,116.1,0.0,1,1,E,0.014084507042253521,-157.1,170.3,19.0,16.0,0.5428571428571428,2.610872127074685,30,20,12,8,0.04289723075523742,0,0,1,0,0,0,0,0,0,-1,0,0,0,0,0
1g9b,A,40,ASP,-3.5,111.1,-1.0,1,3,T,0.5460122699386503,-53.6,136.6,16.0,18.0,0.47058823529411764,2.0208080807095214,30,20,11,9,0.040099585271200194,0,0,0,0,0,1,0,0,0,-1,0,0,0,0,0
1g9b,A,41,ARG,-4.5,173.4,1.0,5,0,T,0.028225806451612902,61.9,3.2,23.0,21.0,0.5227272727272727,3.191784158688273,33,9,18,-9,0.04755997322863279,0,0,0,0,0,1,0,0,0,-1,0,0,0,0,0
1g9b,A,42,ILE,4.5,166.7,0.0,0,0,E,0.0,-122.8,124.1,19.0,22.0,0.4634146341463415,5.925888928695759,39,19,11,8,0.053155264196707235,0,0,1,0,0,0,0,0,0,-1,0,0,0,0,0
1g9b,A,43,TRP,-0.9,227.8,0.0,1,0,E,0.0,-117.7,144.1,23.0,18.0,0.5609756097560976,6.907117917377309,38,26,13,13,0.05408781269138631,0,0,1,0,0,0,0,0,0,-1,0,0,0,0,0
1g9b,A,44,ILE,4.5,166.7,0.0,0,0,E,0.005917159763313609,-114.4,129.9,21.0,27.0,0.4375,8.578028670747157,36,16,6,10,0.05455408693872585,0,0,1,0,0,0,0,0,0,-1,0,0,0,0,0
1g9b,A,45,ILE,4.5,166.7,0.0,0,0,E,0.0,-121.7,100.9,19.0,19.0,0.5,6.1335498567698,39,24,11,13,0.05175644145468863,0,0,1,0,0,0,0,0,0,-1,0,0,0,0,0
1g9b,A,46,PRO,-1.6,112.7,0.0,0,0,-,0.0,-71.9,65.4,23.0,19.0,0.5476190476190477,4.767640928057813,34,30,12,18,0.053155264196707235,0,0,0,0,0,0,0,0,0,-1,0,0,0,0,0
1g9b,A,47,GLU,-3.5,138.4,-1.0,1,3,S,0.26288659793814434,-149.0,158.9,12.0,28.0,0.3,2.208682597458372,33,29,0,29,0.04616115048661418,0,0,0,0,0,0,1,0,0,-1,0,0,0,0,0
1g9b,A,48,ARG,-4.5,173.4,1.0,5,0,-,0.10887096774193548,-62.8,146.0,17.0,19.0,0.4722222222222222,2.2680575152006166,33,12,24,-12,0.04755997322863279,0,0,0,0,0,0,0,0,0,95,0,13,0,0,1
1g9b,A,49,TYR,-1.3,193.6,0.0,1,1,-,0.0,-85.7,117.5,22.0,17.0,0.5641025641025641,4.900084001127581,34,19,16,3,0.04989134446533048,0,0,0,0,0,0,0,0,0,95,0,13,0,0,1
1g9b,A,50,THR,-0.7,116.1,0.0,1,1,-,0.4225352112676056,-115.1,-6.2,9.0,19.0,0.32142857142857145,2.1150582610450637,25,22,13,9,0.04103213376587927,0,0,0,0,0,0,0,0,0,95,0,13,0,0,1
1g9b,A,51,PHE,2.8,189.9,0.0,0,0,T,0.09137055837563451,-62.6,112.2,16.0,14.0,0.5333333333333333,2.5363780714918196,33,19,6,13,0.04196468226055834,0,0,0,0,0,1,0,0,0,95,0,13,0,0,1
1g9b,A,52,GLY,-0.4,60.1,0.0,0,0,T,0.2619047619047619,93.9,-0.1,11.0,10.0,0.5238095238095238,1.7096756960988004,20,13,16,-3,0.03776821403450251,0,0,0,0,0,1,0,0,0,95,0,13,0,0,1
1g9b,A,53,TYR,-1.3,193.6,0.0,1,1,-,0.13513513513513514,-113.5,145.2,15.0,8.0,0.6521739130434783,2.4148182968933267,29,28,23,5,0.04616115048661418,0,0,0,0,0,0,0,0,0,90,2,7,0,0,1
1g9b,A,54,LYS,-3.9,168.6,1.0,2,0,-,0.4585365853658537,-83.0,139.4,7.0,12.0,0.3684210526315789,2.0575057118140188,16,9,26,-17,0.03124037457174899,0,0,0,0,0,0,0,0,0,90,2,7,0,0,1
1g9b,A,55,PRO,-1.6,112.7,0.0,0,0,G,0.7720588235294118,-49.5,-47.3,0.0,17.0,0.0,1.8811258722796267,16,12,17,-5,0.02611135785101408,0,0,0,1,0,0,0,0,0,90,2,7,0,0,1
1g9b,A,56,GLU,-3.5,138.4,-1.0,1,3,G,0.5670103092783505,-67.0,-17.4,4.0,13.0,0.23529411764705882,1.736778596983904,15,19,9,10,0.02611135785101408,0,0,0,1,0,0,0,0,0,90,2,7,0,0,1
1g9b,A,57,ASP,-3.5,111.1,-1.0,1,3,G,0.07975460122699386,-71.8,-12.3,16.0,11.0,0.5925925925925926,2.3529661336037426,26,25,16,9,0.045228601991935104,0,0,0,1,0,0,0,0,0,90,2,7,0,0,1
1g9b,A,58,PHE,2.8,189.9,0.0,0,0,G,0.09137055837563451,-74.2,-10.2,13.0,19.0,0.40625,2.2706844022946595,26,26,28,-2,0.04755997322863279,0,0,0,1,0,0,0,0,0,95,0,13,0,0,1
1g9b,A,59,ASN,-3.5,114.1,0.0,2,2,S,0.5286624203821656,-97.0,145.9,4.0,23.0,0.14814814814814814,2.0171472284269174,22,27,30,-3,0.03590311704514436,0,0,0,0,0,0,1,0,0,77,9,9,0,0,1
1g9b,A,60,LYS,-3.9,168.6,1.0,2,0,-,0.43902439024390244,-64.9,133.2,14.0,15.0,0.4827586206896552,2.0082677005737195,25,18,28,-10,0.03870076252918159,0,0,0,0,0,0,0,0,0,77,9,9,0,0,1
1g9b,A,61,SER,-0.8,89.0,0.0,1,1,-,0.34615384615384615,-134.3,-165.9,13.0,14.0,0.48148148148148145,1.9802398828062138,23,22,21,1,0.027510180593032695,0,0,0,0,0,0,0,0,0,77,9,9,0,0,1
1g9b,A,62,SER,-0.8,89.0,0.0,1,1,S,0.8076923076923077,-85.9,11.3,3.0,19.0,0.13636363636363635,1.7775295823577821,18,18,2,16,0.02471253510899547,0,0,0,0,0,0,1,0,0,77,9,9,0,0,1
1g9b,A,63,GLY,-0.4,60.1,0.0,0,0,E,0.05952380952380952,-117.7,173.0,10.0,20.0,0.3333333333333333,2.517434875025556,27,23,22,1,0.03916703677652112,0,0,1,0,0,0,0,0,0,77,9,9,0,0,1
1g9b,A,64,ILE,4.5,166.7,0.0,0,0,E,0.0,-144.1,154.8,19.0,15.0,0.5588235294117647,3.4110709637328753,32,31,28,3,0.05175644145468863,0,0,1,0,0,0,0,0,0,-1,0,0,0,0,0
1g9b,A,65,PHE,2.8,189.9,0.0,0,0,S,0.17258883248730963,-92.3,-41.7,18.0,18.0,0.5,2.1832826116011823,33,23,37,-14,0.040565859518539735,0,0,0,0,0,0,1,0,0,-1,0,0,0,0,0
1g9b,A,66,ASN,-3.5,114.1,0.0,2,2,-,0.2356687898089172,-118.4,130.3,13.0,17.0,0.43333333333333335,2.141914479475103,30,16,42,-26,0.040099585271200194,0,0,0,0,0,0,0,0,0,96,0,17,0,0,1
1g9b,A,67,ARG,-4.5,173.4,1.0,5,0,T,0.16129032258064516,-71.5,-12.8,14.0,17.0,0.45161290322580644,2.0680589329278307,29,9,35,-26,0.048958795970651406,0,0,0,0,0,1,0,0,0,96,0,17,0,0,1
1g9b,A,68,ASP,-3.5,111.1,-1.0,1,3,T,0.15950920245398773,-117.6,29.5,12.0,20.0,0.375,1.8570626692963021,33,15,45,-30,0.043829779249916496,0,0,0,0,0,1,0,0,0,96,0,17,0,0,1
1g9b,A,69,VAL,4.2,140.0,0.0,0,0,S,0.21830985915492956,-140.2,136.5,14.0,21.0,0.4,2.6296537632879287,34,12,39,-27,0.04103213376587927,0,0,0,0,0,0,1,0,0,96,0,17,0,0,1
1g9b,A,70,CYS,2.5,108.5,0.0,1,0,-,0.08888888888888889,-83.0,94.6,19.0,21.0,0.475,2.0299555158649087,35,19,35,-16,0.043829779249916496,0,0,0,0,0,0,0,0,0,96,0,17,0,0,1
1g9b,A,71,GLU,-3.5,138.4,-1.0,1,3,E,0.0,-77.4,121.7,23.0,20.0,0.5348837209302325,4.441629170793807,39,25,19,6,0.05222271570202816,0,0,1,0,0,0,0,0,0,-1,0,0,0,0,0
1g9b,A,72,TYR,-1.3,193.6,0.0,1,1,E,0.08108108108108109,-98.9,130.8,21.0,22.0,0.4883720930232558,3.7849896835378014,36,33,33,0,0.05129016720734909,0,0,1,0,0,0,0,0,0,75,5,17,0,1,1
1g9b,A,73,TYR,-1.3,193.6,0.0,1,1,B,0.013513513513513514,-112.9,146.4,18.0,20.0,0.47368421052631576,3.4104334213057843,39,30,37,-7,0.05548663543340492,0,1,0,0,0,0,0,0,0,77,9,9,0,0,1
1g9b,A,74,ASP,-3.5,111.1,-1.0,1,3,-,0.19631901840490798,-171.0,83.6,15.0,16.0,0.4838709677419355,2.1476923618420476,27,28,12,16,0.04616115048661418,0,0,0,0,0,0,0,0,0,22,196,15,0,30,1
1g9b,A,75,PRO,-1.6,112.7,0.0,0,0,T,0.3897058823529412,-59.1,-15.0,8.0,18.0,0.3076923076923077,1.9720628746092468,23,24,24,0,0.03683566553982344,0,0,0,0,0,1,0,0,0,22,196,15,0,30,1
1g9b,A,76,ASP,-3.5,111.1,-1.0,1,3,T,0.5398773006134969,-86.1,-15.5,0.0,20.0,0.0,1.8738741465108482,16,17,8,9,0.02844272908771177,0,0,0,0,0,1,0,0,0,22,196,15,0,30,1
1g9b,A,77,TYR,-1.3,193.6,0.0,1,1,T,0.0990990990990991,-55.6,132.1,22.0,9.0,0.7096774193548387,2.1956011745048665,32,33,32,1,0.03870076252918159,0,0,0,0,0,1,0,0,0,22,196,15,0,30,1
1g9b,A,78,LEU,3.8,166.7,0.0,0,0,T,0.036585365853658534,65.4,23.4,19.0,11.0,0.6333333333333333,2.2260514003716874,31,29,32,-3,0.045228601991935104,0,0,0,0,0,1,0,0,0,22,196,15,0,30,1
1g9b,A,79,ASN,-3.5,114.1,0.0,2,2,-,0.5095541401273885,-88.5,4.9,4.0,14.0,0.2222222222222222,1.9277669637679067,13,26,25,1,0.03124037457174899,0,0,0,0,0,0,0,0,0,22,196,15,0,30,1
1g9b,A,80,THR,-0.7,116.1,0.0,1,1,S,0.4014084507042254,-135.2,158.6,3.0,14.0,0.17647058823529413,2.0990905677099105,16,18,17,1,0.02797645484037223,0,0,0,0,0,0,1,0,0,22,196,15,0,30,1
1g9b,A,81,ASN,-3.5,114.1,0.0,2,2,H,0.5159235668789809,-61.2,-38.6,5.0,14.0,0.2631578947368421,1.806265595993481,18,22,13,9,0.03450429430312575,1,0,0,0,0,0,0,0,0,-1,0,0,0,0,0
1g9b,A,82,ASP,-3.5,111.1,-1.0,1,3,H,0.6441717791411042,-64.3,-35.3,0.0,17.0,0.0,1.92372195975587,16,18,0,18,0.02984155182973038,1,0,0,0,0,0,0,0,0,-1,0,0,0,0,0
1g9b,A,83,LYS,-3.9,168.6,1.0,2,0,H,0.36097560975609755,-68.0,-40.1,9.0,13.0,0.4090909090909091,1.9925972895497048,22,14,25,-11,0.04243095650789788,1,0,0,0,0,0,0,0,0,22,196,15,0,30,1
1g9b,A,84,LYS,-3.9,168.6,1.0,2,0,H,0.11707317073170732,-62.6,-40.4,16.0,15.0,0.5161290322580645,3.2725786394026657,24,23,19,4,0.05129016720734909,1,0,0,0,0,0,0,0,0,-1,0,0,0,0,0
1g9b,A,85,ASN,-3.5,114.1,0.0,2,2,H,0.2484076433121019,-67.4,-35.1,8.0,21.0,0.27586206896551724,2.1885903857142583,23,15,14,1,0.04942507021799094,1,0,0,0,0,0,0,0,0,-1,0,0,0,0,0
1g9b,A,86,ILE,4.5,166.7,0.0,0,0,H,0.378698224852071,-65.8,-39.8,14.0,16.0,0.4666666666666667,2.1629267128131,25,17,15,2,0.03823448828184205,1,0,0,0,0,0,0,0,0,-1,0,0,0,0,0
1g9b,A,87,PHE,2.8,189.9,0.0,0,0,H,0.01015228426395939,-59.4,-49.9,21.0,16.0,0.5675675675675675,3.180037947347195,38,21,15,6,0.048492521723311866,1,0,0,0,0,0,0,0,0,-1,0,0,0,0,0
1g9b,A,88,LEU,3.8,166.7,0.0,0,0,H,0.006097560975609756,-56.2,-52.5,22.0,19.0,0.5365853658536586,5.224112890648322,39,20,7,13,0.05502036118606539,1,0,0,0,0,0,0,0,0,-1,0,0,0,0,0
1g9b,A,89,GLN,-3.5,143.8,0.0,2,2,H,0.24242424242424243,-61.9,-33.3,11.0,18.0,0.3793103448275862,1.9859398485769906,31,16,5,11,0.040565859518539735,1,0,0,0,0,0,0,0,0,-1,0,0,0,0,0
1g9b,A,90,THR,-0.7,116.1,0.0,1,1,H,0.007042253521126761,-69.9,-42.2,20.0,18.0,0.5263157894736842,3.097883999299294,34,16,9,7,0.04662742473395372,1,0,0,0,0,0,0,0,0,-1,0,0,0,0,0
1g9b,A,91,MET,1.9,162.9,0.0,0,0,H,0.0,-62.0,-43.6,24.0,18.0,0.5714285714285714,5.893600551220562,41,11,4,7,0.04755997322863279,1,0,0,0,0,0,0,0,0,-1,0,0,0,0,0
1g9b,A,92,ILE,4.5,166.7,0.0,0,0,H,0.05325443786982249,-56.2,-46.5,15.0,20.0,0.42857142857142855,2.7045133078207755,28,18,0,18,0.05035761871267001,1,0,0,0,0,0,0,0,0,-1,0,0,0,0,0
1g9b,A,93,LYS,-3.9,168.6,1.0,2,0,H,0.09268292682926829,-63.6,-40.2,17.0,16.0,0.5151515151515151,2.3024812391760077,33,11,11,0,0.04289723075523742,1,0,0,0,0,0,0,0,0,55,43,10,0,4,1
1g9b,A,94,LEU,3.8,166.7,0.0,0,0,H,0.006097560975609756,-64.9,-41.6,18.0,19.0,0.4864864864864865,6.102145673821976,40,24,10,14,0.05222271570202816,1,0,0,0,0,0,0,0,0,-1,0,0,0,0,0
1g9b,A,95,PHE,2.8,189.9,0.0,0,0,H,0.0,-63.4,-36.4,17.0,22.0,0.4358974358974359,6.496070730910285,42,24,4,20,0.04709369898129325,1,0,0,0,0,0,0,0,0,-1,0,0,0,0,0
1g9b,A,96,ASN,-3.5,114.1,0.0,2,2,H,0.2229299363057325,-65.7,-38.7,13.0,19.0,0.40625,2.093243463969825,30,31,14,17,0.04103213376587927,1,0,0,0,0,0,0,0,0,-1,0,0,0,0,0
1g9b,A,97,ARG,-4.5,173.4,1.0,5,0,H,0.0,-63.0,-44.2,20.0,14.0,0.5882352941176471,3.738740014398854,35,28,25,3,0.05035761871267001,1,0,0,0,0,0,0,0,0,-1,0,0,0,0,0
1g9b,A,98,ILE,4.5,166.7,0.0,0,0,H,0.0,-57.6,-50.8,22.0,17.0,0.5641025641025641,6.209496084690937,41,39,16,23,0.050823892960009553,1,0,0,0,0,0,0,0,0,-1,0,0,0,0,0
1g9b,A,99,LYS,-3.9,168.6,1.0,2,0,H,0.2926829268292683,-77.4,-3.8,12.0,17.0,0.41379310344827586,2.392749920151856,28,21,19,2,0.04616115048661418,1,0,0,0,0,0,0,0,0,44,124,4,0,5,1
1g9b,A,100,SER,-0.8,89.0,0.0,1,1,T,0.3769230769230769,-61.8,-15.1,14.0,13.0,0.5185185185185185,1.8526815859101744,25,32,23,9,0.040099585271200194,0,0,0,0,0,1,0,0,0,52,24,15,0,4,1
1g9b,A,101,LYS,-3.9,168.6,1.0,2,0,S,0.2926829268292683,-130.5,147.6,13.0,11.0,0.5416666666666666,2.015672656103602,25,27,22,5,0.03590311704514436,0,0,0,0,0,0,1,0,0,52,24,15,0,4,1
1g9b,A,102,PRO,-1.6,112.7,0.0,0,0,H,0.5367647058823529,-45.8,-49.8,9.0,18.0,0.3333333333333333,2.009572857671995,28,27,17,10,0.034970568550465285,1,0,0,0,0,0,0,0,0,-1,0,0,0,0,0
1g9b,A,103,LEU,3.8,166.7,0.0,0,0,H,0.0,-53.8,-48.0,17.0,18.0,0.4857142857142857,3.840716613698788,35,25,18,7,0.048026247475972325,1,0,0,0,0,0,0,0,0,53,24,14,0,4,1
1g9b,A,104,GLY,-0.4,60.1,0.0,0,0,H,0.0,-70.8,-40.8,18.0,20.0,0.47368421052631576,5.004686902611567,33,31,18,13,0.048492521723311866,1,0,0,0,0,0,0,0,0,-1,0,0,0,0,0
1g9b,A,105,GLU,-3.5,138.4,-1.0,1,3,H,0.25257731958762886,-62.0,-38.1,11.0,20.0,0.3548387096774194,2.344201856340197,29,27,9,18,0.04709369898129325,1,0,0,0,0,0,0,0,0,44,124,4,0,5,1
1g9b,A,106,LYS,-3.9,168.6,1.0,2,0,H,0.12682926829268293,-68.4,-33.5,17.0,20.0,0.4594594594594595,2.9300560031982763,35,10,32,-22,0.04662742473395372,1,0,0,0,0,0,0,0,0,-1,0,0,0,0,0
1g9b,A,107,LEU,3.8,166.7,0.0,0,0,H,0.0,-65.0,-44.2,23.0,18.0,0.5609756097560976,7.417432422901083,43,23,19,4,0.048492521723311866,1,0,0,0,0,0,0,0,0,-1,0,0,0,0,0
1g9b,A,108,LEU,3.8,166.7,0.0,0,0,H,0.0,-64.3,-43.8,21.0,21.0,0.5,5.101993042056052,43,20,23,-3,0.04662742473395372,1,0,0,0,0,0,0,0,0,-1,0,0,0,0,0
1g9b,A,109,GLU,-3.5,138.4,-1.0,1,3,H,0.14432989690721648,-61.5,-40.5,13.0,21.0,0.38235294117647056,2.1441168692691868,31,20,12,8,0.043829779249916496,1,0,0,0,0,0,0,0,0,44,124,4,0,5,1
1g9b,A,110,MET,1.9,162.9,0.0,0,0,H,0.03723404255319149,-65.3,-37.0,21.0,19.0,0.525,5.043042913789224,38,27,21,6,0.04755997322863279,1,0,0,0,0,0,0,0,0,-1,0,0,0,0,0
1g9b,A,111,ILE,4.5,166.7,0.0,0,0,H,0.0,-70.4,-44.5,25.0,18.0,0.5813953488372093,6.487341404232092,43,24,18,6,0.05129016720734909,1,0,0,0,0,0,0,0,0,-1,0,0,0,0,0
1g9b,A,112,ILE,4.5,166.7,0.0,0,0,H,0.08284023668639054,-62.8,-41.3,20.0,23.0,0.46511627906976744,2.944489992811851,38,20,19,1,0.048492521723311866,1,0,0,0,0,0,0,0,0,-1,0,0,0,0,0
1g9b,A,113,ASN,-3.5,114.1,0.0,2,2,H,0.1592356687898089,-85.8,-7.9,20.0,21.0,0.4878048780487805,3.2667820689907736,35,38,30,8,0.04616115048661418,1,0,0,0,0,0,0,0,0,-1,0,0,0,0,0
1g9b,A,114,GLY,-0.4,60.1,0.0,0,0,-,0.0,-87.9,54.3,26.0,23.0,0.5306122448979592,7.410529239304949,39,32,11,21,0.04989134446533048,0,0,0,0,0,0,0,0,0,-1,0,0,0,0,0
1g9b,A,115,ILE,4.5,166.7,0.0,0,0,P,0.023668639053254437,-59.0,140.3,24.0,26.0,0.48,7.757181586019996,43,30,9,21,0.05175644145468863,0,0,0,0,0,0,0,0,0,-1,0,0,0,0,0
1g9b,A,116,PRO,-1.6,112.7,0.0,0,0,P,0.058823529411764705,-61.9,144.3,28.0,24.0,0.5384615384615384,9.756628750344865,45,19,3,16,0.05408781269138631,0,0,0,0,0,0,0,0,0,-1,0,0,0,0,0
1g9b,A,117,TYR,-1.3,193.6,0.0,1,1,P,0.0,-60.9,148.1,25.0,24.0,0.5102040816326531,6.516086391682465,42,28,15,13,0.048492521723311866,0,0,0,0,0,0,0,0,0,-1,0,0,0,0,0
1g9b,A,118,LEU,3.8,166.7,0.0,0,0,S,0.012195121951219513,-82.1,80.8,23.0,27.0,0.46,6.650204054303247,41,11,18,-7,0.05408781269138631,0,0,0,0,0,0,1,0,0,-1,0,0,0,0,0
1g9b,A,119,GLY,-0.4,60.1,0.0,0,0,S,0.0,140.2,-176.4,17.0,24.0,0.4146341463414634,5.063894394456566,40,26,18,8,0.053155264196707235,0,0,0,0,0,0,1,0,0,-1,0,0,0,0,0
1g9b,A,120,ASP,-3.5,111.1,-1.0,1,3,-,0.05521472392638037,-149.2,-164.1,20.0,19.0,0.5128205128205128,3.219110582986043,35,37,12,25,0.04616115048661418,0,0,0,0,0,0,0,0,0,-1,0,0,0,0,0
1g9b,A,121,ARG,-4.5,173.4,1.0,5,0,T,0.5040322580645161,-57.4,-30.5,13.0,19.0,0.40625,1.9177630638619154,21,29,17,12,0.03310547156110714,0,0,0,0,0,1,0,0,0,47,61,7,0,5,1
1g9b,A,122,ARG,-4.5,173.4,1.0,5,0,T,0.34274193548387094,-77.8,-6.3,9.0,12.0,0.42857142857142855,1.854215568076731,23,25,16,9,0.027043906345693154,0,0,0,0,0,1,0,0,0,-1,0,0,0,0,0
1g9b,A,123,VAL,4.2,140.0,0.0,0,0,S,0.07042253521126761,-89.0,135.4,22.0,3.0,0.88,2.059982444681164,23,27,25,2,0.040565859518539735,0,0,0,0,0,0,1,0,0,30,292,3,0,13,1
1g9b,A,124,PRO,-1.6,112.7,0.0,0,0,-,0.4411764705882353,-55.4,145.2,9.0,13.0,0.4090909090909091,2.181573156249725,20,27,25,2,0.02611135785101408,0,0,0,0,0,0,0,0,0,30,292,3,0,13,1
1g9b,A,125,LEU,3.8,166.7,0.0,0,0,T,0.38414634146341464,-57.9,-28.8,8.0,16.0,0.3333333333333333,2.46955575322876,23,30,30,0,0.03683566553982344,0,0,0,0,0,1,0,0,0,30,292,3,0,13,1
1g9b,A,126,GLU,-3.5,138.4,-1.0,1,3,T,0.4948453608247423,-89.0,5.6,2.0,22.0,0.08333333333333333,2.0957127931704043,16,20,15,5,0.03963331102386066,0,0,0,0,0,1,0,0,0,30,292,3,0,13,1
1g9b,A,127,GLU,-3.5,138.4,-1.0,1,3,E,0.27319587628865977,-129.8,158.4,14.0,18.0,0.4375,2.959758130952147,22,18,13,5,0.048026247475972325,0,0,1,0,0,0,0,0,0,30,292,3,0,13,1
1g9b,A,128,PHE,2.8,189.9,0.0,0,0,E,0.0,-109.5,139.3,22.0,16.0,0.5789473684210527,5.620795639507361,34,21,24,-3,0.05175644145468863,0,0,1,0,0,0,0,0,0,30,292,3,0,13,1
1g9b,A,129,ASN,-3.5,114.1,0.0,2,2,-,0.22929936305732485,-137.1,112.9,16.0,21.0,0.43243243243243246,3.300232899679601,33,13,33,-20,0.04755997322863279,0,0,0,0,0,0,0,0,0,-1,0,0,0,0,0
1g9b,A,130,THR,-0.7,116.1,0.0,1,1,-,0.014084507042253521,-90.7,-10.3,21.0,19.0,0.525,2.5887800104561545,39,0,27,-27,0.04989134446533048,0,0,0,0,0,0,0,0,0,-1,0,0,0,0,0
1g9b,A,131,ASN,-3.5,114.1,0.0,2,2,-,0.2484076433121019,-81.8,55.9,10.0,24.0,0.29411764705882354,1.8946289118385125,30,4,24,-20,0.04476232774459557,0,0,0,0,0,0,0,0,0,-1,0,0,0,0,0
1g9b,A,132,ILE,4.5,166.7,0.0,0,0,S,0.03550295857988166,-141.0,143.3,21.0,21.0,0.5,3.680521624269535,38,11,17,-6,0.04662742473395372,0,0,0,0,0,0,1,0,0,-1,0,0,0,0,0
1g9b,A,133,ALA,1.8,88.6,0.0,0,0,T,0.02830188679245283,-52.2,-17.5,19.0,26.0,0.4222222222222222,6.502484200473647,44,11,21,-10,0.04989134446533048,0,0,0,0,0,1,0,0,0,-1,0,0,0,0,0
1g9b,A,134,SER,-0.8,89.0,0.0,1,1,T,0.015384615384615385,-96.0,2.9,26.0,25.0,0.5098039215686274,7.426404384018691,46,7,14,-7,0.043363505002576956,0,0,0,0,0,1,0,0,0,-1,0,0,0,0,0
1g9b,A,135,VAL,4.2,140.0,0.0,0,0,T,0.028169014084507043,-124.6,-41.0,19.0,30.0,0.3877551020408163,5.689752160962442,44,5,9,-4,0.05129016720734909,0,0,0,0,0,1,0,0,0,-1,0,0,0,0,0
1g9b,A,136,THR,-0.7,116.1,0.0,1,1,E,0.014084507042253521,-119.0,140.1,23.0,21.0,0.5227272727272727,3.2718742404888834,42,6,21,-15,0.05408781269138631,0,0,1,0,0,0,0,0,0,-1,0,0,0,0,0
1g9b,A,137,VAL,4.2,140.0,0.0,0,0,E,0.014084507042253521,-131.5,144.1,25.0,23.0,0.5208333333333334,6.646734217256717,44,19,21,-2,0.050823892960009553,0,0,1,0,0,0,0,0,0,-1,0,0,0,0,0
1g9b,A,138,ASN,-3.5,114.1,0.0,2,2,E,0.006369426751592357,-94.9,152.9,23.0,22.0,0.5111111111111111,5.1744710386507435,40,29,18,11,0.05129016720734909,0,0,1,0,0,0,0,0,0,-1,0,0,0,0,0
1g9b,A,139,LYS,-3.9,168.6,1.0,2,0,E,0.02926829268292683,-127.6,140.0,21.0,20.0,0.5121951219512195,4.050822504404374,33,23,24,-1,0.0526889899493677,0,0,1,0,0,0,0,0,0,85,2,13,0,0,1
1g9b,A,140,LEU,3.8,166.7,0.0,0,0,E,0.024390243902439025,-87.7,119.9,18.0,16.0,0.5294117647058824,2.482770203659524,29,47,27,20,0.05129016720734909,0,0,1,0,0,0,0,0,0,36,237,3,0,9,1
1g9b,A,141,ILE,4.5,166.7,0.0,0,0,-,0.1893491124260355,-94.7,-41.1,8.0,19.0,0.2962962962962963,2.07674793398307,26,39,17,22,0.04149840801321881,0,0,0,0,0,0,0,0,0,-1,0,0,0,0,0
1g9b,A,142,SER,-0.8,89.0,0.0,1,1,S,0.07692307692307693,-44.6,168.8,9.0,10.0,0.47368421052631576,2.290366337822056,17,33,18,15,0.03823448828184205,0,0,0,0,0,0,1,0,0,36,237,3,0,9,1
1g9b,A,143,ASN,-3.5,114.1,0.0,2,2,-,0.6624203821656051,-70.7,159.2,1.0,15.0,0.0625,1.8697302131788218,14,15,18,-3,0.02797645484037223,0,0,0,0,0,0,0,0,0,36,237,3,0,9,1
1g9b,A,144,PRO,-1.6,112.7,0.0,0,0,T,0.9044117647058824,-64.6,119.1,2.0,13.0,0.13333333333333333,1.880152999352244,13,7,15,-8,0.021914889624958248,0,0,0,0,0,1,0,0,0,-1,0,0,0,0,0
1g9b,A,145,GLY,-0.4,60.1,0.0,0,0,T,0.8095238095238095,131.5,-2.5,2.0,9.0,0.18181818181818182,1.7096160633265045,11,8,17,-9,0.01958351838826056,0,0,0,0,0,1,0,0,0,36,237,3,0,9,1
1g9b,A,146,GLU,-3.5,138.4,-1.0,1,3,-,0.39690721649484534,-168.0,139.2,4.0,9.0,0.3076923076923077,1.9068449359761286,12,17,9,8,0.027510180593032695,0,0,0,0,0,0,0,0,0,36,237,3,0,9,1
1g9b,A,147,VAL,4.2,140.0,0.0,0,0,T,0.5140845070422535,-84.1,17.4,9.0,12.0,0.42857142857142855,1.9969153729059728,21,30,23,7,0.03310547156110714,0,0,0,0,0,1,0,0,0,36,237,3,0,9,1
1g9b,A,148,GLU,-3.5,138.4,-1.0,1,3,T,0.5721649484536082,-41.8,-43.8,5.0,7.0,0.4166666666666667,1.7935780838476865,13,22,9,13,0.02611135785101408,0,0,0,0,0,1,0,0,0,36,237,3,0,9,1
1g9b,A,149,ARG,-4.5,173.4,1.0,5,0,-,0.5725806451612904,-124.5,126.7,5.0,13.0,0.2777777777777778,2.036203317083157,15,25,18,7,0.03310547156110714,0,0,0,0,0,0,0,0,0,36,237,3,0,9,1
1g9b,A,150,LYS,-3.9,168.6,1.0,2,0,E,0.35609756097560974,-136.3,159.8,18.0,10.0,0.6428571428571429,2.0112296207403095,27,28,23,5,0.04289723075523742,0,0,1,0,0,0,0,0,0,-1,0,0,0,0,0
1g9b,A,151,LYS,-3.9,168.6,1.0,2,0,E,0.4878048780487805,-136.5,144.3,13.0,14.0,0.48148148148148145,2.3887859163637857,25,28,18,10,0.040099585271200194,0,0,1,0,0,0,0,0,0,-1,0,0,0,0,0
1g9b,A,152,GLY,-0.4,60.1,0.0,0,0,E,0.0,-93.7,153.0,17.0,20.0,0.4594594594594595,3.48522196928689,32,28,26,2,0.04942507021799094,0,0,1,0,0,0,0,0,0,65,24,8,0,2,1
1g9b,A,153,ILE,4.5,166.7,0.0,0,0,E,0.0,-144.7,150.8,22.0,22.0,0.5,5.885002712008498,37,34,20,14,0.05035761871267001,0,0,1,0,0,0,0,0,0,-1,0,0,0,0,0
1g9b,A,154,PHE,2.8,189.9,0.0,0,0,E,0.04568527918781726,-88.0,149.7,20.0,25.0,0.4444444444444444,4.2309189690830955,36,15,18,-3,0.048958795970651406,0,0,1,0,0,0,0,0,0,-1,0,0,0,0,0
1g9b,A,155,ALA,1.8,88.6,0.0,0,0,-,0.009433962264150943,-153.6,154.7,22.0,24.0,0.4782608695652174,6.482149595829064,45,15,14,1,0.05408781269138631,0,0,0,0,0,0,0,0,0,-1,0,0,0,0,0
1g9b,A,156,ASN,-3.5,114.1,0.0,2,2,S,0.0,-108.1,-40.7,23.0,26.0,0.46938775510204084,7.33218710365918,41,14,8,6,0.04989134446533048,0,0,0,0,0,0,1,0,0,-1,0,0,0,0,0
1g9b,A,157,LEU,3.8,166.7,0.0,0,0,E,0.0,-145.3,135.7,22.0,28.0,0.44,9.117392781731528,44,11,8,3,0.04709369898129325,0,0,1,0,0,0,0,0,0,-1,0,0,0,0,0
1g9b,A,158,ILE,4.5,166.7,0.0,0,0,E,0.0,-123.4,114.4,23.0,24.0,0.48936170212765956,10.322657003427521,44,11,4,7,0.05175644145468863,0,0,1,0,0,0,0,0,0,-1,0,0,0,0,0
1g9b,A,159,ILE,4.5,166.7,0.0,0,0,E,0.0,-100.7,116.6,21.0,23.0,0.4772727272727273,10.115269750547478,38,11,11,0,0.050823892960009553,0,0,1,0,0,0,0,0,0,-1,0,0,0,0,0
1g9b,A,160,PHE,2.8,189.9,0.0,0,0,E,0.0,-99.4,175.8,18.0,20.0,0.47368421052631576,6.4999136404650475,34,20,11,9,0.05502036118606539,0,0,1,0,0,0,0,0,0,-1,0,0,0,0,0
1g9b,A,161,GLY,-0.4,60.1,0.0,0,0,-,0.0,-81.2,-175.1,22.0,22.0,0.5,5.847798205340184,37,22,18,4,0.0526889899493677,0,0,0,0,0,0,0,0,0,-1,0,0,0,0,0
1g9b,A,162,PRO,-1.6,112.7,0.0,0,0,-,0.014705882352941176,-70.2,160.4,21.0,19.0,0.525,4.488132683937364,35,20,28,-8,0.058284280917442144,0,0,0,0,0,0,0,0,0,-1,0,0,0,0,0
1g9b,A,163,GLY,-0.4,60.1,0.0,0,0,-,0.011904761904761904,-85.8,-154.9,18.0,23.0,0.43902439024390244,2.245550518545766,37,23,31,-8,0.04942507021799094,0,0,0,0,0,0,0,0,0,-1,0,0,0,0,0
1g9b,A,164,PRO,-1.6,112.7,0.0,0,0,S,0.007352941176470588,-53.6,-40.0,21.0,24.0,0.4666666666666667,2.699915074753745,39,33,37,-4,0.05408781269138631,0,0,0,0,0,0,1,0,0,-1,0,0,0,0,0
1g9b,A,165,VAL,4.2,140.0,0.0,0,0,B,0.02112676056338028,-98.2,115.4,19.0,24.0,0.4418604651162791,2.124012489611228,37,23,30,-7,0.053155264196707235,0,1,0,0,0,0,0,0,0,-1,0,0,0,0,0
1g9b,A,166,LEU,3.8,166.7,0.0,0,0,T,0.0,-62.2,-42.6,22.0,21.0,0.5116279069767442,4.450757049683048,36,21,34,-13,0.058284280917442144,0,0,0,0,0,1,0,0,0,-1,0,0,0,0,0
1g9b,A,167,ASN,-3.5,114.1,0.0,2,2,T,0.16560509554140126,-83.4,10.5,21.0,20.0,0.5121951219512195,2.364154473339597,37,7,26,-19,0.04709369898129325,0,0,0,0,0,1,0,0,0,-1,0,0,0,0,0
1g9b,A,168,GLU,-3.5,138.4,-1.0,1,3,-,0.211340206185567,-105.6,77.4,14.0,22.0,0.3888888888888889,1.969823042746477,32,11,26,-15,0.03823448828184205,0,0,0,0,0,0,0,0,0,96,0,17,0,0,1
1g9b,A,169,ASN,-3.5,114.1,0.0,2,2,-,0.21656050955414013,-71.2,140.3,17.0,21.0,0.4473684210526316,2.158782378994423,33,22,28,-6,0.04149840801321881,0,0,0,0,0,0,0,0,0,25,101,20,0,21,1
1g9b,A,170,GLU,-3.5,138.4,-1.0,1,3,E,0.3917525773195876,-151.7,146.6,9.0,23.0,0.28125,2.148268958923456,32,21,25,-4,0.034970568550465285,0,0,1,0,0,0,0,0,0,25,101,20,0,21,1
1g9b,A,171,THR,-0.7,116.1,0.0,1,1,E,0.08450704225352113,-109.0,128.2,19.0,17.0,0.5277777777777778,2.1836835800421173,39,39,32,7,0.043829779249916496,0,0,1,0,0,0,0,0,0,25,101,20,0,21,1
1g9b,A,172,ILE,4.5,166.7,0.0,0,0,E,0.03550295857988166,-118.6,139.0,19.0,19.0,0.5,2.5892122795910204,36,23,24,-1,0.04103213376587927,0,0,1,0,0,0,0,0,0,-1,0,0,0,0,0
1g9b,A,173,ASP,-3.5,111.1,-1.0,1,3,-,0.07975460122699386,-110.0,165.4,23.0,21.0,0.5227272727272727,2.3594076877652075,37,30,17,13,0.045228601991935104,0,0,0,0,0,0,0,0,0,100,0,12,0,0,1
1g9b,A,174,ILE,4.5,166.7,0.0,0,0,-,0.029585798816568046,-98.4,122.7,27.0,19.0,0.5869565217391305,3.455325377838343,38,14,19,-5,0.04989134446533048,0,0,0,0,0,0,0,0,0,100,0,12,0,0,1
1g9b,A,175,GLY,-0.4,60.1,0.0,0,0,E,0.023809523809523808,-107.5,144.9,7.0,25.0,0.21875,2.225867906152692,31,27,23,4,0.04476232774459557,0,0,1,0,0,0,0,0,0,100,0,12,0,0,1
1g9b,A,176,ILE,4.5,166.7,0.0,0,0,E,0.03550295857988166,-142.0,123.8,19.0,10.0,0.6551724137931034,2.8798828601944715,28,29,26,3,0.04289723075523742,0,0,1,0,0,0,0,0,0,47,61,7,0,5,1
1g9b,A,177,GLN,-3.5,143.8,0.0,2,2,T,0.5454545454545454,54.9,49.8,8.0,10.0,0.4444444444444444,1.7529852575940414,14,32,16,16,0.02984155182973038,0,0,0,0,0,1,0,0,0,47,61,7,0,5,1
1g9b,A,178,ASN,-3.5,114.1,0.0,2,2,T,0.8471337579617835,65.3,10.1,0.0,15.0,0.0,1.8502601776982224,15,23,11,12,0.02471253510899547,0,0,0,0,0,1,0,0,0,47,61,7,0,5,1
1g9b,A,179,HIS,-3.2,153.2,0.1,2,1,E,0.4076086956521739,-127.0,155.7,10.0,14.0,0.4166666666666667,2.169031277272251,16,31,21,10,0.03823448828184205,0,0,1,0,0,0,0,0,0,47,61,7,0,5,1
1g9b,A,180,PHE,2.8,189.9,0.0,0,0,E,0.2639593908629442,-122.1,117.0,14.0,22.0,0.3888888888888889,2.1395184268629537,30,37,34,3,0.04616115048661418,0,0,1,0,0,0,0,0,0,100,0,12,0,0,1
1g9b,A,181,ALA,1.8,88.6,0.0,0,0,G,0.04716981132075472,-59.0,-38.3,21.0,19.0,0.525,4.9592351408358075,40,45,25,20,0.0526889899493677,0,0,0,1,0,0,0,0,0,-1,0,0,0,0,0
1g9b,A,182,SER,-0.8,89.0,0.0,1,1,G,0.007692307692307693,-68.5,-4.9,22.0,20.0,0.5238095238095238,5.452072509553607,40,34,25,9,0.05595290968074446,0,0,0,1,0,0,0,0,0,100,0,12,0,0,1
1g9b,A,183,ARG,-4.5,173.4,1.0,5,0,G,0.25,-115.0,3.1,12.0,29.0,0.2926829268292683,2.285128523398019,33,27,32,-5,0.04709369898129325,0,0,0,1,0,0,0,0,0,100,0,12,0,0,1
1g9b,A,184,GLU,-3.5,138.4,-1.0,1,3,T,0.16494845360824742,-128.6,26.9,10.0,27.0,0.2702702702702703,2.045794274762623,35,48,10,38,0.04616115048661418,0,0,0,0,0,1,0,0,0,47,61,7,0,5,1
1g9b,A,185,GLY,-0.4,60.1,0.0,0,0,T,0.0,93.2,-23.9,14.0,27.0,0.34146341463414637,3.586465547851094,41,36,14,22,0.053621538444046775,0,0,0,0,0,1,0,0,0,-1,0,0,0,0,0
1g9b,A,186,PHE,2.8,189.9,0.0,0,0,S,0.06091370558375635,-76.7,-47.0,20.0,26.0,0.43478260869565216,3.69812336083631,42,33,18,15,0.05548663543340492,0,0,0,0,0,0,1,0,0,-1,0,0,0,0,0
1g9b,A,187,GLY,-0.4,60.1,0.0,0,0,-,0.0,91.4,168.9,23.0,25.0,0.4791666666666667,7.709695712889523,42,24,21,3,0.05222271570202816,0,0,0,0,0,0,0,0,0,-1,0,0,0,0,0
1g9b,A,188,GLY,-0.4,60.1,0.0,0,0,-,0.03571428571428571,-170.5,163.9,21.0,28.0,0.42857142857142855,9.046511496508643,50,19,13,6,0.0526889899493677,0,0,0,0,0,0,0,0,0,-1,0,0,0,0,0
1g9b,A,189,ILE,4.5,166.7,0.0,0,0,-,0.0,-51.6,129.8,21.0,30.0,0.4117647058823529,8.462886401583319,45,7,9,-2,0.05129016720734909,0,0,0,0,0,0,0,0,0,-1,0,0,0,0,0
1g9b,A,190,MET,1.9,162.9,0.0,0,0,E,0.0,-107.8,146.7,27.0,24.0,0.5294117647058824,6.914198242526163,45,19,15,4,0.04942507021799094,0,0,1,0,0,0,0,0,0,-1,0,0,0,0,0
1g9b,A,191,GLN,-3.5,143.8,0.0,2,2,E,0.0,-125.3,160.1,16.0,25.0,0.3902439024390244,6.331118763532209,36,9,17,-8,0.05222271570202816,0,0,1,0,0,0,0,0,0,-1,0,0,0,0,0
1g9b,A,192,MET,1.9,162.9,0.0,0,0,E,0.0,-149.9,145.0,22.0,20.0,0.5238095238095238,6.712710080177472,38,18,23,-5,0.05455408693872585,0,0,1,0,0,0,0,0,0,-1,0,0,0,0,0
1g9b,A,193,LYS,-3.9,168.6,1.0,2,0,E,0.01951219512195122,-113.3,121.9,15.0,21.0,0.4166666666666667,3.92307825760462,34,9,25,-16,0.05455408693872585,0,0,1,0,0,0,0,0,0,-1,0,0,0,0,0
1g9b,A,194,PHE,2.8,189.9,0.0,0,0,-,0.0,-140.9,145.0,24.0,19.0,0.5581395348837209,6.051856456508497,45,10,29,-19,0.05035761871267001,0,0,0,0,0,0,0,0,0,-1,0,0,0,0,0
1g9b,A,195,CYS,2.5,108.5,0.0,1,0,-,0.0,-133.7,119.7,23.0,25.0,0.4791666666666667,4.657667766791074,38,14,19,-5,0.05129016720734909,0,0,0,0,0,0,0,0,0,-1,0,0,0,0,0
1g9b,A,196,PRO,-1.6,112.7,0.0,0,0,S,0.0,-84.6,-24.9,22.0,22.0,0.5,4.461107307763066,43,14,14,0,0.04709369898129325,0,0,0,0,0,0,1,0,0,-1,0,0,0,0,0
1g9b,A,197,GLU,-3.5,138.4,-1.0,1,3,S,0.09278350515463918,-77.1,-44.0,17.0,26.0,0.3953488372093023,3.065602763749233,36,16,3,13,0.043363505002576956,0,0,0,0,0,0,1,0,0,-1,0,0,0,0,0
1g9b,A,198,TYR,-1.3,193.6,0.0,1,1,E,0.07657657657657657,-95.3,98.8,19.0,19.0,0.5,2.8776718517058235,37,16,31,-15,0.05175644145468863,0,0,1,0,0,0,0,0,0,-1,0,0,0,0,0
1g9b,A,199,VAL,4.2,140.0,0.0,0,0,E,0.007042253521126761,-103.8,158.4,21.0,20.0,0.5121951219512195,2.9914138969473933,37,11,20,-9,0.048958795970651406,0,0,1,0,0,0,0,0,0,-1,0,0,0,0,0
1g9b,A,200,SER,-0.8,89.0,0.0,1,1,-,0.4076923076923077,-75.0,155.4,15.0,25.0,0.375,2.1238381459362574,38,18,15,3,0.03963331102386066,0,0,0,0,0,0,0,0,0,-1,0,0,0,0,0
1g9b,A,201,VAL,4.2,140.0,0.0,0,0,E,0.07042253521126761,-123.4,142.9,19.0,19.0,0.5,2.104808159062362,34,30,8,22,0.048026247475972325,0,0,1,0,0,0,0,0,0,7,514,27,0,125,1
1g9b,A,202,PHE,2.8,189.9,0.0,0,0,E,0.06091370558375635,-144.0,161.6,16.0,17.0,0.48484848484848486,2.386843608362285,34,39,9,30,0.04662742473395372,0,0,1,0,0,0,0,0,0,7,514,27,0,125,1
1g9b,A,203,ASN,-3.5,114.1,0.0,2,2,-,0.14012738853503184,-145.3,139.1,16.0,18.0,0.47058823529411764,1.8828869531747896,30,37,21,16,0.043829779249916496,0,0,0,0,0,0,0,0,0,7,514,27,0,125,1
1g9b,A,204,ASN,-3.5,114.1,0.0,2,2,-,0.21656050955414013,-82.3,132.5,12.0,19.0,0.3870967741935484,2.3724366775907235,27,30,16,14,0.03450429430312575,0,0,0,0,0,0,0,0,0,-1,0,0,0,0,0
1g9b,A,205,VAL,4.2,140.0,0.0,0,0,S,0.15492957746478872,-73.8,-49.0,20.0,14.0,0.5882352941176471,2.480031192935134,30,18,24,-6,0.034970568550465285,0,0,0,0,0,0,1,0,0,-1,0,0,0,0,0
1g9b,A,206,GLN,-3.5,143.8,0.0,2,2,S,0.2777777777777778,-68.5,-5.2,12.0,18.0,0.4,1.7676677653745596,24,13,19,-6,0.026577632098353617,0,0,0,0,0,0,1,0,0,-1,0,0,0,0,0
1g9b,A,207,GLU,-3.5,138.4,-1.0,1,3,S,0.2422680412371134,-112.2,-136.4,13.0,15.0,0.4642857142857143,1.8274880146715933,23,15,11,4,0.02098234113027917,0,0,0,0,0,0,1,0,0,-1,0,0,0,0,0
1g9b,A,208,ASN,-3.5,114.1,0.0,2,2,-,0.27388535031847133,-176.9,125.1,15.0,16.0,0.4838709677419355,1.9416551875490011,27,21,13,8,0.03357174580844668,0,0,0,0,0,0,0,0,0,1,1578,27,0,470,1
1g9b,A,209,LYS,-3.9,168.6,1.0,2,0,S,0.04390243902439024,-70.5,77.9,20.0,10.0,0.6666666666666666,3.4354684590693765,31,28,7,21,0.04149840801321881,0,0,0,0,0,0,1,0,0,1,1578,27,0,470,1
1g9b,A,210,GLY,-0.4,60.1,0.0,0,0,T,0.5476190476190477,63.3,23.2,17.0,10.0,0.6296296296296297,1.7096248022832312,25,28,11,17,0.02984155182973038,0,0,0,0,0,1,0,0,0,1,1578,27,0,470,1
1g9b,A,211,ALA,1.8,88.6,0.0,0,0,T,0.4528301886792453,44.5,58.8,11.0,20.0,0.3548387096774194,1.9682459162085029,29,15,16,-1,0.02611135785101408,0,0,0,0,0,1,0,0,0,1,1578,27,0,470,1
1g9b,A,212,SER,-0.8,89.0,0.0,1,1,-,0.16153846153846155,-153.7,93.0,10.0,16.0,0.38461538461538464,2.4930652579566264,26,29,5,24,0.03450429430312575,0,0,0,0,0,0,0,0,0,1,1578,27,0,470,1
1g9b,A,213,ILE,4.5,166.7,0.0,0,0,S,0.14201183431952663,-74.4,-35.6,18.0,13.0,0.5806451612903226,1.8973165125522289,27,24,4,20,0.03776821403450251,0,0,0,0,0,0,1,0,0,1,1578,27,0,470,1
1g9b,A,214,PHE,2.8,189.9,0.0,0,0,S,0.39593908629441626,-72.4,-27.6,14.0,11.0,0.56,1.849035673046827,29,15,13,2,0.026577632098353617,0,0,0,0,0,0,1,0,0,1,1578,27,0,470,1
1g9b,A,215,ASN,-3.5,114.1,0.0,2,2,S,0.39490445859872614,-87.5,176.7,15.0,5.0,0.75,1.7310211967192917,21,38,1,37,0.02611135785101408,0,0,0,0,0,0,1,0,0,35,58,15,0,9,1
1g9b,A,216,ARG,-4.5,173.4,1.0,5,0,-,0.4274193548387097,-72.2,141.7,15.0,11.0,0.5769230769230769,2.1135472226410035,22,29,12,17,0.03590311704514436,0,0,0,0,0,0,0,0,0,35,58,15,0,9,1
1g9b,A,217,ARG,-4.5,173.4,1.0,5,0,-,0.2661290322580645,-126.7,159.2,12.0,16.0,0.42857142857142855,2.1057693275045724,31,24,8,16,0.043363505002576956,0,0,0,0,0,0,0,0,0,1,1578,27,0,470,1
1g9b,A,218,GLY,-0.4,60.1,0.0,0,0,S,0.0,100.7,177.5,14.0,24.0,0.3684210526315789,3.649732106147214,36,40,6,34,0.048492521723311866,0,0,0,0,0,0,1,0,0,-1,0,0,0,0,0
1g9b,A,219,TYR,-1.3,193.6,0.0,1,1,E,0.1036036036036036,-131.9,149.4,21.0,20.0,0.5121951219512195,3.727525708903777,34,46,8,38,0.05129016720734909,0,0,1,0,0,0,0,0,0,-1,0,0,0,0,0
1g9b,A,220,PHE,2.8,189.9,0.0,0,0,E,0.0,-101.3,153.5,24.0,22.0,0.5217391304347826,6.3833951775278175,46,32,15,17,0.053155264196707235,0,0,1,0,0,0,0,0,0,-1,0,0,0,0,0
1g9b,A,221,SER,-0.8,89.0,0.0,1,1,-,0.06153846153846154,-77.2,156.1,24.0,21.0,0.5333333333333333,3.145671922319415,40,18,16,2,0.05129016720734909,0,0,0,0,0,0,0,0,0,-1,0,0,0,0,0
1g9b,A,222,ASP,-3.5,111.1,-1.0,1,3,-,0.006134969325153374,-92.1,115.8,26.0,22.0,0.5416666666666666,3.954343194838588,40,20,7,13,0.04709369898129325,0,0,0,0,0,0,0,0,0,-1,0,0,0,0,0
1g9b,A,223,PRO,-1.6,112.7,0.0,0,0,H,0.0,-53.5,-23.5,22.0,21.0,0.5116279069767442,5.455407298655423,34,16,17,-1,0.048958795970651406,1,0,0,0,0,0,0,0,0,-1,0,0,0,0,0
1g9b,A,224,ALA,1.8,88.6,0.0,0,0,H,0.0,-70.1,-32.5,24.0,19.0,0.5581395348837209,5.659294010205307,41,23,18,5,0.04755997322863279,1,0,0,0,0,0,0,0,0,-1,0,0,0,0,0
1g9b,A,225,LEU,3.8,166.7,0.0,0,0,H,0.03048780487804878,-77.8,-35.5,23.0,18.0,0.5609756097560976,2.444631126357549,40,28,26,2,0.048958795970651406,1,0,0,0,0,0,0,0,0,-1,0,0,0,0,0
1g9b,A,226,ILE,4.5,166.7,0.0,0,0,H,0.11834319526627218,-62.1,-43.1,19.0,23.0,0.4523809523809524,2.1441715517896878,40,14,32,-18,0.04429605349725603,1,0,0,0,0,0,0,0,0,-1,0,0,0,0,0
1g9b,A,227,LEU,3.8,166.7,0.0,0,0,H,0.0,-64.2,-42.3,19.0,23.0,0.4523809523809524,5.99455602828487,39,21,20,1,0.04709369898129325,1,0,0,0,0,0,0,0,0,-1,0,0,0,0,0
1g9b,A,228,MET,1.9,162.9,0.0,0,0,H,0.0,-67.2,-28.5,27.0,18.0,0.6,6.006738082136259,37,24,26,-2,0.04616115048661418,1,0,0,0,0,0,0,0,0,-1,0,0,0,0,0
1g9b,A,229,HIS,-3.2,153.2,0.1,2,1,H,0.1793478260869565,-63.3,-49.0,17.0,21.0,0.4473684210526316,2.6218543548631863,36,16,35,-19,0.05035761871267001,1,0,0,0,0,0,0,0,0,25,101,20,0,21,1
1g9b,A,230,GLU,-3.5,138.4,-1.0,1,3,H,0.08762886597938144,-64.6,-36.2,19.0,19.0,0.5,3.166198702182911,35,33,22,11,0.048492521723311866,1,0,0,0,0,0,0,0,0,25,101,20,0,21,1
1g9b,A,231,LEU,3.8,166.7,0.0,0,0,H,0.0,-64.9,-30.2,21.0,25.0,0.45652173913043476,7.738508542812208,40,31,12,19,0.04709369898129325,1,0,0,0,0,0,0,0,0,-1,0,0,0,0,0
1g9b,A,232,ILE,4.5,166.7,0.0,0,0,H,0.0,-66.9,-38.0,23.0,22.0,0.5111111111111111,6.7960863596984,39,34,29,5,0.053155264196707235,1,0,0,0,0,0,0,0,0,-1,0,0,0,0,0
1g9b,A,233,HIS,-3.2,153.2,0.1,2,1,H,0.10326086956521739,-66.0,-38.0,16.0,27.0,0.37209302325581395,2.801257137147958,40,29,44,-15,0.05035761871267001,1,0,0,0,0,0,0,0,0,25,101,20,0,21,1
1g9b,A,234,VAL,4.2,140.0,0.0,0,0,H,0.0,-62.7,-48.3,23.0,24.0,0.48936170212765956,6.497630041375311,42,32,21,11,0.053621538444046775,1,0,0,0,0,0,0,0,0,-1,0,0,0,0,0
1g9b,A,235,LEU,3.8,166.7,0.0,0,0,H,0.0,-52.0,-51.7,20.0,27.0,0.425531914893617,8.455099960491113,41,33,11,22,0.0526889899493677,1,0,0,0,0,0,0,0,0,-1,0,0,0,0,0
1g9b,A,236,HIS,-3.2,153.2,0.1,2,1,H,0.0,-57.8,-43.3,24.0,26.0,0.48,6.444402134665597,41,24,18,6,0.05129016720734909,1,0,0,0,0,0,0,0,0,-1,0,0,0,0,0
1g9b,A,237,GLY,-0.4,60.1,0.0,0,0,H,0.0,-66.1,-36.6,21.0,26.0,0.44680851063829785,7.391036286080076,44,39,17,22,0.05595290968074446,1,0,0,0,0,0,0,0,0,-1,0,0,0,0,0
1g9b,A,238,LEU,3.8,166.7,0.0,0,0,H,0.0,-68.4,-35.7,21.0,27.0,0.4375,9.845131120013292,46,30,4,26,0.058284280917442144,1,0,0,0,0,0,0,0,0,-1,0,0,0,0,0
1g9b,A,239,TYR,-1.3,193.6,0.0,1,1,T,0.02702702702702703,-87.3,4.7,20.0,26.0,0.43478260869565216,7.465031966499716,45,30,4,26,0.05408781269138631,0,0,0,0,0,1,0,0,0,-1,0,0,0,0,0
1g9b,A,240,GLY,-0.4,60.1,0.0,0,0,T,0.0,63.0,34.4,26.0,22.0,0.5416666666666666,6.402388446334152,41,35,16,19,0.053621538444046775,0,0,0,0,0,1,0,0,0,-1,0,0,0,0,0
1g9b,A,241,ILE,4.5,166.7,0.0,0,0,-,0.011834319526627219,-119.1,17.7,22.0,22.0,0.5,6.335040610295355,41,40,19,21,0.0526889899493677,0,0,0,0,0,0,0,0,0,-1,0,0,0,0,0
1g9b,A,242,LYS,-3.9,168.6,1.0,2,0,-,0.13170731707317074,-83.4,44.5,21.0,21.0,0.5,2.4694192018559673,37,31,40,-9,0.04709369898129325,0,0,0,0,0,0,0,0,0,100,0,12,0,0,1
1g9b,A,243,VAL,4.2,140.0,0.0,0,0,-,0.07746478873239436,-64.4,156.1,18.0,21.0,0.46153846153846156,2.2251566153163305,34,38,40,-2,0.045228601991935104,0,0,0,0,0,0,0,0,0,-1,0,0,0,0,0
1g9b,A,244,ASP,-3.5,111.1,-1.0,1,3,-,0.4110429447852761,-105.6,148.5,6.0,22.0,0.21428571428571427,1.7407579760549061,24,26,27,-1,0.035436842797804825,0,0,0,0,0,0,0,0,0,-1,0,0,0,0,0
1g9b,A,245,ASP,-3.5,111.1,-1.0,1,3,-,0.15950920245398773,-154.7,-162.0,20.0,10.0,0.6666666666666666,1.8121019832615688,30,14,18,-4,0.03310547156110714,0,0,0,0,0,0,0,0,0,-1,0,0,0,0,0
1g9b,A,246,LEU,3.8,166.7,0.0,0,0,S,0.36585365853658536,-61.7,116.8,16.0,12.0,0.5714285714285714,2.4061166869737702,29,5,26,-21,0.034970568550465285,0,0,0,0,0,0,1,0,0,0,8543,26,0,2235,1
1g9b,A,247,PRO,-1.6,112.7,0.0,0,0,-,0.21323529411764705,-90.3,162.5,9.0,20.0,0.3103448275862069,2.3070989180403343,28,3,30,-27,0.03823448828184205,0,0,0,0,0,0,0,0,0,-1,0,0,0,0,0
1g9b,A,248,ILE,4.5,166.7,0.0,0,0,B,0.01775147928994083,-87.8,115.7,23.0,16.0,0.5897435897435898,4.679675631015028,36,4,24,-20,0.04755997322863279,0,1,0,0,0,0,0,0,0,-1,0,0,0,0,0
1g9b,A,249,VAL,4.2,140.0,0.0,0,0,-,0.28169014084507044,-113.2,133.6,11.0,19.0,0.36666666666666664,2.393354963175014,28,7,21,-14,0.045694876239274644,0,0,0,0,0,0,0,0,0,-1,0,0,0,0,0
1g9b,A,250,PRO,-1.6,112.7,0.0,0,0,B,0.08823529411764706,-75.2,136.4,15.0,17.0,0.46875,2.318062187090867,29,17,27,-10,0.05222271570202816,0,1,0,0,0,0,0,0,0,-1,0,0,0,0,0
1g9b,A,251,ASN,-3.5,114.1,0.0,2,2,-,0.09554140127388536,-68.8,138.2,18.0,11.0,0.6206896551724138,2.4319198850229324,28,24,19,5,0.043363505002576956,0,0,0,0,0,0,0,0,0,97,0,23,0,0,1
1g9b,A,252,GLU,-3.5,138.4,-1.0,1,3,-,0.4536082474226804,-134.1,22.6,8.0,14.0,0.36363636363636365,1.7085026154153424,23,24,11,13,0.035436842797804825,0,0,0,0,0,0,0,0,0,97,0,23,0,0,1
1g9b,A,253,LYS,-3.9,168.6,1.0,2,0,S,0.7219512195121951,-75.3,-20.2,5.0,13.0,0.2777777777777778,1.8995983143477946,18,11,17,-6,0.024246260861655933,0,0,0,0,0,0,1,0,0,97,0,23,0,0,1
1g9b,A,254,LYS,-3.9,168.6,1.0,2,0,S,0.48292682926829267,-114.4,148.4,12.0,10.0,0.5454545454545454,2.026892698658584,20,10,16,-6,0.030307826077069916,0,0,0,0,0,0,1,0,0,-1,0,0,0,0,0
1g9b,A,255,PHE,2.8,189.9,0.0,0,0,T,0.2182741116751269,-59.3,-21.3,15.0,16.0,0.4838709677419355,2.133281001075646,27,20,23,-3,0.03590311704514436,0,0,0,0,0,1,0,0,0,-1,0,0,0,0,0
1g9b,A,256,PHE,2.8,189.9,0.0,0,0,T,0.06091370558375635,-93.5,3.9,15.0,23.0,0.39473684210526316,2.9237042366140313,32,14,21,-7,0.043363505002576956,0,0,0,0,0,1,0,0,0,-1,0,0,0,0,0
1g9b,A,257,MET,1.9,162.9,0.0,0,0,B,0.026595744680851064,-89.9,137.9,13.0,18.0,0.41935483870967744,2.5318443511007875,30,19,23,-4,0.053621538444046775,0,1,0,0,0,0,0,0,0,-1,0,0,0,0,0
1g9b,A,258,GLN,-3.5,143.8,0.0,2,2,P,0.10101010101010101,-77.9,131.7,21.0,15.0,0.5833333333333334,2.7345216504776833,37,14,46,-32,0.05408781269138631,0,0,0,0,0,0,0,0,0,-1,0,0,0,0,0
1g9b,A,259,SER,-0.8,89.0,0.0,1,1,P,0.07692307692307693,-98.6,136.6,12.0,21.0,0.36363636363636365,2.529743612227318,32,24,36,-12,0.04429605349725603,0,0,0,0,0,0,0,0,0,-1,0,0,0,0,0
1g9b,A,260,THR,-0.7,116.1,0.0,1,1,-,0.11267605633802817,-162.1,170.5,18.0,8.0,0.6923076923076923,2.0417027152078426,28,11,26,-15,0.040565859518539735,0,0,0,0,0,0,0,0,0,-1,0,0,0,0,0
1g9b,A,261,ASP,-3.5,111.1,-1.0,1,3,-,0.5644171779141104,-70.1,156.8,8.0,12.0,0.4,1.720676492329756,22,11,16,-5,0.029375277582390842,0,0,0,0,0,0,0,0,0,-1,0,0,0,0,0
1g9b,A,262,ALA,1.8,88.6,0.0,0,0,-,0.4339622641509434,-61.0,146.7,9.0,17.0,0.34615384615384615,1.816241610692268,24,4,25,-21,0.03403802005578621,0,0,0,0,0,0,0,0,0,-1,0,0,0,0,0
1g9b,A,263,ILE,4.5,166.7,0.0,0,0,B,0.011834319526627219,-112.7,118.7,21.0,8.0,0.7241379310344828,2.7316982042276745,27,0,34,-34,0.04196468226055834,0,1,0,0,0,0,0,0,0,-1,0,0,0,0,0
1g9b,A,264,GLN,-3.5,143.8,0.0,2,2,-,0.15656565656565657,-78.1,150.6,8.0,21.0,0.27586206896551724,2.7462136113985256,28,17,38,-21,0.04243095650789788,0,0,0,0,0,0,0,0,0,-1,0,0,0,0,0
1g9b,A,265,ALA,1.8,88.6,0.0,0,0,H,0.018867924528301886,-58.4,-36.8,25.0,16.0,0.6097560975609756,4.876865466853855,37,12,48,-36,0.04942507021799094,1,0,0,0,0,0,0,0,0,-1,0,0,0,0,0
1g9b,A,266,GLU,-3.5,138.4,-1.0,1,3,H,0.04639175257731959,-58.7,-33.7,17.0,25.0,0.40476190476190477,2.759669221499152,38,39,22,17,0.048026247475972325,1,0,0,0,0,0,0,0,0,-1,0,0,0,0,0
1g9b,A,267,GLU,-3.5,138.4,-1.0,1,3,H,0.29381443298969073,-69.0,-42.2,13.0,26.0,0.3333333333333333,1.904415431083034,31,28,26,2,0.04196468226055834,1,0,0,0,0,0,0,0,0,-1,0,0,0,0,0
1g9b,A,268,LEU,3.8,166.7,0.0,0,0,H,0.0,-69.8,-34.5,17.0,18.0,0.4857142857142857,4.312024077134703,35,8,29,-21,0.05502036118606539,1,0,0,0,0,0,0,0,0,-1,0,0,0,0,0
1g9b,A,269,TYR,-1.3,193.6,0.0,1,1,H,0.0045045045045045045,-65.3,-44.7,23.0,20.0,0.5348837209302325,3.930610318792788,42,14,37,-23,0.056419183928083996,1,0,0,0,0,0,0,0,0,-1,0,0,0,0,0
1g9b,A,270,THR,-0.7,116.1,0.0,1,1,H,0.0,-57.4,-38.5,18.0,22.0,0.45,3.7633517759023163,37,31,44,-13,0.05455408693872585,1,0,0,0,0,0,0,0,0,-1,0,0,0,0,0
1g9b,A,271,PHE,2.8,189.9,0.0,0,0,H,0.025380710659898477,-74.5,-40.7,17.0,22.0,0.4358974358974359,2.5723989154848437,31,24,26,-2,0.048958795970651406,1,0,0,0,0,0,0,0,0,-1,0,0,0,0,0
1g9b,A,272,GLY,-0.4,60.1,0.0,0,0,-,0.023809523809523808,79.1,-157.8,18.0,22.0,0.45,2.548448591773112,38,8,31,-23,0.048026247475972325,0,0,0,0,0,0,0,0,0,-1,0,0,0,0,0
1g9b,A,273,GLY,-0.4,60.1,0.0,0,0,T,0.25,67.5,-134.9,17.0,23.0,0.425,1.8190832298373305,32,2,28,-26,0.04289723075523742,0,0,0,0,0,1,0,0,0,-1,0,0,0,0,0
1g9b,A,274,GLN,-3.5,143.8,0.0,2,2,T,0.12121212121212122,-78.0,-25.4,18.0,22.0,0.45,2.2601517191938263,34,2,16,-14,0.04289723075523742,0,0,0,0,0,1,0,0,0,-1,0,0,0,0,0
1g9b,A,275,ASP,-3.5,111.1,-1.0,1,3,G,0.0,-49.5,-39.0,22.0,18.0,0.55,4.351862947317146,34,3,14,-11,0.04989134446533048,0,0,0,1,0,0,0,0,0,-1,0,0,0,0,0
1g9b,A,276,PRO,-1.6,112.7,0.0,0,0,G,0.07352941176470588,-59.4,-28.9,19.0,23.0,0.4523809523809524,2.477106016748884,39,0,33,-33,0.048492521723311866,0,0,0,1,0,0,0,0,0,-1,0,0,0,0,0
1g9b,A,277,SER,-0.8,89.0,0.0,1,1,G,0.08461538461538462,-67.3,-15.2,19.0,24.0,0.4418604651162791,1.9390138093455243,39,0,20,-20,0.04709369898129325,0,0,0,1,0,0,0,0,0,-1,0,0,0,0,0
1g9b,A,278,ILE,4.5,166.7,0.0,0,0,G,0.0,-81.0,-10.8,26.0,22.0,0.5416666666666666,4.071629267144948,44,0,12,-12,0.04662742473395372,0,0,0,1,0,0,0,0,0,-1,0,0,0,0,0
1g9b,A,279,ILE,4.5,166.7,0.0,0,0,S,0.029585798816568046,-99.4,109.9,22.0,23.0,0.4888888888888889,3.7255503841566484,41,2,27,-25,0.04662742473395372,0,0,0,0,0,0,1,0,0,-1,0,0,0,0,0
1g9b,A,280,THR,-0.7,116.1,0.0,1,1,-,0.02112676056338028,-58.3,155.7,23.0,22.0,0.5111111111111111,3.0155664430893867,40,8,29,-21,0.04755997322863279,0,0,0,0,0,0,0,0,0,94,0,30,0,0,1
1g9b,A,281,PRO,-1.6,112.7,0.0,0,0,H,0.16911764705882354,-56.6,-38.2,19.0,20.0,0.48717948717948717,1.9938171760601455,37,13,33,-20,0.04149840801321881,1,0,0,0,0,0,0,0,0,94,0,30,0,0,1
1g9b,A,282,SER,-0.8,89.0,0.0,1,1,H,0.07692307692307693,-56.4,-50.3,18.0,19.0,0.4864864864864865,1.9833656935153245,36,16,42,-26,0.040099585271200194,1,0,0,0,0,0,0,0,0,94,0,30,0,0,1
1g9b,A,283,THR,-0.7,116.1,0.0,1,1,H,0.04225352112676056,-70.7,-32.8,21.0,15.0,0.5833333333333334,2.5665314744538485,35,15,37,-22,0.043829779249916496,1,0,0,0,0,0,0,0,0,94,0,30,0,0,1
1g9b,A,284,ASP,-3.5,111.1,-1.0,1,3,H,0.049079754601226995,-56.6,-46.3,22.0,21.0,0.5116279069767442,2.831469312755803,34,10,25,-15,0.048026247475972325,1,0,0,0,0,0,0,0,0,94,0,30,0,0,1
1g9b,A,285,LYS,-3.9,168.6,1.0,2,0,H,0.15609756097560976,-68.3,-36.7,10.0,17.0,0.37037037037037035,2.150246825651143,30,6,39,-33,0.04289723075523742,1,0,0,0,0,0,0,0,0,94,0,30,0,0,1
1g9b,A,286,SER,-0.8,89.0,0.0,1,1,H,0.23846153846153847,-58.6,-46.7,14.0,12.0,0.5384615384615384,1.8148338532877568,26,20,33,-13,0.03730193978716297,1,0,0,0,0,0,0,0,0,-1,0,0,0,0,0
1g9b,A,287,ILE,4.5,166.7,0.0,0,0,H,0.029585798816568046,-65.6,-45.3,23.0,10.0,0.696969696969697,4.779141614208404,33,21,36,-15,0.04755997322863279,1,0,0,0,0,0,0,0,0,-1,0,0,0,0,0
1g9b,A,288,TYR,-1.3,193.6,0.0,1,1,H,0.14414414414414414,-54.0,-51.3,15.0,19.0,0.4411764705882353,2.7439887623971604,32,25,25,0,0.043363505002576956,1,0,0,0,0,0,0,0,0,-1,0,0,0,0,0
1g9b,A,289,ASP,-3.5,111.1,-1.0,1,3,H,0.5828220858895705,-59.4,-44.2,8.0,15.0,0.34782608695652173,1.849148999978622,22,22,9,13,0.03823448828184205,1,0,0,0,0,0,0,0,0,-1,0,0,0,0,0
1g9b,A,290,LYS,-3.9,168.6,1.0,2,0,H,0.43414634146341463,-61.7,-40.0,13.0,11.0,0.5416666666666666,1.9396488325371055,26,13,30,-17,0.03730193978716297,1,0,0,0,0,0,0,0,0,-1,0,0,0,0,0
1g9b,A,291,VAL,4.2,140.0,0.0,0,0,H,0.007042253521126761,-69.3,-43.7,25.0,13.0,0.6578947368421053,4.533341331823666,37,30,19,11,0.05175644145468863,1,0,0,0,0,0,0,0,0,-1,0,0,0,0,0
1g9b,A,292,LEU,3.8,166.7,0.0,0,0,H,0.17682926829268292,-58.0,-45.7,11.0,20.0,0.3548387096774194,2.509604357907216,26,19,15,4,0.045228601991935104,1,0,0,0,0,0,0,0,0,-1,0,0,0,0,0
1g9b,A,293,GLN,-3.5,143.8,0.0,2,2,H,0.5909090909090909,-60.1,-37.4,8.0,15.0,0.34782608695652173,1.7787165033686716,20,20,14,6,0.034970568550465285,1,0,0,0,0,0,0,0,0,-1,0,0,0,0,0
1g9b,A,294,ASN,-3.5,114.1,0.0,2,2,H,0.21656050955414013,-63.0,-39.4,21.0,10.0,0.6774193548387096,1.945010771017497,33,29,14,15,0.043363505002576956,1,0,0,0,0,0,0,0,0,-1,0,0,0,0,0
1g9b,A,295,PHE,2.8,189.9,0.0,0,0,H,0.02030456852791878,-69.9,-32.8,22.0,16.0,0.5789473684210527,5.59873004849339,40,33,12,21,0.05035761871267001,1,0,0,0,0,0,0,0,0,-1,0,0,0,0,0
1g9b,A,296,ARG,-4.5,173.4,1.0,5,0,H,0.47580645161290325,-62.2,-40.5,6.0,20.0,0.23076923076923078,2.019814269209871,21,5,12,-7,0.03870076252918159,1,0,0,0,0,0,0,0,0,68,10,15,0,1,1
1g9b,A,297,GLY,-0.4,60.1,0.0,0,0,H,0.38095238095238093,-60.8,-46.3,14.0,17.0,0.45161290322580644,1.8458425040884856,26,29,14,15,0.03870076252918159,1,0,0,0,0,0,0,0,0,-1,0,0,0,0,0
1g9b,A,298,ILE,4.5,166.7,0.0,0,0,H,0.011834319526627219,-63.3,-44.0,25.0,18.0,0.5813953488372093,3.1463569192838605,39,32,18,14,0.05035761871267001,1,0,0,0,0,0,0,0,0,-1,0,0,0,0,0
1g9b,A,299,VAL,4.2,140.0,0.0,0,0,H,0.1056338028169014,-64.2,-33.3,18.0,18.0,0.5,2.975223864930515,29,45,9,36,0.04709369898129325,1,0,0,0,0,0,0,0,0,-1,0,0,0,0,0
1g9b,A,300,ASP,-3.5,111.1,-1.0,1,3,H,0.32515337423312884,-70.1,-40.4,8.0,17.0,0.32,2.186129332851217,21,33,7,26,0.04149840801321881,1,0,0,0,0,0,0,0,0,-1,0,0,0,0,0
1g9b,A,301,ARG,-4.5,173.4,1.0,5,0,H,0.056451612903225805,-59.2,-44.0,22.0,11.0,0.6666666666666666,2.9662526632228183,33,22,30,-8,0.048026247475972325,1,0,0,0,0,0,0,0,0,30,292,3,0,13,1
1g9b,A,302,LEU,3.8,166.7,0.0,0,0,H,0.0,-61.1,-31.4,24.0,16.0,0.6,4.397817226281608,34,50,20,30,0.04942507021799094,1,0,0,0,0,0,0,0,0,-1,0,0,0,0,0
1g9b,A,303,ASN,-3.5,114.1,0.0,2,2,H,0.27388535031847133,-77.6,-16.4,14.0,16.0,0.4666666666666667,1.9206757011580633,25,34,23,11,0.040099585271200194,1,0,0,0,0,0,0,0,0,-1,0,0,0,0,0
1g9b,A,304,LYS,-3.9,168.6,1.0,2,0,H,0.3951219512195122,-115.0,-7.5,9.0,12.0,0.42857142857142855,1.966483774711949,21,19,23,-4,0.03776821403450251,1,0,0,0,0,0,0,0,0,-1,0,0,0,0,0
1g9b,A,305,VAL,4.2,140.0,0.0,0,0,-,0.04929577464788732,-66.3,131.1,23.0,7.0,0.7666666666666667,2.6300848904129808,30,27,25,2,0.04476232774459557,0,0,0,0,0,0,0,0,0,-1,0,0,0,0,0
1g9b,A,306,LEU,3.8,166.7,0.0,0,0,-,0.7682926829268293,-125.9,-33.5,4.0,17.0,0.19047619047619047,2.052507949628048,18,14,19,-5,0.028909003335051305,0,0,0,0,0,0,0,0,0,-1,0,0,0,0,0
1g9b,A,307,VAL,4.2,140.0,0.0,0,0,E,0.49295774647887325,-147.7,167.2,4.0,24.0,0.14285714285714285,2.4078626373122916,24,6,23,-17,0.03357174580844668,0,0,1,0,0,0,0,0,0,30,292,3,0,13,1
1g9b,A,308,CYS,2.5,108.5,0.0,1,0,E,0.0962962962962963,-127.0,99.7,18.0,10.0,0.6428571428571429,2.0515431789610523,25,0,22,-22,0.04755997322863279,0,0,1,0,0,0,0,0,0,80,19,3,0,0,1
1g9b,A,309,ILE,4.5,166.7,0.0,0,0,S,0.5088757396449705,-67.1,-37.1,7.0,15.0,0.3181818181818182,1.916382506536638,20,0,21,-21,0.027510180593032695,0,0,0,0,0,0,1,0,0,30,292,3,0,13,1
1g9b,A,310,SER,-0.8,89.0,0.0,1,1,S,0.2,-66.7,-31.5,18.0,7.0,0.72,2.0302538258439617,26,0,26,-26,0.035436842797804825,0,0,0,0,0,0,1,0,0,65,24,8,0,2,1
1g9b,A,311,ASP,-3.5,111.1,-1.0,1,3,-,0.049079754601226995,-141.2,96.8,19.0,6.0,0.76,2.147409773123997,24,0,10,-10,0.03683566553982344,0,0,0,0,0,0,0,0,0,80,19,3,0,0,1
1g9b,A,312,PRO,-1.6,112.7,0.0,0,0,T,0.8529411764705882,-56.9,-20.8,0.0,17.0,0.0,1.9468037128767484,13,0,15,-15,0.02611135785101408,0,0,0,0,0,1,0,0,0,80,19,3,0,0,1
1g9b,A,313,ASN,-3.5,114.1,0.0,2,2,T,0.89171974522293,-83.7,-3.0,6.0,14.0,0.3,1.731813830878739,16,1,15,-14,0.022381163872297785,0,0,0,0,0,1,0,0,0,80,19,3,0,0,1
1g9b,A,314,ILE,4.5,166.7,0.0,0,0,-,0.11242603550295859,-72.0,123.4,18.0,8.0,0.6923076923076923,2.136253721912029,27,1,15,-14,0.03776821403450251,0,0,0,0,0,0,0,0,0,80,19,3,0,0,1
1g9b,A,315,ASN,-3.5,114.1,0.0,2,2,-,0.5605095541401274,-84.2,104.0,8.0,14.0,0.36363636363636365,1.9185185464456649,20,9,9,0,0.03124037457174899,0,0,0,0,0,0,0,0,0,80,19,3,0,0,1
1g9b,A,316,ILE,4.5,166.7,0.0,0,0,H,0.20710059171597633,-52.4,-47.6,13.0,13.0,0.5,2.254675751383575,27,13,8,5,0.040099585271200194,1,0,0,0,0,0,0,0,0,-1,0,0,0,0,0
1g9b,A,317,ASN,-3.5,114.1,0.0,2,2,H,0.6687898089171974,-57.2,-46.6,1.0,21.0,0.045454545454545456,1.8975779149442304,17,12,3,9,0.029375277582390842,1,0,0,0,0,0,0,0,0,-1,0,0,0,0,0
1g9b,A,318,ILE,4.5,166.7,0.0,0,0,H,0.23668639053254437,-56.9,-45.1,7.0,11.0,0.3888888888888889,2.3150032511867082,21,20,9,11,0.03823448828184205,1,0,0,0,0,0,0,0,0,-1,0,0,0,0,0
1g9b,A,319,TYR,-1.3,193.6,0.0,1,1,H,0.036036036036036036,-69.9,-37.4,17.0,15.0,0.53125,3.5471433502337355,34,25,11,14,0.04755997322863279,1,0,0,0,0,0,0,0,0,-1,0,0,0,0,0
1g9b,A,320,LYS,-3.9,168.6,1.0,2,0,H,0.22926829268292684,-64.1,-40.9,19.0,21.0,0.475,2.5950920898633063,31,27,8,19,0.045694876239274644,1,0,0,0,0,0,0,0,0,-1,0,0,0,0,0
1g9b,A,321,ASN,-3.5,114.1,0.0,2,2,H,0.4394904458598726,-65.1,-42.1,10.0,18.0,0.35714285714285715,1.8981688890018287,25,32,22,10,0.04149840801321881,1,0,0,0,0,0,0,0,0,-1,0,0,0,0,0
1g9b,A,322,LYS,-3.9,168.6,1.0,2,0,H,0.004878048780487805,-67.4,-48.3,15.0,14.0,0.5172413793103449,3.8056995600037573,35,37,18,19,0.048958795970651406,1,0,0,0,0,0,0,0,0,13,1083,5,0,70,1
1g9b,A,323,PHE,2.8,189.9,0.0,0,0,H,0.0,-62.6,-31.3,21.0,20.0,0.5121951219512195,6.939529643615177,38,40,9,31,0.05035761871267001,1,0,0,0,0,0,0,0,0,-1,0,0,0,0,0
1g9b,A,324,LYS,-3.9,168.6,1.0,2,0,H,0.28780487804878047,-63.8,-41.4,17.0,21.0,0.4473684210526316,2.378931419686082,27,37,21,16,0.05129016720734909,1,0,0,0,0,0,0,0,0,69,18,8,0,1,1
1g9b,A,325,ASP,-3.5,111.1,-1.0,1,3,H,0.1656441717791411,-74.8,-38.5,16.0,18.0,0.47058823529411764,2.044980238559523,29,47,11,36,0.04243095650789788,1,0,0,0,0,0,0,0,0,13,1083,5,0,70,1
1g9b,A,326,LYS,-3.9,168.6,1.0,2,0,H,0.03902439024390244,-54.9,-54.3,24.0,18.0,0.5714285714285714,6.637887329219595,38,27,9,18,0.048492521723311866,1,0,0,0,0,0,0,0,0,-1,0,0,0,0,0
1g9b,A,327,TYR,-1.3,193.6,0.0,1,1,T,0.009009009009009009,-86.5,0.9,29.0,19.0,0.6041666666666666,5.908824956103846,43,38,11,27,0.04662742473395372,0,0,0,0,0,1,0,0,0,-1,0,0,0,0,0
1g9b,A,328,LYS,-3.9,168.6,1.0,2,0,T,0.23414634146341465,57.8,36.7,13.0,21.0,0.38235294117647056,1.9961199868274921,34,30,33,-3,0.04103213376587927,0,0,0,0,0,1,0,0,0,-1,0,0,0,0,0
1g9b,A,329,PHE,2.8,189.9,0.0,0,0,-,0.05583756345177665,-73.9,162.9,22.0,12.0,0.6470588235294118,4.126822740641805,35,43,27,16,0.04616115048661418,0,0,0,0,0,0,0,0,0,69,18,8,0,1,1
1g9b,A,330,VAL,4.2,140.0,0.0,0,0,E,0.36619718309859156,-110.7,157.8,9.0,17.0,0.34615384615384615,2.179908673591182,22,23,32,-9,0.035436842797804825,0,0,1,0,0,0,0,0,0,69,18,8,0,1,1
1g9b,A,331,GLU,-3.5,138.4,-1.0,1,3,E,0.4175257731958763,-134.2,127.9,13.0,8.0,0.6190476190476191,1.7691311135152412,18,23,17,6,0.032639197313767604,0,0,1,0,0,0,0,0,0,69,18,8,0,1,1
1g9b,A,332,ASP,-3.5,111.1,-1.0,1,3,-,0.3803680981595092,-74.9,176.3,6.0,7.0,0.46153846153846156,1.8385597074956965,11,13,18,-5,0.025645083603674543,0,0,0,0,0,0,0,0,0,69,18,8,0,1,1
1g9b,A,333,SER,-0.8,89.0,0.0,1,1,T,1.0,-62.8,-11.1,0.0,7.0,0.0,1.7395940710436475,8,7,26,-19,0.019117244140921023,0,0,0,0,0,1,0,0,0,-1,0,0,0,0,0
1g9b,A,334,GLU,-3.5,138.4,-1.0,1,3,T,0.8865979381443299,-96.1,-26.8,4.0,5.0,0.4444444444444444,1.7568846115696697,7,9,17,-8,0.01958351838826056,0,0,0,0,0,1,0,0,0,-1,0,0,0,0,0
1g9b,A,335,GLY,-0.4,60.1,0.0,0,0,-,0.2619047619047619,114.2,10.6,6.0,11.0,0.35294117647058826,1.7095988313607255,17,22,26,-4,0.02844272908771177,0,0,0,0,0,0,0,0,0,-1,0,0,0,0,0
1g9b,A,336,LYS,-3.9,168.6,1.0,2,0,-,0.5365853658536586,-82.3,123.4,4.0,16.0,0.2,1.9173828905376997,17,6,33,-27,0.03450429430312575,0,0,0,0,0,0,0,0,0,69,18,8,0,1,1
1g9b,A,337,TYR,-1.3,193.6,0.0,1,1,E,0.036036036036036036,-90.5,146.8,19.0,10.0,0.6551724137931034,2.4151755799448997,29,40,30,10,0.04616115048661418,0,0,1,0,0,0,0,0,0,69,18,8,0,1,1
1g9b,A,338,SER,-0.8,89.0,0.0,1,1,E,0.43846153846153846,-152.6,167.2,7.0,20.0,0.25925925925925924,2.346367408017445,23,31,29,2,0.035436842797804825,0,0,1,0,0,0,0,0,0,68,10,15,0,1,1
1g9b,A,339,ILE,4.5,166.7,0.0,0,0,-,0.1893491124260355,-89.5,129.6,13.0,16.0,0.4482758620689655,1.9484272229549113,27,19,22,-3,0.040099585271200194,0,0,0,0,0,0,0,0,0,68,10,15,0,1,1
1g9b,A,340,ASP,-3.5,111.1,-1.0,1,3,-,0.3006134969325153,-102.3,107.7,12.0,10.0,0.5454545454545454,2.106415965654576,21,15,16,-1,0.03357174580844668,0,0,0,0,0,0,0,0,0,68,10,15,0,1,1
1g9b,A,341,VAL,4.2,140.0,0.0,0,0,H,0.5985915492957746,-49.4,-44.3,0.0,18.0,0.0,2.1094470816132094,18,11,25,-14,0.02984155182973038,1,0,0,0,0,0,0,0,0,68,10,15,0,1,1
1g9b,A,342,GLU,-3.5,138.4,-1.0,1,3,H,0.7164948453608248,-63.5,-41.6,1.0,13.0,0.07142857142857142,1.7757217301534707,12,14,16,-2,0.02611135785101408,1,0,0,0,0,0,0,0,0,-1,0,0,0,0,0
1g9b,A,343,SER,-0.8,89.0,0.0,1,1,H,0.24615384615384617,-73.9,-34.7,12.0,10.0,0.5454545454545454,1.9005549238542792,25,24,30,-6,0.03730193978716297,1,0,0,0,0,0,0,0,0,-1,0,0,0,0,0
1g9b,A,344,PHE,2.8,189.9,0.0,0,0,H,0.030456852791878174,-66.3,-43.5,15.0,15.0,0.5,4.324196057386907,29,31,30,1,0.04755997322863279,1,0,0,0,0,0,0,0,0,-1,0,0,0,0,0
1g9b,A,345,ASP,-3.5,111.1,-1.0,1,3,H,0.2883435582822086,-58.1,-46.4,7.0,21.0,0.25,2.1980016261351207,24,19,23,-4,0.03823448828184205,1,0,0,0,0,0,0,0,0,-1,0,0,0,0,0
1g9b,A,346,LYS,-3.9,168.6,1.0,2,0,H,0.4292682926829268,-63.9,-45.8,12.0,16.0,0.42857142857142855,1.9959532919319989,25,17,40,-23,0.03870076252918159,1,0,0,0,0,0,0,0,0,-1,0,0,0,0,0
1g9b,A,347,LEU,3.8,166.7,0.0,0,0,H,0.06707317073170732,-61.3,-50.2,20.0,15.0,0.5714285714285714,2.565690530739392,36,34,22,12,0.043363505002576956,1,0,0,0,0,0,0,0,0,-1,0,0,0,0,0
1g9b,A,348,TYR,-1.3,193.6,0.0,1,1,H,0.018018018018018018,-54.7,-52.8,19.0,22.0,0.4634146341463415,5.330467277489015,34,31,26,5,0.04616115048661418,1,0,0,0,0,0,0,0,0,-1,0,0,0,0,0
1g9b,A,349,LYS,-3.9,168.6,1.0,2,0,H,0.18048780487804877,-62.7,-35.3,14.0,17.0,0.45161290322580644,3.1476491941865956,26,8,32,-24,0.048026247475972325,1,0,0,0,0,0,0,0,0,8,550,18,0,109,1
1g9b,A,350,SER,-0.8,89.0,0.0,1,1,I,0.015384615384615385,-64.9,-41.9,18.0,19.0,0.4864864864864865,3.6870287390246825,35,24,24,0,0.04989134446533048,0,0,0,0,1,0,0,0,0,-1,0,0,0,0,0
1g9b,A,351,LEU,3.8,166.7,0.0,0,0,I,0.012195121951219513,-77.1,-31.0,23.0,22.0,0.5111111111111111,5.688194506652963,38,31,4,27,0.053621538444046775,0,0,0,0,1,0,0,0,0,-1,0,0,0,0,0
1g9b,A,352,MET,1.9,162.9,0.0,0,0,I,0.005319148936170213,-98.5,-34.0,21.0,21.0,0.5,4.65036321312026,40,27,27,0,0.048492521723311866,0,0,0,0,1,0,0,0,0,-1,0,0,0,0,0
1g9b,A,353,PHE,2.8,189.9,0.0,0,0,I,0.04060913705583756,-116.7,-9.6,16.0,23.0,0.41025641025641024,2.731955834423216,37,17,28,-11,0.05175644145468863,0,0,0,0,1,0,0,0,0,8,550,18,0,109,1
1g9b,A,354,GLY,-0.4,60.1,0.0,0,0,I,0.0,-89.0,-61.1,20.0,19.0,0.5128205128205128,3.7943523722070216,38,13,19,-6,0.048492521723311866,0,0,0,0,1,0,0,0,0,-1,0,0,0,0,0
1g9b,A,355,PHE,2.8,189.9,0.0,0,0,S,0.0,-81.0,99.3,24.0,24.0,0.5,6.455484497854519,43,25,8,17,0.048958795970651406,0,0,0,0,0,0,1,0,0,-1,0,0,0,0,0
1g9b,A,356,THR,-0.7,116.1,0.0,1,1,-,0.028169014084507043,-138.7,159.0,25.0,20.0,0.5555555555555556,3.2345181139932686,42,18,19,-1,0.05129016720734909,0,0,0,0,0,0,0,0,0,-1,0,0,0,0,0
1g9b,A,357,GLU,-3.5,138.4,-1.0,1,3,H,0.1134020618556701,-57.8,-47.7,25.0,22.0,0.5319148936170213,3.114128814290069,39,27,14,13,0.048492521723311866,1,0,0,0,0,0,0,0,0,-1,0,0,0,0,0
1g9b,A,358,THR,-0.7,116.1,0.0,1,1,H,0.29577464788732394,-57.5,-47.9,18.0,19.0,0.4864864864864865,2.1594160849609296,35,16,28,-12,0.04103213376587927,1,0,0,0,0,0,0,0,0,-1,0,0,0,0,0
1g9b,A,359,ASN,-3.5,114.1,0.0,2,2,H,0.27388535031847133,-62.3,-41.5,22.0,17.0,0.5641025641025641,1.8923003821142543,34,2,20,-18,0.04149840801321881,1,0,0,0,0,0,0,0,0,53,24,14,0,4,1
1g9b,A,360,ILE,4.5,166.7,0.0,0,0,H,0.0,-71.0,-40.6,25.0,16.0,0.6097560975609756,5.15868744874936,37,21,19,2,0.05035761871267001,1,0,0,0,0,0,0,0,0,-1,0,0,0,0,0
1g9b,A,361,ALA,1.8,88.6,0.0,0,0,H,0.03773584905660377,-58.5,-47.6,18.0,17.0,0.5142857142857142,2.4550664410954353,30,26,25,1,0.04662742473395372,1,0,0,0,0,0,0,0,0,-1,0,0,0,0,0
1g9b,A,362,GLU,-3.5,138.4,-1.0,1,3,H,0.6855670103092784,-59.8,-44.5,10.0,12.0,0.45454545454545453,1.761232621791209,19,16,3,13,0.03450429430312575,1,0,0,0,0,0,0,0,0,-1,0,0,0,0,0
1g9b,A,363,ASN,-3.5,114.1,0.0,2,2,H,0.27388535031847133,-65.9,-38.1,18.0,8.0,0.6923076923076923,1.7690508149901283,25,22,12,10,0.03683566553982344,1,0,0,0,0,0,0,0,0,53,24,14,0,4,1
1g9b,A,364,TYR,-1.3,193.6,0.0,1,1,H,0.036036036036036036,-91.6,1.9,26.0,5.0,0.8387096774193549,3.570213251227775,37,33,29,4,0.03963331102386066,1,0,0,0,0,0,0,0,0,52,24,15,0,4,1
1g9b,A,365,LYS,-3.9,168.6,1.0,2,0,T,0.47317073170731705,58.9,44.9,15.0,16.0,0.4838709677419355,2.0199732621831585,27,21,35,-14,0.0363693912924839,0,0,0,0,0,1,0,0,0,93,0,12,0,0,1
1g9b,A,366,ILE,4.5,166.7,0.0,0,0,-,0.01775147928994083,-111.9,135.4,21.0,15.0,0.5833333333333334,2.637262681221973,37,29,33,-4,0.04616115048661418,0,0,0,0,0,0,0,0,0,88,0,19,0,0,1
1g9b,A,367,LYS,-3.9,168.6,1.0,2,0,-,0.2097560975609756,-85.9,142.5,18.0,22.0,0.45,2.370861632112975,33,19,21,-2,0.04243095650789788,0,0,0,0,0,0,0,0,0,88,0,19,0,0,1
1g9b,A,368,THR,-0.7,116.1,0.0,1,1,-,0.176056338028169,-142.6,177.6,22.0,18.0,0.55,1.981293791928637,29,25,17,8,0.043829779249916496,0,0,0,0,0,0,0,0,0,88,0,19,0,0,1
1g9b,A,369,ARG,-4.5,173.4,1.0,5,0,-,0.2862903225806452,-68.9,151.6,16.0,20.0,0.4444444444444444,1.9096091423091601,28,11,17,-6,0.0363693912924839,0,0,0,0,0,0,0,0,0,7,514,27,0,125,1
1g9b,A,370,ALA,1.8,88.6,0.0,0,0,S,0.7169811320754716,-66.3,-33.4,12.0,18.0,0.4,1.819442427656488,26,19,20,-1,0.03357174580844668,0,0,0,0,0,0,1,0,0,-1,0,0,0,0,0
1g9b,A,371,SER,-0.8,89.0,0.0,1,1,-,0.06153846153846154,-157.0,159.5,17.0,18.0,0.4857142857142857,2.5029181269292935,28,11,23,-12,0.03916703677652112,0,0,0,0,0,0,0,0,0,7,514,27,0,125,1
1g9b,A,372,TYR,-1.3,193.6,0.0,1,1,S,0.3333333333333333,-57.8,-36.6,19.0,12.0,0.6129032258064516,2.0011550341380278,32,17,33,-16,0.040565859518539735,0,0,0,0,0,0,1,0,0,-1,0,0,0,0,0
1g9b,A,373,PHE,2.8,189.9,0.0,0,0,S,0.15228426395939088,-96.7,79.9,23.0,15.0,0.6052631578947368,2.301056940447163,36,7,23,-16,0.03916703677652112,0,0,0,0,0,0,1,0,0,-1,0,0,0,0,0
1g9b,A,374,SER,-0.8,89.0,0.0,1,1,S,0.18461538461538463,-148.2,143.6,14.0,20.0,0.4117647058823529,1.7688760407152635,27,11,29,-18,0.03357174580844668,0,0,0,0,0,0,1,0,0,7,514,27,0,125,1
1g9b,A,375,ASP,-3.5,111.1,-1.0,1,3,-,0.24539877300613497,-53.9,135.9,17.0,16.0,0.5151515151515151,1.7291532598376276,32,17,37,-20,0.03823448828184205,0,0,0,0,0,0,0,0,0,7,514,27,0,125,1
1g9b,A,376,SER,-0.8,89.0,0.0,1,1,-,0.25384615384615383,-94.7,143.2,18.0,17.0,0.5142857142857142,1.8306224428997517,29,10,41,-31,0.03683566553982344,0,0,0,0,0,0,0,0,0,96,0,17,0,0,1
1g9b,A,377,LEU,3.8,166.7,0.0,0,0,-,0.32926829268292684,-110.9,175.8,16.0,17.0,0.48484848484848486,1.9164746285992176,34,23,31,-8,0.03310547156110714,0,0,0,0,0,0,0,0,0,7,514,27,0,125,1
1g9b,A,378,PRO,-1.6,112.7,0.0,0,0,-,0.25735294117647056,-73.2,141.1,12.0,25.0,0.32432432432432434,2.1254196542328074,34,14,24,-10,0.03870076252918159,0,0,0,0,0,0,0,0,0,-1,0,0,0,0,0
1g9b,A,379,PRO,-1.6,112.7,0.0,0,0,-,0.007352941176470588,-72.5,170.0,22.0,17.0,0.5641025641025641,2.5289487985450103,36,19,23,-4,0.04709369898129325,0,0,0,0,0,0,0,0,0,-1,0,0,0,0,0
1g9b,A,380,VAL,4.2,140.0,0.0,0,0,E,0.0,-134.1,159.3,18.0,20.0,0.47368421052631576,4.066797007648534,36,27,23,4,0.05035761871267001,0,0,1,0,0,0,0,0,0,-1,0,0,0,0,0
1g9b,A,381,LYS,-3.9,168.6,1.0,2,0,E,0.24390243902439024,-98.9,134.1,9.0,22.0,0.2903225806451613,2.789600910045108,26,10,29,-19,0.04662742473395372,0,0,1,0,0,0,0,0,0,-1,0,0,0,0,0
1g9b,A,382,ILE,4.5,166.7,0.0,0,0,E,0.0,-89.2,121.7,22.0,13.0,0.6285714285714286,4.170453360543217,34,20,28,-8,0.050823892960009553,0,0,1,0,0,0,0,0,0,-1,0,0,0,0,0
1g9b,A,383,LYS,-3.9,168.6,1.0,2,0,S,0.45365853658536587,-54.9,-51.3,13.0,11.0,0.5416666666666666,2.0330223013780695,20,14,27,-13,0.03683566553982344,0,0,0,0,0,0,1,0,0,55,43,10,0,4,1
1g9b,A,384,ASN,-3.5,114.1,0.0,2,2,-,0.4394904458598726,-160.4,94.5,6.0,20.0,0.23076923076923078,2.0526502929446067,21,19,24,-5,0.0363693912924839,0,0,0,0,0,0,0,0,0,55,43,10,0,4,1
1g9b,A,385,LEU,3.8,166.7,0.0,0,0,T,0.018292682926829267,-65.3,-26.4,22.0,13.0,0.6285714285714286,2.551983475992336,36,23,26,-3,0.04662742473395372,0,0,0,0,0,1,0,0,0,55,43,10,0,4,1
1g9b,A,386,LEU,3.8,166.7,0.0,0,0,T,0.38414634146341464,-78.0,4.3,8.0,19.0,0.2962962962962963,1.8715304652655604,23,14,15,-1,0.03450429430312575,0,0,0,0,0,1,0,0,0,55,43,10,0,4,1
1g9b,A,387,ASP,-3.5,111.1,-1.0,1,3,-,0.38650306748466257,-100.2,103.0,8.0,11.0,0.42105263157894735,2.088747318211226,18,14,9,5,0.03170664881908853,0,0,0,0,0,0,0,0,0,55,43,10,0,4,1
1g9b,A,388,ASN,-3.5,114.1,0.0,2,2,T,0.6687898089171974,-57.0,-8.8,4.0,17.0,0.19047619047619047,1.756322784666881,16,9,27,-18,0.03170664881908853,0,0,0,0,0,1,0,0,0,55,43,10,0,4,1
1g9b,A,389,GLU,-3.5,138.4,-1.0,1,3,T,0.5618556701030928,-83.2,-22.5,5.0,18.0,0.21739130434782608,1.813708715330036,18,10,15,-5,0.026577632098353617,0,0,0,0,0,1,0,0,0,-1,0,0,0,0,0
1g9b,A,390,ILE,4.5,166.7,0.0,0,0,T,0.07100591715976332,-107.2,-37.0,12.0,17.0,0.41379310344827586,3.366219729857138,27,21,19,2,0.04942507021799094,0,0,0,0,0,1,0,0,0,-1,0,0,0,0,0
1g9b,A,391,TYR,-1.3,193.6,0.0,1,1,-,0.0,-147.3,126.8,18.0,18.0,0.5,5.692643950064572,37,24,36,-12,0.050823892960009553,0,0,0,0,0,0,0,0,0,-1,0,0,0,0,0
1g9b,A,392,THR,-0.7,116.1,0.0,1,1,B,0.1056338028169014,-121.9,158.9,11.0,19.0,0.36666666666666664,2.580331265044888,26,23,36,-13,0.045694876239274644,0,1,0,0,0,0,0,0,0,-1,0,0,0,0,0
1g9b,A,393,ILE,4.5,166.7,0.0,0,0,T,0.2485207100591716,-62.0,-41.9,12.0,18.0,0.4,2.324396801834609,27,35,22,13,0.04103213376587927,0,0,0,0,0,1,0,0,0,-1,0,0,0,0,0
1g9b,A,394,GLU,-3.5,138.4,-1.0,1,3,T,0.6391752577319587,-68.9,-45.9,5.0,21.0,0.19230769230769232,1.8759439703875285,20,27,11,16,0.030307826077069916,0,0,0,0,0,1,0,0,0,52,24,15,0,4,1
1g9b,A,395,GLU,-3.5,138.4,-1.0,1,3,T,0.26288659793814434,-123.1,0.3,17.0,20.0,0.4594594594594595,1.863407372366795,27,31,31,0,0.04476232774459557,0,0,0,0,0,1,0,0,0,-1,0,0,0,0,0
1g9b,A,396,GLY,-0.4,60.1,0.0,0,0,B,0.0,66.4,-133.1,20.0,22.0,0.47619047619047616,3.815908212548094,38,29,38,-9,0.04755997322863279,0,1,0,0,0,0,0,0,0,-1,0,0,0,0,0
1g9b,A,397,PHE,2.8,189.9,0.0,0,0,T,0.0,-81.8,-25.6,25.0,24.0,0.5102040816326531,5.802378168267925,45,24,25,-1,0.053155264196707235,0,0,0,0,0,1,0,0,0,-1,0,0,0,0,0
1g9b,A,398,ASN,-3.5,114.1,0.0,2,2,-,0.03821656050955414,-82.2,66.3,16.0,19.0,0.45714285714285713,2.350836568396709,35,44,43,1,0.05408781269138631,0,0,0,0,0,0,0,0,0,-1,0,0,0,0,0
1g9b,A,399,ILE,4.5,166.7,0.0,0,0,-,0.05917159763313609,-82.0,121.6,12.0,15.0,0.4444444444444444,3.06041587251172,26,22,54,-32,0.045694876239274644,0,0,0,0,0,0,0,0,0,-1,0,0,0,0,0
1g9b,A,400,SER,-0.8,89.0,0.0,1,1,G,0.4461538461538462,-64.2,-38.5,3.0,18.0,0.14285714285714285,1.9788255197044673,17,23,38,-15,0.032639197313767604,0,0,0,1,0,0,0,0,0,-1,0,0,0,0,0
1g9b,A,401,ASP,-3.5,111.1,-1.0,1,3,G,0.9263803680981595,-62.7,-7.0,7.0,10.0,0.4117647058823529,1.7009062189845818,12,9,24,-15,0.022381163872297785,0,0,0,1,0,0,0,0,0,-1,0,0,0,0,0
1g9b,A,402,LYS,-3.9,168.6,1.0,2,0,G,0.22439024390243903,-120.2,14.9,16.0,5.0,0.7619047619047619,1.9342667189164366,22,12,36,-24,0.02797645484037223,0,0,0,1,0,0,0,0,0,92,1,12,0,0,1
1g9b,A,403,ASP,-3.5,111.1,-1.0,1,3,T,0.5766871165644172,50.2,44.9,1.0,15.0,0.0625,1.8372306656446722,15,29,25,4,0.03170664881908853,0,0,0,0,0,1,0,0,0,92,1,12,0,0,1
1g9b,A,404,MET,1.9,162.9,0.0,0,0,-,0.0425531914893617,-120.4,18.0,18.0,7.0,0.72,2.7096834799713285,28,30,40,-10,0.048026247475972325,0,0,0,0,0,0,0,0,0,92,1,12,0,0,1
1g9b,A,405,GLU,-3.5,138.4,-1.0,1,3,S,0.30412371134020616,-83.4,-50.1,8.0,16.0,0.3333333333333333,1.8546074286121386,20,33,31,2,0.04616115048661418,0,0,0,0,0,0,1,0,0,93,0,12,0,0,1
1g9b,A,406,LYS,-3.9,168.6,1.0,2,0,G,0.6682926829268293,-60.7,139.0,3.0,17.0,0.15,2.098583843779247,15,20,28,-8,0.03310547156110714,0,0,0,1,0,0,0,0,0,-1,0,0,0,0,0
1g9b,A,407,GLU,-3.5,138.4,-1.0,1,3,G,0.8041237113402062,51.9,26.2,7.0,15.0,0.3181818181818182,1.7420353631635475,17,29,14,15,0.02984155182973038,0,0,0,1,0,0,0,0,0,88,0,19,0,0,1
1g9b,A,408,TYR,-1.3,193.6,0.0,1,1,G,0.34234234234234234,55.7,33.2,17.0,17.0,0.5,2.225120605227665,24,32,26,6,0.04755997322863279,0,0,0,1,0,0,0,0,0,88,0,19,0,0,1
1g9b,A,409,ARG,-4.5,173.4,1.0,5,0,G,0.29435483870967744,-54.4,-29.3,8.0,24.0,0.25,2.4824655059601524,23,23,25,-2,0.04755997322863279,0,0,0,1,0,0,0,0,0,92,1,12,0,0,1
1g9b,A,410,GLY,-0.4,60.1,0.0,0,0,G,0.0,-64.8,-22.1,21.0,17.0,0.5526315789473685,5.089897734407346,37,45,26,19,0.05548663543340492,0,0,0,1,0,0,0,0,0,-1,0,0,0,0,0
1g9b,A,411,GLN,-3.5,143.8,0.0,2,2,G,0.0,-103.4,-1.5,23.0,22.0,0.5111111111111111,5.431891908592981,41,31,19,12,0.058750555164781684,0,0,0,1,0,0,0,0,0,88,0,19,0,0,1
1g9b,A,412,ASN,-3.5,114.1,0.0,2,2,B,0.03184713375796178,-75.5,120.0,17.0,21.0,0.4473684210526316,3.790215689930341,33,53,8,45,0.05222271570202816,0,1,0,0,0,0,0,0,0,-1,0,0,0,0,0
1g9b,A,413,LYS,-3.9,168.6,1.0,2,0,T,0.05853658536585366,-61.3,-35.9,21.0,15.0,0.5833333333333334,3.825138276545386,35,38,11,27,0.05455408693872585,0,0,0,0,0,1,0,0,0,35,58,15,0,9,1
1g9b,A,414,ALA,1.8,88.6,0.0,0,0,T,0.14150943396226415,-70.9,-26.7,13.0,14.0,0.48148148148148145,2.3803213494871374,27,52,1,51,0.04243095650789788,0,0,0,0,0,1,0,0,0,35,58,15,0,9,1
1g9b,A,415,ILE,4.5,166.7,0.0,0,0,T,0.33727810650887574,-98.2,-51.5,18.0,11.0,0.6206896551724138,2.0286905068927754,29,45,7,38,0.03823448828184205,0,0,0,0,0,1,0,0,0,35,58,15,0,9,1
1g9b,A,416,ASN,-3.5,114.1,0.0,2,2,-,0.0,-95.1,58.2,22.0,9.0,0.7096774193548387,2.838437913009708,30,46,6,40,0.04476232774459557,0,0,0,0,0,0,0,0,0,35,58,15,0,9,1
1g9b,A,417,LYS,-3.9,168.6,1.0,2,0,G,0.4146341463414634,-64.8,-26.2,5.0,20.0,0.2,1.9766954090386366,21,26,12,14,0.03590311704514436,0,0,0,1,0,0,0,0,0,35,58,15,0,9,1
1g9b,A,418,GLN,-3.5,143.8,0.0,2,2,G,0.5252525252525253,-70.3,-12.6,6.0,16.0,0.2727272727272727,1.8065569584035979,25,31,15,16,0.02797645484037223,0,0,0,1,0,0,0,0,0,35,58,15,0,9,1
1g9b,A,419,ALA,1.8,88.6,0.0,0,0,G,0.0,-87.3,-16.1,23.0,14.0,0.6216216216216216,3.674797106998745,32,38,25,13,0.045228601991935104,0,0,0,1,0,0,0,0,0,-1,0,0,0,0,0
1g9b,A,420,TYR,-1.3,193.6,0.0,1,1,E,0.013513513513513514,-146.0,174.9,24.0,9.0,0.7272727272727273,3.503150467306687,33,46,19,27,0.04709369898129325,0,0,1,0,0,0,0,0,0,35,58,15,0,9,1
1g9b,A,421,GLU,-3.5,138.4,-1.0,1,3,E,0.4639175257731959,-137.4,139.2,8.0,15.0,0.34782608695652173,2.0109900251093573,20,30,14,16,0.03730193978716297,0,0,1,0,0,0,0,0,0,-1,0,0,0,0,0
1g9b,A,422,GLU,-3.5,138.4,-1.0,1,3,-,0.42783505154639173,-68.5,163.3,6.0,21.0,0.2222222222222222,1.7424287159679401,22,40,9,31,0.03403802005578621,0,0,0,0,0,0,0,0,0,-1,0,0,0,0,0
1g9b,A,423,ILE,4.5,166.7,0.0,0,0,-,0.08284023668639054,-104.4,141.0,23.0,5.0,0.8214285714285714,2.0687175610320447,27,29,32,-3,0.04196468226055834,0,0,0,0,0,0,0,0,0,75,5,17,0,1,1
1g9b,A,424,SER,-0.8,89.0,0.0,1,1,-,0.4153846153846154,-60.9,124.0,5.0,13.0,0.2777777777777778,2.119409543567676,19,25,25,0,0.027510180593032695,0,0,0,0,0,0,0,0,0,75,5,17,0,1,1
1g9b,A,425,LYS,-3.9,168.6,1.0,2,0,G,0.6,-63.3,-19.6,1.0,15.0,0.0625,1.912259008439385,16,16,21,-5,0.02611135785101408,0,0,0,1,0,0,0,0,0,75,5,17,0,1,1
1g9b,A,426,GLU,-3.5,138.4,-1.0,1,3,G,0.8402061855670103,-64.7,-23.8,1.0,16.0,0.058823529411764705,1.767669325778411,9,27,0,27,0.023779986614316396,0,0,0,1,0,0,0,0,0,75,5,17,0,1,1
1g9b,A,427,HIS,-3.2,153.2,0.1,2,1,G,0.45108695652173914,-98.5,3.0,15.0,12.0,0.5555555555555556,2.2758097890745526,22,17,25,-8,0.040565859518539735,0,0,0,1,0,0,0,0,0,75,5,17,0,1,1
1g9b,A,428,LEU,3.8,166.7,0.0,0,0,E,0.10365853658536585,-101.8,139.3,13.0,18.0,0.41935483870967744,2.416359826666215,29,30,19,11,0.04662742473395372,0,0,1,0,0,0,0,0,0,75,5,17,0,1,1
1g9b,A,429,ALA,1.8,88.6,0.0,0,0,E,0.03773584905660377,-124.7,132.1,23.0,17.0,0.575,2.29552785415397,37,39,26,13,0.045228601991935104,0,0,1,0,0,0,0,0,0,77,9,9,0,0,1
1g9b,A,430,VAL,4.2,140.0,0.0,0,0,-,0.18309859154929578,-135.7,134.3,16.0,23.0,0.41025641025641024,1.9895002582830894,38,28,38,-10,0.045694876239274644,0,0,0,0,0,0,0,0,0,-1,0,0,0,0,0
1g9b,A,431,TYR,-1.3,193.6,0.0,1,1,-,0.05855855855855856,-72.4,118.7,16.0,18.0,0.47058823529411764,3.375456576957873,33,31,31,0,0.05408781269138631,0,0,0,0,0,0,0,0,0,-1,0,0,0,0,0
1g9b,A,432,LYS,-3.9,168.6,1.0,2,0,E,0.3170731707317073,-118.4,152.6,10.0,24.0,0.29411764705882354,3.121478539496313,26,15,30,-15,0.04709369898129325,0,0,1,0,0,0,0,0,0,-1,0,0,0,0,0
1g9b,A,433,ILE,4.5,166.7,0.0,0,0,E,0.03550295857988166,-108.6,118.1,19.0,13.0,0.59375,3.5210163761868993,32,31,27,4,0.050823892960009553,0,0,1,0,0,0,0,0,0,-1,0,0,0,0,0
1g9b,A,434,GLN,-3.5,143.8,0.0,2,2,E,0.22727272727272727,-91.5,106.4,8.0,18.0,0.3076923076923077,3.446224304790601,21,28,9,19,0.045694876239274644,0,0,1,0,0,0,0,0,0,78,6,12,0,0,1
1g9b,A,435,MET,1.9,162.9,0.0,0,0,E,0.02127659574468085,-87.8,105.7,17.0,15.0,0.53125,4.992319828999564,29,29,22,7,0.050823892960009553,0,0,1,0,0,0,0,0,0,10,1077,7,0,103,1
1g9b,A,436,CYS,2.5,108.5,0.0,1,0,E,0.022222222222222223,-105.4,142.1,8.0,15.0,0.34782608695652173,2.6452210792107853,21,20,19,1,0.045694876239274644,0,0,1,0,0,0,0,0,0,10,1077,7,0,103,1
1g9b,A,437,LYS,-3.9,168.6,1.0,2,0,-,0.16097560975609757,-93.5,155.0,9.0,9.0,0.5,2.093521486321368,19,1,14,-13,0.03776821403450251,0,0,0,0,0,0,0,0,0,10,1077,7,0,103,1
1g9b,A,438,SER,-0.8,89.0,0.0,1,1,-,0.6384615384615384,-71.5,68.0,3.0,9.0,0.25,1.7395331635713631,12,9,9,0,0.02331371236697686,0,0,0,0,0,0,0,0,0,10,1077,7,0,103,1
1g9b,A,439,VAL,4.2,140.0,0.0,0,0,-,0.9577464788732394,-143.4,360.0,7.0,3.0,0.7,1.8339702463099432,10,9,6,3,0.017718421398902413,0,0,0,0,0,0,0,0,0,10,1077,7,0,103,1
1g9b,A,443,GLY,-0.4,60.1,0.0,0,0,-,0.8690476190476191,360.0,157.1,10.0,3.0,0.7692307692307693,1.7095568316142584,14,10,1,9,0.018650969893581486,0,0,0,0,0,0,0,0,0,10,1077,7,0,103,1
1g9b,A,444,ILE,4.5,166.7,0.0,0,0,-,0.42011834319526625,-105.1,141.0,7.0,11.0,0.3888888888888889,2.0459969846868846,21,10,6,4,0.024246260861655933,0,0,0,0,0,0,0,0,0,10,1077,7,0,103,1
1g9b,A,445,CYS,2.5,108.5,0.0,1,0,E,0.3333333333333333,-132.4,136.0,10.0,15.0,0.4,1.8779282115598812,21,17,8,9,0.032639197313767604,0,0,1,0,0,0,0,0,0,10,1077,7,0,103,1
1g9b,A,446,ILE,4.5,166.7,0.0,0,0,E,0.047337278106508875,-118.5,131.8,18.0,13.0,0.5806451612903226,2.776569266258248,30,13,12,1,0.0363693912924839,0,0,1,0,0,0,0,0,0,-1,0,0,0,0,0
1g9b,A,447,ASP,-3.5,111.1,-1.0,1,3,E,0.49079754601226994,-94.0,128.3,6.0,21.0,0.2222222222222222,1.7324039565132745,23,19,12,7,0.03683566553982344,0,0,1,0,0,0,0,0,0,-1,0,0,0,0,0
1g9b,A,448,VAL,4.2,140.0,0.0,0,0,E,0.09859154929577464,-127.6,127.5,21.0,9.0,0.7,2.2917192911139135,30,16,33,-17,0.04196468226055834,0,0,1,0,0,0,0,0,0,45,24,21,0,5,1
1g9b,A,449,ASP,-3.5,111.1,-1.0,1,3,E,0.2883435582822086,-66.1,136.3,11.0,21.0,0.34375,2.188765811802164,26,15,37,-22,0.040565859518539735,0,0,1,0,0,0,0,0,0,45,24,21,0,5,1
1g9b,A,450,ASN,-3.5,114.1,0.0,2,2,G,0.0,-52.6,-35.5,18.0,18.0,0.5,3.7973066816721253,37,27,42,-15,0.05222271570202816,0,0,0,1,0,0,0,0,0,-1,0,0,0,0,0
1g9b,A,451,GLU,-3.5,138.4,-1.0,1,3,G,0.03608247422680412,-59.7,-31.7,13.0,17.0,0.43333333333333335,1.955643826035731,32,18,33,-15,0.04149840801321881,0,0,0,1,0,0,0,0,0,96,0,17,0,0,1
1g9b,A,452,ASP,-3.5,111.1,-1.0,1,3,G,0.294478527607362,-73.4,-16.0,12.0,25.0,0.32432432432432434,1.8008945284154967,32,12,39,-27,0.040099585271200194,0,0,0,1,0,0,0,0,0,45,24,21,0,5,1
1g9b,A,453,LEU,3.8,166.7,0.0,0,0,S,0.012195121951219513,-74.0,179.2,23.0,19.0,0.5476190476190477,3.018146700877779,33,10,38,-28,0.04616115048661418,0,0,0,0,0,0,1,0,0,-1,0,0,0,0,0
1g9b,A,454,PHE,2.8,189.9,0.0,0,0,B,0.0,-88.9,121.2,25.0,18.0,0.5813953488372093,3.3070467633515794,40,6,24,-18,0.04942507021799094,0,1,0,0,0,0,0,0,0,-1,0,0,0,0,0
1g9b,A,455,PHE,2.8,189.9,0.0,0,0,-,0.050761421319796954,-85.6,118.2,19.0,25.0,0.4318181818181818,2.479761570122535,42,0,25,-25,0.04942507021799094,0,0,0,0,0,0,0,0,0,-1,0,0,0,0,0
1g9b,A,456,ILE,4.5,166.7,0.0,0,0,-,0.0,-132.5,104.4,20.0,22.0,0.47619047619047616,3.62724778196033,38,14,24,-10,0.0526889899493677,0,0,0,0,0,0,0,0,0,-1,0,0,0,0,0
1g9b,A,457,ALA,1.8,88.6,0.0,0,0,B,0.04716981132075472,-55.5,139.1,21.0,20.0,0.5121951219512195,2.9424258959359078,36,9,18,-9,0.0526889899493677,0,1,0,0,0,0,0,0,0,-1,0,0,0,0,0
1g9b,A,458,ASP,-3.5,111.1,-1.0,1,3,-,0.09202453987730061,-81.1,151.5,16.0,19.0,0.45714285714285713,1.964680255766518,25,16,16,0,0.04243095650789788,0,0,0,0,0,0,0,0,0,97,0,23,0,0,1
1g9b,A,459,LYS,-3.9,168.6,1.0,2,0,G,0.4292682926829268,-54.2,-30.8,9.0,21.0,0.3,1.8820998131149302,22,2,23,-21,0.040099585271200194,0,0,0,1,0,0,0,0,0,0,8543,26,0,2235,1
1g9b,A,460,ASN,-3.5,114.1,0.0,2,2,G,0.7707006369426752,-64.4,-14.1,5.0,15.0,0.25,1.8063223371772803,18,11,12,-1,0.030307826077069916,0,0,0,1,0,0,0,0,0,97,0,23,0,0,1
1g9b,A,461,SER,-0.8,89.0,0.0,1,1,G,0.023076923076923078,-67.8,-19.7,22.0,10.0,0.6875,2.9915486015264876,33,8,14,-6,0.040565859518539735,0,0,0,1,0,0,0,0,0,0,8543,26,0,2235,1
1g9b,A,462,PHE,2.8,189.9,0.0,0,0,S,0.05583756345177665,-109.8,138.3,22.0,17.0,0.5641025641025641,2.8955118249153404,35,9,17,-8,0.04243095650789788,0,0,0,0,0,0,1,0,0,0,8543,26,0,2235,1
1g9b,A,463,SER,-0.8,89.0,0.0,1,1,-,0.06923076923076923,-66.7,143.2,21.0,14.0,0.6,2.281276194242754,31,12,28,-16,0.03823448828184205,0,0,0,0,0,0,0,0,0,0,8543,26,0,2235,1
1g9b,A,464,ASP,-3.5,111.1,-1.0,1,3,-,0.44171779141104295,-108.1,23.3,7.0,19.0,0.2692307692307692,1.6721336149505948,23,15,8,7,0.032639197313767604,0,0,0,0,0,0,0,0,0,0,8543,26,0,2235,1
1g9b,A,465,ASP,-3.5,111.1,-1.0,1,3,G,0.3619631901840491,-58.4,-20.7,14.0,12.0,0.5384615384615384,1.6964243256996727,27,20,21,-1,0.027043906345693154,0,0,0,1,0,0,0,0,0,-1,0,0,0,0,0
1g9b,A,466,LEU,3.8,166.7,0.0,0,0,G,0.024390243902439025,-68.4,-20.2,24.0,12.0,0.6666666666666666,2.6729816128965465,35,27,38,-11,0.04243095650789788,0,0,0,1,0,0,0,0,0,-1,0,0,0,0,0
1g9b,A,467,SER,-0.8,89.0,0.0,1,1,G,0.3384615384615385,-79.8,-9.7,6.0,16.0,0.2727272727272727,2.1217980310455333,20,13,21,-8,0.034970568550465285,0,0,0,1,0,0,0,0,0,-1,0,0,0,0,0
1g9b,A,468,LYS,-3.9,168.6,1.0,2,0,S,0.6097560975609756,-82.6,151.9,6.0,11.0,0.35294117647058826,1.9596531183432135,17,5,25,-20,0.030307826077069916,0,0,0,0,0,0,1,0,0,-1,0,0,0,0,0
1g9b,A,469,ASN,-3.5,114.1,0.0,2,2,-,0.6751592356687898,-70.4,152.1,5.0,14.0,0.2631578947368421,1.7588003711223472,18,23,13,10,0.032639197313767604,0,0,0,0,0,0,0,0,0,-1,0,0,0,0,0
1g9b,A,470,GLU,-3.5,138.4,-1.0,1,3,E,0.26288659793814434,-127.7,126.8,19.0,6.0,0.76,2.079554699166904,26,39,15,24,0.0363693912924839,0,0,1,0,0,0,0,0,0,-1,0,0,0,0,0
1g9b,A,471,ARG,-4.5,173.4,1.0,5,0,E,0.6411290322580645,-89.9,122.8,4.0,17.0,0.19047619047619047,1.8854767880304655,14,2,27,-25,0.034970568550465285,0,0,1,0,0,0,0,0,0,54,24,16,0,4,1
1g9b,A,472,ILE,4.5,166.7,0.0,0,0,E,0.0,-99.0,139.2,24.0,9.0,0.7272727272727273,3.6172485059903954,33,29,31,-2,0.050823892960009553,0,0,1,0,0,0,0,0,0,-1,0,0,0,0,0
1g9b,A,473,GLU,-3.5,138.4,-1.0,1,3,-,0.29896907216494845,-147.0,163.4,4.0,23.0,0.14814814814814814,2.5319089970793214,21,26,14,12,0.04709369898129325,0,0,0,0,0,0,0,0,0,12,332,20,0,75,1
1g9b,A,474,TYR,-1.3,193.6,0.0,1,1,S,0.36036036036036034,-55.8,-19.9,9.0,17.0,0.34615384615384615,2.387727072458013,18,18,18,0,0.045694876239274644,0,0,0,0,0,0,1,0,0,12,332,20,0,75,1
1g9b,A,475,ASN,-3.5,114.1,0.0,2,2,S,0.6050955414012739,-80.3,-74.0,2.0,18.0,0.1,1.8436645480407126,13,20,11,9,0.03124037457174899,0,0,0,0,0,0,1,0,0,12,332,20,0,75,1
1g9b,A,476,THR,-0.7,116.1,0.0,1,1,-,0.2112676056338028,-6.6,119.6,20.0,4.0,0.8333333333333334,1.8857822212875102,26,23,29,-6,0.035436842797804825,0,0,0,0,0,0,0,0,0,12,332,20,0,75,1
1g9b,A,477,GLN,-3.5,143.8,0.0,2,2,-,0.7373737373737373,-125.4,161.4,3.0,19.0,0.13636363636363635,1.8194154314718878,16,8,12,-4,0.027510180593032695,0,0,0,0,0,0,0,0,0,12,332,20,0,75,1
1g9b,A,478,SER,-0.8,89.0,0.0,1,1,-,0.46923076923076923,-65.1,148.7,12.0,11.0,0.5217391304347826,1.8825841490157647,20,16,16,0,0.03310547156110714,0,0,0,0,0,0,0,0,0,12,332,20,0,75,1
1g9b,A,479,ASN,-3.5,114.1,0.0,2,2,-,0.46496815286624205,-133.8,98.6,9.0,13.0,0.4090909090909091,1.8995796019834061,23,23,23,0,0.026577632098353617,0,0,0,0,0,0,0,0,0,94,0,30,0,0,1
1g9b,A,480,TYR,-1.3,193.6,0.0,1,1,-,0.4864864864864865,-120.7,139.4,15.0,13.0,0.5357142857142857,1.7965252100943907,22,22,27,-5,0.030774100324409453,0,0,0,0,0,0,0,0,0,94,0,30,0,0,1
1g9b,A,481,ILE,4.5,166.7,0.0,0,0,-,0.14792899408284024,-114.5,112.8,20.0,12.0,0.625,1.957198491467474,28,18,39,-21,0.03823448828184205,0,0,0,0,0,0,0,0,0,94,0,30,0,0,1
1g9b,A,482,GLU,-3.5,138.4,-1.0,1,3,-,0.4793814432989691,-79.1,106.9,10.0,18.0,0.35714285714285715,1.9134721182579166,21,9,16,-7,0.02797645484037223,0,0,0,0,0,0,0,0,0,8,550,18,0,109,1
1g9b,A,483,ASN,-3.5,114.1,0.0,2,2,S,0.2229299363057325,-68.8,40.2,26.0,17.0,0.6046511627906976,1.8006290768997342,34,10,29,-19,0.04103213376587927,0,0,0,0,0,0,1,0,0,8,550,18,0,109,1
1g9b,A,484,ASP,-3.5,111.1,-1.0,1,3,-,0.44171779141104295,-140.7,151.3,10.0,25.0,0.2857142857142857,1.7796339934921157,23,9,13,-4,0.034970568550465285,0,0,0,0,0,0,0,0,0,8,550,18,0,109,1
1g9b,A,485,PHE,2.8,189.9,0.0,0,0,-,0.050761421319796954,-154.9,119.0,19.0,8.0,0.7037037037037037,2.332587903555513,26,18,34,-16,0.043363505002576956,0,0,0,0,0,0,0,0,0,8,550,18,0,109,1
1g9b,A,486,PRO,-1.6,112.7,0.0,0,0,-,0.45588235294117646,-57.7,101.3,5.0,17.0,0.22727272727272727,2.183786296714589,20,13,27,-14,0.030774100324409453,0,0,0,0,0,0,0,0,0,8,550,18,0,109,1
1g9b,A,487,ILE,4.5,166.7,0.0,0,0,H,0.14792899408284024,-56.6,-29.7,14.0,14.0,0.5,2.551611452932698,26,5,26,-21,0.03776821403450251,1,0,0,0,0,0,0,0,0,53,24,14,0,4,1
1g9b,A,488,ASN,-3.5,114.1,0.0,2,2,H,0.7770700636942676,-61.1,-43.2,0.0,19.0,0.0,1.7695243131831526,15,1,13,-12,0.02844272908771177,1,0,0,0,0,0,0,0,0,53,24,14,0,4,1
1g9b,A,489,GLU,-3.5,138.4,-1.0,1,3,H,0.37628865979381443,-71.7,-41.7,7.0,10.0,0.4117647058823529,1.8025287311242713,18,14,11,3,0.035436842797804825,1,0,0,0,0,0,0,0,0,-1,0,0,0,0,0
1g9b,A,490,LEU,3.8,166.7,0.0,0,0,H,0.0,-51.8,-39.6,22.0,9.0,0.7096774193548387,4.618279066954972,30,21,20,1,0.04755997322863279,1,0,0,0,0,0,0,0,0,-1,0,0,0,0,0
1g9b,A,491,ILE,4.5,166.7,0.0,0,0,H,0.20710059171597633,-73.2,-24.8,10.0,15.0,0.4,2.427389361650402,24,15,22,-7,0.040565859518539735,1,0,0,0,0,0,0,0,0,53,24,14,0,4,1
1g9b,A,492,LEU,3.8,166.7,0.0,0,0,H,0.7987804878048781,-110.0,11.2,4.0,10.0,0.2857142857142857,1.9560605930636388,15,7,19,-12,0.027510180593032695,1,0,0,0,0,0,0,0,0,-1,0,0,0,0,0
1g9b,A,493,ASP,-3.5,111.1,-1.0,1,3,-,0.1411042944785276,-67.5,116.2,17.0,2.0,0.8947368421052632,1.7833245130956896,21,17,18,-1,0.03450429430312575,0,0,0,0,0,0,0,0,0,-1,0,0,0,0,0
1g9b,A,494,THR,-0.7,116.1,0.0,1,1,T,0.9154929577464789,-70.4,-33.1,0.0,12.0,0.0,1.8091611278022037,13,15,20,-5,0.022847438119637322,0,0,0,0,0,1,0,0,0,-1,0,0,0,0,0
1g9b,A,495,ASP,-3.5,111.1,-1.0,1,3,T,0.5950920245398773,-112.5,17.6,6.0,13.0,0.3157894736842105,1.6722004503995354,16,21,16,5,0.027510180593032695,0,0,0,0,0,1,0,0,0,-1,0,0,0,0,0
1g9b,A,496,LEU,3.8,166.7,0.0,0,0,S,0.06097560975609756,-63.3,-59.8,18.0,13.0,0.5806451612903226,2.5996347534270687,31,32,40,-8,0.03403802005578621,0,0,0,0,0,0,1,0,0,-1,0,0,0,0,0
1g9b,A,497,ILE,4.5,166.7,0.0,0,0,S,0.1834319526627219,-79.7,136.3,15.0,17.0,0.46875,2.083318796585896,31,27,39,-12,0.03776821403450251,0,0,0,0,0,0,1,0,0,13,1083,5,0,70,1
1g9b,A,498,SER,-0.8,89.0,0.0,1,1,-,0.18461538461538463,-65.0,140.0,20.0,8.0,0.7142857142857143,2.135466523825977,28,33,32,1,0.0363693912924839,0,0,0,0,0,0,0,0,0,13,1083,5,0,70,1
1g9b,A,499,LYS,-3.9,168.6,1.0,2,0,-,0.8195121951219512,-120.5,18.8,3.0,15.0,0.16666666666666666,1.8902468142892286,14,9,21,-12,0.022381163872297785,0,0,0,0,0,0,0,0,0,13,1083,5,0,70,1
1g9b,A,500,ILE,4.5,166.7,0.0,0,0,S,0.3431952662721893,-94.1,139.4,21.0,4.0,0.84,1.9653581909588873,21,36,19,17,0.030307826077069916,0,0,0,0,0,0,1,0,0,13,1083,5,0,70,1
1g9b,A,501,GLU,-3.5,138.4,-1.0,1,3,P,0.6855670103092784,-49.8,129.9,8.0,14.0,0.36363636363636365,1.9114230039069962,17,18,2,16,0.02797645484037223,0,0,0,0,0,0,0,0,0,-1,0,0,0,0,0
1g9b,A,502,LEU,3.8,166.7,0.0,0,0,P,0.23170731707317074,-83.2,123.8,15.0,14.0,0.5172413793103449,2.08833880533858,23,23,26,-3,0.034970568550465285,0,0,0,0,0,0,0,0,0,-1,0,0,0,0,0
1g9b,A,503,PRO,-1.6,112.7,0.0,0,0,P,0.051470588235294115,-58.9,156.0,23.0,7.0,0.7666666666666667,2.4262044195959294,30,19,21,-2,0.03450429430312575,0,0,0,0,0,0,0,0,0,-1,0,0,0,0,0
1g9b,A,504,SER,-0.8,89.0,0.0,1,1,P,0.7153846153846154,-67.5,145.2,8.0,14.0,0.36363636363636365,1.8393790379071637,23,8,23,-15,0.027043906345693154,0,0,0,0,0,0,0,0,0,-1,0,0,0,0,0
1g9b,A,505,GLU,-3.5,138.4,-1.0,1,3,S,0.08247422680412371,-81.0,-26.9,15.0,16.0,0.4838709677419355,2.2791717871533423,30,28,9,19,0.03730193978716297,0,0,0,0,0,0,1,0,0,85,2,13,0,0,1
1g9b,A,506,ASN,-3.5,114.1,0.0,2,2,E,0.42038216560509556,-68.7,143.2,6.0,21.0,0.2222222222222222,1.8700687283946138,27,26,21,5,0.0363693912924839,0,0,1,0,0,0,0,0,0,85,2,13,0,0,1
1g9b,A,507,THR,-0.7,116.1,0.0,1,1,E,0.07042253521126761,-160.3,-171.6,21.0,8.0,0.7241379310344828,2.219932179831167,30,18,26,-8,0.045228601991935104,0,0,1,0,0,0,0,0,0,65,24,8,0,2,1
1g9b,A,508,GLU,-3.5,138.4,-1.0,1,3,P,0.5515463917525774,-69.4,144.2,14.0,16.0,0.4666666666666667,1.7463018182874472,24,15,10,5,0.040565859518539735,0,0,0,0,0,0,0,0,0,65,24,8,0,2,1
1g9b,A,509,SER,-0.8,89.0,0.0,1,1,P,0.3,-64.7,148.5,11.0,19.0,0.36666666666666664,1.8698217140697786,27,29,24,5,0.04149840801321881,0,0,0,0,0,0,0,0,0,65,24,8,0,2,1
1g9b,A,510,LEU,3.8,166.7,0.0,0,0,P,0.06097560975609756,-75.4,135.3,22.0,11.0,0.6666666666666666,2.780043354939399,31,19,25,-6,0.04289723075523742,0,0,0,0,0,0,0,0,0,19,600,6,0,39,1
1g9b,A,511,THR,-0.7,116.1,0.0,1,1,-,0.6971830985915493,-119.3,-19.8,4.0,22.0,0.15384615384615385,1.862039295056548,19,7,18,-11,0.02611135785101408,0,0,0,0,0,0,0,0,0,-1,0,0,0,0,0
1g9b,A,512,ASP,-3.5,111.1,-1.0,1,3,-,0.3619631901840491,-102.7,95.3,10.0,14.0,0.4166666666666667,2.0450205637332117,23,11,1,10,0.028909003335051305,0,0,0,0,0,0,0,0,0,19,600,6,0,39,1
1g9b,A,513,PHE,2.8,189.9,0.0,0,0,-,0.26903553299492383,-87.7,14.5,12.0,17.0,0.41379310344827586,2.068672619794425,25,15,16,-1,0.040565859518539735,0,0,0,0,0,0,0,0,0,19,600,6,0,39,1
1g9b,A,514,ASN,-3.5,114.1,0.0,2,2,-,0.39490445859872614,-56.4,126.3,6.0,17.0,0.2608695652173913,2.0299878281758685,24,18,18,0,0.034970568550465285,0,0,0,0,0,0,0,0,0,19,600,6,0,39,1
1g9b,A,515,VAL,4.2,140.0,0.0,0,0,-,0.007042253521126761,-164.4,152.1,19.0,8.0,0.7037037037037037,2.512759856232222,26,17,17,0,0.04243095650789788,0,0,0,0,0,0,0,0,0,19,600,6,0,39,1
1g9b,A,516,ASP,-3.5,111.1,-1.0,1,3,B,0.37423312883435583,-93.8,121.1,10.0,13.0,0.43478260869565216,1.7534117683271473,21,16,3,13,0.03683566553982344,0,1,0,0,0,0,0,0,0,-1,0,0,0,0,0
1g9b,A,517,VAL,4.2,140.0,0.0,0,0,-,0.23943661971830985,-104.5,121.3,12.0,12.0,0.5,1.8889451513852114,24,10,10,0,0.03357174580844668,0,0,0,0,0,0,0,0,0,38,79,8,0,7,1
1g9b,A,518,PRO,-1.6,112.7,0.0,0,0,-,0.3235294117647059,-60.7,146.5,10.0,10.0,0.5,2.0620055875455385,21,7,17,-10,0.027043906345693154,0,0,0,0,0,0,0,0,0,38,79,8,0,7,1
1g9b,A,519,VAL,4.2,140.0,0.0,0,0,-,0.8380281690140845,-123.3,119.4,1.0,12.0,0.07692307692307693,1.928168491490618,16,9,14,-5,0.02611135785101408,0,0,0,0,0,0,0,0,0,38,79,8,0,7,1
1g9b,A,520,TYR,-1.3,193.6,0.0,1,1,-,0.22072072072072071,-107.3,160.5,14.0,5.0,0.7368421052631579,2.1878935859482143,23,19,18,1,0.03357174580844668,0,0,0,0,0,0,0,0,0,38,79,8,0,7,1
1g9b,A,521,GLU,-3.5,138.4,-1.0,1,3,-,0.6958762886597938,-163.7,146.3,3.0,19.0,0.13636363636363635,1.8273983670013456,15,18,6,12,0.03310547156110714,0,0,0,0,0,0,0,0,0,38,79,8,0,7,1
1g9b,A,522,LYS,-3.9,168.6,1.0,2,0,-,0.14634146341463414,-73.0,159.6,19.0,9.0,0.6785714285714286,1.9958068916912106,26,17,32,-15,0.03683566553982344,0,0,0,0,0,0,0,0,0,77,9,9,0,0,1
1g9b,A,523,GLN,-3.5,143.8,0.0,2,2,E,0.35353535353535354,-130.6,163.8,9.0,10.0,0.47368421052631576,1.8370239953625653,22,27,15,12,0.029375277582390842,0,0,1,0,0,0,0,0,0,62,24,9,0,2,1
1g9b,A,524,PRO,-1.6,112.7,0.0,0,0,E,0.6838235294117647,-50.9,136.6,5.0,15.0,0.25,1.915525197747034,19,29,5,24,0.029375277582390842,0,0,1,0,0,0,0,0,0,62,24,9,0,2,1
1g9b,A,525,ALA,1.8,88.6,0.0,0,0,S,0.10377358490566038,-85.0,-6.0,12.0,17.0,0.41379310344827586,2.1082507299890243,30,34,17,17,0.04149840801321881,0,0,0,0,0,0,1,0,0,62,24,9,0,2,1
1g9b,A,526,ILE,4.5,166.7,0.0,0,0,E,0.5266272189349113,-133.8,129.0,7.0,17.0,0.2916666666666667,1.927528808485802,24,27,10,17,0.03776821403450251,0,0,1,0,0,0,0,0,0,62,24,9,0,2,1
1g9b,A,527,LYS,-3.9,168.6,1.0,2,0,E,0.4975609756097561,-122.3,118.8,12.0,14.0,0.46153846153846156,2.2520271040156983,24,20,2,18,0.034970568550465285,0,0,1,0,0,0,0,0,0,78,6,12,0,0,1
1g9b,A,528,LYS,-3.9,168.6,1.0,2,0,E,0.551219512195122,-83.3,131.4,3.0,18.0,0.14285714285714285,1.9572889765157495,18,16,6,10,0.035436842797804825,0,0,1,0,0,0,0,0,0,78,6,12,0,0,1
1g9b,A,529,ILE,4.5,166.7,0.0,0,0,E,0.1242603550295858,-130.5,153.8,16.0,7.0,0.6956521739130435,2.4208566062922423,27,29,7,22,0.03823448828184205,0,0,1,0,0,0,0,0,0,78,6,12,0,0,1
1g9b,A,530,PHE,2.8,189.9,0.0,0,0,E,0.7309644670050761,-112.7,131.0,4.0,18.0,0.18181818181818182,1.8340138673336503,16,20,8,12,0.030774100324409453,0,0,1,0,0,0,0,0,0,78,6,12,0,0,1
1g9b,A,531,THR,-0.7,116.1,0.0,1,1,-,0.13380281690140844,-164.0,141.6,14.0,9.0,0.6086956521739131,2.0799307570327685,22,13,17,-4,0.03590311704514436,0,0,0,0,0,0,0,0,0,10,1077,7,0,103,1
1g9b,A,532,ASP,-3.5,111.1,-1.0,1,3,-,0.5705521472392638,-102.5,6.0,2.0,16.0,0.1111111111111111,1.7010970352555634,16,9,9,0,0.02797645484037223,0,0,0,0,0,0,0,0,0,10,1077,7,0,103,1
1g9b,A,533,GLU,-3.5,138.4,-1.0,1,3,-,0.5618556701030928,-66.4,145.8,16.0,9.0,0.64,1.9621796810326946,22,7,20,-13,0.027510180593032695,0,0,0,0,0,0,0,0,0,-1,0,0,0,0,0
1g9b,A,534,ASN,-3.5,114.1,0.0,2,2,-,0.29936305732484075,-123.9,84.0,13.0,20.0,0.3939393939393939,1.9461326850036613,27,11,31,-20,0.04149840801321881,0,0,0,0,0,0,0,0,0,-1,0,0,0,0,0
1g9b,A,535,THR,-0.7,116.1,0.0,1,1,S,0.056338028169014086,-109.0,-155.7,15.0,20.0,0.42857142857142855,2.4612771429427007,35,2,29,-27,0.048958795970651406,0,0,0,0,0,0,1,0,0,-1,0,0,0,0,0
1g9b,A,536,ILE,4.5,166.7,0.0,0,0,H,0.029585798816568046,-45.5,-46.0,21.0,21.0,0.5,2.8512712594733727,40,6,21,-15,0.04476232774459557,1,0,0,0,0,0,0,0,0,-1,0,0,0,0,0
1g9b,A,537,PHE,2.8,189.9,0.0,0,0,H,0.07614213197969544,-61.1,-47.0,20.0,22.0,0.47619047619047616,2.528269512067442,36,2,28,-26,0.04149840801321881,1,0,0,0,0,0,0,0,0,-1,0,0,0,0,0
1g9b,A,538,GLN,-3.5,143.8,0.0,2,2,H,0.020202020202020204,-66.6,-40.8,17.0,17.0,0.5,4.466762624994049,32,7,18,-11,0.04709369898129325,1,0,0,0,0,0,0,0,0,-1,0,0,0,0,0
1g9b,A,539,TYR,-1.3,193.6,0.0,1,1,H,0.11711711711711711,-65.6,-39.7,21.0,17.0,0.5526315789473685,3.6294305281646717,38,3,12,-9,0.05548663543340492,1,0,0,0,0,0,0,0,0,-1,0,0,0,0,0
1g9b,A,540,LEU,3.8,166.7,0.0,0,0,H,0.11585365853658537,-66.8,-40.3,17.0,23.0,0.425,2.41157836473731,37,9,7,2,0.04942507021799094,1,0,0,0,0,0,0,0,0,-1,0,0,0,0,0
1g9b,A,541,TYR,-1.3,193.6,0.0,1,1,H,0.42792792792792794,-61.8,-40.2,14.0,21.0,0.4,1.9007450860877704,29,2,7,-5,0.040099585271200194,1,0,0,0,0,0,0,0,0,-1,0,0,0,0,0
1g9b,A,542,SER,-0.8,89.0,0.0,1,1,T,0.015384615384615385,-63.5,-12.6,23.0,16.0,0.5897435897435898,2.493072660415723,37,6,10,-4,0.05175644145468863,0,0,0,0,0,1,0,0,0,-1,0,0,0,0,0
1g9b,A,543,GLN,-3.5,143.8,0.0,2,2,T,0.010101010101010102,-96.4,14.2,23.0,23.0,0.5,4.178719499649625,40,10,0,10,0.050823892960009553,0,0,0,0,0,1,0,0,0,-1,0,0,0,0,0
1g9b,A,544,THR,-0.7,116.1,0.0,1,1,-,0.30985915492957744,-117.8,173.2,9.0,29.0,0.23684210526315788,1.90024701010914,30,7,0,7,0.04149840801321881,0,0,0,0,0,0,0,0,0,-1,0,0,0,0,0
1g9b,A,545,PHE,2.8,189.9,0.0,0,0,-,0.25888324873096447,-150.4,154.1,20.0,9.0,0.6896551724137931,1.8950926450065522,29,11,21,-10,0.03776821403450251,0,0,0,0,0,0,0,0,0,99,0,7,0,0,1
1g9b,A,546,PRO,-1.6,112.7,0.0,0,0,-,0.41911764705882354,-63.7,158.4,8.0,11.0,0.42105263157894735,1.9776378427636594,17,9,16,-7,0.025645083603674543,0,0,0,0,0,0,0,0,0,99,0,7,0,0,1
1g9b,A,547,LEU,3.8,166.7,0.0,0,0,T,1.0,-70.0,-27.8,0.0,11.0,0.0,1.8221465639236893,7,5,12,-7,0.02144861537761871,0,0,0,0,0,1,0,0,0,99,0,7,0,0,1
1g9b,A,548,ASP,-3.5,111.1,-1.0,1,3,T,0.8466257668711656,-82.0,3.0,1.0,8.0,0.1111111111111111,1.6720649276576343,10,10,6,4,0.01958351838826056,0,0,0,0,0,1,0,0,0,99,0,7,0,0,1
1g9b,A,549,ILE,4.5,166.7,0.0,0,0,-,0.2603550295857988,-108.4,137.0,13.0,5.0,0.7222222222222222,1.991891483351357,16,15,24,-9,0.032172923066428064,0,0,0,0,0,0,0,0,0,27,182,8,0,16,1
1g9b,A,550,ARG,-4.5,173.4,1.0,5,0,-,0.6895161290322581,-127.5,-10.8,6.0,19.0,0.24,1.898653370774152,15,10,23,-13,0.03357174580844668,0,0,0,0,0,0,0,0,0,-1,0,0,0,0,0
1g9b,A,551,ASP,-3.5,111.1,-1.0,1,3,-,0.3987730061349693,-113.7,105.3,4.0,23.0,0.14814814814814814,1.7266469519140504,22,31,11,20,0.03870076252918159,0,0,0,0,0,0,0,0,0,27,182,8,0,16,1
1g9b,A,552,ILE,4.5,166.7,0.0,0,0,-,0.01775147928994083,-123.4,170.8,28.0,6.0,0.8235294117647058,2.930769564313791,31,25,21,4,0.048492521723311866,0,0,0,0,0,0,0,0,0,27,182,8,0,16,1
1g9b,A,553,SER,-0.8,89.0,0.0,1,1,E,0.2230769230769231,-143.7,144.0,10.0,27.0,0.2702702702702703,2.327647119511308,31,21,15,6,0.03870076252918159,0,0,1,0,0,0,0,0,0,27,182,8,0,16,1
1g9b,A,554,LEU,3.8,166.7,0.0,0,0,E,0.03048780487804878,-82.0,153.4,23.0,19.0,0.5476190476190477,4.009756976055446,38,17,5,12,0.04476232774459557,0,0,1,0,0,0,0,0,0,-1,0,0,0,0,0
1g9b,A,555,THR,-0.7,116.1,0.0,1,1,E,0.14788732394366197,-151.9,147.9,15.0,18.0,0.45454545454545453,2.4880953288339396,30,12,13,-1,0.04243095650789788,0,0,1,0,0,0,0,0,0,67,18,11,0,1,1
1g9b,A,556,SER,-0.8,89.0,0.0,1,1,S,0.6538461538461539,-89.5,-1.7,8.0,20.0,0.2857142857142857,1.7396599320978652,26,6,15,-9,0.03357174580844668,0,0,0,0,0,0,1,0,0,67,18,11,0,1,1
1g9b,A,557,SER,-0.8,89.0,0.0,1,1,-,0.24615384615384617,-94.4,109.7,8.0,18.0,0.3076923076923077,2.229968147556058,20,9,16,-7,0.03170664881908853,0,0,0,0,0,0,0,0,0,67,18,11,0,1,1
1g9b,A,558,PHE,2.8,189.9,0.0,0,0,H,0.05583756345177665,-60.5,-42.6,14.0,17.0,0.45161290322580644,2.635932880813069,33,6,18,-12,0.04429605349725603,1,0,0,0,0,0,0,0,0,67,18,11,0,1,1
1g9b,A,559,ASP,-3.5,111.1,-1.0,1,3,H,0.6625766871165644,-64.2,-42.3,0.0,20.0,0.0,1.7337975997738941,16,6,8,-2,0.032639197313767604,1,0,0,0,0,0,0,0,0,67,18,11,0,1,1
1g9b,A,560,ASP,-3.5,111.1,-1.0,1,3,H,0.3987730061349693,-66.6,-34.7,10.0,10.0,0.5,2.2981721765439405,17,9,8,1,0.03823448828184205,1,0,0,0,0,0,0,0,0,101,0,2,0,0,1
1g9b,A,561,ALA,1.8,88.6,0.0,0,0,H,0.08490566037735849,-64.5,-38.0,18.0,9.0,0.6666666666666666,2.780822263174499,27,9,16,-7,0.05502036118606539,1,0,0,0,0,0,0,0,0,67,18,11,0,1,1
1g9b,A,562,LEU,3.8,166.7,0.0,0,0,H,0.2926829268292683,-74.6,-28.0,11.0,19.0,0.36666666666666664,2.054322566480633,26,11,16,-5,0.043363505002576956,1,0,0,0,0,0,0,0,0,101,0,2,0,0,1
1g9b,A,563,LEU,3.8,166.7,0.0,0,0,H,0.7560975609756098,-78.6,-47.5,5.0,15.0,0.25,1.8365544969408674,15,9,16,-7,0.02797645484037223,1,0,0,0,0,0,0,0,0,101,0,2,0,0,1
1g9b,A,564,PHE,2.8,189.9,0.0,0,0,-,0.4619289340101523,-105.7,129.5,11.0,12.0,0.4782608695652174,1.9484879866819165,14,9,13,-4,0.028909003335051305,0,0,0,0,0,0,0,0,0,101,0,2,0,0,1
1g9b,A,565,SER,-0.8,89.0,0.0,1,1,T,0.5076923076923077,-62.8,-28.8,6.0,19.0,0.24,1.7929843190938344,22,12,16,-4,0.03357174580844668,0,0,0,0,0,1,0,0,0,101,0,2,0,0,1
1g9b,A,566,ASN,-3.5,114.1,0.0,2,2,T,0.43312101910828027,-88.9,8.4,7.0,20.0,0.25925925925925924,1.9830853858900803,24,14,13,1,0.03823448828184205,0,0,0,0,0,1,0,0,0,27,182,8,0,16,1
1g9b,A,567,LYS,-3.9,168.6,1.0,2,0,E,0.2682926829268293,-114.0,126.5,12.0,19.0,0.3870967741935484,2.4653032360452176,28,0,18,-18,0.04662742473395372,0,0,1,0,0,0,0,0,0,27,182,8,0,16,1
1g9b,A,568,VAL,4.2,140.0,0.0,0,0,E,0.0,-119.5,131.2,25.0,18.0,0.5813953488372093,3.3696259265336344,40,9,10,-1,0.05175644145468863,0,0,1,0,0,0,0,0,0,27,182,8,0,16,1
1g9b,A,569,TYR,-1.3,193.6,0.0,1,1,E,0.03153153153153153,-72.1,138.9,19.0,22.0,0.4634146341463415,3.4963377115142307,35,4,12,-8,0.0526889899493677,0,0,1,0,0,0,0,0,0,67,18,11,0,1,1
1g9b,A,570,SER,-0.8,89.0,0.0,1,1,-,0.007692307692307693,-134.0,134.4,24.0,24.0,0.5,3.2487941138567487,38,4,5,-1,0.05408781269138631,0,0,0,0,0,0,0,0,0,-1,0,0,0,0,0
1g9b,A,571,PHE,2.8,189.9,0.0,0,0,-,0.025380710659898477,-97.5,9.1,21.0,18.0,0.5384615384615384,3.5393783791073132,39,4,8,-4,0.04289723075523742,0,0,0,0,0,0,0,0,0,-1,0,0,0,0,0
1g9b,A,572,PHE,2.8,189.9,0.0,0,0,S,0.050761421319796954,-86.1,173.9,24.0,15.0,0.6153846153846154,2.685629488445959,36,9,19,-10,0.04476232774459557,0,0,0,0,0,0,1,0,0,-1,0,0,0,0,0
1g9b,A,573,SER,-0.8,89.0,0.0,1,1,-,0.2230769230769231,-53.7,158.2,11.0,16.0,0.4074074074074074,1.9471131312521042,23,13,24,-11,0.032639197313767604,0,0,0,0,0,0,0,0,0,-1,0,0,0,0,0
1g9b,A,574,MET,1.9,162.9,0.0,0,0,H,0.7127659574468085,-62.6,-36.9,0.0,18.0,0.0,1.9407342521084554,17,10,12,-2,0.027510180593032695,1,0,0,0,0,0,0,0,0,79,3,19,0,0,1
1g9b,A,575,ASP,-3.5,111.1,-1.0,1,3,H,0.6134969325153374,-66.6,-44.3,6.0,15.0,0.2857142857142857,1.8571152675386582,17,14,15,-1,0.02984155182973038,1,0,0,0,0,0,0,0,0,79,3,19,0,0,1
1g9b,A,576,TYR,-1.3,193.6,0.0,1,1,H,0.0,-58.1,-49.1,17.0,12.0,0.5862068965517241,3.794544283808134,35,10,25,-15,0.045228601991935104,1,0,0,0,0,0,0,0,0,-1,0,0,0,0,0
1g9b,A,577,ILE,4.5,166.7,0.0,0,0,H,0.07692307692307693,-59.4,-46.0,13.0,17.0,0.43333333333333335,2.6482771127897116,25,12,16,-4,0.048026247475972325,1,0,0,0,0,0,0,0,0,-1,0,0,0,0,0
1g9b,A,578,LYS,-3.9,168.6,1.0,2,0,H,0.6878048780487804,-62.7,-45.8,3.0,15.0,0.16666666666666666,1.9445287822030783,18,9,9,0,0.034970568550465285,1,0,0,0,0,0,0,0,0,79,3,19,0,0,1
1g9b,A,579,THR,-0.7,116.1,0.0,1,1,H,0.07746478873239436,-61.7,-39.1,16.0,12.0,0.5714285714285714,2.2612368406847603,25,19,17,2,0.04196468226055834,1,0,0,0,0,0,0,0,0,57,24,16,0,4,1
1g9b,A,580,ALA,1.8,88.6,0.0,0,0,H,0.0,-61.9,-33.8,24.0,15.0,0.6153846153846154,4.655733774481057,34,23,16,7,0.04755997322863279,1,0,0,0,0,0,0,0,0,-1,0,0,0,0,0
1g9b,A,581,ASN,-3.5,114.1,0.0,2,2,T,0.29936305732484075,-90.4,2.0,12.0,17.0,0.41379310344827586,2.1301718890777104,29,25,7,18,0.03823448828184205,0,0,0,0,0,1,0,0,0,11,681,11,0,84,1
1g9b,A,582,LYS,-3.9,168.6,1.0,2,0,-,0.5024390243902439,-71.4,136.9,14.0,9.0,0.6086956521739131,1.9744068041738478,21,14,8,6,0.030774100324409453,0,0,0,0,0,0,0,0,0,57,24,16,0,4,1
1g9b,A,583,VAL,4.2,140.0,0.0,0,0,-,0.6901408450704225,-113.3,127.3,5.0,19.0,0.20833333333333334,1.8766871910727922,18,22,10,12,0.02844272908771177,0,0,0,0,0,0,0,0,0,11,681,11,0,84,1
1g9b,A,584,VAL,4.2,140.0,0.0,0,0,-,0.14788732394366197,-126.6,173.8,12.0,7.0,0.631578947368421,1.833939931242227,21,20,10,10,0.03450429430312575,0,0,0,0,0,0,0,0,0,-1,0,0,0,0,0
1g9b,A,585,GLU,-3.5,138.4,-1.0,1,3,-,0.6701030927835051,-81.4,152.1,1.0,19.0,0.05,1.9890854812958854,14,6,6,0,0.02611135785101408,0,0,0,0,0,0,0,0,0,-1,0,0,0,0,0
1g9b,A,586,ALA,1.8,88.6,0.0,0,0,H,0.16037735849056603,-44.1,-41.3,12.0,13.0,0.48,1.84707767287107,23,12,18,-6,0.0363693912924839,1,0,0,0,0,0,0,0,0,-1,0,0,0,0,0
1g9b,A,587,GLY,-0.4,60.1,0.0,0,0,H,0.9047619047619048,-60.9,-26.8,0.0,19.0,0.0,1.7098790907676356,16,1,17,-16,0.026577632098353617,1,0,0,0,0,0,0,0,0,-1,0,0,0,0,0
1g9b,A,588,LEU,3.8,166.7,0.0,0,0,H,0.6707317073170732,-106.7,0.5,6.0,15.0,0.2857142857142857,1.951335325833753,15,7,9,-2,0.027510180593032695,1,0,0,0,0,0,0,0,0,-1,0,0,0,0,0
1g9b,A,589,PHE,2.8,189.9,0.0,0,0,H,0.005076142131979695,-60.1,-51.6,17.0,12.0,0.5862068965517241,3.0835255946563134,32,28,12,16,0.04429605349725603,1,0,0,0,0,0,0,0,0,-1,0,0,0,0,0
1g9b,A,590,ALA,1.8,88.6,0.0,0,0,H,0.3113207547169811,-54.8,-44.4,9.0,18.0,0.3333333333333333,1.9113097373889798,22,9,6,3,0.03823448828184205,1,0,0,0,0,0,0,0,0,-1,0,0,0,0,0
1g9b,A,591,GLY,-0.4,60.1,0.0,0,0,H,0.5595238095238095,-59.6,-47.4,6.0,13.0,0.3157894736842105,1.709560138645529,21,12,3,9,0.030307826077069916,1,0,0,0,0,0,0,0,0,57,24,16,0,4,1
1g9b,A,592,TRP,-0.9,227.8,0.0,1,0,H,0.02643171806167401,-60.2,-38.9,16.0,12.0,0.5714285714285714,2.436027004356961,31,28,9,19,0.04103213376587927,1,0,0,0,0,0,0,0,0,57,24,16,0,4,1
1g9b,A,593,VAL,4.2,140.0,0.0,0,0,H,0.04225352112676056,-62.2,-46.1,21.0,17.0,0.5526315789473685,2.625041146143763,35,18,16,2,0.04243095650789788,1,0,0,0,0,0,0,0,0,-1,0,0,0,0,0
1g9b,A,594,LYS,-3.9,168.6,1.0,2,0,H,0.7853658536585366,-61.8,-36.8,6.0,19.0,0.24,1.9114252532066385,19,5,8,-3,0.03357174580844668,1,0,0,0,0,0,0,0,0,51,24,18,0,4,1
1g9b,A,595,GLN,-3.5,143.8,0.0,2,2,H,0.398989898989899,-66.3,-58.8,10.0,12.0,0.45454545454545453,1.972704717735506,23,19,14,5,0.0363693912924839,1,0,0,0,0,0,0,0,0,57,24,16,0,4,1
1g9b,A,596,ILE,4.5,166.7,0.0,0,0,H,0.0,-62.7,-36.5,18.0,14.0,0.5625,4.99698492896056,32,19,20,-1,0.04989134446533048,1,0,0,0,0,0,0,0,0,57,24,16,0,4,1
1g9b,A,597,VAL,4.2,140.0,0.0,0,0,H,0.04225352112676056,-65.9,-46.1,18.0,21.0,0.46153846153846156,2.4659359308382656,34,17,22,-5,0.045694876239274644,1,0,0,0,0,0,0,0,0,-1,0,0,0,0,0
1g9b,A,598,ASN,-3.5,114.1,0.0,2,2,H,0.5414012738853503,-57.4,-41.5,5.0,23.0,0.17857142857142858,1.9623909318857526,21,17,16,1,0.03776821403450251,1,0,0,0,0,0,0,0,0,-1,0,0,0,0,0
1g9b,A,599,ASP,-3.5,111.1,-1.0,1,3,H,0.13496932515337423,-63.1,-34.5,15.0,13.0,0.5357142857142857,1.9643121091550653,26,12,17,-5,0.04476232774459557,1,0,0,0,0,0,0,0,0,57,24,16,0,4,1
1g9b,A,600,PHE,2.8,189.9,0.0,0,0,H,0.0,-65.0,-43.6,23.0,16.0,0.5897435897435898,5.40232160712231,46,8,23,-15,0.04989134446533048,1,0,0,0,0,0,0,0,0,-1,0,0,0,0,0
1g9b,A,601,VAL,4.2,140.0,0.0,0,0,H,0.21830985915492956,-62.3,-44.5,12.0,20.0,0.375,2.628194975905415,30,17,25,-8,0.045228601991935104,1,0,0,0,0,0,0,0,0,-1,0,0,0,0,0
1g9b,A,602,ILE,4.5,166.7,0.0,0,0,H,0.48520710059171596,-60.8,-49.0,8.0,17.0,0.32,2.0119563655706165,21,10,19,-9,0.034970568550465285,1,0,0,0,0,0,0,0,0,-1,0,0,0,0,0
1g9b,A,603,GLU,-3.5,138.4,-1.0,1,3,H,0.08247422680412371,-57.5,-49.2,18.0,14.0,0.5625,2.097951620247344,28,9,15,-6,0.045694876239274644,1,0,0,0,0,0,0,0,0,-1,0,0,0,0,0
1g9b,A,604,ALA,1.8,88.6,0.0,0,0,H,0.0,-61.9,-36.3,23.0,19.0,0.5476190476190477,4.3333537485647,35,10,18,-8,0.05175644145468863,1,0,0,0,0,0,0,0,0,-1,0,0,0,0,0
1g9b,A,605,ASN,-3.5,114.1,0.0,2,2,H,0.2611464968152866,-68.8,-11.7,8.0,21.0,0.27586206896551724,1.983296112127546,31,10,19,-9,0.04149840801321881,1,0,0,0,0,0,0,0,0,39,24,35,0,7,1
1g9b,A,606,LYS,-3.9,168.6,1.0,2,0,G,0.4146341463414634,-64.9,-4.9,12.0,16.0,0.42857142857142855,2.1244866756012466,24,0,12,-12,0.04243095650789788,0,0,0,1,0,0,0,0,0,-1,0,0,0,0,0
1g9b,A,607,SER,-0.8,89.0,0.0,1,1,G,0.0,-69.7,-4.6,19.0,15.0,0.5588235294117647,4.048754442414736,34,8,11,-3,0.04942507021799094,0,0,0,1,0,0,0,0,0,39,24,35,0,7,1
1g9b,A,608,ASN,-3.5,114.1,0.0,2,2,G,0.5668789808917197,-107.7,19.7,6.0,20.0,0.23076923076923078,2.0175895189698734,24,9,6,3,0.03823448828184205,0,0,0,1,0,0,0,0,0,39,24,35,0,7,1
1g9b,A,609,THR,-0.7,116.1,0.0,1,1,E,0.28169014084507044,-60.4,132.1,12.0,11.0,0.5217391304347826,2.210418068102953,21,16,16,0,0.034970568550465285,0,0,1,0,0,0,0,0,0,56,13,32,0,4,1
1g9b,A,610,MET,1.9,162.9,0.0,0,0,E,0.648936170212766,-100.8,156.8,5.0,15.0,0.25,1.8669470558181975,19,12,15,-3,0.03357174580844668,0,0,1,0,0,0,0,0,0,56,13,32,0,4,1
1g9b,A,611,ASP,-3.5,111.1,-1.0,1,3,E,0.07975460122699386,-146.1,52.3,14.0,8.0,0.6363636363636364,2.2237241353067705,23,13,26,-13,0.03963331102386066,0,0,1,0,0,0,0,0,0,56,13,32,0,4,1
1g9b,A,612,LYS,-3.9,168.6,1.0,2,0,G,0.2780487804878049,-56.2,-33.5,9.0,13.0,0.4090909090909091,2.2127023291386303,23,13,27,-14,0.03450429430312575,0,0,0,1,0,0,0,0,0,73,3,31,0,1,1
1g9b,A,613,ILE,4.5,166.7,0.0,0,0,G,0.3727810650887574,-64.9,-30.5,7.0,17.0,0.2916666666666667,2.010959433036345,28,31,26,5,0.03683566553982344,0,0,0,1,0,0,0,0,0,34,21,33,0,10,1
1g9b,A,614,ALA,1.8,88.6,0.0,0,0,G,0.16981132075471697,-92.3,11.3,15.0,16.0,0.4838709677419355,1.9781194755889495,27,25,33,-8,0.0363693912924839,0,0,0,1,0,0,0,0,0,73,3,31,0,1,1
1g9b,A,615,ASP,-3.5,111.1,-1.0,1,3,T,0.10429447852760736,61.8,40.0,20.0,14.0,0.5882352941176471,2.452207952650663,32,28,20,8,0.03823448828184205,0,0,0,0,0,1,0,0,0,73,3,31,0,1,1
1g9b,A,616,ILE,4.5,166.7,0.0,0,0,E,0.17159763313609466,-131.6,110.5,22.0,11.0,0.6666666666666666,2.3666464441811828,29,14,36,-22,0.03776821403450251,0,0,1,0,0,0,0,0,0,73,3,31,0,1,1
1g9b,A,617,SER,-0.8,89.0,0.0,1,1,E,0.2923076923076923,-71.0,-32.4,10.0,16.0,0.38461538461538464,1.8338116623502636,24,11,26,-15,0.03310547156110714,0,0,1,0,0,0,0,0,0,73,3,31,0,1,1
1g9b,A,618,LEU,3.8,166.7,0.0,0,0,E,0.2621951219512195,-138.4,137.5,13.0,18.0,0.41935483870967744,2.00752423700157,32,12,19,-7,0.040565859518539735,0,0,1,0,0,0,0,0,0,39,24,35,0,7,1
1g9b,A,619,ILE,4.5,166.7,0.0,0,0,E,0.0,-151.9,130.1,19.0,17.0,0.5277777777777778,3.9350773235529566,31,7,25,-18,0.048492521723311866,0,0,1,0,0,0,0,0,0,56,13,32,0,4,1
1g9b,A,620,VAL,4.2,140.0,0.0,0,0,-,0.0,-100.7,94.4,25.0,16.0,0.6097560975609756,5.288541877422602,39,7,13,-6,0.05035761871267001,0,0,0,0,0,0,0,0,0,-1,0,0,0,0,0
1g9b,A,621,PRO,-1.6,112.7,0.0,0,0,T,0.3014705882352941,-55.4,-29.5,14.0,21.0,0.4,2.2766676302885345,30,9,16,-7,0.04429605349725603,0,0,0,0,0,1,0,0,0,-1,0,0,0,0,0
1g9b,A,622,TYR,-1.3,193.6,0.0,1,1,T,0.04504504504504504,-92.0,1.7,15.0,19.0,0.4411764705882353,3.037539863809423,35,9,10,-1,0.04243095650789788,0,0,0,0,0,1,0,0,0,-1,0,0,0,0,0
1g9b,A,623,ILE,4.5,166.7,0.0,0,0,H,0.0,-58.6,-41.4,26.0,22.0,0.5416666666666666,5.407592256232209,38,7,2,5,0.048492521723311866,1,0,0,0,0,0,0,0,0,-1,0,0,0,0,0
1g9b,A,624,GLY,-0.4,60.1,0.0,0,0,H,0.0,-63.1,-44.7,17.0,20.0,0.4594594594594595,2.629524751973839,36,6,7,-1,0.048492521723311866,1,0,0,0,0,0,0,0,0,-1,0,0,0,0,0
1g9b,A,625,LEU,3.8,166.7,0.0,0,0,H,0.4695121951219512,-65.4,-31.4,15.0,21.0,0.4166666666666667,2.4194465427707232,33,6,4,2,0.04476232774459557,1,0,0,0,0,0,0,0,0,-1,0,0,0,0,0
1g9b,A,626,ALA,1.8,88.6,0.0,0,0,H,0.0,-72.4,-42.1,18.0,28.0,0.391304347826087,5.729614188457459,39,6,0,6,0.05222271570202816,1,0,0,0,0,0,0,0,0,-1,0,0,0,0,0
1g9b,A,627,LEU,3.8,166.7,0.0,0,0,H,0.0,-121.8,-23.2,20.0,22.0,0.47619047619047616,5.408470695958713,40,9,10,-1,0.05595290968074446,1,0,0,0,0,0,0,0,0,-1,0,0,0,0,0
1g9b,A,628,ASN,-3.5,114.1,0.0,2,2,-,0.08917197452229299,52.5,39.8,15.0,20.0,0.42857142857142855,2.6326316294480314,33,9,22,-13,0.05035761871267001,0,0,0,0,0,0,0,0,0,18,164,21,0,41,1
1g9b,A,629,VAL,4.2,140.0,0.0,0,0,-,0.0,-81.2,159.7,22.0,16.0,0.5789473684210527,3.813203466460497,38,2,16,-14,0.05035761871267001,0,0,0,0,0,0,0,0,0,-1,0,0,0,0,0
1g9b,A,630,GLY,-0.4,60.1,0.0,0,0,T,0.25,68.6,-140.0,22.0,14.0,0.6111111111111112,1.879819371744889,31,1,23,-22,0.04243095650789788,0,0,0,0,0,1,0,0,0,-1,0,0,0,0,0
1g9b,A,631,ASN,-3.5,114.1,0.0,2,2,T,0.8152866242038217,-83.0,74.5,9.0,18.0,0.3333333333333333,1.78852754262622,23,9,21,-12,0.03124037457174899,0,0,0,0,0,1,0,0,0,18,164,21,0,41,1
1g9b,A,632,GLU,-3.5,138.4,-1.0,1,3,T,0.4948453608247423,42.2,58.7,3.0,24.0,0.1111111111111111,1.7470200374934892,21,9,10,-1,0.03357174580844668,0,0,0,0,0,1,0,0,0,18,164,21,0,41,1
1g9b,A,633,THR,-0.7,116.1,0.0,1,1,T,0.04929577464788732,-70.6,-6.4,25.0,9.0,0.7352941176470589,2.4056194480733852,35,8,14,-6,0.048026247475972325,0,0,0,0,0,1,0,0,0,18,164,21,0,41,1
1g9b,A,634,ALA,1.8,88.6,0.0,0,0,T,0.12264150943396226,-84.3,-21.2,13.0,18.0,0.41935483870967744,1.9863563161379516,28,9,10,-1,0.040565859518539735,0,0,0,0,0,1,0,0,0,18,164,21,0,41,1
1g9b,A,635,LYS,-3.9,168.6,1.0,2,0,S,0.6878048780487804,-88.1,141.9,6.0,18.0,0.25,1.914424415172074,16,0,9,-9,0.027043906345693154,0,0,0,0,0,0,1,0,0,18,164,21,0,41,1
1g9b,A,636,GLY,-0.4,60.1,0.0,0,0,S,0.9285714285714286,73.9,-153.1,8.0,8.0,0.5,1.7095733320567403,15,9,13,-4,0.01958351838826056,0,0,0,0,0,0,1,0,0,18,164,21,0,41,1
1g9b,A,637,ASN,-3.5,114.1,0.0,2,2,-,0.6242038216560509,-104.7,118.4,4.0,15.0,0.21052631578947367,1.7727406226125109,21,6,18,-12,0.025178809356335007,0,0,0,0,0,0,0,0,0,-1,0,0,0,0,0
1g9b,A,638,PHE,2.8,189.9,0.0,0,0,H,0.050761421319796954,-59.6,-47.5,19.0,11.0,0.6333333333333333,3.1827281514305876,34,5,22,-17,0.043829779249916496,1,0,0,0,0,0,0,0,0,-1,0,0,0,0,0
1g9b,A,639,GLU,-3.5,138.4,-1.0,1,3,H,0.25773195876288657,-53.5,-45.3,13.0,19.0,0.40625,2.036532596567523,28,4,17,-13,0.040099585271200194,1,0,0,0,0,0,0,0,0,56,13,32,0,4,1
1g9b,A,640,ASN,-3.5,114.1,0.0,2,2,H,0.42038216560509556,-63.2,-48.8,6.0,19.0,0.24,2.11157368824732,22,10,26,-16,0.03357174580844668,1,0,0,0,0,0,0,0,0,56,13,32,0,4,1
1g9b,A,641,ALA,1.8,88.6,0.0,0,0,H,0.33962264150943394,-58.0,-37.1,16.0,11.0,0.5925925925925926,1.9425495373209167,28,9,21,-12,0.03870076252918159,1,0,0,0,0,0,0,0,0,-1,0,0,0,0,0
1g9b,A,642,PHE,2.8,189.9,0.0,0,0,H,0.116751269035533,-70.4,-37.0,21.0,15.0,0.5833333333333334,2.652057025151915,34,2,25,-23,0.04429605349725603,1,0,0,0,0,0,0,0,0,-1,0,0,0,0,0
1g9b,A,643,GLU,-3.5,138.4,-1.0,1,3,H,0.18041237113402062,-62.7,-35.3,18.0,14.0,0.5625,1.915851595584118,28,18,26,-8,0.04103213376587927,1,0,0,0,0,0,0,0,0,56,13,32,0,4,1
1g9b,A,644,ILE,4.5,166.7,0.0,0,0,H,0.40828402366863903,-76.8,-52.7,10.0,19.0,0.3448275862068966,2.159366560313149,26,16,25,-9,0.032639197313767604,1,0,0,0,0,0,0,0,0,14,225,19,1,67,1
1g9b,A,645,ALA,1.8,88.6,0.0,0,0,H,0.42452830188679247,-105.8,-14.9,9.0,20.0,0.3103448275862069,1.8511867333398733,30,7,12,-5,0.03170664881908853,1,0,0,0,0,0,0,0,0,-1,0,0,0,0,0
1g9b,A,646,GLY,-0.4,60.1,0.0,0,0,G,0.2261904761904762,71.1,-159.1,17.0,20.0,0.4594594594594595,2.371877814485524,31,10,11,-1,0.03450429430312575,0,0,0,1,0,0,0,0,0,-1,0,0,0,0,0
1g9b,A,647,ALA,1.8,88.6,0.0,0,0,G,0.04716981132075472,-49.4,-34.1,21.0,22.0,0.4883720930232558,2.4659203461951593,37,15,5,10,0.04476232774459557,0,0,0,1,0,0,0,0,0,-1,0,0,0,0,0
1g9b,A,648,SER,-0.8,89.0,0.0,1,1,G,0.2076923076923077,-52.0,-30.6,11.0,24.0,0.3142857142857143,1.8714020260259474,30,11,4,7,0.03730193978716297,0,0,0,1,0,0,0,0,0,-1,0,0,0,0,0
1g9b,A,649,ILE,4.5,166.7,0.0,0,0,G,0.11242603550295859,-70.4,-18.3,17.0,16.0,0.5151515151515151,2.0771863823782692,35,3,19,-16,0.040099585271200194,0,0,0,1,0,0,0,0,0,-1,0,0,0,0,0
1g9b,A,650,LEU,3.8,166.7,0.0,0,0,G,0.0,-84.6,-23.8,24.0,17.0,0.5853658536585366,4.392956023066088,40,1,13,-12,0.04289723075523742,0,0,0,1,0,0,0,0,0,-1,0,0,0,0,0
1g9b,A,651,LEU,3.8,166.7,0.0,0,0,-,0.042682926829268296,-64.2,132.6,16.0,23.0,0.41025641025641024,3.149035948978121,33,2,10,-8,0.05035761871267001,0,0,0,0,0,0,0,0,0,-1,0,0,0,0,0
1g9b,A,652,GLU,-3.5,138.4,-1.0,1,3,S,0.12886597938144329,-72.0,-25.1,23.0,13.0,0.6388888888888888,1.9219345437164779,36,8,7,1,0.040099585271200194,0,0,0,0,0,0,1,0,0,-1,0,0,0,0,0
1g9b,A,653,PHE,2.8,189.9,0.0,0,0,S,0.22842639593908629,-151.1,136.7,19.0,12.0,0.6129032258064516,2.201332111562897,27,16,20,-4,0.0363693912924839,0,0,0,0,0,0,1,0,0,-1,0,0,0,0,0
1g9b,A,654,ILE,4.5,166.7,0.0,0,0,-,0.5207100591715976,-96.0,110.2,7.0,20.0,0.25925925925925924,1.958579520699364,24,8,15,-7,0.03124037457174899,0,0,0,0,0,0,0,0,0,-1,0,0,0,0,0
1g9b,A,655,PRO,-1.6,112.7,0.0,0,0,-,0.08823529411764706,-65.0,146.6,26.0,5.0,0.8387096774193549,2.313701222006622,30,11,17,-6,0.03590311704514436,0,0,0,0,0,0,0,0,0,-1,0,0,0,0,0
1g9b,A,656,GLU,-3.5,138.4,-1.0,1,3,-,0.7783505154639175,-90.9,113.3,5.0,17.0,0.22727272727272727,1.752762867260278,19,12,8,4,0.024246260861655933,0,0,0,0,0,0,0,0,0,-1,0,0,0,0,0
1g9b,A,657,LEU,3.8,166.7,0.0,0,0,-,0.18292682926829268,-82.0,148.0,18.0,14.0,0.5625,1.9078435647812955,28,15,11,4,0.035436842797804825,0,0,0,0,0,0,0,0,0,-1,0,0,0,0,0
1g9b,A,658,LEU,3.8,166.7,0.0,0,0,-,0.13414634146341464,-95.5,113.9,21.0,13.0,0.6176470588235294,2.5486990078076595,31,14,22,-8,0.03450429430312575,0,0,0,0,0,0,0,0,0,0,8543,26,0,2235,1
1g9b,A,659,ILE,4.5,166.7,0.0,0,0,-,0.14792899408284024,-138.9,84.8,15.0,19.0,0.4411764705882353,1.9872155670741976,29,14,18,-4,0.03776821403450251,0,0,0,0,0,0,0,0,0,-1,0,0,0,0,0
1g9b,A,660,PRO,-1.6,112.7,0.0,0,0,-,0.058823529411764705,-59.7,144.7,19.0,12.0,0.6129032258064516,2.38073576769268,28,21,16,5,0.0363693912924839,0,0,0,0,0,0,0,0,0,-1,0,0,0,0,0
1g9b,A,661,VAL,4.2,140.0,0.0,0,0,-,0.676056338028169,-76.9,115.9,4.0,22.0,0.15384615384615385,1.9055057011012653,23,14,20,-6,0.030774100324409453,0,0,0,0,0,0,0,0,0,-1,0,0,0,0,0
1g9b,A,662,VAL,4.2,140.0,0.0,0,0,P,0.08450704225352113,-58.6,128.2,21.0,12.0,0.6363636363636364,2.3789095208732105,32,30,36,-6,0.04289723075523742,0,0,0,0,0,0,0,0,0,-1,0,0,0,0,0
1g9b,A,663,GLY,-0.4,60.1,0.0,0,0,P,0.08333333333333333,-58.2,148.3,9.0,16.0,0.36,2.2044520890172428,27,25,21,4,0.03776821403450251,0,0,0,0,0,0,0,0,0,-1,0,0,0,0,0
1g9b,A,664,ALA,1.8,88.6,0.0,0,0,P,0.39622641509433965,-67.2,156.8,6.0,23.0,0.20689655172413793,2.3636966745758903,22,18,12,6,0.03776821403450251,0,0,0,0,0,0,0,0,0,-1,0,0,0,0,0
1g9b,A,665,PHE,2.8,189.9,0.0,0,0,E,0.025380710659898477,-99.4,141.3,23.0,10.0,0.696969696969697,4.254749673464262,33,36,16,20,0.04289723075523742,0,0,1,0,0,0,0,0,0,-1,0,0,0,0,0
1g9b,A,666,LEU,3.8,166.7,0.0,0,0,E,0.4146341463414634,-117.6,104.1,5.0,18.0,0.21739130434782608,2.0371595965687166,19,13,25,-12,0.034970568550465285,0,0,1,0,0,0,0,0,0,54,24,16,0,4,1
1g9b,A,667,LEU,3.8,166.7,0.0,0,0,E,0.14634146341463414,-83.1,140.8,22.0,12.0,0.6470588235294118,2.113758281983232,31,13,29,-16,0.04289723075523742,0,0,1,0,0,0,0,0,0,72,15,8,0,1,1
1g9b,A,668,GLU,-3.5,138.4,-1.0,1,3,P,0.4175257731958763,-88.3,138.2,13.0,14.0,0.48148148148148145,2.110521959418913,20,20,11,9,0.03823448828184205,0,0,0,0,0,0,0,0,0,72,15,8,0,1,1
1g9b,A,669,SER,-0.8,89.0,0.0,1,1,P,0.5538461538461539,-89.9,146.7,9.0,19.0,0.32142857142857145,1.7885644663196472,19,9,28,-19,0.032639197313767604,0,0,0,0,0,0,0,0,0,72,15,8,0,1,1
1g9b,A,670,TYR,-1.3,193.6,0.0,1,1,-,0.13963963963963963,-143.3,69.7,15.0,10.0,0.6,2.311047379305301,22,22,24,-2,0.040565859518539735,0,0,0,0,0,0,0,0,0,72,15,8,0,1,1
1g9b,A,671,ILE,4.5,166.7,0.0,0,0,T,0.6449704142011834,-49.8,133.8,1.0,18.0,0.05263157894736842,2.018406172233238,15,11,13,-2,0.03124037457174899,0,0,0,0,0,1,0,0,0,-1,0,0,0,0,0
1g9b,A,672,ASP,-3.5,111.1,-1.0,1,3,T,0.7791411042944786,76.1,-30.7,0.0,16.0,0.0,1.8185316458528489,14,13,1,12,0.027043906345693154,0,0,0,0,0,1,0,0,0,-1,0,0,0,0,0
1g9b,A,673,ASN,-3.5,114.1,0.0,2,2,-,0.4140127388535032,-79.9,93.9,11.0,7.0,0.6111111111111112,1.9916661368458015,18,25,10,15,0.03403802005578621,0,0,0,0,0,0,0,0,0,-1,0,0,0,0,0
1g9b,A,674,LYS,-3.9,168.6,1.0,2,0,H,0.35609756097560974,-59.5,-37.1,7.0,16.0,0.30434782608695654,2.1652144747801296,20,16,12,4,0.03963331102386066,1,0,0,0,0,0,0,0,0,17,721,5,0,41,1
1g9b,A,675,ASN,-3.5,114.1,0.0,2,2,H,0.6305732484076433,-71.9,-58.8,1.0,19.0,0.05,1.869559797822996,17,27,9,18,0.032639197313767604,1,0,0,0,0,0,0,0,0,-1,0,0,0,0,0
1g9b,A,676,LYS,-3.9,168.6,1.0,2,0,H,0.2975609756097561,-51.7,-32.0,10.0,14.0,0.4166666666666667,2.8683990922936022,22,15,21,-6,0.04429605349725603,1,0,0,0,0,0,0,0,0,-1,0,0,0,0,0
1g9b,A,677,ILE,4.5,166.7,0.0,0,0,H,0.0,-71.6,-46.0,20.0,15.0,0.5714285714285714,4.909989506120659,33,31,30,1,0.05595290968074446,1,0,0,0,0,0,0,0,0,-1,0,0,0,0,0
1g9b,A,678,ILE,4.5,166.7,0.0,0,0,H,0.1952662721893491,-62.6,-41.0,12.0,25.0,0.32432432432432434,2.541415141125646,28,31,20,11,0.04243095650789788,1,0,0,0,0,0,0,0,0,-1,0,0,0,0,0
1g9b,A,679,LYS,-3.9,168.6,1.0,2,0,H,0.43902439024390244,-61.0,-40.2,12.0,15.0,0.4444444444444444,2.142313796621197,23,17,18,-1,0.04476232774459557,1,0,0,0,0,0,0,0,0,-1,0,0,0,0,0
1g9b,A,680,THR,-0.7,116.1,0.0,1,1,H,0.0,-60.8,-41.2,18.0,14.0,0.5625,5.358503280018117,37,24,29,-5,0.05735173242276307,1,0,0,0,0,0,0,0,0,-1,0,0,0,0,0
1g9b,A,681,ILE,4.5,166.7,0.0,0,0,H,0.005917159763313609,-62.8,-46.3,23.0,23.0,0.5,5.204009739981634,37,29,24,5,0.048492521723311866,1,0,0,0,0,0,0,0,0,-1,0,0,0,0,0
1g9b,A,682,ASP,-3.5,111.1,-1.0,1,3,H,0.26380368098159507,-68.9,-32.1,9.0,21.0,0.3,1.899567083419284,29,26,12,14,0.035436842797804825,1,0,0,0,0,0,0,0,0,-1,0,0,0,0,0
1g9b,A,683,ASN,-3.5,114.1,0.0,2,2,H,0.18471337579617833,-73.8,-36.5,19.0,11.0,0.6333333333333333,2.36681300467696,32,29,16,13,0.04755997322863279,1,0,0,0,0,0,0,0,0,12,332,20,0,75,1
1g9b,A,684,ALA,1.8,88.6,0.0,0,0,H,0.0,-67.3,-31.5,23.0,15.0,0.6052631578947368,4.85674657610785,38,35,29,6,0.048026247475972325,1,0,0,0,0,0,0,0,0,-1,0,0,0,0,0
1g9b,A,685,LEU,3.8,166.7,0.0,0,0,H,0.11585365853658537,-69.3,-53.5,16.0,23.0,0.41025641025641024,2.2385892329019,32,40,17,23,0.04476232774459557,1,0,0,0,0,0,0,0,0,-1,0,0,0,0,0
1g9b,A,686,THR,-0.7,116.1,0.0,1,1,H,0.49295774647887325,-64.2,-30.2,13.0,13.0,0.5,1.8869572940417292,28,27,18,9,0.03590311704514436,1,0,0,0,0,0,0,0,0,-1,0,0,0,0,0
1g9b,A,687,LYS,-3.9,168.6,1.0,2,0,H,0.00975609756097561,-70.2,-37.2,21.0,15.0,0.5833333333333334,3.551567119720449,35,25,29,-4,0.048492521723311866,1,0,0,0,0,0,0,0,0,-1,0,0,0,0,0
1g9b,A,688,ARG,-4.5,173.4,1.0,5,0,H,0.028225806451612902,-55.4,-41.2,22.0,18.0,0.55,3.1315491469314765,34,26,18,8,0.04755997322863279,1,0,0,0,0,0,0,0,0,-1,0,0,0,0,0
1g9b,A,689,ASN,-3.5,114.1,0.0,2,2,H,0.3184713375796178,-67.3,-31.3,15.0,16.0,0.4838709677419355,2.463974395320508,29,28,21,7,0.04196468226055834,1,0,0,0,0,0,0,0,0,-1,0,0,0,0,0
1g9b,A,690,GLU,-3.5,138.4,-1.0,1,3,H,0.010309278350515464,-67.8,-33.0,14.0,13.0,0.5185185185185185,3.0825966672262908,31,31,13,18,0.045694876239274644,1,0,0,0,0,0,0,0,0,94,0,30,0,0,1
1g9b,A,691,LYS,-3.9,168.6,1.0,2,0,H,0.05853658536585366,-68.6,-42.0,26.0,15.0,0.6341463414634146,4.153929918618133,40,28,31,-3,0.04989134446533048,1,0,0,0,0,0,0,0,0,-1,0,0,0,0,0
1g9b,A,692,TRP,-0.9,227.8,0.0,1,0,H,0.0,-62.4,-49.0,18.0,21.0,0.46153846153846156,4.511586091332347,35,26,27,-1,0.05129016720734909,1,0,0,0,0,0,0,0,0,-1,0,0,0,0,0
1g9b,A,693,SER,-0.8,89.0,0.0,1,1,H,0.07692307692307693,-59.9,-50.0,13.0,22.0,0.37142857142857144,2.471123090146607,31,18,22,-4,0.045694876239274644,1,0,0,0,0,0,0,0,0,-1,0,0,0,0,0
1g9b,A,694,ASP,-3.5,111.1,-1.0,1,3,H,0.03680981595092025,-58.0,-36.4,21.0,19.0,0.525,2.4512486177049144,35,25,21,4,0.048026247475972325,1,0,0,0,0,0,0,0,0,94,0,30,0,0,1
1g9b,A,695,MET,1.9,162.9,0.0,0,0,H,0.0,-64.8,-49.3,24.0,20.0,0.5454545454545454,5.780293642313084,41,18,16,2,0.048958795970651406,1,0,0,0,0,0,0,0,0,-1,0,0,0,0,0
1g9b,A,696,TYR,-1.3,193.6,0.0,1,1,H,0.0045045045045045045,-57.9,-39.7,15.0,28.0,0.3488372093023256,3.1632801655100677,36,6,17,-11,0.048958795970651406,1,0,0,0,0,0,0,0,0,-1,0,0,0,0,0
1g9b,A,697,GLY,-0.4,60.1,0.0,0,0,H,0.03571428571428571,-61.7,-41.4,23.0,20.0,0.5348837209302325,2.212056288970234,40,3,18,-15,0.048958795970651406,1,0,0,0,0,0,0,0,0,-1,0,0,0,0,0
1g9b,A,698,LEU,3.8,166.7,0.0,0,0,H,0.006097560975609756,-61.2,-41.3,20.0,20.0,0.5,4.824100880377918,40,3,18,-15,0.050823892960009553,1,0,0,0,0,0,0,0,0,0,8543,26,0,2235,1
1g9b,A,699,ILE,4.5,166.7,0.0,0,0,H,0.0,-62.2,-52.8,19.0,27.0,0.41304347826086957,5.629409896355053,39,3,4,-1,0.050823892960009553,1,0,0,0,0,0,0,0,0,-1,0,0,0,0,0
1g9b,A,700,VAL,4.2,140.0,0.0,0,0,H,0.007042253521126761,-54.0,-42.8,22.0,22.0,0.5,2.8619330332116744,39,0,7,-7,0.0526889899493677,1,0,0,0,0,0,0,0,0,-1,0,0,0,0,0
1g9b,A,701,ALA,1.8,88.6,0.0,0,0,H,0.0,-61.1,-42.7,24.0,20.0,0.5454545454545454,3.534938982248245,42,0,7,-7,0.05035761871267001,1,0,0,0,0,0,0,0,0,-1,0,0,0,0,0
1g9b,A,702,GLN,-3.5,143.8,0.0,2,2,H,0.010101010101010102,-70.0,-37.8,22.0,22.0,0.5,2.81946306639967,41,9,10,-1,0.053621538444046775,1,0,0,0,0,0,0,0,0,-1,0,0,0,0,0
1g9b,A,703,TRP,-0.9,227.8,0.0,1,0,I,0.004405286343612335,-62.0,-48.2,18.0,23.0,0.43902439024390244,5.474787295194891,41,2,0,2,0.05035761871267001,0,0,0,0,1,0,0,0,0,-1,0,0,0,0,0
1g9b,A,704,LEU,3.8,166.7,0.0,0,0,I,0.012195121951219513,-64.3,-35.2,20.0,20.0,0.5,3.216254252693688,38,0,10,-10,0.04942507021799094,0,0,0,0,1,0,0,0,0,-1,0,0,0,0,0
1g9b,A,705,SER,-0.8,89.0,0.0,1,1,I,0.0,-101.1,-3.6,24.0,19.0,0.5581395348837209,4.466744720939934,39,2,9,-7,0.05129016720734909,0,0,0,0,1,0,0,0,0,-1,0,0,0,0,0
1g9b,A,706,THR,-0.7,116.1,0.0,1,1,I,0.028169014084507043,-128.5,-26.9,22.0,20.0,0.5238095238095238,3.595270900904501,40,3,11,-8,0.04709369898129325,0,0,0,0,1,0,0,0,0,-1,0,0,0,0,0
1g9b,A,707,VAL,4.2,140.0,0.0,0,0,I,0.0,-109.3,-57.5,22.0,19.0,0.5365853658536586,5.304171642914368,41,2,5,-3,0.053621538444046775,0,0,0,0,1,0,0,0,0,-1,0,0,0,0,0
1g9b,A,708,ASN,-3.5,114.1,0.0,2,2,H,0.14012738853503184,-62.0,-23.4,19.0,25.0,0.4318181818181818,2.1003195515731825,34,6,0,6,0.045228601991935104,1,0,0,0,0,0,0,0,0,-1,0,0,0,0,0
1g9b,A,709,THR,-0.7,116.1,0.0,1,1,H,0.09859154929577464,-69.5,-44.6,24.0,14.0,0.631578947368421,2.0580058689304956,35,5,8,-3,0.04989134446533048,1,0,0,0,0,0,0,0,0,-1,0,0,0,0,0
1g9b,A,710,GLN,-3.5,143.8,0.0,2,2,H,0.0,-59.9,-43.3,23.0,20.0,0.5348837209302325,4.063513000180933,37,1,10,-9,0.053621538444046775,1,0,0,0,0,0,0,0,0,-1,0,0,0,0,0
1g9b,A,711,PHE,2.8,189.9,0.0,0,0,H,0.005076142131979695,-66.6,-26.0,22.0,22.0,0.5,3.397527148551758,41,9,4,5,0.048958795970651406,1,0,0,0,0,0,0,0,0,-1,0,0,0,0,0
1g9b,A,712,TYR,-1.3,193.6,0.0,1,1,H,0.18468468468468469,-67.9,-43.1,18.0,21.0,0.46153846153846156,2.1254784868218524,36,9,23,-14,0.04149840801321881,1,0,0,0,0,0,0,0,0,7,514,27,0,125,1
1g9b,A,713,THR,-0.7,116.1,0.0,1,1,H,0.06338028169014084,-62.6,-35.9,22.0,17.0,0.5641025641025641,2.0192227236487192,36,15,33,-18,0.045228601991935104,1,0,0,0,0,0,0,0,0,-1,0,0,0,0,0
1g9b,A,714,ILE,4.5,166.7,0.0,0,0,H,0.0,-65.8,-40.8,24.0,19.0,0.5581395348837209,4.906711472101556,43,10,18,-8,0.04429605349725603,1,0,0,0,0,0,0,0,0,-1,0,0,0,0,0
1g9b,A,715,LYS,-3.9,168.6,1.0,2,0,H,0.12195121951219512,-62.2,-44.3,22.0,20.0,0.5238095238095238,3.776258433943772,38,2,17,-15,0.048958795970651406,1,0,0,0,0,0,0,0,0,-1,0,0,0,0,0
1g9b,A,716,GLU,-3.5,138.4,-1.0,1,3,H,0.07216494845360824,-64.9,-37.9,15.0,20.0,0.42857142857142855,2.327279743526228,34,23,19,4,0.043829779249916496,1,0,0,0,0,0,0,0,0,-1,0,0,0,0,0
1g9b,A,717,GLY,-0.4,60.1,0.0,0,0,H,0.047619047619047616,-62.5,-41.9,22.0,15.0,0.5945945945945946,2.6928783419788833,36,20,18,2,0.04196468226055834,1,0,0,0,0,0,0,0,0,-1,0,0,0,0,0
1g9b,A,718,MET,1.9,162.9,0.0,0,0,H,0.0,-67.9,-34.4,23.0,19.0,0.5476190476190477,6.192344831535483,40,16,10,6,0.04616115048661418,1,0,0,0,0,0,0,0,0,-1,0,0,0,0,0
1g9b,A,719,TYR,-1.3,193.6,0.0,1,1,H,0.15765765765765766,-63.7,-44.8,17.0,21.0,0.4473684210526316,2.9478665550529013,36,26,14,12,0.04429605349725603,1,0,0,0,0,0,0,0,0,1,1578,27,0,470,1
1g9b,A,720,LYS,-3.9,168.6,1.0,2,0,H,0.28780487804878047,-65.2,-41.6,15.0,16.0,0.4838709677419355,2.0552087793331557,31,10,18,-8,0.04149840801321881,1,0,0,0,0,0,0,0,0,45,24,21,0,5,1
1g9b,A,721,ALA,1.8,88.6,0.0,0,0,H,0.0,-61.3,-48.2,26.0,14.0,0.65,4.5992323390092515,36,12,5,7,0.048958795970651406,1,0,0,0,0,0,0,0,0,-1,0,0,0,0,0
1g9b,A,722,LEU,3.8,166.7,0.0,0,0,H,0.0,-61.5,-39.2,24.0,19.0,0.5581395348837209,5.607447607758502,41,9,8,1,0.04989134446533048,1,0,0,0,0,0,0,0,0,-1,0,0,0,0,0
1g9b,A,723,ASN,-3.5,114.1,0.0,2,2,H,0.08917197452229299,-67.9,-39.8,11.0,23.0,0.3235294117647059,2.0122281717807544,32,14,3,11,0.043363505002576956,1,0,0,0,0,0,0,0,0,1,1578,27,0,470,1
1g9b,A,724,TYR,-1.3,193.6,0.0,1,1,H,0.2747747747747748,-60.8,-37.8,19.0,14.0,0.5757575757575758,2.0951027470480117,30,9,1,8,0.043363505002576956,1,0,0,0,0,0,0,0,0,-1,0,0,0,0,0
1g9b,A,725,GLN,-3.5,143.8,0.0,2,2,H,0.0,-65.7,-44.7,22.0,21.0,0.5116279069767442,4.788691632234428,40,5,7,-2,0.05175644145468863,1,0,0,0,0,0,0,0,0,-1,0,0,0,0,0
1g9b,A,726,ALA,1.8,88.6,0.0,0,0,H,0.009433962264150943,-66.1,-38.5,20.0,23.0,0.46511627906976744,2.8813868045328968,41,5,16,-11,0.04616115048661418,1,0,0,0,0,0,0,0,0,-1,0,0,0,0,0
1g9b,A,727,GLN,-3.5,143.8,0.0,2,2,H,0.47474747474747475,-63.8,-39.1,12.0,19.0,0.3870967741935484,1.864646627195817,27,7,18,-11,0.03963331102386066,1,0,0,0,0,0,0,0,0,-1,0,0,0,0,0
1g9b,A,728,ALA,1.8,88.6,0.0,0,0,H,0.0,-65.2,-45.4,22.0,16.0,0.5789473684210527,2.9789002893514955,40,12,21,-9,0.048492521723311866,1,0,0,0,0,0,0,0,0,-1,0,0,0,0,0
1g9b,A,729,LEU,3.8,166.7,0.0,0,0,H,0.0,-65.0,-39.3,22.0,21.0,0.5116279069767442,5.96733478259391,41,11,20,-9,0.04429605349725603,1,0,0,0,0,0,0,0,0,-1,0,0,0,0,0
1g9b,A,730,GLU,-3.5,138.4,-1.0,1,3,H,0.13402061855670103,-64.6,-39.0,16.0,19.0,0.45714285714285713,2.350988071133588,35,11,12,-1,0.045228601991935104,1,0,0,0,0,0,0,0,0,-1,0,0,0,0,0
1g9b,A,731,GLU,-3.5,138.4,-1.0,1,3,H,0.20618556701030927,-62.5,-43.4,17.0,14.0,0.5483870967741935,1.8321092459864414,28,26,16,10,0.043363505002576956,1,0,0,0,0,0,0,0,0,-1,0,0,0,0,0
1g9b,A,732,ILE,4.5,166.7,0.0,0,0,H,0.011834319526627219,-64.3,-46.9,20.0,14.0,0.5882352941176471,4.5740917341296035,35,31,25,6,0.050823892960009553,1,0,0,0,0,0,0,0,0,11,681,11,0,84,1
1g9b,A,733,ILE,4.5,166.7,0.0,0,0,H,0.005917159763313609,-56.1,-48.9,17.0,20.0,0.4594594594594595,5.018510482201424,36,24,21,3,0.04616115048661418,1,0,0,0,0,0,0,0,0,-1,0,0,0,0,0
1g9b,A,734,LYS,-3.9,168.6,1.0,2,0,H,0.3902439024390244,-57.0,-51.1,10.0,14.0,0.4166666666666667,2.2513174050994342,27,18,20,-2,0.04196468226055834,1,0,0,0,0,0,0,0,0,-1,0,0,0,0,0
1g9b,A,735,TYR,-1.3,193.6,0.0,1,1,H,0.21621621621621623,-56.4,-48.3,13.0,8.0,0.6190476190476191,2.112266035010793,23,32,19,13,0.045694876239274644,1,0,0,0,0,0,0,0,0,11,681,11,0,84,1
1g9b,A,736,ARG,-4.5,173.4,1.0,5,0,H,0.17338709677419356,-63.5,-38.9,20.0,10.0,0.6666666666666666,2.150576311805926,27,16,20,-4,0.04616115048661418,1,0,0,0,0,0,0,0,0,11,681,11,0,84,1
1g9b,A,737,TYR,-1.3,193.6,0.0,1,1,H,0.18468468468468469,-68.2,-38.7,16.0,16.0,0.5,2.9571552870745013,28,25,22,3,0.045694876239274644,1,0,0,0,0,0,0,0,0,21,390,8,0,31,1
1g9b,A,738,ASN,-3.5,114.1,0.0,2,2,H,0.5923566878980892,-77.2,-3.6,7.0,13.0,0.35,1.9877371350080995,18,33,12,21,0.0363693912924839,1,0,0,0,0,0,0,0,0,-1,0,0,0,0,0
1g9b,A,739,ILE,4.5,166.7,0.0,0,0,T,0.6153846153846154,-79.2,-24.5,11.0,9.0,0.55,1.9320187687715071,20,27,14,13,0.032172923066428064,0,0,0,0,0,1,0,0,0,81,24,1,0,0,1
1g9b,A,740,TYR,-1.3,193.6,0.0,1,1,S,0.1036036036036036,-75.1,156.2,17.0,4.0,0.8095238095238095,2.123982070680726,26,26,26,0,0.0363693912924839,0,0,0,0,0,0,1,0,0,81,24,1,0,0,1
1g9b,A,741,SER,-0.8,89.0,0.0,1,1,-,0.45384615384615384,-78.1,167.5,2.0,12.0,0.14285714285714285,1.990391734895553,13,20,18,2,0.02797645484037223,0,0,0,0,0,0,0,0,0,81,24,1,0,0,1
1g9b,A,742,GLU,-3.5,138.4,-1.0,1,3,H,0.7061855670103093,-62.2,-32.1,0.0,12.0,0.0,1.7496488819174372,11,17,9,8,0.024246260861655933,1,0,0,0,0,0,0,0,0,81,24,1,0,0,1
1g9b,A,743,LYS,-3.9,168.6,1.0,2,0,H,0.7317073170731707,-65.9,-43.7,0.0,11.0,0.0,1.9645809681615303,9,7,18,-11,0.025645083603674543,1,0,0,0,0,0,0,0,0,81,24,1,0,0,1
1g9b,A,744,GLU,-3.5,138.4,-1.0,1,3,H,0.3556701030927835,-68.0,-43.4,11.0,8.0,0.5789473684210527,1.8616607586205427,19,20,18,2,0.03730193978716297,1,0,0,0,0,0,0,0,0,81,24,1,0,0,1
1g9b,A,745,LYS,-3.9,168.6,1.0,2,0,H,0.14634146341463414,-56.7,-38.9,9.0,13.0,0.4090909090909091,2.2352826096018266,20,10,18,-8,0.04149840801321881,1,0,0,0,0,0,0,0,0,81,24,1,0,0,1
1g9b,A,746,SER,-0.8,89.0,0.0,1,1,H,0.7461538461538462,-58.2,-32.1,3.0,12.0,0.2,1.8006399368539405,12,18,17,1,0.027510180593032695,1,0,0,0,0,0,0,0,0,21,390,8,0,31,1
1g9b,A,747,ASN,-3.5,114.1,0.0,2,2,T,0.7834394904458599,-94.2,0.0,8.0,9.0,0.47058823529411764,1.8221231022561608,15,16,13,3,0.02471253510899547,0,0,0,0,0,1,0,0,0,21,390,8,0,31,1
1g9b,A,748,ILE,4.5,166.7,0.0,0,0,-,0.10059171597633136,-91.4,121.2,21.0,3.0,0.875,2.1480455940668057,23,16,17,-1,0.03730193978716297,0,0,0,0,0,0,0,0,0,21,390,8,0,31,1
1g9b,A,749,ASN,-3.5,114.1,0.0,2,2,-,0.9171974522292994,-90.2,93.9,5.0,15.0,0.25,1.7427831071692799,19,5,11,-6,0.023779986614316396,0,0,0,0,0,0,0,0,0,21,390,8,0,31,1
1g9b,A,750,ILE,4.5,166.7,0.0,0,0,-,0.23668639053254437,-138.4,143.5,21.0,4.0,0.84,2.0200250964090976,24,12,17,-5,0.03310547156110714,0,0,0,0,0,0,0,0,0,21,390,8,0,31,1
1g9b,A,751,ASP,-3.5,111.1,-1.0,1,3,-,0.5276073619631901,-129.4,101.8,6.0,13.0,0.3157894736842105,1.7310897564562149,15,6,9,-3,0.02797645484037223,0,0,0,0,0,0,0,0,0,-1,0,0,0,0,0
1g9b,A,752,PHE,2.8,189.9,0.0,0,0,H,0.26903553299492383,-61.3,-27.5,7.0,16.0,0.30434782608695654,2.017739375167169,23,9,28,-19,0.03170664881908853,1,0,0,0,0,0,0,0,0,-1,0,0,0,0,0
1g9b,A,753,ASN,-3.5,114.1,0.0,2,2,H,0.8152866242038217,-71.3,-38.1,0.0,14.0,0.0,1.8022334074693973,13,5,20,-15,0.029375277582390842,1,0,0,0,0,0,0,0,0,-1,0,0,0,0,0
1g9b,A,754,ASP,-3.5,111.1,-1.0,1,3,H,0.4110429447852761,-69.8,-43.5,7.0,11.0,0.3888888888888889,1.9046027127959568,18,12,11,1,0.029375277582390842,1,0,0,0,0,0,0,0,0,48,24,20,0,5,1
1g9b,A,755,ILE,4.5,166.7,0.0,0,0,H,0.04142011834319527,-51.2,-54.9,17.0,13.0,0.5666666666666667,2.6488307498660735,30,19,27,-8,0.043363505002576956,1,0,0,0,0,0,0,0,0,48,24,20,0,5,1
1g9b,A,756,ASN,-3.5,114.1,0.0,2,2,H,0.14012738853503184,-62.7,-31.4,12.0,22.0,0.35294117647058826,2.3236476644536985,29,12,30,-18,0.04196468226055834,1,0,0,0,0,0,0,0,0,-1,0,0,0,0,0
1g9b,A,757,SER,-0.8,89.0,0.0,1,1,H,0.5538461538461539,-64.6,-49.3,4.0,19.0,0.17391304347826086,1.786001736592201,24,9,25,-16,0.03590311704514436,1,0,0,0,0,0,0,0,0,-1,0,0,0,0,0
1g9b,A,758,LYS,-3.9,168.6,1.0,2,0,H,0.526829268292683,-67.7,-36.6,15.0,16.0,0.4838709677419355,1.9781002757377553,25,6,24,-18,0.03776821403450251,1,0,0,0,0,0,0,0,0,48,24,20,0,5,1
1g9b,A,759,LEU,3.8,166.7,0.0,0,0,H,0.0,-66.7,-50.0,21.0,18.0,0.5384615384615384,4.378910571895514,36,9,29,-20,0.04709369898129325,1,0,0,0,0,0,0,0,0,-1,0,0,0,0,0
1g9b,A,760,ASN,-3.5,114.1,0.0,2,2,H,0.07643312101910828,-55.9,-42.0,14.0,23.0,0.3783783783783784,2.3047303443626066,31,9,12,-3,0.045694876239274644,1,0,0,0,0,0,0,0,0,1,1578,27,0,470,1
1g9b,A,761,GLU,-3.5,138.4,-1.0,1,3,H,0.5,-63.3,-44.2,9.0,21.0,0.3,1.9962212329960498,24,8,6,2,0.035436842797804825,1,0,0,0,0,0,0,0,0,-1,0,0,0,0,0
1g9b,A,762,GLY,-0.4,60.1,0.0,0,0,H,0.0,-58.2,-40.2,19.0,15.0,0.5588235294117647,3.387623952386969,35,8,22,-14,0.045228601991935104,1,0,0,0,0,0,0,0,0,-1,0,0,0,0,0
1g9b,A,763,ILE,4.5,166.7,0.0,0,0,H,0.0,-62.7,-47.1,20.0,19.0,0.5128205128205128,4.130690378638376,40,8,19,-11,0.04942507021799094,1,0,0,0,0,0,0,0,0,-1,0,0,0,0,0
1g9b,A,764,ASN,-3.5,114.1,0.0,2,2,H,0.12101910828025478,-58.9,-39.5,12.0,21.0,0.36363636363636365,2.049761359560799,32,7,21,-14,0.03963331102386066,1,0,0,0,0,0,0,0,0,1,1578,27,0,470,1
1g9b,A,765,GLN,-3.5,143.8,0.0,2,2,H,0.36363636363636365,-65.3,-41.6,13.0,15.0,0.4642857142857143,1.8465016279413378,26,6,19,-13,0.03730193978716297,1,0,0,0,0,0,0,0,0,39,24,35,0,7,1
1g9b,A,766,ALA,1.8,88.6,0.0,0,0,H,0.0,-65.9,-41.5,24.0,14.0,0.631578947368421,4.215895781321736,37,6,20,-14,0.048958795970651406,1,0,0,0,0,0,0,0,0,39,24,35,0,7,1
1g9b,A,767,ILE,4.5,166.7,0.0,0,0,H,0.0650887573964497,-60.4,-41.5,19.0,20.0,0.48717948717948717,2.9459522000969334,37,12,22,-10,0.04289723075523742,1,0,0,0,0,0,0,0,0,-1,0,0,0,0,0
1g9b,A,768,ASP,-3.5,111.1,-1.0,1,3,H,0.5030674846625767,-61.7,-43.6,7.0,21.0,0.25,1.8103617111614958,29,2,9,-7,0.034970568550465285,1,0,0,0,0,0,0,0,0,39,24,35,0,7,1
1g9b,A,769,ASN,-3.5,114.1,0.0,2,2,H,0.21656050955414013,-65.0,-48.1,19.0,13.0,0.59375,2.1873352982632275,30,8,8,0,0.043829779249916496,1,0,0,0,0,0,0,0,0,39,24,35,0,7,1
1g9b,A,770,ILE,4.5,166.7,0.0,0,0,H,0.005917159763313609,-61.4,-39.1,24.0,15.0,0.6153846153846154,5.928757228167714,39,11,12,-1,0.050823892960009553,1,0,0,0,0,0,0,0,0,39,24,35,0,7,1
1g9b,A,771,ASN,-3.5,114.1,0.0,2,2,H,0.07006369426751592,-62.9,-44.8,15.0,22.0,0.40540540540540543,2.6747613610682754,34,12,17,-5,0.04243095650789788,1,0,0,0,0,0,0,0,0,-1,0,0,0,0,0
1g9b,A,772,ASN,-3.5,114.1,0.0,2,2,H,0.43312101910828027,-65.0,-44.2,12.0,21.0,0.36363636363636365,1.8352212500034928,28,12,13,-1,0.03683566553982344,1,0,0,0,0,0,0,0,0,70,3,36,0,1,1
1g9b,A,773,PHE,2.8,189.9,0.0,0,0,H,0.050761421319796954,-58.1,-55.1,23.0,15.0,0.6052631578947368,2.461835652781698,37,10,4,6,0.04289723075523742,1,0,0,0,0,0,0,0,0,-1,0,0,0,0,0
1g9b,A,774,ILE,4.5,166.7,0.0,0,0,H,0.0,-61.9,-40.9,22.0,19.0,0.5365853658536586,3.257227776316352,38,9,3,6,0.04662742473395372,1,0,0,0,0,0,0,0,0,-1,0,0,0,0,0
1g9b,A,775,ASN,-3.5,114.1,0.0,2,2,H,0.12101910828025478,-63.3,-37.4,17.0,22.0,0.4358974358974359,1.9322454724620177,32,15,8,7,0.04289723075523742,1,0,0,0,0,0,0,0,0,-1,0,0,0,0,0
1g9b,A,776,GLY,-0.4,60.1,0.0,0,0,H,0.34523809523809523,-63.3,-39.9,17.0,20.0,0.4594594594594595,1.7098105778895671,36,16,7,9,0.04662742473395372,1,0,0,0,0,0,0,0,0,-1,0,0,0,0,0
1g9b,A,777,CYS,2.5,108.5,0.0,1,0,H,0.022222222222222223,-64.2,-42.0,23.0,18.0,0.5609756097560976,2.410231074244582,40,12,1,11,0.04429605349725603,1,0,0,0,0,0,0,0,0,-1,0,0,0,0,0
1g9b,A,778,SER,-0.8,89.0,0.0,1,1,H,0.0,-61.6,-48.4,22.0,17.0,0.5641025641025641,3.5153580588560676,37,9,0,9,0.050823892960009553,1,0,0,0,0,0,0,0,0,-1,0,0,0,0,0
1g9b,A,779,VAL,4.2,140.0,0.0,0,0,H,0.014084507042253521,-63.5,-37.6,15.0,20.0,0.42857142857142855,3.5986902084053654,36,20,5,15,0.04709369898129325,1,0,0,0,0,0,0,0,0,-1,0,0,0,0,0
1g9b,A,780,SER,-0.8,89.0,0.0,1,1,H,0.16923076923076924,-57.5,-46.9,18.0,19.0,0.4864864864864865,2.369760886197906,34,18,1,17,0.043829779249916496,1,0,0,0,0,0,0,0,0,-1,0,0,0,0,0
1g9b,A,781,TYR,-1.3,193.6,0.0,1,1,H,0.06306306306306306,-61.3,-43.2,23.0,17.0,0.575,2.4906155476145084,37,17,0,17,0.05035761871267001,1,0,0,0,0,0,0,0,0,-1,0,0,0,0,0
1g9b,A,782,LEU,3.8,166.7,0.0,0,0,I,0.0,-59.5,-51.2,25.0,16.0,0.6097560975609756,5.699539920331201,36,15,0,15,0.050823892960009553,0,0,0,0,1,0,0,0,0,-1,0,0,0,0,0
1g9b,A,783,MET,1.9,162.9,0.0,0,0,I,0.1595744680851064,-71.8,-32.4,19.0,17.0,0.5277777777777778,2.4775211214672366,33,18,2,16,0.04476232774459557,0,0,0,0,1,0,0,0,0,-1,0,0,0,0,0
1g9b,A,784,LYS,-3.9,168.6,1.0,2,0,I,0.14146341463414633,-104.5,-28.2,21.0,15.0,0.5833333333333334,2.6287242958741337,34,9,3,6,0.045228601991935104,0,0,0,0,1,0,0,0,0,37,24,31,0,8,1
1g9b,A,785,LYS,-3.9,168.6,1.0,2,0,I,0.32195121951219513,-109.0,-7.0,16.0,17.0,0.48484848484848486,2.035336000204717,33,9,0,9,0.03916703677652112,0,0,0,0,1,0,0,0,0,-1,0,0,0,0,0
1g9b,A,786,MET,1.9,162.9,0.0,0,0,I,0.0,-121.6,-59.0,25.0,14.0,0.6410256410256411,3.729456391516184,34,15,4,11,0.04429605349725603,0,0,0,0,1,0,0,0,0,-1,0,0,0,0,0
1g9b,A,787,ILE,4.5,166.7,0.0,0,0,H,0.0650887573964497,-51.1,-46.0,17.0,21.0,0.4473684210526316,3.245267944072304,36,14,5,9,0.04942507021799094,1,0,0,0,0,0,0,0,0,-1,0,0,0,0,0
1g9b,A,788,PRO,-1.6,112.7,0.0,0,0,H,0.03676470588235294,-57.8,-36.5,14.0,17.0,0.45161290322580644,2.338083830990687,30,22,9,13,0.04429605349725603,1,0,0,0,0,0,0,0,0,-1,0,0,0,0,0
1g9b,A,789,LEU,3.8,166.7,0.0,0,0,H,0.4695121951219512,-68.1,-26.0,13.0,18.0,0.41935483870967744,2.4225068920335513,27,21,9,12,0.03870076252918159,1,0,0,0,0,0,0,0,0,-1,0,0,0,0,0
1g9b,A,790,ALA,1.8,88.6,0.0,0,0,H,0.0,-80.8,-38.1,22.0,16.0,0.5789473684210527,5.194417485148083,38,14,14,0,0.04989134446533048,1,0,0,0,0,0,0,0,0,-1,0,0,0,0,0
1g9b,A,791,VAL,4.2,140.0,0.0,0,0,H,0.035211267605633804,-61.5,-38.8,15.0,19.0,0.4411764705882353,3.2185253987053373,29,10,18,-8,0.04755997322863279,1,0,0,0,0,0,0,0,0,-1,0,0,0,0,0
1g9b,A,792,GLU,-3.5,138.4,-1.0,1,3,H,0.4793814432989691,-56.2,-48.7,10.0,17.0,0.37037037037037035,1.9734366838112694,21,9,9,0,0.03916703677652112,1,0,0,0,0,0,0,0,0,-1,0,0,0,0,0
1g9b,A,793,LYS,-3.9,168.6,1.0,2,0,H,0.2634146341463415,-67.4,-41.4,16.0,12.0,0.5714285714285714,2.1125525373288725,25,0,21,-21,0.04616115048661418,1,0,0,0,0,0,0,0,0,-1,0,0,0,0,0
1g9b,A,794,LEU,3.8,166.7,0.0,0,0,H,0.0,-65.4,-35.7,19.0,18.0,0.5135135135135135,4.586345664364297,34,26,32,-6,0.04942507021799094,1,0,0,0,0,0,0,0,0,-1,0,0,0,0,0
1g9b,A,795,LEU,3.8,166.7,0.0,0,0,H,0.35365853658536583,-69.5,-41.9,9.0,21.0,0.3,2.1172161109147893,30,18,25,-7,0.03963331102386066,1,0,0,0,0,0,0,0,0,-1,0,0,0,0,0
1g9b,A,796,ASP,-3.5,111.1,-1.0,1,3,H,0.5153374233128835,-60.1,-49.0,10.0,14.0,0.4166666666666667,1.8024910488140686,21,16,17,-1,0.03357174580844668,1,0,0,0,0,0,0,0,0,-1,0,0,0,0,0
1g9b,A,797,PHE,2.8,189.9,0.0,0,0,H,0.04568527918781726,-53.1,-45.8,21.0,10.0,0.6774193548387096,2.7738971234431173,34,39,21,18,0.043829779249916496,1,0,0,0,0,0,0,0,0,-1,0,0,0,0,0
1g9b,A,798,ASP,-3.5,111.1,-1.0,1,3,H,0.06134969325153374,-56.9,-45.0,16.0,19.0,0.45714285714285713,2.3442135888057645,33,42,11,31,0.04429605349725603,1,0,0,0,0,0,0,0,0,-1,0,0,0,0,0
1g9b,A,799,ASN,-3.5,114.1,0.0,2,2,H,0.5414012738853503,-62.1,-47.4,4.0,20.0,0.16666666666666666,1.9275635614377775,16,20,17,3,0.035436842797804825,1,0,0,0,0,0,0,0,0,-1,0,0,0,0,0
1g9b,A,800,THR,-0.7,116.1,0.0,1,1,H,0.4295774647887324,-58.2,-47.4,12.0,10.0,0.5454545454545454,2.0767003275831497,22,20,16,4,0.03590311704514436,1,0,0,0,0,0,0,0,0,-1,0,0,0,0,0
1g9b,A,801,LEU,3.8,166.7,0.0,0,0,H,0.018292682926829267,-66.8,-31.4,24.0,10.0,0.7058823529411765,4.489718844948844,37,36,13,23,0.04662742473395372,1,0,0,0,0,0,0,0,0,-1,0,0,0,0,0
1g9b,A,802,LYS,-3.9,168.6,1.0,2,0,H,0.2634146341463415,-61.1,-53.6,12.0,18.0,0.4,2.5206732099915237,26,29,11,18,0.043829779249916496,1,0,0,0,0,0,0,0,0,-1,0,0,0,0,0
1g9b,A,803,LYS,-3.9,168.6,1.0,2,0,H,0.5560975609756098,-65.7,-34.1,5.0,15.0,0.25,1.92470966308703,17,11,8,3,0.035436842797804825,1,0,0,0,0,0,0,0,0,-1,0,0,0,0,0
1g9b,A,804,ASN,-3.5,114.1,0.0,2,2,H,0.2802547770700637,-61.4,-46.5,15.0,11.0,0.5769230769230769,1.831318891885615,27,16,12,4,0.03823448828184205,1,0,0,0,0,0,0,0,0,-1,0,0,0,0,0
1g9b,A,805,LEU,3.8,166.7,0.0,0,0,H,0.006097560975609756,-69.1,-49.5,23.0,17.0,0.575,4.57741008387872,38,34,16,18,0.04616115048661418,1,0,0,0,0,0,0,0,0,-1,0,0,0,0,0
1g9b,A,806,LEU,3.8,166.7,0.0,0,0,H,0.1951219512195122,-55.9,-51.3,9.0,19.0,0.32142857142857145,2.362349819598069,27,32,26,6,0.043363505002576956,1,0,0,0,0,0,0,0,0,-1,0,0,0,0,0
1g9b,A,807,ASN,-3.5,114.1,0.0,2,2,H,0.554140127388535,-56.2,-34.6,6.0,14.0,0.3,1.9406874406428374,17,20,17,3,0.03450429430312575,1,0,0,0,0,0,0,0,0,-1,0,0,0,0,0
1g9b,A,808,TYR,-1.3,193.6,0.0,1,1,H,0.03153153153153153,-68.8,-40.1,20.0,13.0,0.6060606060606061,2.7417720945643147,34,15,27,-12,0.04149840801321881,1,0,0,0,0,0,0,0,0,72,15,8,0,1,1
1g9b,A,809,ILE,4.5,166.7,0.0,0,0,H,0.011834319526627219,-66.8,-18.1,19.0,18.0,0.5135135135135135,2.988155194772033,31,28,35,-7,0.048958795970651406,1,0,0,0,0,0,0,0,0,-1,0,0,0,0,0
1g9b,A,810,ASP,-3.5,111.1,-1.0,1,3,H,0.44171779141104295,-82.9,-55.1,5.0,17.0,0.22727272727272727,1.761353600942105,16,17,12,5,0.03590311704514436,1,0,0,0,0,0,0,0,0,82,24,1,0,0,1
1g9b,A,811,GLU,-3.5,138.4,-1.0,1,3,H,0.6907216494845361,-55.9,-16.3,11.0,10.0,0.5238095238095238,1.7561253447174656,20,11,10,1,0.03450429430312575,1,0,0,0,0,0,0,0,0,-1,0,0,0,0,0
1g9b,A,812,ASN,-3.5,114.1,0.0,2,2,T,0.025477707006369428,-110.9,3.7,26.0,6.0,0.8125,2.127412029666016,30,19,28,-9,0.045694876239274644,0,0,0,0,0,1,0,0,0,72,15,8,0,1,1
1g9b,A,813,LYS,-3.9,168.6,1.0,2,0,H,0.5951219512195122,-33.6,-52.0,4.0,22.0,0.15384615384615385,1.9493070124548002,18,6,19,-13,0.03916703677652112,1,0,0,0,0,0,0,0,0,82,24,1,0,0,1
1g9b,A,814,LEU,3.8,166.7,0.0,0,0,H,0.7804878048780488,-60.5,-64.6,5.0,14.0,0.2631578947368421,1.8221417558833088,16,11,20,-9,0.02844272908771177,1,0,0,0,0,0,0,0,0,82,24,1,0,0,1
1g9b,A,815,TYR,-1.3,193.6,0.0,1,1,H,0.2972972972972973,-56.1,-5.7,15.0,7.0,0.6818181818181818,2.015862244501153,21,17,17,0,0.04103213376587927,1,0,0,0,0,0,0,0,0,17,721,5,0,41,1
1g9b,A,816,LEU,3.8,166.7,0.0,0,0,H,0.0,-108.2,-10.0,17.0,11.0,0.6071428571428571,3.970250157983771,28,24,30,-6,0.04149840801321881,1,0,0,0,0,0,0,0,0,17,721,5,0,41,1
1g9b,A,817,ILE,4.5,166.7,0.0,0,0,-,0.7100591715976331,36.5,-119.6,4.0,16.0,0.2,1.9628137727152117,17,17,10,7,0.026577632098353617,0,0,0,0,0,0,0,0,0,17,721,5,0,41,1
1g9b,A,818,GLY,-0.4,60.1,0.0,0,0,T,0.9285714285714286,-84.9,52.2,0.0,14.0,0.0,1.7095940759930774,15,13,15,-2,0.019117244140921023,0,0,0,0,0,1,0,0,0,17,721,5,0,41,1
1g9b,A,819,SER,-0.8,89.0,0.0,1,1,T,0.12307692307692308,-156.2,-16.4,8.0,12.0,0.4,2.1173167348378166,19,27,18,9,0.03124037457174899,0,0,0,0,0,1,0,0,0,17,721,5,0,41,1
1g9b,A,820,ALA,1.8,88.6,0.0,0,0,T,0.1320754716981132,-49.0,-23.0,13.0,13.0,0.5,1.912891355865599,26,27,27,0,0.04243095650789788,0,0,0,0,0,1,0,0,0,17,721,5,0,41,1
1g9b,A,821,GLU,-3.5,138.4,-1.0,1,3,T,0.7319587628865979,-91.5,-34.9,2.0,18.0,0.1,1.7247755339486113,16,19,11,8,0.030307826077069916,0,0,0,0,0,1,0,0,0,-1,0,0,0,0,0
1g9b,A,822,TYR,-1.3,193.6,0.0,1,1,H,0.5945945945945946,-65.5,-41.7,5.0,13.0,0.2777777777777778,1.9321065186466833,18,23,21,2,0.032172923066428064,1,0,0,0,0,0,0,0,0,-1,0,0,0,0,0
1g9b,A,823,GLU,-3.5,138.4,-1.0,1,3,H,0.04639175257731959,-88.0,-0.3,20.0,9.0,0.6896551724137931,3.543405020392685,29,31,17,14,0.04196468226055834,1,0,0,0,0,0,0,0,0,-1,0,0,0,0,0
1g9b,A,824,LYS,-3.9,168.6,1.0,2,0,H,0.2975609756097561,-86.2,-36.6,12.0,16.0,0.42857142857142855,2.2251735116974585,23,27,27,0,0.043363505002576956,1,0,0,0,0,0,0,0,0,-1,0,0,0,0,0
1g9b,A,825,SER,-0.8,89.0,0.0,1,1,H,0.3923076923076923,-79.6,-23.5,3.0,15.0,0.16666666666666666,1.8518462751478555,18,35,18,17,0.034970568550465285,1,0,0,0,0,0,0,0,0,-1,0,0,0,0,0
1g9b,A,826,LYS,-3.9,168.6,1.0,2,0,H,0.1902439024390244,-59.1,-39.3,13.0,9.0,0.5909090909090909,2.339201951299421,22,17,21,-4,0.03683566553982344,1,0,0,0,0,0,0,0,0,-1,0,0,0,0,0
1g9b,A,827,VAL,4.2,140.0,0.0,0,0,H,0.0,-68.8,-46.3,18.0,14.0,0.5625,4.206554529217227,29,53,24,29,0.045694876239274644,1,0,0,0,0,0,0,0,0,-1,0,0,0,0,0
1g9b,A,828,ASN,-3.5,114.1,0.0,2,2,H,0.4267515923566879,-57.5,-50.4,5.0,17.0,0.22727272727272727,1.9788053942948807,22,44,10,34,0.03590311704514436,1,0,0,0,0,0,0,0,0,46,24,21,0,5,1
1g9b,A,829,LYS,-3.9,168.6,1.0,2,0,H,0.5951219512195122,-71.1,-24.6,5.0,11.0,0.3125,1.885284771123099,17,26,6,20,0.02984155182973038,1,0,0,0,0,0,0,0,0,-1,0,0,0,0,0
1g9b,A,830,TYR,-1.3,193.6,0.0,1,1,H,0.13513513513513514,-77.5,-55.7,18.0,8.0,0.6923076923076923,1.9038974166584193,25,45,11,34,0.03357174580844668,1,0,0,0,0,0,0,0,0,-1,0,0,0,0,0
1g9b,A,831,LEU,3.8,166.7,0.0,0,0,T,0.10975609756097561,-71.0,0.1,23.0,10.0,0.696969696969697,2.227750806981897,30,46,10,36,0.04196468226055834,0,0,0,0,0,1,0,0,0,-1,0,0,0,0,0
1g9b,A,832,LYS,-3.9,168.6,1.0,2,0,T,0.5073170731707317,-77.8,-50.6,10.0,12.0,0.45454545454545453,1.950851079525057,21,18,11,7,0.030774100324409453,0,0,0,0,0,1,0,0,0,46,24,21,0,5,1
1g9b,A,833,THR,-0.7,116.1,0.0,1,1,S,0.4859154929577465,-86.9,121.9,8.0,15.0,0.34782608695652173,1.9277187769958437,21,23,5,18,0.030774100324409453,0,0,0,0,0,0,1,0,0,2,1100,21,0,286,1
1g9b,A,834,ILE,4.5,166.7,0.0,0,0,P,0.21301775147928995,-91.9,163.0,17.0,14.0,0.5483870967741935,1.9714191313239753,24,16,5,11,0.034970568550465285,0,0,0,0,0,0,0,0,0,2,1100,21,0,286,1
1g9b,A,835,MET,1.9,162.9,0.0,0,0,P,0.2553191489361702,-82.4,118.5,19.0,11.0,0.6333333333333333,2.201622642605018,27,17,16,1,0.03403802005578621,0,0,0,0,0,0,0,0,0,2,1100,21,0,286,1
1g9b,A,836,PRO,-1.6,112.7,0.0,0,0,P,0.6691176470588235,-69.1,139.9,6.0,17.0,0.2608695652173913,2.06488680479428,22,3,8,-5,0.024246260861655933,0,0,0,0,0,0,0,0,0,2,1100,21,0,286,1
1g9b,A,837,PHE,2.8,189.9,0.0,0,0,P,0.116751269035533,-77.9,126.6,18.0,10.0,0.6428571428571429,2.594082605938543,28,0,8,-8,0.03403802005578621,0,0,0,0,0,0,0,0,0,-1,0,0,0,0,0
1g9b,A,838,ASP,-3.5,111.1,-1.0,1,3,-,0.3803680981595092,-132.7,109.4,5.0,18.0,0.21739130434782608,1.8409655096883244,21,0,0,0,0.0363693912924839,0,0,0,0,0,0,0,0,0,-1,0,0,0,0,0
1g9b,A,839,LEU,3.8,166.7,0.0,0,0,G,0.0,-57.4,-31.4,21.0,13.0,0.6176470588235294,3.874239655117849,30,0,19,-19,0.045228601991935104,0,0,0,1,0,0,0,0,0,-1,0,0,0,0,0
1g9b,A,840,SER,-0.8,89.0,0.0,1,1,G,0.3923076923076923,-60.5,-22.9,6.0,20.0,0.23076923076923078,1.8968998789458775,19,0,17,-17,0.03730193978716297,0,0,0,1,0,0,0,0,0,-1,0,0,0,0,0
1g9b,A,841,ILE,4.5,166.7,0.0,0,0,G,0.5562130177514792,-69.0,-29.3,12.0,14.0,0.46153846153846156,1.9697715495003911,24,0,19,-19,0.02797645484037223,0,0,0,1,0,0,0,0,0,-1,0,0,0,0,0
1g9b,A,842,TYR,-1.3,193.6,0.0,1,1,T,0.13963963963963963,-101.9,-3.6,21.0,14.0,0.6,2.0217202802152676,39,0,22,-22,0.040099585271200194,0,0,0,0,0,1,0,0,0,-1,0,0,0,0,0
1g9b,A,843,THR,-0.7,116.1,0.0,1,1,-,0.04929577464788732,-167.4,153.7,22.0,9.0,0.7096774193548387,2.15000087489507,29,0,30,-30,0.04429605349725603,0,0,0,0,0,0,0,0,0,-1,0,0,0,0,0
1g9b,A,844,ASN,-3.5,114.1,0.0,2,2,-,0.554140127388535,-122.3,24.2,8.0,19.0,0.2962962962962963,1.7220875901170374,24,0,23,-23,0.03357174580844668,0,0,0,0,0,0,0,0,0,-1,0,0,0,0,0
1g9b,A,845,ASP,-3.5,111.1,-1.0,1,3,-,0.17177914110429449,-74.8,112.9,16.0,9.0,0.64,2.0102375764426217,25,0,12,-12,0.032172923066428064,0,0,0,0,0,0,0,0,0,-1,0,0,0,0,0
1g9b,A,846,THR,-0.7,116.1,0.0,1,1,H,0.6408450704225352,-46.5,-46.6,1.0,15.0,0.0625,1.9893140115288517,15,0,17,-17,0.026577632098353617,1,0,0,0,0,0,0,0,0,-1,0,0,0,0,0
1g9b,A,847,ILE,4.5,166.7,0.0,0,0,H,0.5088757396449705,-58.4,-49.0,11.0,13.0,0.4583333333333333,1.9347339662401284,23,3,18,-15,0.028909003335051305,1,0,0,0,0,0,0,0,0,-1,0,0,0,0,0
1g9b,A,848,LEU,3.8,166.7,0.0,0,0,H,0.018292682926829267,-65.9,-45.5,18.0,15.0,0.5454545454545454,2.9419455670053574,29,2,18,-16,0.043829779249916496,1,0,0,0,0,0,0,0,0,-1,0,0,0,0,0
1g9b,A,849,ILE,4.5,166.7,0.0,0,0,H,0.16568047337278108,-60.0,-44.5,9.0,13.0,0.4090909090909091,2.6066867390081376,22,4,24,-20,0.04476232774459557,1,0,0,0,0,0,0,0,0,-1,0,0,0,0,0
1g9b,A,850,GLU,-3.5,138.4,-1.0,1,3,H,0.5670103092783505,-60.4,-40.1,5.0,15.0,0.25,1.7825408408994723,17,9,8,1,0.03357174580844668,1,0,0,0,0,0,0,0,0,70,3,36,0,1,1
1g9b,A,851,MET,1.9,162.9,0.0,0,0,H,0.09574468085106383,-58.5,-46.8,20.0,9.0,0.6896551724137931,1.8954178610050867,33,11,17,-6,0.04289723075523742,1,0,0,0,0,0,0,0,0,70,3,36,0,1,1
1g9b,A,852,PHE,2.8,189.9,0.0,0,0,H,0.025380710659898477,-62.6,-52.2,15.0,17.0,0.46875,2.833960119303534,31,7,16,-9,0.04662742473395372,1,0,0,0,0,0,0,0,0,40,24,27,0,6,1
1g9b,A,853,ASN,-3.5,114.1,0.0,2,2,H,0.5477707006369427,-61.2,-36.6,6.0,14.0,0.3,1.8735186674681474,19,9,22,-13,0.032172923066428064,1,0,0,0,0,0,0,0,0,40,24,27,0,6,1
1g9b,A,854,LYS,-3.9,168.6,1.0,2,0,H,0.43414634146341463,-61.0,-52.5,13.0,9.0,0.5909090909090909,2.0593663213860696,22,0,18,-18,0.03357174580844668,1,0,0,0,0,0,0,0,0,70,3,36,0,1,1
1g9b,A,855,TYR,-1.3,193.6,0.0,1,1,H,0.05405405405405406,-52.2,-47.2,18.0,11.0,0.6206896551724138,2.1180019164900585,31,16,11,5,0.043363505002576956,1,0,0,0,0,0,0,0,0,70,3,36,0,1,1
1g9b,A,856,ASN,-3.5,114.1,0.0,2,2,H,0.5286624203821656,-70.6,-12.0,9.0,13.0,0.4090909090909091,1.8459246655935602,22,7,15,-8,0.03683566553982344,1,0,0,0,0,0,0,0,0,40,24,27,0,6,1
1g9b,A,857,SER,-0.8,89.0,0.0,1,1,H,0.7,-92.9,-5.7,5.0,9.0,0.35714285714285715,1.7728118685263319,14,9,11,-2,0.026577632098353617,1,0,0,0,0,0,0,0,0,40,24,27,0,6,1
1g9b,A,858,GLU,-3.5,138.4,-1.0,1,3,-,0.30412371134020616,-94.9,106.0,14.0,8.0,0.6363636363636364,1.8548397951249251,24,13,3,10,0.03403802005578621,0,0,0,0,0,0,0,0,0,70,3,36,0,1,1
1g9b,A,859,ILE,4.5,166.7,0.0,0,0,G,0.27218934911242604,-48.1,-32.4,14.0,15.0,0.4827586206896552,2.2813922756953278,25,9,25,-16,0.03357174580844668,0,0,0,1,0,0,0,0,0,73,3,31,0,1,1
1g9b,A,860,LEU,3.8,166.7,0.0,0,0,G,0.18902439024390244,-64.7,-19.3,15.0,22.0,0.40540540540540543,1.9386904237099147,35,21,22,-1,0.03730193978716297,0,0,0,1,0,0,0,0,0,73,3,31,0,1,1
1g9b,A,861,ASN,-3.5,114.1,0.0,2,2,G,0.18471337579617833,-81.3,-3.6,14.0,18.0,0.4375,1.8015609242006754,30,10,15,-5,0.03963331102386066,0,0,0,1,0,0,0,0,0,73,3,31,0,1,1
1g9b,A,862,ASN,-3.5,114.1,0.0,2,2,G,0.2611464968152866,-91.0,0.0,14.0,19.0,0.42424242424242425,2.235229029551185,26,4,15,-11,0.04289723075523742,0,0,0,1,0,0,0,0,0,61,13,22,0,3,1
1g9b,A,863,ILE,4.5,166.7,0.0,0,0,E,0.029585798816568046,-74.2,118.6,19.0,17.0,0.5277777777777778,2.587445540097529,33,13,17,-4,0.05129016720734909,0,0,1,0,0,0,0,0,0,73,3,31,0,1,1
1g9b,A,864,ILE,4.5,166.7,0.0,0,0,E,0.05325443786982249,-109.4,-1.0,19.0,19.0,0.5,4.942740524222441,39,5,7,-2,0.048958795970651406,0,0,1,0,0,0,0,0,0,-1,0,0,0,0,0
1g9b,A,865,LEU,3.8,166.7,0.0,0,0,E,0.0,-158.9,129.0,22.0,17.0,0.5641025641025641,5.887711597060918,39,13,9,4,0.048492521723311866,0,0,1,0,0,0,0,0,0,-1,0,0,0,0,0
1g9b,A,866,ASN,-3.5,114.1,0.0,2,2,E,0.03821656050955414,-148.5,88.7,17.0,22.0,0.4358974358974359,3.508240231111534,36,20,18,2,0.048492521723311866,0,0,1,0,0,0,0,0,0,-1,0,0,0,0,0
1g9b,A,867,LEU,3.8,166.7,0.0,0,0,E,0.018292682926829267,-77.3,113.8,25.0,19.0,0.5681818181818182,5.773630618596489,37,25,10,15,0.04989134446533048,0,0,1,0,0,0,0,0,0,-1,0,0,0,0,0
1g9b,A,868,ARG,-4.5,173.4,1.0,5,0,E,0.056451612903225805,-128.5,154.4,12.0,21.0,0.36363636363636365,2.8228846847387867,32,26,24,2,0.045694876239274644,0,0,1,0,0,0,0,0,0,14,225,19,1,67,1
1g9b,A,869,TYR,-1.3,193.6,0.0,1,1,E,0.2072072072072072,-81.2,135.7,12.0,17.0,0.41379310344827586,2.3071138191138463,21,24,18,6,0.045694876239274644,0,0,1,0,0,0,0,0,0,49,22,18,0,5,1
1g9b,A,870,LYS,-3.9,168.6,1.0,2,0,-,0.18048780487804877,-159.6,123.8,10.0,11.0,0.47619047619047616,2.0850022086412245,21,10,27,-17,0.03683566553982344,0,0,0,0,0,0,0,0,0,104,0,18,0,0,1
1g9b,A,871,ASP,-3.5,111.1,-1.0,1,3,S,0.9079754601226994,49.1,66.8,2.0,11.0,0.15384615384615385,1.6720954649208681,12,11,3,8,0.021914889624958248,0,0,0,0,0,0,1,0,0,104,0,18,0,0,1
1g9b,A,872,ASN,-3.5,114.1,0.0,2,2,S,0.732484076433121,38.5,50.3,2.0,16.0,0.1111111111111111,1.8366238524036145,15,9,21,-12,0.027510180593032695,0,0,0,0,0,0,1,0,0,104,0,18,0,0,1
1g9b,A,873,ASN,-3.5,114.1,0.0,2,2,S,0.40764331210191085,-163.5,157.9,5.0,19.0,0.20833333333333334,2.394376795352017,21,13,18,-5,0.035436842797804825,0,0,0,0,0,0,1,0,0,-1,0,0,0,0,0
1g9b,A,874,LEU,3.8,166.7,0.0,0,0,E,0.018292682926829267,-106.0,135.0,24.0,11.0,0.6857142857142857,4.029399984696346,35,25,21,4,0.04243095650789788,0,0,1,0,0,0,0,0,0,-1,0,0,0,0,0
1g9b,A,875,ILE,4.5,166.7,0.0,0,0,E,0.28994082840236685,-140.5,162.4,11.0,23.0,0.3235294117647059,2.474553282436609,28,22,20,2,0.040565859518539735,0,0,1,0,0,0,0,0,0,14,225,19,1,67,1
1g9b,A,876,ASP,-3.5,111.1,-1.0,1,3,E,0.1165644171779141,-92.5,118.5,18.0,17.0,0.5142857142857142,2.3431961227401117,33,23,3,20,0.04429605349725603,0,0,1,0,0,0,0,0,0,-1,0,0,0,0,0
1g9b,A,877,LEU,3.8,166.7,0.0,0,0,-,0.22560975609756098,-103.5,15.3,18.0,18.0,0.5,2.1132747062869868,35,22,26,-4,0.04103213376587927,0,0,0,0,0,0,0,0,0,14,225,19,1,67,1
1g9b,A,878,SER,-0.8,89.0,0.0,1,1,S,0.038461538461538464,-69.1,-21.5,21.0,17.0,0.5526315789473685,2.3850408867915465,37,18,17,1,0.04289723075523742,0,0,0,0,0,0,1,0,0,-1,0,0,0,0,0
1g9b,A,879,GLY,-0.4,60.1,0.0,0,0,S,0.27380952380952384,96.4,-4.8,20.0,18.0,0.5263157894736842,1.7871230025739693,31,19,10,9,0.034970568550465285,0,0,0,0,0,0,1,0,0,-1,0,0,0,0,0
1g9b,A,880,TYR,-1.3,193.6,0.0,1,1,S,0.1036036036036036,-93.5,4.1,20.0,17.0,0.5405405405405406,2.481478290517176,34,19,7,12,0.040099585271200194,0,0,0,0,0,0,1,0,0,26,70,26,0,18,1
1g9b,A,881,GLY,-0.4,60.1,0.0,0,0,-,0.5595238095238095,63.6,33.2,10.0,18.0,0.35714285714285715,1.7095935945327356,25,22,8,14,0.030307826077069916,0,0,0,0,0,0,0,0,0,42,24,22,0,6,1
1g9b,A,882,ALA,1.8,88.6,0.0,0,0,-,0.1320754716981132,-59.0,142.8,22.0,8.0,0.7333333333333333,2.182831050403659,24,12,11,1,0.03963331102386066,0,0,0,0,0,0,0,0,0,42,24,22,0,6,1
1g9b,A,883,LYS,-3.9,168.6,1.0,2,0,E,0.7268292682926829,-88.0,129.6,5.0,19.0,0.20833333333333334,1.897114400751435,18,8,20,-12,0.030307826077069916,0,0,1,0,0,0,0,0,0,42,24,22,0,6,1
1g9b,A,884,VAL,4.2,140.0,0.0,0,0,E,0.18309859154929578,-121.7,117.1,16.0,12.0,0.5714285714285714,2.0057653619164513,25,23,18,5,0.03916703677652112,0,0,1,0,0,0,0,0,0,63,18,11,0,2,1
1g9b,A,885,GLU,-3.5,138.4,-1.0,1,3,E,0.5618556701030928,-108.0,114.7,11.0,14.0,0.44,2.088911808589607,20,27,5,22,0.03450429430312575,0,0,1,0,0,0,0,0,0,63,18,11,0,2,1
1g9b,A,886,VAL,4.2,140.0,0.0,0,0,E,0.21830985915492956,-106.1,114.5,13.0,17.0,0.43333333333333335,2.0246142133129577,25,19,22,-3,0.03963331102386066,0,0,1,0,0,0,0,0,0,66,24,7,0,1,1
1g9b,A,887,TYR,-1.3,193.6,0.0,1,1,-,0.31981981981981983,-80.1,161.3,14.0,11.0,0.56,2.0304029798069907,20,25,17,8,0.03683566553982344,0,0,0,0,0,0,0,0,0,103,0,1,0,0,1
1g9b,A,888,ASP,-3.5,111.1,-1.0,1,3,T,0.9263803680981595,-48.3,-30.0,2.0,18.0,0.1,1.6951386402821222,15,7,7,0,0.02471253510899547,0,0,0,0,0,1,0,0,0,103,0,1,0,0,1
1g9b,A,889,GLY,-0.4,60.1,0.0,0,0,T,0.21428571428571427,-80.4,0.5,13.0,9.0,0.5909090909090909,1.860063214712076,20,21,18,3,0.03403802005578621,0,0,0,0,0,1,0,0,0,103,0,1,0,0,1
1g9b,A,890,VAL,4.2,140.0,0.0,0,0,-,0.11267605633802817,-94.7,130.5,18.0,13.0,0.5806451612903226,2.523114582830867,28,22,20,2,0.04476232774459557,0,0,0,0,0,0,0,0,0,66,24,7,0,1,1
1g9b,A,891,GLU,-3.5,138.4,-1.0,1,3,E,0.520618556701031,-95.6,128.5,10.0,19.0,0.3448275862068966,2.031030025686041,25,10,6,4,0.03310547156110714,0,0,1,0,0,0,0,0,0,66,24,7,0,1,1
1g9b,A,892,LEU,3.8,166.7,0.0,0,0,E,0.14634146341463414,-124.1,141.2,17.0,13.0,0.5666666666666667,2.0464368012467395,25,20,25,-5,0.04196468226055834,0,0,1,0,0,0,0,0,0,66,24,7,0,1,1
1g9b,A,893,ASN,-3.5,114.1,0.0,2,2,-,0.17834394904458598,-133.1,165.5,6.0,13.0,0.3157894736842105,2.477437887857805,22,24,18,6,0.0363693912924839,0,0,0,0,0,0,0,0,0,71,6,21,0,1,1
1g9b,A,894,ASP,-3.5,111.1,-1.0,1,3,T,0.7361963190184049,-74.7,10.2,2.0,15.0,0.11764705882352941,1.775627919904732,17,18,3,15,0.029375277582390842,0,0,0,0,0,1,0,0,0,49,22,18,0,5,1
1g9b,A,895,LYS,-3.9,168.6,1.0,2,0,T,0.33658536585365856,-101.4,14.0,10.0,14.0,0.4166666666666667,1.9738316818574217,19,8,10,-2,0.030774100324409453,0,0,0,0,0,1,0,0,0,71,6,21,0,1,1
1g9b,A,896,ASN,-3.5,114.1,0.0,2,2,S,0.17834394904458598,66.4,18.2,14.0,16.0,0.4666666666666667,2.8255888105704208,28,39,11,28,0.048026247475972325,0,0,0,0,0,0,1,0,0,49,22,18,0,5,1
1g9b,A,897,GLN,-3.5,143.8,0.0,2,2,E,0.06565656565656566,-93.2,141.2,11.0,20.0,0.3548387096774194,3.1016111233102097,25,34,17,17,0.050823892960009553,0,0,1,0,0,0,0,0,0,71,6,21,0,1,1
1g9b,A,898,PHE,2.8,189.9,0.0,0,0,E,0.015228426395939087,-136.6,142.6,23.0,14.0,0.6216216216216216,6.63370303820341,38,31,9,22,0.04989134446533048,0,0,1,0,0,0,0,0,0,-1,0,0,0,0,0
1g9b,A,899,LYS,-3.9,168.6,1.0,2,0,E,0.1073170731707317,-110.8,130.4,13.0,23.0,0.3611111111111111,3.0606658830383386,27,10,15,-5,0.048492521723311866,0,0,1,0,0,0,0,0,0,66,24,7,0,1,1
1g9b,A,900,LEU,3.8,166.7,0.0,0,0,E,0.006097560975609756,-107.8,121.6,17.0,21.0,0.4473684210526316,4.954672990053301,39,28,10,18,0.05455408693872585,0,0,1,0,0,0,0,0,0,-1,0,0,0,0,0
1g9b,A,901,THR,-0.7,116.1,0.0,1,1,-,0.22535211267605634,-107.9,-172.4,12.0,21.0,0.36363636363636365,2.2725585432963826,29,28,16,12,0.04429605349725603,0,0,0,0,0,0,0,0,0,28,186,7,0,15,1
1g9b,A,902,SER,-0.8,89.0,0.0,1,1,S,0.36153846153846153,-79.8,-6.6,7.0,19.0,0.2692307692307692,1.8046914591799352,22,24,11,13,0.03870076252918159,0,0,0,0,0,0,1,0,0,28,186,7,0,15,1
1g9b,A,903,SER,-0.8,89.0,0.0,1,1,S,0.45384615384615384,-71.0,140.4,11.0,13.0,0.4583333333333333,1.8383859074715394,23,27,10,17,0.026577632098353617,0,0,0,0,0,0,1,0,0,28,186,7,0,15,1
1g9b,A,904,ALA,1.8,88.6,0.0,0,0,T,0.7264150943396226,-59.0,-28.9,0.0,19.0,0.0,1.7675282273589654,18,18,10,8,0.02331371236697686,0,0,0,0,0,1,0,0,0,-1,0,0,0,0,0
1g9b,A,905,ASN,-3.5,114.1,0.0,2,2,T,0.4394904458598726,-90.4,8.4,4.0,18.0,0.18181818181818182,2.033026126214888,19,16,10,6,0.032639197313767604,0,0,0,0,0,1,0,0,0,103,0,1,0,0,1
1g9b,A,906,SER,-0.8,89.0,0.0,1,1,-,0.0,-90.3,81.0,17.0,12.0,0.5862068965517241,3.1646362630186258,28,27,16,11,0.04616115048661418,0,0,0,0,0,0,0,0,0,66,24,7,0,1,1
1g9b,A,907,LYS,-3.9,168.6,1.0,2,0,-,0.24878048780487805,-151.4,154.7,11.0,22.0,0.3333333333333333,3.4447138272934152,27,22,17,5,0.05175644145468863,0,0,0,0,0,0,0,0,0,-1,0,0,0,0,0
1g9b,A,908,ILE,4.5,166.7,0.0,0,0,E,0.0,-129.3,133.0,22.0,15.0,0.5945945945945946,5.840836777371112,36,34,16,18,0.05129016720734909,0,0,1,0,0,0,0,0,0,-1,0,0,0,0,0
1g9b,A,909,ARG,-4.5,173.4,1.0,5,0,E,0.2862903225806452,-117.0,119.5,6.0,22.0,0.21428571428571427,2.1688824092765056,18,20,18,2,0.04755997322863279,0,0,1,0,0,0,0,0,0,63,18,11,0,2,1
1g9b,A,910,VAL,4.2,140.0,0.0,0,0,E,0.0,-116.0,123.7,23.0,10.0,0.696969696969697,3.640720021511322,34,22,23,-1,0.04662742473395372,0,0,1,0,0,0,0,0,0,-1,0,0,0,0,0
1g9b,A,911,THR,-0.7,116.1,0.0,1,1,E,0.36619718309859156,-104.3,106.5,4.0,24.0,0.14285714285714285,2.076980035429124,25,20,20,0,0.03870076252918159,0,0,1,0,0,0,0,0,0,26,70,26,0,18,1
1g9b,A,912,GLN,-3.5,143.8,0.0,2,2,-,0.06060606060606061,-73.9,158.8,17.0,15.0,0.53125,3.633919263307018,34,16,13,3,0.04429605349725603,0,0,0,0,0,0,0,0,0,26,70,26,0,18,1
1g9b,A,913,ASN,-3.5,114.1,0.0,2,2,-,0.25477707006369427,-73.8,121.2,18.0,11.0,0.6206896551724138,2.161314548113348,30,15,11,4,0.03683566553982344,0,0,0,0,0,0,0,0,0,26,70,26,0,18,1
1g9b,A,914,GLN,-3.5,143.8,0.0,2,2,T,0.4090909090909091,-82.6,-1.9,8.0,20.0,0.2857142857142857,1.8732739739098991,23,5,12,-7,0.030774100324409453,0,0,0,0,0,1,0,0,0,26,70,26,0,18,1
1g9b,A,915,ASN,-3.5,114.1,0.0,2,2,T,0.1464968152866242,-106.8,32.4,17.0,13.0,0.5666666666666667,2.010249432396151,26,11,10,1,0.03963331102386066,0,0,0,0,0,1,0,0,0,26,70,26,0,18,1
1g9b,A,916,ILE,4.5,166.7,0.0,0,0,S,0.13609467455621302,-118.4,139.2,18.0,18.0,0.5,2.1944856596920594,31,8,3,5,0.03870076252918159,0,0,0,0,0,0,1,0,0,26,70,26,0,18,1
1g9b,A,917,ILE,4.5,166.7,0.0,0,0,-,0.378698224852071,-67.2,83.7,13.0,22.0,0.37142857142857144,1.9326972954135369,28,1,4,-3,0.030774100324409453,0,0,0,0,0,0,0,0,0,2,1100,21,0,286,1
1g9b,A,918,PHE,2.8,189.9,0.0,0,0,-,0.06598984771573604,-96.1,-51.7,18.0,15.0,0.5454545454545454,2.016772245843967,36,2,9,-7,0.03823448828184205,0,0,0,0,0,0,0,0,0,-1,0,0,0,0,0
1g9b,A,919,ASN,-3.5,114.1,0.0,2,2,-,0.45222929936305734,-75.4,77.2,16.0,15.0,0.5161290322580645,1.813389494486195,26,10,14,-4,0.03963331102386066,0,0,0,0,0,0,0,0,0,2,1100,21,0,286,1
1g9b,A,920,SER,-0.8,89.0,0.0,1,1,-,0.2923076923076923,-65.7,11.6,10.0,16.0,0.38461538461538464,1.965027528128149,21,2,17,-15,0.02984155182973038,0,0,0,0,0,0,0,0,0,2,1100,21,0,286,1
1g9b,A,921,VAL,4.2,140.0,0.0,0,0,S,0.6056338028169014,81.2,-33.3,8.0,19.0,0.2962962962962963,1.8338560928064234,18,15,15,0,0.029375277582390842,0,0,0,0,0,0,1,0,0,2,1100,21,0,286,1
1g9b,A,922,PHE,2.8,189.9,0.0,0,0,S,0.4873096446700508,-107.7,1.0,7.0,21.0,0.25,1.8452276535395493,22,5,19,-14,0.02984155182973038,0,0,0,0,0,0,1,0,0,83,3,8,0,0,1
1g9b,A,923,LEU,3.8,166.7,0.0,0,0,-,0.10365853658536585,76.6,96.9,22.0,14.0,0.6111111111111112,2.195585992162484,34,9,25,-16,0.045694876239274644,0,0,0,0,0,0,0,0,0,-1,0,0,0,0,0
1g9b,A,924,ASP,-3.5,111.1,-1.0,1,3,-,0.1656441717791411,-140.8,101.5,12.0,20.0,0.375,1.8428677060543415,29,0,9,-9,0.050823892960009553,0,0,0,0,0,0,0,0,0,-1,0,0,0,0,0
1g9b,A,925,PHE,2.8,189.9,0.0,0,0,E,0.005076142131979695,-169.9,160.9,20.0,18.0,0.5263157894736842,3.173808971764426,39,2,17,-15,0.0526889899493677,0,0,1,0,0,0,0,0,0,-1,0,0,0,0,0
1g9b,A,926,SER,-0.8,89.0,0.0,1,1,E,0.0,-132.7,154.5,21.0,18.0,0.5384615384615384,6.247776127980901,39,9,17,-8,0.05502036118606539,0,0,1,0,0,0,0,0,0,-1,0,0,0,0,0
1g9b,A,927,VAL,4.2,140.0,0.0,0,0,E,0.0,-132.2,133.2,13.0,26.0,0.3333333333333333,8.181718752909392,38,9,4,5,0.05408781269138631,0,0,1,0,0,0,0,0,0,-1,0,0,0,0,0
1g9b,A,928,SER,-0.8,89.0,0.0,1,1,E,0.0,-136.0,144.9,23.0,20.0,0.5348837209302325,6.561286093343398,38,20,3,17,0.05408781269138631,0,0,1,0,0,0,0,0,0,-1,0,0,0,0,0
1g9b,A,929,PHE,2.8,189.9,0.0,0,0,E,0.0,-172.2,161.8,19.0,20.0,0.48717948717948717,7.933268755521934,37,14,0,14,0.053621538444046775,0,0,1,0,0,0,0,0,0,-1,0,0,0,0,0
1g9b,A,930,TRP,-0.9,227.8,0.0,1,0,E,0.048458149779735685,-105.0,147.3,16.0,19.0,0.45714285714285713,2.5517291053646933,37,35,0,35,0.05502036118606539,0,0,1,0,0,0,0,0,0,-1,0,0,0,0,0
1g9b,A,931,ILE,4.5,166.7,0.0,0,0,E,0.0,-144.8,152.6,18.0,18.0,0.5,6.030818079596109,37,22,0,22,0.0526889899493677,0,0,1,0,0,0,0,0,0,-1,0,0,0,0,0
1g9b,A,932,ARG,-4.5,173.4,1.0,5,0,E,0.036290322580645164,-135.4,110.1,17.0,18.0,0.4857142857142857,3.6309782553316867,33,22,19,3,0.053621538444046775,0,0,1,0,0,0,0,0,0,-1,0,0,0,0,0
1g9b,A,933,ILE,4.5,166.7,0.0,0,0,-,0.005917159763313609,-104.3,121.5,16.0,22.0,0.42105263157894735,3.9804455655776123,40,30,3,27,0.05129016720734909,0,0,0,0,0,0,0,0,0,-1,0,0,0,0,0
1g9b,A,934,PRO,-1.6,112.7,0.0,0,0,P,0.08823529411764706,-61.0,156.0,17.0,15.0,0.53125,2.295218907792953,32,36,16,20,0.05175644145468863,0,0,0,0,0,0,0,0,0,31,83,12,0,12,1
1g9b,A,935,LYS,-3.9,168.6,1.0,2,0,P,0.05365853658536585,-67.8,151.8,20.0,17.0,0.5405405405405406,2.3866380445970696,36,12,19,-7,0.048492521723311866,0,0,0,0,0,0,0,0,0,-1,0,0,0,0,0
1g9b,A,936,TYR,-1.3,193.6,0.0,1,1,P,0.013513513513513514,-65.3,152.1,21.0,16.0,0.5675675675675675,4.057913103657925,34,21,11,10,0.043363505002576956,0,0,0,0,0,0,0,0,0,-1,0,0,0,0,0
1g9b,A,937,LYS,-3.9,168.6,1.0,2,0,P,0.3902439024390244,-83.7,130.3,10.0,17.0,0.37037037037037035,2.0412015493168583,23,10,23,-13,0.03590311704514436,0,0,0,0,0,0,0,0,0,31,83,12,0,12,1
1g9b,A,938,ASN,-3.5,114.1,0.0,2,2,G,0.12101910828025478,-53.9,-41.5,10.0,15.0,0.4,2.0206064125184757,22,17,16,1,0.03916703677652112,0,0,0,1,0,0,0,0,0,98,0,9,0,0,1
1g9b,A,939,ASP,-3.5,111.1,-1.0,1,3,G,0.9447852760736196,-89.1,17.2,0.0,19.0,0.0,1.6721683733034616,16,10,4,6,0.02144861537761871,0,0,0,1,0,0,0,0,0,98,0,9,0,0,1
1g9b,A,940,GLY,-0.4,60.1,0.0,0,0,G,0.17857142857142858,-132.6,24.0,12.0,10.0,0.5454545454545454,1.8903804844741958,22,16,14,2,0.03170664881908853,0,0,0,1,0,0,0,0,0,60,52,7,0,3,1
1g9b,A,941,ILE,4.5,166.7,0.0,0,0,H,0.07100591715976332,-65.0,-33.4,10.0,14.0,0.4166666666666667,3.031289635633245,23,24,8,16,0.04429605349725603,1,0,0,0,0,0,0,0,0,60,52,7,0,3,1
1g9b,A,942,GLN,-3.5,143.8,0.0,2,2,H,0.5404040404040404,-62.4,-49.8,1.0,19.0,0.05,1.84539194904972,16,17,5,12,0.03124037457174899,1,0,0,0,0,0,0,0,0,60,52,7,0,3,1
1g9b,A,943,ASN,-3.5,114.1,0.0,2,2,H,0.6305732484076433,-68.5,-32.3,10.0,12.0,0.45454545454545453,1.7667314870771236,19,20,25,-5,0.03357174580844668,1,0,0,0,0,0,0,0,0,60,52,7,0,3,1
1g9b,A,944,TYR,-1.3,193.6,0.0,1,1,H,0.1036036036036036,-62.6,-47.5,16.0,14.0,0.5333333333333333,2.391501888190438,31,36,13,23,0.04289723075523742,1,0,0,0,0,0,0,0,0,60,52,7,0,3,1
1g9b,A,945,ILE,4.5,166.7,0.0,0,0,H,0.1893491124260355,-77.7,-19.7,9.0,19.0,0.32142857142857145,2.064851736506421,22,31,7,24,0.04476232774459557,1,0,0,0,0,0,0,0,0,60,52,7,0,3,1
1g9b,A,946,HIS,-3.2,153.2,0.1,2,1,H,0.75,-97.6,-39.1,6.0,14.0,0.3,1.8501932198941375,14,11,16,-5,0.03124037457174899,1,0,0,0,0,0,0,0,0,60,52,7,0,3,1
1g9b,A,947,ASN,-3.5,114.1,0.0,2,2,-,0.19745222929936307,-86.1,108.1,14.0,10.0,0.5833333333333334,1.9447896924991532,20,21,26,-5,0.03870076252918159,0,0,0,0,0,0,0,0,0,60,52,7,0,3,1
1g9b,A,948,GLU,-3.5,138.4,-1.0,1,3,E,0.42783505154639173,-85.6,139.4,6.0,19.0,0.24,1.7829400821420067,24,35,14,21,0.04103213376587927,0,0,1,0,0,0,0,0,0,60,52,7,0,3,1
1g9b,A,949,TYR,-1.3,193.6,0.0,1,1,E,0.04504504504504504,-138.8,142.0,19.0,14.0,0.5757575757575758,2.5012066890077826,35,24,28,-4,0.04476232774459557,0,0,1,0,0,0,0,0,0,-1,0,0,0,0,0
1g9b,A,950,THR,-0.7,116.1,0.0,1,1,E,0.14788732394366197,-77.3,148.9,12.0,20.0,0.375,2.237197692196789,27,21,20,1,0.04662742473395372,0,0,1,0,0,0,0,0,0,-1,0,0,0,0,0
1g9b,A,951,ILE,4.5,166.7,0.0,0,0,E,0.0,-124.7,-31.8,18.0,21.0,0.46153846153846156,3.7767572339123534,38,19,12,7,0.048958795970651406,0,0,1,0,0,0,0,0,0,-1,0,0,0,0,0
1g9b,A,952,ILE,4.5,166.7,0.0,0,0,E,0.0,-137.6,122.3,15.0,19.0,0.4411764705882353,3.5865113407280065,36,15,7,8,0.048492521723311866,0,0,1,0,0,0,0,0,0,-1,0,0,0,0,0
1g9b,A,953,ASN,-3.5,114.1,0.0,2,2,E,0.34394904458598724,-126.7,129.6,13.0,22.0,0.37142857142857144,1.8375248172547844,30,19,15,4,0.04755997322863279,0,0,1,0,0,0,0,0,0,-1,0,0,0,0,0
1g9b,A,954,CYS,2.5,108.5,0.0,1,0,E,0.0,-133.1,93.6,17.0,16.0,0.5151515151515151,3.0497575977133864,34,17,8,9,0.04616115048661418,0,0,1,0,0,0,0,0,0,-1,0,0,0,0,0
1g9b,A,955,MET,1.9,162.9,0.0,0,0,E,0.3191489361702128,-124.0,150.9,11.0,17.0,0.39285714285714285,1.9445189982203182,25,18,11,7,0.045228601991935104,0,0,1,0,0,0,0,0,0,102,0,22,0,0,1
1g9b,A,956,LYS,-3.9,168.6,1.0,2,0,E,0.2731707317073171,-154.6,116.8,11.0,15.0,0.4230769230769231,2.108070403755337,22,0,12,-12,0.03403802005578621,0,0,1,0,0,0,0,0,0,102,0,22,0,0,1
1g9b,A,957,ASN,-3.5,114.1,0.0,2,2,T,0.8280254777070064,59.7,40.6,8.0,11.0,0.42105263157894735,1.7644008241093756,17,9,7,2,0.02144861537761871,0,0,0,0,0,1,0,0,0,102,0,22,0,0,1
1g9b,A,958,ASN,-3.5,114.1,0.0,2,2,T,0.8726114649681529,63.7,20.8,5.0,17.0,0.22727272727272727,1.7221377759707754,17,10,7,3,0.028909003335051305,0,0,0,0,0,1,0,0,0,102,0,22,0,0,1
1g9b,A,959,SER,-0.8,89.0,0.0,1,1,E,0.0,-128.0,146.1,11.0,17.0,0.39285714285714285,3.063277124995117,28,17,18,-1,0.04476232774459557,0,0,1,0,0,0,0,0,0,102,0,22,0,0,1
1g9b,A,960,GLY,-0.4,60.1,0.0,0,0,E,0.0,153.3,-157.0,14.0,21.0,0.4,5.274879199942828,36,26,17,9,0.04989134446533048,0,0,1,0,0,0,0,0,0,-1,0,0,0,0,0
1g9b,A,961,TRP,-0.9,227.8,0.0,1,0,E,0.004405286343612335,-138.9,166.1,17.0,26.0,0.3953488372093023,5.845150683564789,38,11,4,7,0.05129016720734909,0,0,1,0,0,0,0,0,0,-1,0,0,0,0,0
1g9b,A,962,LYS,-3.9,168.6,1.0,2,0,E,0.23902439024390243,-160.6,153.1,19.0,21.0,0.475,3.5126396727299585,29,4,9,-5,0.05129016720734909,0,0,1,0,0,0,0,0,0,-1,0,0,0,0,0
1g9b,A,963,ILE,4.5,166.7,0.0,0,0,E,0.0,-114.1,128.5,17.0,21.0,0.4473684210526316,6.322586057945666,38,15,3,12,0.05175644145468863,0,0,1,0,0,0,0,0,0,-1,0,0,0,0,0
1g9b,A,964,SER,-0.8,89.0,0.0,1,1,E,0.0,-135.9,173.0,16.0,19.0,0.45714285714285713,4.274168122464502,34,28,14,14,0.04755997322863279,0,0,1,0,0,0,0,0,0,-1,0,0,0,0,0
1g9b,A,965,ILE,4.5,166.7,0.0,0,0,E,0.0,-138.4,138.3,17.0,22.0,0.4358974358974359,3.780969784211632,38,27,14,13,0.048026247475972325,0,0,1,0,0,0,0,0,0,-1,0,0,0,0,0
1g9b,A,966,ARG,-4.5,173.4,1.0,5,0,E,0.3387096774193548,-132.4,98.4,9.0,23.0,0.28125,2.1819277840742526,22,21,17,4,0.04942507021799094,0,0,1,0,0,0,0,0,0,60,52,7,0,3,1
1g9b,A,967,GLY,-0.4,60.1,0.0,0,0,T,0.011904761904761904,61.8,-115.3,15.0,23.0,0.39473684210526316,1.8215413488713907,34,32,18,14,0.04755997322863279,0,0,0,0,0,1,0,0,0,60,52,7,0,3,1
1g9b,A,968,ASN,-3.5,114.1,0.0,2,2,T,0.08917197452229299,-93.8,16.4,14.0,19.0,0.42424242424242425,2.556638447773064,30,26,9,17,0.04616115048661418,0,0,0,0,0,1,0,0,0,-1,0,0,0,0,0
1g9b,A,969,ARG,-4.5,173.4,1.0,5,0,E,0.21370967741935484,-120.2,131.8,13.0,17.0,0.43333333333333335,2.5863376145755677,25,15,17,-2,0.04755997322863279,0,0,1,0,0,0,0,0,0,16,199,17,0,42,1
1g9b,A,970,ILE,4.5,166.7,0.0,0,0,E,0.011834319526627219,-106.8,132.3,20.0,18.0,0.5263157894736842,6.328574113872948,35,20,12,8,0.048492521723311866,0,0,1,0,0,0,0,0,0,-1,0,0,0,0,0
1g9b,A,971,ILE,4.5,166.7,0.0,0,0,E,0.07100591715976332,-120.3,137.4,15.0,20.0,0.42857142857142855,3.298234611185646,31,33,14,19,0.050823892960009553,0,0,1,0,0,0,0,0,0,-1,0,0,0,0,0
1g9b,A,972,TRP,-0.9,227.8,0.0,1,0,E,0.00881057268722467,-110.2,122.3,18.0,23.0,0.43902439024390244,6.759848499529999,39,18,0,18,0.04755997322863279,0,0,1,0,0,0,0,0,0,-1,0,0,0,0,0
1g9b,A,973,THR,-0.7,116.1,0.0,1,1,E,0.07042253521126761,-125.0,137.6,17.0,21.0,0.4473684210526316,3.3594260048752846,34,18,5,13,0.04429605349725603,0,0,1,0,0,0,0,0,0,-1,0,0,0,0,0
1g9b,A,974,LEU,3.8,166.7,0.0,0,0,E,0.006097560975609756,-117.4,147.0,24.0,18.0,0.5714285714285714,4.9425692723346994,39,30,15,15,0.05129016720734909,0,0,1,0,0,0,0,0,0,5,1372,11,0,202,1
1g9b,A,975,ILE,4.5,166.7,0.0,0,0,E,0.1834319526627219,-140.3,103.7,11.0,19.0,0.36666666666666664,3.2416819805975634,28,33,12,21,0.04709369898129325,0,0,1,0,0,0,0,0,0,5,1372,11,0,202,1
1g9b,A,976,ASP,-3.5,111.1,-1.0,1,3,-,0.0,-70.9,172.0,13.0,17.0,0.43333333333333335,2.9052183416021666,26,29,14,15,0.050823892960009553,0,0,0,0,0,0,0,0,0,5,1372,11,0,202,1
1g9b,A,977,ILE,4.5,166.7,0.0,0,0,T,0.4556213017751479,-52.3,-21.6,5.0,17.0,0.22727272727272727,1.9969468304141145,20,21,18,3,0.03870076252918159,0,0,0,0,0,1,0,0,0,-1,0,0,0,0,0
1g9b,A,978,ASN,-3.5,114.1,0.0,2,2,T,0.7707006369426752,-87.2,-25.7,6.0,11.0,0.35294117647058826,1.7933444380582093,15,18,19,-1,0.02611135785101408,0,0,0,0,0,1,0,0,0,-1,0,0,0,0,0
1g9b,A,979,GLY,-0.4,60.1,0.0,0,0,-,0.4880952380952381,111.6,-2.1,0.0,22.0,0.0,1.754762245102306,19,20,14,6,0.028909003335051305,0,0,0,0,0,0,0,0,0,-1,0,0,0,0,0
1g9b,A,980,LYS,-3.9,168.6,1.0,2,0,-,0.4146341463414634,-63.0,146.1,11.0,10.0,0.5238095238095238,2.1441111990834605,21,24,21,3,0.032639197313767604,0,0,0,0,0,0,0,0,0,5,1372,11,0,202,1
1g9b,A,981,THR,-0.7,116.1,0.0,1,1,E,0.5422535211267606,-127.4,146.8,6.0,20.0,0.23076923076923078,1.8164414697477735,25,23,13,10,0.032172923066428064,0,0,1,0,0,0,0,0,0,5,1372,11,0,202,1
1g9b,A,982,LYS,-3.9,168.6,1.0,2,0,E,0.2634146341463415,-147.3,141.8,16.0,13.0,0.5517241379310345,2.258540283759144,27,17,21,-4,0.03730193978716297,0,0,1,0,0,0,0,0,0,5,1372,11,0,202,1
1g9b,A,983,SER,-0.8,89.0,0.0,1,1,E,0.4076923076923077,-135.0,158.3,10.0,20.0,0.3333333333333333,1.7844893945286604,27,24,7,17,0.03450429430312575,0,0,1,0,0,0,0,0,0,5,1372,11,0,202,1
1g9b,A,984,VAL,4.2,140.0,0.0,0,0,E,0.02112676056338028,-143.2,145.0,16.0,15.0,0.5161290322580645,2.7203623938715262,32,22,10,12,0.04243095650789788,0,0,1,0,0,0,0,0,0,-1,0,0,0,0,0
1g9b,A,985,PHE,2.8,189.9,0.0,0,0,E,0.41624365482233505,-148.6,165.5,15.0,17.0,0.46875,2.003906532156573,24,23,16,7,0.04149840801321881,0,0,1,0,0,0,0,0,0,16,199,17,0,42,1
1g9b,A,986,PHE,2.8,189.9,0.0,0,0,E,0.06091370558375635,-129.8,127.4,18.0,15.0,0.5454545454545454,2.6013415985507917,32,16,18,-2,0.04476232774459557,0,0,1,0,0,0,0,0,0,16,199,17,0,42,1
1g9b,A,987,GLU,-3.5,138.4,-1.0,1,3,E,0.4536082474226804,-124.4,124.0,7.0,16.0,0.30434782608695654,1.7843071898703862,22,23,6,17,0.03823448828184205,0,0,1,0,0,0,0,0,0,16,199,17,0,42,1
1g9b,A,988,TYR,-1.3,193.6,0.0,1,1,-,0.018018018018018018,-96.4,147.6,15.0,13.0,0.5357142857142857,3.1602304246594795,28,19,20,-1,0.03870076252918159,0,0,0,0,0,0,0,0,0,16,199,17,0,42,1
1g9b,A,989,ASN,-3.5,114.1,0.0,2,2,-,0.5031847133757962,-66.2,138.8,8.0,14.0,0.36363636363636365,1.7844004037812258,21,13,25,-12,0.032172923066428064,0,0,0,0,0,0,0,0,0,33,56,16,0,10,1
1g9b,A,990,ILE,4.5,166.7,0.0,0,0,S,0.07692307692307693,-114.7,25.2,17.0,14.0,0.5483870967741935,2.599981894873435,29,25,21,4,0.04755997322863279,0,0,0,0,0,0,1,0,0,33,56,16,0,10,1
1g9b,A,991,ARG,-4.5,173.4,1.0,5,0,S,0.5,-126.8,12.8,4.0,18.0,0.18181818181818182,1.907525973298804,19,8,17,-9,0.03730193978716297,0,0,0,0,0,0,1,0,0,33,56,16,0,10,1
1g9b,A,992,GLU,-3.5,138.4,-1.0,1,3,-,0.4896907216494845,-79.5,142.2,9.0,11.0,0.45,2.037378037893934,20,24,15,9,0.03590311704514436,0,0,0,0,0,0,0,0,0,33,56,16,0,10,1
1g9b,A,993,ASP,-3.5,111.1,-1.0,1,3,S,0.3128834355828221,-58.6,-42.2,7.0,17.0,0.2916666666666667,2.1218872586791226,26,49,15,34,0.03916703677652112,0,0,0,0,0,0,1,0,0,91,0,19,0,0,1
1g9b,A,994,ILE,4.5,166.7,0.0,0,0,S,0.08875739644970414,-138.2,118.5,11.0,20.0,0.3548387096774194,2.5253168827726356,31,38,30,8,0.04149840801321881,0,0,0,0,0,0,1,0,0,33,56,16,0,10,1
1g9b,A,995,SER,-0.8,89.0,0.0,1,1,-,0.1,-97.0,144.7,19.0,9.0,0.6785714285714286,2.227619182412987,28,30,25,5,0.04196468226055834,0,0,0,0,0,0,0,0,0,41,24,24,0,6,1
1g9b,A,996,GLU,-3.5,138.4,-1.0,1,3,S,0.6597938144329897,-87.5,-9.4,9.0,20.0,0.3103448275862069,1.761096868602972,24,16,10,6,0.03357174580844668,0,0,0,0,0,0,1,0,0,41,24,24,0,6,1
1g9b,A,997,TYR,-1.3,193.6,0.0,1,1,S,0.18468468468468469,-115.9,-40.5,16.0,18.0,0.47058823529411764,2.8151068893934217,27,15,22,-7,0.04289723075523742,0,0,0,0,0,0,1,0,0,41,24,24,0,6,1
1g9b,A,998,ILE,4.5,166.7,0.0,0,0,T,0.029585798816568046,-56.5,114.5,18.0,18.0,0.5,4.886635493057782,34,33,15,18,0.050823892960009553,0,0,0,0,0,1,0,0,0,-1,0,0,0,0,0
1g9b,A,999,ASN,-3.5,114.1,0.0,2,2,T,0.0,66.6,13.6,16.0,19.0,0.45714285714285713,5.305658172997369,35,33,23,10,0.05455408693872585,0,0,0,0,0,1,0,0,0,-1,0,0,0,0,0
1g9b,A,1000,ARG,-4.5,173.4,1.0,5,0,S,0.06451612903225806,-116.4,138.2,16.0,17.0,0.48484848484848486,2.473020474660278,34,14,20,-6,0.05548663543340492,0,0,0,0,0,0,1,0,0,-1,0,0,0,0,0
1g9b,A,1001,TRP,-0.9,227.8,0.0,1,0,-,0.04405286343612335,-57.5,129.1,20.0,17.0,0.5405405405405406,2.1709792377015056,37,38,8,30,0.05175644145468863,0,0,0,0,0,0,0,0,0,71,6,21,0,1,1
1g9b,A,1002,PHE,2.8,189.9,0.0,0,0,E,0.0,-142.0,159.1,15.0,23.0,0.39473684210526316,3.7077250875341523,34,18,8,10,0.05035761871267001,0,0,1,0,0,0,0,0,0,-1,0,0,0,0,0
1g9b,A,1003,PHE,2.8,189.9,0.0,0,0,E,0.0,-99.8,124.6,18.0,23.0,0.43902439024390244,4.698274255946327,35,28,12,16,0.0526889899493677,0,0,1,0,0,0,0,0,0,-1,0,0,0,0,0
1g9b,A,1004,VAL,4.2,140.0,0.0,0,0,E,0.007042253521126761,-112.3,143.0,22.0,19.0,0.5365853658536586,7.784265814995604,39,12,2,10,0.05222271570202816,0,0,1,0,0,0,0,0,0,-1,0,0,0,0,0
1g9b,A,1005,THR,-0.7,116.1,0.0,1,1,E,0.0,-146.7,125.4,21.0,24.0,0.4666666666666667,6.615153976449491,43,20,9,11,0.05129016720734909,0,0,1,0,0,0,0,0,0,-1,0,0,0,0,0
1g9b,A,1006,ILE,4.5,166.7,0.0,0,0,E,0.01775147928994083,-119.1,124.5,20.0,30.0,0.4,7.484876248093261,39,10,5,5,0.048026247475972325,0,0,1,0,0,0,0,0,0,-1,0,0,0,0,0
1g9b,A,1007,THR,-0.7,116.1,0.0,1,1,E,0.0,-117.9,143.5,19.0,22.0,0.4634146341463415,3.3973420953363997,34,9,17,-8,0.05595290968074446,0,0,1,0,0,0,0,0,0,-1,0,0,0,0,0
1g9b,A,1008,ASN,-3.5,114.1,0.0,2,2,E,0.0,-131.0,135.1,24.0,18.0,0.5714285714285714,4.820464356973498,37,9,18,-9,0.053155264196707235,0,0,1,0,0,0,0,0,0,-1,0,0,0,0,0
1g9b,A,1009,ASN,-3.5,114.1,0.0,2,2,-,0.09554140127388536,-137.3,-168.0,8.0,23.0,0.25806451612903225,2.348411221843279,26,16,25,-9,0.04662742473395372,0,0,0,0,0,0,0,0,0,83,3,8,0,0,1
1g9b,A,1010,LEU,3.8,166.7,0.0,0,0,S,0.573170731707317,-59.5,-45.5,3.0,22.0,0.12,2.0322841913588303,20,11,22,-11,0.03730193978716297,0,0,0,0,0,0,1,0,0,83,3,8,0,0,1
1g9b,A,1011,ASN,-3.5,114.1,0.0,2,2,S,0.4012738853503185,-87.4,-55.9,1.0,18.0,0.05263157894736842,2.218653283102741,19,15,17,-2,0.03310547156110714,0,0,0,0,0,0,1,0,0,83,3,8,0,0,1
1g9b,A,1012,ASN,-3.5,114.1,0.0,2,2,E,0.2356687898089172,-115.3,165.1,8.0,19.0,0.2962962962962963,3.072321199817225,28,19,15,4,0.04429605349725603,0,0,1,0,0,0,0,0,0,83,3,8,0,0,1
1g9b,A,1013,ALA,1.8,88.6,0.0,0,0,E,0.018867924528301886,-124.8,116.7,15.0,22.0,0.40540540540540543,5.460527525544691,31,17,14,3,0.053155264196707235,0,0,1,0,0,0,0,0,0,-1,0,0,0,0,0
1g9b,A,1014,LYS,-3.9,168.6,1.0,2,0,E,0.23414634146341465,-120.0,144.9,20.0,20.0,0.5,3.5679791273728267,30,2,17,-15,0.050823892960009553,0,0,1,0,0,0,0,0,0,-1,0,0,0,0,0
1g9b,A,1015,ILE,4.5,166.7,0.0,0,0,E,0.011834319526627219,-118.2,125.6,17.0,22.0,0.4358974358974359,5.124535566493047,32,15,11,4,0.05455408693872585,0,0,1,0,0,0,0,0,0,-1,0,0,0,0,0
1g9b,A,1016,TYR,-1.3,193.6,0.0,1,1,E,0.05855855855855856,-112.1,138.9,22.0,16.0,0.5789473684210527,3.9429332328533153,31,18,19,-1,0.05222271570202816,0,0,1,0,0,0,0,0,0,50,24,21,0,5,1
1g9b,A,1017,ILE,4.5,166.7,0.0,0,0,E,0.005917159763313609,-122.7,122.1,12.0,20.0,0.375,2.849126933062359,29,11,18,-7,0.04942507021799094,0,0,1,0,0,0,0,0,0,-1,0,0,0,0,0
1g9b,A,1018,ASN,-3.5,114.1,0.0,2,2,T,0.2229299363057325,49.9,41.1,9.0,26.0,0.2571428571428571,2.0891440867792346,29,17,24,-7,0.04709369898129325,0,0,0,0,0,1,0,0,0,-1,0,0,0,0,0
1g9b,A,1019,GLY,-0.4,60.1,0.0,0,0,T,0.011904761904761904,84.5,-12.0,13.0,21.0,0.38235294117647056,2.104611500473659,27,22,22,0,0.04989134446533048,0,0,0,0,0,1,0,0,0,50,24,21,0,5,1
1g9b,A,1020,LYS,-3.9,168.6,1.0,2,0,E,0.6390243902439025,-98.1,133.6,5.0,20.0,0.2,2.140954936181563,17,0,17,-17,0.0363693912924839,0,0,1,0,0,0,0,0,0,-1,0,0,0,0,0
1g9b,A,1021,LEU,3.8,166.7,0.0,0,0,E,0.43902439024390244,-68.9,129.6,10.0,15.0,0.4,1.9526387957500124,22,18,10,8,0.03730193978716297,0,0,1,0,0,0,0,0,0,-1,0,0,0,0,0
1g9b,A,1022,GLU,-3.5,138.4,-1.0,1,3,E,0.33505154639175255,-117.7,-35.1,16.0,8.0,0.6666666666666666,1.8446025811653948,21,15,5,10,0.0363693912924839,0,0,1,0,0,0,0,0,0,-1,0,0,0,0,0
1g9b,A,1023,SER,-0.8,89.0,0.0,1,1,E,0.2,-142.0,158.2,18.0,9.0,0.6666666666666666,1.9607309627970924,23,15,15,0,0.03730193978716297,0,0,1,0,0,0,0,0,0,16,199,17,0,42,1
1g9b,A,1024,ASN,-3.5,114.1,0.0,2,2,E,0.49044585987261147,-151.5,138.1,6.0,18.0,0.25,1.801627545442918,20,9,14,-5,0.03403802005578621,0,0,1,0,0,0,0,0,0,-1,0,0,0,0,0
1g9b,A,1025,THR,-0.7,116.1,0.0,1,1,E,0.2535211267605634,-140.3,126.4,18.0,11.0,0.6206896551724138,2.2727064183185943,27,24,11,13,0.03450429430312575,0,0,1,0,0,0,0,0,0,-1,0,0,0,0,0
1g9b,A,1026,ASP,-3.5,111.1,-1.0,1,3,E,0.36809815950920244,-71.4,120.8,2.0,18.0,0.1,1.7815621443185568,18,22,8,14,0.032172923066428064,0,0,1,0,0,0,0,0,0,-1,0,0,0,0,0
1g9b,A,1027,ILE,4.5,166.7,0.0,0,0,-,0.023668639053254437,-120.8,43.5,25.0,4.0,0.8620689655172413,2.645889390220974,31,39,22,17,0.04476232774459557,0,0,0,0,0,0,0,0,0,5,1372,11,0,202,1
1g9b,A,1028,LYS,-3.9,168.6,1.0,2,0,S,0.4926829268292683,-69.3,-43.1,2.0,18.0,0.1,2.007425234032154,15,17,16,1,0.03590311704514436,0,0,0,0,0,0,1,0,0,-1,0,0,0,0,0
1g9b,A,1029,ASP,-3.5,111.1,-1.0,1,3,S,0.48466257668711654,-66.7,-26.8,7.0,15.0,0.3181818181818182,1.7711062910572855,14,36,13,23,0.028909003335051305,0,0,0,0,0,0,1,0,0,-1,0,0,0,0,0
1g9b,A,1030,ILE,4.5,166.7,0.0,0,0,-,0.07100591715976332,-63.0,127.3,23.0,8.0,0.7419354838709677,2.8097895326094497,31,37,30,7,0.04289723075523742,0,0,0,0,0,0,0,0,0,5,1372,11,0,202,1
1g9b,A,1031,ARG,-4.5,173.4,1.0,5,0,-,0.5685483870967742,-90.6,-153.9,6.0,21.0,0.2222222222222222,1.9037203396361178,20,19,25,-6,0.03823448828184205,0,0,0,0,0,0,0,0,0,-1,0,0,0,0,0
1g9b,A,1032,GLU,-3.5,138.4,-1.0,1,3,-,0.26804123711340205,-54.0,134.9,12.0,21.0,0.36363636363636365,2.0459517628678783,25,20,10,10,0.03730193978716297,0,0,0,0,0,0,0,0,0,46,24,21,0,5,1
1g9b,A,1033,VAL,4.2,140.0,0.0,0,0,-,0.056338028169014086,-125.1,118.5,21.0,18.0,0.5384615384615384,2.45791872649809,37,19,21,-2,0.04616115048661418,0,0,0,0,0,0,0,0,0,-1,0,0,0,0,0
1g9b,A,1034,ILE,4.5,166.7,0.0,0,0,-,0.17159763313609466,-81.9,108.5,13.0,21.0,0.38235294117647056,2.3662527896416585,28,13,17,-4,0.045228601991935104,0,0,0,0,0,0,0,0,0,-1,0,0,0,0,0
1g9b,A,1035,ALA,1.8,88.6,0.0,0,0,-,0.05660377358490566,-106.1,6.2,23.0,20.0,0.5348837209302325,2.3621092398307044,38,11,14,-3,0.048492521723311866,0,0,0,0,0,0,0,0,0,-1,0,0,0,0,0
1g9b,A,1036,ASN,-3.5,114.1,0.0,2,2,-,0.08280254777070063,-106.2,25.4,15.0,20.0,0.42857142857142855,2.1233790369421146,28,9,7,2,0.04476232774459557,0,0,0,0,0,0,0,0,0,-1,0,0,0,0,0
1g9b,A,1037,GLY,-0.4,60.1,0.0,0,0,S,0.047619047619047616,-75.8,-172.9,14.0,13.0,0.5185185185185185,2.383287122570301,27,11,9,2,0.04149840801321881,0,0,0,0,0,0,1,0,0,-1,0,0,0,0,0
1g9b,A,1038,GLU,-3.5,138.4,-1.0,1,3,E,0.39690721649484534,-70.8,137.9,9.0,19.0,0.32142857142857145,1.8151011879204135,25,27,3,24,0.04149840801321881,0,0,1,0,0,0,0,0,0,-1,0,0,0,0,0
1g9b,A,1039,ILE,4.5,166.7,0.0,0,0,E,0.0,-97.8,122.9,22.0,14.0,0.6111111111111112,4.516024137801766,34,23,11,12,0.04989134446533048,0,0,1,0,0,0,0,0,0,-1,0,0,0,0,0
1g9b,A,1040,ILE,4.5,166.7,0.0,0,0,E,0.25443786982248523,-111.0,115.6,12.0,21.0,0.36363636363636365,2.1920646672637547,29,31,19,12,0.04616115048661418,0,0,1,0,0,0,0,0,0,-1,0,0,0,0,0
1g9b,A,1041,PHE,2.8,189.9,0.0,0,0,E,0.0,-95.8,112.2,22.0,18.0,0.55,4.963984694042913,35,24,9,15,0.04429605349725603,0,0,1,0,0,0,0,0,0,-1,0,0,0,0,0
1g9b,A,1042,LYS,-3.9,168.6,1.0,2,0,E,0.25853658536585367,-173.8,140.9,17.0,22.0,0.4358974358974359,1.9895584418874408,28,15,8,7,0.04616115048661418,0,0,1,0,0,0,0,0,0,-1,0,0,0,0,0
1g9b,A,1043,LEU,3.8,166.7,0.0,0,0,E,0.042682926829268296,-73.2,116.8,21.0,17.0,0.5526315789473685,2.5451892991296976,36,23,18,5,0.04942507021799094,0,0,1,0,0,0,0,0,0,-1,0,0,0,0,0
1g9b,A,1044,ASP,-3.5,111.1,-1.0,1,3,E,0.5705521472392638,-129.4,102.7,11.0,21.0,0.34375,1.8244229446097484,25,16,15,1,0.02984155182973038,0,0,1,0,0,0,0,0,0,-1,0,0,0,0,0
1g9b,A,1045,GLY,-0.4,60.1,0.0,0,0,E,0.4880952380952381,168.0,-171.8,17.0,8.0,0.68,1.70966725509716,19,10,29,-19,0.03124037457174899,0,0,1,0,0,0,0,0,0,87,4,5,0,0,1
1g9b,A,1046,ASP,-3.5,111.1,-1.0,1,3,S,0.7361963190184049,-84.7,76.7,6.0,15.0,0.2857142857142857,1.672105097268454,16,10,21,-11,0.022847438119637322,0,0,0,0,0,0,1,0,0,87,4,5,0,0,1
1g9b,A,1047,ILE,4.5,166.7,0.0,0,0,-,0.25443786982248523,-99.6,165.0,22.0,9.0,0.7096774193548387,1.854778051179074,23,10,27,-17,0.03776821403450251,0,0,0,0,0,0,0,0,0,87,4,5,0,0,1
1g9b,A,1048,ASP,-3.5,111.1,-1.0,1,3,-,0.49693251533742333,-79.7,144.1,14.0,11.0,0.56,1.8388587697259517,21,21,11,10,0.027510180593032695,0,0,0,0,0,0,0,0,0,87,4,5,0,0,1
1g9b,A,1049,ARG,-4.5,173.4,1.0,5,0,T,0.8830645161290323,-60.3,-16.8,0.0,16.0,0.0,1.8292027286774042,9,3,8,-5,0.022847438119637322,0,0,0,0,0,1,0,0,0,87,4,5,0,0,1
1g9b,A,1050,THR,-0.7,116.1,0.0,1,1,T,0.43661971830985913,-91.4,-6.1,8.0,12.0,0.4,1.8386640143999797,20,22,16,6,0.029375277582390842,0,0,0,0,0,1,0,0,0,87,4,5,0,0,1
1g9b,A,1051,GLN,-3.5,143.8,0.0,2,2,-,0.1717171717171717,-66.7,141.0,20.0,17.0,0.5405405405405406,1.8794407845050058,33,25,18,7,0.04103213376587927,0,0,0,0,0,0,0,0,0,87,4,5,0,0,1
1g9b,A,1052,PHE,2.8,189.9,0.0,0,0,-,0.08121827411167512,-157.5,168.0,14.0,23.0,0.3783783783783784,2.7349868096523404,31,32,23,9,0.045694876239274644,0,0,0,0,0,0,0,0,0,31,83,12,0,12,1
1g9b,A,1053,ILE,4.5,166.7,0.0,0,0,E,0.0,-146.7,138.6,21.0,21.0,0.5,5.488484037437749,40,26,3,23,0.05129016720734909,0,0,1,0,0,0,0,0,0,-1,0,0,0,0,0
1g9b,A,1054,TRP,-0.9,227.8,0.0,1,0,E,0.09691629955947137,-106.2,142.4,19.0,20.0,0.48717948717948717,2.686625114552222,31,34,17,17,0.05408781269138631,0,0,1,0,0,0,0,0,0,-1,0,0,0,0,0
1g9b,A,1055,MET,1.9,162.9,0.0,0,0,E,0.0,-139.7,159.9,19.0,20.0,0.48717948717948717,6.566701289035363,37,25,2,23,0.053155264196707235,0,0,1,0,0,0,0,0,0,-1,0,0,0,0,0
1g9b,A,1056,LYS,-3.9,168.6,1.0,2,0,E,0.14634146341463414,-157.8,145.1,16.0,18.0,0.47058823529411764,3.307194997820481,35,24,2,22,0.05222271570202816,0,0,1,0,0,0,0,0,0,-1,0,0,0,0,0
1g9b,A,1057,TYR,-1.3,193.6,0.0,1,1,E,0.1036036036036036,55.7,50.2,18.0,20.0,0.47368421052631576,3.6192067869624442,34,37,8,29,0.05408781269138631,0,0,1,0,0,0,0,0,0,-1,0,0,0,0,0
1g9b,A,1058,PHE,2.8,189.9,0.0,0,0,E,0.005076142131979695,-74.4,126.3,16.0,22.0,0.42105263157894735,8.922504036107258,39,17,4,13,0.05408781269138631,0,0,1,0,0,0,0,0,0,-1,0,0,0,0,0
1g9b,A,1059,SER,-0.8,89.0,0.0,1,1,E,0.0,-147.9,152.8,15.0,20.0,0.42857142857142855,6.840887429618143,40,20,8,12,0.05222271570202816,0,0,1,0,0,0,0,0,0,-1,0,0,0,0,0
1g9b,A,1060,ILE,4.5,166.7,0.0,0,0,E,0.0,-125.0,136.4,14.0,24.0,0.3684210526315789,7.222095115824567,42,5,7,-2,0.0526889899493677,0,0,1,0,0,0,0,0,0,-1,0,0,0,0,0
1g9b,A,1061,PHE,2.8,189.9,0.0,0,0,E,0.01015228426395939,-115.0,135.0,23.0,16.0,0.5897435897435898,4.086370851937949,37,7,18,-11,0.053155264196707235,0,0,1,0,0,0,0,0,0,61,13,22,0,3,1
1g9b,A,1062,ASN,-3.5,114.1,0.0,2,2,S,0.17197452229299362,-85.7,34.3,14.0,20.0,0.4117647058823529,2.1950594619310704,29,0,14,-14,0.04616115048661418,0,0,0,0,0,0,1,0,0,-1,0,0,0,0,0
1g9b,A,1063,THR,-0.7,116.1,0.0,1,1,S,0.2112676056338028,-155.2,161.2,11.0,21.0,0.34375,2.566889647310395,28,0,19,-19,0.04196468226055834,0,0,0,0,0,0,1,0,0,61,13,22,0,3,1
1g9b,A,1064,GLU,-3.5,138.4,-1.0,1,3,P,0.33505154639175255,-82.5,118.0,15.0,19.0,0.4411764705882353,1.8289683099507361,29,9,8,1,0.04243095650789788,0,0,0,0,0,0,0,0,0,61,13,22,0,3,1
1g9b,A,1065,LEU,3.8,166.7,0.0,0,0,P,0.03048780487804878,-74.1,146.4,23.0,11.0,0.6764705882352942,2.5031417886425595,32,13,21,-8,0.043829779249916496,0,0,0,0,0,0,0,0,0,61,13,22,0,3,1
1g9b,A,1066,SER,-0.8,89.0,0.0,1,1,P,0.4,-89.3,162.1,4.0,21.0,0.16,2.2344478158308414,18,8,23,-15,0.03124037457174899,0,0,0,0,0,0,0,0,0,61,13,22,0,3,1
1g9b,A,1067,GLN,-3.5,143.8,0.0,2,2,H,0.4595959595959596,-55.8,-33.5,3.0,20.0,0.13043478260869565,2.0268881284840443,23,15,18,-3,0.03310547156110714,1,0,0,0,0,0,0,0,0,50,24,21,0,5,1
1g9b,A,1068,SER,-0.8,89.0,0.0,1,1,H,0.5692307692307692,-70.7,-40.8,1.0,16.0,0.058823529411764705,1.7396151834115947,14,11,20,-9,0.02797645484037223,1,0,0,0,0,0,0,0,0,50,24,21,0,5,1
1g9b,A,1069,ASN,-3.5,114.1,0.0,2,2,H,0.29936305732484075,-63.9,-39.9,13.0,12.0,0.52,1.8151069462973504,26,11,24,-13,0.03450429430312575,1,0,0,0,0,0,0,0,0,61,13,22,0,3,1
1g9b,A,1070,ILE,4.5,166.7,0.0,0,0,H,0.005917159763313609,-69.5,-43.0,21.0,13.0,0.6176470588235294,3.788307993052605,32,24,22,2,0.05035761871267001,1,0,0,0,0,0,0,0,0,50,24,21,0,5,1
1g9b,A,1071,GLU,-3.5,138.4,-1.0,1,3,H,0.25773195876288657,-59.2,-46.4,6.0,19.0,0.24,2.216066265226423,23,22,9,13,0.040565859518539735,1,0,0,0,0,0,0,0,0,50,24,21,0,5,1
1g9b,A,1072,GLU,-3.5,138.4,-1.0,1,3,H,0.5360824742268041,-61.8,-43.5,9.0,17.0,0.34615384615384615,1.817466566630877,23,27,10,17,0.03403802005578621,1,0,0,0,0,0,0,0,0,34,21,33,0,10,1
1g9b,A,1073,ARG,-4.5,173.4,1.0,5,0,H,0.04838709677419355,-63.6,-39.8,23.0,12.0,0.6571428571428571,2.546950232361523,39,18,23,-5,0.04243095650789788,1,0,0,0,0,0,0,0,0,73,3,31,0,1,1
1g9b,A,1074,TYR,-1.3,193.6,0.0,1,1,H,0.16216216216216217,-59.4,-48.1,18.0,13.0,0.5806451612903226,3.0948685148101736,31,23,16,7,0.05035761871267001,1,0,0,0,0,0,0,0,0,-1,0,0,0,0,0
1g9b,A,1075,LYS,-3.9,168.6,1.0,2,0,H,0.3951219512195122,-66.5,-37.5,7.0,15.0,0.3181818181818182,2.0589215330792423,23,7,24,-17,0.04103213376587927,1,0,0,0,0,0,0,0,0,34,21,33,0,10,1
1g9b,A,1076,ILE,4.5,166.7,0.0,0,0,H,0.22485207100591717,-66.6,-45.1,14.0,12.0,0.5384615384615384,1.9933419261162417,24,32,28,4,0.03916703677652112,1,0,0,0,0,0,0,0,0,34,21,33,0,10,1
1g9b,A,1077,GLN,-3.5,143.8,0.0,2,2,H,0.06060606060606061,-79.4,-12.2,20.0,12.0,0.625,3.158051644126256,35,39,14,25,0.045694876239274644,1,0,0,0,0,0,0,0,0,34,21,33,0,10,1
1g9b,A,1078,SER,-0.8,89.0,0.0,1,1,H,0.07692307692307693,-85.5,-23.3,16.0,17.0,0.48484848484848486,1.8968418373913225,28,25,9,16,0.04243095650789788,1,0,0,0,0,0,0,0,0,20,115,27,0,38,1
1g9b,A,1079,TYR,-1.3,193.6,0.0,1,1,-,0.6576576576576577,-60.3,138.6,8.0,16.0,0.3333333333333333,1.83100557240914,22,18,16,2,0.030774100324409453,0,0,0,0,0,0,0,0,0,20,115,27,0,38,1
1g9b,A,1080,SER,-0.8,89.0,0.0,1,1,-,0.09230769230769231,-162.6,152.8,16.0,9.0,0.64,1.9714791683433888,27,30,15,15,0.02797645484037223,0,0,0,0,0,0,0,0,0,20,115,27,0,38,1
1g9b,A,1081,GLU,-3.5,138.4,-1.0,1,3,S,0.5824742268041238,-79.1,-20.5,3.0,15.0,0.16666666666666666,1.7847652715616193,13,23,10,13,0.03170664881908853,0,0,0,0,0,0,1,0,0,20,115,27,0,38,1
1g9b,A,1082,TYR,-1.3,193.6,0.0,1,1,B,0.24774774774774774,-101.8,162.4,11.0,16.0,0.4074074074074074,2.355487204656977,24,35,18,17,0.04243095650789788,0,1,0,0,0,0,0,0,0,20,115,27,0,38,1
1g9b,A,1083,LEU,3.8,166.7,0.0,0,0,-,0.018292682926829267,-83.9,171.0,23.0,14.0,0.6216216216216216,2.602245579812345,37,33,37,-4,0.05035761871267001,0,0,0,0,0,0,0,0,0,-1,0,0,0,0,0
1g9b,A,1084,LYS,-3.9,168.6,1.0,2,0,B,0.14146341463414633,-124.9,164.6,13.0,23.0,0.3611111111111111,2.0330869123735584,38,12,17,-5,0.04989134446533048,0,1,0,0,0,0,0,0,0,-1,0,0,0,0,0
1g9b,A,1085,ASP,-3.5,111.1,-1.0,1,3,-,0.006134969325153374,-96.3,-179.4,20.0,15.0,0.5714285714285714,3.4320711040161527,34,33,5,28,0.05548663543340492,0,0,0,0,0,0,0,0,0,-1,0,0,0,0,0
1g9b,A,1086,PHE,2.8,189.9,0.0,0,0,T,0.015228426395939087,-52.6,-36.3,20.0,19.0,0.5128205128205128,4.392976154620996,35,26,18,8,0.05175644145468863,0,0,0,0,0,1,0,0,0,-1,0,0,0,0,0
1g9b,A,1087,TRP,-0.9,227.8,0.0,1,0,T,0.004405286343612335,-81.5,-9.8,19.0,18.0,0.5135135135135135,4.050797911064082,36,34,23,11,0.05408781269138631,0,0,0,0,0,1,0,0,0,-1,0,0,0,0,0
1g9b,A,1088,GLY,-0.4,60.1,0.0,0,0,S,0.11904761904761904,96.6,6.0,17.0,20.0,0.4594594594594595,2.5124499306027457,34,37,11,26,0.048958795970651406,0,0,0,0,0,0,1,0,0,71,6,21,0,1,1
1g9b,A,1089,ASN,-3.5,114.1,0.0,2,2,S,0.1337579617834395,-88.2,164.4,11.0,22.0,0.3333333333333333,2.0821673926983797,29,40,12,28,0.04476232774459557,0,0,0,0,0,0,1,0,0,71,6,21,0,1,1
1g9b,A,1090,PRO,-1.6,112.7,0.0,0,0,B,0.08088235294117647,-57.0,136.8,13.0,19.0,0.40625,2.0717268488542024,30,33,17,16,0.043363505002576956,0,1,0,0,0,0,0,0,0,86,1,16,0,0,1
1g9b,A,1091,LEU,3.8,166.7,0.0,0,0,P,0.0,-75.3,139.0,22.0,13.0,0.6285714285714286,4.294584144713672,37,27,22,5,0.0526889899493677,0,0,0,0,0,0,0,0,0,86,1,16,0,0,1
1g9b,A,1092,MET,1.9,162.9,0.0,0,0,E,0.23404255319148937,-123.1,155.7,11.0,21.0,0.34375,3.1271395749561095,27,29,28,1,0.048026247475972325,0,0,1,0,0,0,0,0,0,86,1,16,0,0,1
1g9b,A,1093,TYR,-1.3,193.6,0.0,1,1,E,0.0045045045045045045,-85.4,157.2,16.0,18.0,0.47058823529411764,2.9132134424864797,30,42,25,17,0.0526889899493677,0,0,1,0,0,0,0,0,0,-1,0,0,0,0,0
1g9b,A,1094,ASN,-3.5,114.1,0.0,2,2,T,0.1592356687898089,56.2,38.9,8.0,20.0,0.2857142857142857,2.1232363573199504,23,30,31,-1,0.04616115048661418,0,0,0,0,0,1,0,0,0,-1,0,0,0,0,0
1g9b,A,1095,LYS,-3.9,168.6,1.0,2,0,-,0.3804878048780488,-130.5,127.9,14.0,15.0,0.4827586206896552,2.2546991260570133,26,14,27,-13,0.040099585271200194,0,0,0,0,0,0,0,0,0,58,24,13,0,3,1
1g9b,A,1096,GLU,-3.5,138.4,-1.0,1,3,E,0.5412371134020618,-67.4,129.5,9.0,20.0,0.3103448275862069,1.7426721170348036,24,31,10,21,0.04243095650789788,0,0,1,0,0,0,0,0,0,58,24,13,0,3,1
1g9b,A,1097,TYR,-1.3,193.6,0.0,1,1,E,0.0045045045045045045,-137.0,140.6,21.0,14.0,0.6,3.8699687382472945,37,26,24,2,0.05035761871267001,0,0,1,0,0,0,0,0,0,-1,0,0,0,0,0
1g9b,A,1098,TYR,-1.3,193.6,0.0,1,1,E,0.12612612612612611,-90.7,157.9,16.0,18.0,0.47058823529411764,3.0134586807308597,29,24,26,-2,0.05222271570202816,0,0,1,0,0,0,0,0,0,9,532,18,0,108,1
1g9b,A,1099,MET,1.9,162.9,0.0,0,0,E,0.031914893617021274,-107.5,140.8,22.0,22.0,0.5,8.192957030457322,41,14,10,4,0.0526889899493677,0,0,1,0,0,0,0,0,0,-1,0,0,0,0,0
1g9b,A,1100,PHE,2.8,189.9,0.0,0,0,E,0.030456852791878174,-119.5,141.9,18.0,26.0,0.4090909090909091,4.436070873937066,36,23,7,16,0.05222271570202816,0,0,1,0,0,0,0,0,0,-1,0,0,0,0,0
1g9b,A,1101,ASN,-3.5,114.1,0.0,2,2,E,0.012738853503184714,-118.1,115.2,19.0,19.0,0.5,4.26247503964987,37,21,1,20,0.048958795970651406,0,0,1,0,0,0,0,0,0,-1,0,0,0,0,0
1g9b,A,1102,ALA,1.8,88.6,0.0,0,0,T,0.1509433962264151,-61.1,-23.7,16.0,14.0,0.5333333333333333,2.160359608664574,29,24,0,24,0.045694876239274644,0,0,0,0,0,1,0,0,0,43,29,18,0,6,1
1g9b,A,1103,GLY,-0.4,60.1,0.0,0,0,T,0.35714285714285715,-92.5,-13.4,11.0,11.0,0.5,1.9742738270382538,23,18,1,17,0.0363693912924839,0,0,0,0,0,1,0,0,0,43,29,18,0,6,1
1g9b,A,1104,ASN,-3.5,114.1,0.0,2,2,S,0.28662420382165604,-140.2,64.1,20.0,11.0,0.6451612903225806,1.9434916424089546,28,27,6,21,0.03403802005578621,0,0,0,0,0,0,1,0,0,43,29,18,0,6,1
1g9b,A,1105,LYS,-3.9,168.6,1.0,2,0,T,0.4,-42.2,-54.2,9.0,23.0,0.28125,2.263040244943228,27,32,18,14,0.03776821403450251,0,0,0,0,0,1,0,0,0,43,29,18,0,6,1
1g9b,A,1106,ASN,-3.5,114.1,0.0,2,2,T,0.27388535031847133,-81.1,15.3,7.0,19.0,0.2692307692307692,1.8726589577447652,25,36,15,21,0.04289723075523742,0,0,0,0,0,1,0,0,0,91,0,19,0,0,1
1g9b,A,1107,SER,-0.8,89.0,0.0,1,1,E,0.18461538461538463,-114.1,156.1,17.0,19.0,0.4722222222222222,2.8723080874211218,28,29,14,15,0.04289723075523742,0,0,1,0,0,0,0,0,0,-1,0,0,0,0,0
1g9b,A,1108,TYR,-1.3,193.6,0.0,1,1,E,0.16666666666666666,-144.3,160.1,17.0,21.0,0.4473684210526316,3.3812258059159945,29,27,25,2,0.048026247475972325,0,0,1,0,0,0,0,0,0,9,532,18,0,108,1
1g9b,A,1109,ILE,4.5,166.7,0.0,0,0,E,0.03550295857988166,-95.6,134.2,21.0,17.0,0.5526315789473685,5.683032654951894,37,22,21,1,0.05035761871267001,0,0,1,0,0,0,0,0,0,-1,0,0,0,0,0
1g9b,A,1110,LYS,-3.9,168.6,1.0,2,0,E,0.40487804878048783,-138.7,132.2,13.0,17.0,0.43333333333333335,2.7906557839824955,26,16,20,-4,0.043829779249916496,0,0,1,0,0,0,0,0,0,-1,0,0,0,0,0
1g9b,A,1111,LEU,3.8,166.7,0.0,0,0,E,0.11585365853658537,-62.3,122.9,17.0,15.0,0.53125,2.1445694305888168,29,27,25,2,0.04289723075523742,0,0,1,0,0,0,0,0,0,3,1778,12,0,271,1
1g9b,A,1112,LYS,-3.9,168.6,1.0,2,0,-,0.16585365853658537,-65.7,137.1,15.0,9.0,0.625,2.215271731617903,22,28,24,4,0.03776821403450251,0,0,0,0,0,0,0,0,0,-1,0,0,0,0,0
1g9b,A,1113,LYS,-3.9,168.6,1.0,2,0,S,1.0,-51.1,-53.4,0.0,11.0,0.0,1.9115779574931198,10,16,14,2,0.024246260861655933,0,0,0,0,0,0,1,0,0,-1,0,0,0,0,0
1g9b,A,1114,ASP,-3.5,111.1,-1.0,1,3,S,0.8343558282208589,-92.2,-8.5,0.0,10.0,0.0,1.7468110824877807,10,20,5,15,0.01958351838826056,0,0,0,0,0,0,1,0,0,-1,0,0,0,0,0
1g9b,A,1115,SER,-0.8,89.0,0.0,1,1,S,0.25384615384615383,-136.7,153.5,7.0,8.0,0.4666666666666667,1.7396208360114507,16,24,15,9,0.025645083603674543,0,0,0,0,0,0,1,0,0,3,1778,12,0,271,1
1g9b,A,1116,PRO,-1.6,112.7,0.0,0,0,S,0.38235294117647056,-70.8,41.4,11.0,14.0,0.44,2.1432503958789746,24,26,10,16,0.035436842797804825,0,0,0,0,0,0,1,0,0,3,1778,12,0,271,1
1g9b,A,1117,VAL,4.2,140.0,0.0,0,0,S,0.1267605633802817,-129.4,161.0,14.0,16.0,0.4666666666666667,3.27631475205231,29,30,25,5,0.04662742473395372,0,0,0,0,0,0,1,0,0,3,1778,12,0,271,1
1g9b,A,1118,GLY,-0.4,60.1,0.0,0,0,E,0.0,-100.0,111.1,23.0,14.0,0.6216216216216216,5.001755374096366,37,36,24,12,0.05502036118606539,0,0,1,0,0,0,0,0,0,-1,0,0,0,0,0
1g9b,A,1119,GLU,-3.5,138.4,-1.0,1,3,E,0.17010309278350516,-82.9,155.4,10.0,22.0,0.3125,2.430619919108505,26,37,19,18,0.04709369898129325,0,0,1,0,0,0,0,0,0,-1,0,0,0,0,0
1g9b,A,1120,ILE,4.5,166.7,0.0,0,0,E,0.11834319526627218,-110.8,120.9,18.0,15.0,0.5454545454545454,2.565010769299294,29,38,17,21,0.045694876239274644,0,0,1,0,0,0,0,0,0,-1,0,0,0,0,0
1g9b,A,1121,LEU,3.8,166.7,0.0,0,0,E,0.3353658536585366,-117.0,167.4,11.0,14.0,0.44,2.0408257481152665,23,32,19,13,0.034970568550465285,0,0,1,0,0,0,0,0,0,-1,0,0,0,0,0
1g9b,A,1122,THR,-0.7,116.1,0.0,1,1,E,0.6971830985915493,-87.8,129.2,4.0,19.0,0.17391304347826086,1.8607693419398232,18,32,10,22,0.03310547156110714,0,0,1,0,0,0,0,0,0,91,0,19,0,0,1
1g9b,A,1123,ARG,-4.5,173.4,1.0,5,0,P,0.004032258064516129,-59.5,140.8,19.0,8.0,0.7037037037037037,4.479863017248989,28,25,18,7,0.04289723075523742,0,0,0,0,0,0,0,0,0,91,0,19,0,0,1
1g9b,A,1124,SER,-0.8,89.0,0.0,1,1,P,0.3923076923076923,-73.3,171.2,7.0,14.0,0.3333333333333333,2.1635739909912206,21,32,23,9,0.032639197313767604,0,0,0,0,0,0,0,0,0,-1,0,0,0,0,0
1g9b,A,1125,LYS,-3.9,168.6,1.0,2,0,B,0.5024390243902439,-136.0,169.6,12.0,10.0,0.5454545454545454,2.050613840147289,17,19,18,1,0.03776821403450251,0,1,0,0,0,0,0,0,0,91,0,19,0,0,1
1g9b,A,1126,TYR,-1.3,193.6,0.0,1,1,-,0.08108108108108109,-47.4,128.4,17.0,8.0,0.68,2.1516366788333445,26,36,17,19,0.04289723075523742,0,0,0,0,0,0,0,0,0,98,0,9,0,0,1
1g9b,A,1127,ASN,-3.5,114.1,0.0,2,2,-,0.8789808917197452,-105.8,-20.3,4.0,11.0,0.26666666666666666,1.7221586179041726,14,13,10,3,0.025178809356335007,0,0,0,0,0,0,0,0,0,-1,0,0,0,0,0
1g9b,A,1128,GLN,-3.5,143.8,0.0,2,2,S,0.5454545454545454,-63.4,178.8,10.0,4.0,0.7142857142857143,1.777316139805225,19,10,11,-1,0.02471253510899547,0,0,0,0,0,0,1,0,0,98,0,9,0,0,1
1g9b,A,1129,ASN,-3.5,114.1,0.0,2,2,-,1.0,-103.2,15.5,0.0,12.0,0.0,1.722073691609647,11,9,0,9,0.020516066882939634,0,0,0,0,0,0,0,0,0,29,267,5,0,15,1
1g9b,A,1130,SER,-0.8,89.0,0.0,1,1,-,0.19230769230769232,-62.6,141.7,13.0,4.0,0.7647058823529411,1.7828207062693402,19,18,3,15,0.030307826077069916,0,0,0,0,0,0,0,0,0,29,267,5,0,15,1
1g9b,A,1131,LYS,-3.9,168.6,1.0,2,0,S,0.7414634146341463,-85.7,-19.6,0.0,15.0,0.0,1.8992425488754894,12,8,0,8,0.027510180593032695,0,0,0,0,0,0,1,0,0,29,267,5,0,15,1
1g9b,A,1132,TYR,-1.3,193.6,0.0,1,1,S,0.36486486486486486,-79.5,-22.3,12.0,12.0,0.5,1.9638530029427577,19,19,1,18,0.035436842797804825,0,0,0,0,0,0,1,0,0,29,267,5,0,15,1
1g9b,A,1133,ILE,4.5,166.7,0.0,0,0,-,0.011834319526627219,-130.1,155.6,22.0,10.0,0.6875,3.361863070373096,29,30,8,22,0.04243095650789788,0,0,0,0,0,0,0,0,0,29,267,5,0,15,1
1g9b,A,1134,ASN,-3.5,114.1,0.0,2,2,-,0.17834394904458598,-162.9,144.0,5.0,21.0,0.19230769230769232,2.6037487746435732,26,38,20,18,0.045228601991935104,0,0,0,0,0,0,0,0,0,-1,0,0,0,0,0
1g9b,A,1135,TYR,-1.3,193.6,0.0,1,1,-,0.03153153153153153,-171.8,163.1,17.0,15.0,0.53125,3.8146042600166776,28,40,31,9,0.05129016720734909,0,0,0,0,0,0,0,0,0,98,0,9,0,0,1
1g9b,A,1136,ARG,-4.5,173.4,1.0,5,0,B,0.16532258064516128,-102.4,141.8,13.0,14.0,0.48148148148148145,3.646756438390089,26,30,25,5,0.050823892960009553,0,1,0,0,0,0,0,0,0,91,0,19,0,0,1
1g9b,A,1137,ASP,-3.5,111.1,-1.0,1,3,-,0.12269938650306748,-62.2,138.2,11.0,18.0,0.3793103448275862,2.715258368009927,28,35,17,18,0.04616115048661418,0,0,0,0,0,0,0,0,0,59,24,16,0,3,1
1g9b,A,1138,LEU,3.8,166.7,0.0,0,0,S,0.018292682926829267,-103.9,-28.6,17.0,20.0,0.4594594594594595,5.41989522839815,37,38,24,14,0.050823892960009553,0,0,0,0,0,0,1,0,0,9,532,18,0,108,1
1g9b,A,1139,TYR,-1.3,193.6,0.0,1,1,S,0.13063063063063063,-90.3,76.9,7.0,22.0,0.2413793103448276,2.3746908428781364,28,23,31,-8,0.04103213376587927,0,0,0,0,0,0,1,0,0,9,532,18,0,108,1
1g9b,A,1140,ILE,4.5,166.7,0.0,0,0,-,0.1952662721893491,-152.0,157.2,13.0,16.0,0.4482758620689655,2.3439826280350773,27,35,22,13,0.03730193978716297,0,0,0,0,0,0,0,0,0,9,532,18,0,108,1
1g9b,A,1141,GLY,-0.4,60.1,0.0,0,0,S,0.27380952380952384,88.8,-173.5,23.0,8.0,0.7419354838709677,1.7095748020016006,25,27,17,10,0.04289723075523742,0,0,0,0,0,0,1,0,0,9,532,18,0,108,1
1g9b,A,1142,GLU,-3.5,138.4,-1.0,1,3,-,0.13402061855670103,-66.4,146.9,22.0,15.0,0.5945945945945946,2.2010102941862617,28,20,9,11,0.04616115048661418,0,0,0,0,0,0,0,0,0,9,532,18,0,108,1
1g9b,A,1143,LYS,-3.9,168.6,1.0,2,0,-,0.48292682926829267,-93.3,107.1,11.0,22.0,0.3333333333333333,2.3710685627907564,25,10,23,-13,0.04616115048661418,0,0,0,0,0,0,0,0,0,58,24,13,0,3,1
1g9b,A,1144,PHE,2.8,189.9,0.0,0,0,E,0.01015228426395939,-87.8,166.3,22.0,16.0,0.5789473684210527,5.911444747203092,34,20,29,-9,0.053155264196707235,0,0,1,0,0,0,0,0,0,-1,0,0,0,0,0
1g9b,A,1145,ILE,4.5,166.7,0.0,0,0,E,0.04142011834319527,-154.0,125.8,13.0,20.0,0.3939393939393939,4.5970754677324,33,34,32,2,0.056419183928083996,0,0,1,0,0,0,0,0,0,-1,0,0,0,0,0
1g9b,A,1146,ILE,4.5,166.7,0.0,0,0,E,0.0,-86.3,121.5,23.0,19.0,0.5476190476190477,5.7966358336405595,39,35,32,3,0.05455408693872585,0,0,1,0,0,0,0,0,0,-1,0,0,0,0,0
1g9b,A,1147,ARG,-4.5,173.4,1.0,5,0,E,0.11290322580645161,-109.4,142.3,16.0,24.0,0.4,2.3279940312897485,29,28,30,-2,0.048958795970651406,0,0,1,0,0,0,0,0,0,6,2301,7,0,188,1
1g9b,A,1148,ARG,-4.5,173.4,1.0,5,0,E,0.2620967741935484,-78.3,144.3,15.0,16.0,0.4838709677419355,1.8718363574055772,25,24,22,2,0.045228601991935104,0,0,1,0,0,0,0,0,0,6,2301,7,0,188,1
1g9b,A,1149,LYS,-3.9,168.6,1.0,2,0,-,0.2780487804878049,-83.8,-56.9,12.0,13.0,0.48,2.0501697663108627,19,21,15,6,0.03683566553982344,0,0,0,0,0,0,0,0,0,6,2301,7,0,188,1
1g9b,A,1150,SER,-0.8,89.0,0.0,1,1,S,0.5846153846153846,-70.2,-170.5,4.0,12.0,0.25,1.7395360773098698,15,24,13,11,0.02331371236697686,0,0,0,0,0,0,1,0,0,6,2301,7,0,188,1
1g9b,A,1151,ASN,-3.5,114.1,0.0,2,2,-,0.6242038216560509,20.8,108.7,2.0,9.0,0.18181818181818182,1.7447336202478656,12,20,5,15,0.019117244140921023,0,0,0,0,0,0,0,0,0,6,2301,7,0,188,1
1g9b,A,1152,SER,-0.8,89.0,0.0,1,1,-,0.9769230769230769,-74.4,48.9,0.0,9.0,0.0,1.739529682557041,8,12,0,12,0.01818469564624195,0,0,0,0,0,0,0,0,0,6,2301,7,0,188,1
1g9b,A,1153,GLN,-3.5,143.8,0.0,2,2,-,0.35858585858585856,-83.1,32.6,6.0,5.0,0.5454545454545454,1.7677211355274722,11,14,8,6,0.016319598656883802,0,0,0,0,0,0,0,0,0,6,2301,7,0,188,1
1g9b,A,1154,SER,-0.8,89.0,0.0,1,1,-,0.8384615384615385,77.0,-165.9,2.0,11.0,0.15384615384615385,1.769485602554015,13,14,6,8,0.017252147151562876,0,0,0,0,0,0,0,0,0,6,2301,7,0,188,1
1g9b,A,1155,ILE,4.5,166.7,0.0,0,0,S,0.6627218934911243,-131.9,70.4,8.0,9.0,0.47058823529411764,1.9195910808543855,18,20,16,4,0.02797645484037223,0,0,0,0,0,0,1,0,0,6,2301,7,0,188,1
1g9b,A,1156,ASN,-3.5,114.1,0.0,2,2,S,0.4968152866242038,-89.1,-79.4,5.0,10.0,0.3333333333333333,1.7676949870900873,14,19,16,3,0.02144861537761871,0,0,0,0,0,0,1,0,0,-1,0,0,0,0,0
1g9b,A,1157,ASP,-3.5,111.1,-1.0,1,3,-,0.50920245398773,-173.8,164.5,5.0,13.0,0.2777777777777778,1.7109404901061511,19,24,9,15,0.02844272908771177,0,0,0,0,0,0,0,0,0,-1,0,0,0,0,0
1g9b,A,1158,ASP,-3.5,111.1,-1.0,1,3,E,0.4601226993865031,173.7,171.7,10.0,10.0,0.5,2.019353411799813,21,26,12,14,0.03357174580844668,0,0,1,0,0,0,0,0,0,86,1,16,0,0,1
1g9b,A,1159,ILE,4.5,166.7,0.0,0,0,E,0.27218934911242604,-90.1,130.7,9.0,15.0,0.375,2.3596405208694,22,26,25,1,0.04149840801321881,0,0,1,0,0,0,0,0,0,86,1,16,0,0,1
1g9b,A,1160,VAL,4.2,140.0,0.0,0,0,-,0.0,-85.1,118.6,24.0,10.0,0.7058823529411765,4.627407156150475,33,45,33,12,0.053155264196707235,0,0,0,0,0,0,0,0,0,86,1,16,0,0,1
1g9b,A,1161,ARG,-4.5,173.4,1.0,5,0,B,0.40725806451612906,-104.3,153.5,3.0,22.0,0.12,2.1600468955067886,19,16,31,-15,0.04429605349725603,0,1,0,0,0,0,0,0,0,76,4,19,0,0,1
1g9b,A,1162,LYS,-3.9,168.6,1.0,2,0,T,0.3024390243902439,-54.7,137.9,12.0,16.0,0.42857142857142855,2.0083184614643796,23,23,37,-14,0.04196468226055834,0,0,0,0,0,1,0,0,0,76,4,19,0,0,1
1g9b,A,1163,GLU,-3.5,138.4,-1.0,1,3,T,0.4948453608247423,80.6,2.1,2.0,23.0,0.08,1.8214576848077388,20,29,21,8,0.034970568550465285,0,0,0,0,0,1,0,0,0,76,4,19,0,0,1
1g9b,A,1164,ASP,-3.5,111.1,-1.0,1,3,-,0.2085889570552147,-69.0,145.8,21.0,13.0,0.6176470588235294,2.073392793209104,29,46,15,31,0.04243095650789788,0,0,0,0,0,0,0,0,0,76,4,19,0,0,1
1g9b,A,1165,TYR,-1.3,193.6,0.0,1,1,E,0.21621621621621623,-95.4,128.4,10.0,18.0,0.35714285714285715,2.2045703138997546,25,42,35,7,0.04709369898129325,0,0,1,0,0,0,0,0,0,76,4,19,0,0,1
1g9b,A,1166,ILE,4.5,166.7,0.0,0,0,E,0.005917159763313609,-137.5,175.9,20.0,16.0,0.5555555555555556,4.788429435796662,35,41,23,18,0.05035761871267001,0,0,1,0,0,0,0,0,0,-1,0,0,0,0,0
1g9b,A,1167,TYR,-1.3,193.6,0.0,1,1,E,0.1981981981981982,-119.8,134.0,14.0,19.0,0.42424242424242425,3.317667656805089,30,37,18,19,0.05222271570202816,0,0,1,0,0,0,0,0,0,64,24,8,0,2,1
1g9b,A,1168,LEU,3.8,166.7,0.0,0,0,E,0.0,-104.0,105.8,20.0,25.0,0.4444444444444444,8.264620880168106,42,23,13,10,0.05175644145468863,0,0,1,0,0,0,0,0,0,-1,0,0,0,0,0
1g9b,A,1169,ASP,-3.5,111.1,-1.0,1,3,E,0.0,-110.9,178.7,19.0,18.0,0.5135135135135135,4.819232712802588,35,33,12,21,0.05408781269138631,0,0,1,0,0,0,0,0,0,-1,0,0,0,0,0
1g9b,A,1170,PHE,2.8,189.9,0.0,0,0,E,0.0,-162.9,161.1,16.0,18.0,0.47058823529411764,4.609042850064404,33,21,26,-5,0.048958795970651406,0,0,1,0,0,0,0,0,0,-1,0,0,0,0,0
1g9b,A,1171,PHE,2.8,189.9,0.0,0,0,E,0.24873096446700507,-96.0,126.3,9.0,19.0,0.32142857142857145,2.0317922812248552,22,19,35,-16,0.04709369898129325,0,0,1,0,0,0,0,0,0,58,24,13,0,3,1
1g9b,A,1172,ASN,-3.5,114.1,0.0,2,2,E,0.2356687898089172,-114.4,89.6,15.0,9.0,0.625,2.039307132381903,19,17,15,2,0.03730193978716297,0,0,1,0,0,0,0,0,0,74,22,4,0,1,1
1g9b,A,1173,LEU,3.8,166.7,0.0,0,0,T,0.9878048780487805,65.2,-122.7,2.0,10.0,0.16666666666666666,1.822071730047322,10,5,8,-3,0.022381163872297785,0,0,0,0,0,1,0,0,0,74,22,4,0,1,1
1g9b,A,1174,ASN,-3.5,114.1,0.0,2,2,T,1.0,-86.7,8.7,0.0,8.0,0.0,1.72217293818317,7,0,7,-7,0.020049792635600097,0,0,0,0,0,1,0,0,0,74,22,4,0,1,1
1g9b,A,1175,GLN,-3.5,143.8,0.0,2,2,E,0.5707070707070707,-122.2,154.9,6.0,8.0,0.42857142857142855,1.8951736962285735,12,1,9,-8,0.03124037457174899,0,0,1,0,0,0,0,0,0,74,22,4,0,1,1
1g9b,A,1176,GLU,-3.5,138.4,-1.0,1,3,E,0.23711340206185566,-103.4,116.4,11.0,14.0,0.44,1.8630109411425677,25,22,9,13,0.045694876239274644,0,0,1,0,0,0,0,0,0,-1,0,0,0,0,0
1g9b,A,1177,TRP,-0.9,227.8,0.0,1,0,E,0.17180616740088106,-102.0,170.7,16.0,13.0,0.5517241379310345,2.9568919355025294,25,10,22,-12,0.05222271570202816,0,0,1,0,0,0,0,0,0,3,1778,12,0,271,1
1g9b,A,1178,ARG,-4.5,173.4,1.0,5,0,E,0.0967741935483871,-128.0,158.2,14.0,22.0,0.3888888888888889,3.9471462622772124,31,10,21,-11,0.05548663543340492,0,0,1,0,0,0,0,0,0,64,24,8,0,2,1
1g9b,A,1179,VAL,4.2,140.0,0.0,0,0,E,0.0,-98.9,121.3,23.0,20.0,0.5348837209302325,6.856395103551594,38,13,10,3,0.05455408693872585,0,0,1,0,0,0,0,0,0,64,24,8,0,2,1
1g9b,A,1180,TYR,-1.3,193.6,0.0,1,1,E,0.03153153153153153,-124.4,164.1,19.0,22.0,0.4634146341463415,2.6858247665925106,34,16,22,-6,0.05175644145468863,0,0,1,0,0,0,0,0,0,64,24,8,0,2,1
1g9b,A,1181,THR,-0.7,116.1,0.0,1,1,E,0.0,-126.5,121.2,22.0,16.0,0.5789473684210527,4.166593313326282,35,25,17,8,0.053155264196707235,0,0,1,0,0,0,0,0,0,-1,0,0,0,0,0
1g9b,A,1182,TYR,-1.3,193.6,0.0,1,1,E,0.3918918918918919,-60.3,126.3,12.0,18.0,0.4,2.2736581516267815,18,18,23,-5,0.04755997322863279,0,0,1,0,0,0,0,0,0,-1,0,0,0,0,0
1g9b,A,1183,LYS,-3.9,168.6,1.0,2,0,S,0.2682926829268293,-61.5,-36.0,10.0,18.0,0.35714285714285715,2.328983596406187,22,13,24,-11,0.04196468226055834,0,0,0,0,0,0,1,0,0,-1,0,0,0,0,0
1g9b,A,1184,TYR,-1.3,193.6,0.0,1,1,-,0.5720720720720721,-100.5,55.0,2.0,13.0,0.13333333333333333,1.8653470526987324,13,19,19,0,0.030307826077069916,0,0,0,0,0,0,0,0,0,24,271,6,0,21,1
1g9b,A,1185,PHE,2.8,189.9,0.0,0,0,-,0.16243654822335024,-103.1,144.6,15.0,4.0,0.7894736842105263,2.1706756111577103,20,36,29,7,0.032639197313767604,0,0,0,0,0,0,0,0,0,84,2,8,0,0,1
1g9b,A,1186,LYS,-3.9,168.6,1.0,2,0,-,1.0,-108.8,-15.6,0.0,12.0,0.0,1.8706963418365656,9,15,14,1,0.02144861537761871,0,0,0,0,0,0,0,0,0,24,271,6,0,21,1
1g9b,A,1187,LYS,-3.9,168.6,1.0,2,0,S,0.8146341463414634,-75.5,174.9,6.0,9.0,0.4,1.8905039931136502,13,21,27,-6,0.024246260861655933,0,0,0,0,0,0,1,0,0,84,2,8,0,0,1
1g9b,A,1188,GLU,-3.5,138.4,-1.0,1,3,S,0.4175257731958763,-65.8,-32.3,4.0,14.0,0.2222222222222222,2.052635208363178,18,33,17,16,0.03124037457174899,0,0,0,0,0,0,1,0,0,84,2,8,0,0,1
1g9b,A,1189,GLU,-3.5,138.4,-1.0,1,3,E,0.2422680412371134,-145.9,172.2,18.0,11.0,0.6206896551724138,2.00922056182532,24,45,18,27,0.043363505002576956,0,0,1,0,0,0,0,0,0,84,2,8,0,0,1
1g9b,A,1190,GLU,-3.5,138.4,-1.0,1,3,E,0.14432989690721648,-161.0,157.7,12.0,20.0,0.375,2.374051061982128,30,42,15,27,0.04289723075523742,0,0,1,0,0,0,0,0,0,-1,0,0,0,0,0
1g9b,A,1191,LYS,-3.9,168.6,1.0,2,0,E,0.36585365853658536,-70.8,140.6,15.0,21.0,0.4166666666666667,1.9449891357945452,30,23,27,-4,0.04289723075523742,0,0,1,0,0,0,0,0,0,-1,0,0,0,0,0
1g9b,A,1192,LEU,3.8,166.7,0.0,0,0,-,0.006097560975609756,-72.2,157.8,25.0,13.0,0.6578947368421053,3.675697027734132,39,15,15,0,0.05175644145468863,0,0,0,0,0,0,0,0,0,3,1778,12,0,271,1
1g9b,A,1193,PHE,2.8,189.9,0.0,0,0,E,0.3248730964467005,-108.7,112.2,12.0,21.0,0.36363636363636365,2.3172827806225276,28,15,11,4,0.04709369898129325,0,0,1,0,0,0,0,0,0,3,1778,12,0,271,1
1g9b,A,1194,LEU,3.8,166.7,0.0,0,0,E,0.006097560975609756,-101.2,122.6,24.0,14.0,0.631578947368421,4.211729213720523,34,20,15,5,0.04942507021799094,0,0,1,0,0,0,0,0,0,3,1778,12,0,271,1
1g9b,A,1195,ALA,1.8,88.6,0.0,0,0,E,0.12264150943396226,-159.4,173.9,12.0,17.0,0.41379310344827586,2.6784149052425743,28,11,14,-3,0.043363505002576956,0,0,1,0,0,0,0,0,0,3,1778,12,0,271,1
1g9b,A,1196,PRO,-1.6,112.7,0.0,0,0,E,0.4485294117647059,-55.8,161.7,3.0,19.0,0.13636363636363635,1.9617231737065652,18,11,14,-3,0.03590311704514436,0,0,1,0,0,0,0,0,0,-1,0,0,0,0,0
1g9b,A,1197,ILE,4.5,166.7,0.0,0,0,S,0.4556213017751479,-72.3,130.1,10.0,13.0,0.43478260869565216,1.9645240815444067,18,14,23,-9,0.032639197313767604,0,0,0,0,0,0,1,0,0,-1,0,0,0,0,0
1g9b,A,1198,SER,-0.8,89.0,0.0,1,1,-,0.5615384615384615,-173.3,169.5,7.0,11.0,0.3888888888888889,1.8009051426328888,19,11,16,-5,0.025645083603674543,0,0,0,0,0,0,0,0,0,-1,0,0,0,0,0
1g9b,A,1199,ASP,-3.5,111.1,-1.0,1,3,-,0.8466257668711656,-117.0,107.5,1.0,13.0,0.07142857142857142,1.6829682504492027,15,10,13,-3,0.02331371236697686,0,0,0,0,0,0,0,0,0,-1,0,0,0,0,0
1g9b,A,1200,SER,-0.8,89.0,0.0,1,1,-,0.2846153846153846,-113.9,138.9,13.0,3.0,0.8125,1.854089761486616,16,7,25,-18,0.027510180593032695,0,0,0,0,0,0,0,0,0,-1,0,0,0,0,0
1g9b,A,1201,ASP,-3.5,111.1,-1.0,1,3,T,0.7361963190184049,-63.6,-24.6,0.0,13.0,0.0,1.8024228847026182,11,8,17,-9,0.023779986614316396,0,0,0,0,0,1,0,0,0,-1,0,0,0,0,0
1g9b,A,1202,GLU,-3.5,138.4,-1.0,1,3,T,0.520618556701031,-92.2,5.8,4.0,11.0,0.26666666666666666,2.2552863976016324,12,9,12,-3,0.0363693912924839,0,0,0,0,0,1,0,0,0,-1,0,0,0,0,0
1g9b,A,1203,PHE,2.8,189.9,0.0,0,0,E,0.19289340101522842,-137.8,140.3,13.0,14.0,0.48148148148148145,2.2327529084006916,24,15,29,-14,0.048958795970651406,0,0,1,0,0,0,0,0,0,64,24,8,0,2,1
1g9b,A,1204,TYR,-1.3,193.6,0.0,1,1,E,0.13513513513513514,-85.6,137.9,20.0,15.0,0.5714285714285714,2.332094534279873,30,25,35,-10,0.04709369898129325,0,0,1,0,0,0,0,0,0,64,24,8,0,2,1
1g9b,A,1205,ASN,-3.5,114.1,0.0,2,2,-,0.1337579617834395,-122.9,-10.1,14.0,24.0,0.3684210526315789,2.2603040361874904,32,31,25,6,0.048958795970651406,0,0,0,0,0,0,0,0,0,64,24,8,0,2,1
1g9b,A,1206,THR,-0.7,116.1,0.0,1,1,-,0.13380281690140844,-96.7,128.9,12.0,26.0,0.3157894736842105,2.049347533975141,32,35,23,12,0.048492521723311866,0,0,0,0,0,0,0,0,0,64,24,8,0,2,1
1g9b,A,1207,ILE,4.5,166.7,0.0,0,0,E,0.0,-118.1,145.5,20.0,18.0,0.5263157894736842,5.314959416893018,37,34,16,18,0.050823892960009553,0,0,1,0,0,0,0,0,0,-1,0,0,0,0,0
1g9b,A,1208,GLN,-3.5,143.8,0.0,2,2,E,0.06060606060606061,-113.3,121.3,15.0,21.0,0.4166666666666667,4.1379980624234864,30,30,39,-9,0.04989134446533048,0,0,1,0,0,0,0,0,0,76,4,19,0,0,1
1g9b,A,1209,ILE,4.5,166.7,0.0,0,0,E,0.0,-80.5,132.3,22.0,17.0,0.5641025641025641,4.690111018281374,35,26,28,-2,0.05502036118606539,0,0,1,0,0,0,0,0,0,76,4,19,0,0,1
1g9b,A,1210,LYS,-3.9,168.6,1.0,2,0,E,0.11219512195121951,-127.3,169.9,16.0,18.0,0.47058823529411764,2.504908773661889,31,16,32,-16,0.048492521723311866,0,0,1,0,0,0,0,0,0,-1,0,0,0,0,0
1g9b,A,1211,GLU,-3.5,138.4,-1.0,1,3,-,0.21649484536082475,-142.3,100.2,17.0,18.0,0.4857142857142857,1.9039643648026252,29,25,26,-1,0.04149840801321881,0,0,0,0,0,0,0,0,0,-1,0,0,0,0,0
1g9b,A,1212,TYR,-1.3,193.6,0.0,1,1,-,0.24324324324324326,-88.4,-19.2,20.0,14.0,0.5882352941176471,2.072335108060076,31,33,37,-4,0.0363693912924839,0,0,0,0,0,0,0,0,0,4,1174,19,0,268,1
1g9b,A,1213,ASP,-3.5,111.1,-1.0,1,3,-,0.10429447852760736,-76.6,130.7,16.0,11.0,0.5925925925925926,1.9761807825741164,24,21,19,2,0.04149840801321881,0,0,0,0,0,0,0,0,0,4,1174,19,0,268,1
1g9b,A,1214,GLU,-3.5,138.4,-1.0,1,3,S,0.7525773195876289,-86.9,-16.5,5.0,18.0,0.21739130434782608,1.7085157452533883,16,20,17,3,0.027510180593032695,0,0,0,0,0,0,1,0,0,4,1174,19,0,268,1
1g9b,A,1215,GLN,-3.5,143.8,0.0,2,2,S,0.4292929292929293,-98.3,160.0,8.0,17.0,0.32,1.8000678563316508,20,16,29,-13,0.02984155182973038,0,0,0,0,0,0,1,0,0,4,1174,19,0,268,1
1g9b,A,1216,PRO,-1.6,112.7,0.0,0,0,-,0.2867647058823529,-54.2,134.2,15.0,14.0,0.5172413793103449,1.833916360312957,27,18,26,-8,0.03590311704514436,0,0,0,0,0,0,0,0,0,-1,0,0,0,0,0
1g9b,A,1217,THR,-0.7,116.1,0.0,1,1,-,0.21830985915492956,-165.3,156.7,16.0,20.0,0.4444444444444444,1.8463396621916428,33,18,26,-8,0.03450429430312575,0,0,0,0,0,0,0,0,0,-1,0,0,0,0,0
1g9b,A,1218,TYR,-1.3,193.6,0.0,1,1,S,0.17117117117117117,-103.6,2.4,18.0,19.0,0.4864864864864865,1.779653052774518,35,21,19,2,0.04196468226055834,0,0,0,0,0,0,1,0,0,-1,0,0,0,0,0
1g9b,A,1219,SER,-0.8,89.0,0.0,1,1,-,0.03076923076923077,-80.3,155.4,20.0,22.0,0.47619047619047616,2.0655308529462424,37,19,23,-4,0.04755997322863279,0,0,0,0,0,0,0,0,0,-1,0,0,0,0,0
1g9b,A,1220,CYS,2.5,108.5,0.0,1,0,B,0.007407407407407408,-145.4,164.4,21.0,23.0,0.4772727272727273,3.2176425180216874,40,20,21,-1,0.050823892960009553,0,1,0,0,0,0,0,0,0,-1,0,0,0,0,0
1g9b,A,1221,GLN,-3.5,143.8,0.0,2,2,E,0.0,-121.4,157.0,18.0,20.0,0.47368421052631576,5.268266004472055,40,15,19,-4,0.05408781269138631,0,0,1,0,0,0,0,0,0,-1,0,0,0,0,0
1g9b,A,1222,LEU,3.8,166.7,0.0,0,0,E,0.0,-122.7,116.2,21.0,24.0,0.4666666666666667,7.7959175469212605,44,10,4,6,0.050823892960009553,0,0,1,0,0,0,0,0,0,-1,0,0,0,0,0
1g9b,A,1223,LEU,3.8,166.7,0.0,0,0,E,0.0,-109.2,137.2,20.0,24.0,0.45454545454545453,4.548691492606611,37,22,30,-8,0.05129016720734909,0,0,1,0,0,0,0,0,0,-1,0,0,0,0,0
1g9b,A,1224,PHE,2.8,189.9,0.0,0,0,E,0.0,-106.6,119.5,20.0,22.0,0.47619047619047616,4.190289133265075,41,23,18,5,0.05222271570202816,0,0,1,0,0,0,0,0,0,64,24,8,0,2,1
1g9b,A,1225,LYS,-3.9,168.6,1.0,2,0,E,0.16097560975609757,-115.1,155.4,13.0,19.0,0.40625,2.677595991660235,29,13,44,-31,0.053155264196707235,0,0,1,0,0,0,0,0,0,-1,0,0,0,0,0
1g9b,A,1226,LYS,-3.9,168.6,1.0,2,0,S,0.5658536585365853,-50.5,-40.3,6.0,18.0,0.25,2.320666442807818,19,19,38,-19,0.03916703677652112,0,0,0,0,0,0,1,0,0,32,66,17,0,12,1
1g9b,A,1227,ASP,-3.5,111.1,-1.0,1,3,S,0.3619631901840491,-174.1,156.6,2.0,18.0,0.1,2.0591212251385556,19,22,30,-8,0.0363693912924839,0,0,0,0,0,0,1,0,0,32,66,17,0,12,1
1g9b,A,1228,GLU,-3.5,138.4,-1.0,1,3,S,0.3402061855670103,-40.3,-49.1,6.0,17.0,0.2608695652173913,1.7645222654781554,20,22,24,-2,0.030307826077069916,0,0,0,0,0,0,1,0,0,-1,0,0,0,0,0
1g9b,A,1229,GLU,-3.5,138.4,-1.0,1,3,S,0.8969072164948454,-69.7,-52.2,0.0,11.0,0.0,1.7297471187518694,8,15,21,-6,0.021914889624958248,0,0,0,0,0,0,1,0,0,32,66,17,0,12,1
1g9b,A,1230,SER,-0.8,89.0,0.0,1,1,S,0.23076923076923078,-52.9,170.7,7.0,3.0,0.7,2.0186466781540346,14,18,43,-25,0.02844272908771177,0,0,0,0,0,0,1,0,0,32,66,17,0,12,1
1g9b,A,1231,THR,-0.7,116.1,0.0,1,1,-,0.9577464788732394,-119.8,19.6,0.0,12.0,0.0,1.7768248977323853,13,18,35,-17,0.025178809356335007,0,0,0,0,0,0,0,0,0,32,66,17,0,12,1
1g9b,A,1232,ASP,-3.5,111.1,-1.0,1,3,-,0.4601226993865031,-89.5,100.4,4.0,11.0,0.26666666666666666,2.019054068047181,16,23,25,-2,0.03124037457174899,0,0,0,0,0,0,0,0,0,32,66,17,0,12,1
1g9b,A,1233,GLU,-3.5,138.4,-1.0,1,3,E,0.3917525773195876,-86.0,122.8,13.0,14.0,0.48148148148148145,1.8023930485969362,27,32,13,19,0.03730193978716297,0,0,1,0,0,0,0,0,0,32,66,17,0,12,1
1g9b,A,1234,ILE,4.5,166.7,0.0,0,0,E,0.029585798816568046,-74.2,-44.2,24.0,14.0,0.631578947368421,2.7610719226531266,31,33,34,-1,0.045228601991935104,0,0,1,0,0,0,0,0,0,84,2,8,0,0,1
1g9b,A,1235,GLY,-0.4,60.1,0.0,0,0,E,0.0,155.5,-177.9,20.0,19.0,0.5128205128205128,5.26650954457396,37,24,33,-9,0.04989134446533048,0,0,1,0,0,0,0,0,0,-1,0,0,0,0,0
1g9b,A,1236,LEU,3.8,166.7,0.0,0,0,E,0.0,-110.6,149.5,20.0,22.0,0.47619047619047616,4.928090469226303,38,22,17,5,0.05548663543340492,0,0,1,0,0,0,0,0,0,-1,0,0,0,0,0
1g9b,A,1237,ILE,4.5,166.7,0.0,0,0,E,0.0,-74.8,130.0,21.0,22.0,0.4883720930232558,6.955984029152154,46,6,3,3,0.05548663543340492,0,0,1,0,0,0,0,0,0,-1,0,0,0,0,0
1g9b,A,1238,GLY,-0.4,60.1,0.0,0,0,E,0.0,-154.5,-152.9,19.0,25.0,0.4318181818181818,3.921757942614957,42,18,16,2,0.05035761871267001,0,0,1,0,0,0,0,0,0,-1,0,0,0,0,0
1g9b,A,1239,ILE,4.5,166.7,0.0,0,0,E,0.08875739644970414,-131.0,132.4,19.0,20.0,0.48717948717948717,2.450140066980934,38,23,17,6,0.04709369898129325,0,0,1,0,0,0,0,0,0,-1,0,0,0,0,0
1g9b,A,1240,HIS,-3.2,153.2,0.1,2,1,E,0.32608695652173914,-127.1,148.5,16.0,16.0,0.5,2.030394981638516,27,24,29,-5,0.04196468226055834,0,0,1,0,0,0,0,0,0,-1,0,0,0,0,0
1g9b,A,1241,ARG,-4.5,173.4,1.0,5,0,E,0.6048387096774194,-95.9,129.8,4.0,18.0,0.18181818181818182,1.8477238432501233,12,17,20,-3,0.03310547156110714,0,0,1,0,0,0,0,0,0,89,2,8,0,0,1
1g9b,A,1242,PHE,2.8,189.9,0.0,0,0,E,0.24873096446700507,-122.6,150.6,13.0,6.0,0.6842105263157895,2.3033504621116876,23,40,33,7,0.04149840801321881,0,0,1,0,0,0,0,0,0,-1,0,0,0,0,0
1g9b,A,1243,TYR,-1.3,193.6,0.0,1,1,E,0.4864864864864865,-99.9,134.8,1.0,12.0,0.07692307692307693,1.8548355490734307,11,17,27,-10,0.03357174580844668,0,0,1,0,0,0,0,0,0,89,2,8,0,0,1
1g9b,A,1244,GLU,-3.5,138.4,-1.0,1,3,E,0.26288659793814434,-126.1,125.5,11.0,3.0,0.7857142857142857,1.8884312785940724,16,20,23,-3,0.034970568550465285,0,0,1,0,0,0,0,0,0,23,691,3,0,22,1
1g9b,A,1245,SER,-0.8,89.0,0.0,1,1,E,0.6923076923076923,-130.2,104.9,1.0,10.0,0.09090909090909091,1.7925713959927625,10,0,26,-26,0.027043906345693154,0,0,1,0,0,0,0,0,0,23,691,3,0,22,1
1g9b,A,1246,GLY,-0.4,60.1,0.0,0,0,-,0.6428571428571429,-119.2,-171.0,5.0,4.0,0.5555555555555556,1.7096129523743477,8,0,25,-25,0.020516066882939634,0,0,0,0,0,0,0,0,0,23,691,3,0,22,1
1g9b,A,1247,ILE,4.5,166.7,0.0,0,0,S,1.0,-58.0,-37.0,0.0,7.0,0.0,1.8793234874914202,6,0,5,-5,0.01492077591486519,0,0,0,0,0,0,1,0,0,23,691,3,0,22,1
1g9b,A,1248,VAL,4.2,140.0,0.0,0,0,S,0.7676056338028169,-112.5,-41.8,0.0,7.0,0.0,1.9016289945926392,7,0,15,-15,0.016319598656883802,0,0,0,0,0,0,1,0,0,23,691,3,0,22,1
1g9b,A,1249,PHE,2.8,189.9,0.0,0,0,-,0.7208121827411168,-108.4,144.9,5.0,5.0,0.5,1.8068552720910445,9,4,25,-21,0.02611135785101408,0,0,0,0,0,0,0,0,0,23,691,3,0,22,1
1g9b,A,1250,GLU,-3.5,138.4,-1.0,1,3,E,0.7164948453608248,-133.4,120.9,0.0,11.0,0.0,1.7920182169626813,11,2,17,-15,0.030307826077069916,0,0,1,0,0,0,0,0,0,23,691,3,0,22,1
1g9b,A,1251,GLU,-3.5,138.4,-1.0,1,3,E,0.4175257731958763,-178.5,173.4,4.0,9.0,0.3076923076923077,2.0719331963187546,14,16,21,-5,0.034970568550465285,0,0,1,0,0,0,0,0,0,89,2,8,0,0,1
1g9b,A,1252,TYR,-1.3,193.6,0.0,1,1,E,0.5495495495495496,-103.4,144.8,4.0,11.0,0.26666666666666666,1.898382979714322,12,21,34,-13,0.03730193978716297,0,0,1,0,0,0,0,0,0,89,2,8,0,0,1
1g9b,A,1253,LYS,-3.9,168.6,1.0,2,0,E,0.3804878048780488,-143.3,141.5,13.0,9.0,0.5909090909090909,2.1329743563716845,21,24,39,-15,0.040565859518539735,0,0,1,0,0,0,0,0,0,-1,0,0,0,0,0
1g9b,A,1254,ASP,-3.5,111.1,-1.0,1,3,E,0.26380368098159507,-96.6,146.5,13.0,16.0,0.4482758620689655,1.8204161453584027,25,36,15,21,0.043363505002576956,0,0,1,0,0,0,0,0,0,-1,0,0,0,0,0
1g9b,A,1255,TYR,-1.3,193.6,0.0,1,1,E,0.0045045045045045045,-134.3,157.6,18.0,18.0,0.5,3.325448362969418,29,45,27,18,0.05175644145468863,0,0,1,0,0,0,0,0,0,-1,0,0,0,0,0
1g9b,A,1256,PHE,2.8,189.9,0.0,0,0,E,0.0,-73.6,113.9,21.0,21.0,0.5,7.273825606843143,43,21,17,4,0.05408781269138631,0,0,1,0,0,0,0,0,0,-1,0,0,0,0,0
1g9b,A,1257,CYS,2.5,108.5,0.0,1,0,E,0.014814814814814815,-133.2,-173.4,15.0,24.0,0.38461538461538464,4.315607417278984,39,25,30,-5,0.0526889899493677,0,0,1,0,0,0,0,0,0,-1,0,0,0,0,0
1g9b,A,1258,ILE,4.5,166.7,0.0,0,0,E,0.0,-133.6,133.6,21.0,20.0,0.5121951219512195,5.009662535407229,39,27,28,-1,0.05455408693872585,0,0,1,0,0,0,0,0,0,-1,0,0,0,0,0
1g9b,A,1259,SER,-0.8,89.0,0.0,1,1,E,0.046153846153846156,-140.2,141.3,14.0,20.0,0.4117647058823529,3.1667177357297116,33,30,32,-2,0.053155264196707235,0,0,1,0,0,0,0,0,0,84,2,8,0,0,1
1g9b,A,1260,LYS,-3.9,168.6,1.0,2,0,S,0.33170731707317075,-81.2,-17.6,9.0,19.0,0.32142857142857145,2.2259163571041842,23,16,40,-24,0.045694876239274644,0,0,0,0,0,0,1,0,0,84,2,8,0,0,1
1g9b,A,1261,TRP,-0.9,227.8,0.0,1,0,T,0.45374449339207046,-56.9,-38.6,13.0,12.0,0.52,1.9274895901348776,21,28,25,3,0.03916703677652112,0,0,0,0,0,1,0,0,0,84,2,8,0,0,1
1g9b,A,1262,TYR,-1.3,193.6,0.0,1,1,H,0.06306306306306306,-63.3,-27.1,23.0,10.0,0.696969696969697,2.902995330913496,33,25,23,2,0.04662742473395372,1,0,0,0,0,0,0,0,0,-1,0,0,0,0,0
1g9b,A,1263,LEU,3.8,166.7,0.0,0,0,H,0.17073170731707318,-54.0,-36.5,14.0,15.0,0.4827586206896552,2.0994486884043733,28,31,25,6,0.043363505002576956,1,0,0,0,0,0,0,0,0,-1,0,0,0,0,0
1g9b,A,1264,LYS,-3.9,168.6,1.0,2,0,H,0.5121951219512195,-89.6,-33.2,2.0,16.0,0.1111111111111111,1.964978856774085,14,26,14,12,0.03357174580844668,1,0,0,0,0,0,0,0,0,-1,0,0,0,0,0
1g9b,A,1265,GLU,-3.5,138.4,-1.0,1,3,H,0.10309278350515463,-63.1,-35.5,13.0,10.0,0.5652173913043478,2.6957943941699725,22,37,1,36,0.04149840801321881,1,0,0,0,0,0,0,0,0,-1,0,0,0,0,0
1g9b,A,1266,VAL,4.2,140.0,0.0,0,0,T,0.028169014084507043,-71.5,-6.2,18.0,11.0,0.6206896551724138,2.9059299055688763,27,42,27,15,0.048958795970651406,0,0,0,0,0,1,0,0,0,-1,0,0,0,0,0
1g9b,A,1267,LYS,-3.9,168.6,1.0,2,0,T,0.7317073170731707,-89.4,-21.1,3.0,14.0,0.17647058823529413,1.9529700801464982,18,29,16,13,0.03357174580844668,0,0,0,0,0,1,0,0,0,-1,0,0,0,0,0
1g9b,A,1268,ARG,-4.5,173.4,1.0,5,0,S,0.5161290322580645,-60.7,146.6,9.0,6.0,0.6,2.0151048424440994,13,27,9,18,0.02984155182973038,0,0,0,0,0,0,1,0,0,-1,0,0,0,0,0
1g9b,A,1269,LYS,-3.9,168.6,1.0,2,0,S,0.624390243902439,-123.7,134.7,2.0,11.0,0.15384615384615385,1.9103173975853496,12,19,18,1,0.02098234113027917,0,0,0,0,0,0,1,0,0,4,1174,19,0,268,1
1g9b,A,1270,PRO,-1.6,112.7,0.0,0,0,S,0.875,-71.0,156.5,3.0,11.0,0.21428571428571427,1.910095002277462,14,22,15,7,0.020516066882939634,0,0,0,0,0,0,1,0,0,4,1174,19,0,268,1
1g9b,A,1271,TYR,-1.3,193.6,0.0,1,1,-,0.1036036036036036,-56.1,132.5,13.0,10.0,0.5652173913043478,3.043751881774476,27,30,33,-3,0.04196468226055834,0,0,0,0,0,0,0,0,0,4,1174,19,0,268,1
1g9b,A,1272,ASN,-3.5,114.1,0.0,2,2,-,0.4267515923566879,-84.7,99.2,11.0,12.0,0.4782608695652174,2.1397212351817383,23,31,15,16,0.03683566553982344,0,0,0,0,0,0,0,0,0,-1,0,0,0,0,0
1g9b,A,1273,LEU,3.8,166.7,0.0,0,0,T,0.524390243902439,-66.3,-21.9,8.0,23.0,0.25806451612903225,1.8748371878198489,31,13,14,-1,0.03403802005578621,0,0,0,0,0,1,0,0,0,43,29,18,0,6,1
1g9b,A,1274,LYS,-3.9,168.6,1.0,2,0,T,0.6926829268292682,-80.8,-2.4,1.0,21.0,0.045454545454545456,1.9409408785110687,15,7,0,7,0.028909003335051305,0,0,0,0,0,1,0,0,0,43,29,18,0,6,1
1g9b,A,1275,LEU,3.8,166.7,0.0,0,0,-,0.036585365853658534,-59.8,144.6,24.0,9.0,0.7272727272727273,2.5863488965717334,30,17,10,7,0.040099585271200194,0,0,0,0,0,0,0,0,0,43,29,18,0,6,1
1g9b,A,1276,GLY,-0.4,60.1,0.0,0,0,T,0.13095238095238096,-74.5,-4.4,14.0,22.0,0.3888888888888889,2.497908730456609,35,14,3,11,0.043829779249916496,0,0,0,0,0,1,0,0,0,-1,0,0,0,0,0
1g9b,A,1277,CYS,2.5,108.5,0.0,1,0,T,0.0,-95.7,7.2,22.0,20.0,0.5238095238095238,5.3986625006906115,38,11,7,4,0.05548663543340492,0,0,0,0,0,1,0,0,0,-1,0,0,0,0,0
1g9b,A,1278,ASN,-3.5,114.1,0.0,2,2,-,0.0,-94.1,112.7,18.0,19.0,0.4864864864864865,4.4748936368525785,33,10,12,-2,0.05502036118606539,0,0,0,0,0,0,0,0,0,-1,0,0,0,0,0
1g9b,A,1279,TRP,-0.9,227.8,0.0,1,0,E,0.00881057268722467,-117.9,156.5,18.0,23.0,0.43902439024390244,6.391978139963862,40,3,0,3,0.050823892960009553,0,0,1,0,0,0,0,0,0,-1,0,0,0,0,0
1g9b,A,1280,GLN,-3.5,143.8,0.0,2,2,E,0.0707070707070707,-137.5,143.4,17.0,22.0,0.4358974358974359,4.165395979727301,37,18,9,9,0.0526889899493677,0,0,1,0,0,0,0,0,0,-1,0,0,0,0,0
1g9b,A,1281,PHE,2.8,189.9,0.0,0,0,E,0.0,-104.4,122.1,21.0,22.0,0.4883720930232558,6.138188425792242,40,16,14,2,0.05129016720734909,0,0,1,0,0,0,0,0,0,-1,0,0,0,0,0
1g9b,A,1282,ILE,4.5,166.7,0.0,0,0,E,0.0,-107.7,106.3,14.0,23.0,0.3783783783783784,4.897344147879103,34,31,28,3,0.05595290968074446,0,0,1,0,0,0,0,0,0,-1,0,0,0,0,0
1g9b,A,1283,PRO,-1.6,112.7,0.0,0,0,-,0.03676470588235294,-94.2,159.9,16.0,18.0,0.47058823529411764,2.4819808067722855,30,25,26,-1,0.048492521723311866,0,0,0,0,0,0,0,0,0,-1,0,0,0,0,0
1g9b,A,1284,LYS,-3.9,168.6,1.0,2,0,-,0.6634146341463415,-59.0,143.7,4.0,19.0,0.17391304347826086,1.9068882276763996,19,10,29,-19,0.034970568550465285,0,0,0,0,0,0,0,0,0,-1,0,0,0,0,0
1g9b,A,1285,ASP,-3.5,111.1,-1.0,1,3,B,0.1901840490797546,-146.8,134.5,20.0,6.0,0.7692307692307693,1.844786762571672,29,29,15,14,0.035436842797804825,0,1,0,0,0,0,0,0,0,31,83,12,0,12,1
1g9b,A,1286,GLU,-3.5,138.4,-1.0,1,3,T,0.5824742268041238,-58.1,-23.4,5.0,16.0,0.23809523809523808,1.7595269237342246,23,28,10,18,0.026577632098353617,0,0,0,0,0,1,0,0,0,31,83,12,0,12,1
1g9b,A,1287,GLY,-0.4,60.1,0.0,0,0,T,0.023809523809523808,-79.3,1.3,14.0,11.0,0.56,2.0218852843391066,29,39,22,17,0.04709369898129325,0,0,0,0,0,1,0,0,0,31,83,12,0,12,1
1g9b,A,1288,TRP,-0.9,227.8,0.0,1,0,B,0.06167400881057269,-141.6,111.1,17.0,11.0,0.6071428571428571,3.9967654925707463,30,35,32,3,0.048026247475972325,0,1,0,0,0,0,0,0,0,31,83,12,0,12,1
1g9b,A,1289,THR,-0.7,116.1,0.0,1,1,-,0.38028169014084506,-121.7,144.6,7.0,15.0,0.3181818181818182,1.8710385824060565,23,25,31,-6,0.03870076252918159,0,0,0,0,0,0,0,0,0,59,24,16,0,3,1
1g9b,A,1290,GLU,-3.5,138.4,-1.0,1,3,-,0.4896907216494845,-144.5,360.0,15.0,9.0,0.625,1.9337669888175575,23,24,11,13,0.032639197313767604,0,0,0,0,0,0,0,0,0,59,24,16,0,3,1
1g4j,A,3,HIS,-3.2,153.2,0.1,2,1,-,1.0,360.0,-160.0,3.0,8.0,0.2727272727272727,1.753535828755476,7,15,3,12,0.014454501667525653,0,0,0,0,0,0,0,0,0,2,791,8,0,65,1
1g4j,A,4,HIS,-3.2,153.2,0.1,2,1,-,0.5760869565217391,-57.4,153.3,3.0,15.0,0.16666666666666666,1.8025568561203855,16,24,4,20,0.022381163872297785,0,0,0,0,0,0,0,0,0,2,791,8,0,65,1
1g4j,A,5,TRP,-0.9,227.8,0.0,1,0,-,0.17180616740088106,-70.0,158.2,15.0,10.0,0.6,2.2637138812299202,26,36,5,31,0.040565859518539735,0,0,0,0,0,0,0,0,0,2,791,8,0,65,1
1g4j,A,6,GLY,-0.4,60.1,0.0,0,0,-,0.10714285714285714,-163.9,-152.4,12.0,16.0,0.42857142857142855,2.6457083740435174,28,50,12,38,0.04429605349725603,0,0,0,0,0,0,0,0,0,2,791,8,0,65,1
1g4j,A,7,TYR,-1.3,193.6,0.0,1,1,S,0.16666666666666666,-123.3,12.3,18.0,13.0,0.5806451612903226,2.0418780340727865,32,37,18,19,0.04149840801321881,0,0,0,0,0,0,1,0,0,2,791,8,0,65,1
1g4j,A,8,GLY,-0.4,60.1,0.0,0,0,S,0.40476190476190477,-85.0,177.3,11.0,12.0,0.4782608695652174,1.7096045190928417,19,30,19,11,0.028909003335051305,0,0,0,0,0,0,1,0,0,-1,0,0,0,0,0
1g4j,A,9,LYS,-3.9,168.6,1.0,2,0,T,0.8878048780487805,-53.9,-43.7,0.0,12.0,0.0,1.889299783865341,9,18,8,10,0.024246260861655933,0,0,0,0,0,1,0,0,0,-1,0,0,0,0,0
1g4j,A,10,HIS,-3.2,153.2,0.1,2,1,T,0.9021739130434783,-93.1,-8.2,2.0,12.0,0.14285714285714285,1.7733448962615537,13,27,8,19,0.022847438119637322,0,0,0,0,0,1,0,0,0,16,0,3,0,0,1
1g4j,A,11,ASN,-3.5,114.1,0.0,2,2,T,0.34394904458598724,-139.6,17.6,7.0,11.0,0.3888888888888889,1.7966558406181763,21,50,13,37,0.04196468226055834,0,0,0,0,0,1,0,0,0,2,791,8,0,65,1
1g4j,A,12,GLY,-0.4,60.1,0.0,0,0,S,0.0,-74.9,-174.6,10.0,15.0,0.4,2.6011181514982633,27,54,11,43,0.04196468226055834,0,0,0,0,0,0,1,0,0,-1,0,0,0,0,0
1g4j,A,13,PRO,-1.6,112.7,0.0,0,0,T,0.16911764705882354,-46.7,-36.1,13.0,21.0,0.38235294117647056,2.0646216404376867,30,39,12,27,0.045228601991935104,0,0,0,0,0,1,0,0,0,-1,0,0,0,0,0
1g4j,A,14,GLU,-3.5,138.4,-1.0,1,3,T,0.5979381443298969,-72.3,-14.5,3.0,21.0,0.125,1.7084806958742014,19,52,0,52,0.03124037457174899,0,0,0,0,0,1,0,0,0,16,0,3,0,0,1
1g4j,A,15,HIS,-3.2,153.2,0.1,2,1,T,0.27717391304347827,-99.4,-19.0,10.0,13.0,0.43478260869565216,1.8602424531121629,20,43,16,27,0.03590311704514436,0,0,0,0,0,1,0,0,0,16,0,3,0,0,1
1g4j,A,16,TRP,-0.9,227.8,0.0,1,0,G,0.02643171806167401,-49.8,-36.7,18.0,10.0,0.6428571428571429,2.986599575203171,34,51,18,33,0.05129016720734909,0,0,0,1,0,0,0,0,0,16,0,3,0,0,1
1g4j,A,17,HIS,-3.2,153.2,0.1,2,1,G,0.3641304347826087,-58.1,-25.9,5.0,15.0,0.25,1.9319755785802393,19,31,15,16,0.040099585271200194,0,0,0,1,0,0,0,0,0,16,0,3,0,0,1
1g4j,A,18,LYS,-3.9,168.6,1.0,2,0,G,0.6292682926829268,-63.5,-37.4,9.0,10.0,0.47368421052631576,1.9506708820000693,16,28,14,14,0.027510180593032695,0,0,0,1,0,0,0,0,0,16,0,3,0,0,1
1g4j,A,19,ASP,-3.5,111.1,-1.0,1,3,T,0.7730061349693251,-103.4,-20.6,10.0,9.0,0.5263157894736842,1.724837210518437,16,35,0,35,0.02471253510899547,0,0,0,0,0,1,0,0,0,-1,0,0,0,0,0
1g4j,A,20,PHE,2.8,189.9,0.0,0,0,-,0.3096446700507614,-129.3,82.5,18.0,5.0,0.782608695652174,2.1981656201295823,23,31,8,23,0.03683566553982344,0,0,0,0,0,0,0,0,0,-1,0,0,0,0,0
1g4j,A,21,PRO,-1.6,112.7,0.0,0,0,G,0.7279411764705882,-49.1,-31.1,0.0,19.0,0.0,1.933283656167067,17,28,11,17,0.029375277582390842,0,0,0,1,0,0,0,0,0,-1,0,0,0,0,0
1g4j,A,22,ILE,4.5,166.7,0.0,0,0,G,0.3727810650887574,-60.0,-14.2,14.0,10.0,0.5833333333333334,2.0966979317507004,26,29,21,8,0.034970568550465285,0,0,0,1,0,0,0,0,0,-1,0,0,0,0,0
1g4j,A,23,ALA,1.8,88.6,0.0,0,0,G,0.0660377358490566,-55.2,-31.3,15.0,18.0,0.45454545454545453,2.2353950634439146,30,42,21,21,0.04476232774459557,0,0,0,1,0,0,0,0,0,0,3141,7,0,279,1
1g4j,A,24,LYS,-3.9,168.6,1.0,2,0,G,0.6829268292682927,-99.8,29.1,6.0,18.0,0.25,1.9298839991566479,20,25,12,13,0.032172923066428064,0,0,0,1,0,0,0,0,0,-1,0,0,0,0,0
1g4j,A,25,GLY,-0.4,60.1,0.0,0,0,-,0.17857142857142858,-73.1,-174.9,18.0,7.0,0.72,1.9251959838240063,22,37,17,20,0.03170664881908853,0,0,0,0,0,0,0,0,0,0,3141,7,0,279,1
1g4j,A,26,GLU,-3.5,138.4,-1.0,1,3,S,0.5927835051546392,-87.0,-22.6,2.0,20.0,0.09090909090909091,1.8044653079754829,18,34,6,28,0.03310547156110714,0,0,0,0,0,0,1,0,0,0,3141,7,0,279,1
1g4j,A,27,ARG,-4.5,173.4,1.0,5,0,S,0.1935483870967742,-132.5,57.1,15.0,17.0,0.46875,2.561785164226608,31,16,20,-4,0.04616115048661418,0,0,0,0,0,0,1,0,0,0,3141,7,0,279,1
1g4j,A,28,GLN,-3.5,143.8,0.0,2,2,-,0.015151515151515152,-87.0,151.8,18.0,22.0,0.45,3.209164334618942,35,39,18,21,0.06061565215413983,0,0,0,0,0,0,0,0,0,0,3141,7,0,279,1
1g4j,A,29,SER,-0.8,89.0,0.0,1,1,S,0.0,-125.2,160.6,23.0,22.0,0.5111111111111111,5.306627313378255,39,43,26,17,0.058750555164781684,0,0,0,0,0,0,1,0,0,0,3141,7,0,279,1
1g4j,A,30,PRO,-1.6,112.7,0.0,0,0,-,0.0,-83.4,177.9,20.0,22.0,0.47619047619047616,4.374843008565163,36,39,21,18,0.05688545817542354,0,0,0,0,0,0,0,0,0,-1,0,0,0,0,0
1g4j,A,31,VAL,4.2,140.0,0.0,0,0,-,0.0,-136.9,166.0,20.0,18.0,0.5263157894736842,2.902897663384423,35,37,24,13,0.04709369898129325,0,0,0,0,0,0,0,0,0,0,3141,7,0,279,1
1g4j,A,32,ASP,-3.5,111.1,-1.0,1,3,E,0.19631901840490798,-88.4,134.9,12.0,22.0,0.35294117647058826,1.995267199608587,28,31,19,12,0.04429605349725603,0,0,1,0,0,0,0,0,0,9,24,4,0,1,1
1g4j,A,33,ILE,4.5,166.7,0.0,0,0,E,0.005917159763313609,-98.0,107.0,22.0,14.0,0.6111111111111112,3.7152706647448035,34,37,27,10,0.045694876239274644,0,0,1,0,0,0,0,0,0,9,24,4,0,1,1
1g4j,A,34,ASP,-3.5,111.1,-1.0,1,3,-,0.36809815950920244,-88.3,103.8,5.0,16.0,0.23809523809523808,1.7872241284830968,16,21,16,5,0.03916703677652112,0,0,0,0,0,0,0,0,0,9,24,4,0,1,1
1g4j,A,35,THR,-0.7,116.1,0.0,1,1,T,0.3380281690140845,-57.6,-25.2,9.0,15.0,0.375,2.010027894043698,19,23,23,0,0.03450429430312575,0,0,0,0,0,1,0,0,0,15,24,0,0,0,1
1g4j,A,36,HIS,-3.2,153.2,0.1,2,1,T,0.8967391304347826,-86.0,-5.4,1.0,14.0,0.06666666666666667,1.8010308462932898,9,2,16,-14,0.020049792635600097,0,0,0,0,0,1,0,0,0,15,24,0,0,0,1
1g4j,A,37,THR,-0.7,116.1,0.0,1,1,T,0.7394366197183099,-122.0,-3.0,7.0,11.0,0.3888888888888889,1.8405279268105588,16,24,14,10,0.02331371236697686,0,0,0,0,0,1,0,0,0,9,24,4,0,1,1
1g4j,A,38,ALA,1.8,88.6,0.0,0,0,S,0.18867924528301888,-72.7,133.2,18.0,6.0,0.75,1.8189897049479018,24,32,16,16,0.03916703677652112,0,0,0,0,0,0,1,0,0,-1,0,0,0,0,0
1g4j,A,39,LYS,-3.9,168.6,1.0,2,0,E,0.6341463414634146,-93.4,125.1,7.0,16.0,0.30434782608695654,2.126667596901476,19,15,9,6,0.03357174580844668,0,0,1,0,0,0,0,0,0,-1,0,0,0,0,0
1g4j,A,40,TYR,-1.3,193.6,0.0,1,1,E,0.4009009009009009,-68.3,126.2,4.0,17.0,0.19047619047619047,2.0090954915250725,15,26,8,18,0.03916703677652112,0,0,1,0,0,0,0,0,0,1,720,8,0,66,1
1g4j,A,41,ASP,-3.5,111.1,-1.0,1,3,-,0.19631901840490798,-118.0,103.3,18.0,4.0,0.8181818181818182,1.890113580991296,19,29,0,29,0.034970568550465285,0,0,0,0,0,0,0,0,0,-1,0,0,0,0,0
1g4j,A,42,PRO,-1.6,112.7,0.0,0,0,T,0.7205882352941176,-65.8,-11.2,0.0,14.0,0.0,1.9695645741290868,13,29,8,21,0.025645083603674543,0,0,0,0,0,1,0,0,0,-1,0,0,0,0,0
1g4j,A,43,SER,-0.8,89.0,0.0,1,1,T,0.6153846153846154,-88.6,-6.8,2.0,13.0,0.13333333333333333,1.7841100579183087,15,15,8,7,0.02098234113027917,0,0,0,0,0,1,0,0,0,-1,0,0,0,0,0
1g4j,A,44,LEU,3.8,166.7,0.0,0,0,P,0.18292682926829268,-69.0,127.1,19.0,6.0,0.76,2.143130249013911,22,20,10,10,0.03730193978716297,0,0,0,0,0,0,0,0,0,-1,0,0,0,0,0
1g4j,A,45,LYS,-3.9,168.6,1.0,2,0,P,0.624390243902439,-83.3,157.9,8.0,15.0,0.34782608695652173,1.939437570349843,16,5,10,-5,0.03170664881908853,0,0,0,0,0,0,0,0,0,-1,0,0,0,0,0
1g4j,A,46,PRO,-1.6,112.7,0.0,0,0,P,0.8014705882352942,-67.1,149.9,3.0,21.0,0.125,1.8701357623428143,19,14,7,7,0.029375277582390842,0,0,0,0,0,0,0,0,0,8,24,5,0,1,1
1g4j,A,47,LEU,3.8,166.7,0.0,0,0,E,0.11585365853658537,-71.0,148.7,17.0,11.0,0.6071428571428571,2.539533265080928,27,18,7,11,0.03776821403450251,0,0,1,0,0,0,0,0,0,8,24,5,0,1,1
1g4j,A,48,SER,-0.8,89.0,0.0,1,1,E,0.38461538461538464,-125.6,103.6,10.0,12.0,0.45454545454545453,2.2351255350486134,24,18,1,17,0.02984155182973038,0,0,1,0,0,0,0,0,0,8,24,5,0,1,1
1g4j,A,49,VAL,4.2,140.0,0.0,0,0,E,0.2323943661971831,-104.2,114.4,9.0,20.0,0.3103448275862069,2.0160134151351388,29,25,7,18,0.0363693912924839,0,0,1,0,0,0,0,0,0,8,24,5,0,1,1
1g4j,A,50,SER,-0.8,89.0,0.0,1,1,E,0.3076923076923077,-118.3,90.7,12.0,10.0,0.5454545454545454,1.9868219431530039,25,31,15,16,0.03403802005578621,0,0,1,0,0,0,0,0,0,8,24,5,0,1,1
1g4j,A,51,TYR,-1.3,193.6,0.0,1,1,-,0.009009009009009009,-111.6,11.1,15.0,16.0,0.4838709677419355,3.059112879877899,32,28,18,10,0.04196468226055834,0,0,0,0,0,0,0,0,0,-1,0,0,0,0,0
1g4j,A,52,ASP,-3.5,111.1,-1.0,1,3,T,0.5766871165644172,-62.5,-26.4,2.0,18.0,0.1,1.6959313648699526,14,16,8,8,0.02984155182973038,0,0,0,0,0,1,0,0,0,14,24,0,0,0,1
1g4j,A,53,GLN,-3.5,143.8,0.0,2,2,T,0.6212121212121212,-105.1,15.7,8.0,14.0,0.36363636363636365,1.823751642474602,17,15,20,-5,0.027510180593032695,0,0,0,0,0,1,0,0,0,14,24,0,0,0,1
1g4j,A,54,ALA,1.8,88.6,0.0,0,0,-,0.2169811320754717,-59.5,137.7,22.0,9.0,0.7096774193548387,1.9021926057098288,27,18,32,-14,0.04476232774459557,0,0,0,0,0,0,0,0,0,14,24,0,0,0,1
1g4j,A,55,THR,-0.7,116.1,0.0,1,1,-,0.3380281690140845,-123.8,101.9,7.0,23.0,0.23333333333333334,2.4040700891066744,25,12,31,-19,0.04149840801321881,0,0,0,0,0,0,0,0,0,3,914,6,0,63,1
1g4j,A,56,SER,-0.8,89.0,0.0,1,1,E,0.0,-81.2,151.2,18.0,14.0,0.5625,2.9417043844180597,27,12,30,-18,0.048026247475972325,0,0,1,0,0,0,0,0,0,-1,0,0,0,0,0
1g4j,A,57,LEU,3.8,166.7,0.0,0,0,E,0.4634146341463415,-125.2,-47.6,6.0,17.0,0.2608695652173913,2.1103813963721687,21,13,28,-15,0.04149840801321881,0,0,1,0,0,0,0,0,0,3,914,6,0,63,1
1g4j,A,58,ARG,-4.5,173.4,1.0,5,0,E,0.3467741935483871,-148.8,156.9,8.0,19.0,0.2962962962962963,2.3947167167572982,25,4,18,-14,0.04243095650789788,0,0,1,0,0,0,0,0,0,7,24,10,0,2,1
1g4j,A,59,ILE,4.5,166.7,0.0,0,0,E,0.0,-123.3,133.5,19.0,16.0,0.5428571428571428,4.894770480535448,36,22,20,2,0.048958795970651406,0,0,1,0,0,0,0,0,0,7,24,10,0,2,1
1g4j,A,60,LEU,3.8,166.7,0.0,0,0,E,0.17682926829268292,-136.4,139.1,12.0,21.0,0.36363636363636365,3.5182447171045665,30,35,12,23,0.04755997322863279,0,0,1,0,0,0,0,0,0,7,24,10,0,2,1
1g4j,A,61,ASN,-3.5,114.1,0.0,2,2,E,0.0,-95.1,110.5,21.0,12.0,0.6363636363636364,4.163130019962275,33,37,4,33,0.05129016720734909,0,0,1,0,0,0,0,0,0,7,24,10,0,2,1
1g4j,A,62,ASN,-3.5,114.1,0.0,2,2,-,0.3184713375796178,-97.9,13.0,8.0,17.0,0.32,2.034642709228145,33,37,3,34,0.0363693912924839,0,0,0,0,0,0,0,0,0,-1,0,0,0,0,0
1g4j,A,63,GLY,-0.4,60.1,0.0,0,0,S,0.07142857142857142,89.6,-12.0,8.0,22.0,0.26666666666666666,2.095193047771714,31,30,6,24,0.03963331102386066,0,0,0,0,0,0,1,0,0,-1,0,0,0,0,0
1g4j,A,64,HIS,-3.2,153.2,0.1,2,1,S,0.15760869565217392,-120.4,-30.5,12.0,25.0,0.32432432432432434,2.00358192926672,32,27,3,24,0.04662742473395372,0,0,0,0,0,0,1,0,0,-1,0,0,0,0,0
1g4j,A,65,ALA,1.8,88.6,0.0,0,0,S,0.05660377358490566,-169.8,-169.3,17.0,26.0,0.3953488372093023,2.8396371387060553,36,40,2,38,0.0526889899493677,0,0,0,0,0,0,1,0,0,-1,0,0,0,0,0
1g4j,A,66,PHE,2.8,189.9,0.0,0,0,E,0.0,-121.3,131.7,25.0,16.0,0.6097560975609756,5.760076107167088,38,37,4,33,0.05035761871267001,0,0,1,0,0,0,0,0,0,-1,0,0,0,0,0
1g4j,A,67,ASN,-3.5,114.1,0.0,2,2,E,0.12101910828025478,-109.4,139.7,14.0,20.0,0.4117647058823529,2.8531493614002827,32,36,9,27,0.04942507021799094,0,0,1,0,0,0,0,0,0,-1,0,0,0,0,0
1g4j,A,68,VAL,4.2,140.0,0.0,0,0,E,0.0,-106.7,121.0,22.0,19.0,0.5365853658536586,5.088551730403538,36,21,15,6,0.05455408693872585,0,0,1,0,0,0,0,0,0,-1,0,0,0,0,0
1g4j,A,69,GLU,-3.5,138.4,-1.0,1,3,E,0.26288659793814434,-96.6,145.5,11.0,24.0,0.3142857142857143,2.34334199900996,25,15,17,-2,0.050823892960009553,0,0,1,0,0,0,0,0,0,-1,0,0,0,0,0
1g4j,A,70,PHE,2.8,189.9,0.0,0,0,E,0.04568527918781726,-123.2,153.8,23.0,13.0,0.6388888888888888,3.840973458430326,34,26,29,-3,0.045228601991935104,0,0,1,0,0,0,0,0,0,3,914,6,0,63,1
1g4j,A,71,ASP,-3.5,111.1,-1.0,1,3,-,0.2392638036809816,-73.3,113.6,14.0,12.0,0.5384615384615384,2.1357245350697656,20,20,19,1,0.03590311704514436,0,0,0,0,0,0,0,0,0,3,914,6,0,63,1
1g4j,A,72,ASP,-3.5,111.1,-1.0,1,3,-,0.2392638036809816,-112.8,28.4,16.0,12.0,0.5714285714285714,1.8724070933737555,23,23,26,-3,0.043363505002576956,0,0,0,0,0,0,0,0,0,3,914,6,0,63,1
1g4j,A,73,SER,-0.8,89.0,0.0,1,1,S,0.5769230769230769,-77.3,-15.6,3.0,18.0,0.14285714285714285,1.804121217688128,18,17,26,-9,0.025645083603674543,0,0,0,0,0,0,1,0,0,3,914,6,0,63,1
1g4j,A,74,GLN,-3.5,143.8,0.0,2,2,S,0.6111111111111112,-144.7,171.2,4.0,16.0,0.2,2.149521414599048,15,17,24,-7,0.027043906345693154,0,0,0,0,0,0,1,0,0,3,914,6,0,63,1
1g4j,A,75,ASP,-3.5,111.1,-1.0,1,3,S,0.5766871165644172,-76.5,64.6,11.0,18.0,0.3793103448275862,1.7177615156153976,18,23,11,12,0.03170664881908853,0,0,0,0,0,0,1,0,0,-1,0,0,0,0,0
1g4j,A,76,LYS,-3.9,168.6,1.0,2,0,S,0.25365853658536586,-86.6,-45.8,12.0,13.0,0.48,1.975695663257874,20,11,31,-20,0.043829779249916496,0,0,0,0,0,0,1,0,0,14,24,0,0,0,1
1g4j,A,77,ALA,1.8,88.6,0.0,0,0,S,0.07547169811320754,-128.6,110.4,19.0,15.0,0.5588235294117647,3.2010962349074026,34,36,33,3,0.048958795970651406,0,0,0,0,0,0,1,0,0,-1,0,0,0,0,0
1g4j,A,78,VAL,4.2,140.0,0.0,0,0,E,0.1056338028169014,-129.5,163.6,12.0,27.0,0.3076923076923077,3.020752470284006,31,37,18,19,0.050823892960009553,0,0,1,0,0,0,0,0,0,-1,0,0,0,0,0
1g4j,A,79,LEU,3.8,166.7,0.0,0,0,E,0.0,-126.7,129.8,18.0,18.0,0.5,5.571382373318439,36,26,5,21,0.050823892960009553,0,0,1,0,0,0,0,0,0,8,24,5,0,1,1
1g4j,A,80,LYS,-3.9,168.6,1.0,2,0,E,0.43902439024390244,-142.7,176.2,9.0,22.0,0.2903225806451613,2.4393571350973633,24,13,11,2,0.04289723075523742,0,0,1,0,0,0,0,0,0,8,24,5,0,1,1
1g4j,A,81,GLY,-0.4,60.1,0.0,0,0,E,0.21428571428571427,77.9,-162.5,11.0,12.0,0.4782608695652174,2.3576185335127393,25,18,7,11,0.03776821403450251,0,0,1,0,0,0,0,0,0,11,18,4,0,0,1
1g4j,A,82,GLY,-0.4,60.1,0.0,0,0,T,0.011904761904761904,62.9,-135.7,25.0,10.0,0.7142857142857143,2.565068545411417,28,17,12,5,0.040565859518539735,0,0,0,0,0,1,0,0,0,11,18,4,0,0,1
1g4j,A,83,PRO,-1.6,112.7,0.0,0,0,T,0.36764705882352944,-91.5,8.3,19.0,16.0,0.5428571428571428,2.3291923979034395,33,23,14,9,0.03403802005578621,0,0,0,0,0,1,0,0,0,11,18,4,0,0,1
1g4j,A,84,LEU,3.8,166.7,0.0,0,0,-,0.08536585365853659,-91.3,141.9,26.0,8.0,0.7647058823529411,2.3828119202991207,30,22,15,7,0.032639197313767604,0,0,0,0,0,0,0,0,0,11,18,4,0,0,1
1g4j,A,85,ASP,-3.5,111.1,-1.0,1,3,-,0.7668711656441718,-115.5,118.3,1.0,21.0,0.045454545454545456,1.740384972319104,16,19,8,11,0.025645083603674543,0,0,0,0,0,0,0,0,0,11,18,4,0,0,1
1g4j,A,86,GLY,-0.4,60.1,0.0,0,0,S,0.4166666666666667,107.3,175.4,12.0,11.0,0.5217391304347826,1.709633109542038,23,22,18,4,0.032639197313767604,0,0,0,0,0,0,1,0,0,11,18,4,0,0,1
1g4j,A,87,THR,-0.7,116.1,0.0,1,1,-,0.23943661971830985,-103.8,135.1,10.0,21.0,0.3225806451612903,2.171657014292399,25,38,17,21,0.040565859518539735,0,0,0,0,0,0,0,0,0,-1,0,0,0,0,0
1g4j,A,88,TYR,-1.3,193.6,0.0,1,1,E,0.018018018018018018,-119.5,130.8,25.0,20.0,0.5555555555555556,4.2677032314893,36,35,19,16,0.05502036118606539,0,0,1,0,0,0,0,0,0,11,18,4,0,0,1
1g4j,A,89,ARG,-4.5,173.4,1.0,5,0,E,0.1814516129032258,-96.6,137.9,19.0,23.0,0.4523809523809524,4.225245760587878,32,22,29,-7,0.056419183928083996,0,0,1,0,0,0,0,0,0,-1,0,0,0,0,0
1g4j,A,90,LEU,3.8,166.7,0.0,0,0,E,0.012195121951219513,-71.7,127.2,23.0,19.0,0.5476190476190477,6.237310791716506,40,30,26,4,0.05455408693872585,0,0,1,0,0,0,0,0,0,-1,0,0,0,0,0
1g4j,A,91,ILE,4.5,166.7,0.0,0,0,E,0.24260355029585798,-111.4,-37.5,13.0,27.0,0.325,2.6850068207425046,32,25,25,0,0.04662742473395372,0,0,1,0,0,0,0,0,0,-1,0,0,0,0,0
1g4j,A,92,GLN,-3.5,143.8,0.0,2,2,E,0.19696969696969696,-164.5,160.0,11.0,26.0,0.2972972972972973,2.891322835931573,32,33,14,19,0.04662742473395372,0,0,1,0,0,0,0,0,0,-1,0,0,0,0,0
1g4j,A,93,PHE,2.8,189.9,0.0,0,0,E,0.0,-132.3,151.4,16.0,18.0,0.47058823529411764,6.315506986972945,37,27,13,14,0.0526889899493677,0,0,1,0,0,0,0,0,0,-1,0,0,0,0,0
1g4j,A,94,HIS,-3.2,153.2,0.1,2,1,E,0.11956521739130435,-154.2,175.3,17.0,19.0,0.4722222222222222,2.9349000030573906,36,25,14,11,0.05175644145468863,0,0,1,0,0,0,0,0,0,-1,0,0,0,0,0
1g4j,A,95,PHE,2.8,189.9,0.0,0,0,E,0.0,-130.5,164.8,21.0,21.0,0.5,6.4866003927011295,39,32,12,20,0.05502036118606539,0,0,1,0,0,0,0,0,0,-1,0,0,0,0,0
1g4j,A,96,HIS,-3.2,153.2,0.1,2,1,E,0.021739130434782608,-131.1,134.8,22.0,19.0,0.5365853658536586,3.346607377591899,43,37,24,13,0.058284280917442144,0,0,1,0,0,0,0,0,0,-1,0,0,0,0,0
1g4j,A,97,TRP,-0.9,227.8,0.0,1,0,E,0.0,-146.8,170.7,22.0,21.0,0.5116279069767442,5.631438162841788,37,37,17,20,0.05781800667010261,0,0,1,0,0,0,0,0,0,-1,0,0,0,0,0
1g4j,A,98,GLY,-0.4,60.1,0.0,0,0,-,0.0,-112.8,179.2,17.0,18.0,0.4857142857142857,4.6790613453920775,30,21,19,2,0.05408781269138631,0,0,0,0,0,0,0,0,0,5,324,4,0,13,1
1g4j,A,99,SER,-0.8,89.0,0.0,1,1,S,0.34615384615384615,-86.1,-15.7,4.0,22.0,0.15384615384615385,2.0911619215763264,22,13,16,-3,0.03450429430312575,0,0,0,0,0,0,1,0,0,5,324,4,0,13,1
1g4j,A,100,LEU,3.8,166.7,0.0,0,0,S,0.6707317073170732,-135.7,155.2,3.0,18.0,0.14285714285714285,2.3029666778917512,20,10,14,-4,0.027510180593032695,0,0,0,0,0,0,1,0,0,5,324,4,0,13,1
1g4j,A,101,ASP,-3.5,111.1,-1.0,1,3,T,0.44785276073619634,-61.4,-23.7,11.0,19.0,0.36666666666666664,1.7152414664800641,25,19,2,17,0.03170664881908853,0,0,0,0,0,1,0,0,0,5,324,4,0,13,1
1g4j,A,102,GLY,-0.4,60.1,0.0,0,0,T,0.6666666666666666,-80.9,4.6,0.0,20.0,0.0,1.7095893384078529,22,28,11,17,0.026577632098353617,0,0,0,0,0,1,0,0,0,5,324,4,0,13,1
1g4j,A,103,GLN,-3.5,143.8,0.0,2,2,-,0.26262626262626265,-151.8,161.6,9.0,21.0,0.3,2.494136093802267,26,22,19,3,0.040565859518539735,0,0,0,0,0,0,0,0,0,5,324,4,0,13,1
1g4j,A,104,GLY,-0.4,60.1,0.0,0,0,-,0.0,147.9,-37.3,22.0,13.0,0.6285714285714286,4.529323309513244,36,40,32,8,0.05735173242276307,0,0,0,0,0,0,0,0,0,-1,0,0,0,0,0
1g4j,A,105,SER,-0.8,89.0,0.0,1,1,-,0.007692307692307693,-72.7,158.7,20.0,22.0,0.47619047619047616,3.0289232911516595,38,51,29,22,0.06061565215413983,0,0,0,0,0,0,0,0,0,-1,0,0,0,0,0
1g4j,A,106,GLU,-3.5,138.4,-1.0,1,3,S,0.010309278350515464,-94.2,-52.9,19.0,22.0,0.4634146341463415,2.9718424185407875,44,50,14,36,0.05688545817542354,0,0,0,0,0,0,1,0,0,-1,0,0,0,0,0
1g4j,A,107,HIS,-3.2,153.2,0.1,2,1,S,0.0,-78.5,154.7,21.0,26.0,0.44680851063829785,4.8428892822601535,41,31,28,3,0.050823892960009553,0,0,0,0,0,0,1,0,0,-1,0,0,0,0,0
1g4j,A,108,THR,-0.7,116.1,0.0,1,1,E,0.06338028169014084,-132.0,154.1,15.0,21.0,0.4166666666666667,3.2125268710747137,29,39,32,7,0.050823892960009553,0,0,1,0,0,0,0,0,0,-1,0,0,0,0,0
1g4j,A,109,VAL,4.2,140.0,0.0,0,0,E,0.1056338028169014,-118.0,112.4,11.0,18.0,0.3793103448275862,2.355042770413835,25,40,27,13,0.04476232774459557,0,0,1,0,0,0,0,0,0,-1,0,0,0,0,0
1g4j,A,110,ASP,-3.5,111.1,-1.0,1,3,T,0.4233128834355828,57.7,37.6,3.0,13.0,0.1875,1.8207558510132071,18,31,16,15,0.032639197313767604,0,0,0,0,0,1,0,0,0,15,24,0,0,0,1
1g4j,A,111,LYS,-3.9,168.6,1.0,2,0,T,0.7560975609756098,76.6,-3.3,0.0,18.0,0.0,1.9479222381592771,15,19,24,-5,0.02984155182973038,0,0,0,0,0,1,0,0,0,-1,0,0,0,0,0
1g4j,A,112,LYS,-3.9,168.6,1.0,2,0,B,0.5658536585365853,-77.7,126.2,7.0,16.0,0.30434782608695654,2.1962077133972535,22,26,15,11,0.03124037457174899,0,1,0,0,0,0,0,0,0,-1,0,0,0,0,0
1g4j,A,113,LYS,-3.9,168.6,1.0,2,0,-,0.4195121951219512,-98.7,139.1,16.0,17.0,0.48484848484848486,1.9671517626913362,27,24,24,0,0.04243095650789788,0,0,0,0,0,0,0,0,0,-1,0,0,0,0,0
1g4j,A,114,TYR,-1.3,193.6,0.0,1,1,-,0.14414414414414414,-100.2,176.0,23.0,15.0,0.6052631578947368,2.3858367057218035,32,39,22,17,0.04616115048661418,0,0,0,0,0,0,0,0,0,-1,0,0,0,0,0
1g4j,A,115,ALA,1.8,88.6,0.0,0,0,S,0.018867924528301886,-68.1,-32.0,17.0,24.0,0.4146341463414634,2.9734881511283477,38,35,22,13,0.048026247475972325,0,0,0,0,0,0,1,0,0,-1,0,0,0,0,0
1g4j,A,116,ALA,1.8,88.6,0.0,0,0,E,0.009433962264150943,-164.0,171.7,21.0,24.0,0.4666666666666667,5.614712969349488,38,41,28,13,0.0526889899493677,0,0,1,0,0,0,0,0,0,-1,0,0,0,0,0
1g4j,A,117,GLU,-3.5,138.4,-1.0,1,3,E,0.0,-142.4,130.1,21.0,23.0,0.4772727272727273,6.480000122069484,40,47,9,38,0.058284280917442144,0,0,1,0,0,0,0,0,0,-1,0,0,0,0,0
1g4j,A,118,LEU,3.8,166.7,0.0,0,0,E,0.0,-96.8,133.0,19.0,22.0,0.4634146341463415,6.970991704829283,39,32,13,19,0.05129016720734909,0,0,1,0,0,0,0,0,0,-1,0,0,0,0,0
1g4j,A,119,HIS,-3.2,153.2,0.1,2,1,E,0.016304347826086956,-119.6,116.1,23.0,18.0,0.5609756097560976,2.8962761049198527,40,31,17,14,0.05548663543340492,0,0,1,0,0,0,0,0,0,-1,0,0,0,0,0
1g4j,A,120,LEU,3.8,166.7,0.0,0,0,E,0.0,-99.9,108.8,19.0,21.0,0.475,6.0313965005824794,36,33,5,28,0.053621538444046775,0,0,1,0,0,0,0,0,0,-1,0,0,0,0,0
1g4j,A,121,VAL,4.2,140.0,0.0,0,0,E,0.11267605633802817,-92.0,127.5,19.0,22.0,0.4634146341463415,3.2875174279698998,34,36,6,30,0.048026247475972325,0,0,1,0,0,0,0,0,0,-1,0,0,0,0,0
1g4j,A,122,HIS,-3.2,153.2,0.1,2,1,E,0.0,-130.0,151.0,25.0,20.0,0.5555555555555556,6.228779413241043,39,16,4,12,0.0526889899493677,0,0,1,0,0,0,0,0,0,-1,0,0,0,0,0
1g4j,A,123,TRP,-0.9,227.8,0.0,1,0,E,0.02643171806167401,-124.7,146.5,17.0,27.0,0.38636363636363635,3.611320595091464,32,33,25,8,0.05408781269138631,0,0,1,0,0,0,0,0,0,12,17,4,0,0,1
1g4j,A,124,ASN,-3.5,114.1,0.0,2,2,E,0.012738853503184714,-67.3,114.5,18.0,19.0,0.4864864864864865,3.3058994248538363,30,32,21,11,0.05548663543340492,0,0,1,0,0,0,0,0,0,-1,0,0,0,0,0
1g4j,A,125,THR,-0.7,116.1,0.0,1,1,G,0.2676056338028169,-58.6,-27.5,15.0,19.0,0.4411764705882353,1.9661391746031949,27,27,23,4,0.043363505002576956,0,0,0,1,0,0,0,0,0,-1,0,0,0,0,0
1g4j,A,127,LYS,-3.9,168.6,1.0,2,0,G,0.6,-61.6,-13.2,7.0,12.0,0.3684210526315789,1.9552990554168466,16,5,20,-15,0.025645083603674543,0,0,0,1,0,0,0,0,0,-1,0,0,0,0,0
1g4j,A,128,TYR,-1.3,193.6,0.0,1,1,G,0.21171171171171171,-95.8,0.1,16.0,5.0,0.7619047619047619,2.283457932758879,22,18,17,1,0.03916703677652112,0,0,0,1,0,0,0,0,0,17,1,1,0,0,1
1g4j,A,129,GLY,-0.4,60.1,0.0,0,0,S,0.6666666666666666,80.5,-50.7,4.0,17.0,0.19047619047619047,1.7096383936536266,19,24,15,9,0.02844272908771177,0,0,0,0,0,0,1,0,0,12,17,4,0,0,1
1g4j,A,130,ASP,-3.5,111.1,-1.0,1,3,S,0.4049079754601227,-146.3,162.0,1.0,22.0,0.043478260869565216,2.0938620935983008,18,17,6,11,0.03310547156110714,0,0,0,0,0,0,1,0,0,12,17,4,0,0,1
1g4j,A,131,VAL,4.2,140.0,0.0,0,0,H,0.2605633802816901,-59.5,-38.4,10.0,17.0,0.37037037037037035,1.9333342768933188,27,23,15,8,0.03823448828184205,1,0,0,0,0,0,0,0,0,12,17,4,0,0,1
1g4j,A,132,GLY,-0.4,60.1,0.0,0,0,H,0.44047619047619047,-56.7,-39.4,0.0,17.0,0.0,1.7097806127368733,18,9,9,0,0.02471253510899547,1,0,0,0,0,0,0,0,0,12,17,4,0,0,1
1g4j,A,133,LYS,-3.9,168.6,1.0,2,0,H,0.48292682926829267,-76.8,-37.9,6.0,12.0,0.3333333333333333,1.984390259770532,15,5,8,-3,0.034970568550465285,1,0,0,0,0,0,0,0,0,17,1,1,0,0,1
1g4j,A,134,ALA,1.8,88.6,0.0,0,0,H,0.0,-59.0,-36.4,18.0,9.0,0.6666666666666666,4.099025036120904,27,20,18,2,0.05455408693872585,1,0,0,0,0,0,0,0,0,17,1,1,0,0,1
1g4j,A,135,VAL,4.2,140.0,0.0,0,0,T,0.2746478873239437,-67.2,-13.6,8.0,20.0,0.2857142857142857,2.3922337998517884,25,11,18,-7,0.04103213376587927,0,0,0,0,0,1,0,0,0,17,1,1,0,0,1
1g4j,A,136,GLN,-3.5,143.8,0.0,2,2,T,0.7323232323232324,-91.4,1.7,6.0,17.0,0.2608695652173913,1.831253533036674,15,9,11,-2,0.03357174580844668,0,0,0,0,0,1,0,0,0,17,1,1,0,0,1
1g4j,A,137,GLN,-3.5,143.8,0.0,2,2,S,0.3333333333333333,-113.9,145.0,16.0,9.0,0.64,1.9886243867692481,22,18,15,3,0.03357174580844668,0,0,0,0,0,0,1,0,0,17,1,1,0,0,1
1g4j,A,138,PRO,-1.6,112.7,0.0,0,0,T,0.5735294117647058,-63.0,-20.6,2.0,21.0,0.08695652173913043,1.833897138527343,22,10,16,-6,0.03124037457174899,0,0,0,0,0,1,0,0,0,17,1,1,0,0,1
1g4j,A,139,ASP,-3.5,111.1,-1.0,1,3,T,0.2822085889570552,-125.0,35.0,8.0,25.0,0.24242424242424243,2.165837285820163,29,18,11,7,0.040565859518539735,0,0,0,0,0,1,0,0,0,17,1,1,0,0,1
1g4j,A,140,GLY,-0.4,60.1,0.0,0,0,S,0.0,-75.0,-34.3,16.0,21.0,0.43243243243243246,5.342468007294871,36,26,19,7,0.05455408693872585,0,0,0,0,0,0,1,0,0,-1,0,0,0,0,0
1g4j,A,141,LEU,3.8,166.7,0.0,0,0,E,0.036585365853658534,-122.9,157.7,21.0,24.0,0.4666666666666667,3.9003404532598456,39,21,14,7,0.05175644145468863,0,0,1,0,0,0,0,0,0,-1,0,0,0,0,0
1g4j,A,142,ALA,1.8,88.6,0.0,0,0,E,0.0,-136.6,119.7,21.0,27.0,0.4375,5.177722573982533,45,26,8,18,0.053621538444046775,0,0,1,0,0,0,0,0,0,-1,0,0,0,0,0
1g4j,A,143,VAL,4.2,140.0,0.0,0,0,E,0.035211267605633804,-114.5,125.5,21.0,25.0,0.45652173913043476,3.6862877744297298,42,35,4,31,0.05175644145468863,0,0,1,0,0,0,0,0,0,-1,0,0,0,0,0
1g4j,A,144,LEU,3.8,166.7,0.0,0,0,E,0.0,-92.5,115.7,24.0,24.0,0.5,6.304291309435156,43,27,5,22,0.05129016720734909,0,0,1,0,0,0,0,0,0,-1,0,0,0,0,0
1g4j,A,145,GLY,-0.4,60.1,0.0,0,0,E,0.0,-103.9,131.1,21.0,22.0,0.4883720930232558,6.692485653487482,44,34,20,14,0.050823892960009553,0,0,1,0,0,0,0,0,0,-1,0,0,0,0,0
1g4j,A,146,ILE,4.5,166.7,0.0,0,0,E,0.0,-130.3,127.0,18.0,23.0,0.43902439024390244,6.892536115339941,41,28,18,10,0.0526889899493677,0,0,1,0,0,0,0,0,0,-1,0,0,0,0,0
1g4j,A,147,PHE,2.8,189.9,0.0,0,0,E,0.0,-83.0,148.4,18.0,20.0,0.47368421052631576,4.154007010302133,37,44,22,22,0.050823892960009553,0,0,1,0,0,0,0,0,0,-1,0,0,0,0,0
1g4j,A,148,LEU,3.8,166.7,0.0,0,0,E,0.012195121951219513,-118.6,130.6,25.0,19.0,0.5681818181818182,5.32280022315362,39,26,16,10,0.04755997322863279,0,0,1,0,0,0,0,0,0,-1,0,0,0,0,0
1g4j,A,149,LYS,-3.9,168.6,1.0,2,0,E,0.45365853658536587,-119.5,147.1,8.0,25.0,0.24242424242424243,2.3880752669408416,24,9,11,-2,0.04289723075523742,0,0,1,0,0,0,0,0,0,-1,0,0,0,0,0
1g4j,A,150,VAL,4.2,140.0,0.0,0,0,E,0.3028169014084507,-77.7,132.3,14.0,15.0,0.4827586206896552,1.90965942677208,27,16,13,3,0.0363693912924839,0,0,1,0,0,0,0,0,0,-1,0,0,0,0,0
1g4j,A,151,GLY,-0.4,60.1,0.0,0,0,S,0.47619047619047616,-176.4,-121.5,8.0,10.0,0.4444444444444444,1.837507505103075,16,15,12,3,0.02611135785101408,0,0,0,0,0,0,1,0,0,-1,0,0,0,0,0
1g4j,A,152,SER,-0.8,89.0,0.0,1,1,S,0.6692307692307692,-76.6,151.2,5.0,13.0,0.2777777777777778,1.9525277892806603,14,18,3,15,0.024246260861655933,0,0,0,0,0,0,1,0,0,-1,0,0,0,0,0
1g4j,A,153,ALA,1.8,88.6,0.0,0,0,-,0.5566037735849056,-66.7,145.0,7.0,14.0,0.3333333333333333,1.9026146056330817,19,11,9,2,0.032639197313767604,0,0,0,0,0,0,0,0,0,-1,0,0,0,0,0
1g4j,A,154,LYS,-3.9,168.6,1.0,2,0,-,0.22926829268292684,-103.8,108.9,21.0,6.0,0.7777777777777778,2.1991959297781114,30,6,1,5,0.03590311704514436,0,0,0,0,0,0,0,0,0,4,342,7,0,25,1
1g4j,A,155,PRO,-1.6,112.7,0.0,0,0,G,0.8088235294117647,-50.8,-46.6,3.0,18.0,0.14285714285714285,1.908782844738824,21,18,2,16,0.02331371236697686,0,0,0,1,0,0,0,0,0,-1,0,0,0,0,0
1g4j,A,156,GLY,-0.4,60.1,0.0,0,0,G,0.2976190476190476,-59.6,-21.6,9.0,14.0,0.391304347826087,1.7781318900307324,25,23,10,13,0.03683566553982344,0,0,0,1,0,0,0,0,0,4,342,7,0,25,1
1g4j,A,157,LEU,3.8,166.7,0.0,0,0,G,0.006097560975609756,-87.3,-19.4,18.0,15.0,0.5454545454545454,4.633951221062043,35,20,11,9,0.043363505002576956,0,0,0,1,0,0,0,0,0,4,342,7,0,25,1
1g4j,A,158,GLN,-3.5,143.8,0.0,2,2,H,0.3181818181818182,-55.9,-38.9,5.0,18.0,0.21739130434782608,2.0630356659871447,21,22,12,10,0.034970568550465285,1,0,0,0,0,0,0,0,0,-1,0,0,0,0,0
1g4j,A,159,LYS,-3.9,168.6,1.0,2,0,H,0.6585365853658537,-59.9,-38.4,11.0,12.0,0.4782608695652174,1.9232639558975242,24,2,14,-12,0.035436842797804825,1,0,0,0,0,0,0,0,0,-1,0,0,0,0,0
1g4j,A,160,VAL,4.2,140.0,0.0,0,0,H,0.0,-63.5,-50.5,20.0,17.0,0.5405405405405406,4.522246263000888,30,20,12,8,0.04616115048661418,1,0,0,0,0,0,0,0,0,-1,0,0,0,0,0
1g4j,A,161,VAL,4.2,140.0,0.0,0,0,H,0.02112676056338028,-55.5,-45.2,15.0,17.0,0.46875,2.9404805751932876,31,20,20,0,0.045228601991935104,1,0,0,0,0,0,0,0,0,-1,0,0,0,0,0
1g4j,A,162,ASP,-3.5,111.1,-1.0,1,3,H,0.5828220858895705,-66.9,-26.6,6.0,17.0,0.2608695652173913,1.7964090812918754,17,17,9,8,0.032172923066428064,1,0,0,0,0,0,0,0,0,-1,0,0,0,0,0
1g4j,A,163,VAL,4.2,140.0,0.0,0,0,H,0.16901408450704225,-86.1,-9.2,16.0,12.0,0.5714285714285714,2.2840755347955057,28,19,21,-2,0.03590311704514436,1,0,0,0,0,0,0,0,0,-1,0,0,0,0,0
1g4j,A,164,LEU,3.8,166.7,0.0,0,0,G,0.036585365853658534,-56.8,-34.2,18.0,16.0,0.5294117647058824,2.4735253825442096,36,35,17,18,0.04243095650789788,0,0,0,1,0,0,0,0,0,-1,0,0,0,0,0
1g4j,A,165,ASP,-3.5,111.1,-1.0,1,3,G,0.8466257668711656,-58.4,-32.1,2.0,21.0,0.08695652173913043,1.6720207978910382,18,30,7,23,0.029375277582390842,0,0,0,1,0,0,0,0,0,-1,0,0,0,0,0
1g4j,A,166,SER,-0.8,89.0,0.0,1,1,G,0.5769230769230769,-72.5,-21.2,11.0,15.0,0.4230769230769231,1.77734284307155,20,18,17,1,0.028909003335051305,0,0,0,1,0,0,0,0,0,-1,0,0,0,0,0
1g4j,A,167,ILE,4.5,166.7,0.0,0,0,G,0.0,-124.9,45.9,24.0,12.0,0.6666666666666666,3.471553872682732,34,28,13,15,0.04662742473395372,0,0,0,1,0,0,0,0,0,-1,0,0,0,0,0
1g4j,A,168,LYS,-3.9,168.6,1.0,2,0,-,0.4878048780487805,-59.4,-40.0,8.0,28.0,0.2222222222222222,2.2280867892644074,26,25,27,-2,0.040099585271200194,0,0,0,0,0,0,0,0,0,-1,0,0,0,0,0
1g4j,A,169,THR,-0.7,116.1,0.0,1,1,S,0.1056338028169014,-113.9,163.2,8.0,23.0,0.25806451612903225,2.398725250289719,29,30,32,-2,0.048026247475972325,0,0,0,0,0,0,1,0,0,10,29,3,0,1,1
1g4j,A,170,LYS,-3.9,168.6,1.0,2,0,T,0.4634146341463415,-54.2,131.1,13.0,17.0,0.43333333333333335,2.180460714955866,24,28,15,13,0.04196468226055834,0,0,0,0,0,1,0,0,0,-1,0,0,0,0,0
1g4j,A,171,GLY,-0.4,60.1,0.0,0,0,T,0.6785714285714286,96.9,-18.9,4.0,20.0,0.16666666666666666,1.7879620682542359,25,30,10,20,0.030307826077069916,0,0,0,0,0,1,0,0,0,7,24,10,0,2,1
1g4j,A,172,LYS,-3.9,168.6,1.0,2,0,-,0.43414634146341463,-77.0,141.9,16.0,11.0,0.5925925925925926,2.189308425608112,23,19,14,5,0.03450429430312575,0,0,0,0,0,0,0,0,0,10,29,3,0,1,1
1g4j,A,173,SER,-0.8,89.0,0.0,1,1,E,0.4307692307692308,-139.3,158.9,11.0,14.0,0.44,1.8149523293652556,22,27,15,12,0.03683566553982344,0,0,1,0,0,0,0,0,0,7,24,10,0,2,1
1g4j,A,174,ALA,1.8,88.6,0.0,0,0,E,0.19811320754716982,-143.7,148.6,13.0,12.0,0.52,2.0088369689683945,23,19,19,0,0.03357174580844668,0,0,1,0,0,0,0,0,0,7,24,10,0,2,1
1g4j,A,175,ASP,-3.5,111.1,-1.0,1,3,E,0.9141104294478528,-65.3,136.6,2.0,20.0,0.09090909090909091,1.6987291823171873,15,13,2,11,0.02611135785101408,0,0,1,0,0,0,0,0,0,-1,0,0,0,0,0
1g4j,A,176,PHE,2.8,189.9,0.0,0,0,-,0.1065989847715736,-145.8,73.2,21.0,5.0,0.8076923076923077,2.2678456717979274,31,17,24,-7,0.03730193978716297,0,0,0,0,0,0,0,0,0,-1,0,0,0,0,0
1g4j,A,177,THR,-0.7,116.1,0.0,1,1,-,0.6056338028169014,-95.8,161.4,1.0,19.0,0.05,1.8989845548695192,18,11,14,-3,0.03170664881908853,0,0,0,0,0,0,0,0,0,-1,0,0,0,0,0
1g4j,A,178,ASN,-3.5,114.1,0.0,2,2,S,0.8789808917197452,61.9,30.7,0.0,22.0,0.0,1.7221261786926183,17,6,13,-7,0.02797645484037223,0,0,0,0,0,0,1,0,0,-1,0,0,0,0,0
1g4j,A,179,PHE,2.8,189.9,0.0,0,0,-,0.04060913705583756,-92.4,133.5,21.0,9.0,0.7,2.1501815600560867,31,21,14,7,0.03683566553982344,0,0,0,0,0,0,0,0,0,-1,0,0,0,0,0
1g4j,A,180,ASP,-3.5,111.1,-1.0,1,3,-,0.4110429447852761,-100.9,112.0,8.0,21.0,0.27586206896551724,1.7768491542669533,27,16,6,10,0.03823448828184205,0,0,0,0,0,0,0,0,0,4,342,7,0,25,1
1g4j,A,181,PRO,-1.6,112.7,0.0,0,0,G,0.0,-70.2,-9.2,24.0,14.0,0.631578947368421,3.473399518862013,33,14,13,1,0.04243095650789788,0,0,0,1,0,0,0,0,0,4,342,7,0,25,1
1g4j,A,182,ARG,-4.5,173.4,1.0,5,0,G,0.5120967741935484,-66.4,-21.1,11.0,13.0,0.4583333333333333,1.9541259633595345,20,1,16,-15,0.032639197313767604,0,0,0,1,0,0,0,0,0,4,342,7,0,25,1
1g4j,A,183,GLY,-0.4,60.1,0.0,0,0,G,0.35714285714285715,-75.0,-1.3,11.0,9.0,0.55,1.7094726622346013,23,23,10,13,0.032639197313767604,0,0,0,1,0,0,0,0,0,4,342,7,0,25,1
1g4j,A,184,LEU,3.8,166.7,0.0,0,0,G,0.0,-108.3,-1.4,21.0,16.0,0.5675675675675675,3.5947635462944327,34,20,9,11,0.040099585271200194,0,0,0,1,0,0,0,0,0,4,342,7,0,25,1
1g4j,A,185,LEU,3.8,166.7,0.0,0,0,-,0.17682926829268292,-86.9,144.7,12.0,20.0,0.375,2.3041622151615804,25,13,18,-5,0.03590311704514436,0,0,0,0,0,0,0,0,0,4,342,7,0,25,1
1g4j,A,186,PRO,-1.6,112.7,0.0,0,0,-,0.07352941176470588,-75.9,174.5,18.0,9.0,0.6666666666666666,2.4680833501901036,26,15,24,-9,0.03683566553982344,0,0,0,0,0,0,0,0,0,-1,0,0,0,0,0
1g4j,A,187,GLU,-3.5,138.4,-1.0,1,3,S,0.9639175257731959,-76.1,-28.3,0.0,15.0,0.0,1.7084731566713218,13,4,15,-11,0.02144861537761871,0,0,0,0,0,0,1,0,0,-1,0,0,0,0,0
1g4j,A,188,SER,-0.8,89.0,0.0,1,1,-,0.2230769230769231,-101.9,145.6,9.0,10.0,0.47368421052631576,2.2089463640182196,17,9,26,-17,0.02844272908771177,0,0,0,0,0,0,0,0,0,-1,0,0,0,0,0
1g4j,A,189,LEU,3.8,166.7,0.0,0,0,-,0.36585365853658536,-110.5,21.7,10.0,18.0,0.35714285714285715,1.8221175304833055,25,12,23,-11,0.03916703677652112,0,0,0,0,0,0,0,0,0,-1,0,0,0,0,0
1g4j,A,190,ASP,-3.5,111.1,-1.0,1,3,-,0.3496932515337423,-63.6,144.0,9.0,21.0,0.3,2.244997111424576,24,16,14,2,0.040099585271200194,0,0,0,0,0,0,0,0,0,1,720,8,0,66,1
1g4j,A,191,TYR,-1.3,193.6,0.0,1,1,E,0.009009009009009009,-151.9,168.8,19.0,20.0,0.48717948717948717,3.319350226660632,39,23,15,8,0.050823892960009553,0,0,1,0,0,0,0,0,0,-1,0,0,0,0,0
1g4j,A,192,TRP,-0.9,227.8,0.0,1,0,E,0.048458149779735685,-115.2,153.3,20.0,23.0,0.46511627906976744,3.635797891419745,35,28,24,4,0.05035761871267001,0,0,1,0,0,0,0,0,0,-1,0,0,0,0,0
1g4j,A,193,THR,-0.7,116.1,0.0,1,1,E,0.056338028169014086,-144.9,145.0,18.0,23.0,0.43902439024390244,2.3173597849860252,36,21,8,13,0.04989134446533048,0,0,1,0,0,0,0,0,0,-1,0,0,0,0,0
1g4j,A,194,TYR,-1.3,193.6,0.0,1,1,E,0.018018018018018018,-160.8,156.5,23.0,19.0,0.5476190476190477,4.162576950565319,35,37,6,31,0.043829779249916496,0,0,1,0,0,0,0,0,0,-1,0,0,0,0,0
1g4j,A,195,PRO,-1.6,112.7,0.0,0,0,E,0.375,-83.2,129.4,11.0,24.0,0.3142857142857143,2.302308674421655,30,30,16,14,0.04103213376587927,0,0,1,0,0,0,0,0,0,-1,0,0,0,0,0
1g4j,A,196,GLY,-0.4,60.1,0.0,0,0,E,0.0,-144.8,-145.1,22.0,20.0,0.5238095238095238,4.641279202131519,35,24,18,6,0.05502036118606539,0,0,1,0,0,0,0,0,0,-1,0,0,0,0,0
1g4j,A,197,SER,-0.8,89.0,0.0,1,1,-,0.0,-143.0,176.9,21.0,19.0,0.525,4.4145242270924925,37,31,16,15,0.05408781269138631,0,0,0,0,0,0,0,0,0,-1,0,0,0,0,0
1g4j,A,198,LEU,3.8,166.7,0.0,0,0,-,0.2073170731707317,-70.8,147.4,13.0,24.0,0.35135135135135137,2.421958137459191,36,26,12,14,0.050823892960009553,0,0,0,0,0,0,0,0,0,6,24,12,0,3,1
1g4j,A,199,THR,-0.7,116.1,0.0,1,1,S,0.04225352112676056,-93.0,3.2,22.0,19.0,0.5365853658536586,2.293304259783709,38,41,14,27,0.05175644145468863,0,0,0,0,0,0,1,0,0,-1,0,0,0,0,0
1g4j,A,200,THR,-0.7,116.1,0.0,1,1,S,0.2746478873239437,-129.3,156.6,8.0,24.0,0.25,2.168911846539469,32,38,5,33,0.043829779249916496,0,0,0,0,0,0,1,0,0,6,24,12,0,3,1
1g4j,A,201,PRO,-1.6,112.7,0.0,0,0,T,0.07352941176470588,-53.8,146.2,15.0,14.0,0.5172413793103449,2.5710857721216347,27,27,6,21,0.040099585271200194,0,0,0,0,0,1,0,0,0,6,24,12,0,3,1
1g4j,A,202,PRO,-1.6,112.7,0.0,0,0,T,0.4411764705882353,-70.3,3.0,5.0,19.0,0.20833333333333334,2.025390546822899,21,4,9,-5,0.03357174580844668,0,0,0,0,0,1,0,0,0,6,24,12,0,3,1
1g4j,A,203,LEU,3.8,166.7,0.0,0,0,-,0.0,57.9,35.1,19.0,12.0,0.6129032258064516,4.067801888877665,30,20,11,9,0.04989134446533048,0,0,0,0,0,0,0,0,0,6,24,12,0,3,1
1g4j,A,204,LEU,3.8,166.7,0.0,0,0,-,0.35365853658536583,-64.6,137.1,12.0,20.0,0.375,2.417724519701353,30,11,9,2,0.040099585271200194,0,0,0,0,0,0,0,0,0,6,24,12,0,3,1
1g4j,A,205,GLU,-3.5,138.4,-1.0,1,3,S,0.25257731958762886,-89.8,66.8,12.0,23.0,0.34285714285714286,1.8743928167187116,31,24,9,15,0.04429605349725603,0,0,0,0,0,0,1,0,0,-1,0,0,0,0,0
1g4j,A,206,CYS,2.5,108.5,0.0,1,0,-,0.014814814814814815,-126.2,19.5,16.0,20.0,0.4444444444444444,2.8487606270224224,36,14,17,-3,0.05035761871267001,0,0,0,0,0,0,0,0,0,-1,0,0,0,0,0
1g4j,A,207,VAL,4.2,140.0,0.0,0,0,E,0.0,-112.1,133.7,22.0,18.0,0.55,3.3758481245872254,36,20,16,4,0.05408781269138631,0,0,1,0,0,0,0,0,0,-1,0,0,0,0,0
1g4j,A,208,THR,-0.7,116.1,0.0,1,1,E,0.176056338028169,-100.2,115.5,19.0,22.0,0.4634146341463415,2.886675264129415,40,18,13,5,0.05175644145468863,0,0,1,0,0,0,0,0,0,-1,0,0,0,0,0
1g4j,A,209,TRP,-0.9,227.8,0.0,1,0,E,0.01762114537444934,-89.0,134.8,24.0,20.0,0.5454545454545454,3.6952888526459584,44,31,10,21,0.05035761871267001,0,0,1,0,0,0,0,0,0,-1,0,0,0,0,0
1g4j,A,210,ILE,4.5,166.7,0.0,0,0,E,0.0,-129.1,102.5,19.0,25.0,0.4318181818181818,6.1803849545617435,43,24,5,19,0.053621538444046775,0,0,1,0,0,0,0,0,0,-1,0,0,0,0,0
1g4j,A,211,VAL,4.2,140.0,0.0,0,0,E,0.0,-104.5,120.3,24.0,23.0,0.5106382978723404,6.431589004519538,39,26,18,8,0.05175644145468863,0,0,1,0,0,0,0,0,0,-1,0,0,0,0,0
1g4j,A,212,LEU,3.8,166.7,0.0,0,0,E,0.0,-71.8,141.4,21.0,17.0,0.5526315789473685,5.298165748500997,35,13,25,-12,0.053155264196707235,0,0,1,0,0,0,0,0,0,-1,0,0,0,0,0
1g4j,A,213,LYS,-3.9,168.6,1.0,2,0,S,0.33658536585365856,-72.0,-36.9,11.0,19.0,0.36666666666666664,2.3720807459084265,24,3,19,-16,0.045228601991935104,0,0,0,0,0,0,1,0,0,-1,0,0,0,0,0
1g4j,A,214,GLU,-3.5,138.4,-1.0,1,3,S,0.28865979381443296,-90.8,120.3,9.0,15.0,0.375,2.1729468073332376,23,16,17,-1,0.040099585271200194,0,0,0,0,0,0,1,0,0,-1,0,0,0,0,0
1g4j,A,215,PRO,-1.6,112.7,0.0,0,0,-,0.21323529411764705,-82.3,163.0,16.0,17.0,0.48484848484848486,2.262438796949536,28,24,16,8,0.04476232774459557,0,0,0,0,0,0,0,0,0,-1,0,0,0,0,0
1g4j,A,216,ILE,4.5,166.7,0.0,0,0,E,0.01775147928994083,-104.8,151.9,18.0,14.0,0.5625,2.7890230148217148,34,21,16,5,0.040099585271200194,0,0,1,0,0,0,0,0,0,-1,0,0,0,0,0
1g4j,A,217,SER,-0.8,89.0,0.0,1,1,E,0.3076923076923077,-103.6,143.5,6.0,26.0,0.1875,1.9590309918805906,27,18,5,13,0.03870076252918159,0,0,1,0,0,0,0,0,0,-1,0,0,0,0,0
1g4j,A,218,VAL,4.2,140.0,0.0,0,0,E,0.014084507042253521,-132.2,150.5,21.0,11.0,0.65625,4.3422674879289875,30,19,12,7,0.04616115048661418,0,0,1,0,0,0,0,0,0,-1,0,0,0,0,0
1g4j,A,219,SER,-0.8,89.0,0.0,1,1,-,0.1076923076923077,-74.5,163.8,11.0,14.0,0.44,2.6008718344382613,24,22,13,9,0.03730193978716297,0,0,0,0,0,0,0,0,0,-1,0,0,0,0,0
1g4j,A,220,SER,-0.8,89.0,0.0,1,1,H,0.3230769230769231,-61.9,-39.7,3.0,21.0,0.125,2.3415930056217085,22,19,17,2,0.034970568550465285,1,0,0,0,0,0,0,0,0,-1,0,0,0,0,0
1g4j,A,221,GLU,-3.5,138.4,-1.0,1,3,H,0.6443298969072165,-63.3,-37.6,6.0,15.0,0.2857142857142857,1.8060861608877679,19,14,3,11,0.02984155182973038,1,0,0,0,0,0,0,0,0,-1,0,0,0,0,0
1g4j,A,222,GLN,-3.5,143.8,0.0,2,2,H,0.015151515151515152,-65.1,-50.8,19.0,13.0,0.59375,2.490811086602185,30,23,15,8,0.04476232774459557,1,0,0,0,0,0,0,0,0,-1,0,0,0,0,0
1g4j,A,223,VAL,4.2,140.0,0.0,0,0,H,0.02112676056338028,-68.3,-26.6,23.0,17.0,0.575,4.595222237193137,35,31,18,13,0.04709369898129325,1,0,0,0,0,0,0,0,0,-1,0,0,0,0,0
1g4j,A,224,LEU,3.8,166.7,0.0,0,0,H,0.4634146341463415,-61.2,-38.1,4.0,22.0,0.15384615384615385,2.28028252527316,22,29,15,14,0.035436842797804825,1,0,0,0,0,0,0,0,0,-1,0,0,0,0,0
1g4j,A,225,LYS,-3.9,168.6,1.0,2,0,H,0.4195121951219512,-67.6,-27.5,15.0,15.0,0.5,2.0193141386589346,21,20,23,-3,0.04149840801321881,1,0,0,0,0,0,0,0,0,-1,0,0,0,0,0
1g4j,A,226,PHE,2.8,189.9,0.0,0,0,H,0.005076142131979695,-65.2,-42.5,22.0,20.0,0.5238095238095238,5.6340965451838825,36,35,10,25,0.04662742473395372,1,0,0,0,0,0,0,0,0,-1,0,0,0,0,0
1g4j,A,227,ARG,-4.5,173.4,1.0,5,0,T,0.125,-66.2,-11.1,14.0,19.0,0.42424242424242425,2.2816142350270456,29,18,18,0,0.048026247475972325,0,0,0,0,0,1,0,0,0,5,324,4,0,13,1
1g4j,A,228,LYS,-3.9,168.6,1.0,2,0,T,0.7317073170731707,-92.8,1.8,11.0,17.0,0.39285714285714285,1.9296500623819375,20,28,16,12,0.03823448828184205,0,0,0,0,0,1,0,0,0,-1,0,0,0,0,0
1g4j,A,229,LEU,3.8,166.7,0.0,0,0,-,0.018292682926829267,-76.5,164.3,26.0,12.0,0.6842105263157895,2.7357579969084003,35,39,16,23,0.05035761871267001,0,0,0,0,0,0,0,0,0,-1,0,0,0,0,0
1g4j,A,230,ASN,-3.5,114.1,0.0,2,2,B,0.025477707006369428,-121.5,144.0,16.0,18.0,0.47058823529411764,3.4855985743306115,31,35,33,2,0.05175644145468863,0,1,0,0,0,0,0,0,0,-1,0,0,0,0,0
1g4j,A,231,PHE,2.8,189.9,0.0,0,0,S,0.17258883248730963,-75.8,-36.7,13.0,21.0,0.38235294117647056,2.039142832402519,34,26,24,2,0.045694876239274644,0,0,0,0,0,0,1,0,0,-1,0,0,0,0,0
1g4j,A,232,ASN,-3.5,114.1,0.0,2,2,S,0.08280254777070063,-73.5,163.6,8.0,18.0,0.3076923076923077,2.5035630608575095,23,23,34,-11,0.04429605349725603,0,0,0,0,0,0,1,0,0,13,24,1,0,0,1
1g4j,A,233,GLY,-0.4,60.1,0.0,0,0,P,0.11904761904761904,-92.5,171.2,2.0,21.0,0.08695652173913043,2.0253962142898794,20,25,35,-10,0.0363693912924839,0,0,0,0,0,0,0,0,0,10,29,3,0,1,1
1g4j,A,234,GLU,-3.5,138.4,-1.0,1,3,T,0.7474226804123711,-58.1,141.4,5.0,14.0,0.2631578947368421,1.708558608592659,13,22,11,11,0.02611135785101408,0,0,0,0,0,1,0,0,0,10,29,3,0,1,1
1g4j,A,235,GLY,-0.4,60.1,0.0,0,0,T,0.9880952380952381,80.4,-2.8,1.0,12.0,0.07692307692307693,1.7095469358358215,11,3,26,-23,0.019117244140921023,0,0,0,0,0,1,0,0,0,10,29,3,0,1,1
1g4j,A,236,GLU,-3.5,138.4,-1.0,1,3,S,0.5927835051546392,-102.3,167.8,9.0,3.0,0.75,1.7507268969838057,11,9,25,-16,0.02098234113027917,0,0,0,0,0,0,1,0,0,13,24,1,0,0,1
1g4j,A,237,PRO,-1.6,112.7,0.0,0,0,P,0.8235294117647058,-57.8,132.6,1.0,11.0,0.08333333333333333,1.9054058225284896,11,0,32,-32,0.022847438119637322,0,0,0,0,0,0,0,0,0,13,24,1,0,0,1
1g4j,A,238,GLU,-3.5,138.4,-1.0,1,3,P,0.6134020618556701,-71.5,122.6,4.0,13.0,0.23529411764705882,1.7754438871491707,16,13,19,-6,0.030774100324409453,0,0,0,0,0,0,0,0,0,13,24,1,0,0,1
1g4j,A,239,GLU,-3.5,138.4,-1.0,1,3,-,0.6030927835051546,-126.3,116.6,14.0,11.0,0.56,1.9947667215384866,21,6,18,-12,0.032172923066428064,0,0,0,0,0,0,0,0,0,13,24,1,0,0,1
1g4j,A,240,LEU,3.8,166.7,0.0,0,0,B,0.5548780487804879,-66.2,136.9,10.0,19.0,0.3448275862068966,1.9231587204691563,21,24,24,0,0.03870076252918159,0,1,0,0,0,0,0,0,0,-1,0,0,0,0,0
1g4j,A,241,MET,1.9,162.9,0.0,0,0,-,0.0,-82.0,92.9,22.0,15.0,0.5945945945945946,4.5040586803113705,34,38,19,19,0.04942507021799094,0,0,0,0,0,0,0,0,0,-1,0,0,0,0,0
1g4j,A,242,VAL,4.2,140.0,0.0,0,0,-,0.2323943661971831,-141.2,153.2,13.0,23.0,0.3611111111111111,2.3182559055553225,29,25,16,9,0.04662742473395372,0,0,0,0,0,0,0,0,0,-1,0,0,0,0,0
1g4j,A,243,ASP,-3.5,111.1,-1.0,1,3,-,0.25153374233128833,58.5,46.7,12.0,25.0,0.32432432432432434,2.0985647240725456,30,23,4,19,0.04709369898129325,0,0,0,0,0,0,0,0,0,-1,0,0,0,0,0
1g4j,A,244,ASN,-3.5,114.1,0.0,2,2,-,0.0,-93.4,56.5,21.0,18.0,0.5384615384615384,2.5476847101262727,38,38,20,18,0.053621538444046775,0,0,0,0,0,0,0,0,0,-1,0,0,0,0,0
1g4j,A,245,TRP,-0.9,227.8,0.0,1,0,-,0.19823788546255505,-132.2,148.4,25.0,17.0,0.5952380952380952,2.1617191184511633,35,30,23,7,0.048492521723311866,0,0,0,0,0,0,0,0,0,-1,0,0,0,0,0
1g4j,A,246,ARG,-4.5,173.4,1.0,5,0,P,0.020161290322580645,-98.5,137.3,20.0,20.0,0.5,2.719857713072361,36,17,17,0,0.04942507021799094,0,0,0,0,0,0,0,0,0,-1,0,0,0,0,0
1g4j,A,247,PRO,-1.6,112.7,0.0,0,0,P,0.4117647058823529,-64.0,159.0,7.0,22.0,0.2413793103448276,2.2611072055786092,26,19,22,-3,0.03450429430312575,0,0,0,0,0,0,0,0,0,-1,0,0,0,0,0
1g4j,A,248,ALA,1.8,88.6,0.0,0,0,P,0.4528301886792453,-61.8,142.0,15.0,16.0,0.4838709677419355,1.8287397546282755,23,37,17,20,0.04103213376587927,0,0,0,0,0,0,0,0,0,-1,0,0,0,0,0
1g4j,A,249,GLN,-3.5,143.8,0.0,2,2,-,0.21717171717171718,-105.2,160.3,20.0,9.0,0.6896551724137931,1.9471247104050988,30,39,15,24,0.03683566553982344,0,0,0,0,0,0,0,0,0,0,3141,7,0,279,1
1g4j,A,250,PRO,-1.6,112.7,0.0,0,0,-,0.5588235294117647,-65.3,133.2,6.0,15.0,0.2857142857142857,2.080798954500408,20,35,15,20,0.027510180593032695,0,0,0,0,0,0,0,0,0,0,3141,7,0,279,1
1g4j,A,251,LEU,3.8,166.7,0.0,0,0,-,0.3475609756097561,-64.8,-32.5,11.0,15.0,0.4230769230769231,2.350556431195929,24,27,17,10,0.035436842797804825,0,0,0,0,0,0,0,0,0,0,3141,7,0,279,1
1g4j,A,252,LYS,-3.9,168.6,1.0,2,0,-,0.44878048780487806,55.9,-132.0,10.0,9.0,0.5263157894736842,1.8707554715124095,16,20,11,9,0.027043906345693154,0,0,0,0,0,0,0,0,0,0,3141,7,0,279,1
1g4j,A,253,ASN,-3.5,114.1,0.0,2,2,S,0.9872611464968153,-91.8,50.0,2.0,11.0,0.15384615384615385,1.7220839242148889,10,24,9,15,0.02144861537761871,0,0,0,0,0,0,1,0,0,-1,0,0,0,0,0
1g4j,A,254,ARG,-4.5,173.4,1.0,5,0,-,0.11290322580645161,-122.2,156.2,17.0,5.0,0.7727272727272727,2.5791034317576136,24,21,16,5,0.03124037457174899,0,0,0,0,0,0,0,0,0,0,3141,7,0,279,1
1g4j,A,255,GLN,-3.5,143.8,0.0,2,2,-,0.5303030303030303,-125.8,133.5,5.0,21.0,0.19230769230769232,1.8112103520884224,17,30,6,24,0.03170664881908853,0,0,0,0,0,0,0,0,0,-1,0,0,0,0,0
1g4j,A,256,ILE,4.5,166.7,0.0,0,0,-,0.05325443786982249,-93.3,125.3,18.0,15.0,0.5454545454545454,2.2573568086049933,30,34,15,19,0.043363505002576956,0,0,0,0,0,0,0,0,0,-1,0,0,0,0,0
1g4j,A,257,LYS,-3.9,168.6,1.0,2,0,E,0.3902439024390244,-102.3,147.9,14.0,20.0,0.4117647058823529,2.7259445464497762,26,14,8,6,0.04476232774459557,0,0,1,0,0,0,0,0,0,-1,0,0,0,0,0
1g4j,A,258,ALA,1.8,88.6,0.0,0,0,E,0.04716981132075472,-116.5,142.0,11.0,22.0,0.3333333333333333,3.118050125235901,29,32,17,15,0.04989134446533048,0,0,1,0,0,0,0,0,0,1,720,8,0,66,1
1g4j,A,259,SER,-0.8,89.0,0.0,1,1,S,0.2153846153846154,-88.0,0.7,18.0,12.0,0.6,2.0477845913960153,27,31,16,15,0.048958795970651406,0,0,0,0,0,0,1,0,0,1,720,8,0,66,1
1g4j,A,260,PHE,2.8,189.9,0.0,0,0,-,0.2182741116751269,-138.4,156.9,9.0,15.0,0.375,2.216632998740505,23,26,14,12,0.03357174580844668,0,0,0,0,0,0,0,0,0,1,720,8,0,66,1
1g4j,A,261,LYS,-3.9,168.6,1.0,2,0,-,1.0,-82.9,360.0,1.0,16.0,0.058823529411764705,1.870619281077994,10,4,7,-3,0.020049792635600097,0,0,0,0,0,0,0,0,0,1,720,8,0,66,1
1ngx,A,1,GLU,-3.5,138.4,-1.0,1,3,-,0.7628865979381443,360.0,168.2,14.0,6.0,0.7,12.410694515344504,18,6,6,0,0.025178809356335007,0,0,0,0,0,0,0,0,0,-1,0,0,0,0,0
1ngx,A,2,LEU,3.8,166.7,0.0,0,0,-,0.012195121951219513,-83.5,123.9,16.0,6.0,0.7272727272727273,16.525137711723467,26,3,9,-6,0.03776821403450251,0,0,0,0,0,0,0,0,0,-1,0,0,0,0,0
1ngx,A,3,VAL,4.2,140.0,0.0,0,0,-,0.5070422535211268,-96.7,130.4,4.0,24.0,0.14285714285714285,16.43201649185543,23,8,9,-1,0.03450429430312575,0,0,0,0,0,0,0,0,0,37,24,11,0,2,1
1ngx,A,4,MET,1.9,162.9,0.0,0,0,E,0.0425531914893617,-105.1,110.7,24.0,12.0,0.6666666666666666,20.725911465399584,34,8,10,-2,0.045228601991935104,0,0,1,0,0,0,0,0,0,37,24,11,0,2,1
1ngx,A,5,THR,-0.7,116.1,0.0,1,1,E,0.5915492957746479,-93.7,110.4,6.0,23.0,0.20689655172413793,21.18682203297786,25,14,3,11,0.032639197313767604,0,0,1,0,0,0,0,0,0,37,24,11,0,2,1
1ngx,A,6,GLN,-3.5,143.8,0.0,2,2,E,0.050505050505050504,-101.0,138.2,20.0,14.0,0.5882352941176471,24.826124905087475,32,17,1,16,0.045228601991935104,0,0,1,0,0,0,0,0,0,37,24,11,0,2,1
1ngx,A,7,THR,-0.7,116.1,0.0,1,1,E,0.4788732394366197,-146.3,145.3,4.0,23.0,0.14814814814814814,26.990207576463042,23,16,0,16,0.034970568550465285,0,0,1,0,0,0,0,0,0,-1,0,0,0,0,0
1ngx,A,8,PRO,-1.6,112.7,0.0,0,0,-,0.3235294117647059,-82.8,-179.6,7.0,17.0,0.2916666666666667,28.84537673250058,21,15,0,15,0.03170664881908853,0,0,0,0,0,0,0,0,0,27,24,18,0,5,1
1ngx,A,9,LYS,-3.9,168.6,1.0,2,0,S,0.8195121951219512,-89.0,-29.7,4.0,20.0,0.16666666666666666,25.30886452879002,17,7,1,6,0.03124037457174899,0,0,0,0,0,0,1,0,0,27,24,18,0,5,1
1ngx,A,10,PHE,2.8,189.9,0.0,0,0,E,0.5532994923857868,-139.1,145.3,1.0,21.0,0.045454545454545456,31.81522636375563,20,18,13,5,0.030774100324409453,0,0,1,0,0,0,0,0,0,-1,0,0,0,0,0
1ngx,A,11,MET,1.9,162.9,0.0,0,0,E,0.14893617021276595,-149.2,137.4,18.0,5.0,0.782608695652174,34.04865732629802,30,22,14,8,0.03590311704514436,0,0,1,0,0,0,0,0,0,-1,0,0,0,0,0
1ngx,A,12,SER,-0.8,89.0,0.0,1,1,E,0.4307692307692308,-117.7,116.9,7.0,22.0,0.2413793103448276,37.54699037287934,23,23,13,10,0.03730193978716297,0,0,1,0,0,0,0,0,0,-1,0,0,0,0,0
1ngx,A,13,THR,-0.7,116.1,0.0,1,1,E,0.07746478873239436,-124.9,136.7,21.0,8.0,0.7241379310344828,39.848182114815344,30,22,24,-2,0.04243095650789788,0,0,1,0,0,0,0,0,0,40,107,2,0,2,1
1ngx,A,14,SER,-0.8,89.0,0.0,1,1,E,0.25384615384615383,-80.8,153.6,3.0,21.0,0.125,43.82651393014691,23,21,16,5,0.034970568550465285,0,0,1,0,0,0,0,0,0,40,107,2,0,2,1
1ngx,A,15,VAL,4.2,140.0,0.0,0,0,T,0.5774647887323944,-59.3,134.4,9.0,17.0,0.34615384615384615,46.13611607902654,24,20,19,1,0.03683566553982344,0,0,0,0,0,1,0,0,0,40,107,2,0,2,1
1ngx,A,16,GLY,-0.4,60.1,0.0,0,0,T,0.4523809523809524,98.4,-17.6,1.0,17.0,0.05555555555555555,46.07915309477084,16,16,11,5,0.029375277582390842,0,0,0,0,0,1,0,0,0,40,107,2,0,2,1
1ngx,A,17,ASP,-3.5,111.1,-1.0,1,3,-,0.5153374233128835,-84.6,168.8,11.0,11.0,0.5,43.87258861712723,19,19,2,17,0.030774100324409453,0,0,0,0,0,0,0,0,0,40,107,2,0,2,1
1ngx,A,18,ARG,-4.5,173.4,1.0,5,0,-,0.75,-95.8,144.2,5.0,18.0,0.21739130434782608,41.57666662347992,17,4,8,-4,0.03357174580844668,0,0,0,0,0,0,0,0,0,40,107,2,0,2,1
1ngx,A,19,VAL,4.2,140.0,0.0,0,0,E,0.007042253521126761,-115.2,131.3,28.0,6.0,0.8235294117647058,37.33563049154519,30,18,17,1,0.035436842797804825,0,0,1,0,0,0,0,0,0,6,1062,10,0,128,1
1ngx,A,20,SER,-0.8,89.0,0.0,1,1,E,0.5153846153846153,-127.9,119.1,0.0,31.0,0.0,34.73415512830858,25,12,2,10,0.03450429430312575,0,0,1,0,0,0,0,0,0,6,1062,10,0,128,1
1ngx,A,21,ILE,4.5,166.7,0.0,0,0,E,0.0,-123.4,136.6,26.0,12.0,0.6842105263157895,31.370898343922907,35,12,1,11,0.04616115048661418,0,0,1,0,0,0,0,0,0,6,1062,10,0,128,1
1ngx,A,22,THR,-0.7,116.1,0.0,1,1,E,0.3873239436619718,-120.4,152.4,7.0,28.0,0.2,28.723907688195546,28,10,8,2,0.04243095650789788,0,0,1,0,0,0,0,0,0,6,1062,10,0,128,1
1ngx,A,23,CYS,2.5,108.5,0.0,1,0,E,0.007407407407407408,-135.3,128.2,29.0,12.0,0.7073170731707317,25.94733868824379,37,9,8,1,0.048958795970651406,0,0,1,0,0,0,0,0,0,6,1062,10,0,128,1
1ngx,A,24,LYS,-3.9,168.6,1.0,2,0,E,0.47804878048780486,-113.5,121.7,4.0,28.0,0.125,23.468696222446678,23,0,8,-8,0.040099585271200194,0,0,1,0,0,0,0,0,0,37,24,11,0,2,1
1ngx,A,25,ALA,1.8,88.6,0.0,0,0,E,0.009433962264150943,-88.1,138.6,25.0,10.0,0.7142857142857143,21.391736112901516,29,9,10,-1,0.04709369898129325,0,0,1,0,0,0,0,0,0,15,387,7,0,32,1
1ngx,A,26,SER,-0.8,89.0,0.0,1,1,S,0.5,-68.0,-19.4,9.0,14.0,0.391304347826087,17.83877711714981,18,9,9,0,0.032172923066428064,0,0,0,0,0,0,1,0,0,-1,0,0,0,0,0
1ngx,A,27,GLN,-3.5,143.8,0.0,2,2,S,0.5202020202020202,-141.2,159.1,7.0,15.0,0.3181818181818182,17.72534415658929,18,8,6,2,0.028909003335051305,0,0,0,0,0,0,1,0,0,15,387,7,0,32,1
1ngx,A,28,ASN,-3.5,114.1,0.0,2,2,-,0.7133757961783439,-60.2,127.3,2.0,20.0,0.09090909090909091,23.266021931971473,19,4,6,-2,0.02797645484037223,0,0,0,0,0,0,0,0,0,15,387,7,0,32,1
1ngx,A,29,VAL,4.2,140.0,0.0,0,0,-,0.02112676056338028,-122.2,17.3,26.0,4.0,0.8666666666666667,23.54276470328961,29,3,4,-1,0.04289723075523742,0,0,0,0,0,0,0,0,0,15,387,7,0,32,1
1ngx,A,30,GLY,-0.4,60.1,0.0,0,0,T,0.35714285714285715,59.5,-122.1,5.0,19.0,0.20833333333333334,27.03829748409104,25,0,5,-5,0.02844272908771177,0,0,0,0,0,1,0,0,0,15,387,7,0,32,1
1ngx,A,31,THR,-0.7,116.1,0.0,1,1,T,0.4647887323943662,-123.5,18.4,9.0,21.0,0.3,29.698355629092873,26,0,3,-3,0.03590311704514436,0,0,0,0,0,1,0,0,0,15,387,7,0,32,1
1ngx,A,32,ALA,1.8,88.6,0.0,0,0,-,0.1792452830188679,-79.2,63.7,12.0,20.0,0.375,26.324702682523174,31,0,0,0,0.03730193978716297,0,0,0,0,0,0,0,0,0,15,387,7,0,32,1
1ngx,A,33,VAL,4.2,140.0,0.0,0,0,-,0.0,-130.7,142.9,25.0,18.0,0.5813953488372093,27.557174000606672,41,1,4,-3,0.0526889899493677,0,0,0,0,0,0,0,0,0,15,387,7,0,32,1
1ngx,A,34,ALA,1.8,88.6,0.0,0,0,E,0.018867924528301886,-130.1,155.4,15.0,27.0,0.35714285714285715,28.55565915706571,36,2,0,2,0.05408781269138631,0,0,1,0,0,0,0,0,0,-1,0,0,0,0,0
1ngx,A,35,TRP,-0.9,227.8,0.0,1,0,E,0.0,-123.7,135.6,26.0,23.0,0.5306122448979592,30.421652592743943,43,3,2,1,0.05035761871267001,0,0,1,0,0,0,0,0,0,6,1062,10,0,128,1
1ngx,A,36,TYR,-1.3,193.6,0.0,1,1,E,0.09009009009009009,-122.3,154.8,19.0,21.0,0.475,29.753345015440647,30,8,8,0,0.05408781269138631,0,0,1,0,0,0,0,0,0,-1,0,0,0,0,0
1ngx,A,37,GLN,-3.5,143.8,0.0,2,2,E,0.05555555555555555,-125.5,126.8,16.0,19.0,0.45714285714285713,34.858123582352576,30,19,22,-3,0.04942507021799094,0,0,1,0,0,0,0,0,0,-1,0,0,0,0,0
1ngx,A,38,GLN,-3.5,143.8,0.0,2,2,E,0.08080808080808081,-124.8,108.0,16.0,14.0,0.5333333333333333,31.33263876949233,26,20,11,9,0.048492521723311866,0,0,1,0,0,0,0,0,0,-1,0,0,0,0,0
1ngx,A,39,LYS,-3.9,168.6,1.0,2,0,-,0.37073170731707317,-84.6,155.5,10.0,17.0,0.37037037037037035,36.98070350793429,25,9,25,-16,0.03963331102386066,0,0,0,0,0,0,0,0,0,-1,0,0,0,0,0
1ngx,A,40,PRO,-1.6,112.7,0.0,0,0,T,0.38235294117647056,-47.6,130.3,13.0,10.0,0.5652173913043478,36.36900710029579,21,13,27,-14,0.027510180593032695,0,0,0,0,0,1,0,0,0,21,54,20,0,14,1
1ngx,A,41,GLY,-0.4,60.1,0.0,0,0,T,1.0,68.3,10.7,4.0,12.0,0.25,35.67338030552184,15,7,7,0,0.018650969893581486,0,0,0,0,0,1,0,0,0,-1,0,0,0,0,0
1ngx,A,42,GLN,-3.5,143.8,0.0,2,2,S,0.5757575757575758,-120.6,168.8,10.0,10.0,0.5,36.25344263345616,18,14,2,12,0.029375277582390842,0,0,0,0,0,0,1,0,0,-1,0,0,0,0,0
1ngx,A,43,SER,-0.8,89.0,0.0,1,1,-,0.16153846153846155,-89.6,158.1,17.0,13.0,0.5666666666666667,33.31735277208363,26,15,5,10,0.043363505002576956,0,0,0,0,0,0,0,0,0,-1,0,0,0,0,0
1ngx,A,44,PRO,-1.6,112.7,0.0,0,0,-,0.0,-61.1,143.5,19.0,16.0,0.5428571428571428,31.219828916656663,29,15,14,1,0.05175644145468863,0,0,0,0,0,0,0,0,0,-1,0,0,0,0,0
1ngx,A,45,LYS,-3.9,168.6,1.0,2,0,E,0.22926829268292684,-118.6,132.9,13.0,20.0,0.3939393939393939,36.0994903767396,25,9,10,-1,0.04755997322863279,0,0,1,0,0,0,0,0,0,-1,0,0,0,0,0
1ngx,A,46,LEU,3.8,166.7,0.0,0,0,E,0.17073170731707318,-74.8,124.8,19.0,16.0,0.5428571428571428,33.81279362829599,30,16,8,8,0.04942507021799094,0,0,1,0,0,0,0,0,0,-1,0,0,0,0,0
1ngx,A,47,LEU,3.8,166.7,0.0,0,0,E,0.018292682926829267,-104.6,-50.9,19.0,16.0,0.5428571428571428,35.622961129317005,35,20,9,11,0.05548663543340492,0,0,1,0,0,0,0,0,0,-1,0,0,0,0,0
1ngx,A,48,ILE,4.5,166.7,0.0,0,0,E,0.0,-128.0,138.7,26.0,13.0,0.6666666666666666,34.11064322810685,33,15,0,15,0.05595290968074446,0,0,1,0,0,0,0,0,0,-1,0,0,0,0,0
1ngx,A,49,TYR,-1.3,193.6,0.0,1,1,E,0.4594594594594595,-129.0,157.8,6.0,24.0,0.2,34.63229867136364,20,7,0,7,0.04662742473395372,0,0,1,0,0,0,0,0,0,-1,0,0,0,0,0
1ngx,A,50,SER,-0.8,89.0,0.0,1,1,T,0.3153846153846154,49.3,44.9,3.0,25.0,0.10714285714285714,32.093273267025914,24,4,0,4,0.0363693912924839,0,0,0,0,0,1,0,0,0,-1,0,0,0,0,0
1ngx,A,51,ALA,1.8,88.6,0.0,0,0,T,0.009433962264150943,69.3,-42.4,15.0,22.0,0.40540540540540543,32.06052645817586,31,5,2,3,0.04942507021799094,0,0,0,0,0,1,0,0,0,-1,0,0,0,0,0
1ngx,A,52,SER,-0.8,89.0,0.0,1,1,T,0.5307692307692308,-132.4,3.2,5.0,20.0,0.2,35.872943080450824,25,11,0,11,0.03916703677652112,0,0,0,0,0,1,0,0,0,-1,0,0,0,0,0
1ngx,A,53,ASN,-3.5,114.1,0.0,2,2,E,0.42038216560509556,-92.5,124.5,7.0,18.0,0.28,36.65595576674197,21,11,0,11,0.032172923066428064,0,0,1,0,0,0,0,0,0,-1,0,0,0,0,0
1ngx,A,54,ARG,-4.5,173.4,1.0,5,0,E,0.4153225806451613,-78.6,130.9,9.0,18.0,0.3333333333333333,40.38232776714539,22,5,8,-3,0.04289723075523742,0,0,1,0,0,0,0,0,0,47,12,6,0,0,1
1ngx,A,55,TYR,-1.3,193.6,0.0,1,1,P,0.2747747747747748,-67.4,150.2,14.0,12.0,0.5384615384615384,38.34523295356655,19,17,11,6,0.03870076252918159,0,0,0,0,0,0,0,0,0,47,12,6,0,0,1
1ngx,A,56,THR,-0.7,116.1,0.0,1,1,T,0.9154929577464789,-51.1,131.9,3.0,13.0,0.1875,42.26772469309947,13,11,8,3,0.02144861537761871,0,0,0,0,0,1,0,0,0,47,12,6,0,0,1
1ngx,A,57,GLY,-0.4,60.1,0.0,0,0,T,0.8690476190476191,96.0,-26.6,5.0,9.0,0.35714285714285715,43.67631705048629,15,15,11,4,0.019117244140921023,0,0,0,0,0,1,0,0,0,47,12,6,0,0,1
1ngx,A,58,VAL,4.2,140.0,0.0,0,0,-,0.09859154929577464,-71.1,126.7,19.0,3.0,0.8636363636363636,41.35771367631183,22,29,12,17,0.03450429430312575,0,0,0,0,0,0,0,0,0,47,12,6,0,0,1
1ngx,A,59,PRO,-1.6,112.7,0.0,0,0,-,0.35294117647058826,-61.4,154.2,8.0,12.0,0.4,43.51486741393264,21,25,12,13,0.027043906345693154,0,0,0,0,0,0,0,0,0,47,12,6,0,0,1
1ngx,A,60,ASP,-3.5,111.1,-1.0,1,3,T,0.7484662576687117,-60.0,-16.2,0.0,20.0,0.0,45.3646275178749,14,21,0,21,0.02611135785101408,0,0,0,0,0,1,0,0,0,47,12,6,0,0,1
1ngx,A,61,ARG,-4.5,173.4,1.0,5,0,T,0.1814516129032258,-61.1,-26.3,13.0,10.0,0.5652173913043478,43.57740886667569,23,11,19,-8,0.03730193978716297,0,0,0,0,0,1,0,0,0,-1,0,0,0,0,0
1ngx,A,62,PHE,2.8,189.9,0.0,0,0,E,0.030456852791878174,-95.7,119.5,19.0,16.0,0.5428571428571428,39.49504252469813,30,26,16,10,0.04662742473395372,0,0,1,0,0,0,0,0,0,-1,0,0,0,0,0
1ngx,A,63,THR,-0.7,116.1,0.0,1,1,E,0.3591549295774648,-129.9,129.2,11.0,21.0,0.34375,38.60606695308324,27,22,7,15,0.04196468226055834,0,0,1,0,0,0,0,0,0,6,1062,10,0,128,1
1ngx,A,64,GLY,-0.4,60.1,0.0,0,0,E,0.047619047619047616,-106.9,139.1,20.0,18.0,0.5263157894736842,35.69085126912577,30,13,5,8,0.048958795970651406,0,0,1,0,0,0,0,0,0,-1,0,0,0,0,0
1ngx,A,65,SER,-0.8,89.0,0.0,1,1,E,0.36923076923076925,-147.4,166.0,7.0,24.0,0.22580645161290322,34.18698363139005,27,2,6,-4,0.03310547156110714,0,0,1,0,0,0,0,0,0,6,1062,10,0,128,1
1ngx,A,66,GLY,-0.4,60.1,0.0,0,0,E,0.42857142857142855,109.1,162.3,22.0,8.0,0.7333333333333333,32.07039801983489,25,0,8,-8,0.03310547156110714,0,0,1,0,0,0,0,0,0,-1,0,0,0,0,0
1ngx,A,67,SER,-0.8,89.0,0.0,1,1,E,0.6076923076923076,-160.1,162.2,3.0,22.0,0.12,30.141072709485297,21,1,8,-7,0.03357174580844668,0,0,1,0,0,0,0,0,0,15,387,7,0,32,1
1ngx,A,68,GLY,-0.4,60.1,0.0,0,0,T,0.13095238095238096,80.3,-99.7,2.0,20.0,0.09090909090909091,26.387918580529742,23,9,8,1,0.032639197313767604,0,0,0,0,0,1,0,0,0,15,387,7,0,32,1
1ngx,A,69,THR,-0.7,116.1,0.0,1,1,T,0.24647887323943662,-124.3,-17.3,8.0,20.0,0.2857142857142857,24.85044415022116,23,9,8,1,0.03963331102386066,0,0,0,0,0,1,0,0,0,15,387,7,0,32,1
1ngx,A,70,ASP,-3.5,111.1,-1.0,1,3,E,0.5705521472392638,-108.6,116.0,0.0,29.0,0.0,28.021484876280788,23,9,0,9,0.03450429430312575,0,0,1,0,0,0,0,0,0,-1,0,0,0,0,0
1ngx,A,71,PHE,2.8,189.9,0.0,0,0,E,0.005076142131979695,-122.8,151.3,31.0,9.0,0.775,28.176151551543388,36,9,8,1,0.04616115048661418,0,0,1,0,0,0,0,0,0,15,387,7,0,32,1
1ngx,A,72,THR,-0.7,116.1,0.0,1,1,E,0.23943661971830985,-139.2,142.4,7.0,29.0,0.19444444444444445,32.630489406918315,28,2,8,-6,0.04149840801321881,0,0,1,0,0,0,0,0,0,6,1062,10,0,128,1
1ngx,A,73,LEU,3.8,166.7,0.0,0,0,E,0.0,-119.8,123.8,23.0,18.0,0.5609756097560976,33.72811293064901,37,7,1,6,0.04662742473395372,0,0,1,0,0,0,0,0,0,6,1062,10,0,128,1
1ngx,A,74,THR,-0.7,116.1,0.0,1,1,E,0.2112676056338028,-117.6,132.2,10.0,19.0,0.3448275862068966,37.56615899864561,27,23,5,18,0.043363505002576956,0,0,1,0,0,0,0,0,0,6,1062,10,0,128,1
1ngx,A,75,ILE,4.5,166.7,0.0,0,0,E,0.0,-120.6,113.3,18.0,15.0,0.5454545454545454,38.72571654573676,32,24,18,6,0.048492521723311866,0,0,1,0,0,0,0,0,0,40,107,2,0,2,1
1ngx,A,76,SER,-0.8,89.0,0.0,1,1,-,0.34615384615384615,-97.6,160.6,5.0,17.0,0.22727272727272727,43.08435120969474,21,25,19,6,0.04149840801321881,0,0,0,0,0,0,0,0,0,40,107,2,0,2,1
1ngx,A,77,ASN,-3.5,114.1,0.0,2,2,S,0.5605095541401274,47.0,53.8,5.0,17.0,0.22727272727272727,46.19014500540391,20,21,19,2,0.03590311704514436,0,0,0,0,0,0,1,0,0,40,107,2,0,2,1
1ngx,A,78,MET,1.9,162.9,0.0,0,0,-,0.0,-45.0,130.9,17.0,10.0,0.6296296296296297,42.16950868392142,29,21,29,-8,0.04942507021799094,0,0,0,0,0,0,0,0,0,40,107,2,0,2,1
1ngx,A,79,GLN,-3.5,143.8,0.0,2,2,-,0.3383838383838384,-107.0,152.1,5.0,23.0,0.17857142857142858,45.16542310704046,26,16,22,-6,0.03683566553982344,0,0,0,0,0,0,0,0,0,40,107,2,0,2,1
1ngx,A,80,SER,-0.8,89.0,0.0,1,1,G,0.12307692307692308,-56.0,-29.4,8.0,18.0,0.3076923076923077,44.28493901123179,27,25,35,-10,0.043363505002576956,0,0,0,1,0,0,0,0,0,54,0,14,0,0,1
1ngx,A,81,GLU,-3.5,138.4,-1.0,1,3,G,0.4072164948453608,-81.2,-4.7,0.0,25.0,0.0,44.05239550009158,21,20,14,6,0.03310547156110714,0,0,0,1,0,0,0,0,0,-1,0,0,0,0,0
1ngx,A,82,ASP,-3.5,111.1,-1.0,1,3,G,0.049079754601226995,-82.4,-3.2,21.0,16.0,0.5675675675675675,40.258944301565954,30,17,18,-1,0.043829779249916496,0,0,0,1,0,0,0,0,0,-1,0,0,0,0,0
1ngx,A,83,LEU,3.8,166.7,0.0,0,0,-,0.07317073170731707,-60.6,136.8,18.0,16.0,0.5294117647058824,38.322836632628025,34,21,49,-28,0.048958795970651406,0,0,0,0,0,0,0,0,0,21,54,20,0,14,1
1ngx,A,84,ALA,1.8,88.6,0.0,0,0,E,0.05660377358490566,167.6,-179.1,17.0,17.0,0.5,34.283396075125175,36,19,32,-13,0.043363505002576956,0,0,1,0,0,0,0,0,0,-1,0,0,0,0,0
1ngx,A,85,ASP,-3.5,111.1,-1.0,1,3,E,0.32515337423312884,-101.1,132.2,15.0,21.0,0.4166666666666667,30.537938314795888,33,23,10,13,0.045228601991935104,0,0,1,0,0,0,0,0,0,-1,0,0,0,0,0
1ngx,A,86,TYR,-1.3,193.6,0.0,1,1,E,0.0,-115.1,133.7,25.0,21.0,0.5434782608695652,32.44498091997679,39,21,20,1,0.050823892960009553,0,0,1,0,0,0,0,0,0,-1,0,0,0,0,0
1ngx,A,87,PHE,2.8,189.9,0.0,0,0,E,0.06598984771573604,-132.8,147.8,16.0,26.0,0.38095238095238093,26.874408717587322,32,12,9,3,0.05035761871267001,0,0,1,0,0,0,0,0,0,-1,0,0,0,0,0
1ngx,A,88,CYS,2.5,108.5,0.0,1,0,E,0.0,-105.4,170.1,24.0,24.0,0.5,25.60161717593238,38,4,2,2,0.053155264196707235,0,0,1,0,0,0,0,0,0,-1,0,0,0,0,0
1ngx,A,89,GLN,-3.5,143.8,0.0,2,2,E,0.08080808080808081,-153.1,149.2,18.0,29.0,0.3829787234042553,24.6782002834838,33,3,1,2,0.050823892960009553,0,0,1,0,0,0,0,0,0,-1,0,0,0,0,0
1ngx,A,90,GLN,-3.5,143.8,0.0,2,2,-,0.0,-111.6,-2.9,26.0,16.0,0.6190476190476191,21.39133912692379,33,2,7,-5,0.05455408693872585,0,0,0,0,0,0,0,0,0,-1,0,0,0,0,0
1ngx,A,91,TYR,-1.3,193.6,0.0,1,1,-,0.36036036036036034,7.3,27.6,10.0,19.0,0.3448275862068966,25.470632602879732,27,6,0,6,0.040099585271200194,0,0,0,0,0,0,0,0,0,-1,0,0,0,0,0
1ngx,A,92,SER,-0.8,89.0,0.0,1,1,S,0.46153846153846156,-94.3,-43.7,20.0,8.0,0.7142857142857143,21.838885581948688,21,0,0,0,0.03683566553982344,0,0,0,0,0,0,1,0,0,15,387,7,0,32,1
1ngx,A,93,SER,-0.8,89.0,0.0,1,1,S,0.2846153846153846,-115.3,143.3,12.0,11.0,0.5217391304347826,18.096187616616994,22,3,9,-6,0.03357174580844668,0,0,0,0,0,0,1,0,0,-1,0,0,0,0,0
1ngx,A,94,TYR,-1.3,193.6,0.0,1,1,S,0.45495495495495497,-96.0,139.0,8.0,15.0,0.34782608695652173,18.7110617444632,19,20,4,16,0.035436842797804825,0,0,0,0,0,0,1,0,0,-1,0,0,0,0,0
1ngx,A,95,PRO,-1.6,112.7,0.0,0,0,S,0.15441176470588236,-74.4,152.4,18.0,8.0,0.6923076923076923,15.241824301666488,23,13,21,-8,0.04243095650789788,0,0,0,0,0,0,1,0,0,-1,0,0,0,0,0
1ngx,A,96,LEU,3.8,166.7,0.0,0,0,P,0.042682926829268296,-62.5,139.4,17.0,17.0,0.5,19.79766347493752,30,24,13,11,0.04989134446533048,0,0,0,0,0,0,0,0,0,-1,0,0,0,0,0
1ngx,A,97,THR,-0.7,116.1,0.0,1,1,-,0.06338028169014084,-131.0,157.2,18.0,21.0,0.46153846153846156,18.62656962646817,34,1,16,-15,0.05129016720734909,0,0,0,0,0,0,0,0,0,-1,0,0,0,0,0
1ngx,A,98,PHE,2.8,189.9,0.0,0,0,B,0.10152284263959391,-120.3,155.4,16.0,23.0,0.41025641025641024,21.91948107785694,36,6,12,-6,0.04616115048661418,0,1,0,0,0,0,0,0,0,-1,0,0,0,0,0
1ngx,A,99,GLY,-0.4,60.1,0.0,0,0,-,0.011904761904761904,-78.0,165.5,23.0,15.0,0.6052631578947368,21.95955376026006,35,10,7,3,0.045694876239274644,0,0,0,0,0,0,0,0,0,-1,0,0,0,0,0
1ngx,A,100,GLY,-0.4,60.1,0.0,0,0,-,0.6666666666666666,-68.7,-16.2,12.0,21.0,0.36363636363636365,22.30242642816537,32,20,8,12,0.03590311704514436,0,0,0,0,0,0,0,0,0,-1,0,0,0,0,0
1ngx,A,101,GLY,-0.4,60.1,0.0,0,0,-,0.11904761904761904,96.4,155.1,13.0,23.0,0.3611111111111111,25.237045867484063,32,20,8,12,0.043363505002576956,0,0,0,0,0,0,0,0,0,-1,0,0,0,0,0
1ngx,A,102,THR,-0.7,116.1,0.0,1,1,E,0.007042253521126761,-130.8,123.1,21.0,12.0,0.6363636363636364,28.956996944100826,33,18,12,6,0.048958795970651406,0,0,1,0,0,0,0,0,0,-1,0,0,0,0,0
1ngx,A,103,LYS,-3.9,168.6,1.0,2,0,E,0.35121951219512193,-92.3,114.8,7.0,24.0,0.22580645161290322,31.271484257487558,28,13,25,-12,0.04149840801321881,0,0,1,0,0,0,0,0,0,21,54,20,0,14,1
1ngx,A,104,VAL,4.2,140.0,0.0,0,0,E,0.02112676056338028,-101.9,118.1,21.0,15.0,0.5833333333333334,34.6720965886993,38,21,28,-7,0.0526889899493677,0,0,1,0,0,0,0,0,0,-1,0,0,0,0,0
1ngx,A,105,GLU,-3.5,138.4,-1.0,1,3,E,0.10824742268041238,-107.6,156.2,14.0,22.0,0.3888888888888889,37.433729926281586,32,34,13,21,0.04616115048661418,0,0,1,0,0,0,0,0,0,-1,0,0,0,0,0
1ngx,A,106,ILE,4.5,166.7,0.0,0,0,E,0.0,-92.0,129.5,23.0,15.0,0.6052631578947368,41.13261908567807,32,26,38,-12,0.050823892960009553,0,0,1,0,0,0,0,0,0,-1,0,0,0,0,0
1ngx,A,107,LYS,-3.9,168.6,1.0,2,0,E,0.526829268292683,-97.1,124.8,7.0,23.0,0.23333333333333334,42.88560259203431,22,11,16,-5,0.040099585271200194,0,0,1,0,0,0,0,0,0,-1,0,0,0,0,0
1ngx,A,108,ARG,-4.5,173.4,1.0,5,0,-,0.3024193548387097,-133.5,-179.1,17.0,9.0,0.6538461538461539,46.88736085452397,24,15,19,-4,0.0363693912924839,0,0,0,0,0,0,0,0,0,-1,0,0,0,0,0
1ngx,A,109,THR,-0.7,116.1,0.0,1,1,-,0.7323943661971831,-66.4,152.5,2.0,17.0,0.10526315789473684,49.00868781349738,18,21,4,17,0.024246260861655933,0,0,0,0,0,0,0,0,0,-1,0,0,0,0,0
1ngx,A,110,VAL,4.2,140.0,0.0,0,0,-,0.6619718309859155,-63.0,142.0,7.0,15.0,0.3181818181818182,48.73965069686541,19,28,2,26,0.034970568550465285,0,0,0,0,0,0,0,0,0,-1,0,0,0,0,0
1ngx,A,111,ALA,1.8,88.6,0.0,0,0,B,0.16981132075471697,-138.0,123.8,16.0,10.0,0.6153846153846154,48.7759242155103,23,24,8,16,0.03776821403450251,0,1,0,0,0,0,0,0,0,-1,0,0,0,0,0
1ngx,A,112,ALA,1.8,88.6,0.0,0,0,P,0.39622641509433965,-73.0,143.9,10.0,18.0,0.35714285714285715,49.741014985850626,26,15,1,14,0.0363693912924839,0,0,0,0,0,0,0,0,0,-1,0,0,0,0,0
1ngx,A,113,PRO,-1.6,112.7,0.0,0,0,P,0.0661764705882353,-76.0,153.8,25.0,10.0,0.7142857142857143,47.49283242004218,35,18,3,15,0.04476232774459557,0,0,0,0,0,0,0,0,0,-1,0,0,0,0,0
1ngx,A,114,SER,-0.8,89.0,0.0,1,1,E,0.47692307692307695,-101.3,124.7,8.0,26.0,0.23529411764705882,49.244845405396944,24,12,0,12,0.03730193978716297,0,0,1,0,0,0,0,0,0,55,0,8,0,0,1
1ngx,A,115,VAL,4.2,140.0,0.0,0,0,E,0.08450704225352113,-102.3,140.6,19.0,19.0,0.5,47.47346468467424,29,11,4,7,0.04196468226055834,0,0,1,0,0,0,0,0,0,-1,0,0,0,0,0
1ngx,A,116,PHE,2.8,189.9,0.0,0,0,E,0.1319796954314721,-140.8,142.1,22.0,22.0,0.5,48.2854885697381,31,9,0,9,0.040099585271200194,0,0,1,0,0,0,0,0,0,55,0,8,0,0,1
1ngx,A,117,ILE,4.5,166.7,0.0,0,0,E,0.09467455621301775,-121.0,144.4,17.0,25.0,0.40476190476190477,44.80221254621678,33,9,2,7,0.04755997322863279,0,0,1,0,0,0,0,0,0,-1,0,0,0,0,0
1ngx,A,118,PHE,2.8,189.9,0.0,0,0,E,0.015228426395939087,-127.2,125.0,28.0,15.0,0.6511627906976745,44.52454920823949,38,5,0,5,0.043363505002576956,0,0,1,0,0,0,0,0,0,-1,0,0,0,0,0
1ngx,A,119,PRO,-1.6,112.7,0.0,0,0,P,0.41911764705882354,-76.1,162.8,17.0,28.0,0.37777777777777777,42.912714996322165,31,15,10,5,0.040099585271200194,0,0,0,0,0,0,0,0,0,-1,0,0,0,0,0
1ngx,A,120,PRO,-1.6,112.7,0.0,0,0,P,0.08823529411764706,-71.3,152.2,23.0,17.0,0.575,39.74308085276487,31,19,19,0,0.04476232774459557,0,0,0,0,0,0,0,0,0,-1,0,0,0,0,0
1ngx,A,121,SER,-0.8,89.0,0.0,1,1,P,0.13076923076923078,-79.2,155.0,17.0,17.0,0.5,40.831076378398606,22,17,19,-2,0.040565859518539735,0,0,0,0,0,0,0,0,0,-1,0,0,0,0,0
1ngx,A,122,ASP,-3.5,111.1,-1.0,1,3,H,0.5214723926380368,-63.8,-32.6,4.0,19.0,0.17391304347826086,42.11230584503332,18,19,19,0,0.02984155182973038,1,0,0,0,0,0,0,0,0,-1,0,0,0,0,0
1ngx,A,123,GLU,-3.5,138.4,-1.0,1,3,H,0.4536082474226804,-61.6,-46.2,6.0,13.0,0.3157894736842105,40.64125633511447,11,13,8,5,0.03170664881908853,1,0,0,0,0,0,0,0,0,-1,0,0,0,0,0
1ngx,A,124,GLN,-3.5,143.8,0.0,2,2,H,0.015151515151515152,-66.1,-46.2,21.0,6.0,0.7777777777777778,36.337251586712995,22,26,19,7,0.04476232774459557,1,0,0,0,0,0,0,0,0,-1,0,0,0,0,0
1ngx,A,125,LEU,3.8,166.7,0.0,0,0,H,0.12195121951219512,-51.6,-38.5,10.0,14.0,0.4166666666666667,36.868704352467006,24,21,25,-4,0.045228601991935104,1,0,0,0,0,0,0,0,0,20,158,11,0,18,1
1ngx,A,126,LYS,-3.9,168.6,1.0,2,0,H,0.7609756097560976,-63.4,-21.2,4.0,10.0,0.2857142857142857,38.025745516396114,12,6,18,-12,0.02611135785101408,1,0,0,0,0,0,0,0,0,-1,0,0,0,0,0
1ngx,A,127,SER,-0.8,89.0,0.0,1,1,T,0.6153846153846154,-87.1,-7.3,11.0,7.0,0.6111111111111112,33.50282858463649,17,22,15,7,0.027043906345693154,0,0,0,0,0,1,0,0,0,-1,0,0,0,0,0
1ngx,A,128,GLY,-0.4,60.1,0.0,0,0,T,0.38095238095238093,100.5,5.5,1.0,18.0,0.05263157894736842,31.398965010027645,21,20,16,4,0.028909003335051305,0,0,0,0,0,1,0,0,0,20,158,11,0,18,1
1ngx,A,129,THR,-0.7,116.1,0.0,1,1,E,0.33098591549295775,-133.9,154.0,8.0,18.0,0.3076923076923077,31.990560788717087,25,20,18,2,0.03963331102386066,0,0,1,0,0,0,0,0,0,20,158,11,0,18,1
1ngx,A,130,ALA,1.8,88.6,0.0,0,0,E,0.0,-130.4,117.6,14.0,18.0,0.4375,33.941149641819564,33,17,21,-4,0.04989134446533048,0,0,1,0,0,0,0,0,0,20,158,11,0,18,1
1ngx,A,131,SER,-0.8,89.0,0.0,1,1,E,0.038461538461538464,-109.8,124.3,20.0,21.0,0.4878048780487805,35.841453059378274,34,9,4,5,0.045228601991935104,0,0,1,0,0,0,0,0,0,-1,0,0,0,0,0
1ngx,A,132,VAL,4.2,140.0,0.0,0,0,E,0.0,-111.0,129.5,22.0,24.0,0.4782608695652174,37.81282309751953,36,5,0,5,0.04989134446533048,0,0,1,0,0,0,0,0,0,1,4099,13,0,765,1
1ngx,A,133,VAL,4.2,140.0,0.0,0,0,E,0.0,-117.3,140.9,23.0,25.0,0.4791666666666667,40.42745540488168,40,2,2,0,0.05035761871267001,0,0,1,0,0,0,0,0,0,-1,0,0,0,0,0
1ngx,A,134,CYS,2.5,108.5,0.0,1,0,E,0.0,-123.9,125.4,25.0,24.0,0.5102040816326531,41.33453625418512,43,10,11,-1,0.05129016720734909,0,0,1,0,0,0,0,0,0,-1,0,0,0,0,0
1ngx,A,135,LEU,3.8,166.7,0.0,0,0,E,0.0,-108.7,130.6,23.0,28.0,0.45098039215686275,44.18287455478768,36,14,0,14,0.050823892960009553,0,0,1,0,0,0,0,0,0,-1,0,0,0,0,0
1ngx,A,136,LEU,3.8,166.7,0.0,0,0,E,0.0,-115.4,110.9,28.0,17.0,0.6222222222222222,43.15382759844855,44,22,12,10,0.04942507021799094,0,0,1,0,0,0,0,0,0,-1,0,0,0,0,0
1ngx,A,137,ASN,-3.5,114.1,0.0,2,2,E,0.03821656050955414,-105.8,138.1,17.0,24.0,0.4146341463414634,47.06884235061552,27,10,5,5,0.048492521723311866,0,0,1,0,0,0,0,0,0,-1,0,0,0,0,0
1ngx,A,138,ASN,-3.5,114.1,0.0,2,2,E,0.3184713375796178,43.0,71.6,10.0,26.0,0.2777777777777778,48.16115146149022,28,15,17,-2,0.04429605349725603,0,0,1,0,0,0,0,0,0,-1,0,0,0,0,0
1ngx,A,139,PHE,2.8,189.9,0.0,0,0,E,0.0,-127.0,167.0,20.0,15.0,0.5714285714285714,44.19041471947066,38,30,17,13,0.05455408693872585,0,0,1,0,0,0,0,0,0,-1,0,0,0,0,0
1ngx,A,140,TYR,-1.3,193.6,0.0,1,1,B,0.04954954954954955,-161.3,137.8,14.0,20.0,0.4117647058823529,43.68150486089282,28,33,25,8,0.05502036118606539,0,1,0,0,0,0,0,0,0,-1,0,0,0,0,0
1ngx,A,141,PRO,-1.6,112.7,0.0,0,0,S,0.15441176470588236,-70.9,175.2,5.0,26.0,0.16129032258064516,42.61406384643688,29,38,14,24,0.048026247475972325,0,0,0,0,0,0,1,0,0,-1,0,0,0,0,0
1ngx,A,142,ARG,-4.5,173.4,1.0,5,0,S,0.3870967741935484,-62.9,-30.9,11.0,23.0,0.3235294117647059,37.18819315673582,24,8,28,-20,0.04103213376587927,0,0,0,0,0,0,1,0,0,-1,0,0,0,0,0
1ngx,A,143,GLU,-3.5,138.4,-1.0,1,3,-,0.6391752577319587,-61.1,124.1,4.0,18.0,0.18181818181818182,38.69438820011617,19,30,4,26,0.02844272908771177,0,0,0,0,0,0,0,0,0,-1,0,0,0,0,0
1ngx,A,144,ALA,1.8,88.6,0.0,0,0,-,0.16981132075471697,-157.5,150.0,29.0,6.0,0.8285714285714286,39.34243600313019,26,28,16,12,0.04149840801321881,0,0,0,0,0,0,0,0,0,-1,0,0,0,0,0
1ngx,A,145,LYS,-3.9,168.6,1.0,2,0,E,0.5609756097560976,-123.1,126.3,6.0,21.0,0.2222222222222222,39.01858906943556,22,13,20,-7,0.02984155182973038,0,0,1,0,0,0,0,0,0,-1,0,0,0,0,0
1ngx,A,146,VAL,4.2,140.0,0.0,0,0,E,0.19014084507042253,-112.3,124.5,21.0,15.0,0.5833333333333334,38.06656157684457,32,19,19,0,0.040099585271200194,0,0,1,0,0,0,0,0,0,-1,0,0,0,0,0
1ngx,A,147,GLN,-3.5,143.8,0.0,2,2,E,0.2828282828282828,-120.2,118.8,11.0,22.0,0.3333333333333333,37.149711396363585,27,18,10,8,0.03963331102386066,0,0,1,0,0,0,0,0,0,1,4099,13,0,765,1
1ngx,A,148,TRP,-0.9,227.8,0.0,1,0,E,0.013215859030837005,-86.9,138.7,18.0,18.0,0.5,37.3449038785843,42,16,11,5,0.048492521723311866,0,0,1,0,0,0,0,0,0,1,4099,13,0,765,1
1ngx,A,149,LYS,-3.9,168.6,1.0,2,0,E,0.17560975609756097,-131.8,133.5,14.0,14.0,0.5,39.04706402323432,23,4,16,-12,0.04662742473395372,0,0,1,0,0,0,0,0,0,1,4099,13,0,765,1
1ngx,A,150,VAL,4.2,140.0,0.0,0,0,E,0.028169014084507043,-124.9,111.4,13.0,17.0,0.43333333333333335,36.21321288802077,25,30,11,19,0.04429605349725603,0,0,1,0,0,0,0,0,0,1,4099,13,0,765,1
1ngx,A,151,ASP,-3.5,111.1,-1.0,1,3,T,0.38650306748466257,52.9,44.5,6.0,14.0,0.3,38.68862822696325,19,36,1,35,0.034970568550465285,0,0,0,0,0,1,0,0,0,-1,0,0,0,0,0
1ngx,A,152,ASN,-3.5,114.1,0.0,2,2,T,0.9363057324840764,71.5,3.1,0.0,17.0,0.0,39.83628899016727,16,14,9,5,0.02611135785101408,0,0,0,0,0,1,0,0,0,-1,0,0,0,0,0
1ngx,A,153,ALA,1.8,88.6,0.0,0,0,E,0.4716981132075472,-88.8,123.8,7.0,9.0,0.4375,35.36828856201202,15,16,8,8,0.027043906345693154,0,0,1,0,0,0,0,0,0,-1,0,0,0,0,0
1ngx,A,154,LEU,3.8,166.7,0.0,0,0,E,0.6280487804878049,-74.7,124.7,3.0,16.0,0.15789473684210525,35.208125475079456,15,9,13,-4,0.02984155182973038,0,0,1,0,0,0,0,0,0,-1,0,0,0,0,0
1ngx,A,155,GLN,-3.5,143.8,0.0,2,2,P,0.18686868686868688,-87.9,147.6,18.0,4.0,0.8181818181818182,32.675358086437285,22,14,4,10,0.035436842797804825,0,0,0,0,0,0,0,0,0,1,4099,13,0,765,1
1ngx,A,156,SER,-0.8,89.0,0.0,1,1,-,0.823076923076923,-155.8,141.1,1.0,15.0,0.0625,29.143895285810164,15,2,0,2,0.022847438119637322,0,0,0,0,0,0,0,0,0,-1,0,0,0,0,0
1ngx,A,157,GLY,-0.4,60.1,0.0,0,0,S,1.0,86.8,-12.0,2.0,13.0,0.13333333333333333,27.117432089421015,14,0,1,-1,0.014454501667525653,0,0,0,0,0,0,1,0,0,-1,0,0,0,0,0
1ngx,A,158,ASN,-3.5,114.1,0.0,2,2,S,0.24203821656050956,-115.6,24.7,13.0,10.0,0.5652173913043478,29.726359686865052,24,1,4,-3,0.028909003335051305,0,0,0,0,0,0,1,0,0,-1,0,0,0,0,0
1ngx,A,159,SER,-0.8,89.0,0.0,1,1,E,0.36923076923076925,-136.6,155.0,17.0,11.0,0.6071428571428571,31.0938828998337,23,0,9,-9,0.034970568550465285,0,0,1,0,0,0,0,0,0,-1,0,0,0,0,0
1ngx,A,160,GLN,-3.5,143.8,0.0,2,2,E,0.35858585858585856,-140.8,150.1,13.0,18.0,0.41935483870967744,30.387903390896287,24,1,9,-8,0.02984155182973038,0,0,1,0,0,0,0,0,0,-1,0,0,0,0,0
1ngx,A,161,GLU,-3.5,138.4,-1.0,1,3,E,0.4793814432989691,-141.6,160.6,14.0,19.0,0.42424242424242425,33.760312772169385,26,9,0,9,0.03403802005578621,0,0,1,0,0,0,0,0,0,-1,0,0,0,0,0
1ngx,A,162,SER,-0.8,89.0,0.0,1,1,E,0.13846153846153847,-144.8,154.9,13.0,17.0,0.43333333333333335,35.008195120036156,28,9,12,-3,0.03870076252918159,0,0,1,0,0,0,0,0,0,-1,0,0,0,0,0
1ngx,A,163,VAL,4.2,140.0,0.0,0,0,E,0.1267605633802817,-124.9,141.7,12.0,20.0,0.375,36.8646047703019,25,20,21,-1,0.043363505002576956,0,0,1,0,0,0,0,0,0,-1,0,0,0,0,0
1ngx,A,164,THR,-0.7,116.1,0.0,1,1,P,0.09859154929577464,-75.2,165.5,22.0,11.0,0.6666666666666666,39.54369846740282,25,20,19,1,0.04289723075523742,0,0,0,0,0,0,0,0,0,21,54,20,0,14,1
1ngx,A,165,GLU,-3.5,138.4,-1.0,1,3,P,0.4742268041237113,-75.5,153.4,11.0,20.0,0.3548387096774194,36.98121678371976,21,15,15,0,0.032639197313767604,0,0,0,0,0,0,0,0,0,21,54,20,0,14,1
1ngx,A,166,GLN,-3.5,143.8,0.0,2,2,P,0.06565656565656566,-56.0,133.6,19.0,16.0,0.5428571428571428,40.26356151645736,33,33,42,-9,0.043363505002576956,0,0,0,0,0,0,0,0,0,54,0,14,0,0,1
1ngx,A,167,ASP,-3.5,111.1,-1.0,1,3,P,0.294478527607362,-66.3,126.5,17.0,15.0,0.53125,44.58904107593594,20,22,21,1,0.03916703677652112,0,0,0,0,0,0,0,0,0,54,0,14,0,0,1
1ngx,A,168,SER,-0.8,89.0,0.0,1,1,T,0.3769230769230769,-65.6,-17.8,6.0,17.0,0.2608695652173913,44.337422275949,19,15,36,-21,0.03776821403450251,0,0,0,0,0,1,0,0,0,54,0,14,0,0,1
1ngx,A,169,LYS,-3.9,168.6,1.0,2,0,T,0.6829268292682927,-97.1,-58.9,3.0,16.0,0.15789473684210525,48.31772994169486,14,3,26,-23,0.025645083603674543,0,0,0,0,0,1,0,0,0,54,0,14,0,0,1
1ngx,A,170,ASP,-3.5,111.1,-1.0,1,3,T,0.3558282208588957,-99.2,1.4,9.0,15.0,0.375,47.93774643236662,20,22,10,12,0.02844272908771177,0,0,0,0,0,1,0,0,0,54,0,14,0,0,1
1ngx,A,171,SER,-0.8,89.0,0.0,1,1,-,0.06153846153846154,60.8,27.5,18.0,13.0,0.5806451612903226,44.678901689793044,29,27,31,-4,0.04942507021799094,0,0,0,0,0,0,0,0,0,54,0,14,0,0,1
1ngx,A,172,THR,-0.7,116.1,0.0,1,1,-,0.028169014084507043,-103.8,172.1,16.0,18.0,0.47058823529411764,45.06173427979888,30,35,24,11,0.05408781269138631,0,0,0,0,0,0,0,0,0,54,0,14,0,0,1
1ngx,A,173,TYR,-1.3,193.6,0.0,1,1,E,0.05405405405405406,-121.5,162.3,18.0,19.0,0.4864864864864865,40.85891238713408,32,30,41,-11,0.05455408693872585,0,0,1,0,0,0,0,0,0,-1,0,0,0,0,0
1ngx,A,174,SER,-0.8,89.0,0.0,1,1,E,0.0,-137.5,147.8,22.0,20.0,0.5238095238095238,42.40833759525541,34,21,15,6,0.05175644145468863,0,0,1,0,0,0,0,0,0,-1,0,0,0,0,0
1ngx,A,175,LEU,3.8,166.7,0.0,0,0,E,0.018292682926829267,-137.4,143.9,16.0,25.0,0.3902439024390244,39.44582399413226,39,23,14,9,0.048026247475972325,0,0,1,0,0,0,0,0,0,-1,0,0,0,0,0
1ngx,A,176,SER,-0.8,89.0,0.0,1,1,E,0.03076923076923077,-127.1,131.0,22.0,24.0,0.4782608695652174,38.3462852095642,37,6,9,-3,0.04942507021799094,0,0,1,0,0,0,0,0,0,-1,0,0,0,0,0
1ngx,A,177,SER,-0.8,89.0,0.0,1,1,E,0.007692307692307693,-119.8,136.4,18.0,24.0,0.42857142857142855,37.20779070517429,35,2,11,-9,0.04662742473395372,0,0,1,0,0,0,0,0,0,-1,0,0,0,0,0
1ngx,A,178,THR,-0.7,116.1,0.0,1,1,E,0.1619718309859155,-122.5,124.6,19.0,23.0,0.4523809523809524,34.99630752961242,28,5,9,-4,0.04429605349725603,0,0,1,0,0,0,0,0,0,-1,0,0,0,0,0
1ngx,A,179,LEU,3.8,166.7,0.0,0,0,E,0.0,-100.2,124.7,22.0,14.0,0.6111111111111112,34.309769080029206,37,6,1,5,0.04429605349725603,0,0,1,0,0,0,0,0,0,1,4099,13,0,765,1
1ngx,A,180,THR,-0.7,116.1,0.0,1,1,E,0.352112676056338,-115.7,126.5,12.0,22.0,0.35294117647058826,30.923217662498615,30,6,5,1,0.0363693912924839,0,0,1,0,0,0,0,0,0,-1,0,0,0,0,0
1ngx,A,181,LEU,3.8,166.7,0.0,0,0,E,0.10975609756097561,-135.3,160.4,19.0,10.0,0.6551724137931034,31.269699443730794,28,21,13,8,0.040099585271200194,0,0,1,0,0,0,0,0,0,20,158,11,0,18,1
1ngx,A,182,SER,-0.8,89.0,0.0,1,1,E,0.36153846153846153,-77.2,161.0,3.0,18.0,0.14285714285714285,29.421935445138036,22,19,17,2,0.030307826077069916,0,0,1,0,0,0,0,0,0,20,158,11,0,18,1
1ngx,A,183,LYS,-3.9,168.6,1.0,2,0,H,0.3853658536585366,-59.9,-40.1,9.0,14.0,0.391304347826087,33.291853832233166,21,18,22,-4,0.040565859518539735,1,0,0,0,0,0,0,0,0,20,158,11,0,18,1
1ngx,A,184,ALA,1.8,88.6,0.0,0,0,H,0.5471698113207547,-59.9,-47.7,0.0,15.0,0.0,30.747217068447007,14,32,17,15,0.027043906345693154,1,0,0,0,0,0,0,0,0,20,158,11,0,18,1
1ngx,A,185,ASP,-3.5,111.1,-1.0,1,3,H,0.4171779141104294,-65.8,-39.8,9.0,10.0,0.47368421052631576,29.86677061234758,19,30,9,21,0.032639197313767604,1,0,0,0,0,0,0,0,0,20,158,11,0,18,1
1ngx,A,186,TYR,-1.3,193.6,0.0,1,1,H,0.04954954954954955,-56.9,-42.1,18.0,10.0,0.6428571428571429,36.23828374050601,31,44,19,25,0.048026247475972325,1,0,0,0,0,0,0,0,0,20,158,11,0,18,1
1ngx,A,187,GLU,-3.5,138.4,-1.0,1,3,T,0.5103092783505154,-80.3,18.1,5.0,16.0,0.23809523809523808,35.70490316236949,17,44,8,36,0.0363693912924839,0,0,0,0,0,1,0,0,0,20,158,11,0,18,1
1ngx,A,188,LYS,-3.9,168.6,1.0,2,0,T,0.6926829268292682,-109.1,-2.1,6.0,10.0,0.375,32.639073413477,13,27,21,6,0.029375277582390842,0,0,0,0,0,1,0,0,0,-1,0,0,0,0,0
1ngx,A,189,HIS,-3.2,153.2,0.1,2,1,-,0.33152173913043476,-135.3,164.6,14.0,7.0,0.6666666666666666,35.53721680891134,22,32,23,9,0.03776821403450251,0,0,0,0,0,0,0,0,0,-1,0,0,0,0,0
1ngx,A,190,LYS,-3.9,168.6,1.0,2,0,S,0.6,-108.0,-56.6,0.0,20.0,0.0,42.659915890285305,16,26,12,14,0.03916703677652112,0,0,0,0,0,0,1,0,0,-1,0,0,0,0,0
1ngx,A,191,VAL,4.2,140.0,0.0,0,0,E,0.3380281690140845,-91.5,120.6,10.0,14.0,0.4166666666666667,41.787531199248754,24,40,8,32,0.043363505002576956,0,0,1,0,0,0,0,0,0,-1,0,0,0,0,0
1ngx,A,192,TYR,-1.3,193.6,0.0,1,1,E,0.0,-112.7,124.2,20.0,17.0,0.5405405405405406,39.04442266948254,32,41,13,28,0.050823892960009553,0,0,1,0,0,0,0,0,0,1,4099,13,0,765,1
1ngx,A,193,ALA,1.8,88.6,0.0,0,0,E,0.08490566037735849,-137.1,148.4,13.0,23.0,0.3611111111111111,41.374394300840954,30,18,16,2,0.04709369898129325,0,0,1,0,0,0,0,0,0,1,4099,13,0,765,1
1ngx,A,194,CYS,2.5,108.5,0.0,1,0,E,0.0,-118.9,113.3,21.0,17.0,0.5526315789473685,42.20761472130358,32,21,9,12,0.05175644145468863,0,0,1,0,0,0,0,0,0,1,4099,13,0,765,1
1ngx,A,195,GLU,-3.5,138.4,-1.0,1,3,E,0.25257731958762886,-102.9,123.3,10.0,23.0,0.30303030303030304,42.09564400106485,26,27,0,27,0.04429605349725603,0,0,1,0,0,0,0,0,0,-1,0,0,0,0,0
1ngx,A,196,VAL,4.2,140.0,0.0,0,0,E,0.0,-109.3,132.3,24.0,12.0,0.6666666666666666,43.679445145683005,34,30,12,18,0.04616115048661418,0,0,1,0,0,0,0,0,0,-1,0,0,0,0,0
1ngx,A,197,THR,-0.7,116.1,0.0,1,1,E,0.31690140845070425,-119.3,131.0,5.0,22.0,0.18518518518518517,42.754097646571566,24,21,14,7,0.04196468226055834,0,0,1,0,0,0,0,0,0,-1,0,0,0,0,0
1ngx,A,198,HIS,-3.2,153.2,0.1,2,1,-,0.021739130434782608,-158.3,149.8,21.0,7.0,0.75,44.90449321034486,28,14,10,4,0.04429605349725603,0,0,0,0,0,0,0,0,0,29,131,3,0,4,1
1ngx,A,199,GLN,-3.5,143.8,0.0,2,2,T,0.5353535353535354,-51.2,-33.5,8.0,13.0,0.38095238095238093,44.63828169442031,20,22,9,13,0.030774100324409453,0,0,0,0,0,1,0,0,0,-1,0,0,0,0,0
1ngx,A,200,GLY,-0.4,60.1,0.0,0,0,T,0.36904761904761907,-83.2,2.5,13.0,10.0,0.5652173913043478,49.150062137159615,21,10,2,8,0.032172923066428064,0,0,0,0,0,1,0,0,0,29,131,3,0,4,1
1ngx,A,201,LEU,3.8,166.7,0.0,0,0,-,0.24390243902439024,-115.1,109.4,15.0,7.0,0.6818181818181818,48.89385895858609,24,13,3,10,0.032639197313767604,0,0,0,0,0,0,0,0,0,29,131,3,0,4,1
1ngx,A,202,SER,-0.8,89.0,0.0,1,1,S,1.0,-57.2,-32.2,0.0,12.0,0.0,51.408337332981404,10,7,0,7,0.017718421398902413,0,0,0,0,0,0,1,0,0,29,131,3,0,4,1
1ngx,A,203,SER,-0.8,89.0,0.0,1,1,S,0.6384615384615384,-135.4,144.2,1.0,11.0,0.08333333333333333,50.03351904804838,12,5,5,0,0.01958351838826056,0,0,0,0,0,0,1,0,0,29,131,3,0,4,1
1ngx,A,204,PRO,-1.6,112.7,0.0,0,0,-,0.5220588235294118,-58.0,146.4,9.0,12.0,0.42857142857142855,46.93485082303795,18,14,9,5,0.03170664881908853,0,0,0,0,0,0,0,0,0,29,131,3,0,4,1
1ngx,A,205,VAL,4.2,140.0,0.0,0,0,E,0.21830985915492956,-105.1,133.1,16.0,12.0,0.5714285714285714,47.38535908813071,26,19,9,10,0.03357174580844668,0,0,1,0,0,0,0,0,0,-1,0,0,0,0,0
1ngx,A,206,THR,-0.7,116.1,0.0,1,1,E,0.47183098591549294,-122.5,131.5,10.0,19.0,0.3448275862068966,46.61180288746609,23,19,9,10,0.032172923066428064,0,0,1,0,0,0,0,0,0,-1,0,0,0,0,0
1ngx,A,207,LYS,-3.9,168.6,1.0,2,0,E,0.43902439024390244,-117.8,139.3,17.0,14.0,0.5483870967741935,47.714293270941674,25,0,6,-6,0.03403802005578621,0,0,1,0,0,0,0,0,0,-1,0,0,0,0,0
1ngx,A,208,SER,-0.8,89.0,0.0,1,1,E,0.5076923076923077,-155.9,173.0,17.0,13.0,0.5666666666666667,46.01915283096457,28,20,4,16,0.035436842797804825,0,0,1,0,0,0,0,0,0,-1,0,0,0,0,0
1ngx,A,209,PHE,2.8,189.9,0.0,0,0,E,0.15228426395939088,-154.8,158.0,16.0,13.0,0.5517241379310345,43.568426331179346,30,29,5,24,0.035436842797804825,0,0,1,0,0,0,0,0,0,-1,0,0,0,0,0
1ngx,A,210,ASN,-3.5,114.1,0.0,2,2,E,0.4840764331210191,-104.4,129.4,4.0,21.0,0.16,45.43616123929116,18,29,11,18,0.034970568550465285,0,0,1,0,0,0,0,0,0,-1,0,0,0,0,0
1ngx,A,211,ARG,-4.5,173.4,1.0,5,0,S,0.3467741935483871,-55.8,129.1,16.0,9.0,0.64,40.741217644043545,22,27,22,5,0.04103213376587927,0,0,0,0,0,0,1,0,0,-1,0,0,0,0,0
1ngx,A,212,ASN,-3.5,114.1,0.0,2,2,-,0.6178343949044586,178.3,-161.8,7.0,12.0,0.3684210526315789,45.564481276581304,18,31,14,17,0.021914889624958248,0,0,0,0,0,0,0,0,0,-1,0,0,0,0,0
1ngx,A,213,GLU,-3.5,138.4,-1.0,1,3,-,0.5773195876288659,51.1,360.0,10.0,3.0,0.7692307692307693,47.46166654701503,14,24,6,18,0.017252147151562876,0,0,0,0,0,0,0,0,0,9,1488,4,0,59,1
1ngx,B,1,GLN,-3.5,143.8,0.0,2,2,-,0.7222222222222222,360.0,-68.3,9.0,9.0,0.5,24.6892688141193,17,14,0,14,0.022381163872297785,0,0,0,0,0,0,0,0,0,-1,0,0,0,0,0
1ngx,B,2,VAL,4.2,140.0,0.0,0,0,E,0.2887323943661972,-66.5,126.4,17.0,8.0,0.68,27.425252222629087,22,14,9,5,0.03170664881908853,0,0,1,0,0,0,0,0,0,22,53,17,0,11,1
1ngx,B,3,GLN,-3.5,143.8,0.0,2,2,E,0.5656565656565656,-96.4,133.9,3.0,21.0,0.125,29.714438953864413,17,9,9,0,0.03403802005578621,0,0,1,0,0,0,0,0,0,22,53,17,0,11,1
1ngx,B,4,LEU,3.8,166.7,0.0,0,0,E,0.018292682926829267,-128.6,112.0,23.0,6.0,0.7931034482758621,30.179206398857755,30,8,16,-8,0.043829779249916496,0,0,1,0,0,0,0,0,0,22,53,17,0,11,1
1ngx,B,5,LEU,3.8,166.7,0.0,0,0,-,0.7804878048780488,-78.1,153.1,1.0,27.0,0.03571428571428571,34.32555940891773,25,13,16,-3,0.03124037457174899,0,0,0,0,0,0,0,0,0,-1,0,0,0,0,0
1ngx,B,6,GLU,-3.5,138.4,-1.0,1,3,T,0.24742268041237114,-53.4,135.5,14.0,16.0,0.4666666666666667,33.872016870053116,27,16,0,16,0.03916703677652112,0,0,0,0,0,1,0,0,0,-1,0,0,0,0,0
1ngx,B,7,SER,-0.8,89.0,0.0,1,1,T,0.6384615384615384,82.0,-5.3,6.0,17.0,0.2608695652173913,34.91400203856022,23,2,13,-11,0.026577632098353617,0,0,0,0,0,1,0,0,0,-1,0,0,0,0,0
1ngx,B,8,GLY,-0.4,60.1,0.0,0,0,-,0.2976190476190476,-81.8,-174.3,12.0,15.0,0.4444444444444444,33.274929860572286,26,6,20,-14,0.030307826077069916,0,0,0,0,0,0,0,0,0,-1,0,0,0,0,0
1ngx,B,9,ALA,1.8,88.6,0.0,0,0,E,0.27358490566037735,-150.8,123.6,12.0,20.0,0.375,31.852070835327652,29,12,19,-7,0.03590311704514436,0,0,1,0,0,0,0,0,0,22,53,17,0,11,1
1ngx,B,10,GLU,-3.5,138.4,-1.0,1,3,E,0.44329896907216493,-137.3,144.7,15.0,21.0,0.4166666666666667,30.179562015634215,29,13,4,9,0.03916703677652112,0,0,1,0,0,0,0,0,0,22,53,17,0,11,1
1ngx,B,11,LEU,3.8,166.7,0.0,0,0,E,0.17682926829268292,-91.6,130.0,13.0,24.0,0.35135135135135137,26.827648162952563,30,12,14,-2,0.04103213376587927,0,0,1,0,0,0,0,0,0,22,53,17,0,11,1
1ngx,B,12,VAL,4.2,140.0,0.0,0,0,E,0.014084507042253521,-131.5,143.3,25.0,10.0,0.7142857142857143,23.9819785953632,33,10,16,-6,0.043829779249916496,0,0,1,0,0,0,0,0,0,50,1,29,0,0,1
1ngx,B,13,LYS,-3.9,168.6,1.0,2,0,-,0.5121951219512195,-75.5,146.2,5.0,21.0,0.19230769230769232,22.395691125005502,21,0,2,-2,0.034970568550465285,0,0,0,0,0,0,0,0,0,50,1,29,0,0,1
1ngx,B,14,PRO,-1.6,112.7,0.0,0,0,T,0.47058823529411764,-61.5,144.0,6.0,17.0,0.2608695652173913,18.339803078232155,21,9,6,3,0.03450429430312575,0,0,0,0,0,1,0,0,0,50,1,29,0,0,1
1ngx,B,15,GLY,-0.4,60.1,0.0,0,0,T,0.7023809523809523,88.5,-18.5,1.0,18.0,0.05263157894736842,17.200203083336227,17,8,3,5,0.025645083603674543,0,0,0,0,0,1,0,0,0,50,1,29,0,0,1
1ngx,B,16,ALA,1.8,88.6,0.0,0,0,-,0.2358490566037736,-88.8,-165.5,13.0,11.0,0.5416666666666666,19.776462389202017,22,10,3,7,0.03310547156110714,0,0,0,0,0,0,0,0,0,50,1,29,0,0,1
1ngx,B,17,SER,-0.8,89.0,0.0,1,1,-,0.13076923076923078,-136.2,164.9,10.0,20.0,0.3333333333333333,21.518063403342115,24,18,3,15,0.04103213376587927,0,0,0,0,0,0,0,0,0,-1,0,0,0,0,0
1ngx,B,18,VAL,4.2,140.0,0.0,0,0,E,0.0,-143.4,148.8,20.0,15.0,0.5714285714285714,23.842213608760062,34,15,15,0,0.04616115048661418,0,0,1,0,0,0,0,0,0,22,53,17,0,11,1
1ngx,B,19,LYS,-3.9,168.6,1.0,2,0,E,0.1951219512195122,-128.2,116.2,9.0,25.0,0.2647058823529412,26.382284236211884,28,1,1,0,0.045228601991935104,0,0,1,0,0,0,0,0,0,-1,0,0,0,0,0
1ngx,B,20,LEU,3.8,166.7,0.0,0,0,E,0.006097560975609756,-94.1,149.2,21.0,16.0,0.5675675675675675,27.332982727817935,39,10,13,-3,0.048026247475972325,0,0,1,0,0,0,0,0,0,-1,0,0,0,0,0
1ngx,B,21,SER,-0.8,89.0,0.0,1,1,E,0.14615384615384616,-124.4,154.0,9.0,28.0,0.24324324324324326,31.430609827086823,31,22,11,11,0.04662742473395372,0,0,1,0,0,0,0,0,0,-1,0,0,0,0,0
1ngx,B,22,CYS,2.5,108.5,0.0,1,0,E,0.007407407407407408,-153.6,114.8,22.0,17.0,0.5641025641025641,32.23393881275856,35,24,11,13,0.04429605349725603,0,0,1,0,0,0,0,0,0,-1,0,0,0,0,0
1ngx,B,23,LYS,-3.9,168.6,1.0,2,0,E,0.6634146341463415,-79.8,138.5,8.0,21.0,0.27586206896551724,37.241535697012836,23,8,14,-6,0.03450429430312575,0,0,1,0,0,0,0,0,0,-1,0,0,0,0,0
1ngx,B,24,ALA,1.8,88.6,0.0,0,0,-,0.12264150943396226,-74.4,158.9,22.0,12.0,0.6470588235294118,36.77423001724172,31,25,15,10,0.03776821403450251,0,0,0,0,0,0,0,0,0,-1,0,0,0,0,0
1ngx,B,25,SER,-0.8,89.0,0.0,1,1,-,0.38461538461538464,-61.3,-33.1,12.0,11.0,0.5217391304347826,39.60886036591127,20,27,9,18,0.03124037457174899,0,0,0,0,0,0,0,0,0,23,131,4,0,6,1
1ngx,B,26,GLY,-0.4,60.1,0.0,0,0,-,0.6785714285714286,103.2,-8.6,2.0,18.0,0.1,40.70907045023614,18,14,7,7,0.025645083603674543,0,0,0,0,0,0,0,0,0,23,131,4,0,6,1
1ngx,B,27,TYR,-1.3,193.6,0.0,1,1,-,0.7747747747747747,-72.0,146.3,8.0,8.0,0.5,42.765761785412955,10,10,8,2,0.02611135785101408,0,0,0,0,0,0,0,0,0,23,131,4,0,6,1
1ngx,B,28,THR,-0.7,116.1,0.0,1,1,-,0.9788732394366197,-80.7,123.9,0.0,13.0,0.0,41.07399036404423,12,6,4,2,0.021914889624958248,0,0,0,0,0,0,0,0,0,23,131,4,0,6,1
1ngx,B,29,PHE,2.8,189.9,0.0,0,0,-,0.3553299492385787,-147.4,155.8,14.0,2.0,0.875,38.51490119728643,15,12,11,1,0.027043906345693154,0,0,0,0,0,0,0,0,0,23,131,4,0,6,1
1ngx,B,30,THR,-0.7,116.1,0.0,1,1,S,0.9577464788732394,-64.1,-52.9,0.0,11.0,0.0,35.46890937920346,11,6,6,0,0.020516066882939634,0,0,0,0,0,0,1,0,0,-1,0,0,0,0,0
1ngx,B,31,SER,-0.8,89.0,0.0,1,1,-,0.3076923076923077,-121.9,154.8,7.0,14.0,0.3333333333333333,33.29209135077977,16,12,8,4,0.035436842797804825,0,0,0,0,0,0,0,0,0,-1,0,0,0,0,0
1ngx,B,32,TYR,-1.3,193.6,0.0,1,1,-,0.018018018018018018,-145.0,58.7,19.0,12.0,0.6129032258064516,34.29093497069425,27,31,16,15,0.04662742473395372,0,0,0,0,0,0,0,0,0,23,131,4,0,6,1
1ngx,B,33,TRP,-0.9,227.8,0.0,1,0,-,0.31277533039647576,-57.4,119.2,6.0,22.0,0.21428571428571427,28.119242381087933,25,40,8,32,0.04616115048661418,0,0,0,0,0,0,0,0,0,-1,0,0,0,0,0
1ngx,B,34,MET,1.9,162.9,0.0,0,0,E,0.0,-110.3,126.3,23.0,19.0,0.5476190476190477,29.5462924883065,37,42,12,30,0.04989134446533048,0,0,1,0,0,0,0,0,0,-1,0,0,0,0,0
1ngx,B,35,HIS,-3.2,153.2,0.1,2,1,E,0.22282608695652173,-102.1,151.5,12.0,25.0,0.32432432432432434,25.82805646993081,32,28,5,23,0.04616115048661418,0,0,1,0,0,0,0,0,0,-1,0,0,0,0,0
1ngx,B,36,TRP,-0.9,227.8,0.0,1,0,E,0.013215859030837005,-118.2,128.6,26.0,18.0,0.5909090909090909,25.2109579857376,41,30,7,23,0.048958795970651406,0,0,1,0,0,0,0,0,0,-1,0,0,0,0,0
1ngx,B,37,VAL,4.2,140.0,0.0,0,0,E,0.014084507042253521,-125.6,142.9,20.0,18.0,0.5263157894736842,23.52459854172589,31,22,9,13,0.05408781269138631,0,0,1,0,0,0,0,0,0,-1,0,0,0,0,0
1ngx,B,38,LYS,-3.9,168.6,1.0,2,0,E,0.02926829268292683,-110.1,137.8,17.0,19.0,0.4722222222222222,20.240151932214424,32,27,21,6,0.050823892960009553,0,0,1,0,0,0,0,0,0,-1,0,0,0,0,0
1ngx,B,39,GLN,-3.5,143.8,0.0,2,2,E,0.1717171717171717,-133.4,122.4,15.0,15.0,0.5,24.561111457422168,28,26,13,13,0.04755997322863279,0,0,1,0,0,0,0,0,0,-1,0,0,0,0,0
1ngx,B,40,ARG,-4.5,173.4,1.0,5,0,-,0.1532258064516129,-116.1,148.5,10.0,14.0,0.4166666666666667,19.638839691976138,20,22,25,-3,0.0363693912924839,0,0,0,0,0,0,0,0,0,7,285,27,0,92,1
1ngx,B,41,PRO,-1.6,112.7,0.0,0,0,T,1.0,-28.9,-77.6,3.0,12.0,0.2,23.785560589872013,15,26,3,23,0.018650969893581486,0,0,0,0,0,1,0,0,0,7,285,27,0,92,1
1ngx,B,42,GLY,-0.4,60.1,0.0,0,0,T,0.9285714285714286,-100.3,30.3,0.0,11.0,0.0,21.402968725652315,12,23,3,20,0.016319598656883802,0,0,0,0,0,1,0,0,0,7,285,27,0,92,1
1ngx,B,43,ARG,-4.5,173.4,1.0,5,0,S,0.5524193548387096,-124.2,158.2,9.0,7.0,0.5625,17.882604636276287,14,19,15,4,0.02611135785101408,0,0,0,0,0,0,1,0,0,7,285,27,0,92,1
1ngx,B,44,GLY,-0.4,60.1,0.0,0,0,-,0.34523809523809523,-78.5,159.9,17.0,11.0,0.6071428571428571,19.691066440180613,23,31,10,21,0.034970568550465285,0,0,0,0,0,0,0,0,0,7,285,27,0,92,1
1ngx,B,45,LEU,3.8,166.7,0.0,0,0,-,0.07317073170731707,-61.3,146.5,19.0,12.0,0.6129032258064516,22.043183110822763,30,22,10,12,0.043363505002576956,0,0,0,0,0,0,0,0,0,-1,0,0,0,0,0
1ngx,B,46,GLU,-3.5,138.4,-1.0,1,3,E,0.211340206185567,-128.6,132.0,14.0,21.0,0.4,17.79894141624857,26,42,6,36,0.043363505002576956,0,0,1,0,0,0,0,0,0,7,285,27,0,92,1
1ngx,B,47,TRP,-0.9,227.8,0.0,1,0,E,0.01762114537444934,-85.9,126.7,19.0,16.0,0.5428571428571428,19.547195910083865,32,41,16,25,0.048958795970651406,0,0,1,0,0,0,0,0,0,-1,0,0,0,0,0
1ngx,B,48,ILE,4.5,166.7,0.0,0,0,E,0.0,-90.4,-50.5,20.0,18.0,0.5263157894736842,19.09173508868321,33,52,14,38,0.050823892960009553,0,0,1,0,0,0,0,0,0,4,761,21,0,200,1
1ngx,B,49,GLY,-0.4,60.1,0.0,0,0,E,0.0,169.9,-175.6,19.0,18.0,0.5135135135135135,21.31971561707164,33,35,7,28,0.053621538444046775,0,0,1,0,0,0,0,0,0,4,761,21,0,200,1
1ngx,B,50,ARG,-4.5,173.4,1.0,5,0,E,0.20161290322580644,-137.9,156.9,14.0,24.0,0.3684210526315789,23.936588707550218,24,19,8,11,0.053621538444046775,0,0,1,0,0,0,0,0,0,-1,0,0,0,0,0
1ngx,B,51,ILE,4.5,166.7,0.0,0,0,E,0.005917159763313609,-144.6,140.4,19.0,18.0,0.5135135135135135,26.532828353209453,33,28,9,19,0.05548663543340492,0,0,1,0,0,0,0,0,0,-1,0,0,0,0,0
1ngx,B,52,ASP,-3.5,111.1,-1.0,1,3,-,0.03680981595092025,-102.0,105.6,10.0,21.0,0.3225806451612903,28.86372939261593,26,27,0,27,0.045694876239274644,0,0,0,0,0,0,0,0,0,-1,0,0,0,0,0
1ngx,B,53,PRO,-1.6,112.7,0.0,0,0,T,0.0661764705882353,-55.4,-28.8,22.0,13.0,0.6285714285714286,30.802307991958525,35,20,13,7,0.04942507021799094,0,0,0,0,0,1,0,0,0,-1,0,0,0,0,0
1ngx,B,54,ASN,-3.5,114.1,0.0,2,2,T,0.4713375796178344,-70.0,-51.1,9.0,18.0,0.3333333333333333,32.25071176145168,23,11,11,0,0.03170664881908853,0,0,0,0,0,1,0,0,0,-1,0,0,0,0,0
1ngx,B,55,SER,-0.8,89.0,0.0,1,1,T,0.5230769230769231,-95.4,-34.7,11.0,9.0,0.55,27.892422792193102,16,8,8,0,0.02611135785101408,0,0,0,0,0,1,0,0,0,-1,0,0,0,0,0
1ngx,B,56,GLY,-0.4,60.1,0.0,0,0,-,0.32142857142857145,101.2,-2.7,5.0,19.0,0.20833333333333334,25.374148255064583,23,15,11,4,0.03310547156110714,0,0,0,0,0,0,0,0,0,-1,0,0,0,0,0
1ngx,B,57,GLY,-0.4,60.1,0.0,0,0,-,0.34523809523809523,-61.2,149.0,6.0,16.0,0.2727272727272727,24.19847633826201,19,22,8,14,0.02844272908771177,0,0,0,0,0,0,0,0,0,-1,0,0,0,0,0
1ngx,B,58,THR,-0.7,116.1,0.0,1,1,E,0.4154929577464789,-138.6,163.6,14.0,14.0,0.5,21.459881390597932,22,20,8,12,0.03590311704514436,0,0,1,0,0,0,0,0,0,4,761,21,0,200,1
1ngx,B,59,LYS,-3.9,168.6,1.0,2,0,E,0.36097560975609755,-153.5,125.1,9.0,17.0,0.34615384615384615,19.718221415863077,21,25,6,19,0.03590311704514436,0,0,1,0,0,0,0,0,0,4,761,21,0,200,1
1ngx,B,60,TYR,-1.3,193.6,0.0,1,1,E,0.24324324324324326,-114.3,156.1,11.0,17.0,0.39285714285714285,18.12971599630546,28,37,9,28,0.045694876239274644,0,0,1,0,0,0,0,0,0,4,761,21,0,200,1
1ngx,B,61,ASN,-3.5,114.1,0.0,2,2,-,0.05732484076433121,-78.7,126.9,17.0,11.0,0.6071428571428571,14.702556685859875,22,35,25,10,0.04755997322863279,0,0,0,0,0,0,0,0,0,4,761,21,0,200,1
1ngx,B,62,GLU,-3.5,138.4,-1.0,1,3,G,0.6649484536082474,-47.0,-38.3,3.0,15.0,0.16666666666666666,10.762633127237653,14,28,3,25,0.028909003335051305,0,0,0,1,0,0,0,0,0,4,761,21,0,200,1
1ngx,B,63,LYS,-3.9,168.6,1.0,2,0,G,0.5609756097560976,-59.8,-29.9,7.0,10.0,0.4117647058823529,11.284595387950505,18,22,24,-2,0.02984155182973038,0,0,0,1,0,0,0,0,0,-1,0,0,0,0,0
1ngx,B,64,PHE,2.8,189.9,0.0,0,0,G,0.01015228426395939,-104.8,5.9,21.0,6.0,0.7777777777777778,14.903644716908763,29,39,26,13,0.03963331102386066,0,0,0,1,0,0,0,0,0,-1,0,0,0,0,0
1ngx,B,65,LYS,-3.9,168.6,1.0,2,0,T,0.5902439024390244,-53.5,-40.4,6.0,15.0,0.2857142857142857,13.148799964142407,14,21,9,12,0.03590311704514436,0,0,0,0,0,1,0,0,0,4,761,21,0,200,1
1ngx,B,66,SER,-0.8,89.0,0.0,1,1,T,0.8384615384615385,-83.7,-20.3,3.0,13.0,0.1875,12.262839394003379,15,25,11,14,0.022381163872297785,0,0,0,0,0,1,0,0,0,-1,0,0,0,0,0
1ngx,B,67,LYS,-3.9,168.6,1.0,2,0,T,0.2146341463414634,-106.5,-24.1,14.0,12.0,0.5384615384615384,14.746282349282616,26,20,17,3,0.03450429430312575,0,0,0,0,0,1,0,0,0,-1,0,0,0,0,0
1ngx,B,68,ALA,1.8,88.6,0.0,0,0,E,0.009433962264150943,-109.8,139.5,21.0,12.0,0.6363636363636364,18.03021441974612,31,28,7,21,0.045694876239274644,0,0,1,0,0,0,0,0,0,-1,0,0,0,0,0
1ngx,B,69,THR,-0.7,116.1,0.0,1,1,E,0.4225352112676056,-132.1,118.4,8.0,24.0,0.25,20.269848198951596,26,22,0,22,0.03776821403450251,0,0,1,0,0,0,0,0,0,-1,0,0,0,0,0
1ngx,B,70,LEU,3.8,166.7,0.0,0,0,E,0.04878048780487805,-100.8,129.5,21.0,16.0,0.5675675675675675,22.920477469688173,32,25,5,20,0.045228601991935104,0,0,1,0,0,0,0,0,0,-1,0,0,0,0,0
1ngx,B,71,THR,-0.7,116.1,0.0,1,1,E,0.39436619718309857,-137.9,172.0,6.0,27.0,0.18181818181818182,25.290979745666544,26,15,12,3,0.03357174580844668,0,0,1,0,0,0,0,0,0,-1,0,0,0,0,0
1ngx,B,72,VAL,4.2,140.0,0.0,0,0,E,0.2112676056338028,-147.0,139.6,19.0,12.0,0.6129032258064516,28.492022996082714,29,12,15,-3,0.04243095650789788,0,0,1,0,0,0,0,0,0,-1,0,0,0,0,0
1ngx,B,73,ASP,-3.5,111.1,-1.0,1,3,E,0.3987730061349693,-102.4,91.0,9.0,12.0,0.42857142857142855,32.17715761394692,18,15,0,15,0.03357174580844668,0,0,1,0,0,0,0,0,0,-1,0,0,0,0,0
1ngx,B,74,LYS,-3.9,168.6,1.0,2,0,G,0.5853658536585366,-50.3,-41.1,5.0,15.0,0.25,31.568623781846345,17,0,13,-13,0.02797645484037223,0,0,0,1,0,0,0,0,0,-1,0,0,0,0,0
1ngx,B,75,PRO,-1.6,112.7,0.0,0,0,G,0.875,-56.7,-42.1,1.0,12.0,0.07692307692307693,35.37884740663894,11,10,8,2,0.018650969893581486,0,0,0,1,0,0,0,0,0,-1,0,0,0,0,0
1ngx,B,76,SER,-0.8,89.0,0.0,1,1,G,0.3769230769230769,-101.5,7.5,8.0,8.0,0.5,36.31958743797702,14,16,8,8,0.02331371236697686,0,0,0,1,0,0,0,0,0,-1,0,0,0,0,0
1ngx,B,77,SER,-0.8,89.0,0.0,1,1,T,0.4153846153846154,47.3,54.0,8.0,17.0,0.32,35.78578540204558,21,19,10,9,0.03730193978716297,0,0,0,0,0,1,0,0,0,-1,0,0,0,0,0
1ngx,B,78,THR,-0.7,116.1,0.0,1,1,E,0.09859154929577464,-125.1,132.2,10.0,19.0,0.3448275862068966,33.340823064773325,29,23,11,12,0.04243095650789788,0,0,1,0,0,0,0,0,0,-1,0,0,0,0,0
1ngx,B,79,ALA,1.8,88.6,0.0,0,0,E,0.009433962264150943,-99.5,144.4,25.0,16.0,0.6097560975609756,30.519349482442585,37,32,19,13,0.05222271570202816,0,0,1,0,0,0,0,0,0,-1,0,0,0,0,0
1ngx,B,80,TYR,-1.3,193.6,0.0,1,1,E,0.25225225225225223,-130.3,147.3,12.0,26.0,0.3157894736842105,29.206103188887113,30,15,9,6,0.048492521723311866,0,0,1,0,0,0,0,0,0,-1,0,0,0,0,0
1ngx,B,81,MET,1.9,162.9,0.0,0,0,E,0.0,-130.8,115.8,25.0,17.0,0.5952380952380952,23.953321020944855,37,22,0,22,0.04942507021799094,0,0,1,0,0,0,0,0,0,-1,0,0,0,0,0
1ngx,B,82,GLN,-3.5,143.8,0.0,2,2,E,0.31313131313131315,-101.1,131.9,10.0,24.0,0.29411764705882354,21.292071600158856,26,16,0,16,0.043829779249916496,0,0,1,0,0,0,0,0,0,-1,0,0,0,0,0
1ngx,B,83,LEU,3.8,166.7,0.0,0,0,E,0.012195121951219513,-113.9,122.2,21.0,17.0,0.5526315789473685,20.368861370400808,35,26,10,16,0.04429605349725603,0,0,1,0,0,0,0,0,0,-1,0,0,0,0,0
1ngx,B,84,SER,-0.8,89.0,0.0,1,1,-,0.23846153846153847,-104.5,169.4,7.0,20.0,0.25925925925925924,16.833186739347692,25,15,5,10,0.03776821403450251,0,0,0,0,0,0,0,0,0,-1,0,0,0,0,0
1ngx,B,85,SER,-0.8,89.0,0.0,1,1,S,0.7076923076923077,37.8,57.3,4.0,19.0,0.17391304347826086,14.808636488886428,20,12,7,5,0.02797645484037223,0,0,0,0,0,0,1,0,0,50,1,29,0,0,1
1ngx,B,86,LEU,3.8,166.7,0.0,0,0,-,0.018292682926829267,-55.7,142.2,21.0,8.0,0.7241379310344828,18.116527495120845,32,17,15,2,0.04429605349725603,0,0,0,0,0,0,0,0,0,50,1,29,0,0,1
1ngx,B,87,THR,-0.7,116.1,0.0,1,1,-,0.5422535211267606,-135.6,167.4,2.0,21.0,0.08695652173913043,15.116285819333811,24,15,17,-2,0.03357174580844668,0,0,0,0,0,0,0,0,0,50,1,29,0,0,1
1ngx,B,88,SER,-0.8,89.0,0.0,1,1,G,0.6076923076923076,-56.1,-23.7,2.0,17.0,0.10526315789473684,17.103166496954213,19,12,17,-5,0.02844272908771177,0,0,0,1,0,0,0,0,0,-1,0,0,0,0,0
1ngx,B,89,GLU,-3.5,138.4,-1.0,1,3,G,0.520618556701031,-68.3,-19.5,7.0,16.0,0.30434782608695654,15.787490181775787,18,27,11,16,0.02844272908771177,0,0,0,1,0,0,0,0,0,-1,0,0,0,0,0
1ngx,B,90,ASP,-3.5,111.1,-1.0,1,3,G,0.049079754601226995,-85.5,-9.0,21.0,13.0,0.6176470588235294,18.50679417618001,35,29,12,17,0.04476232774459557,0,0,0,1,0,0,0,0,0,-1,0,0,0,0,0
1ngx,B,91,SER,-0.8,89.0,0.0,1,1,-,0.27692307692307694,-67.9,122.2,13.0,17.0,0.43333333333333335,21.579144813709146,26,18,20,-2,0.04196468226055834,0,0,0,0,0,0,0,0,0,-1,0,0,0,0,0
1ngx,B,92,ALA,1.8,88.6,0.0,0,0,E,0.07547169811320754,179.1,179.5,18.0,14.0,0.5625,24.030771905072793,33,21,18,3,0.04243095650789788,0,0,1,0,0,0,0,0,0,-1,0,0,0,0,0
1ngx,B,93,VAL,4.2,140.0,0.0,0,0,E,0.2535211267605634,-103.3,130.0,15.0,21.0,0.4166666666666667,26.450496493968007,34,18,6,12,0.04289723075523742,0,0,1,0,0,0,0,0,0,-1,0,0,0,0,0
1ngx,B,94,TYR,-1.3,193.6,0.0,1,1,E,0.009009009009009009,-114.0,142.9,25.0,19.0,0.5681818181818182,24.14333181609425,43,18,19,-1,0.05129016720734909,0,0,1,0,0,0,0,0,0,-1,0,0,0,0,0
1ngx,B,95,TYR,-1.3,193.6,0.0,1,1,E,0.05405405405405406,-127.5,143.8,17.0,23.0,0.425,28.024626329696076,30,15,10,5,0.05455408693872585,0,0,1,0,0,0,0,0,0,-1,0,0,0,0,0
1ngx,B,96,CYS,2.5,108.5,0.0,1,0,E,0.02962962962962963,-113.4,145.6,20.0,23.0,0.46511627906976744,29.46978044928241,38,29,9,20,0.05035761871267001,0,0,1,0,0,0,0,0,0,-1,0,0,0,0,0
1ngx,B,97,THR,-0.7,116.1,0.0,1,1,-,0.11971830985915492,-111.8,156.4,17.0,20.0,0.4594594594594595,29.664537445811078,31,37,14,23,0.04662742473395372,0,0,0,0,0,0,0,0,0,-1,0,0,0,0,0
1ngx,B,98,ARG,-4.5,173.4,1.0,5,0,-,0.16129032258064516,-133.6,138.2,16.0,17.0,0.48484848484848486,34.054267906164824,29,21,18,3,0.04709369898129325,0,0,0,0,0,0,0,0,0,28,49,9,0,5,1
1ngx,B,99,ARG,-4.5,173.4,1.0,5,0,T,0.5362903225806451,-65.3,-24.1,13.0,13.0,0.5,35.15477344410078,21,10,13,-3,0.03357174580844668,0,0,0,0,0,1,0,0,0,28,49,9,0,5,1
1ngx,B,100,ASP,-3.5,111.1,-1.0,1,3,T,0.3312883435582822,-105.3,41.6,8.0,13.0,0.38095238095238093,38.215607556121796,18,24,7,17,0.030307826077069916,0,0,0,0,0,1,0,0,0,28,49,9,0,5,1
1ngx,B,101,SER,-0.8,89.0,0.0,1,1,-,0.3923076923076923,-159.8,126.9,14.0,7.0,0.6666666666666666,36.810183473687054,20,26,17,9,0.02844272908771177,0,0,0,0,0,0,0,0,0,28,49,9,0,5,1
1ngx,B,102,ASP,-3.5,111.1,-1.0,1,3,S,0.25766871165644173,-76.1,-11.6,14.0,12.0,0.5384615384615384,37.35868854889666,22,19,7,12,0.0363693912924839,0,0,0,0,0,0,1,0,0,28,49,9,0,5,1
1ngx,B,103,TYR,-1.3,193.6,0.0,1,1,B,0.4864864864864865,-106.1,142.1,7.0,16.0,0.30434782608695654,37.2454867638007,23,17,10,7,0.03823448828184205,0,1,0,0,0,0,0,0,0,28,49,9,0,5,1
1ngx,B,104,TRP,-0.9,227.8,0.0,1,0,-,0.10572687224669604,-72.9,166.0,19.0,11.0,0.6333333333333333,30.093946507693207,29,26,10,16,0.04662742473395372,0,0,0,0,0,0,0,0,0,-1,0,0,0,0,0
1ngx,B,105,GLY,-0.4,60.1,0.0,0,0,-,0.08333333333333333,-59.4,164.1,22.0,10.0,0.6875,32.67970954162883,28,18,13,5,0.040565859518539735,0,0,0,0,0,0,0,0,0,-1,0,0,0,0,0
1ngx,B,106,ALA,1.8,88.6,0.0,0,0,-,0.42452830188679247,-32.8,-113.1,11.0,19.0,0.36666666666666664,33.52937154413432,27,6,9,-3,0.034970568550465285,0,0,0,0,0,0,0,0,0,-1,0,0,0,0,0
1ngx,B,107,GLY,-0.4,60.1,0.0,0,0,-,0.23809523809523808,-172.7,119.9,12.0,21.0,0.36363636363636365,31.720131940298945,30,1,10,-9,0.040099585271200194,0,0,0,0,0,0,0,0,0,-1,0,0,0,0,0
1ngx,B,108,THR,-0.7,116.1,0.0,1,1,E,0.04225352112676056,-114.5,122.0,20.0,16.0,0.5555555555555556,29.370413030176135,33,7,16,-9,0.04662742473395372,0,0,1,0,0,0,0,0,0,-1,0,0,0,0,0
1ngx,B,109,THR,-0.7,116.1,0.0,1,1,E,0.323943661971831,-104.2,131.6,8.0,27.0,0.22857142857142856,28.887016697400913,29,0,22,-22,0.040565859518539735,0,0,1,0,0,0,0,0,0,2,1608,19,0,350,1
1ngx,B,110,VAL,4.2,140.0,0.0,0,0,E,0.007042253521126761,-112.2,131.5,25.0,17.0,0.5952380952380952,25.07327013710432,37,12,25,-13,0.04709369898129325,0,0,1,0,0,0,0,0,0,2,1608,19,0,350,1
1ngx,B,111,THR,-0.7,116.1,0.0,1,1,E,0.19718309859154928,-120.1,118.8,14.0,22.0,0.3888888888888889,25.06775203372927,33,7,24,-17,0.04289723075523742,0,0,1,0,0,0,0,0,0,2,1608,19,0,350,1
1ngx,B,112,VAL,4.2,140.0,0.0,0,0,E,0.04225352112676056,-104.1,109.9,16.0,17.0,0.48484848484848486,20.80644547380876,29,9,21,-12,0.04616115048661418,0,0,1,0,0,0,0,0,0,50,1,29,0,0,1
1ngx,B,113,SER,-0.8,89.0,0.0,1,1,-,0.23076923076923078,-161.3,154.2,14.0,13.0,0.5185185185185185,21.32055601805464,24,9,4,5,0.035436842797804825,0,0,0,0,0,0,0,0,0,-1,0,0,0,0,0
1ngx,B,114,SER,-0.8,89.0,0.0,1,1,-,0.6461538461538462,-95.9,-6.2,3.0,15.0,0.16666666666666666,20.458353983791223,15,9,0,9,0.025645083603674543,0,0,0,0,0,0,0,0,0,-1,0,0,0,0,0
1ngx,B,115,ALA,1.8,88.6,0.0,0,0,S,0.39622641509433965,-65.1,138.7,13.0,6.0,0.6842105263157895,23.2778887827915,19,15,1,14,0.02471253510899547,0,0,0,0,0,0,1,0,0,-1,0,0,0,0,0
1ngx,B,116,SER,-0.8,89.0,0.0,1,1,P,0.7307692307692307,-74.6,153.5,2.0,17.0,0.10526315789473684,25.81691933937772,17,18,0,18,0.02611135785101408,0,0,0,0,0,0,0,0,0,-1,0,0,0,0,0
1ngx,B,117,THR,-0.7,116.1,0.0,1,1,P,0.47183098591549294,-68.3,136.7,13.0,15.0,0.4642857142857143,29.85463343402809,25,23,7,16,0.03403802005578621,0,0,0,0,0,0,0,0,0,-1,0,0,0,0,0
1ngx,B,118,LYS,-3.9,168.6,1.0,2,0,B,0.4097560975609756,-142.3,125.5,12.0,13.0,0.48,31.246141356469497,24,14,9,5,0.03730193978716297,0,1,0,0,0,0,0,0,0,-1,0,0,0,0,0
1ngx,B,119,GLY,-0.4,60.1,0.0,0,0,-,0.27380952380952384,-73.4,154.8,10.0,18.0,0.35714285714285715,34.40023839264035,26,31,8,23,0.03963331102386066,0,0,0,0,0,0,0,0,0,48,4,10,0,0,1
1ngx,B,120,PRO,-1.6,112.7,0.0,0,0,-,0.11764705882352941,-84.9,167.4,27.0,6.0,0.8181818181818182,36.36363137541126,31,32,9,23,0.043363505002576956,0,0,0,0,0,0,0,0,0,48,4,10,0,0,1
1ngx,B,121,SER,-0.8,89.0,0.0,1,1,E,0.4230769230769231,-113.3,135.0,9.0,24.0,0.2727272727272727,37.16955825703622,27,24,16,8,0.03357174580844668,0,0,1,0,0,0,0,0,0,48,4,10,0,0,1
1ngx,B,122,VAL,4.2,140.0,0.0,0,0,E,0.06338028169014084,-109.6,128.1,18.0,20.0,0.47368421052631576,41.063470991554134,29,23,18,5,0.03963331102386066,0,0,1,0,0,0,0,0,0,48,4,10,0,0,1
1ngx,B,123,PHE,2.8,189.9,0.0,0,0,E,0.06091370558375635,-121.5,147.7,22.0,21.0,0.5116279069767442,39.49531782307839,26,17,10,7,0.043363505002576956,0,0,1,0,0,0,0,0,0,45,6,10,0,0,1
1ngx,B,124,PRO,-1.6,112.7,0.0,0,0,E,0.2647058823529412,-79.1,146.9,14.0,26.0,0.35,44.128869802781296,26,19,16,3,0.04289723075523742,0,0,1,0,0,0,0,0,0,45,6,10,0,0,1
1ngx,B,125,LEU,3.8,166.7,0.0,0,0,E,0.024390243902439025,-116.2,91.6,23.0,21.0,0.5227272727272727,44.46334792316139,40,9,0,9,0.04755997322863279,0,0,1,0,0,0,0,0,0,-1,0,0,0,0,0
1ngx,B,126,ALA,1.8,88.6,0.0,0,0,-,0.2169811320754717,-82.9,143.7,16.0,24.0,0.4,47.89081104080426,35,13,2,11,0.04616115048661418,0,0,0,0,0,0,0,0,0,-1,0,0,0,0,0
1ngx,B,127,PRO,-1.6,112.7,0.0,0,0,-,0.007352941176470588,-57.0,147.0,21.0,19.0,0.525,51.041128878597625,33,11,0,11,0.04243095650789788,0,0,0,0,0,0,0,0,0,9,1488,4,0,59,1
1ngx,B,128,SER,-0.8,89.0,0.0,1,1,-,0.4076923076923077,-42.6,107.8,16.0,15.0,0.5161290322580645,51.70450308439073,26,20,2,18,0.03683566553982344,0,0,0,0,0,0,0,0,0,9,1488,4,0,59,1
1ngx,B,129,SER,-0.8,89.0,0.0,1,1,S,0.2,-92.8,143.5,11.0,15.0,0.4230769230769231,51.61943641580199,20,18,6,12,0.03310547156110714,0,0,0,0,0,0,1,0,0,9,1488,4,0,59,1
1ngx,B,130,LYS,-3.9,168.6,1.0,2,0,S,0.6585365853658537,71.4,-33.7,6.0,8.0,0.42857142857142855,53.16940961640008,15,9,7,2,0.01958351838826056,0,0,0,0,0,0,1,0,0,9,1488,4,0,59,1
1ngx,B,131,SER,-0.8,89.0,0.0,1,1,S,0.6923076923076923,-124.5,50.5,7.0,13.0,0.35,53.72761632153279,19,12,3,9,0.01958351838826056,0,0,0,0,0,0,1,0,0,9,1488,4,0,59,1
1ngx,B,132,THR,-0.7,116.1,0.0,1,1,-,0.5140845070422535,-84.6,142.7,18.0,5.0,0.782608695652174,56.37402963688088,19,9,0,9,0.02611135785101408,0,0,0,0,0,0,0,0,0,-1,0,0,0,0,0
1ngx,B,133,SER,-0.8,89.0,0.0,1,1,-,0.6923076923076923,-82.6,-167.5,7.0,11.0,0.3888888888888889,57.450688006943956,19,6,0,6,0.02144861537761871,0,0,0,0,0,0,0,0,0,-1,0,0,0,0,0
1ngx,B,134,GLY,-0.4,60.1,0.0,0,0,S,0.8333333333333334,-118.1,-18.3,0.0,15.0,0.0,60.544528526739086,15,0,0,0,0.01958351838826056,0,0,0,0,0,0,1,0,0,-1,0,0,0,0,0
1ngx,B,135,GLY,-0.4,60.1,0.0,0,0,S,0.6071428571428571,-78.8,-102.3,1.0,14.0,0.06666666666666667,59.007857910682,14,0,0,0,0.019117244140921023,0,0,0,0,0,0,1,0,0,55,0,8,0,0,1
1ngx,B,136,THR,-0.7,116.1,0.0,1,1,E,0.6126760563380281,-114.0,139.9,9.0,13.0,0.4090909090909091,55.61245551092521,20,0,0,0,0.028909003335051305,0,0,1,0,0,0,0,0,0,55,0,8,0,0,1
1ngx,B,137,ALA,1.8,88.6,0.0,0,0,E,0.07547169811320754,-114.6,166.0,20.0,14.0,0.5882352941176471,53.67422160180986,31,0,0,0,0.043829779249916496,0,0,1,0,0,0,0,0,0,55,0,8,0,0,1
1ngx,B,138,ALA,1.8,88.6,0.0,0,0,E,0.02830188679245283,-134.4,144.8,17.0,25.0,0.40476190476190477,50.21624282807924,34,1,0,1,0.045228601991935104,0,0,1,0,0,0,0,0,0,55,0,8,0,0,1
1ngx,B,139,LEU,3.8,166.7,0.0,0,0,E,0.006097560975609756,-147.1,171.2,23.0,25.0,0.4791666666666667,49.51344301519213,39,6,0,6,0.05035761871267001,0,0,1,0,0,0,0,0,0,-1,0,0,0,0,0
1ngx,B,140,GLY,-0.4,60.1,0.0,0,0,E,0.0,-179.5,-167.3,23.0,25.0,0.4791666666666667,45.961156764625585,43,16,0,16,0.05035761871267001,0,0,1,0,0,0,0,0,0,-1,0,0,0,0,0
1ngx,B,141,CYS,2.5,108.5,0.0,1,0,E,0.0,-137.8,135.6,20.0,26.0,0.43478260869565216,43.224447872050554,41,18,2,16,0.05035761871267001,0,0,1,0,0,0,0,0,0,45,6,10,0,0,1
1ngx,B,142,LEU,3.8,166.7,0.0,0,0,E,0.03048780487804878,-104.1,118.5,21.0,28.0,0.42857142857142855,39.02429855300883,36,14,8,6,0.045228601991935104,0,0,1,0,0,0,0,0,0,-1,0,0,0,0,0
1ngx,B,143,VAL,4.2,140.0,0.0,0,0,E,0.0,-103.9,101.6,29.0,15.0,0.6590909090909091,37.415941156208575,42,22,10,12,0.04942507021799094,0,0,1,0,0,0,0,0,0,-1,0,0,0,0,0
1ngx,B,144,LYS,-3.9,168.6,1.0,2,0,E,0.04878048780487805,-109.8,148.7,14.0,23.0,0.3783783783783784,33.86817704467006,28,5,8,-3,0.048958795970651406,0,0,1,0,0,0,0,0,0,-1,0,0,0,0,0
1ngx,B,145,ASP,-3.5,111.1,-1.0,1,3,E,0.26380368098159507,57.2,69.3,7.0,25.0,0.21875,31.50719073479053,29,22,0,22,0.043829779249916496,0,0,1,0,0,0,0,0,0,-1,0,0,0,0,0
1ngx,B,146,TYR,-1.3,193.6,0.0,1,1,E,0.0,-132.7,161.5,23.0,12.0,0.6571428571428571,32.03763869730311,37,28,17,11,0.0526889899493677,0,0,1,0,0,0,0,0,0,-1,0,0,0,0,0
1ngx,B,147,PHE,2.8,189.9,0.0,0,0,B,0.06091370558375635,-163.8,138.5,15.0,24.0,0.38461538461538464,27.07727196276453,31,16,16,0,0.05595290968074446,0,1,0,0,0,0,0,0,0,-1,0,0,0,0,0
1ngx,B,148,PRO,-1.6,112.7,0.0,0,0,S,0.014705882352941176,-92.3,-170.2,15.0,22.0,0.40540540540540543,29.199507539933315,32,22,19,3,0.04942507021799094,0,0,0,0,0,0,1,0,0,2,1608,19,0,350,1
1ngx,B,149,GLU,-3.5,138.4,-1.0,1,3,S,0.31958762886597936,-74.9,164.6,14.0,26.0,0.35,30.728882035986715,29,15,4,11,0.03730193978716297,0,0,0,0,0,0,1,0,0,2,1608,19,0,350,1
1ngx,B,150,PRO,-1.6,112.7,0.0,0,0,-,0.39705882352941174,-108.7,169.8,10.0,28.0,0.2631578947368421,33.82630082564977,27,18,13,5,0.03683566553982344,0,0,0,0,0,0,0,0,0,43,6,12,0,0,1
1ngx,B,151,VAL,4.2,140.0,0.0,0,0,-,0.07746478873239436,-126.6,139.2,28.0,11.0,0.717948717948718,36.43171476490817,36,22,10,12,0.04149840801321881,0,0,0,0,0,0,0,0,0,43,6,12,0,0,1
1ngx,B,152,THR,-0.7,116.1,0.0,1,1,E,0.5915492957746479,-116.2,151.6,9.0,23.0,0.28125,40.12323095056626,23,21,5,16,0.02984155182973038,0,0,1,0,0,0,0,0,0,43,6,12,0,0,1
1ngx,B,153,VAL,4.2,140.0,0.0,0,0,E,0.16901408450704225,-139.3,134.0,21.0,16.0,0.5675675675675675,42.582240744111814,32,7,2,5,0.03823448828184205,0,0,1,0,0,0,0,0,0,43,6,12,0,0,1
1ngx,B,154,SER,-0.8,89.0,0.0,1,1,E,0.33076923076923076,-130.4,162.0,9.0,22.0,0.2903225806451613,46.67076897576993,28,5,7,-2,0.03870076252918159,0,0,1,0,0,0,0,0,0,-1,0,0,0,0,0
1ngx,B,155,TRP,-0.9,227.8,0.0,1,0,E,0.00881057268722467,-120.6,132.7,17.0,16.0,0.5151515151515151,48.38226737091269,34,14,4,10,0.04662742473395372,0,0,1,0,0,0,0,0,0,35,19,15,0,3,1
1ngx,B,156,ASN,-3.5,114.1,0.0,2,2,G,0.19745222929936307,51.0,43.0,9.0,14.0,0.391304347826087,53.082210319277024,23,7,6,1,0.03730193978716297,0,0,0,1,0,0,0,0,0,35,19,15,0,3,1
1ngx,B,157,SER,-0.8,89.0,0.0,1,1,G,0.8,55.0,29.1,0.0,20.0,0.0,51.54997179983089,15,0,5,-5,0.02797645484037223,0,0,0,1,0,0,0,0,0,-1,0,0,0,0,0
1ngx,B,158,GLY,-0.4,60.1,0.0,0,0,G,0.4642857142857143,100.5,-8.9,1.0,15.0,0.0625,51.745550876739095,13,0,0,0,0.025178809356335007,0,0,0,1,0,0,0,0,0,35,19,15,0,3,1
1ngx,B,159,ALA,1.8,88.6,0.0,0,0,T,0.8301886792452831,-72.2,-27.9,6.0,8.0,0.42857142857142855,54.59423739884937,15,0,0,0,0.02098234113027917,0,0,0,0,0,1,0,0,0,35,19,15,0,3,1
1ngx,B,160,LEU,3.8,166.7,0.0,0,0,B,0.17073170731707318,-106.6,113.7,18.0,4.0,0.8181818181818182,52.683878812299945,24,1,0,1,0.03310547156110714,0,1,0,0,0,0,0,0,0,35,19,15,0,3,1
1ngx,B,161,THR,-0.7,116.1,0.0,1,1,-,0.704225352112676,-127.1,-28.4,2.0,19.0,0.09523809523809523,51.13377686408929,17,4,0,4,0.02471253510899547,0,0,0,0,0,0,0,0,0,35,19,15,0,3,1
1ngx,B,162,SER,-0.8,89.0,0.0,1,1,T,0.6538461538461539,-67.8,129.8,2.0,16.0,0.1111111111111111,52.9202737599605,18,8,1,7,0.020049792635600097,0,0,0,0,0,1,0,0,0,35,19,15,0,3,1
1ngx,B,163,GLY,-0.4,60.1,0.0,0,0,T,0.34523809523809523,79.0,4.9,10.0,17.0,0.37037037037037035,50.019093696268996,23,10,6,4,0.030307826077069916,0,0,0,0,0,1,0,0,0,30,24,17,0,4,1
1ngx,B,164,VAL,4.2,140.0,0.0,0,0,E,0.30985915492957744,-84.4,138.1,14.0,16.0,0.4666666666666667,47.30713752831654,25,10,2,8,0.03963331102386066,0,0,1,0,0,0,0,0,0,30,24,17,0,4,1
1ngx,B,165,HIS,-3.2,153.2,0.1,2,1,E,0.11956521739130435,-136.2,108.5,23.0,16.0,0.5897435897435898,44.80644005305392,25,0,8,-8,0.03776821403450251,0,0,1,0,0,0,0,0,0,30,24,17,0,4,1
1ngx,B,166,THR,-0.7,116.1,0.0,1,1,E,0.4084507042253521,-104.5,114.2,11.0,27.0,0.2894736842105263,41.079287736763455,28,10,5,5,0.03916703677652112,0,0,1,0,0,0,0,0,0,-1,0,0,0,0,0
1ngx,B,167,PHE,2.8,189.9,0.0,0,0,P,0.02030456852791878,-78.0,154.9,25.0,11.0,0.6944444444444444,38.87473872943309,32,10,12,-2,0.04243095650789788,0,0,0,0,0,0,0,0,0,-1,0,0,0,0,0
1ngx,B,168,PRO,-1.6,112.7,0.0,0,0,P,0.47058823529411764,-65.6,146.7,13.0,18.0,0.41935483870967744,34.74514051810535,23,6,19,-13,0.03124037457174899,0,0,0,0,0,0,0,0,0,-1,0,0,0,0,0
1ngx,B,169,ALA,1.8,88.6,0.0,0,0,P,0.2169811320754717,-68.0,155.7,16.0,17.0,0.48484848484848486,31.9124940171754,23,0,12,-12,0.03683566553982344,0,0,0,0,0,0,0,0,0,-1,0,0,0,0,0
1ngx,B,170,VAL,4.2,140.0,0.0,0,0,E,0.18309859154929578,-120.1,136.2,18.0,13.0,0.5806451612903226,30.02075432388793,24,4,14,-10,0.04103213376587927,0,0,1,0,0,0,0,0,0,-1,0,0,0,0,0
1ngx,B,171,LEU,3.8,166.7,0.0,0,0,E,0.5304878048780488,-89.1,119.1,3.0,19.0,0.13636363636363635,25.382248460221064,17,0,10,-10,0.032172923066428064,0,0,1,0,0,0,0,0,0,-1,0,0,0,0,0
1ngx,B,172,GLN,-3.5,143.8,0.0,2,2,-,0.12626262626262627,-81.5,162.3,14.0,8.0,0.6363636363636364,27.469132078552626,21,9,8,1,0.03124037457174899,0,0,0,0,0,0,0,0,0,44,3,23,0,0,1
1ngx,B,173,SER,-0.8,89.0,0.0,1,1,T,1.0,-62.1,-19.2,5.0,9.0,0.35714285714285715,23.180345490532574,12,0,2,-2,0.01958351838826056,0,0,0,0,0,1,0,0,0,44,3,23,0,0,1
1ngx,B,174,SER,-0.8,89.0,0.0,1,1,T,0.6153846153846154,-74.4,-17.2,9.0,4.0,0.6923076923076923,24.352288736326457,15,6,8,-2,0.018650969893581486,0,0,0,0,0,1,0,0,0,44,3,23,0,0,1
1ngx,B,175,GLY,-0.4,60.1,0.0,0,0,S,0.40476190476190477,98.2,-0.5,6.0,14.0,0.3,23.961531299582482,18,5,9,-4,0.028909003335051305,0,0,0,0,0,0,1,0,0,44,3,23,0,0,1
1ngx,B,176,LEU,3.8,166.7,0.0,0,0,-,0.21951219512195122,-104.6,152.0,12.0,14.0,0.46153846153846156,27.360140409449272,27,20,11,9,0.04662742473395372,0,0,0,0,0,0,0,0,0,44,3,23,0,0,1
1ngx,B,177,TYR,-1.3,193.6,0.0,1,1,E,0.25225225225225223,-93.2,159.8,19.0,12.0,0.6129032258064516,28.304113113922245,26,15,16,-1,0.05175644145468863,0,0,1,0,0,0,0,0,0,-1,0,0,0,0,0
1ngx,B,178,SER,-0.8,89.0,0.0,1,1,E,0.1076923076923077,-141.0,143.5,19.0,24.0,0.4418604651162791,32.49621999243355,33,9,18,-9,0.050823892960009553,0,0,1,0,0,0,0,0,0,-1,0,0,0,0,0
1ngx,B,179,LEU,3.8,166.7,0.0,0,0,E,0.054878048780487805,-143.9,141.4,20.0,25.0,0.4444444444444444,36.34812208395813,36,10,9,1,0.04709369898129325,0,0,1,0,0,0,0,0,0,-1,0,0,0,0,0
1ngx,B,180,SER,-0.8,89.0,0.0,1,1,E,0.06923076923076923,-120.8,144.1,23.0,25.0,0.4791666666666667,38.774146318921865,41,10,2,8,0.045228601991935104,0,0,1,0,0,0,0,0,0,-1,0,0,0,0,0
1ngx,B,181,SER,-0.8,89.0,0.0,1,1,E,0.0,-132.9,131.2,18.0,29.0,0.3829787234042553,42.671149658222255,37,9,0,9,0.04755997322863279,0,0,1,0,0,0,0,0,0,-1,0,0,0,0,0
1ngx,B,182,VAL,4.2,140.0,0.0,0,0,E,0.0,-130.8,164.0,23.0,24.0,0.48936170212765956,44.98050594765243,36,10,0,10,0.050823892960009553,0,0,1,0,0,0,0,0,0,30,24,17,0,4,1
1ngx,B,183,VAL,4.2,140.0,0.0,0,0,E,0.0,-148.8,137.4,16.0,23.0,0.41025641025641024,49.33854862249441,35,10,0,10,0.048958795970651406,0,0,1,0,0,0,0,0,0,30,24,17,0,4,1
1ngx,B,184,THR,-0.7,116.1,0.0,1,1,E,0.20422535211267606,-102.7,136.5,12.0,24.0,0.3333333333333333,51.42011132855993,26,10,0,10,0.04149840801321881,0,0,1,0,0,0,0,0,0,55,0,8,0,0,1
1ngx,B,185,VAL,4.2,140.0,0.0,0,0,E,0.056338028169014086,-144.7,162.9,16.0,13.0,0.5517241379310345,54.862278036546364,28,0,0,0,0.040099585271200194,0,0,1,0,0,0,0,0,0,55,0,8,0,0,1
1ngx,B,186,PRO,-1.6,112.7,0.0,0,0,E,0.49264705882352944,-59.2,131.7,6.0,15.0,0.2857142857142857,58.39532533319057,22,0,0,0,0.030774100324409453,0,0,1,0,0,0,0,0,0,18,295,5,0,19,1
1ngx,B,187,SER,-0.8,89.0,0.0,1,1,T,0.12307692307692308,-57.7,-20.7,9.0,15.0,0.375,58.82407499094584,22,0,0,0,0.034970568550465285,0,0,0,0,0,1,0,0,0,55,0,8,0,0,1
1ngx,B,188,SER,-0.8,89.0,0.0,1,1,T,0.7692307692307693,-81.1,-21.0,2.0,16.0,0.1111111111111111,62.12010301191714,16,0,0,0,0.025178809356335007,0,0,0,0,0,1,0,0,0,18,295,5,0,19,1
1ngx,B,189,SER,-0.8,89.0,0.0,1,1,G,0.27692307692307694,-80.8,-13.4,11.0,10.0,0.5238095238095238,60.1993421746301,20,0,0,0,0.030774100324409453,0,0,0,1,0,0,0,0,0,18,295,5,0,19,1
1ngx,B,190,LEU,3.8,166.7,0.0,0,0,G,0.17073170731707318,-59.4,-20.3,21.0,7.0,0.75,57.55527978677802,29,2,0,2,0.03823448828184205,0,0,0,1,0,0,0,0,0,18,295,5,0,19,1
1ngx,B,191,GLY,-0.4,60.1,0.0,0,0,G,0.8571428571428571,-92.5,-7.5,4.0,14.0,0.2222222222222222,61.11443016857891,14,2,0,2,0.020516066882939634,0,0,0,1,0,0,0,0,0,18,295,5,0,19,1
1ngx,B,192,THR,-0.7,116.1,0.0,1,1,T,0.9084507042253521,-130.1,-58.9,3.0,9.0,0.25,62.58106831528024,12,2,0,2,0.020049792635600097,0,0,0,0,0,1,0,0,0,18,295,5,0,19,1
1ngx,B,193,GLN,-3.5,143.8,0.0,2,2,-,0.4898989898989899,-61.4,140.8,10.0,7.0,0.5882352941176471,58.994705099686065,18,4,0,4,0.02611135785101408,0,0,0,0,0,0,0,0,0,18,295,5,0,19,1
1ngx,B,194,THR,-0.7,116.1,0.0,1,1,-,0.4014084507042254,-95.6,141.0,8.0,13.0,0.38095238095238093,57.03951156918773,20,11,0,11,0.030774100324409453,0,0,0,0,0,0,0,0,0,18,295,5,0,19,1
1ngx,B,195,TYR,-1.3,193.6,0.0,1,1,-,0.05855855855855856,-127.5,112.8,21.0,15.0,0.5833333333333334,54.24170932528838,33,11,0,11,0.043363505002576956,0,0,0,0,0,0,0,0,0,18,295,5,0,19,1
1ngx,B,196,ILE,4.5,166.7,0.0,0,0,E,0.30177514792899407,-121.0,128.4,9.0,23.0,0.28125,51.27814186429047,25,17,8,9,0.04662742473395372,0,0,1,0,0,0,0,0,0,-1,0,0,0,0,0
1ngx,B,197,CYS,2.5,108.5,0.0,1,0,E,0.0,-97.0,130.1,24.0,16.0,0.6,46.77836314659246,38,19,8,11,0.05222271570202816,0,0,1,0,0,0,0,0,0,45,6,10,0,0,1
1ngx,B,198,ASN,-3.5,114.1,0.0,2,2,E,0.1464968152866242,-102.8,111.8,7.0,26.0,0.21212121212121213,46.86798417436306,28,18,8,10,0.045228601991935104,0,0,1,0,0,0,0,0,0,-1,0,0,0,0,0
1ngx,B,199,VAL,4.2,140.0,0.0,0,0,E,0.04225352112676056,-107.4,134.7,25.0,14.0,0.6410256410256411,42.19828955587815,32,29,8,21,0.043829779249916496,0,0,1,0,0,0,0,0,0,-1,0,0,0,0,0
1ngx,B,200,ASN,-3.5,114.1,0.0,2,2,E,0.2929936305732484,-135.9,126.8,7.0,21.0,0.25,40.62390195992814,24,28,5,23,0.04289723075523742,0,0,1,0,0,0,0,0,0,43,6,12,0,0,1
1ngx,B,201,HIS,-3.2,153.2,0.1,2,1,E,0.0,-121.0,84.4,19.0,14.0,0.5757575757575758,35.61059211547321,29,24,10,14,0.05035761871267001,0,0,1,0,0,0,0,0,0,-1,0,0,0,0,0
1ngx,B,202,LYS,-3.9,168.6,1.0,2,0,G,0.6878048780487804,-49.9,-43.4,9.0,16.0,0.36,38.1491192217504,17,17,9,8,0.035436842797804825,0,0,0,1,0,0,0,0,0,-1,0,0,0,0,0
1ngx,B,203,PRO,-1.6,112.7,0.0,0,0,G,0.2867647058823529,-50.4,-35.5,19.0,7.0,0.7307692307692307,34.05041210912757,24,26,16,10,0.04243095650789788,0,0,0,1,0,0,0,0,0,-1,0,0,0,0,0
1ngx,B,204,SER,-0.8,89.0,0.0,1,1,G,0.23076923076923078,-106.5,7.5,18.0,5.0,0.782608695652174,35.8579864151378,22,34,3,31,0.03310547156110714,0,0,0,1,0,0,0,0,0,-1,0,0,0,0,0
1ngx,B,205,ASN,-3.5,114.1,0.0,2,2,T,0.8280254777070064,55.6,39.9,0.0,18.0,0.0,38.81860041671628,13,30,0,30,0.029375277582390842,0,0,0,0,0,1,0,0,0,-1,0,0,0,0,0
1ngx,B,206,THR,-0.7,116.1,0.0,1,1,E,0.28169014084507044,-107.1,120.9,16.0,7.0,0.6956521739130435,39.46823543572977,24,31,1,30,0.0363693912924839,0,0,1,0,0,0,0,0,0,48,4,10,0,0,1
1ngx,B,207,LYS,-3.9,168.6,1.0,2,0,E,0.7707317073170732,-127.5,134.6,3.0,19.0,0.13636363636363635,43.94482464897854,16,16,8,8,0.030774100324409453,0,0,1,0,0,0,0,0,0,48,4,10,0,0,1
1ngx,B,208,VAL,4.2,140.0,0.0,0,0,E,0.323943661971831,-140.1,136.6,19.0,10.0,0.6551724137931034,44.31789773458339,24,25,9,16,0.03124037457174899,0,0,1,0,0,0,0,0,0,48,4,10,0,0,1
1ngx,B,209,ASP,-3.5,111.1,-1.0,1,3,E,0.7177914110429447,-117.1,121.3,5.0,21.0,0.19230769230769232,48.346107375089346,20,25,0,25,0.03124037457174899,0,0,1,0,0,0,0,0,0,45,6,10,0,0,1
1ngx,B,210,LYS,-3.9,168.6,1.0,2,0,E,0.18048780487804877,-125.3,124.3,18.0,11.0,0.6206896551724138,46.897218793902454,26,10,13,-3,0.03730193978716297,0,0,1,0,0,0,0,0,0,45,6,10,0,0,1
1ngx,B,211,LYS,-3.9,168.6,1.0,2,0,E,0.6097560975609756,-83.5,130.5,6.0,20.0,0.23076923076923078,52.703579912838656,21,9,6,3,0.032639197313767604,0,0,1,0,0,0,0,0,0,45,6,10,0,0,1
1ngx,B,212,ILE,4.5,166.7,0.0,0,0,-,0.005917159763313609,-114.2,123.0,22.0,11.0,0.6666666666666666,49.89608995880096,32,21,3,18,0.04616115048661418,0,0,0,0,0,0,0,0,0,45,6,10,0,0,1
1ngx,B,213,VAL,4.2,140.0,0.0,0,0,-,0.5070422535211268,-139.8,159.8,9.0,21.0,0.3,52.33911121049664,25,24,0,24,0.035436842797804825,0,0,0,0,0,0,0,0,0,-1,0,0,0,0,0
1ngx,B,214,PRO,-1.6,112.7,0.0,0,0,-,0.3382352941176471,-58.9,135.1,16.0,14.0,0.5333333333333333,53.09987699354367,26,20,2,18,0.032172923066428064,0,0,0,0,0,0,0,0,0,-1,0,0,0,0,0
1ngx,B,215,LYS,-3.9,168.6,1.0,2,0,-,0.34146341463414637,-75.0,146.2,11.0,13.0,0.4583333333333333,49.875860811515366,16,8,16,-8,0.02611135785101408,0,0,0,0,0,0,0,0,0,9,1488,4,0,59,1
1ngx,B,216,SER,-0.8,89.0,0.0,1,1,-,1.0,-86.0,360.0,0.0,13.0,0.0,52.52906443417371,10,16,13,3,0.01678587290422334,0,0,0,0,0,0,0,0,0,9,1488,4,0,59,1
1ngx,L,1,GLU,-3.5,138.4,-1.0,1,3,-,0.7731958762886598,360.0,175.8,15.0,5.0,0.75,1.7085266023083672,18,6,6,0,0.02471253510899547,0,0,0,0,0,0,0,0,0,-1,0,0,0,0,0
1ngx,L,2,LEU,3.8,166.7,0.0,0,0,-,0.012195121951219513,-86.6,122.9,16.0,7.0,0.6956521739130435,2.4278060013489338,26,3,9,-6,0.03776821403450251,0,0,0,0,0,0,0,0,0,17,466,4,0,24,1
1ngx,L,3,VAL,4.2,140.0,0.0,0,0,-,0.5140845070422535,-96.6,130.8,3.0,26.0,0.10344827586206896,1.985027817846391,23,8,9,-1,0.03450429430312575,0,0,0,0,0,0,0,0,0,36,24,12,0,2,1
1ngx,L,4,MET,1.9,162.9,0.0,0,0,E,0.047872340425531915,-105.5,111.1,24.0,12.0,0.6666666666666666,3.0258407396263416,34,8,10,-2,0.045228601991935104,0,0,1,0,0,0,0,0,0,36,24,12,0,2,1
1ngx,L,5,THR,-0.7,116.1,0.0,1,1,E,0.5915492957746479,-94.4,111.5,6.0,23.0,0.20689655172413793,2.047968985339787,25,14,3,11,0.032639197313767604,0,0,1,0,0,0,0,0,0,36,24,12,0,2,1
1ngx,L,6,GLN,-3.5,143.8,0.0,2,2,E,0.050505050505050504,-101.7,137.7,20.0,14.0,0.5882352941176471,2.543488252603661,32,17,1,16,0.045228601991935104,0,0,1,0,0,0,0,0,0,36,24,12,0,2,1
1ngx,L,7,THR,-0.7,116.1,0.0,1,1,E,0.5,-145.5,145.1,4.0,23.0,0.14814814814814814,2.0089397568326173,23,16,0,16,0.034970568550465285,0,0,1,0,0,0,0,0,0,-1,0,0,0,0,0
1ngx,L,8,PRO,-1.6,112.7,0.0,0,0,-,0.3161764705882353,-82.2,-177.7,7.0,17.0,0.2916666666666667,2.1989414582634237,21,15,0,15,0.03170664881908853,0,0,0,0,0,0,0,0,0,26,24,20,0,5,1
1ngx,L,9,LYS,-3.9,168.6,1.0,2,0,S,0.8292682926829268,-91.1,-29.2,3.0,20.0,0.13043478260869565,1.9049834238545853,17,7,1,6,0.03124037457174899,0,0,0,0,0,0,1,0,0,26,24,20,0,5,1
1ngx,L,10,PHE,2.8,189.9,0.0,0,0,E,0.5329949238578681,-139.7,144.7,1.0,21.0,0.045454545454545456,1.8779528526130802,20,19,15,4,0.030774100324409453,0,0,1,0,0,0,0,0,0,-1,0,0,0,0,0
1ngx,L,11,MET,1.9,162.9,0.0,0,0,E,0.14893617021276595,-148.7,137.5,18.0,5.0,0.782608695652174,2.29385084718176,30,22,14,8,0.03590311704514436,0,0,1,0,0,0,0,0,0,-1,0,0,0,0,0
1ngx,L,12,SER,-0.8,89.0,0.0,1,1,E,0.43846153846153846,-117.7,117.4,7.0,22.0,0.2413793103448276,1.9166638797121687,24,23,14,9,0.03776821403450251,0,0,1,0,0,0,0,0,0,-1,0,0,0,0,0
1ngx,L,13,THR,-0.7,116.1,0.0,1,1,E,0.06338028169014084,-125.7,136.4,21.0,8.0,0.7241379310344828,2.3341243108447935,30,22,24,-2,0.04243095650789788,0,0,1,0,0,0,0,0,0,14,108,31,0,34,1
1ngx,L,14,SER,-0.8,89.0,0.0,1,1,E,0.26153846153846155,-80.2,154.6,3.0,21.0,0.125,2.3131672529866383,24,21,17,4,0.034970568550465285,0,0,1,0,0,0,0,0,0,14,108,31,0,34,1
1ngx,L,15,VAL,4.2,140.0,0.0,0,0,T,0.5915492957746479,-59.7,134.1,9.0,17.0,0.34615384615384615,2.005763567131265,23,21,19,2,0.03683566553982344,0,0,0,0,0,1,0,0,0,14,108,31,0,34,1
1ngx,L,16,GLY,-0.4,60.1,0.0,0,0,T,0.4642857142857143,98.6,-17.5,1.0,17.0,0.05555555555555555,1.709642931530816,16,16,11,5,0.029375277582390842,0,0,0,0,0,1,0,0,0,14,108,31,0,34,1
1ngx,L,17,ASP,-3.5,111.1,-1.0,1,3,-,0.5214723926380368,-84.4,169.3,11.0,11.0,0.5,1.830823665544568,19,19,2,17,0.030774100324409453,0,0,0,0,0,0,0,0,0,14,108,31,0,34,1
1ngx,L,18,ARG,-4.5,173.4,1.0,5,0,-,0.7580645161290323,-97.0,143.7,5.0,18.0,0.21739130434782608,1.8530024791482556,17,4,8,-4,0.03403802005578621,0,0,0,0,0,0,0,0,0,14,108,31,0,34,1
1ngx,L,19,VAL,4.2,140.0,0.0,0,0,E,0.0,-114.4,132.3,29.0,5.0,0.8529411764705882,2.5973183096529096,30,18,17,1,0.035436842797804825,0,0,1,0,0,0,0,0,0,5,871,17,0,170,1
1ngx,L,20,SER,-0.8,89.0,0.0,1,1,E,0.5230769230769231,-129.0,118.6,1.0,30.0,0.03225806451612903,1.845787869739438,25,12,2,10,0.03403802005578621,0,0,1,0,0,0,0,0,0,5,871,17,0,170,1
1ngx,L,21,ILE,4.5,166.7,0.0,0,0,E,0.0,-122.8,136.5,27.0,11.0,0.7105263157894737,3.3205433021086774,35,12,1,11,0.04616115048661418,0,0,1,0,0,0,0,0,0,5,871,17,0,170,1
1ngx,L,22,THR,-0.7,116.1,0.0,1,1,E,0.36619718309859156,-119.8,153.2,7.0,28.0,0.2,2.2878866203884307,29,10,8,2,0.04196468226055834,0,0,1,0,0,0,0,0,0,5,871,17,0,170,1
1ngx,L,23,CYS,2.5,108.5,0.0,1,0,E,0.007407407407407408,-136.3,128.0,29.0,12.0,0.7073170731707317,2.834247793308805,37,9,8,1,0.048958795970651406,0,0,1,0,0,0,0,0,0,5,871,17,0,170,1
1ngx,L,24,LYS,-3.9,168.6,1.0,2,0,E,0.47317073170731705,-112.9,122.1,4.0,28.0,0.125,1.9701813754298538,23,0,8,-8,0.03963331102386066,0,0,1,0,0,0,0,0,0,36,24,12,0,2,1
1ngx,L,25,ALA,1.8,88.6,0.0,0,0,E,0.009433962264150943,-89.1,138.3,25.0,10.0,0.7142857142857143,2.624653564594281,28,9,10,-1,0.04709369898129325,0,0,1,0,0,0,0,0,0,17,466,4,0,24,1
1ngx,L,26,SER,-0.8,89.0,0.0,1,1,S,0.4846153846153846,-67.7,-19.3,9.0,14.0,0.391304347826087,1.7395452204813024,18,9,9,0,0.032172923066428064,0,0,0,0,0,0,1,0,0,-1,0,0,0,0,0
1ngx,L,27,GLN,-3.5,143.8,0.0,2,2,S,0.5303030303030303,-141.7,158.4,7.0,15.0,0.3181818181818182,2.0790991349748165,18,8,6,2,0.029375277582390842,0,0,0,0,0,0,1,0,0,17,466,4,0,24,1
1ngx,L,28,ASN,-3.5,114.1,0.0,2,2,-,0.7261146496815286,-59.8,127.4,2.0,20.0,0.09090909090909091,1.815048092491323,19,4,6,-2,0.02797645484037223,0,0,0,0,0,0,0,0,0,17,466,4,0,24,1
1ngx,L,29,VAL,4.2,140.0,0.0,0,0,-,0.028169014084507043,-122.2,17.3,26.0,4.0,0.8666666666666667,2.6093655860956733,29,3,4,-1,0.04289723075523742,0,0,0,0,0,0,0,0,0,17,466,4,0,24,1
1ngx,L,30,GLY,-0.4,60.1,0.0,0,0,T,0.35714285714285715,58.5,-121.7,5.0,19.0,0.20833333333333334,2.0248576141048407,25,0,5,-5,0.02844272908771177,0,0,0,0,0,1,0,0,0,17,466,4,0,24,1
1ngx,L,31,THR,-0.7,116.1,0.0,1,1,T,0.45774647887323944,-123.3,19.5,9.0,20.0,0.3103448275862069,1.8856080172657321,26,0,3,-3,0.03590311704514436,0,0,0,0,0,1,0,0,0,17,466,4,0,24,1
1ngx,L,32,ALA,1.8,88.6,0.0,0,0,-,0.18867924528301888,-80.1,64.7,12.0,20.0,0.375,2.5989514207328357,31,0,0,0,0.03776821403450251,0,0,0,0,0,0,0,0,0,17,466,4,0,24,1
1ngx,L,33,VAL,4.2,140.0,0.0,0,0,-,0.0,-131.7,142.8,25.0,18.0,0.5813953488372093,4.899333515535517,41,1,4,-3,0.053155264196707235,0,0,0,0,0,0,0,0,0,17,466,4,0,24,1
1ngx,L,34,ALA,1.8,88.6,0.0,0,0,E,0.018867924528301886,-130.1,154.9,15.0,27.0,0.35714285714285715,3.690370620361847,36,2,0,2,0.05408781269138631,0,0,1,0,0,0,0,0,0,-1,0,0,0,0,0
1ngx,L,35,TRP,-0.9,227.8,0.0,1,0,E,0.0,-123.5,136.5,26.0,23.0,0.5306122448979592,6.591837693465188,43,3,2,1,0.05035761871267001,0,0,1,0,0,0,0,0,0,5,871,17,0,170,1
1ngx,L,36,TYR,-1.3,193.6,0.0,1,1,E,0.0990990990990991,-123.2,154.5,19.0,21.0,0.475,4.327883097746529,30,8,8,0,0.05502036118606539,0,0,1,0,0,0,0,0,0,-1,0,0,0,0,0
1ngx,L,37,GLN,-3.5,143.8,0.0,2,2,E,0.03535353535353535,-125.2,126.6,16.0,19.0,0.45714285714285713,3.771576633916363,30,19,25,-6,0.05035761871267001,0,0,1,0,0,0,0,0,0,-1,0,0,0,0,0
1ngx,L,38,GLN,-3.5,143.8,0.0,2,2,E,0.09595959595959595,-124.4,106.7,13.0,16.0,0.4482758620689655,2.262579507502605,26,20,12,8,0.048958795970651406,0,0,1,0,0,0,0,0,0,25,24,24,0,6,1
1ngx,L,39,LYS,-3.9,168.6,1.0,2,0,-,0.3170731707317073,-83.8,155.5,10.0,17.0,0.37037037037037035,2.0977198946117737,25,9,25,-16,0.04103213376587927,0,0,0,0,0,0,0,0,0,12,113,28,0,38,1
1ngx,L,40,PRO,-1.6,112.7,0.0,0,0,T,0.3382352941176471,-47.7,129.6,13.0,10.0,0.5652173913043478,1.8339271655767606,20,13,28,-15,0.02797645484037223,0,0,0,0,0,1,0,0,0,12,113,28,0,38,1
1ngx,L,41,GLY,-0.4,60.1,0.0,0,0,T,0.9880952380952381,69.6,9.3,7.0,12.0,0.3684210526315789,1.7095775541295912,17,7,8,-1,0.018650969893581486,0,0,0,0,0,1,0,0,0,12,113,28,0,38,1
1ngx,L,42,GLN,-3.5,143.8,0.0,2,2,S,0.5454545454545454,-119.7,168.8,10.0,10.0,0.5,1.7611303164278873,18,14,3,11,0.03170664881908853,0,0,0,0,0,0,1,0,0,-1,0,0,0,0,0
1ngx,L,43,SER,-0.8,89.0,0.0,1,1,-,0.12307692307692308,-89.2,160.0,16.0,13.0,0.5517241379310345,2.1168513058691865,27,16,10,6,0.043363505002576956,0,0,0,0,0,0,0,0,0,-1,0,0,0,0,0
1ngx,L,44,PRO,-1.6,112.7,0.0,0,0,-,0.007352941176470588,-62.1,144.5,19.0,15.0,0.5588235294117647,4.2940231083862965,29,15,15,0,0.05035761871267001,0,0,0,0,0,0,0,0,0,25,24,24,0,6,1
1ngx,L,45,LYS,-3.9,168.6,1.0,2,0,E,0.2097560975609756,-119.1,131.9,13.0,22.0,0.37142857142857144,3.3801911841680483,25,9,10,-1,0.04755997322863279,0,0,1,0,0,0,0,0,0,-1,0,0,0,0,0
1ngx,L,46,LEU,3.8,166.7,0.0,0,0,E,0.18292682926829268,-73.3,125.9,20.0,16.0,0.5555555555555556,2.664969733936288,30,19,8,11,0.04989134446533048,0,0,1,0,0,0,0,0,0,-1,0,0,0,0,0
1ngx,L,47,LEU,3.8,166.7,0.0,0,0,E,0.018292682926829267,-106.0,-50.2,19.0,18.0,0.5135135135135135,4.139170109738987,35,20,10,10,0.05688545817542354,0,0,1,0,0,0,0,0,0,-1,0,0,0,0,0
1ngx,L,48,ILE,4.5,166.7,0.0,0,0,E,0.0,-128.8,138.6,26.0,13.0,0.6666666666666666,4.531335515174405,33,15,0,15,0.05595290968074446,0,0,1,0,0,0,0,0,0,-1,0,0,0,0,0
1ngx,L,49,TYR,-1.3,193.6,0.0,1,1,E,0.45045045045045046,-129.0,158.1,6.0,24.0,0.2,2.3078284345341937,20,7,0,7,0.04662742473395372,0,0,1,0,0,0,0,0,0,-1,0,0,0,0,0
1ngx,L,50,SER,-0.8,89.0,0.0,1,1,T,0.3076923076923077,49.1,45.4,3.0,25.0,0.10714285714285714,2.0396867965115977,24,4,0,4,0.03590311704514436,0,0,0,0,0,1,0,0,0,-1,0,0,0,0,0
1ngx,L,51,ALA,1.8,88.6,0.0,0,0,T,0.009433962264150943,68.5,-42.2,15.0,22.0,0.40540540540540543,2.8963534280796255,31,5,2,3,0.04942507021799094,0,0,0,0,0,1,0,0,0,-1,0,0,0,0,0
1ngx,L,52,SER,-0.8,89.0,0.0,1,1,T,0.5153846153846153,-132.4,2.5,5.0,20.0,0.2,1.9480034445309087,25,11,0,11,0.03916703677652112,0,0,0,0,0,1,0,0,0,-1,0,0,0,0,0
1ngx,L,53,ASN,-3.5,114.1,0.0,2,2,E,0.42038216560509556,-92.1,124.9,7.0,18.0,0.28,2.0911842952284485,21,11,0,11,0.032172923066428064,0,0,1,0,0,0,0,0,0,-1,0,0,0,0,0
1ngx,L,54,ARG,-4.5,173.4,1.0,5,0,E,0.42338709677419356,-79.2,130.7,9.0,18.0,0.3333333333333333,1.9504720441136079,22,5,8,-3,0.04243095650789788,0,0,1,0,0,0,0,0,0,38,12,19,0,2,1
1ngx,L,55,TYR,-1.3,193.6,0.0,1,1,P,0.2747747747747748,-67.2,150.3,15.0,12.0,0.5555555555555556,2.0107746608313524,20,19,12,7,0.03916703677652112,0,0,0,0,0,0,0,0,0,41,18,11,0,1,1
1ngx,L,56,THR,-0.7,116.1,0.0,1,1,T,0.9225352112676056,-51.4,132.5,3.0,13.0,0.1875,1.8100446499118803,13,11,7,4,0.02144861537761871,0,0,0,0,0,1,0,0,0,38,12,19,0,2,1
1ngx,L,57,GLY,-0.4,60.1,0.0,0,0,T,0.8571428571428571,95.1,-25.8,6.0,9.0,0.4,1.7095755011480283,15,15,12,3,0.019117244140921023,0,0,0,0,0,1,0,0,0,38,12,19,0,2,1
1ngx,L,58,VAL,4.2,140.0,0.0,0,0,-,0.09859154929577464,-71.7,127.1,19.0,3.0,0.8636363636363636,1.9409641671292366,21,29,13,16,0.03450429430312575,0,0,0,0,0,0,0,0,0,38,12,19,0,2,1
1ngx,L,59,PRO,-1.6,112.7,0.0,0,0,-,0.3602941176470588,-61.5,154.3,8.0,12.0,0.4,2.127508613030131,21,25,12,13,0.027043906345693154,0,0,0,0,0,0,0,0,0,38,12,19,0,2,1
1ngx,L,60,ASP,-3.5,111.1,-1.0,1,3,T,0.754601226993865,-59.9,-16.0,0.0,20.0,0.0,1.672149503494734,14,21,0,21,0.02611135785101408,0,0,0,0,0,1,0,0,0,38,12,19,0,2,1
1ngx,L,61,ARG,-4.5,173.4,1.0,5,0,T,0.17338709677419356,-61.1,-26.0,13.0,10.0,0.5652173913043478,2.032828155476358,23,11,19,-8,0.03683566553982344,0,0,0,0,0,1,0,0,0,-1,0,0,0,0,0
1ngx,L,62,PHE,2.8,189.9,0.0,0,0,E,0.030456852791878174,-96.8,120.1,19.0,16.0,0.5428571428571428,3.0137556202128195,30,26,16,10,0.04662742473395372,0,0,1,0,0,0,0,0,0,-1,0,0,0,0,0
1ngx,L,63,THR,-0.7,116.1,0.0,1,1,E,0.36619718309859156,-131.0,128.5,11.0,21.0,0.34375,2.3133280944865717,27,22,7,15,0.04243095650789788,0,0,1,0,0,0,0,0,0,5,871,17,0,170,1
1ngx,L,64,GLY,-0.4,60.1,0.0,0,0,E,0.047619047619047616,-106.4,140.5,20.0,18.0,0.5263157894736842,2.3964416654333576,30,13,5,8,0.048492521723311866,0,0,1,0,0,0,0,0,0,-1,0,0,0,0,0
1ngx,L,65,SER,-0.8,89.0,0.0,1,1,E,0.36923076923076925,-148.1,166.5,7.0,24.0,0.22580645161290322,2.1302887908338644,27,2,6,-4,0.03310547156110714,0,0,1,0,0,0,0,0,0,-1,0,0,0,0,0
1ngx,L,66,GLY,-0.4,60.1,0.0,0,0,E,0.40476190476190477,108.9,163.7,23.0,7.0,0.7666666666666667,1.7096765460652832,25,0,8,-8,0.03310547156110714,0,0,1,0,0,0,0,0,0,-1,0,0,0,0,0
1ngx,L,67,SER,-0.8,89.0,0.0,1,1,E,0.6076923076923076,-162.3,161.8,3.0,22.0,0.12,1.8503870096338682,21,1,8,-7,0.03357174580844668,0,0,1,0,0,0,0,0,0,17,466,4,0,24,1
1ngx,L,68,GLY,-0.4,60.1,0.0,0,0,T,0.14285714285714285,79.7,-99.4,2.0,20.0,0.09090909090909091,2.2615683042011083,23,9,8,1,0.032639197313767604,0,0,0,0,0,1,0,0,0,17,466,4,0,24,1
1ngx,L,69,THR,-0.7,116.1,0.0,1,1,T,0.24647887323943662,-124.0,-16.0,8.0,20.0,0.2857142857142857,2.2099558710353526,23,9,8,1,0.03963331102386066,0,0,0,0,0,1,0,0,0,17,466,4,0,24,1
1ngx,L,70,ASP,-3.5,111.1,-1.0,1,3,E,0.558282208588957,-110.1,116.4,0.0,29.0,0.0,1.6721542878709723,23,9,0,9,0.03450429430312575,0,0,1,0,0,0,0,0,0,-1,0,0,0,0,0
1ngx,L,71,PHE,2.8,189.9,0.0,0,0,E,0.005076142131979695,-123.1,151.7,31.0,9.0,0.775,3.4812530958183077,36,9,8,1,0.04616115048661418,0,0,1,0,0,0,0,0,0,17,466,4,0,24,1
1ngx,L,72,THR,-0.7,116.1,0.0,1,1,E,0.23943661971830985,-139.7,142.4,7.0,29.0,0.19444444444444445,2.5808222416086974,28,2,8,-6,0.04149840801321881,0,0,1,0,0,0,0,0,0,5,871,17,0,170,1
1ngx,L,73,LEU,3.8,166.7,0.0,0,0,E,0.0,-119.9,124.0,23.0,18.0,0.5609756097560976,5.100164685871693,37,8,1,7,0.04662742473395372,0,0,1,0,0,0,0,0,0,5,871,17,0,170,1
1ngx,L,74,THR,-0.7,116.1,0.0,1,1,E,0.21830985915492956,-117.8,131.5,10.0,19.0,0.3448275862068966,2.318308307876777,27,23,5,18,0.043363505002576956,0,0,1,0,0,0,0,0,0,5,871,17,0,170,1
1ngx,L,75,ILE,4.5,166.7,0.0,0,0,E,0.0,-119.9,113.7,18.0,15.0,0.5454545454545454,4.004191716894642,32,24,18,6,0.048026247475972325,0,0,1,0,0,0,0,0,0,14,108,31,0,34,1
1ngx,L,76,SER,-0.8,89.0,0.0,1,1,-,0.34615384615384615,-98.2,160.7,5.0,17.0,0.22727272727272727,2.2114289188916434,21,25,19,6,0.04243095650789788,0,0,0,0,0,0,0,0,0,14,108,31,0,34,1
1ngx,L,77,ASN,-3.5,114.1,0.0,2,2,S,0.554140127388535,46.9,53.9,5.0,17.0,0.22727272727272727,2.0705518150542224,20,21,19,2,0.03590311704514436,0,0,0,0,0,0,1,0,0,14,108,31,0,34,1
1ngx,L,78,MET,1.9,162.9,0.0,0,0,-,0.0,-44.7,131.2,18.0,10.0,0.6428571428571429,4.0545184403636245,29,21,29,-8,0.04942507021799094,0,0,0,0,0,0,0,0,0,14,108,31,0,34,1
1ngx,L,79,GLN,-3.5,143.8,0.0,2,2,-,0.3484848484848485,-107.4,151.9,7.0,21.0,0.25,2.201590432829613,26,16,22,-6,0.03683566553982344,0,0,0,0,0,0,0,0,0,14,108,31,0,34,1
1ngx,L,80,SER,-0.8,89.0,0.0,1,1,G,0.13846153846153847,-55.8,-29.7,8.0,18.0,0.3076923076923077,2.332651584332569,27,25,35,-10,0.043363505002576956,0,0,0,1,0,0,0,0,0,-1,0,0,0,0,0
1ngx,L,81,GLU,-3.5,138.4,-1.0,1,3,G,0.38144329896907214,-80.7,-5.0,0.0,25.0,0.0,1.924047824183629,21,20,17,3,0.035436842797804825,0,0,0,1,0,0,0,0,0,-1,0,0,0,0,0
1ngx,L,82,ASP,-3.5,111.1,-1.0,1,3,G,0.04294478527607362,-82.2,-2.7,21.0,16.0,0.5675675675675675,2.8038720038375757,32,17,19,-2,0.04476232774459557,0,0,0,1,0,0,0,0,0,-1,0,0,0,0,0
1ngx,L,83,LEU,3.8,166.7,0.0,0,0,-,0.054878048780487805,-60.5,137.4,18.0,16.0,0.5294117647058824,2.1810542402471715,35,23,52,-29,0.05035761871267001,0,0,0,0,0,0,0,0,0,12,113,28,0,38,1
1ngx,L,84,ALA,1.8,88.6,0.0,0,0,E,0.07547169811320754,167.4,-180.0,17.0,18.0,0.4857142857142857,2.134544047904883,38,19,34,-15,0.043829779249916496,0,0,1,0,0,0,0,0,0,-1,0,0,0,0,0
1ngx,L,85,ASP,-3.5,111.1,-1.0,1,3,E,0.3128834355828221,-100.0,132.1,13.0,23.0,0.3611111111111111,2.2738899090384015,34,22,10,12,0.045228601991935104,0,0,1,0,0,0,0,0,0,25,24,24,0,6,1
1ngx,L,86,TYR,-1.3,193.6,0.0,1,1,E,0.0,-114.9,133.3,25.0,21.0,0.5434782608695652,4.657996097287266,39,21,20,1,0.050823892960009553,0,0,1,0,0,0,0,0,0,-1,0,0,0,0,0
1ngx,L,87,PHE,2.8,189.9,0.0,0,0,E,0.07614213197969544,-132.8,148.1,16.0,26.0,0.38095238095238093,4.052440637778441,32,12,9,3,0.05035761871267001,0,0,1,0,0,0,0,0,0,25,24,24,0,6,1
1ngx,L,88,CYS,2.5,108.5,0.0,1,0,E,0.0,-105.8,169.6,23.0,23.0,0.5,6.5181462180226575,37,4,2,2,0.053155264196707235,0,0,1,0,0,0,0,0,0,-1,0,0,0,0,0
1ngx,L,89,GLN,-3.5,143.8,0.0,2,2,E,0.07575757575757576,-152.1,149.2,18.0,29.0,0.3829787234042553,3.712925851918974,33,4,2,2,0.05129016720734909,0,0,1,0,0,0,0,0,0,-1,0,0,0,0,0
1ngx,L,90,GLN,-3.5,143.8,0.0,2,2,-,0.0,-111.5,-3.2,26.0,17.0,0.6046511627906976,4.829978833360857,33,2,8,-6,0.05455408693872585,0,0,0,0,0,0,0,0,0,17,466,4,0,24,1
1ngx,L,91,TYR,-1.3,193.6,0.0,1,1,-,0.36936936936936937,7.6,27.5,11.0,20.0,0.3548387096774194,2.0604335119858845,27,6,0,6,0.040099585271200194,0,0,0,0,0,0,0,0,0,-1,0,0,0,0,0
1ngx,L,92,SER,-0.8,89.0,0.0,1,1,S,0.45384615384615384,-94.4,-44.1,20.0,8.0,0.7142857142857143,1.953605015455878,21,0,0,0,0.03683566553982344,0,0,0,0,0,0,1,0,0,17,466,4,0,24,1
1ngx,L,93,SER,-0.8,89.0,0.0,1,1,S,0.2923076923076923,-114.2,144.1,12.0,12.0,0.5,2.311056137691242,22,2,9,-7,0.03357174580844668,0,0,0,0,0,0,1,0,0,-1,0,0,0,0,0
1ngx,L,94,TYR,-1.3,193.6,0.0,1,1,S,0.45495495495495497,-96.8,139.1,8.0,16.0,0.3333333333333333,2.0269124298272447,20,20,6,14,0.03776821403450251,0,0,0,0,0,0,1,0,0,-1,0,0,0,0,0
1ngx,L,95,PRO,-1.6,112.7,0.0,0,0,S,0.14705882352941177,-73.7,153.4,17.0,10.0,0.6296296296296297,2.217807438543799,24,12,24,-12,0.04289723075523742,0,0,0,0,0,0,1,0,0,-1,0,0,0,0,0
1ngx,L,96,LEU,3.8,166.7,0.0,0,0,P,0.042682926829268296,-63.5,139.9,18.0,17.0,0.5142857142857142,2.5870003770108725,31,23,13,10,0.05035761871267001,0,0,0,0,0,0,0,0,0,-1,0,0,0,0,0
1ngx,L,97,THR,-0.7,116.1,0.0,1,1,B,0.056338028169014086,-131.5,157.2,18.0,21.0,0.46153846153846156,2.518552369003575,34,1,17,-16,0.05175644145468863,0,1,0,0,0,0,0,0,0,-1,0,0,0,0,0
1ngx,L,98,PHE,2.8,189.9,0.0,0,0,B,0.08629441624365482,-120.5,154.5,16.0,23.0,0.41025641025641024,2.634115413239798,36,7,12,-5,0.04616115048661418,0,1,0,0,0,0,0,0,0,-1,0,0,0,0,0
1ngx,L,99,GLY,-0.4,60.1,0.0,0,0,-,0.0,-76.4,165.2,23.0,15.0,0.6052631578947368,2.2816546989563857,36,10,6,4,0.045694876239274644,0,0,0,0,0,0,0,0,0,-1,0,0,0,0,0
1ngx,L,100,GLY,-0.4,60.1,0.0,0,0,-,0.6785714285714286,-69.0,-16.4,12.0,21.0,0.36363636363636365,1.7096042207363547,32,19,8,11,0.0363693912924839,0,0,0,0,0,0,0,0,0,-1,0,0,0,0,0
1ngx,L,101,GLY,-0.4,60.1,0.0,0,0,-,0.11904761904761904,96.4,154.7,12.0,23.0,0.34285714285714286,1.7936427723197852,31,19,8,11,0.04196468226055834,0,0,0,0,0,0,0,0,0,-1,0,0,0,0,0
1ngx,L,102,THR,-0.7,116.1,0.0,1,1,E,0.0,-130.3,123.4,21.0,12.0,0.6363636363636364,2.693556024278606,33,18,12,6,0.04942507021799094,0,0,1,0,0,0,0,0,0,-1,0,0,0,0,0
1ngx,L,103,LYS,-3.9,168.6,1.0,2,0,E,0.3024390243902439,-92.5,115.4,6.0,24.0,0.2,2.298433022583451,28,13,25,-12,0.04149840801321881,0,0,1,0,0,0,0,0,0,12,113,28,0,38,1
1ngx,L,104,VAL,4.2,140.0,0.0,0,0,E,0.02112676056338028,-102.1,118.7,21.0,16.0,0.5675675675675675,3.2640157731709905,38,21,28,-7,0.0526889899493677,0,0,1,0,0,0,0,0,0,-1,0,0,0,0,0
1ngx,L,105,GLU,-3.5,138.4,-1.0,1,3,E,0.06701030927835051,-108.2,155.1,13.0,24.0,0.35135135135135137,2.3548775159916926,32,35,12,23,0.04755997322863279,0,0,1,0,0,0,0,0,0,-1,0,0,0,0,0
1ngx,L,106,ILE,4.5,166.7,0.0,0,0,E,0.0,-90.7,129.7,23.0,15.0,0.6052631578947368,3.8650458131512866,32,26,38,-12,0.050823892960009553,0,0,1,0,0,0,0,0,0,-1,0,0,0,0,0
1ngx,L,107,LYS,-3.9,168.6,1.0,2,0,E,0.5365853658536586,-97.0,125.2,7.0,23.0,0.23333333333333334,2.366284475957242,22,11,16,-5,0.040099585271200194,0,0,1,0,0,0,0,0,0,-1,0,0,0,0,0
1ngx,L,108,ARG,-4.5,173.4,1.0,5,0,-,0.3346774193548387,-133.9,179.8,17.0,10.0,0.6296296296296297,1.916358357804433,24,14,16,-2,0.03590311704514436,0,0,0,0,0,0,0,0,0,46,2,34,0,0,1
1ngx,L,109,THR,-0.7,116.1,0.0,1,1,-,0.7253521126760564,-65.1,153.0,0.0,17.0,0.0,2.099602629113511,16,21,4,17,0.02331371236697686,0,0,0,0,0,0,0,0,0,46,2,34,0,0,1
1ngx,L,110,VAL,4.2,140.0,0.0,0,0,-,0.6830985915492958,-61.3,135.6,8.0,15.0,0.34782608695652173,2.0142507024255423,18,28,1,27,0.03403802005578621,0,0,0,0,0,0,0,0,0,46,2,34,0,0,1
1ngx,L,111,ALA,1.8,88.6,0.0,0,0,B,0.1792452830188679,-135.2,120.1,17.0,9.0,0.6538461538461539,2.3032658235924126,21,24,7,17,0.03823448828184205,0,1,0,0,0,0,0,0,0,46,2,34,0,0,1
1ngx,L,112,ALA,1.8,88.6,0.0,0,0,P,0.39622641509433965,-76.5,153.3,12.0,17.0,0.41379310344827586,1.8259644767584113,26,15,1,14,0.03823448828184205,0,0,0,0,0,0,0,0,0,46,2,34,0,0,1
1ngx,L,113,PRO,-1.6,112.7,0.0,0,0,P,0.08823529411764706,-80.6,151.1,25.0,9.0,0.7352941176470589,2.7171630703866683,35,18,3,15,0.043829779249916496,0,0,0,0,0,0,0,0,0,-1,0,0,0,0,0
1ngx,L,114,SER,-0.8,89.0,0.0,1,1,E,0.4230769230769231,-95.4,123.5,10.0,23.0,0.30303030303030304,2.194903214892803,22,10,0,10,0.0363693912924839,0,0,1,0,0,0,0,0,0,-1,0,0,0,0,0
1ngx,L,115,VAL,4.2,140.0,0.0,0,0,E,0.06338028169014084,-103.7,138.5,19.0,18.0,0.5135135135135135,2.26388495209861,29,11,4,7,0.04103213376587927,0,0,1,0,0,0,0,0,0,-1,0,0,0,0,0
1ngx,L,116,PHE,2.8,189.9,0.0,0,0,E,0.10152284263959391,-138.1,143.0,22.0,21.0,0.5116279069767442,2.3231829251370626,32,9,0,9,0.040099585271200194,0,0,1,0,0,0,0,0,0,-1,0,0,0,0,0
1ngx,L,117,ILE,4.5,166.7,0.0,0,0,E,0.09467455621301775,-121.9,140.5,18.0,25.0,0.4186046511627907,2.5975216534715897,34,10,2,8,0.048026247475972325,0,0,1,0,0,0,0,0,0,32,24,10,0,3,1
1ngx,L,118,PHE,2.8,189.9,0.0,0,0,E,0.015228426395939087,-123.7,124.4,28.0,16.0,0.6363636363636364,2.8553174877276124,38,5,0,5,0.043363505002576956,0,0,1,0,0,0,0,0,0,32,24,10,0,3,1
1ngx,L,119,PRO,-1.6,112.7,0.0,0,0,P,0.39705882352941174,-76.0,162.3,17.0,28.0,0.37777777777777777,2.0498401658765095,31,15,10,5,0.040565859518539735,0,0,0,0,0,0,0,0,0,32,24,10,0,3,1
1ngx,L,120,PRO,-1.6,112.7,0.0,0,0,P,0.07352941176470588,-72.1,151.4,23.0,17.0,0.575,2.2882610093633486,30,18,19,-1,0.04662742473395372,0,0,0,0,0,0,0,0,0,32,24,10,0,3,1
1ngx,L,121,SER,-0.8,89.0,0.0,1,1,P,0.11538461538461539,-78.9,154.5,17.0,18.0,0.4857142857142857,2.346241933102743,22,17,19,-2,0.04103213376587927,0,0,0,0,0,0,0,0,0,-1,0,0,0,0,0
1ngx,L,122,ASP,-3.5,111.1,-1.0,1,3,H,0.5153374233128835,-63.3,-32.8,4.0,20.0,0.16666666666666666,1.7163244376292706,18,19,19,0,0.029375277582390842,1,0,0,0,0,0,0,0,0,-1,0,0,0,0,0
1ngx,L,123,GLU,-3.5,138.4,-1.0,1,3,H,0.4587628865979381,-61.7,-45.8,7.0,13.0,0.35,1.7658146478324404,11,14,8,6,0.032172923066428064,1,0,0,0,0,0,0,0,0,-1,0,0,0,0,0
1ngx,L,124,GLN,-3.5,143.8,0.0,2,2,H,0.010101010101010102,-66.8,-45.4,22.0,6.0,0.7857142857142857,2.7598683481409174,23,27,19,8,0.04429605349725603,1,0,0,0,0,0,0,0,0,-1,0,0,0,0,0
1ngx,L,125,LEU,3.8,166.7,0.0,0,0,H,0.12804878048780488,-52.2,-38.7,10.0,14.0,0.4166666666666667,2.516752567866198,23,20,25,-5,0.045228601991935104,1,0,0,0,0,0,0,0,0,31,97,3,0,4,1
1ngx,L,126,LYS,-3.9,168.6,1.0,2,0,H,0.7560975609756098,-63.3,-21.1,4.0,10.0,0.2857142857142857,1.9089161727344894,12,6,18,-12,0.02611135785101408,1,0,0,0,0,0,0,0,0,-1,0,0,0,0,0
1ngx,L,127,SER,-0.8,89.0,0.0,1,1,T,0.6230769230769231,-87.2,-7.2,11.0,7.0,0.6111111111111112,1.7892046782113258,17,22,15,7,0.027510180593032695,0,0,0,0,0,1,0,0,0,-1,0,0,0,0,0
1ngx,L,128,GLY,-0.4,60.1,0.0,0,0,T,0.39285714285714285,100.1,5.5,1.0,18.0,0.05263157894736842,1.7723571112088443,21,20,16,4,0.028909003335051305,0,0,0,0,0,1,0,0,0,31,97,3,0,4,1
1ngx,L,129,THR,-0.7,116.1,0.0,1,1,E,0.33098591549295775,-133.7,153.6,8.0,18.0,0.3076923076923077,2.5388859919385607,25,20,18,2,0.03916703677652112,0,0,1,0,0,0,0,0,0,31,97,3,0,4,1
1ngx,L,130,ALA,1.8,88.6,0.0,0,0,E,0.0,-130.0,117.8,14.0,18.0,0.4375,4.0458989543253185,32,17,19,-2,0.04989134446533048,0,0,1,0,0,0,0,0,0,31,97,3,0,4,1
1ngx,L,131,SER,-0.8,89.0,0.0,1,1,E,0.038461538461538464,-110.1,123.8,20.0,21.0,0.4878048780487805,4.966096915736331,34,9,4,5,0.04616115048661418,0,0,1,0,0,0,0,0,0,-1,0,0,0,0,0
1ngx,L,132,VAL,4.2,140.0,0.0,0,0,E,0.0,-110.6,128.6,22.0,25.0,0.46808510638297873,6.588985697313631,36,5,0,5,0.04989134446533048,0,0,1,0,0,0,0,0,0,0,3765,16,0,870,1
1ngx,L,133,VAL,4.2,140.0,0.0,0,0,E,0.0,-117.0,141.0,23.0,26.0,0.46938775510204084,6.332118512697105,40,2,2,0,0.05035761871267001,0,0,1,0,0,0,0,0,0,-1,0,0,0,0,0
1ngx,L,134,CYS,2.5,108.5,0.0,1,0,E,0.0,-123.8,124.4,25.0,24.0,0.5102040816326531,6.303408608806181,43,10,11,-1,0.050823892960009553,0,0,1,0,0,0,0,0,0,-1,0,0,0,0,0
1ngx,L,135,LEU,3.8,166.7,0.0,0,0,E,0.0,-107.0,130.9,23.0,28.0,0.45098039215686275,5.659176240214402,36,14,0,14,0.05129016720734909,0,0,1,0,0,0,0,0,0,-1,0,0,0,0,0
1ngx,L,136,LEU,3.8,166.7,0.0,0,0,E,0.0,-115.5,111.5,28.0,17.0,0.6222222222222222,5.764506498056026,43,21,12,9,0.04942507021799094,0,0,1,0,0,0,0,0,0,-1,0,0,0,0,0
1ngx,L,137,ASN,-3.5,114.1,0.0,2,2,E,0.03821656050955414,-106.7,137.6,16.0,24.0,0.4,2.391322596998622,26,10,5,5,0.04755997322863279,0,0,1,0,0,0,0,0,0,-1,0,0,0,0,0
1ngx,L,138,ASN,-3.5,114.1,0.0,2,2,E,0.3503184713375796,43.5,71.5,10.0,25.0,0.2857142857142857,2.0152911851286586,27,15,17,-2,0.043829779249916496,0,0,1,0,0,0,0,0,0,13,171,24,0,37,1
1ngx,L,139,PHE,2.8,189.9,0.0,0,0,E,0.0,-127.2,166.6,20.0,15.0,0.5714285714285714,4.254567444988749,39,29,18,11,0.053155264196707235,0,0,1,0,0,0,0,0,0,-1,0,0,0,0,0
1ngx,L,140,TYR,-1.3,193.6,0.0,1,1,B,0.04954954954954955,-161.1,138.1,14.0,20.0,0.4117647058823529,3.186092591109587,28,33,25,8,0.05502036118606539,0,1,0,0,0,0,0,0,0,46,2,34,0,0,1
1ngx,L,141,PRO,-1.6,112.7,0.0,0,0,S,0.16176470588235295,-70.9,174.7,5.0,26.0,0.16129032258064516,2.5536359956137344,29,38,14,24,0.04755997322863279,0,0,0,0,0,0,1,0,0,-1,0,0,0,0,0
1ngx,L,142,ARG,-4.5,173.4,1.0,5,0,S,0.3790322580645161,-62.1,-31.7,11.0,22.0,0.3333333333333333,1.8775024441657593,24,9,28,-19,0.04103213376587927,0,0,0,0,0,0,1,0,0,-1,0,0,0,0,0
1ngx,L,143,GLU,-3.5,138.4,-1.0,1,3,-,0.6134020618556701,-60.6,125.4,4.0,18.0,0.18181818181818182,1.957849826833848,18,30,5,25,0.02844272908771177,0,0,0,0,0,0,0,0,0,-1,0,0,0,0,0
1ngx,L,144,ALA,1.8,88.6,0.0,0,0,-,0.1792452830188679,-158.5,149.8,28.0,6.0,0.8235294117647058,1.9821082866713664,26,28,16,12,0.04149840801321881,0,0,0,0,0,0,0,0,0,-1,0,0,0,0,0
1ngx,L,145,LYS,-3.9,168.6,1.0,2,0,E,0.5560975609756098,-123.3,126.1,6.0,21.0,0.2222222222222222,1.9975378052215607,22,13,20,-7,0.02984155182973038,0,0,1,0,0,0,0,0,0,-1,0,0,0,0,0
1ngx,L,146,VAL,4.2,140.0,0.0,0,0,E,0.18309859154929578,-112.2,124.6,21.0,15.0,0.5833333333333334,1.9833380184019371,33,19,19,0,0.040099585271200194,0,0,1,0,0,0,0,0,0,0,3765,16,0,870,1
1ngx,L,147,GLN,-3.5,143.8,0.0,2,2,E,0.2777777777777778,-120.0,118.8,11.0,22.0,0.3333333333333333,2.108131069219491,27,18,10,8,0.03963331102386066,0,0,1,0,0,0,0,0,0,0,3765,16,0,870,1
1ngx,L,148,TRP,-0.9,227.8,0.0,1,0,E,0.00881057268722467,-86.7,138.7,18.0,18.0,0.5,3.3837942721392626,42,16,11,5,0.048492521723311866,0,0,1,0,0,0,0,0,0,0,3765,16,0,870,1
1ngx,L,149,LYS,-3.9,168.6,1.0,2,0,E,0.17560975609756097,-132.0,133.1,14.0,14.0,0.5,2.241720885066581,23,4,16,-12,0.04662742473395372,0,0,1,0,0,0,0,0,0,0,3765,16,0,870,1
1ngx,L,150,VAL,4.2,140.0,0.0,0,0,E,0.035211267605633804,-124.5,111.0,13.0,17.0,0.43333333333333335,2.2002720879086564,25,30,11,19,0.04429605349725603,0,0,1,0,0,0,0,0,0,-1,0,0,0,0,0
1ngx,L,151,ASP,-3.5,111.1,-1.0,1,3,T,0.39263803680981596,52.9,44.4,6.0,14.0,0.3,1.7147942652306762,19,35,1,34,0.03450429430312575,0,0,0,0,0,1,0,0,0,-1,0,0,0,0,0
1ngx,L,152,ASN,-3.5,114.1,0.0,2,2,T,0.9235668789808917,71.7,2.5,0.0,17.0,0.0,1.7220267180563464,16,14,9,5,0.02611135785101408,0,0,0,0,0,1,0,0,0,-1,0,0,0,0,0
1ngx,L,153,ALA,1.8,88.6,0.0,0,0,E,0.4528301886792453,-88.1,123.2,7.0,9.0,0.4375,2.2150247606308477,15,16,8,8,0.027043906345693154,0,0,1,0,0,0,0,0,0,-1,0,0,0,0,0
1ngx,L,154,LEU,3.8,166.7,0.0,0,0,E,0.6341463414634146,-74.0,124.5,3.0,16.0,0.15789473684210525,1.9765205974466151,15,9,13,-4,0.02984155182973038,0,0,1,0,0,0,0,0,0,-1,0,0,0,0,0
1ngx,L,155,GLN,-3.5,143.8,0.0,2,2,P,0.18181818181818182,-88.1,147.8,18.0,4.0,0.8181818181818182,1.9529144939751388,22,14,4,10,0.035436842797804825,0,0,0,0,0,0,0,0,0,0,3765,16,0,870,1
1ngx,L,156,SER,-0.8,89.0,0.0,1,1,-,0.823076923076923,-156.0,140.9,2.0,14.0,0.125,1.739573653371836,15,2,0,2,0.022847438119637322,0,0,0,0,0,0,0,0,0,-1,0,0,0,0,0
1ngx,L,157,GLY,-0.4,60.1,0.0,0,0,S,1.0,86.8,-11.9,2.0,13.0,0.13333333333333333,1.7094438218242007,14,0,1,-1,0.014454501667525653,0,0,0,0,0,0,1,0,0,-1,0,0,0,0,0
1ngx,L,158,ASN,-3.5,114.1,0.0,2,2,S,0.2356687898089172,-115.6,25.4,12.0,10.0,0.5454545454545454,1.9543039985259416,24,1,3,-2,0.028909003335051305,0,0,0,0,0,0,1,0,0,0,3765,16,0,870,1
1ngx,L,159,SER,-0.8,89.0,0.0,1,1,E,0.3769230769230769,-137.1,154.6,17.0,12.0,0.5862068965517241,1.739705347330699,23,0,9,-9,0.034970568550465285,0,0,1,0,0,0,0,0,0,0,3765,16,0,870,1
1ngx,L,160,GLN,-3.5,143.8,0.0,2,2,E,0.3333333333333333,-140.6,150.3,13.0,18.0,0.41935483870967744,1.8586382868058944,25,2,9,-7,0.02984155182973038,0,0,1,0,0,0,0,0,0,-1,0,0,0,0,0
1ngx,L,161,GLU,-3.5,138.4,-1.0,1,3,E,0.4742268041237113,-142.1,160.8,14.0,19.0,0.42424242424242425,1.8090240195767524,26,9,0,9,0.03357174580844668,0,0,1,0,0,0,0,0,0,-1,0,0,0,0,0
1ngx,L,162,SER,-0.8,89.0,0.0,1,1,E,0.14615384615384616,-145.3,154.9,15.0,17.0,0.46875,2.5126402924558198,28,9,12,-3,0.03870076252918159,0,0,1,0,0,0,0,0,0,-1,0,0,0,0,0
1ngx,L,163,VAL,4.2,140.0,0.0,0,0,E,0.11971830985915492,-125.4,141.7,12.0,20.0,0.375,2.07444933686494,25,19,21,-2,0.043363505002576956,0,0,1,0,0,0,0,0,0,-1,0,0,0,0,0
1ngx,L,164,THR,-0.7,116.1,0.0,1,1,P,0.11267605633802817,-75.1,164.9,22.0,12.0,0.6470588235294118,1.989914396089454,25,21,19,2,0.04243095650789788,0,0,0,0,0,0,0,0,0,-1,0,0,0,0,0
1ngx,L,165,GLU,-3.5,138.4,-1.0,1,3,P,0.4845360824742268,-75.0,153.5,12.0,20.0,0.375,1.7391640824075536,22,16,15,1,0.03310547156110714,0,0,0,0,0,0,0,0,0,12,113,28,0,38,1
1ngx,L,166,GLN,-3.5,143.8,0.0,2,2,P,0.045454545454545456,-56.4,133.5,20.0,16.0,0.5555555555555556,2.174958021291311,33,30,42,-12,0.04429605349725603,0,0,0,0,0,0,0,0,0,12,113,28,0,38,1
1ngx,L,167,ASP,-3.5,111.1,-1.0,1,3,P,0.3006134969325153,-66.3,127.4,16.0,16.0,0.5,2.0724952374520984,20,20,22,-2,0.03870076252918159,0,0,0,0,0,0,0,0,0,13,171,24,0,37,1
1ngx,L,168,SER,-0.8,89.0,0.0,1,1,T,0.3769230769230769,-66.6,-17.2,6.0,17.0,0.2608695652173913,2.162298795063315,18,16,36,-20,0.03870076252918159,0,0,0,0,0,1,0,0,0,-1,0,0,0,0,0
1ngx,L,169,LYS,-3.9,168.6,1.0,2,0,T,0.6536585365853659,-98.0,-58.7,3.0,16.0,0.15789473684210525,1.948124815353602,14,2,26,-24,0.025178809356335007,0,0,0,0,0,1,0,0,0,-1,0,0,0,0,0
1ngx,L,170,ASP,-3.5,111.1,-1.0,1,3,T,0.36809815950920244,-99.4,1.0,9.0,16.0,0.36,1.7642503952063715,21,22,11,11,0.028909003335051305,0,0,0,0,0,1,0,0,0,13,171,24,0,37,1
1ngx,L,171,SER,-0.8,89.0,0.0,1,1,-,0.06153846153846154,61.5,27.0,19.0,14.0,0.5757575757575758,2.8262117968844382,31,27,35,-8,0.048958795970651406,0,0,0,0,0,0,0,0,0,-1,0,0,0,0,0
1ngx,L,172,THR,-0.7,116.1,0.0,1,1,-,0.035211267605633804,-103.9,171.2,15.0,18.0,0.45454545454545453,2.1751507131658707,31,33,24,9,0.053155264196707235,0,0,0,0,0,0,0,0,0,13,171,24,0,37,1
1ngx,L,173,TYR,-1.3,193.6,0.0,1,1,E,0.03153153153153153,-120.6,162.2,18.0,18.0,0.5,2.5059158490977427,31,29,41,-12,0.05455408693872585,0,0,1,0,0,0,0,0,0,-1,0,0,0,0,0
1ngx,L,174,SER,-0.8,89.0,0.0,1,1,E,0.0,-136.2,148.9,22.0,20.0,0.5238095238095238,2.7642511568360066,34,21,15,6,0.050823892960009553,0,0,1,0,0,0,0,0,0,-1,0,0,0,0,0
1ngx,L,175,LEU,3.8,166.7,0.0,0,0,E,0.018292682926829267,-138.6,143.6,16.0,25.0,0.3902439024390244,4.579349260508562,39,22,14,8,0.04755997322863279,0,0,1,0,0,0,0,0,0,-1,0,0,0,0,0
1ngx,L,176,SER,-0.8,89.0,0.0,1,1,E,0.023076923076923078,-127.6,129.6,22.0,24.0,0.4782608695652174,6.013107464441944,37,6,9,-3,0.04942507021799094,0,0,1,0,0,0,0,0,0,-1,0,0,0,0,0
1ngx,L,177,SER,-0.8,89.0,0.0,1,1,E,0.007692307692307693,-118.4,136.5,18.0,24.0,0.42857142857142855,3.413409966904803,35,2,11,-9,0.04616115048661418,0,0,1,0,0,0,0,0,0,0,3765,16,0,870,1
1ngx,L,178,THR,-0.7,116.1,0.0,1,1,E,0.14788732394366197,-122.2,125.3,18.0,24.0,0.42857142857142855,3.5377638524009174,28,5,9,-4,0.04429605349725603,0,0,1,0,0,0,0,0,0,0,3765,16,0,870,1
1ngx,L,179,LEU,3.8,166.7,0.0,0,0,E,0.0,-100.8,124.0,21.0,15.0,0.5833333333333334,4.052899350985688,37,6,1,5,0.04429605349725603,0,0,1,0,0,0,0,0,0,0,3765,16,0,870,1
1ngx,L,180,THR,-0.7,116.1,0.0,1,1,E,0.34507042253521125,-115.3,126.4,12.0,22.0,0.35294117647058826,2.0282565835620145,30,7,6,1,0.0363693912924839,0,0,1,0,0,0,0,0,0,0,3765,16,0,870,1
1ngx,L,181,LEU,3.8,166.7,0.0,0,0,E,0.11585365853658537,-134.7,160.7,19.0,10.0,0.6551724137931034,2.0656166406514442,28,21,13,8,0.040099585271200194,0,0,1,0,0,0,0,0,0,31,97,3,0,4,1
1ngx,L,182,SER,-0.8,89.0,0.0,1,1,E,0.3769230769230769,-77.3,161.6,3.0,18.0,0.14285714285714285,2.22945908348172,22,19,17,2,0.030307826077069916,0,0,1,0,0,0,0,0,0,31,97,3,0,4,1
1ngx,L,183,LYS,-3.9,168.6,1.0,2,0,H,0.3804878048780488,-60.5,-39.5,9.0,14.0,0.391304347826087,2.1121206252453604,21,18,22,-4,0.040565859518539735,1,0,0,0,0,0,0,0,0,31,97,3,0,4,1
1ngx,L,184,ALA,1.8,88.6,0.0,0,0,H,0.5660377358490566,-60.5,-47.3,0.0,15.0,0.0,1.844105134039486,14,32,17,15,0.027043906345693154,1,0,0,0,0,0,0,0,0,31,97,3,0,4,1
1ngx,L,185,ASP,-3.5,111.1,-1.0,1,3,H,0.4233128834355828,-66.0,-40.2,8.0,10.0,0.4444444444444444,2.1196339211948194,19,30,9,21,0.032639197313767604,1,0,0,0,0,0,0,0,0,31,97,3,0,4,1
1ngx,L,186,TYR,-1.3,193.6,0.0,1,1,H,0.04504504504504504,-56.6,-41.4,19.0,10.0,0.6551724137931034,3.2906075432067823,31,44,19,25,0.048026247475972325,1,0,0,0,0,0,0,0,0,32,24,10,0,3,1
1ngx,L,187,GLU,-3.5,138.4,-1.0,1,3,T,0.5051546391752577,-81.0,17.9,5.0,16.0,0.23809523809523808,1.962407045866436,17,44,8,36,0.0363693912924839,0,0,0,0,0,1,0,0,0,31,97,3,0,4,1
1ngx,L,188,LYS,-3.9,168.6,1.0,2,0,T,0.6829268292682927,-108.9,-1.7,6.0,10.0,0.375,1.9547267607243102,13,27,21,6,0.029375277582390842,0,0,0,0,0,1,0,0,0,-1,0,0,0,0,0
1ngx,L,189,HIS,-3.2,153.2,0.1,2,1,-,0.31521739130434784,-135.7,164.5,14.0,7.0,0.6666666666666666,2.112674454480591,22,32,23,9,0.03823448828184205,0,0,0,0,0,0,0,0,0,-1,0,0,0,0,0
1ngx,L,190,LYS,-3.9,168.6,1.0,2,0,S,0.5951219512195122,-108.3,-56.8,0.0,20.0,0.0,2.169954887716322,16,26,12,14,0.03916703677652112,0,0,0,0,0,0,1,0,0,-1,0,0,0,0,0
1ngx,L,191,VAL,4.2,140.0,0.0,0,0,E,0.33098591549295775,-91.3,120.8,10.0,15.0,0.4,2.2945320712869552,24,40,8,32,0.043363505002576956,0,0,1,0,0,0,0,0,0,-1,0,0,0,0,0
1ngx,L,192,TYR,-1.3,193.6,0.0,1,1,E,0.0,-112.4,124.3,20.0,17.0,0.5405405405405406,3.8620588001194185,32,41,13,28,0.050823892960009553,0,0,1,0,0,0,0,0,0,-1,0,0,0,0,0
1ngx,L,193,ALA,1.8,88.6,0.0,0,0,E,0.08490566037735849,-136.6,149.1,13.0,23.0,0.3611111111111111,2.9427714767962234,30,18,16,2,0.04709369898129325,0,0,1,0,0,0,0,0,0,0,3765,16,0,870,1
1ngx,L,194,CYS,2.5,108.5,0.0,1,0,E,0.0,-119.2,112.7,21.0,17.0,0.5526315789473685,4.999723694484455,32,21,9,12,0.05175644145468863,0,0,1,0,0,0,0,0,0,-1,0,0,0,0,0
1ngx,L,195,GLU,-3.5,138.4,-1.0,1,3,E,0.25257731958762886,-102.5,122.4,10.0,24.0,0.29411764705882354,2.2679164108733962,27,27,0,27,0.04429605349725603,0,0,1,0,0,0,0,0,0,-1,0,0,0,0,0
1ngx,L,196,VAL,4.2,140.0,0.0,0,0,E,0.0,-108.0,131.9,24.0,12.0,0.6666666666666666,3.581756487816343,34,30,12,18,0.04616115048661418,0,0,1,0,0,0,0,0,0,-1,0,0,0,0,0
1ngx,L,197,THR,-0.7,116.1,0.0,1,1,E,0.31690140845070425,-118.4,131.7,5.0,22.0,0.18518518518518517,2.3325044012988316,24,21,14,7,0.04196468226055834,0,0,1,0,0,0,0,0,0,-1,0,0,0,0,0
1ngx,L,198,HIS,-3.2,153.2,0.1,2,1,-,0.02717391304347826,-158.9,149.8,21.0,7.0,0.75,3.5181403796114155,29,14,10,4,0.04429605349725603,0,0,0,0,0,0,0,0,0,16,103,26,0,30,1
1ngx,L,199,GLN,-3.5,143.8,0.0,2,2,T,0.5151515151515151,-51.6,-33.5,8.0,13.0,0.38095238095238093,1.910351830873899,20,22,9,13,0.030774100324409453,0,0,0,0,0,1,0,0,0,-1,0,0,0,0,0
1ngx,L,200,GLY,-0.4,60.1,0.0,0,0,T,0.3333333333333333,-83.0,2.4,13.0,10.0,0.5652173913043478,1.9562606606190232,21,10,2,8,0.03170664881908853,0,0,0,0,0,1,0,0,0,46,2,34,0,0,1
1ngx,L,201,LEU,3.8,166.7,0.0,0,0,-,0.24390243902439024,-115.3,110.3,15.0,7.0,0.6818181818181818,2.1286129915759098,24,13,3,10,0.032172923066428064,0,0,0,0,0,0,0,0,0,16,103,26,0,30,1
1ngx,L,202,SER,-0.8,89.0,0.0,1,1,S,1.0,-57.1,-32.5,0.0,12.0,0.0,1.7689480878562673,10,7,0,7,0.017718421398902413,0,0,0,0,0,0,1,0,0,16,103,26,0,30,1
1ngx,L,203,SER,-0.8,89.0,0.0,1,1,S,0.6307692307692307,-135.6,145.5,1.0,11.0,0.08333333333333333,1.7776100572807785,12,5,5,0,0.020049792635600097,0,0,0,0,0,0,1,0,0,16,103,26,0,30,1
1ngx,L,204,PRO,-1.6,112.7,0.0,0,0,-,0.5147058823529411,-58.7,146.0,9.0,12.0,0.42857142857142855,1.873496431932928,18,14,9,5,0.03170664881908853,0,0,0,0,0,0,0,0,0,16,103,26,0,30,1
1ngx,L,205,VAL,4.2,140.0,0.0,0,0,E,0.21830985915492956,-105.0,132.9,16.0,12.0,0.5714285714285714,2.288720525124306,26,19,9,10,0.03357174580844668,0,0,1,0,0,0,0,0,0,-1,0,0,0,0,0
1ngx,L,206,THR,-0.7,116.1,0.0,1,1,E,0.4788732394366197,-122.0,132.5,10.0,19.0,0.3448275862068966,1.8683907438640805,23,19,9,10,0.032639197313767604,0,0,1,0,0,0,0,0,0,-1,0,0,0,0,0
1ngx,L,207,LYS,-3.9,168.6,1.0,2,0,E,0.4292682926829268,-119.0,138.6,17.0,14.0,0.5483870967741935,2.248013333214515,25,0,6,-6,0.03403802005578621,0,0,1,0,0,0,0,0,0,-1,0,0,0,0,0
1ngx,L,208,SER,-0.8,89.0,0.0,1,1,E,0.5076923076923077,-155.3,173.0,17.0,13.0,0.5666666666666667,1.8066146245878727,28,20,4,16,0.03590311704514436,0,0,1,0,0,0,0,0,0,-1,0,0,0,0,0
1ngx,L,209,PHE,2.8,189.9,0.0,0,0,E,0.14213197969543148,-154.0,158.4,16.0,13.0,0.5517241379310345,2.315568766128232,30,29,5,24,0.03590311704514436,0,0,1,0,0,0,0,0,0,32,24,10,0,3,1
1ngx,L,210,ASN,-3.5,114.1,0.0,2,2,E,0.4840764331210191,-105.1,128.9,4.0,21.0,0.16,1.8325505491172582,18,30,11,19,0.035436842797804825,0,0,1,0,0,0,0,0,0,-1,0,0,0,0,0
1ngx,L,211,ARG,-4.5,173.4,1.0,5,0,S,0.3467741935483871,-55.0,129.3,16.0,9.0,0.64,2.024563780636847,22,27,22,5,0.04103213376587927,0,0,0,0,0,0,1,0,0,-1,0,0,0,0,0
1ngx,L,212,ASN,-3.5,114.1,0.0,2,2,-,0.5987261146496815,177.9,-161.8,7.0,12.0,0.3684210526315789,1.722055288295025,18,32,14,18,0.021914889624958248,0,0,0,0,0,0,0,0,0,-1,0,0,0,0,0
1ngx,L,213,GLU,-3.5,138.4,-1.0,1,3,-,0.5618556701030928,51.1,360.0,10.0,3.0,0.7692307692307693,1.7205796952163315,14,24,6,18,0.01818469564624195,0,0,0,0,0,0,0,0,0,8,1434,5,0,80,1
1ngx,H,1,GLN,-3.5,143.8,0.0,2,2,-,0.7222222222222222,360.0,-68.4,9.0,9.0,0.5,1.809712248579294,17,14,0,14,0.021914889624958248,0,0,0,0,0,0,0,0,0,-1,0,0,0,0,0
1ngx,H,2,VAL,4.2,140.0,0.0,0,0,E,0.29577464788732394,-66.5,126.0,17.0,8.0,0.68,2.291193103731992,22,14,9,5,0.03170664881908853,0,0,1,0,0,0,0,0,0,33,27,8,0,3,1
1ngx,H,3,GLN,-3.5,143.8,0.0,2,2,E,0.5505050505050505,-96.0,134.4,3.0,21.0,0.125,1.7909165090452024,17,9,9,0,0.03357174580844668,0,0,1,0,0,0,0,0,0,33,27,8,0,3,1
1ngx,H,4,LEU,3.8,166.7,0.0,0,0,E,0.006097560975609756,-129.5,112.5,23.0,5.0,0.8214285714285714,2.386923611768657,30,8,16,-8,0.043829779249916496,0,0,1,0,0,0,0,0,0,33,27,8,0,3,1
1ngx,H,5,LEU,3.8,166.7,0.0,0,0,-,0.7926829268292683,-78.8,153.0,1.0,27.0,0.03571428571428571,2.0563217565086163,25,13,16,-3,0.03124037457174899,0,0,0,0,0,0,0,0,0,-1,0,0,0,0,0
1ngx,H,6,GLU,-3.5,138.4,-1.0,1,3,T,0.24742268041237114,-53.2,134.5,14.0,16.0,0.4666666666666667,1.8007341895218565,27,16,0,16,0.03916703677652112,0,0,0,0,0,1,0,0,0,-1,0,0,0,0,0
1ngx,H,7,SER,-0.8,89.0,0.0,1,1,T,0.6230769230769231,83.1,-5.9,7.0,18.0,0.28,1.9408886420171527,23,2,13,-11,0.027043906345693154,0,0,0,0,0,1,0,0,0,-1,0,0,0,0,0
1ngx,H,8,GLY,-0.4,60.1,0.0,0,0,-,0.2857142857142857,-80.7,-174.1,13.0,15.0,0.4642857142857143,1.8050738284952361,26,6,20,-14,0.03124037457174899,0,0,0,0,0,0,0,0,0,-1,0,0,0,0,0
1ngx,H,9,ALA,1.8,88.6,0.0,0,0,E,0.22641509433962265,-151.3,123.3,13.0,20.0,0.3939393939393939,1.9473240095867967,29,12,19,-7,0.03683566553982344,0,0,1,0,0,0,0,0,0,3,1809,11,0,233,1
1ngx,H,10,GLU,-3.5,138.4,-1.0,1,3,E,0.4381443298969072,-137.2,145.0,15.0,21.0,0.4166666666666667,2.178806158703575,29,14,4,10,0.03916703677652112,0,0,1,0,0,0,0,0,0,33,27,8,0,3,1
1ngx,H,11,LEU,3.8,166.7,0.0,0,0,E,0.1951219512195122,-92.0,129.7,13.0,24.0,0.35135135135135137,2.0110961698348646,30,12,14,-2,0.03963331102386066,0,0,1,0,0,0,0,0,0,33,27,8,0,3,1
1ngx,H,12,VAL,4.2,140.0,0.0,0,0,E,0.014084507042253521,-131.4,143.7,25.0,9.0,0.7352941176470589,2.648035181951587,33,10,16,-6,0.043829779249916496,0,0,1,0,0,0,0,0,0,33,27,8,0,3,1
1ngx,H,13,LYS,-3.9,168.6,1.0,2,0,-,0.5658536585365853,-76.1,145.7,5.0,20.0,0.2,2.193625137691504,21,0,2,-2,0.034970568550465285,0,0,0,0,0,0,0,0,0,52,24,1,0,0,1
1ngx,H,14,PRO,-1.6,112.7,0.0,0,0,T,0.49264705882352944,-60.7,143.6,6.0,17.0,0.2608695652173913,2.016009154980257,21,9,6,3,0.03357174580844668,0,0,0,0,0,1,0,0,0,52,24,1,0,0,1
1ngx,H,15,GLY,-0.4,60.1,0.0,0,0,T,0.7023809523809523,88.8,-18.8,1.0,18.0,0.05263157894736842,1.7096664177920537,16,8,3,5,0.025645083603674543,0,0,0,0,0,1,0,0,0,52,24,1,0,0,1
1ngx,H,16,ALA,1.8,88.6,0.0,0,0,-,0.2358490566037736,-88.7,-165.7,13.0,11.0,0.5416666666666666,1.8499754835103375,22,10,4,6,0.03357174580844668,0,0,0,0,0,0,0,0,0,52,24,1,0,0,1
1ngx,H,17,SER,-0.8,89.0,0.0,1,1,-,0.12307692307692308,-136.2,164.9,10.0,19.0,0.3448275862068966,2.2262523686510605,24,18,3,15,0.04103213376587927,0,0,0,0,0,0,0,0,0,-1,0,0,0,0,0
1ngx,H,18,VAL,4.2,140.0,0.0,0,0,E,0.007042253521126761,-143.1,149.2,20.0,15.0,0.5714285714285714,2.9858302027202073,34,15,15,0,0.04662742473395372,0,0,1,0,0,0,0,0,0,33,27,8,0,3,1
1ngx,H,19,LYS,-3.9,168.6,1.0,2,0,E,0.2,-128.6,114.9,9.0,25.0,0.2647058823529412,2.0518265138587166,28,1,1,0,0.045694876239274644,0,0,1,0,0,0,0,0,0,-1,0,0,0,0,0
1ngx,H,20,LEU,3.8,166.7,0.0,0,0,E,0.006097560975609756,-93.2,149.0,21.0,16.0,0.5675675675675675,3.965415998050698,39,10,13,-3,0.048026247475972325,0,0,1,0,0,0,0,0,0,-1,0,0,0,0,0
1ngx,H,21,SER,-0.8,89.0,0.0,1,1,E,0.13846153846153847,-124.0,153.9,10.0,27.0,0.2702702702702703,1.9950152447315241,31,22,11,11,0.04616115048661418,0,0,1,0,0,0,0,0,0,-1,0,0,0,0,0
1ngx,H,22,CYS,2.5,108.5,0.0,1,0,E,0.007407407407407408,-153.7,115.5,22.0,17.0,0.5641025641025641,2.7120655473746713,35,24,11,13,0.04429605349725603,0,0,1,0,0,0,0,0,0,-1,0,0,0,0,0
1ngx,H,23,LYS,-3.9,168.6,1.0,2,0,E,0.6585365853658537,-80.2,137.7,8.0,22.0,0.26666666666666666,1.9530666844094011,23,8,14,-6,0.03450429430312575,0,0,1,0,0,0,0,0,0,-1,0,0,0,0,0
1ngx,H,24,ALA,1.8,88.6,0.0,0,0,-,0.12264150943396226,-73.4,158.9,22.0,12.0,0.6470588235294118,2.1611942854737687,31,25,15,10,0.03776821403450251,0,0,0,0,0,0,0,0,0,-1,0,0,0,0,0
1ngx,H,25,SER,-0.8,89.0,0.0,1,1,-,0.3769230769230769,-61.9,-32.4,12.0,11.0,0.5217391304347826,1.9207168876393839,20,27,9,18,0.03124037457174899,0,0,0,0,0,0,0,0,0,24,131,4,0,6,1
1ngx,H,26,GLY,-0.4,60.1,0.0,0,0,-,0.6666666666666666,102.7,-8.5,2.0,18.0,0.1,1.7096327541957896,18,14,7,7,0.02611135785101408,0,0,0,0,0,0,0,0,0,24,131,4,0,6,1
1ngx,H,27,TYR,-1.3,193.6,0.0,1,1,-,0.7792792792792793,-72.1,146.4,8.0,8.0,0.5,1.7983549631181208,10,10,8,2,0.02611135785101408,0,0,0,0,0,0,0,0,0,24,131,4,0,6,1
1ngx,H,28,THR,-0.7,116.1,0.0,1,1,-,0.9929577464788732,-81.0,124.1,0.0,13.0,0.0,1.8187377765652708,12,6,4,2,0.021914889624958248,0,0,0,0,0,0,0,0,0,24,131,4,0,6,1
1ngx,H,29,PHE,2.8,189.9,0.0,0,0,-,0.3604060913705584,-147.6,155.7,14.0,2.0,0.875,1.9395566848356258,15,12,11,1,0.027043906345693154,0,0,0,0,0,0,0,0,0,24,131,4,0,6,1
1ngx,H,30,THR,-0.7,116.1,0.0,1,1,S,0.9577464788732394,-63.9,-52.9,0.0,11.0,0.0,1.8384935165864087,11,6,6,0,0.020516066882939634,0,0,0,0,0,0,1,0,0,-1,0,0,0,0,0
1ngx,H,31,SER,-0.8,89.0,0.0,1,1,-,0.3230769230769231,-121.9,154.0,7.0,14.0,0.3333333333333333,1.883432074530786,16,12,8,4,0.035436842797804825,0,0,0,0,0,0,0,0,0,-1,0,0,0,0,0
1ngx,H,32,TYR,-1.3,193.6,0.0,1,1,-,0.018018018018018018,-144.2,59.5,19.0,12.0,0.6129032258064516,2.19173289384303,27,31,16,15,0.04662742473395372,0,0,0,0,0,0,0,0,0,24,131,4,0,6,1
1ngx,H,33,TRP,-0.9,227.8,0.0,1,0,-,0.30837004405286345,-57.9,120.6,6.0,22.0,0.21428571428571427,2.221932808666841,25,40,8,32,0.04616115048661418,0,0,0,0,0,0,0,0,0,-1,0,0,0,0,0
1ngx,H,34,MET,1.9,162.9,0.0,0,0,E,0.0,-112.1,125.6,23.0,19.0,0.5476190476190477,4.139277944612527,37,42,12,30,0.04989134446533048,0,0,1,0,0,0,0,0,0,-1,0,0,0,0,0
1ngx,H,35,HIS,-3.2,153.2,0.1,2,1,E,0.2391304347826087,-101.7,152.4,12.0,25.0,0.32432432432432434,2.4863956496961386,32,28,5,23,0.04616115048661418,0,0,1,0,0,0,0,0,0,-1,0,0,0,0,0
1ngx,H,36,TRP,-0.9,227.8,0.0,1,0,E,0.00881057268722467,-118.7,129.3,26.0,18.0,0.5909090909090909,6.224841945158039,41,30,7,23,0.048958795970651406,0,0,1,0,0,0,0,0,0,-1,0,0,0,0,0
1ngx,H,37,VAL,4.2,140.0,0.0,0,0,E,0.014084507042253521,-126.9,143.3,20.0,18.0,0.5263157894736842,4.339145435828252,31,22,9,13,0.05408781269138631,0,0,1,0,0,0,0,0,0,-1,0,0,0,0,0
1ngx,H,38,LYS,-3.9,168.6,1.0,2,0,E,0.024390243902439025,-110.7,137.9,18.0,17.0,0.5142857142857142,4.569854426493052,32,27,21,6,0.05129016720734909,0,0,1,0,0,0,0,0,0,-1,0,0,0,0,0
1ngx,H,39,GLN,-3.5,143.8,0.0,2,2,E,0.19696969696969696,-133.4,122.2,14.0,15.0,0.4827586206896552,2.245536029839771,28,26,11,15,0.04662742473395372,0,0,1,0,0,0,0,0,0,25,24,24,0,6,1
1ngx,H,40,ARG,-4.5,173.4,1.0,5,0,-,0.14919354838709678,-115.8,148.6,10.0,14.0,0.4166666666666667,1.944940135036318,20,22,25,-3,0.0363693912924839,0,0,0,0,0,0,0,0,0,11,242,19,0,51,1
1ngx,H,41,PRO,-1.6,112.7,0.0,0,0,T,1.0,-28.8,-77.6,3.0,12.0,0.2,1.8338496578297174,13,26,2,24,0.018650969893581486,0,0,0,0,0,1,0,0,0,11,242,19,0,51,1
1ngx,H,42,GLY,-0.4,60.1,0.0,0,0,T,0.9285714285714286,-100.3,30.3,0.0,9.0,0.0,1.709657012576142,11,23,2,21,0.016319598656883802,0,0,0,0,0,1,0,0,0,11,242,19,0,51,1
1ngx,H,43,ARG,-4.5,173.4,1.0,5,0,S,0.5524193548387096,-124.0,158.1,9.0,7.0,0.5625,1.8069182826106163,13,20,15,5,0.025645083603674543,0,0,0,0,0,0,1,0,0,11,242,19,0,51,1
1ngx,H,44,GLY,-0.4,60.1,0.0,0,0,-,0.38095238095238093,-78.4,160.3,17.0,11.0,0.6071428571428571,1.7095616046833806,24,31,12,19,0.03357174580844668,0,0,0,0,0,0,0,0,0,11,242,19,0,51,1
1ngx,H,45,LEU,3.8,166.7,0.0,0,0,-,0.07926829268292683,-61.2,146.7,18.0,13.0,0.5806451612903226,2.1016169394963824,30,22,10,12,0.04289723075523742,0,0,0,0,0,0,0,0,0,25,24,24,0,6,1
1ngx,H,46,GLU,-3.5,138.4,-1.0,1,3,E,0.1958762886597938,-128.6,133.4,15.0,21.0,0.4166666666666667,2.1351716818936475,26,42,6,36,0.045228601991935104,0,0,1,0,0,0,0,0,0,11,242,19,0,51,1
1ngx,H,47,TRP,-0.9,227.8,0.0,1,0,E,0.00881057268722467,-86.8,128.0,20.0,16.0,0.5555555555555556,2.7436954536794316,32,41,15,26,0.048958795970651406,0,0,1,0,0,0,0,0,0,-1,0,0,0,0,0
1ngx,H,48,ILE,4.5,166.7,0.0,0,0,E,0.0,-91.9,-49.3,20.0,18.0,0.5263157894736842,5.422829963778936,33,52,14,38,0.05129016720734909,0,0,1,0,0,0,0,0,0,10,735,6,0,57,1
1ngx,H,49,GLY,-0.4,60.1,0.0,0,0,E,0.0,168.6,-175.8,19.0,19.0,0.5,5.370339367217238,33,35,7,28,0.053155264196707235,0,0,1,0,0,0,0,0,0,10,735,6,0,57,1
1ngx,H,50,ARG,-4.5,173.4,1.0,5,0,E,0.22983870967741934,-138.4,156.2,14.0,24.0,0.3684210526315789,3.7023975747389772,23,19,8,11,0.053621538444046775,0,0,1,0,0,0,0,0,0,-1,0,0,0,0,0
1ngx,H,51,ILE,4.5,166.7,0.0,0,0,E,0.005917159763313609,-144.3,141.0,19.0,18.0,0.5135135135135135,4.545020976449946,33,28,9,19,0.05548663543340492,0,0,1,0,0,0,0,0,0,-1,0,0,0,0,0
1ngx,H,52,ASP,-3.5,111.1,-1.0,1,3,-,0.03680981595092025,-103.0,105.0,10.0,22.0,0.3125,3.3271545266606153,25,27,0,27,0.045694876239274644,0,0,0,0,0,0,0,0,0,-1,0,0,0,0,0
1ngx,H,53,PRO,-1.6,112.7,0.0,0,0,T,0.058823529411764705,-55.1,-28.7,22.0,13.0,0.6285714285714286,2.447213111327964,35,20,13,7,0.04942507021799094,0,0,0,0,0,1,0,0,0,53,2,5,0,0,1
1ngx,H,54,ASN,-3.5,114.1,0.0,2,2,T,0.46496815286624205,-70.1,-50.9,9.0,18.0,0.3333333333333333,1.7618715269602259,23,11,11,0,0.03170664881908853,0,0,0,0,0,1,0,0,0,-1,0,0,0,0,0
1ngx,H,55,SER,-0.8,89.0,0.0,1,1,T,0.5307692307692308,-95.7,-34.7,11.0,9.0,0.55,1.8165974103703608,16,8,8,0,0.02611135785101408,0,0,0,0,0,1,0,0,0,-1,0,0,0,0,0
1ngx,H,56,GLY,-0.4,60.1,0.0,0,0,-,0.34523809523809523,101.8,-3.2,5.0,19.0,0.20833333333333334,1.8829494739609796,23,15,11,4,0.03310547156110714,0,0,0,0,0,0,0,0,0,53,2,5,0,0,1
1ngx,H,57,GLY,-0.4,60.1,0.0,0,0,-,0.32142857142857145,-60.3,149.3,6.0,16.0,0.2727272727272727,2.245280307345046,19,22,8,14,0.02844272908771177,0,0,0,0,0,0,0,0,0,-1,0,0,0,0,0
1ngx,H,58,THR,-0.7,116.1,0.0,1,1,E,0.4225352112676056,-138.9,164.7,14.0,14.0,0.5,1.9104720562722577,22,20,8,12,0.0363693912924839,0,0,1,0,0,0,0,0,0,10,735,6,0,57,1
1ngx,H,59,LYS,-3.9,168.6,1.0,2,0,E,0.35121951219512193,-154.6,125.0,9.0,17.0,0.34615384615384615,2.249455902696304,20,25,6,19,0.0363693912924839,0,0,1,0,0,0,0,0,0,10,735,6,0,57,1
1ngx,H,60,TYR,-1.3,193.6,0.0,1,1,E,0.24324324324324326,-114.4,156.0,11.0,17.0,0.39285714285714285,1.869272366240826,28,37,9,28,0.045694876239274644,0,0,1,0,0,0,0,0,0,10,735,6,0,57,1
1ngx,H,61,ASN,-3.5,114.1,0.0,2,2,-,0.05732484076433121,-77.9,127.3,18.0,11.0,0.6206896551724138,2.330694710285317,22,35,24,11,0.048026247475972325,0,0,0,0,0,0,0,0,0,10,735,6,0,57,1
1ngx,H,62,GLU,-3.5,138.4,-1.0,1,3,G,0.6649484536082474,-46.8,-39.1,3.0,14.0,0.17647058823529413,1.7382544351501965,14,28,1,27,0.02984155182973038,0,0,0,1,0,0,0,0,0,10,735,6,0,57,1
1ngx,H,63,LYS,-3.9,168.6,1.0,2,0,G,0.5707317073170731,-59.2,-30.1,7.0,10.0,0.4117647058823529,1.89214102576122,18,22,24,-2,0.030307826077069916,0,0,0,1,0,0,0,0,0,-1,0,0,0,0,0
1ngx,H,64,PHE,2.8,189.9,0.0,0,0,G,0.01015228426395939,-104.6,5.6,21.0,6.0,0.7777777777777778,2.970132500730045,30,39,26,13,0.03963331102386066,0,0,0,1,0,0,0,0,0,-1,0,0,0,0,0
1ngx,H,65,LYS,-3.9,168.6,1.0,2,0,T,0.5951219512195122,-53.8,-40.7,6.0,15.0,0.2857142857142857,1.9408846735179814,14,21,9,12,0.03590311704514436,0,0,0,0,0,1,0,0,0,10,735,6,0,57,1
1ngx,H,66,SER,-0.8,89.0,0.0,1,1,T,0.8615384615384616,-82.9,-20.7,3.0,13.0,0.1875,1.7395612891089007,15,24,11,13,0.022381163872297785,0,0,0,0,0,1,0,0,0,-1,0,0,0,0,0
1ngx,H,67,LYS,-3.9,168.6,1.0,2,0,T,0.21951219512195122,-106.2,-24.6,14.0,12.0,0.5384615384615384,1.9674987533443964,26,19,17,2,0.03450429430312575,0,0,0,0,0,1,0,0,0,-1,0,0,0,0,0
1ngx,H,68,ALA,1.8,88.6,0.0,0,0,E,0.009433962264150943,-109.3,140.2,21.0,12.0,0.6363636363636364,2.3083885707452145,31,28,7,21,0.045694876239274644,0,0,1,0,0,0,0,0,0,-1,0,0,0,0,0
1ngx,H,69,THR,-0.7,116.1,0.0,1,1,E,0.4225352112676056,-133.2,118.0,8.0,23.0,0.25806451612903225,2.342619128069754,26,22,0,22,0.03730193978716297,0,0,1,0,0,0,0,0,0,-1,0,0,0,0,0
1ngx,H,70,LEU,3.8,166.7,0.0,0,0,E,0.042682926829268296,-100.1,130.2,21.0,16.0,0.5675675675675675,3.620736444754952,32,25,5,20,0.04429605349725603,0,0,1,0,0,0,0,0,0,-1,0,0,0,0,0
1ngx,H,71,THR,-0.7,116.1,0.0,1,1,E,0.3873239436619718,-138.9,171.8,6.0,27.0,0.18181818181818182,2.2535243226274817,26,15,12,3,0.03357174580844668,0,0,1,0,0,0,0,0,0,53,2,5,0,0,1
1ngx,H,72,VAL,4.2,140.0,0.0,0,0,E,0.21830985915492956,-146.6,140.0,19.0,12.0,0.6129032258064516,2.06930916970544,29,12,15,-3,0.04243095650789788,0,0,1,0,0,0,0,0,0,53,2,5,0,0,1
1ngx,H,73,ASP,-3.5,111.1,-1.0,1,3,E,0.4110429447852761,-102.6,91.3,9.0,12.0,0.42857142857142855,1.9918302215531807,17,15,0,15,0.03357174580844668,0,0,1,0,0,0,0,0,0,53,2,5,0,0,1
1ngx,H,74,LYS,-3.9,168.6,1.0,2,0,G,0.5853658536585366,-50.7,-40.9,5.0,15.0,0.25,1.87067094607393,17,0,13,-13,0.02797645484037223,0,0,0,1,0,0,0,0,0,53,2,5,0,0,1
1ngx,H,75,PRO,-1.6,112.7,0.0,0,0,G,0.875,-56.6,-42.2,1.0,12.0,0.07692307692307693,1.8604128759127074,11,10,8,2,0.018650969893581486,0,0,0,1,0,0,0,0,0,53,2,5,0,0,1
1ngx,H,76,SER,-0.8,89.0,0.0,1,1,G,0.3923076923076923,-101.5,7.2,8.0,8.0,0.5,1.7808312813488099,14,16,8,8,0.02331371236697686,0,0,0,1,0,0,0,0,0,-1,0,0,0,0,0
1ngx,H,77,SER,-0.8,89.0,0.0,1,1,T,0.4,48.0,53.7,8.0,17.0,0.32,2.1766721510649174,21,19,10,9,0.03730193978716297,0,0,0,0,0,1,0,0,0,-1,0,0,0,0,0
1ngx,H,78,THR,-0.7,116.1,0.0,1,1,E,0.09859154929577464,-125.1,132.4,10.0,19.0,0.3448275862068966,2.9418199364694955,29,23,11,12,0.04243095650789788,0,0,1,0,0,0,0,0,0,53,2,5,0,0,1
1ngx,H,79,ALA,1.8,88.6,0.0,0,0,E,0.009433962264150943,-99.4,143.7,25.0,15.0,0.625,4.839611286061748,37,32,19,13,0.0526889899493677,0,0,1,0,0,0,0,0,0,-1,0,0,0,0,0
1ngx,H,80,TYR,-1.3,193.6,0.0,1,1,E,0.24324324324324326,-130.0,147.3,12.0,26.0,0.3157894736842105,2.8695797178717655,30,15,9,6,0.048492521723311866,0,0,1,0,0,0,0,0,0,-1,0,0,0,0,0
1ngx,H,81,MET,1.9,162.9,0.0,0,0,E,0.0,-131.5,114.6,25.0,17.0,0.5952380952380952,6.013427139570563,37,23,0,23,0.04942507021799094,0,0,1,0,0,0,0,0,0,-1,0,0,0,0,0
1ngx,H,82,GLN,-3.5,143.8,0.0,2,2,E,0.32323232323232326,-99.8,131.6,11.0,23.0,0.3235294117647059,2.462793141733893,26,16,0,16,0.043829779249916496,0,0,1,0,0,0,0,0,0,-1,0,0,0,0,0
1ngx,H,83,LEU,3.8,166.7,0.0,0,0,E,0.012195121951219513,-113.8,122.6,22.0,16.0,0.5789473684210527,4.457906204907655,35,26,10,16,0.04429605349725603,0,0,1,0,0,0,0,0,0,-1,0,0,0,0,0
1ngx,H,84,SER,-0.8,89.0,0.0,1,1,-,0.24615384615384617,-104.5,169.9,7.0,20.0,0.25925925925925924,2.0607095605687245,25,15,5,10,0.03776821403450251,0,0,0,0,0,0,0,0,0,-1,0,0,0,0,0
1ngx,H,85,SER,-0.8,89.0,0.0,1,1,S,0.7076923076923077,37.4,58.0,4.0,19.0,0.17391304347826086,1.7396265420925598,20,12,7,5,0.02797645484037223,0,0,0,0,0,0,1,0,0,52,24,1,0,0,1
1ngx,H,86,LEU,3.8,166.7,0.0,0,0,-,0.018292682926829267,-56.4,141.7,21.0,8.0,0.7241379310344828,3.2013167438113075,31,17,15,2,0.043829779249916496,0,0,0,0,0,0,0,0,0,52,24,1,0,0,1
1ngx,H,87,THR,-0.7,116.1,0.0,1,1,-,0.5422535211267606,-134.9,167.5,2.0,21.0,0.08695652173913043,2.2194629667943575,24,15,17,-2,0.03357174580844668,0,0,0,0,0,0,0,0,0,52,24,1,0,0,1
1ngx,H,88,SER,-0.8,89.0,0.0,1,1,G,0.6,-56.4,-23.6,3.0,17.0,0.15,1.850262434203935,19,12,17,-5,0.028909003335051305,0,0,0,1,0,0,0,0,0,-1,0,0,0,0,0
1ngx,H,89,GLU,-3.5,138.4,-1.0,1,3,G,0.5257731958762887,-68.2,-18.8,7.0,16.0,0.30434782608695654,1.9250392076747167,18,27,11,16,0.02844272908771177,0,0,0,1,0,0,0,0,0,-1,0,0,0,0,0
1ngx,H,90,ASP,-3.5,111.1,-1.0,1,3,G,0.049079754601226995,-86.8,-7.6,21.0,13.0,0.6176470588235294,2.6484655187756476,35,29,12,17,0.04476232774459557,0,0,0,1,0,0,0,0,0,-1,0,0,0,0,0
1ngx,H,91,SER,-0.8,89.0,0.0,1,1,-,0.2923076923076923,-69.3,121.7,13.0,17.0,0.43333333333333335,1.9522106134054242,25,18,20,-2,0.04196468226055834,0,0,0,0,0,0,0,0,0,-1,0,0,0,0,0
1ngx,H,92,ALA,1.8,88.6,0.0,0,0,E,0.0660377358490566,179.6,179.0,18.0,14.0,0.5625,2.2434166263460975,33,21,18,3,0.04243095650789788,0,0,1,0,0,0,0,0,0,-1,0,0,0,0,0
1ngx,H,93,VAL,4.2,140.0,0.0,0,0,E,0.2605633802816901,-102.9,129.8,12.0,21.0,0.36363636363636365,2.8391379692337084,34,18,6,12,0.04289723075523742,0,0,1,0,0,0,0,0,0,-1,0,0,0,0,0
1ngx,H,94,TYR,-1.3,193.6,0.0,1,1,E,0.0045045045045045045,-113.7,143.8,25.0,19.0,0.5681818181818182,5.87408231203329,43,18,19,-1,0.05129016720734909,0,0,1,0,0,0,0,0,0,-1,0,0,0,0,0
1ngx,H,95,TYR,-1.3,193.6,0.0,1,1,E,0.06756756756756757,-128.2,143.1,17.0,23.0,0.425,4.119188949825818,30,15,10,5,0.05502036118606539,0,0,1,0,0,0,0,0,0,25,24,24,0,6,1
1ngx,H,96,CYS,2.5,108.5,0.0,1,0,E,0.02962962962962963,-112.5,147.1,19.0,24.0,0.4418604651162791,4.896159342837575,38,29,9,20,0.05035761871267001,0,0,1,0,0,0,0,0,0,-1,0,0,0,0,0
1ngx,H,97,THR,-0.7,116.1,0.0,1,1,-,0.11267605633802817,-113.8,155.8,17.0,20.0,0.4594594594594595,2.2921774194622366,32,37,14,23,0.04662742473395372,0,0,0,0,0,0,0,0,0,-1,0,0,0,0,0
1ngx,H,98,ARG,-4.5,173.4,1.0,5,0,-,0.16129032258064516,-133.6,138.4,16.0,18.0,0.47058823529411764,1.9716594230956956,32,21,18,3,0.04662742473395372,0,0,0,0,0,0,0,0,0,41,18,11,0,1,1
1ngx,H,99,ARG,-4.5,173.4,1.0,5,0,T,0.5120967741935484,-65.8,-23.9,13.0,15.0,0.4642857142857143,1.813435710147111,22,10,13,-3,0.03450429430312575,0,0,0,0,0,1,0,0,0,41,18,11,0,1,1
1ngx,H,100,ASP,-3.5,111.1,-1.0,1,3,T,0.3067484662576687,-105.1,40.6,8.0,14.0,0.36363636363636365,1.7311425668139955,18,24,7,17,0.030307826077069916,0,0,0,0,0,1,0,0,0,41,18,11,0,1,1
1ngx,H,101,SER,-0.8,89.0,0.0,1,1,-,0.38461538461538464,-158.3,127.6,14.0,9.0,0.6086956521739131,1.8489737464873854,22,27,17,10,0.029375277582390842,0,0,0,0,0,0,0,0,0,41,18,11,0,1,1
1ngx,H,102,ASP,-3.5,111.1,-1.0,1,3,S,0.25766871165644173,-76.7,-11.5,15.0,12.0,0.5555555555555556,1.6856478143499039,21,19,7,12,0.03730193978716297,0,0,0,0,0,0,1,0,0,41,18,11,0,1,1
1ngx,H,103,TYR,-1.3,193.6,0.0,1,1,B,0.4144144144144144,-106.1,141.2,7.0,16.0,0.30434782608695654,1.922576376624927,24,22,10,12,0.03776821403450251,0,1,0,0,0,0,0,0,0,41,18,11,0,1,1
1ngx,H,104,TRP,-0.9,227.8,0.0,1,0,-,0.0881057268722467,-71.7,165.8,18.0,13.0,0.5806451612903226,2.4129746652947976,29,26,10,16,0.04709369898129325,0,0,0,0,0,0,0,0,0,41,18,11,0,1,1
1ngx,H,105,GLY,-0.4,60.1,0.0,0,0,-,0.07142857142857142,-60.4,164.3,22.0,11.0,0.6666666666666666,2.1094783936433874,29,18,13,5,0.040099585271200194,0,0,0,0,0,0,0,0,0,-1,0,0,0,0,0
1ngx,H,106,ALA,1.8,88.6,0.0,0,0,-,0.4056603773584906,-32.4,-112.8,11.0,19.0,0.36666666666666664,1.7676215662123844,27,6,9,-3,0.034970568550465285,0,0,0,0,0,0,0,0,0,-1,0,0,0,0,0
1ngx,H,107,GLY,-0.4,60.1,0.0,0,0,-,0.23809523809523808,-173.1,119.6,12.0,21.0,0.36363636363636365,1.709604018028781,30,1,10,-9,0.03916703677652112,0,0,0,0,0,0,0,0,0,-1,0,0,0,0,0
1ngx,H,108,THR,-0.7,116.1,0.0,1,1,E,0.04225352112676056,-114.7,122.4,20.0,16.0,0.5555555555555556,3.559668058682121,33,7,16,-9,0.04662742473395372,0,0,1,0,0,0,0,0,0,-1,0,0,0,0,0
1ngx,H,109,THR,-0.7,116.1,0.0,1,1,E,0.31690140845070425,-104.7,131.5,8.0,27.0,0.22857142857142856,2.5263768441803296,29,0,23,-23,0.04149840801321881,0,0,1,0,0,0,0,0,0,3,1809,11,0,233,1
1ngx,H,110,VAL,4.2,140.0,0.0,0,0,E,0.007042253521126761,-112.2,130.5,25.0,17.0,0.5952380952380952,3.635621491937858,37,12,23,-11,0.04709369898129325,0,0,1,0,0,0,0,0,0,3,1809,11,0,233,1
1ngx,H,111,THR,-0.7,116.1,0.0,1,1,E,0.19718309859154928,-119.0,112.4,14.0,22.0,0.3888888888888889,2.33321231555362,33,7,23,-16,0.04196468226055834,0,0,1,0,0,0,0,0,0,3,1809,11,0,233,1
1ngx,H,112,VAL,4.2,140.0,0.0,0,0,E,0.056338028169014086,-96.7,114.9,16.0,17.0,0.48484848484848486,2.57902769418335,27,9,21,-12,0.045228601991935104,0,0,1,0,0,0,0,0,0,52,24,1,0,0,1
1ngx,H,113,SER,-0.8,89.0,0.0,1,1,-,0.23076923076923078,-163.6,153.3,13.0,12.0,0.52,2.361663439438174,23,9,3,6,0.03450429430312575,0,0,0,0,0,0,0,0,0,-1,0,0,0,0,0
1ngx,H,114,SER,-0.8,89.0,0.0,1,1,S,0.7307692307692307,-87.6,-13.4,3.0,15.0,0.16666666666666666,1.806889224117391,13,9,0,9,0.025178809356335007,0,0,0,0,0,0,1,0,0,-1,0,0,0,0,0
1ngx,H,115,ALA,1.8,88.6,0.0,0,0,P,0.3867924528301887,-62.1,146.6,12.0,6.0,0.6666666666666666,1.9750158516301248,18,15,0,15,0.022847438119637322,0,0,0,0,0,0,0,0,0,-1,0,0,0,0,0
1ngx,H,116,SER,-0.8,89.0,0.0,1,1,P,0.7076923076923077,-81.1,155.0,2.0,17.0,0.10526315789473684,1.8318880809016118,17,15,0,15,0.02471253510899547,0,0,0,0,0,0,0,0,0,-1,0,0,0,0,0
1ngx,H,117,THR,-0.7,116.1,0.0,1,1,P,0.5352112676056338,-73.4,141.9,13.0,15.0,0.4642857142857143,1.9203822878633745,23,22,4,18,0.032172923066428064,0,0,0,0,0,0,0,0,0,-1,0,0,0,0,0
1ngx,H,118,LYS,-3.9,168.6,1.0,2,0,B,0.4146341463414634,-143.6,126.3,12.0,13.0,0.48,2.2173749515218835,23,14,9,5,0.03683566553982344,0,1,0,0,0,0,0,0,0,-1,0,0,0,0,0
1ngx,H,119,GLY,-0.4,60.1,0.0,0,0,-,0.27380952380952384,-77.4,154.2,9.0,19.0,0.32142857142857145,1.7095990793315556,26,31,8,23,0.040099585271200194,0,0,0,0,0,0,0,0,0,49,4,10,0,0,1
1ngx,H,120,PRO,-1.6,112.7,0.0,0,0,-,0.10294117647058823,-85.0,167.1,27.0,6.0,0.8181818181818182,2.544654683166256,31,32,8,24,0.043363505002576956,0,0,0,0,0,0,0,0,0,49,4,10,0,0,1
1ngx,H,121,SER,-0.8,89.0,0.0,1,1,E,0.4230769230769231,-113.1,136.6,9.0,24.0,0.2727272727272727,2.2401267128762563,27,24,16,8,0.03310547156110714,0,0,1,0,0,0,0,0,0,49,4,10,0,0,1
1ngx,H,122,VAL,4.2,140.0,0.0,0,0,E,0.056338028169014086,-111.4,128.5,18.0,20.0,0.47368421052631576,2.1608823005594373,29,23,18,5,0.03963331102386066,0,0,1,0,0,0,0,0,0,49,4,10,0,0,1
1ngx,H,123,PHE,2.8,189.9,0.0,0,0,E,0.06598984771573604,-121.5,147.9,22.0,21.0,0.5116279069767442,3.2979077960295373,27,17,10,7,0.043363505002576956,0,0,1,0,0,0,0,0,0,-1,0,0,0,0,0
1ngx,H,124,PRO,-1.6,112.7,0.0,0,0,E,0.2426470588235294,-79.2,146.2,14.0,26.0,0.35,2.274228103779732,27,19,16,3,0.04289723075523742,0,0,1,0,0,0,0,0,0,-1,0,0,0,0,0
1ngx,H,125,LEU,3.8,166.7,0.0,0,0,E,0.03048780487804878,-115.3,90.9,23.0,21.0,0.5227272727272727,3.5229250028471197,40,9,0,9,0.048492521723311866,0,0,1,0,0,0,0,0,0,-1,0,0,0,0,0
1ngx,H,126,ALA,1.8,88.6,0.0,0,0,-,0.2169811320754717,-82.0,144.1,16.0,24.0,0.4,1.9159875477590522,35,13,2,11,0.04709369898129325,0,0,0,0,0,0,0,0,0,32,24,10,0,3,1
1ngx,H,127,PRO,-1.6,112.7,0.0,0,0,-,0.007352941176470588,-57.6,146.9,21.0,19.0,0.525,2.449858017642399,33,11,0,11,0.04196468226055834,0,0,0,0,0,0,0,0,0,8,1434,5,0,80,1
1ngx,H,128,SER,-0.8,89.0,0.0,1,1,-,0.4153846153846154,-42.5,107.9,16.0,15.0,0.5161290322580645,1.826032167622169,26,19,3,16,0.03683566553982344,0,0,0,0,0,0,0,0,0,8,1434,5,0,80,1
1ngx,H,129,SER,-0.8,89.0,0.0,1,1,S,0.2,-92.8,143.7,11.0,14.0,0.44,1.839636616991591,20,18,8,10,0.03450429430312575,0,0,0,0,0,0,1,0,0,8,1434,5,0,80,1
1ngx,H,130,LYS,-3.9,168.6,1.0,2,0,S,0.6634146341463415,71.3,-33.6,6.0,8.0,0.42857142857142855,1.870756680665433,15,9,7,2,0.020049792635600097,0,0,0,0,0,0,1,0,0,8,1434,5,0,80,1
1ngx,H,131,SER,-0.8,89.0,0.0,1,1,S,0.6692307692307692,-124.6,50.5,7.0,13.0,0.35,1.8503319095488864,19,12,3,9,0.01958351838826056,0,0,0,0,0,0,1,0,0,8,1434,5,0,80,1
1ngx,H,132,THR,-0.7,116.1,0.0,1,1,-,0.5211267605633803,-84.6,142.8,18.0,6.0,0.75,1.8247055945643427,19,10,0,10,0.02611135785101408,0,0,0,0,0,0,0,0,0,-1,0,0,0,0,0
1ngx,H,133,SER,-0.8,89.0,0.0,1,1,-,0.6923076923076923,-82.6,-167.5,7.0,11.0,0.3888888888888889,1.7395525183267644,19,6,0,6,0.02144861537761871,0,0,0,0,0,0,0,0,0,-1,0,0,0,0,0
1ngx,H,134,GLY,-0.4,60.1,0.0,0,0,S,0.8214285714285714,-118.0,-18.4,0.0,15.0,0.0,1.7096360323572528,15,0,0,0,0.01958351838826056,0,0,0,0,0,0,1,0,0,-1,0,0,0,0,0
1ngx,H,135,GLY,-0.4,60.1,0.0,0,0,S,0.6309523809523809,-79.0,-102.0,1.0,14.0,0.06666666666666667,1.7098032021864251,15,0,0,0,0.019117244140921023,0,0,0,0,0,0,1,0,0,-1,0,0,0,0,0
1ngx,H,136,THR,-0.7,116.1,0.0,1,1,E,0.6056338028169014,-114.0,140.0,9.0,13.0,0.4090909090909091,1.9329942326901557,20,0,0,0,0.029375277582390842,0,0,1,0,0,0,0,0,0,-1,0,0,0,0,0
1ngx,H,137,ALA,1.8,88.6,0.0,0,0,E,0.07547169811320754,-114.7,166.4,20.0,14.0,0.5882352941176471,2.4844748702233757,31,0,0,0,0.04429605349725603,0,0,1,0,0,0,0,0,0,-1,0,0,0,0,0
1ngx,H,138,ALA,1.8,88.6,0.0,0,0,E,0.02830188679245283,-134.8,144.6,17.0,25.0,0.40476190476190477,2.0608365512039124,34,1,0,1,0.045228601991935104,0,0,1,0,0,0,0,0,0,-1,0,0,0,0,0
1ngx,H,139,LEU,3.8,166.7,0.0,0,0,E,0.0,-146.5,171.7,23.0,24.0,0.48936170212765956,3.995917440884064,39,6,0,6,0.050823892960009553,0,0,1,0,0,0,0,0,0,-1,0,0,0,0,0
1ngx,H,140,GLY,-0.4,60.1,0.0,0,0,E,0.0,-179.0,-167.2,23.0,25.0,0.4791666666666667,6.184343190499528,43,16,0,16,0.04989134446533048,0,0,1,0,0,0,0,0,0,-1,0,0,0,0,0
1ngx,H,141,CYS,2.5,108.5,0.0,1,0,E,0.0,-138.3,135.9,20.0,28.0,0.4166666666666667,7.010452441082123,41,18,2,16,0.05035761871267001,0,0,1,0,0,0,0,0,0,39,24,9,0,2,1
1ngx,H,142,LEU,3.8,166.7,0.0,0,0,E,0.036585365853658534,-103.9,118.6,21.0,28.0,0.42857142857142855,6.205009134517016,36,14,8,6,0.045228601991935104,0,0,1,0,0,0,0,0,0,-1,0,0,0,0,0
1ngx,H,143,VAL,4.2,140.0,0.0,0,0,E,0.0,-104.3,102.8,29.0,15.0,0.6590909090909091,5.898663934773834,42,21,10,11,0.04942507021799094,0,0,1,0,0,0,0,0,0,-1,0,0,0,0,0
1ngx,H,144,LYS,-3.9,168.6,1.0,2,0,E,0.05365853658536585,-110.8,148.0,14.0,23.0,0.3783783783783784,2.3008284616662498,28,5,8,-3,0.04942507021799094,0,0,1,0,0,0,0,0,0,-1,0,0,0,0,0
1ngx,H,145,ASP,-3.5,111.1,-1.0,1,3,E,0.26993865030674846,57.9,69.8,7.0,25.0,0.21875,2.4529619290531324,29,23,0,23,0.043829779249916496,0,0,1,0,0,0,0,0,0,-1,0,0,0,0,0
1ngx,H,146,TYR,-1.3,193.6,0.0,1,1,E,0.0,-133.0,162.0,23.0,12.0,0.6571428571428571,4.826620566303856,37,28,17,11,0.0526889899493677,0,0,1,0,0,0,0,0,0,-1,0,0,0,0,0
1ngx,H,147,PHE,2.8,189.9,0.0,0,0,B,0.116751269035533,-165.5,137.9,14.0,24.0,0.3684210526315789,2.661179901017967,30,15,16,-1,0.05408781269138631,0,1,0,0,0,0,0,0,0,-1,0,0,0,0,0
1ngx,H,148,PRO,-1.6,112.7,0.0,0,0,S,0.014705882352941176,-91.6,-170.4,14.0,22.0,0.3888888888888889,2.7775237500885814,32,22,19,3,0.048958795970651406,0,0,0,0,0,0,1,0,0,3,1809,11,0,233,1
1ngx,H,149,GLU,-3.5,138.4,-1.0,1,3,S,0.31443298969072164,-75.1,164.7,14.0,25.0,0.358974358974359,1.771114142808205,29,15,4,11,0.03916703677652112,0,0,0,0,0,0,1,0,0,3,1809,11,0,233,1
1ngx,H,150,PRO,-1.6,112.7,0.0,0,0,-,0.40441176470588236,-107.9,169.5,11.0,28.0,0.28205128205128205,1.9865398506807765,27,18,17,1,0.03730193978716297,0,0,0,0,0,0,0,0,0,42,6,12,0,0,1
1ngx,H,151,VAL,4.2,140.0,0.0,0,0,-,0.08450704225352113,-126.1,139.2,28.0,12.0,0.7,2.5757845457174646,36,22,10,12,0.04149840801321881,0,0,0,0,0,0,0,0,0,42,6,12,0,0,1
1ngx,H,152,THR,-0.7,116.1,0.0,1,1,E,0.5845070422535211,-116.6,151.9,9.0,23.0,0.28125,1.9160803620674527,23,21,6,15,0.02984155182973038,0,0,1,0,0,0,0,0,0,42,6,12,0,0,1
1ngx,H,153,VAL,4.2,140.0,0.0,0,0,E,0.1619718309859155,-139.6,134.0,21.0,16.0,0.5675675675675675,2.4606983775613887,32,7,2,5,0.03823448828184205,0,0,1,0,0,0,0,0,0,42,6,12,0,0,1
1ngx,H,154,SER,-0.8,89.0,0.0,1,1,E,0.3384615384615385,-130.4,161.2,9.0,22.0,0.2903225806451613,2.1695133126351247,28,5,7,-2,0.03870076252918159,0,0,1,0,0,0,0,0,0,-1,0,0,0,0,0
1ngx,H,155,TRP,-0.9,227.8,0.0,1,0,E,0.004405286343612335,-119.8,132.6,17.0,16.0,0.5151515151515151,3.697728127136596,34,13,4,9,0.04662742473395372,0,0,1,0,0,0,0,0,0,34,19,15,0,3,1
1ngx,H,156,ASN,-3.5,114.1,0.0,2,2,G,0.19745222929936307,51.0,42.4,9.0,14.0,0.391304347826087,1.8579596584897073,23,7,6,1,0.03730193978716297,0,0,0,1,0,0,0,0,0,34,19,15,0,3,1
1ngx,H,157,SER,-0.8,89.0,0.0,1,1,G,0.7846153846153846,55.6,28.6,0.0,20.0,0.0,1.7951252737263446,15,0,5,-5,0.02797645484037223,0,0,0,1,0,0,0,0,0,-1,0,0,0,0,0
1ngx,H,158,GLY,-0.4,60.1,0.0,0,0,G,0.47619047619047616,101.2,-8.1,1.0,15.0,0.0625,1.8220245697188635,13,0,0,0,0.025178809356335007,0,0,0,1,0,0,0,0,0,34,19,15,0,3,1
1ngx,H,159,ALA,1.8,88.6,0.0,0,0,T,0.8301886792452831,-73.2,-27.2,6.0,8.0,0.42857142857142855,1.7676091511622822,15,0,0,0,0.02098234113027917,0,0,0,0,0,1,0,0,0,34,19,15,0,3,1
1ngx,H,160,LEU,3.8,166.7,0.0,0,0,B,0.1524390243902439,-107.6,114.0,18.0,4.0,0.8181818181818182,2.0695417746707765,24,1,0,1,0.03310547156110714,0,1,0,0,0,0,0,0,0,34,19,15,0,3,1
1ngx,H,161,THR,-0.7,116.1,0.0,1,1,-,0.704225352112676,-127.0,-28.8,2.0,19.0,0.09523809523809523,1.7766938258886167,17,4,0,4,0.02471253510899547,0,0,0,0,0,0,0,0,0,34,19,15,0,3,1
1ngx,H,162,SER,-0.8,89.0,0.0,1,1,T,0.6692307692307692,-67.3,130.2,2.0,15.0,0.11764705882352941,1.739554346332081,18,8,1,7,0.020049792635600097,0,0,0,0,0,1,0,0,0,34,19,15,0,3,1
1ngx,H,163,GLY,-0.4,60.1,0.0,0,0,T,0.35714285714285715,78.8,4.9,10.0,15.0,0.4,2.169467295835412,22,10,5,5,0.030307826077069916,0,0,0,0,0,1,0,0,0,13,171,24,0,37,1
1ngx,H,164,VAL,4.2,140.0,0.0,0,0,E,0.30985915492957744,-84.9,138.0,14.0,16.0,0.4666666666666667,1.988096458238345,25,10,2,8,0.03963331102386066,0,0,1,0,0,0,0,0,0,13,171,24,0,37,1
1ngx,H,165,HIS,-3.2,153.2,0.1,2,1,E,0.11956521739130435,-135.7,108.0,23.0,16.0,0.5897435897435898,2.312066573109021,25,0,8,-8,0.03776821403450251,0,0,1,0,0,0,0,0,0,13,171,24,0,37,1
1ngx,H,166,THR,-0.7,116.1,0.0,1,1,E,0.4084507042253521,-103.8,114.6,12.0,27.0,0.3076923076923077,1.8789897128597735,28,10,5,5,0.03870076252918159,0,0,1,0,0,0,0,0,0,-1,0,0,0,0,0
1ngx,H,167,PHE,2.8,189.9,0.0,0,0,P,0.015228426395939087,-78.6,155.2,25.0,11.0,0.6944444444444444,3.7077537958354445,31,10,12,-2,0.04243095650789788,0,0,0,0,0,0,0,0,0,-1,0,0,0,0,0
1ngx,H,168,PRO,-1.6,112.7,0.0,0,0,P,0.4411764705882353,-65.7,147.2,13.0,18.0,0.41935483870967744,2.094107399959568,22,6,19,-13,0.03170664881908853,0,0,0,0,0,0,0,0,0,-1,0,0,0,0,0
1ngx,H,169,ALA,1.8,88.6,0.0,0,0,P,0.2169811320754717,-68.5,155.6,16.0,17.0,0.48484848484848486,1.8925479939363643,24,0,12,-12,0.03730193978716297,0,0,0,0,0,0,0,0,0,-1,0,0,0,0,0
1ngx,H,170,VAL,4.2,140.0,0.0,0,0,E,0.19014084507042253,-119.6,136.2,18.0,14.0,0.5625,2.327462349293048,24,6,14,-8,0.04103213376587927,0,0,1,0,0,0,0,0,0,-1,0,0,0,0,0
1ngx,H,171,LEU,3.8,166.7,0.0,0,0,E,0.5487804878048781,-89.4,118.4,3.0,19.0,0.13636363636363635,1.9094595207114087,17,0,10,-10,0.032172923066428064,0,0,1,0,0,0,0,0,0,-1,0,0,0,0,0
1ngx,H,172,GLN,-3.5,143.8,0.0,2,2,-,0.11616161616161616,-81.1,162.3,14.0,9.0,0.6086956521739131,2.0018830463054935,22,9,9,0,0.03124037457174899,0,0,0,0,0,0,0,0,0,51,3,11,0,0,1
1ngx,H,173,SER,-0.8,89.0,0.0,1,1,T,1.0,-62.5,-18.8,5.0,9.0,0.35714285714285715,1.739630078902822,12,0,2,-2,0.01958351838826056,0,0,0,0,0,1,0,0,0,51,3,11,0,0,1
1ngx,H,174,SER,-0.8,89.0,0.0,1,1,T,0.5846153846153846,-74.7,-17.0,9.0,4.0,0.6923076923076923,1.7465709013453399,15,6,8,-2,0.018650969893581486,0,0,0,0,0,1,0,0,0,51,3,11,0,0,1
1ngx,H,175,GLY,-0.4,60.1,0.0,0,0,S,0.40476190476190477,97.9,-0.5,6.0,14.0,0.3,1.7623030998828955,18,6,9,-3,0.028909003335051305,0,0,0,0,0,0,1,0,0,51,3,11,0,0,1
1ngx,H,176,LEU,3.8,166.7,0.0,0,0,-,0.22560975609756098,-103.9,153.1,12.0,13.0,0.48,2.8207183950292185,26,20,11,9,0.045694876239274644,0,0,0,0,0,0,0,0,0,51,3,11,0,0,1
1ngx,H,177,TYR,-1.3,193.6,0.0,1,1,E,0.25225225225225223,-94.6,159.4,19.0,12.0,0.6129032258064516,3.477528047322901,25,16,16,0,0.05175644145468863,0,0,1,0,0,0,0,0,0,-1,0,0,0,0,0
1ngx,H,178,SER,-0.8,89.0,0.0,1,1,E,0.1076923076923077,-140.8,143.1,20.0,24.0,0.45454545454545453,5.053615292056954,33,9,18,-9,0.05129016720734909,0,0,1,0,0,0,0,0,0,-1,0,0,0,0,0
1ngx,H,179,LEU,3.8,166.7,0.0,0,0,E,0.06097560975609756,-143.6,142.4,20.0,25.0,0.4444444444444444,4.439967576635506,36,10,9,1,0.04709369898129325,0,0,1,0,0,0,0,0,0,-1,0,0,0,0,0
1ngx,H,180,SER,-0.8,89.0,0.0,1,1,E,0.06923076923076923,-121.7,145.1,23.0,25.0,0.4791666666666667,6.307550612986329,41,10,2,8,0.045694876239274644,0,0,1,0,0,0,0,0,0,-1,0,0,0,0,0
1ngx,H,181,SER,-0.8,89.0,0.0,1,1,E,0.0,-134.0,131.0,18.0,28.0,0.391304347826087,5.537764594731299,37,9,0,9,0.04755997322863279,0,0,1,0,0,0,0,0,0,-1,0,0,0,0,0
1ngx,H,182,VAL,4.2,140.0,0.0,0,0,E,0.0,-130.4,164.4,22.0,25.0,0.46808510638297873,6.086353263483175,36,10,0,10,0.050823892960009553,0,0,1,0,0,0,0,0,0,-1,0,0,0,0,0
1ngx,H,183,VAL,4.2,140.0,0.0,0,0,E,0.0,-148.9,137.2,16.0,23.0,0.41025641025641024,4.767066132553773,35,10,0,10,0.048958795970651406,0,0,1,0,0,0,0,0,0,-1,0,0,0,0,0
1ngx,H,184,THR,-0.7,116.1,0.0,1,1,E,0.2112676056338028,-102.1,137.3,12.0,24.0,0.3333333333333333,2.121880621289282,26,10,0,10,0.04149840801321881,0,0,1,0,0,0,0,0,0,-1,0,0,0,0,0
1ngx,H,185,VAL,4.2,140.0,0.0,0,0,E,0.06338028169014084,-145.1,163.3,16.0,13.0,0.5517241379310345,2.304692074621084,28,0,0,0,0.040099585271200194,0,0,1,0,0,0,0,0,0,-1,0,0,0,0,0
1ngx,H,186,PRO,-1.6,112.7,0.0,0,0,E,0.4852941176470588,-59.8,132.0,6.0,15.0,0.2857142857142857,2.210808360072487,22,0,0,0,0.030774100324409453,0,0,1,0,0,0,0,0,0,19,295,5,0,19,1
1ngx,H,187,SER,-0.8,89.0,0.0,1,1,T,0.11538461538461539,-58.0,-20.4,9.0,15.0,0.375,1.9355918845509208,22,0,0,0,0.034970568550465285,0,0,0,0,0,1,0,0,0,-1,0,0,0,0,0
1ngx,H,188,SER,-0.8,89.0,0.0,1,1,T,0.7846153846153846,-81.4,-20.8,2.0,16.0,0.1111111111111111,1.7395995180738275,16,0,0,0,0.025178809356335007,0,0,0,0,0,1,0,0,0,19,295,5,0,19,1
1ngx,H,189,SER,-0.8,89.0,0.0,1,1,G,0.2692307692307692,-80.9,-13.8,11.0,10.0,0.5238095238095238,2.10583035044416,20,0,0,0,0.030774100324409453,0,0,0,1,0,0,0,0,0,19,295,5,0,19,1
1ngx,H,190,LEU,3.8,166.7,0.0,0,0,G,0.17073170731707318,-59.2,-20.6,21.0,7.0,0.75,2.0121977205960224,29,2,0,2,0.03823448828184205,0,0,0,1,0,0,0,0,0,19,295,5,0,19,1
1ngx,H,191,GLY,-0.4,60.1,0.0,0,0,G,0.8690476190476191,-92.1,-8.1,4.0,14.0,0.2222222222222222,1.7096075594324218,14,2,0,2,0.020516066882939634,0,0,0,1,0,0,0,0,0,19,295,5,0,19,1
1ngx,H,192,THR,-0.7,116.1,0.0,1,1,T,0.9014084507042254,-129.5,-58.3,3.0,9.0,0.25,1.7766543735237879,12,2,0,2,0.020049792635600097,0,0,0,0,0,1,0,0,0,19,295,5,0,19,1
1ngx,H,193,GLN,-3.5,143.8,0.0,2,2,-,0.494949494949495,-62.0,140.1,10.0,7.0,0.5882352941176471,1.7987454962550449,19,4,0,4,0.02611135785101408,0,0,0,0,0,0,0,0,0,19,295,5,0,19,1
1ngx,H,194,THR,-0.7,116.1,0.0,1,1,-,0.4154929577464789,-94.6,141.7,8.0,13.0,0.38095238095238093,1.9444626048386853,20,11,0,11,0.030774100324409453,0,0,0,0,0,0,0,0,0,19,295,5,0,19,1
1ngx,H,195,TYR,-1.3,193.6,0.0,1,1,-,0.05405405405405406,-128.5,113.6,21.0,15.0,0.5833333333333334,2.7811864582772614,32,11,0,11,0.043363505002576956,0,0,0,0,0,0,0,0,0,39,24,9,0,2,1
1ngx,H,196,ILE,4.5,166.7,0.0,0,0,E,0.3076923076923077,-121.6,129.1,9.0,23.0,0.28125,2.7495267517408783,25,18,8,10,0.04662742473395372,0,0,1,0,0,0,0,0,0,39,24,9,0,2,1
1ngx,H,197,CYS,2.5,108.5,0.0,1,0,E,0.0,-97.7,130.7,24.0,16.0,0.6,4.947514748832288,38,19,8,11,0.0526889899493677,0,0,1,0,0,0,0,0,0,39,24,9,0,2,1
1ngx,H,198,ASN,-3.5,114.1,0.0,2,2,E,0.15286624203821655,-103.4,110.8,7.0,26.0,0.21212121212121213,2.0497301919908377,28,18,8,10,0.045694876239274644,0,0,1,0,0,0,0,0,0,-1,0,0,0,0,0
1ngx,H,199,VAL,4.2,140.0,0.0,0,0,E,0.035211267605633804,-106.0,133.7,25.0,14.0,0.6410256410256411,2.829352669542822,32,29,8,21,0.043829779249916496,0,0,1,0,0,0,0,0,0,-1,0,0,0,0,0
1ngx,H,200,ASN,-3.5,114.1,0.0,2,2,E,0.31210191082802546,-134.7,127.2,7.0,21.0,0.25,1.9344173779220597,24,28,5,23,0.04243095650789788,0,0,1,0,0,0,0,0,0,42,6,12,0,0,1
1ngx,H,201,HIS,-3.2,153.2,0.1,2,1,E,0.0,-121.4,84.1,19.0,14.0,0.5757575757575758,3.6045246665548305,29,24,11,13,0.05035761871267001,0,0,1,0,0,0,0,0,0,-1,0,0,0,0,0
1ngx,H,202,LYS,-3.9,168.6,1.0,2,0,G,0.6878048780487804,-49.8,-43.7,9.0,16.0,0.36,1.9443316798970929,17,17,9,8,0.03590311704514436,0,0,0,1,0,0,0,0,0,-1,0,0,0,0,0
1ngx,H,203,PRO,-1.6,112.7,0.0,0,0,G,0.2647058823529412,-50.0,-35.8,20.0,6.0,0.7692307692307693,1.9154744370863541,24,26,16,10,0.04289723075523742,0,0,0,1,0,0,0,0,0,-1,0,0,0,0,0
1ngx,H,204,SER,-0.8,89.0,0.0,1,1,G,0.23076923076923078,-106.0,7.5,18.0,6.0,0.75,2.0292159895147406,23,34,4,30,0.03310547156110714,0,0,0,1,0,0,0,0,0,-1,0,0,0,0,0
1ngx,H,205,ASN,-3.5,114.1,0.0,2,2,T,0.8343949044585988,55.9,39.0,0.0,18.0,0.0,1.822222485881538,13,30,0,30,0.028909003335051305,0,0,0,0,0,1,0,0,0,-1,0,0,0,0,0
1ngx,H,206,THR,-0.7,116.1,0.0,1,1,E,0.2676056338028169,-106.0,121.0,16.0,7.0,0.6956521739130435,2.2064821866985977,22,31,1,30,0.0363693912924839,0,0,1,0,0,0,0,0,0,49,4,10,0,0,1
1ngx,H,207,LYS,-3.9,168.6,1.0,2,0,E,0.7804878048780488,-127.5,135.3,3.0,19.0,0.13636363636363635,1.9082686521923533,16,16,8,8,0.030774100324409453,0,0,1,0,0,0,0,0,0,49,4,10,0,0,1
1ngx,H,208,VAL,4.2,140.0,0.0,0,0,E,0.34507042253521125,-140.6,136.4,19.0,10.0,0.6551724137931034,1.911458576496735,24,25,9,16,0.03170664881908853,0,0,1,0,0,0,0,0,0,49,4,10,0,0,1
1ngx,H,209,ASP,-3.5,111.1,-1.0,1,3,E,0.7300613496932515,-117.1,121.4,5.0,21.0,0.19230769230769232,1.7198030880540547,20,25,0,25,0.03124037457174899,0,0,1,0,0,0,0,0,0,39,24,9,0,2,1
1ngx,H,210,LYS,-3.9,168.6,1.0,2,0,E,0.17073170731707318,-125.0,124.2,19.0,10.0,0.6551724137931034,2.172135256008373,26,10,13,-3,0.03730193978716297,0,0,1,0,0,0,0,0,0,39,24,9,0,2,1
1ngx,H,211,LYS,-3.9,168.6,1.0,2,0,E,0.5951219512195122,-83.5,130.9,6.0,20.0,0.23076923076923078,1.9547829445817138,20,9,6,3,0.032639197313767604,0,0,1,0,0,0,0,0,0,39,24,9,0,2,1
1ngx,H,212,ILE,4.5,166.7,0.0,0,0,-,0.011834319526627219,-114.5,122.0,22.0,11.0,0.6666666666666666,2.500147268647308,33,21,3,18,0.04616115048661418,0,0,0,0,0,0,0,0,0,39,24,9,0,2,1
1ngx,H,213,VAL,4.2,140.0,0.0,0,0,-,0.5140845070422535,-139.0,160.3,9.0,21.0,0.3,1.9214779185094633,25,24,0,24,0.035436842797804825,0,0,0,0,0,0,0,0,0,-1,0,0,0,0,0
1ngx,H,214,PRO,-1.6,112.7,0.0,0,0,-,0.33088235294117646,-59.0,135.7,16.0,14.0,0.5333333333333333,2.0598597100107683,26,20,3,17,0.032172923066428064,0,0,0,0,0,0,0,0,0,-1,0,0,0,0,0
1ngx,H,215,LYS,-3.9,168.6,1.0,2,0,-,0.33658536585365856,-75.4,146.2,12.0,13.0,0.48,1.9272267813775805,16,8,16,-8,0.027043906345693154,0,0,0,0,0,0,0,0,0,8,1434,5,0,80,1
1ngx,H,216,SER,-0.8,89.0,0.0,1,1,-,1.0,-86.1,360.0,0.0,14.0,0.0,1.691016737691831,10,16,14,2,0.01678587290422334,0,0,0,0,0,0,0,0,0,8,1434,5,0,80,1
1aax,A,2,GLU,-3.5,138.4,-1.0,1,3,-,0.5927835051546392,360.0,120.2,5.0,14.0,0.2631578947368421,1.7750784335129064,18,9,32,-23,0.02844272908771177,0,0,0,0,0,0,0,0,0,18,0,1,0,0,1
1aax,A,3,MET,1.9,162.9,0.0,0,0,H,0.06382978723404255,-42.4,-45.5,20.0,9.0,0.6896551724137931,2.396038562648822,29,15,43,-28,0.04243095650789788,1,0,0,0,0,0,0,0,0,-1,0,0,0,0,0
1aax,A,4,GLU,-3.5,138.4,-1.0,1,3,H,0.5,-67.3,-45.1,7.0,16.0,0.30434782608695654,1.94554826413268,21,11,29,-18,0.0363693912924839,1,0,0,0,0,0,0,0,0,-1,0,0,0,0,0
1aax,A,5,LYS,-3.9,168.6,1.0,2,0,H,0.7951219512195122,-61.2,-50.8,2.0,11.0,0.15384615384615385,1.9249486340508082,12,1,36,-35,0.030307826077069916,1,0,0,0,0,0,0,0,0,18,0,1,0,0,1
1aax,A,6,GLU,-3.5,138.4,-1.0,1,3,H,0.1958762886597938,-60.4,-39.3,12.0,10.0,0.5454545454545454,2.0705298659514386,21,17,37,-20,0.03823448828184205,1,0,0,0,0,0,0,0,0,18,0,1,0,0,1
1aax,A,7,PHE,2.8,189.9,0.0,0,0,H,0.07106598984771574,-58.3,-41.1,14.0,13.0,0.5185185185185185,2.9946680911091756,25,25,39,-14,0.04942507021799094,1,0,0,0,0,0,0,0,0,-1,0,0,0,0,0
1aax,A,8,GLU,-3.5,138.4,-1.0,1,3,H,0.4020618556701031,-62.2,-51.8,3.0,15.0,0.16666666666666666,1.998906245964301,17,22,29,-7,0.03776821403450251,1,0,0,0,0,0,0,0,0,-1,0,0,0,0,0
1aax,A,9,GLN,-3.5,143.8,0.0,2,2,H,0.47474747474747475,-55.7,-49.1,6.0,9.0,0.4,1.8549325363597242,17,19,32,-13,0.03403802005578621,1,0,0,0,0,0,0,0,0,-1,0,0,0,0,0
1aax,A,10,ILE,4.5,166.7,0.0,0,0,H,0.0,-61.5,-42.9,16.0,6.0,0.7272727272727273,3.3757390026362937,23,27,31,-4,0.04289723075523742,1,0,0,0,0,0,0,0,0,13,4,10,0,0,1
1aax,A,11,ASP,-3.5,111.1,-1.0,1,3,H,0.3312883435582822,-63.4,-50.0,10.0,13.0,0.43478260869565216,1.843639411562883,19,22,18,4,0.04243095650789788,1,0,0,0,0,0,0,0,0,6,107,5,0,5,1
1aax,A,12,LYS,-3.9,168.6,1.0,2,0,H,0.7414634146341463,-63.2,-29.5,5.0,6.0,0.45454545454545453,1.92003549131361,13,5,22,-17,0.026577632098353617,1,0,0,0,0,0,0,0,0,-1,0,0,0,0,0
1aax,A,13,SER,-0.8,89.0,0.0,1,1,H,0.6307692307692307,-85.7,-22.2,10.0,3.0,0.7692307692307693,1.7743367436165196,13,9,15,-6,0.02331371236697686,1,0,0,0,0,0,0,0,0,6,107,5,0,5,1
1aax,A,14,GLY,-0.4,60.1,0.0,0,0,T,0.7142857142857143,73.5,32.8,0.0,16.0,0.0,1.7726949709320876,16,11,11,0,0.02471253510899547,0,0,0,0,0,1,0,0,0,6,107,5,0,5,1
1aax,A,15,SER,-0.8,89.0,0.0,1,1,-,0.2076923076923077,-101.9,29.8,10.0,10.0,0.5,2.1582054433774958,20,10,20,-10,0.03124037457174899,0,0,0,0,0,0,0,0,0,6,107,5,0,5,1
1aax,A,16,TRP,-0.9,227.8,0.0,1,0,H,0.1013215859030837,-68.4,-34.5,14.0,13.0,0.5185185185185185,3.0361518124566484,28,17,28,-11,0.03916703677652112,1,0,0,0,0,0,0,0,0,6,107,5,0,5,1
1aax,A,17,ALA,1.8,88.6,0.0,0,0,H,0.5943396226415094,-64.6,-47.3,2.0,18.0,0.1,1.862182908513795,17,7,12,-5,0.028909003335051305,1,0,0,0,0,0,0,0,0,6,107,5,0,5,1
1aax,A,18,ALA,1.8,88.6,0.0,0,0,H,0.5,-67.5,-46.1,5.0,13.0,0.2777777777777778,1.852152223078781,18,9,9,0,0.026577632098353617,1,0,0,0,0,0,0,0,0,6,107,5,0,5,1
1aax,A,19,ILE,4.5,166.7,0.0,0,0,H,0.17159763313609466,-59.0,-46.3,15.0,10.0,0.6,2.0814224767697347,26,18,21,-3,0.03870076252918159,1,0,0,0,0,0,0,0,0,13,4,10,0,0,1
1aax,A,20,TYR,-1.3,193.6,0.0,1,1,H,0.04954954954954955,-63.6,-39.5,15.0,14.0,0.5172413793103449,3.0387282727816154,27,29,15,14,0.04662742473395372,1,0,0,0,0,0,0,0,0,-1,0,0,0,0,0
1aax,A,21,GLN,-3.5,143.8,0.0,2,2,H,0.4494949494949495,-66.5,-34.6,4.0,16.0,0.2,1.9869105196837415,18,25,14,11,0.03683566553982344,1,0,0,0,0,0,0,0,0,-1,0,0,0,0,0
1aax,A,22,ASP,-3.5,111.1,-1.0,1,3,H,0.5705521472392638,-64.9,-37.5,6.0,11.0,0.35294117647058826,1.8556393976032697,16,26,9,17,0.0363693912924839,1,0,0,0,0,0,0,0,0,-1,0,0,0,0,0
1aax,A,23,ILE,4.5,166.7,0.0,0,0,H,0.0,-63.6,-44.7,21.0,8.0,0.7241379310344828,3.1282476604996354,29,44,19,25,0.045228601991935104,1,0,0,0,0,0,0,0,0,13,4,10,0,0,1
1aax,A,24,ARG,-4.5,173.4,1.0,5,0,H,0.5120967741935484,-60.5,-36.9,11.0,14.0,0.44,2.017028057068065,21,17,15,2,0.03963331102386066,1,0,0,0,0,0,0,0,0,-1,0,0,0,0,0
1aax,A,25,HIS,-3.2,153.2,0.1,2,1,H,0.8967391304347826,-66.9,-34.7,5.0,10.0,0.3333333333333333,1.781411541047968,12,12,17,-5,0.028909003335051305,1,0,0,0,0,0,0,0,0,15,24,0,0,0,1
1aax,A,26,GLU,-3.5,138.4,-1.0,1,3,H,0.5824742268041238,-91.8,-11.3,9.0,10.0,0.47368421052631576,1.7983870079788384,18,40,10,30,0.02611135785101408,1,0,0,0,0,0,0,0,0,15,24,0,0,0,1
1aax,A,27,ALA,1.8,88.6,0.0,0,0,-,0.2358490566037736,-55.5,147.3,16.0,9.0,0.64,1.9530373509600498,23,44,26,18,0.03403802005578621,0,0,0,0,0,0,0,0,0,-1,0,0,0,0,0
1aax,A,28,SER,-0.8,89.0,0.0,1,1,-,0.3076923076923077,-63.4,154.2,13.0,7.0,0.65,1.7975151105563125,21,39,19,20,0.03310547156110714,0,0,0,0,0,0,0,0,0,-1,0,0,0,0,0
1aax,A,29,ASP,-3.5,111.1,-1.0,1,3,-,0.9386503067484663,-136.7,107.0,3.0,17.0,0.15,1.672013832228894,15,18,4,14,0.025178809356335007,0,0,0,0,0,0,0,0,0,-1,0,0,0,0,0
1aax,A,30,PHE,2.8,189.9,0.0,0,0,-,0.41624365482233505,-122.2,159.5,15.0,5.0,0.75,1.9625304396147543,19,27,17,10,0.03124037457174899,0,0,0,0,0,0,0,0,0,-1,0,0,0,0,0
1aax,A,31,PRO,-1.6,112.7,0.0,0,0,-,0.6176470588235294,-71.7,153.0,3.0,17.0,0.15,2.081633984516403,17,30,16,14,0.02984155182973038,0,0,0,0,0,0,0,0,0,0,7111,11,0,1012,1
1aax,A,32,CYS,2.5,108.5,0.0,1,0,-,0.14814814814814814,-131.5,49.7,18.0,10.0,0.6428571428571429,1.8740153581658248,26,37,16,21,0.040099585271200194,0,0,0,0,0,0,0,0,0,9,24,13,0,3,1
1aax,A,33,ARG,-4.5,173.4,1.0,5,0,T,0.7862903225806451,-57.0,-48.1,1.0,17.0,0.05555555555555555,1.8228312187401792,14,11,8,3,0.02984155182973038,0,0,0,0,0,1,0,0,0,0,7111,11,0,1012,1
1aax,A,34,VAL,4.2,140.0,0.0,0,0,T,0.21830985915492956,-62.5,-40.2,14.0,14.0,0.5,2.515550167635522,25,48,16,32,0.03776821403450251,0,0,0,0,0,1,0,0,0,0,7111,11,0,1012,1
1aax,A,35,ALA,1.8,88.6,0.0,0,0,T,0.009433962264150943,-59.2,-39.0,20.0,15.0,0.5714285714285714,3.173759709321209,32,56,12,44,0.05175644145468863,0,0,0,0,0,1,0,0,0,0,7111,11,0,1012,1
1aax,A,36,LYS,-3.9,168.6,1.0,2,0,T,0.551219512195122,-84.3,1.2,8.0,16.0,0.3333333333333333,1.985467191007019,23,32,8,24,0.03590311704514436,0,0,0,0,0,1,0,0,0,0,7111,11,0,1012,1
1aax,A,37,LEU,3.8,166.7,0.0,0,0,S,0.4573170731707317,-62.4,140.8,10.0,9.0,0.5263157894736842,1.946241133412446,17,46,4,42,0.02984155182973038,0,0,0,0,0,0,1,0,0,-1,0,0,0,0,0
1aax,A,38,PRO,-1.6,112.7,0.0,0,0,G,0.8382352941176471,-51.7,-41.6,0.0,13.0,0.0,1.9048704339354925,13,29,0,29,0.02331371236697686,0,0,0,1,0,0,0,0,0,-1,0,0,0,0,0
1aax,A,39,LYS,-3.9,168.6,1.0,2,0,G,0.6048780487804878,-62.4,-16.7,6.0,10.0,0.375,1.8707695520119456,15,23,9,14,0.027043906345693154,0,0,0,1,0,0,0,0,0,-1,0,0,0,0,0
1aax,A,40,ASN,-3.5,114.1,0.0,2,2,G,0.0,-100.5,1.0,17.0,8.0,0.68,2.5647501668214776,28,49,7,42,0.043829779249916496,0,0,0,1,0,0,0,0,0,-1,0,0,0,0,0
1aax,A,41,LYS,-3.9,168.6,1.0,2,0,G,0.5951219512195122,-46.2,-49.9,2.0,21.0,0.08695652173913043,1.94294235736446,21,36,1,35,0.032639197313767604,0,0,0,1,0,0,0,0,0,-1,0,0,0,0,0
1aax,A,42,ASN,-3.5,114.1,0.0,2,2,G,0.6305732484076433,-75.5,3.6,4.0,16.0,0.2,1.762722049563088,18,36,0,36,0.027043906345693154,0,0,0,1,0,0,0,0,0,-1,0,0,0,0,0
1aax,A,43,ARG,-4.5,173.4,1.0,5,0,G,0.13306451612903225,-102.5,-0.4,20.0,14.0,0.5882352941176471,2.8465254841057437,32,31,7,24,0.04662742473395372,0,0,0,1,0,0,0,0,0,-1,0,0,0,0,0
1aax,A,44,ASN,-3.5,114.1,0.0,2,2,-,0.12738853503184713,-111.7,128.4,15.0,19.0,0.4411764705882353,2.4576273477520068,33,53,4,49,0.04709369898129325,0,0,0,0,0,0,0,0,0,-1,0,0,0,0,0
1aax,A,45,ARG,-4.5,173.4,1.0,5,0,S,0.18951612903225806,-74.7,-41.4,20.0,11.0,0.6451612903225806,2.184625713601014,30,22,1,21,0.03963331102386066,0,0,0,0,0,0,1,0,0,-1,0,0,0,0,0
1aax,A,46,TYR,-1.3,193.6,0.0,1,1,-,0.32882882882882886,-123.0,129.8,13.0,12.0,0.52,1.9249921016935987,28,38,8,30,0.0363693912924839,0,0,0,0,0,0,0,0,0,-1,0,0,0,0,0
1aax,A,47,ARG,-4.5,173.4,1.0,5,0,T,0.6693548387096774,-55.9,-36.2,0.0,19.0,0.0,1.894295779271488,10,16,8,8,0.027510180593032695,0,0,0,0,0,1,0,0,0,-1,0,0,0,0,0
1aax,A,48,ASP,-3.5,111.1,-1.0,1,3,T,0.6687116564417178,-94.8,10.0,1.0,18.0,0.05263157894736842,1.6720239637011303,16,21,0,21,0.022381163872297785,0,0,0,0,0,1,0,0,0,9,24,13,0,3,1
1aax,A,49,VAL,4.2,140.0,0.0,0,0,-,0.1056338028169014,-128.9,108.5,19.0,11.0,0.6333333333333333,2.6330255422926263,31,32,8,24,0.040099585271200194,0,0,0,0,0,0,0,0,0,9,24,13,0,3,1
1aax,A,50,SER,-0.8,89.0,0.0,1,1,-,0.03076923076923077,-136.5,157.1,18.0,23.0,0.43902439024390244,2.607514290516419,37,40,16,24,0.045228601991935104,0,0,0,0,0,0,0,0,0,9,24,13,0,3,1
1aax,A,51,PRO,-1.6,112.7,0.0,0,0,-,0.0,-86.1,138.4,24.0,21.0,0.5333333333333333,5.452577373537571,40,49,10,39,0.053155264196707235,0,0,0,0,0,0,0,0,0,9,24,13,0,3,1
1aax,A,52,PHE,2.8,189.9,0.0,0,0,-,0.01015228426395939,-63.9,147.5,15.0,19.0,0.4411764705882353,3.4076146875414737,31,44,16,28,0.04989134446533048,0,0,0,0,0,0,0,0,0,9,24,13,0,3,1
1aax,A,53,ASP,-3.5,111.1,-1.0,1,3,T,0.2392638036809816,-62.3,-38.5,7.0,21.0,0.25,1.9551058282684695,26,42,3,39,0.04149840801321881,0,0,0,0,0,1,0,0,0,0,7111,11,0,1012,1
1aax,A,54,HIS,-3.2,153.2,0.1,2,1,T,0.5869565217391305,-62.2,-33.0,9.0,15.0,0.375,1.807164424656427,23,26,10,16,0.028909003335051305,0,0,0,0,0,1,0,0,0,-1,0,0,0,0,0
1aax,A,55,SER,-0.8,89.0,0.0,1,1,T,0.06923076923076923,-113.1,8.6,20.0,12.0,0.625,2.1185358287275013,28,52,8,44,0.03963331102386066,0,0,0,0,0,1,0,0,0,-1,0,0,0,0,0
1aax,A,56,ARG,-4.5,173.4,1.0,5,0,E,0.125,-68.8,151.6,16.0,17.0,0.48484848484848486,2.226442115005856,27,25,16,9,0.043829779249916496,0,0,1,0,0,0,0,0,0,0,7111,11,0,1012,1
1aax,A,57,ILE,4.5,166.7,0.0,0,0,E,0.047337278106508875,-87.0,126.7,21.0,16.0,0.5675675675675675,2.52524921646882,33,37,22,15,0.045694876239274644,0,0,1,0,0,0,0,0,0,-1,0,0,0,0,0
1aax,A,58,LYS,-3.9,168.6,1.0,2,0,E,0.6048780487804878,-97.7,131.1,8.0,22.0,0.26666666666666666,1.9667902326770148,22,25,20,5,0.03963331102386066,0,0,1,0,0,0,0,0,0,-1,0,0,0,0,0
1aax,A,59,LEU,3.8,166.7,0.0,0,0,P,0.024390243902439025,-76.1,145.3,17.0,9.0,0.6538461538461539,3.477027401001853,27,45,37,8,0.045694876239274644,0,0,0,0,0,0,0,0,0,-1,0,0,0,0,0
1aax,A,60,HIS,-3.2,153.2,0.1,2,1,S,0.6684782608695652,-84.7,83.5,6.0,13.0,0.3157894736842105,1.816845638849098,19,10,33,-23,0.028909003335051305,0,0,0,0,0,0,1,0,0,-1,0,0,0,0,0
1aax,A,61,GLN,-3.5,143.8,0.0,2,2,-,0.2777777777777778,-162.0,151.8,12.0,3.0,0.8,1.78764997409754,20,34,42,-8,0.02984155182973038,0,0,0,0,0,0,0,0,0,-1,0,0,0,0,0
1aax,A,62,GLU,-3.5,138.4,-1.0,1,3,S,0.9536082474226805,-88.5,-10.6,0.0,8.0,0.0,1.7084957711719055,8,6,16,-10,0.020049792635600097,0,0,0,0,0,0,1,0,0,-1,0,0,0,0,0
1aax,A,63,ASP,-3.5,111.1,-1.0,1,3,S,0.6932515337423313,-76.3,-65.9,3.0,9.0,0.25,1.7427098802204655,13,15,21,-6,0.021914889624958248,0,0,0,0,0,0,1,0,0,-1,0,0,0,0,0
1aax,A,64,ASN,-3.5,114.1,0.0,2,2,-,0.12101910828025478,-155.4,107.9,12.0,8.0,0.6,2.0714581412858166,21,40,26,14,0.03310547156110714,0,0,0,0,0,0,0,0,0,-1,0,0,0,0,0
1aax,A,65,ASP,-3.5,111.1,-1.0,1,3,-,0.26993865030674846,-86.9,6.4,10.0,16.0,0.38461538461538464,2.2137615961241677,22,47,20,27,0.045228601991935104,0,0,0,0,0,0,0,0,0,-1,0,0,0,0,0
1aax,A,66,TYR,-1.3,193.6,0.0,1,1,E,0.0,-80.9,134.7,19.0,19.0,0.5,3.9969425214425427,37,63,13,50,0.048958795970651406,0,0,1,0,0,0,0,0,0,0,7111,11,0,1012,1
1aax,A,67,ILE,4.5,166.7,0.0,0,0,E,0.04142011834319527,-147.7,138.3,26.0,21.0,0.5531914893617021,6.882191382536445,44,44,18,26,0.05408781269138631,0,0,1,0,0,0,0,0,0,-1,0,0,0,0,0
1aax,A,68,ASN,-3.5,114.1,0.0,2,2,E,0.006369426751592357,-75.4,83.8,26.0,22.0,0.5416666666666666,7.677770902590369,47,42,3,39,0.05035761871267001,0,0,1,0,0,0,0,0,0,-1,0,0,0,0,0
1aax,A,69,ALA,1.8,88.6,0.0,0,0,E,0.0,-153.5,143.0,22.0,28.0,0.44,6.2499800346922125,40,34,6,28,0.05175644145468863,0,0,1,0,0,0,0,0,0,-1,0,0,0,0,0
1aax,A,70,SER,-0.8,89.0,0.0,1,1,E,0.0,-127.1,145.7,26.0,19.0,0.5777777777777777,5.094820330259031,41,37,4,33,0.05455408693872585,0,0,1,0,0,0,0,0,0,-1,0,0,0,0,0
1aax,A,71,LEU,3.8,166.7,0.0,0,0,E,0.3048780487804878,-96.9,112.3,14.0,23.0,0.3783783783783784,2.2306086648055694,31,38,3,35,0.04755997322863279,0,0,1,0,0,0,0,0,0,-1,0,0,0,0,0
1aax,A,72,ILE,4.5,166.7,0.0,0,0,E,0.005917159763313609,-93.6,97.6,25.0,18.0,0.5813953488372093,4.69895229050154,38,44,10,34,0.04989134446533048,0,0,1,0,0,0,0,0,0,-1,0,0,0,0,0
1aax,A,73,LYS,-3.9,168.6,1.0,2,0,E,0.5073170731707317,-97.2,100.8,7.0,23.0,0.23333333333333334,2.119741307462777,20,13,21,-8,0.03870076252918159,0,0,1,0,0,0,0,0,0,-1,0,0,0,0,0
1aax,A,74,MET,1.9,162.9,0.0,0,0,E,0.05851063829787234,-86.1,95.5,20.0,7.0,0.7407407407407407,2.127559194338208,28,29,30,-1,0.04476232774459557,0,0,1,0,0,0,0,0,0,-1,0,0,0,0,0
1aax,A,75,GLU,-3.5,138.4,-1.0,1,3,T,0.7577319587628866,-56.5,-53.3,2.0,15.0,0.11764705882352941,1.741900515280231,13,18,15,3,0.029375277582390842,0,0,0,0,0,1,0,0,0,-1,0,0,0,0,0
1aax,A,76,GLU,-3.5,138.4,-1.0,1,3,T,0.7010309278350515,-62.6,-47.7,11.0,9.0,0.55,1.7532001834102433,17,24,14,10,0.02611135785101408,0,0,0,0,0,1,0,0,0,-1,0,0,0,0,0
1aax,A,77,ALA,1.8,88.6,0.0,0,0,T,0.018867924528301886,-71.5,-19.8,20.0,6.0,0.7692307692307693,2.0481197988073956,27,31,30,1,0.03823448828184205,0,0,0,0,0,1,0,0,0,-1,0,0,0,0,0
1aax,A,78,GLN,-3.5,143.8,0.0,2,2,T,0.7121212121212122,67.1,36.5,7.0,14.0,0.3333333333333333,1.8638993438224059,15,25,18,7,0.029375277582390842,0,0,0,0,0,1,0,0,0,-1,0,0,0,0,0
1aax,A,79,ARG,-4.5,173.4,1.0,5,0,E,0.16532258064516128,-138.4,144.3,16.0,14.0,0.5333333333333333,1.937660350812337,35,20,18,2,0.040565859518539735,0,0,1,0,0,0,0,0,0,-1,0,0,0,0,0
1aax,A,80,SER,-0.8,89.0,0.0,1,1,E,0.2846153846153846,-125.7,153.4,12.0,22.0,0.35294117647058826,1.8450127861928112,32,25,8,17,0.04103213376587927,0,0,1,0,0,0,0,0,0,-1,0,0,0,0,0
1aax,A,81,TYR,-1.3,193.6,0.0,1,1,E,0.0,-140.1,153.2,20.0,27.0,0.425531914893617,4.04120895676041,40,18,9,9,0.04755997322863279,0,0,1,0,0,0,0,0,0,-1,0,0,0,0,0
1aax,A,82,ILE,4.5,166.7,0.0,0,0,E,0.0,-113.2,116.6,22.0,24.0,0.4782608695652174,5.0820860208019285,39,26,0,26,0.04942507021799094,0,0,1,0,0,0,0,0,0,-1,0,0,0,0,0
1aax,A,83,LEU,3.8,166.7,0.0,0,0,E,0.006097560975609756,-101.2,130.0,28.0,25.0,0.5283018867924528,7.7092569095257275,47,24,0,24,0.05408781269138631,0,0,1,0,0,0,0,0,0,-1,0,0,0,0,0
1aax,A,84,THR,-0.7,116.1,0.0,1,1,E,0.014084507042253521,-143.0,163.3,28.0,27.0,0.509090909090909,7.877297179469162,47,24,0,24,0.05595290968074446,0,0,1,0,0,0,0,0,0,-1,0,0,0,0,0
1aax,A,85,GLN,-3.5,143.8,0.0,2,2,P,0.025252525252525252,-80.3,163.7,20.0,24.0,0.45454545454545453,6.206154822845317,42,39,0,39,0.053155264196707235,0,0,0,0,0,0,0,0,0,-1,0,0,0,0,0
1aax,A,86,GLY,-0.4,60.1,0.0,0,0,P,0.0,-66.3,126.0,21.0,24.0,0.4666666666666667,5.440299859066766,44,39,0,39,0.053621538444046775,0,0,0,0,0,0,0,0,0,-1,0,0,0,0,0
1aax,A,87,PRO,-1.6,112.7,0.0,0,0,P,0.022058823529411766,-55.0,145.5,18.0,23.0,0.43902439024390244,4.978280223301881,41,38,0,38,0.053621538444046775,0,0,0,0,0,0,0,0,0,11,26,8,0,2,1
1aax,A,88,LEU,3.8,166.7,0.0,0,0,P,0.1402439024390244,-89.7,166.6,11.0,17.0,0.39285714285714285,2.6825092934548005,28,34,0,34,0.040565859518539735,0,0,0,0,0,0,0,0,0,11,26,8,0,2,1
1aax,A,89,PRO,-1.6,112.7,0.0,0,0,T,0.8308823529411765,-52.9,-32.1,2.0,20.0,0.09090909090909091,1.9697149037469226,22,17,1,16,0.027510180593032695,0,0,0,0,0,1,0,0,0,11,26,8,0,2,1
1aax,A,90,ASN,-3.5,114.1,0.0,2,2,T,0.4140127388535032,-94.5,-4.2,6.0,19.0,0.24,1.7478805884707804,22,27,4,23,0.02984155182973038,0,0,0,0,0,1,0,0,0,11,26,8,0,2,1
1aax,A,91,THR,-0.7,116.1,0.0,1,1,T,0.035211267605633804,-114.6,11.2,21.0,14.0,0.6,3.3527326186409367,30,28,8,20,0.043363505002576956,0,0,0,0,0,1,0,0,0,11,26,8,0,2,1
1aax,A,92,CYS,2.5,108.5,0.0,1,0,H,0.08888888888888889,-63.3,-43.2,15.0,19.0,0.4411764705882353,2.3446158904189582,31,11,14,-3,0.05035761871267001,1,0,0,0,0,0,0,0,0,11,26,8,0,2,1
1aax,A,93,GLY,-0.4,60.1,0.0,0,0,H,0.03571428571428571,-62.7,-39.5,8.0,25.0,0.24242424242424243,2.8251433968752653,31,17,26,-9,0.048492521723311866,1,0,0,0,0,0,0,0,0,-1,0,0,0,0,0
1aax,A,94,HIS,-3.2,153.2,0.1,2,1,H,0.07065217391304347,-64.6,-39.8,19.0,18.0,0.5135135135135135,3.3679444647070134,35,16,27,-11,0.045694876239274644,1,0,0,0,0,0,0,0,0,-1,0,0,0,0,0
1aax,A,95,PHE,2.8,189.9,0.0,0,0,H,0.01015228426395939,-58.3,-50.5,22.0,24.0,0.4782608695652174,7.519935238234242,44,20,9,11,0.05035761871267001,1,0,0,0,0,0,0,0,0,-1,0,0,0,0,0
1aax,A,96,TRP,-0.9,227.8,0.0,1,0,H,0.0,-71.2,-26.6,22.0,20.0,0.5238095238095238,6.134471359125437,41,19,18,1,0.048492521723311866,1,0,0,0,0,0,0,0,0,-1,0,0,0,0,0
1aax,A,97,GLU,-3.5,138.4,-1.0,1,3,H,0.07216494845360824,-66.2,-42.2,19.0,17.0,0.5277777777777778,2.15358219945381,31,27,23,4,0.048026247475972325,1,0,0,0,0,0,0,0,0,-1,0,0,0,0,0
1aax,A,98,MET,1.9,162.9,0.0,0,0,H,0.0,-62.0,-47.4,24.0,16.0,0.6,5.473910860195242,41,30,20,10,0.053155264196707235,1,0,0,0,0,0,0,0,0,-1,0,0,0,0,0
1aax,A,99,VAL,4.2,140.0,0.0,0,0,H,0.0,-56.4,-43.5,23.0,21.0,0.5227272727272727,5.38978834154998,37,27,21,6,0.05222271570202816,1,0,0,0,0,0,0,0,0,-1,0,0,0,0,0
1aax,A,100,TRP,-0.9,227.8,0.0,1,0,H,0.1145374449339207,-65.2,-56.6,20.0,17.0,0.5405405405405406,2.6404577123369206,31,30,37,-7,0.04755997322863279,1,0,0,0,0,0,0,0,0,10,60,4,0,3,1
1aax,A,101,GLU,-3.5,138.4,-1.0,1,3,H,0.19072164948453607,-60.0,-36.2,12.0,15.0,0.4444444444444444,2.123678504475759,25,32,10,22,0.03730193978716297,1,0,0,0,0,0,0,0,0,-1,0,0,0,0,0
1aax,A,102,GLN,-3.5,143.8,0.0,2,2,T,0.2474747474747475,-85.7,-1.4,23.0,6.0,0.7931034482758621,1.9930552285775631,29,35,17,18,0.03963331102386066,0,0,0,0,0,1,0,0,0,-1,0,0,0,0,0
1aax,A,103,LYS,-3.9,168.6,1.0,2,0,T,0.6390243902439025,60.2,34.3,5.0,24.0,0.1724137931034483,1.9667979198585128,24,27,17,10,0.03823448828184205,0,0,0,0,0,1,0,0,0,-1,0,0,0,0,0
1aax,A,104,SER,-0.8,89.0,0.0,1,1,-,0.023076923076923078,-68.8,144.0,22.0,12.0,0.6470588235294118,2.9253950049932023,32,39,15,24,0.04755997322863279,0,0,0,0,0,0,0,0,0,-1,0,0,0,0,0
1aax,A,105,ARG,-4.5,173.4,1.0,5,0,-,0.22580645161290322,-104.2,-24.7,12.0,27.0,0.3076923076923077,2.1776661751365816,30,32,17,15,0.045228601991935104,0,0,0,0,0,0,0,0,0,-1,0,0,0,0,0
1aax,A,106,GLY,-0.4,60.1,0.0,0,0,E,0.0,-135.9,155.0,18.0,23.0,0.43902439024390244,5.321502702742591,41,42,7,35,0.053621538444046775,0,0,1,0,0,0,0,0,0,-1,0,0,0,0,0
1aax,A,107,VAL,4.2,140.0,0.0,0,0,E,0.0,-129.5,120.2,23.0,23.0,0.5,8.040634125066946,40,42,2,40,0.0526889899493677,0,0,1,0,0,0,0,0,0,-1,0,0,0,0,0
1aax,A,108,VAL,4.2,140.0,0.0,0,0,E,0.0,-103.9,117.0,22.0,25.0,0.46808510638297873,8.355002365843093,42,38,0,38,0.053621538444046775,0,0,1,0,0,0,0,0,0,-1,0,0,0,0,0
1aax,A,109,MET,1.9,162.9,0.0,0,0,E,0.0,-108.7,120.5,21.0,25.0,0.45652173913043476,5.405023097317149,43,54,3,51,0.053621538444046775,0,0,1,0,0,0,0,0,0,-1,0,0,0,0,0
1aax,A,110,LEU,3.8,166.7,0.0,0,0,-,0.0,-104.5,4.4,28.0,19.0,0.5957446808510638,4.4574449154098215,44,41,7,34,0.058750555164781684,0,0,0,0,0,0,0,0,0,-1,0,0,0,0,0
1aax,A,111,ASN,-3.5,114.1,0.0,2,2,S,0.006369426751592357,-127.6,-179.6,25.0,18.0,0.5813953488372093,3.36171626939497,40,60,16,44,0.05735173242276307,0,0,0,0,0,0,1,0,0,-1,0,0,0,0,0
1aax,A,112,ARG,-4.5,173.4,1.0,5,0,-,0.4879032258064516,-115.7,158.5,12.0,21.0,0.36363636363636365,2.0940038491570983,27,30,14,16,0.04289723075523742,0,0,0,0,0,0,0,0,0,17,0,9,0,0,1
1aax,A,113,VAL,4.2,140.0,0.0,0,0,S,0.23943661971830985,-58.7,-39.1,6.0,24.0,0.2,2.264508931853838,29,37,9,28,0.043363505002576956,0,0,0,0,0,0,1,0,0,-1,0,0,0,0,0
1aax,A,114,MET,1.9,162.9,0.0,0,0,E,0.5,-122.5,127.9,2.0,17.0,0.10526315789473684,1.9024755342839126,17,28,10,18,0.03450429430312575,0,0,1,0,0,0,0,0,0,17,0,9,0,0,1
1aax,A,115,GLU,-3.5,138.4,-1.0,1,3,E,0.030927835051546393,-140.0,136.9,16.0,5.0,0.7619047619047619,2.1038798442009266,26,37,8,29,0.03683566553982344,0,0,1,0,0,0,0,0,0,17,0,9,0,0,1
1aax,A,116,LYS,-3.9,168.6,1.0,2,0,T,0.7707317073170732,52.7,39.6,5.0,7.0,0.4166666666666667,1.8708094202792713,14,16,17,-1,0.02098234113027917,0,0,0,0,0,1,0,0,0,1,1746,11,0,201,1
1aax,A,117,GLY,-0.4,60.1,0.0,0,0,T,0.8214285714285714,69.8,8.8,0.0,8.0,0.0,1.7095117983358887,9,19,9,10,0.019117244140921023,0,0,0,0,0,1,0,0,0,-1,0,0,0,0,0
1aax,A,118,SER,-0.8,89.0,0.0,1,1,E,0.3923076923076923,-123.4,148.4,4.0,9.0,0.3076923076923077,2.2271812483978635,14,32,13,19,0.02331371236697686,0,0,1,0,0,0,0,0,0,-1,0,0,0,0,0
1aax,A,119,LEU,3.8,166.7,0.0,0,0,E,0.6585365853658537,-83.1,105.8,7.0,11.0,0.3888888888888889,1.912138895298064,19,25,9,16,0.03124037457174899,0,0,1,0,0,0,0,0,0,-1,0,0,0,0,0
1aax,A,120,LYS,-3.9,168.6,1.0,2,0,-,0.17560975609756097,-92.0,-4.7,16.0,13.0,0.5517241379310345,2.4029045868121646,27,35,16,19,0.04429605349725603,0,0,0,0,0,0,0,0,0,-1,0,0,0,0,0
1aax,A,121,CYS,2.5,108.5,0.0,1,0,S,0.022222222222222223,-172.1,145.4,19.0,13.0,0.59375,2.598569226427109,32,39,8,31,0.048958795970651406,0,0,0,0,0,0,1,0,0,-1,0,0,0,0,0
1aax,A,122,ALA,1.8,88.6,0.0,0,0,-,0.1509433962264151,-76.4,160.7,12.0,15.0,0.4444444444444444,2.2721362442929265,32,25,0,25,0.04103213376587927,0,0,0,0,0,0,0,0,0,11,26,8,0,2,1
1aax,A,123,GLN,-3.5,143.8,0.0,2,2,-,0.3181818181818182,-82.9,84.7,5.0,19.0,0.20833333333333334,1.9409289621239063,28,21,0,21,0.03403802005578621,0,0,0,0,0,0,0,0,0,14,2,7,0,0,1
1aax,A,124,TYR,-1.3,193.6,0.0,1,1,-,0.0,-86.9,-2.5,18.0,14.0,0.5625,5.08531851200705,38,30,0,30,0.04755997322863279,0,0,0,0,0,0,0,0,0,-1,0,0,0,0,0
1aax,A,125,TRP,-0.9,227.8,0.0,1,0,S,0.02643171806167401,-131.0,154.9,17.0,23.0,0.425,2.8583257313071377,32,40,4,36,0.048026247475972325,0,0,0,0,0,0,1,0,0,14,2,7,0,0,1
1aax,A,126,PRO,-1.6,112.7,0.0,0,0,-,0.022058823529411766,-69.8,136.7,20.0,7.0,0.7407407407407407,2.7745710671261277,26,34,32,2,0.04616115048661418,0,0,0,0,0,0,0,0,0,14,2,7,0,0,1
1aax,A,127,GLN,-3.5,143.8,0.0,2,2,S,0.6212121212121212,-92.2,-13.9,2.0,19.0,0.09523809523809523,1.8042376989794064,21,28,22,6,0.03450429430312575,0,0,0,0,0,0,1,0,0,14,2,7,0,0,1
1aax,A,128,LYS,-3.9,168.6,1.0,2,0,S,0.6048780487804878,-138.1,137.5,2.0,16.0,0.1111111111111111,2.146534656503418,14,11,29,-18,0.03310547156110714,0,0,0,0,0,0,1,0,0,14,2,7,0,0,1
1aax,A,129,GLU,-3.5,138.4,-1.0,1,3,T,0.4484536082474227,-50.0,-48.5,4.0,14.0,0.2222222222222222,1.8284895032327766,18,17,27,-10,0.03357174580844668,0,0,0,0,0,1,0,0,0,3,355,5,0,24,1
1aax,A,130,GLU,-3.5,138.4,-1.0,1,3,T,0.6907216494845361,-75.0,-4.8,0.0,12.0,0.0,1.7630374596113385,11,18,18,0,0.023779986614316396,0,0,0,0,0,1,0,0,0,3,355,5,0,24,1
1aax,A,131,LYS,-3.9,168.6,1.0,2,0,S,0.7268292682926829,-117.9,72.7,4.0,10.0,0.2857142857142857,1.9887352447332458,12,9,26,-17,0.028909003335051305,0,0,0,0,0,0,1,0,0,3,355,5,0,24,1
1aax,A,132,GLU,-3.5,138.4,-1.0,1,3,-,0.4690721649484536,-71.4,160.3,11.0,10.0,0.5238095238095238,1.8185707721508726,20,23,19,4,0.03823448828184205,0,0,0,0,0,0,0,0,0,3,355,5,0,24,1
1aax,A,133,MET,1.9,162.9,0.0,0,0,E,0.2712765957446808,-111.9,137.3,16.0,12.0,0.5714285714285714,2.2799279011749682,26,20,22,-2,0.03683566553982344,0,0,1,0,0,0,0,0,0,3,355,5,0,24,1
1aax,A,134,ILE,4.5,166.7,0.0,0,0,E,0.3727810650887574,-116.9,128.5,3.0,21.0,0.125,1.9490876684244942,21,12,33,-21,0.034970568550465285,0,0,1,0,0,0,0,0,0,4,356,4,0,16,1
1aax,A,135,PHE,2.8,189.9,0.0,0,0,E,0.08121827411167512,-105.0,94.6,22.0,6.0,0.7857142857142857,2.4726400672919486,30,15,33,-18,0.040099585271200194,0,0,1,0,0,0,0,0,0,4,356,4,0,16,1
1aax,A,136,GLU,-3.5,138.4,-1.0,1,3,T,0.788659793814433,-54.3,-43.5,1.0,18.0,0.05263157894736842,1.7085206172864826,10,3,8,-5,0.025645083603674543,0,0,0,0,0,1,0,0,0,4,356,4,0,16,1
1aax,A,137,ASP,-3.5,111.1,-1.0,1,3,T,0.6073619631901841,-60.4,-43.5,11.0,10.0,0.5238095238095238,1.672129637036769,22,14,19,-5,0.022847438119637322,0,0,0,0,0,1,0,0,0,4,356,4,0,16,1
1aax,A,138,THR,-0.7,116.1,0.0,1,1,T,0.176056338028169,-100.8,1.4,25.0,7.0,0.78125,2.083933285260311,28,18,33,-15,0.034970568550465285,0,0,0,0,0,1,0,0,0,4,356,4,0,16,1
1aax,A,139,ASN,-3.5,114.1,0.0,2,2,T,0.3885350318471338,56.9,54.4,6.0,17.0,0.2608695652173913,2.008140439233745,21,7,34,-27,0.03683566553982344,0,0,0,0,0,1,0,0,0,4,356,4,0,16,1
1aax,A,140,LEU,3.8,166.7,0.0,0,0,E,0.03048780487804878,-129.2,149.6,19.0,14.0,0.5757575757575758,3.041988684860323,31,12,44,-32,0.053155264196707235,0,0,1,0,0,0,0,0,0,4,356,4,0,16,1
1aax,A,141,LYS,-3.9,168.6,1.0,2,0,E,0.3024390243902439,-124.7,139.2,12.0,22.0,0.35294117647058826,2.3042307525658363,28,4,34,-30,0.045694876239274644,0,0,1,0,0,0,0,0,0,-1,0,0,0,0,0
1aax,A,142,LEU,3.8,166.7,0.0,0,0,E,0.0,-131.8,128.4,22.0,18.0,0.55,3.7395784153337823,34,19,31,-12,0.05455408693872585,0,0,1,0,0,0,0,0,0,3,355,5,0,24,1
1aax,A,143,THR,-0.7,116.1,0.0,1,1,E,0.20422535211267606,-127.2,138.5,10.0,22.0,0.3125,2.6989050192922206,29,24,43,-19,0.048026247475972325,0,0,1,0,0,0,0,0,0,3,355,5,0,24,1
1aax,A,144,LEU,3.8,166.7,0.0,0,0,E,0.006097560975609756,-80.0,123.5,14.0,14.0,0.5,3.0521055716367727,25,28,44,-16,0.050823892960009553,0,0,1,0,0,0,0,0,0,3,355,5,0,24,1
1aax,A,145,ILE,4.5,166.7,0.0,0,0,E,0.40236686390532544,-95.2,-41.6,12.0,13.0,0.48,2.1250929943633072,21,13,39,-26,0.03403802005578621,0,0,1,0,0,0,0,0,0,12,24,3,0,1,1
1aax,A,146,SER,-0.8,89.0,0.0,1,1,E,0.36923076923076925,-168.5,167.7,2.0,19.0,0.09523809523809523,2.052529593418688,21,19,33,-14,0.02984155182973038,0,0,1,0,0,0,0,0,0,12,24,3,0,1,1
1aax,A,147,GLU,-3.5,138.4,-1.0,1,3,E,0.38144329896907214,-152.6,141.7,16.0,7.0,0.6956521739130435,1.807558671338739,19,30,15,15,0.03683566553982344,0,0,1,0,0,0,0,0,0,12,24,3,0,1,1
1aax,A,148,ASP,-3.5,111.1,-1.0,1,3,E,0.44171779141104295,-118.5,103.2,8.0,13.0,0.38095238095238093,2.027352622343177,17,29,18,11,0.030307826077069916,0,0,1,0,0,0,0,0,0,7,47,9,0,4,1
1aax,A,149,ILE,4.5,166.7,0.0,0,0,E,0.6449704142011834,-91.1,129.5,0.0,18.0,0.0,1.92377300666287,16,27,26,1,0.03310547156110714,0,0,1,0,0,0,0,0,0,7,47,9,0,4,1
1aax,A,150,LYS,-3.9,168.6,1.0,2,0,-,0.22926829268292684,-120.7,178.6,19.0,4.0,0.8260869565217391,2.130820713730637,19,19,29,-10,0.03823448828184205,0,0,0,0,0,0,0,0,0,16,2,4,0,0,1
1aax,A,151,SER,-0.8,89.0,0.0,1,1,S,0.49230769230769234,-58.2,-43.6,6.0,12.0,0.3333333333333333,1.7396205089256576,19,20,23,-3,0.032172923066428064,0,0,0,0,0,0,1,0,0,16,2,4,0,0,1
1aax,A,152,TYR,-1.3,193.6,0.0,1,1,S,0.05405405405405406,-122.2,9.0,15.0,14.0,0.5172413793103449,2.35721629707609,32,27,22,5,0.040099585271200194,0,0,0,0,0,0,1,0,0,16,2,4,0,0,1
1aax,A,153,TYR,-1.3,193.6,0.0,1,1,E,0.0,-161.2,158.2,20.0,13.0,0.6060606060606061,3.125842174312044,30,41,22,19,0.05129016720734909,0,0,1,0,0,0,0,0,0,16,2,4,0,0,1
1aax,A,154,THR,-0.7,116.1,0.0,1,1,E,0.06338028169014084,-136.8,136.5,12.0,18.0,0.4,3.073181761155319,27,46,20,26,0.05129016720734909,0,0,1,0,0,0,0,0,0,7,47,9,0,4,1
1aax,A,155,VAL,4.2,140.0,0.0,0,0,E,0.14788732394366197,-110.9,128.5,10.0,21.0,0.3225806451612903,2.3404640046295304,29,48,18,30,0.05035761871267001,0,0,1,0,0,0,0,0,0,7,47,9,0,4,1
1aax,A,156,ARG,-4.5,173.4,1.0,5,0,E,0.0967741935483871,-117.6,147.0,16.0,16.0,0.5,2.432090220587112,33,22,21,1,0.05035761871267001,0,0,1,0,0,0,0,0,0,12,24,3,0,1,1
1aax,A,157,GLN,-3.5,143.8,0.0,2,2,E,0.29797979797979796,-107.7,120.6,6.0,24.0,0.2,2.2233927265741436,21,23,32,-9,0.04289723075523742,0,0,1,0,0,0,0,0,0,12,24,3,0,1,1
1aax,A,158,LEU,3.8,166.7,0.0,0,0,E,0.006097560975609756,-120.0,157.4,21.0,12.0,0.6363636363636364,4.132500831434023,33,34,26,8,0.05175644145468863,0,0,1,0,0,0,0,0,0,-1,0,0,0,0,0
1aax,A,159,GLU,-3.5,138.4,-1.0,1,3,E,0.37628865979381443,-122.9,115.9,11.0,22.0,0.3333333333333333,1.9088114701995014,25,16,26,-10,0.04476232774459557,0,0,1,0,0,0,0,0,0,-1,0,0,0,0,0
1aax,A,160,LEU,3.8,166.7,0.0,0,0,E,0.006097560975609756,-102.3,128.3,20.0,21.0,0.4878048780487805,3.9204480761646696,37,22,37,-15,0.05408781269138631,0,0,1,0,0,0,0,0,0,10,60,4,0,3,1
1aax,A,161,GLU,-3.5,138.4,-1.0,1,3,E,0.13917525773195877,-123.5,128.5,13.0,17.0,0.43333333333333335,2.4781627710136394,24,17,21,-4,0.04989134446533048,0,0,1,0,0,0,0,0,0,10,60,4,0,3,1
1aax,A,162,ASN,-3.5,114.1,0.0,2,2,E,0.17197452229299362,-83.1,99.6,12.0,17.0,0.41379310344827586,2.6883144230019105,20,16,30,-14,0.04709369898129325,0,0,1,0,0,0,0,0,0,10,60,4,0,3,1
1aax,A,163,LEU,3.8,166.7,0.0,0,0,T,0.3231707317073171,-57.0,-26.1,10.0,12.0,0.45454545454545453,2.163937819402427,18,9,19,-10,0.03730193978716297,0,0,0,0,0,1,0,0,0,4,356,4,0,16,1
1aax,A,164,THR,-0.7,116.1,0.0,1,1,T,0.7183098591549296,-69.1,-34.8,7.0,8.0,0.4666666666666667,1.9143013230893318,11,1,16,-15,0.025645083603674543,0,0,0,0,0,1,0,0,0,-1,0,0,0,0,0
1aax,A,165,THR,-0.7,116.1,0.0,1,1,T,0.5422535211267606,-112.2,-9.3,6.0,7.0,0.46153846153846156,1.977200664338142,13,3,18,-15,0.026577632098353617,0,0,0,0,0,1,0,0,0,10,60,4,0,3,1
1aax,A,166,GLN,-3.5,143.8,0.0,2,2,T,0.7727272727272727,64.2,16.9,0.0,13.0,0.0,1.8610930418399567,13,7,19,-12,0.029375277582390842,0,0,0,0,0,1,0,0,0,10,60,4,0,3,1
1aax,A,167,GLU,-3.5,138.4,-1.0,1,3,E,0.4690721649484536,-83.3,143.2,4.0,12.0,0.25,2.0225556205744954,16,13,14,-1,0.03357174580844668,0,0,1,0,0,0,0,0,0,10,60,4,0,3,1
1aax,A,168,THR,-0.7,116.1,0.0,1,1,E,0.49295774647887325,-126.9,151.8,6.0,14.0,0.3,1.866177161628432,18,18,33,-15,0.035436842797804825,0,0,1,0,0,0,0,0,0,10,60,4,0,3,1
1aax,A,169,ARG,-4.5,173.4,1.0,5,0,E,0.2217741935483871,-140.2,147.6,15.0,13.0,0.5357142857142857,1.9016764896286114,28,23,38,-15,0.03403802005578621,0,0,1,0,0,0,0,0,0,10,60,4,0,3,1
1aax,A,170,GLU,-3.5,138.4,-1.0,1,3,E,0.39690721649484534,-91.2,125.3,7.0,22.0,0.2413793103448276,1.7693573623093315,24,30,10,20,0.03776821403450251,0,0,1,0,0,0,0,0,0,-1,0,0,0,0,0
1aax,A,171,ILE,4.5,166.7,0.0,0,0,E,0.011834319526627219,-113.6,133.4,22.0,14.0,0.6111111111111112,3.664481404181575,37,44,19,25,0.04616115048661418,0,0,1,0,0,0,0,0,0,-1,0,0,0,0,0
1aax,A,172,LEU,3.8,166.7,0.0,0,0,E,0.12804878048780488,-101.4,131.1,14.0,25.0,0.358974358974359,3.5779139555982513,34,41,15,26,0.04755997322863279,0,0,1,0,0,0,0,0,0,-1,0,0,0,0,0
1aax,A,173,HIS,-3.2,153.2,0.1,2,1,E,0.0,-112.8,118.2,19.0,23.0,0.4523809523809524,5.604122171009602,39,30,11,19,0.05129016720734909,0,0,1,0,0,0,0,0,0,-1,0,0,0,0,0
1aax,A,174,PHE,2.8,189.9,0.0,0,0,E,0.015228426395939087,-108.1,110.5,19.0,22.0,0.4634146341463415,4.626837012169556,37,49,7,42,0.05035761871267001,0,0,1,0,0,0,0,0,0,-1,0,0,0,0,0
1aax,A,175,HIS,-3.2,153.2,0.1,2,1,E,0.05434782608695652,-111.3,106.8,14.0,21.0,0.4,3.601659381651038,33,41,5,36,0.05455408693872585,0,0,1,0,0,0,0,0,0,-1,0,0,0,0,0
1aax,A,176,TYR,-1.3,193.6,0.0,1,1,E,0.0,-87.3,112.5,25.0,16.0,0.6097560975609756,3.7365199080233418,35,29,6,23,0.05035761871267001,0,0,1,0,0,0,0,0,0,-1,0,0,0,0,0
1aax,A,177,THR,-0.7,116.1,0.0,1,1,-,0.23943661971830985,-100.1,2.2,11.0,20.0,0.3548387096774194,1.9751667600726819,25,33,4,29,0.043363505002576956,0,0,0,0,0,0,0,0,0,17,0,9,0,0,1
1aax,A,178,THR,-0.7,116.1,0.0,1,1,-,0.39436619718309857,-123.5,27.9,13.0,17.0,0.43333333333333335,1.8890746070391107,26,25,15,10,0.03916703677652112,0,0,0,0,0,0,0,0,0,-1,0,0,0,0,0
1aax,A,179,TRP,-0.9,227.8,0.0,1,0,-,0.013215859030837005,-106.7,103.3,20.0,10.0,0.6666666666666666,4.084194853908399,33,20,16,4,0.04709369898129325,0,0,0,0,0,0,0,0,0,1,1746,11,0,201,1
1aax,A,180,PRO,-1.6,112.7,0.0,0,0,-,0.5147058823529411,-63.6,144.0,7.0,17.0,0.2916666666666667,2.2013701094811844,21,26,21,5,0.034970568550465285,0,0,0,0,0,0,0,0,0,1,1746,11,0,201,1
1aax,A,181,ASP,-3.5,111.1,-1.0,1,3,T,0.1656441717791411,-64.0,141.0,14.0,18.0,0.4375,1.8316330443803406,23,33,9,24,0.0363693912924839,0,0,0,0,0,1,0,0,0,1,1746,11,0,201,1
1aax,A,182,PHE,2.8,189.9,0.0,0,0,T,0.6345177664974619,62.5,17.3,2.0,27.0,0.06896551724137931,1.8069436153685723,25,16,15,1,0.03590311704514436,0,0,0,0,0,1,0,0,0,1,1746,11,0,201,1
1aax,A,183,GLY,-0.4,60.1,0.0,0,0,-,0.20238095238095238,-119.6,-175.2,10.0,17.0,0.37037037037037035,2.3139651221100257,24,13,21,-8,0.03683566553982344,0,0,0,0,0,0,0,0,0,1,1746,11,0,201,1
1aax,A,184,VAL,4.2,140.0,0.0,0,0,-,0.28169014084507044,-126.8,159.3,13.0,21.0,0.38235294117647056,2.069005762431374,26,17,20,-3,0.04289723075523742,0,0,0,0,0,0,0,0,0,1,1746,11,0,201,1
1aax,A,185,PRO,-1.6,112.7,0.0,0,0,-,0.04411764705882353,-62.2,165.5,22.0,12.0,0.6470588235294118,2.8526329595541497,29,8,16,-8,0.043829779249916496,0,0,0,0,0,0,0,0,0,-1,0,0,0,0,0
1aax,A,186,GLU,-3.5,138.4,-1.0,1,3,S,0.8195876288659794,-57.7,-37.8,13.0,13.0,0.5,1.7085153640121087,19,8,0,8,0.028909003335051305,0,0,0,0,0,0,1,0,0,-1,0,0,0,0,0
1aax,A,187,SER,-0.8,89.0,0.0,1,1,-,0.25384615384615383,-165.3,159.6,10.0,16.0,0.38461538461538464,2.3483979316016836,23,4,14,-10,0.028909003335051305,0,0,0,0,0,0,0,0,0,-1,0,0,0,0,0
1aax,A,188,PRO,-1.6,112.7,0.0,0,0,H,0.23529411764705882,-55.1,-37.2,14.0,19.0,0.42424242424242425,2.4450252647331174,30,4,16,-12,0.04476232774459557,1,0,0,0,0,0,0,0,0,-1,0,0,0,0,0
1aax,A,189,ALA,1.8,88.6,0.0,0,0,H,0.07547169811320754,-59.1,-45.0,11.0,21.0,0.34375,2.9030714005063913,30,14,28,-14,0.04662742473395372,1,0,0,0,0,0,0,0,0,-1,0,0,0,0,0
1aax,A,190,SER,-0.8,89.0,0.0,1,1,H,0.023076923076923078,-63.8,-43.7,16.0,20.0,0.4444444444444444,3.1503711588265726,30,15,20,-5,0.053155264196707235,1,0,0,0,0,0,0,0,0,-1,0,0,0,0,0
1aax,A,191,PHE,2.8,189.9,0.0,0,0,H,0.0,-63.8,-50.9,21.0,22.0,0.4883720930232558,7.086275324293669,39,8,13,-5,0.05222271570202816,1,0,0,0,0,0,0,0,0,-1,0,0,0,0,0
1aax,A,192,LEU,3.8,166.7,0.0,0,0,H,0.0,-63.3,-34.6,24.0,19.0,0.5581395348837209,4.615435301397903,40,17,15,2,0.048958795970651406,1,0,0,0,0,0,0,0,0,-1,0,0,0,0,0
1aax,A,193,ASN,-3.5,114.1,0.0,2,2,H,0.06369426751592357,-63.1,-42.6,19.0,16.0,0.5428571428571428,2.131773390897753,31,29,26,3,0.05595290968074446,1,0,0,0,0,0,0,0,0,-1,0,0,0,0,0
1aax,A,194,PHE,2.8,189.9,0.0,0,0,H,0.0,-68.2,-46.2,29.0,16.0,0.6444444444444445,5.845469170103826,35,26,5,21,0.05129016720734909,1,0,0,0,0,0,0,0,0,-1,0,0,0,0,0
1aax,A,195,LEU,3.8,166.7,0.0,0,0,H,0.0,-59.4,-43.6,21.0,21.0,0.5,5.254108982835183,38,23,16,7,0.05035761871267001,1,0,0,0,0,0,0,0,0,-1,0,0,0,0,0
1aax,A,196,PHE,2.8,189.9,0.0,0,0,H,0.04060913705583756,-66.7,-23.0,17.0,15.0,0.53125,2.3682770606074763,33,23,22,1,0.04289723075523742,1,0,0,0,0,0,0,0,0,8,30,13,0,4,1
1aax,A,197,LYS,-3.9,168.6,1.0,2,0,H,0.3024390243902439,-71.8,-40.8,19.0,13.0,0.59375,2.0029264698507045,30,22,18,4,0.043829779249916496,1,0,0,0,0,0,0,0,0,8,30,13,0,4,1
1aax,A,198,VAL,4.2,140.0,0.0,0,0,H,0.0,-65.5,-47.6,21.0,13.0,0.6176470588235294,4.21533679018886,35,36,14,22,0.048492521723311866,1,0,0,0,0,0,0,0,0,8,30,13,0,4,1
1aax,A,199,ARG,-4.5,173.4,1.0,5,0,H,0.1814516129032258,-57.6,-48.8,11.0,16.0,0.4074074074074074,1.9795854416872525,30,13,21,-8,0.043363505002576956,1,0,0,0,0,0,0,0,0,8,30,13,0,4,1
1aax,A,200,GLU,-3.5,138.4,-1.0,1,3,H,0.6597938144329897,-54.0,-32.9,8.0,9.0,0.47058823529411764,1.708548412107737,19,19,0,19,0.02984155182973038,1,0,0,0,0,0,0,0,0,8,30,13,0,4,1
1aax,A,201,SER,-0.8,89.0,0.0,1,1,T,0.23846153846153847,-72.9,-14.0,20.0,5.0,0.8,2.006428687117047,25,37,15,22,0.032639197313767604,0,0,0,0,0,1,0,0,0,8,30,13,0,4,1
1aax,A,202,GLY,-0.4,60.1,0.0,0,0,T,0.19047619047619047,87.7,-5.3,5.0,17.0,0.22727272727272727,2.1189592468726994,23,38,18,20,0.032172923066428064,0,0,0,0,0,1,0,0,0,8,30,13,0,4,1
1aax,A,203,SER,-0.8,89.0,0.0,1,1,T,0.007692307692307693,-58.4,-30.3,21.0,11.0,0.65625,3.2189770033359384,34,43,20,23,0.048026247475972325,0,0,0,0,0,1,0,0,0,5,153,4,0,7,1
1aax,A,204,LEU,3.8,166.7,0.0,0,0,T,0.06707317073170732,-92.1,9.5,15.0,19.0,0.4411764705882353,2.0765242649237194,35,44,19,25,0.045694876239274644,0,0,0,0,0,1,0,0,0,5,153,4,0,7,1
1aax,A,205,SER,-0.8,89.0,0.0,1,1,S,0.24615384615384617,-80.7,145.0,8.0,14.0,0.36363636363636365,1.7751020630024155,22,39,14,25,0.032639197313767604,0,0,0,0,0,0,1,0,0,5,153,4,0,7,1
1aax,A,206,PRO,-1.6,112.7,0.0,0,0,T,0.8235294117647058,-61.5,-18.1,4.0,15.0,0.21052631578947367,1.8692387410094713,17,24,9,15,0.027510180593032695,0,0,0,0,0,1,0,0,0,5,153,4,0,7,1
1aax,A,207,GLU,-3.5,138.4,-1.0,1,3,T,0.711340206185567,-74.5,-10.2,1.0,15.0,0.0625,1.7277962156366131,13,20,0,20,0.018650969893581486,0,0,0,0,0,1,0,0,0,5,153,4,0,7,1
1aax,A,208,HIS,-3.2,153.2,0.1,2,1,S,0.391304347826087,-112.0,165.9,17.0,8.0,0.68,1.9422738105893196,21,23,10,13,0.0363693912924839,0,0,0,0,0,0,1,0,0,5,153,4,0,7,1
1aax,A,209,GLY,-0.4,60.1,0.0,0,0,-,0.19047619047619047,-69.3,179.1,14.0,13.0,0.5185185185185185,1.7095460358449608,28,36,13,23,0.034970568550465285,0,0,0,0,0,0,0,0,0,5,153,4,0,7,1
1aax,A,210,PRO,-1.6,112.7,0.0,0,0,P,0.17647058823529413,-63.1,134.7,21.0,16.0,0.5675675675675675,2.296411021575655,32,34,8,26,0.045694876239274644,0,0,0,0,0,0,0,0,0,-1,0,0,0,0,0
1aax,A,211,VAL,4.2,140.0,0.0,0,0,E,0.007042253521126761,-63.9,144.8,22.0,22.0,0.5,2.8803019390900633,41,34,4,30,0.04989134446533048,0,0,1,0,0,0,0,0,0,-1,0,0,0,0,0
1aax,A,212,VAL,4.2,140.0,0.0,0,0,E,0.0,-94.3,123.6,23.0,23.0,0.5,6.79555060478011,46,25,0,25,0.048958795970651406,0,0,1,0,0,0,0,0,0,-1,0,0,0,0,0
1aax,A,213,VAL,4.2,140.0,0.0,0,0,E,0.0,-117.4,130.3,23.0,26.0,0.46938775510204084,7.1831154376524875,50,22,1,21,0.05455408693872585,0,0,1,0,0,0,0,0,0,-1,0,0,0,0,0
1aax,A,214,HIS,-3.2,153.2,0.1,2,1,E,0.0,-147.3,159.3,18.0,24.0,0.42857142857142855,6.7555707125836975,47,39,1,38,0.05688545817542354,0,0,1,0,0,0,0,0,0,-1,0,0,0,0,0
1aax,A,215,SER,-0.8,89.0,0.0,1,1,-,0.015384615384615385,-136.7,-145.3,20.0,27.0,0.425531914893617,2.9236737649103652,45,47,9,38,0.05129016720734909,0,0,0,0,0,0,0,0,0,-1,0,0,0,0,0
1aax,A,216,SER,-0.8,89.0,0.0,1,1,S,0.038461538461538464,-80.5,-52.5,14.0,25.0,0.358974358974359,2.5031703343490723,38,48,15,33,0.048492521723311866,0,0,0,0,0,0,1,0,0,-1,0,0,0,0,0
1aax,A,217,ALA,1.8,88.6,0.0,0,0,S,0.16981132075471697,-89.8,-22.6,17.0,23.0,0.425,2.5435019092701223,38,48,8,40,0.04662742473395372,0,0,0,0,0,0,1,0,0,-1,0,0,0,0,0
1aax,A,218,GLY,-0.4,60.1,0.0,0,0,S,0.0,79.9,31.2,25.0,22.0,0.5319148936170213,3.1654284011473166,42,37,1,36,0.05175644145468863,0,0,0,0,0,0,1,0,0,-1,0,0,0,0,0
1aax,A,219,ILE,4.5,166.7,0.0,0,0,S,0.05325443786982249,-138.7,-41.2,17.0,28.0,0.37777777777777777,2.81978632312579,40,34,2,32,0.05035761871267001,0,0,0,0,0,0,1,0,0,-1,0,0,0,0,0
1aax,A,220,GLY,-0.4,60.1,0.0,0,0,H,0.10714285714285714,-73.7,-77.2,17.0,24.0,0.4146341463414634,2.4160548965189252,40,26,7,19,0.053155264196707235,1,0,0,0,0,0,0,0,0,-1,0,0,0,0,0
1aax,A,221,ARG,-4.5,173.4,1.0,5,0,H,0.04032258064516129,-62.9,-38.0,23.0,22.0,0.5111111111111111,2.5769253837157904,39,14,13,1,0.053621538444046775,1,0,0,0,0,0,0,0,0,1,1746,11,0,201,1
1aax,A,222,SER,-0.8,89.0,0.0,1,1,H,0.0,-60.5,-45.8,27.0,23.0,0.54,4.729943863414902,42,28,0,28,0.053621538444046775,1,0,0,0,0,0,0,0,0,-1,0,0,0,0,0
1aax,A,223,GLY,-0.4,60.1,0.0,0,0,H,0.0,-61.8,-40.4,24.0,22.0,0.5217391304347826,6.624966061245811,41,27,4,23,0.048492521723311866,1,0,0,0,0,0,0,0,0,-1,0,0,0,0,0
1aax,A,224,THR,-0.7,116.1,0.0,1,1,H,0.0,-63.2,-47.2,27.0,23.0,0.54,7.0033751550093095,41,12,6,6,0.053621538444046775,1,0,0,0,0,0,0,0,0,-1,0,0,0,0,0
1aax,A,225,PHE,2.8,189.9,0.0,0,0,H,0.0,-56.4,-55.8,23.0,26.0,0.46938775510204084,8.202866355087794,43,18,8,10,0.048026247475972325,1,0,0,0,0,0,0,0,0,-1,0,0,0,0,0
1aax,A,226,CYS,2.5,108.5,0.0,1,0,H,0.007407407407407408,-62.5,-38.8,30.0,23.0,0.5660377358490566,7.646502471889808,42,18,8,10,0.045694876239274644,1,0,0,0,0,0,0,0,0,-1,0,0,0,0,0
1aax,A,227,LEU,3.8,166.7,0.0,0,0,H,0.0,-61.7,-47.7,27.0,19.0,0.5869565217391305,7.257031289778729,46,16,14,2,0.048958795970651406,1,0,0,0,0,0,0,0,0,-1,0,0,0,0,0
1aax,A,228,ALA,1.8,88.6,0.0,0,0,H,0.009433962264150943,-61.3,-45.1,24.0,18.0,0.5714285714285714,8.523320821597132,44,10,10,0,0.050823892960009553,1,0,0,0,0,0,0,0,0,-1,0,0,0,0,0
1aax,A,229,ASP,-3.5,111.1,-1.0,1,3,H,0.0,-61.8,-49.5,20.0,22.0,0.47619047619047616,5.240663045265678,36,21,4,17,0.04989134446533048,1,0,0,0,0,0,0,0,0,-1,0,0,0,0,0
1aax,A,230,THR,-0.7,116.1,0.0,1,1,H,0.0,-60.6,-45.4,23.0,18.0,0.5609756097560976,4.31651056453674,37,24,26,-2,0.04942507021799094,1,0,0,0,0,0,0,0,0,-1,0,0,0,0,0
1aax,A,231,CYS,2.5,108.5,0.0,1,0,H,0.0,-60.1,-39.5,24.0,20.0,0.5454545454545454,5.194122024205639,44,15,22,-7,0.04755997322863279,1,0,0,0,0,0,0,0,0,2,2629,5,0,162,1
1aax,A,232,LEU,3.8,166.7,0.0,0,0,H,0.0,-66.2,-46.3,21.0,20.0,0.5121951219512195,5.194447017460379,44,21,23,-2,0.04942507021799094,1,0,0,0,0,0,0,0,0,2,2629,5,0,162,1
1aax,A,233,LEU,3.8,166.7,0.0,0,0,H,0.13414634146341464,-60.0,-42.7,18.0,18.0,0.5,2.6913270318694194,30,38,26,12,0.04429605349725603,1,0,0,0,0,0,0,0,0,-1,0,0,0,0,0
1aax,A,234,LEU,3.8,166.7,0.0,0,0,H,0.08536585365853659,-57.9,-52.9,17.0,13.0,0.5666666666666667,2.4041296710370097,32,35,40,-5,0.04662742473395372,1,0,0,0,0,0,0,0,0,2,2629,5,0,162,1
1aax,A,235,MET,1.9,162.9,0.0,0,0,H,0.0,-67.1,-20.3,22.0,9.0,0.7096774193548387,3.5978396448916787,32,34,20,14,0.053621538444046775,1,0,0,0,0,0,0,0,0,2,2629,5,0,162,1
1aax,A,236,ASP,-3.5,111.1,-1.0,1,3,H,0.2883435582822086,-71.8,-45.3,12.0,13.0,0.48,2.009816249872274,24,34,8,26,0.04103213376587927,1,0,0,0,0,0,0,0,0,2,2629,5,0,162,1
1aax,A,237,LYS,-3.9,168.6,1.0,2,0,H,0.5560975609756098,-55.2,-43.8,11.0,8.0,0.5789473684210527,1.8874253334042246,20,25,25,0,0.030774100324409453,1,0,0,0,0,0,0,0,0,-1,0,0,0,0,0
1aax,A,238,ARG,-4.5,173.4,1.0,5,0,H,0.5725806451612904,-94.5,-17.4,12.0,6.0,0.6666666666666666,1.8635588233045928,16,18,22,-4,0.030774100324409453,1,0,0,0,0,0,0,0,0,2,2629,5,0,162,1
1aax,A,239,LYS,-3.9,168.6,1.0,2,0,T,0.5756097560975609,53.8,41.5,2.0,17.0,0.10526315789473684,2.0577222924143923,18,16,16,0,0.03310547156110714,0,0,0,0,0,1,0,0,0,2,2629,5,0,162,1
1aax,A,240,ASP,-3.5,111.1,-1.0,1,3,-,0.32515337423312884,-143.6,89.0,6.0,15.0,0.2857142857142857,2.1658467116971543,19,25,10,15,0.03357174580844668,0,0,0,0,0,0,0,0,0,2,2629,5,0,162,1
1aax,A,241,PRO,-1.6,112.7,0.0,0,0,G,0.29411764705882354,-56.3,-29.2,13.0,15.0,0.4642857142857143,2.0724092947620507,25,22,29,-7,0.03823448828184205,0,0,0,1,0,0,0,0,0,2,2629,5,0,162,1
1aax,A,242,SER,-0.8,89.0,0.0,1,1,G,0.5615384615384615,-72.6,-10.7,2.0,20.0,0.09090909090909091,1.8227875918443832,18,15,26,-11,0.027510180593032695,0,0,0,1,0,0,0,0,0,2,2629,5,0,162,1
1aax,A,243,SER,-0.8,89.0,0.0,1,1,G,0.33076923076923076,-81.4,-7.5,9.0,10.0,0.47368421052631576,1.808842838801482,22,21,30,-9,0.02797645484037223,0,0,0,1,0,0,0,0,0,2,2629,5,0,162,1
1aax,A,244,VAL,4.2,140.0,0.0,0,0,-,0.06338028169014084,-93.3,121.4,24.0,7.0,0.7741935483870968,2.091841120222543,30,23,33,-10,0.04243095650789788,0,0,0,0,0,0,0,0,0,2,2629,5,0,162,1
1aax,A,245,ASP,-3.5,111.1,-1.0,1,3,-,0.39263803680981596,-106.5,95.6,5.0,22.0,0.18518518518518517,1.8121486474872435,22,18,16,2,0.034970568550465285,0,0,0,0,0,0,0,0,0,-1,0,0,0,0,0
1aax,A,246,ILE,4.5,166.7,0.0,0,0,H,0.011834319526627219,-50.3,-47.7,23.0,16.0,0.5897435897435898,2.575310778713721,43,21,20,1,0.043829779249916496,1,0,0,0,0,0,0,0,0,-1,0,0,0,0,0
1aax,A,247,LYS,-3.9,168.6,1.0,2,0,H,0.22926829268292684,-62.2,-45.8,14.0,21.0,0.4,2.33565714994425,26,11,28,-17,0.03870076252918159,1,0,0,0,0,0,0,0,0,13,4,10,0,0,1
1aax,A,248,LYS,-3.9,168.6,1.0,2,0,H,0.6829268292682927,-57.7,-42.7,6.0,15.0,0.2857142857142857,1.9459131413461042,20,13,26,-13,0.03170664881908853,1,0,0,0,0,0,0,0,0,-1,0,0,0,0,0
1aax,A,249,VAL,4.2,140.0,0.0,0,0,H,0.09154929577464789,-61.2,-46.7,23.0,15.0,0.6052631578947368,2.3434253024245573,36,28,29,-1,0.043829779249916496,1,0,0,0,0,0,0,0,0,-1,0,0,0,0,0
1aax,A,250,LEU,3.8,166.7,0.0,0,0,H,0.0,-61.0,-40.9,24.0,19.0,0.5581395348837209,5.478960616760938,41,40,22,18,0.04289723075523742,1,0,0,0,0,0,0,0,0,-1,0,0,0,0,0
1aax,A,251,LEU,3.8,166.7,0.0,0,0,H,0.18292682926829268,-64.4,-37.0,12.0,18.0,0.4,2.187518255707935,28,51,28,23,0.04616115048661418,1,0,0,0,0,0,0,0,0,-1,0,0,0,0,0
1aax,A,252,GLU,-3.5,138.4,-1.0,1,3,H,0.30927835051546393,-62.4,-46.1,14.0,16.0,0.4666666666666667,2.171549549128705,28,36,16,20,0.03870076252918159,1,0,0,0,0,0,0,0,0,-1,0,0,0,0,0
1aax,A,253,MET,1.9,162.9,0.0,0,0,H,0.005319148936170213,-61.3,-39.5,25.0,17.0,0.5952380952380952,5.200348652255245,43,42,11,31,0.048492521723311866,1,0,0,0,0,0,0,0,0,-1,0,0,0,0,0
1aax,A,254,ARG,-4.5,173.4,1.0,5,0,T,0.05241935483870968,-65.4,-8.6,19.0,19.0,0.5,2.37217866622855,34,35,17,18,0.048492521723311866,0,0,0,0,0,1,0,0,0,-1,0,0,0,0,0
1aax,A,255,LYS,-3.9,168.6,1.0,2,0,T,0.4292682926829268,-74.4,-22.9,8.0,22.0,0.26666666666666666,2.363043817233041,24,26,16,10,0.043829779249916496,0,0,0,0,0,1,0,0,0,-1,0,0,0,0,0
1aax,A,256,PHE,2.8,189.9,0.0,0,0,T,0.17766497461928935,-96.5,-27.0,20.0,19.0,0.5128205128205128,3.175635556509476,30,49,15,34,0.05129016720734909,0,0,0,0,0,1,0,0,0,-1,0,0,0,0,0
1aax,A,257,ARG,-4.5,173.4,1.0,5,0,S,0.0,-155.0,137.7,25.0,19.0,0.5681818181818182,5.172538226815796,45,24,4,20,0.053155264196707235,0,0,0,0,0,0,1,0,0,9,24,13,0,3,1
1aax,A,258,MET,1.9,162.9,0.0,0,0,T,0.2712765957446808,-68.3,152.6,14.0,30.0,0.3181818181818182,2.1644877159675073,35,32,15,17,0.045228601991935104,0,0,0,0,0,1,0,0,0,9,24,13,0,3,1
1aax,A,259,GLY,-0.4,60.1,0.0,0,0,T,0.16666666666666666,60.2,21.6,9.0,29.0,0.23684210526315788,2.3993817726355022,34,37,2,35,0.03963331102386066,0,0,0,0,0,1,0,0,0,9,24,13,0,3,1
1aax,A,260,LEU,3.8,166.7,0.0,0,0,-,0.006097560975609756,-61.6,118.7,27.0,19.0,0.5869565217391305,4.980572574246164,40,35,4,31,0.04755997322863279,0,0,0,0,0,0,0,0,0,-1,0,0,0,0,0
1aax,A,261,ILE,4.5,166.7,0.0,0,0,S,0.0,81.0,111.6,24.0,17.0,0.5853658536585366,5.649503562415662,40,27,5,22,0.05129016720734909,0,0,0,0,0,0,1,0,0,-1,0,0,0,0,0
1aax,A,262,GLN,-3.5,143.8,0.0,2,2,-,0.29292929292929293,-94.4,-10.5,12.0,22.0,0.35294117647058826,2.058391590339816,28,23,9,14,0.040099585271200194,0,0,0,0,0,0,0,0,0,-1,0,0,0,0,0
1aax,A,263,THR,-0.7,116.1,0.0,1,1,S,0.2112676056338028,-141.1,158.1,8.0,20.0,0.2857142857142857,2.341689390939598,28,18,11,7,0.03963331102386066,0,0,0,0,0,0,1,0,0,-1,0,0,0,0,0
1aax,A,264,ALA,1.8,88.6,0.0,0,0,H,0.20754716981132076,-62.8,-31.1,11.0,20.0,0.3548387096774194,2.045547021260544,31,13,10,3,0.043363505002576956,1,0,0,0,0,0,0,0,0,-1,0,0,0,0,0
1aax,A,265,ASP,-3.5,111.1,-1.0,1,3,H,0.49693251533742333,-70.7,-34.1,4.0,24.0,0.14285714285714285,1.7596894972110613,22,11,1,10,0.03963331102386066,1,0,0,0,0,0,0,0,0,-1,0,0,0,0,0
1aax,A,266,GLN,-3.5,143.8,0.0,2,2,H,0.005050505050505051,-64.8,-37.6,19.0,19.0,0.5,3.266305845473526,32,16,12,4,0.05129016720734909,1,0,0,0,0,0,0,0,0,1,1746,11,0,201,1
1aax,A,267,LEU,3.8,166.7,0.0,0,0,H,0.0,-62.7,-49.6,22.0,22.0,0.5,5.331645120848175,37,23,11,12,0.0526889899493677,1,0,0,0,0,0,0,0,0,-1,0,0,0,0,0
1aax,A,268,ARG,-4.5,173.4,1.0,5,0,H,0.2701612903225806,-59.0,-39.9,14.0,23.0,0.3783783783783784,2.2269079059421606,25,1,22,-21,0.04709369898129325,1,0,0,0,0,0,0,0,0,-1,0,0,0,0,0
1aax,A,269,PHE,2.8,189.9,0.0,0,0,H,0.04060913705583756,-64.4,-38.0,22.0,16.0,0.5789473684210527,2.7794561086283394,34,13,17,-4,0.04709369898129325,1,0,0,0,0,0,0,0,0,-1,0,0,0,0,0
1aax,A,270,SER,-0.8,89.0,0.0,1,1,H,0.0,-57.0,-45.4,28.0,19.0,0.5957446808510638,5.9236018989610315,40,14,12,2,0.0526889899493677,1,0,0,0,0,0,0,0,0,-1,0,0,0,0,0
1aax,A,271,TYR,-1.3,193.6,0.0,1,1,H,0.0,-58.1,-47.8,17.0,21.0,0.4473684210526316,3.62947049741776,36,25,34,-9,0.048958795970651406,1,0,0,0,0,0,0,0,0,13,4,10,0,0,1
1aax,A,272,LEU,3.8,166.7,0.0,0,0,H,0.29878048780487804,-57.8,-48.7,16.0,19.0,0.45714285714285713,2.201785723703912,31,13,28,-15,0.043829779249916496,1,0,0,0,0,0,0,0,0,-1,0,0,0,0,0
1aax,A,273,ALA,1.8,88.6,0.0,0,0,H,0.0,-59.9,-44.5,27.0,14.0,0.6585365853658537,4.0853840863754485,37,10,14,-4,0.048492521723311866,1,0,0,0,0,0,0,0,0,-1,0,0,0,0,0
1aax,A,274,VAL,4.2,140.0,0.0,0,0,H,0.0,-65.8,-45.6,27.0,15.0,0.6428571428571429,4.201305320771854,40,8,21,-13,0.04429605349725603,1,0,0,0,0,0,0,0,0,-1,0,0,0,0,0
1aax,A,275,ILE,4.5,166.7,0.0,0,0,H,0.17159763313609466,-61.1,-42.0,12.0,22.0,0.35294117647058826,2.068072922118019,30,12,28,-16,0.040565859518539735,1,0,0,0,0,0,0,0,0,-1,0,0,0,0,0
1aax,A,276,GLU,-3.5,138.4,-1.0,1,3,H,0.22164948453608246,-70.0,-44.0,17.0,14.0,0.5483870967741935,2.1197571256797785,31,9,7,2,0.040099585271200194,1,0,0,0,0,0,0,0,0,-1,0,0,0,0,0
1aax,A,277,GLY,-0.4,60.1,0.0,0,0,H,0.0,-62.2,-29.4,24.0,16.0,0.6,4.633823612378436,35,14,26,-12,0.048026247475972325,1,0,0,0,0,0,0,0,0,-1,0,0,0,0,0
1aax,A,278,ALA,1.8,88.6,0.0,0,0,H,0.1509433962264151,-55.5,-28.7,17.0,18.0,0.4857142857142857,2.3005804932902842,33,15,31,-16,0.04429605349725603,1,0,0,0,0,0,0,0,0,2,2629,5,0,162,1
1aax,A,279,LYS,-3.9,168.6,1.0,2,0,H,0.5073170731707317,-61.1,-41.0,14.0,12.0,0.5384615384615384,1.945494077064736,24,0,20,-20,0.03870076252918159,1,0,0,0,0,0,0,0,0,-1,0,0,0,0,0
1aax,A,280,PHE,2.8,189.9,0.0,0,0,H,0.23857868020304568,-70.6,-52.0,16.0,12.0,0.5714285714285714,2.493770841949946,25,17,23,-6,0.043829779249916496,1,0,0,0,0,0,0,0,0,-1,0,0,0,0,0
1aax,A,281,ILE,4.5,166.7,0.0,0,0,H,0.04142011834319527,-51.5,-42.9,18.0,10.0,0.6428571428571429,2.353711756715749,31,29,23,6,0.04243095650789788,1,0,0,0,0,0,0,0,0,2,2629,5,0,162,1
1aax,A,282,MET,1.9,162.9,0.0,0,0,T,0.4946808510638298,-80.5,11.5,10.0,13.0,0.43478260869565216,2.015982199943126,21,21,25,-4,0.03170664881908853,0,0,0,0,0,1,0,0,0,2,2629,5,0,162,1
1aax,A,283,GLY,-0.4,60.1,0.0,0,0,T,0.7142857142857143,117.8,-10.7,4.0,11.0,0.26666666666666666,1.7098203533380025,14,13,10,3,0.024246260861655933,0,0,0,0,0,1,0,0,0,-1,0,0,0,0,0
1aax,A,284,ASP,-3.5,111.1,-1.0,1,3,-,0.4294478527607362,-96.0,76.0,8.0,6.0,0.5714285714285714,1.903230090545475,16,9,8,1,0.02844272908771177,0,0,0,0,0,0,0,0,0,-1,0,0,0,0,0
1aax,A,285,SER,-0.8,89.0,0.0,1,1,T,0.6,-61.2,-27.3,0.0,15.0,0.0,1.794131373924895,16,6,15,-9,0.02984155182973038,0,0,0,0,0,1,0,0,0,-1,0,0,0,0,0
1aax,A,286,SER,-0.8,89.0,0.0,1,1,T,0.5538461538461539,-63.5,-19.4,0.0,15.0,0.0,1.8316732476924849,14,8,18,-10,0.02797645484037223,0,0,0,0,0,1,0,0,0,-1,0,0,0,0,0
1aax,A,287,VAL,4.2,140.0,0.0,0,0,H,0.014084507042253521,-61.9,-27.4,13.0,9.0,0.5909090909090909,3.0238962257384414,23,13,28,-15,0.04103213376587927,1,0,0,0,0,0,0,0,0,-1,0,0,0,0,0
1aax,A,288,GLN,-3.5,143.8,0.0,2,2,H,0.2222222222222222,-60.4,-44.7,10.0,19.0,0.3448275862068966,2.0654929002042004,26,18,30,-12,0.04429605349725603,1,0,0,0,0,0,0,0,0,-1,0,0,0,0,0
1aax,A,289,ASP,-3.5,111.1,-1.0,1,3,H,0.5828220858895705,-67.0,-29.7,3.0,18.0,0.14285714285714285,1.7428274917940214,16,9,16,-7,0.03403802005578621,1,0,0,0,0,0,0,0,0,-1,0,0,0,0,0
1aax,A,290,GLN,-3.5,143.8,0.0,2,2,H,0.47474747474747475,-67.6,-38.5,9.0,13.0,0.4090909090909091,1.8535936447555146,17,12,29,-17,0.03590311704514436,1,0,0,0,0,0,0,0,0,-1,0,0,0,0,0
1aax,A,291,TRP,-0.9,227.8,0.0,1,0,H,0.0,-65.3,-39.2,21.0,8.0,0.7241379310344828,3.5062289394227837,35,18,30,-12,0.050823892960009553,1,0,0,0,0,0,0,0,0,-1,0,0,0,0,0
1aax,A,292,LYS,-3.9,168.6,1.0,2,0,H,0.44878048780487806,-59.7,-45.2,6.0,20.0,0.23076923076923078,2.1413672350072495,24,21,34,-13,0.04662742473395372,1,0,0,0,0,0,0,0,0,-1,0,0,0,0,0
1aax,A,293,GLU,-3.5,138.4,-1.0,1,3,H,0.5927835051546392,-65.0,-51.5,5.0,11.0,0.3125,1.769038044269756,15,19,23,-4,0.0363693912924839,1,0,0,0,0,0,0,0,0,-1,0,0,0,0,0
1aax,A,294,LEU,3.8,166.7,0.0,0,0,H,0.6463414634146342,-62.5,-25.0,14.0,6.0,0.7,1.9250888076761181,20,17,27,-10,0.03124037457174899,1,0,0,0,0,0,0,0,0,-1,0,0,0,0,0
1aax,A,295,SER,-0.8,89.0,0.0,1,1,H,0.03076923076923077,-78.0,-21.4,20.0,5.0,0.8,2.3938470090078297,25,23,38,-15,0.045694876239274644,1,0,0,0,0,0,0,0,0,16,2,4,0,0,1
1aax,A,296,HIS,-3.2,153.2,0.1,2,1,T,0.7228260869565217,56.3,51.1,2.0,18.0,0.1,1.835183773601181,18,9,32,-23,0.03310547156110714,0,0,0,0,0,1,0,0,0,16,2,4,0,0,1
1aax,A,297,GLU,-3.5,138.4,-1.0,1,3,-,0.020618556701030927,-71.0,-12.5,20.0,7.0,0.7407407407407407,2.1473743184129925,23,33,24,9,0.04149840801321881,0,0,0,0,0,0,0,0,0,16,2,4,0,0,1
1aax,A,298,ASP,-3.5,111.1,-1.0,1,3,-,0.9386503067484663,-78.1,360.0,3.0,10.0,0.23076923076923078,1.7106458471827182,13,27,21,6,0.02144861537761871,0,0,0,0,0,0,0,0,0,16,2,4,0,0,1
1pd2,1,1,MET,1.9,162.9,0.0,0,0,-,1.0,360.0,-67.4,0.0,10.0,0.0,1.829580723476835,9,6,4,2,0.013521953172846577,0,0,0,0,0,0,0,0,0,23,48,1,0,1,1
1pd2,1,2,PRO,-1.6,112.7,0.0,0,0,-,0.3235294117647059,-81.3,165.3,9.0,6.0,0.6,1.8502807533032215,17,10,13,-3,0.022847438119637322,0,0,0,0,0,0,0,0,0,38,1,1,0,0,1
1pd2,1,3,ASN,-3.5,114.1,0.0,2,2,-,0.6305732484076433,-91.7,134.5,4.0,13.0,0.23529411764705882,1.8298142543110913,17,18,28,-10,0.03357174580844668,0,0,0,0,0,0,0,0,0,38,1,1,0,0,1
1pd2,1,4,TYR,-1.3,193.6,0.0,1,1,E,0.1036036036036036,-121.8,142.0,15.0,11.0,0.5769230769230769,2.7908202015549013,25,18,28,-10,0.04709369898129325,0,0,1,0,0,0,0,0,0,23,48,1,0,1,1
1pd2,1,5,LYS,-3.9,168.6,1.0,2,0,E,0.2146341463414634,-129.1,109.5,7.0,21.0,0.25,2.209563236319939,21,13,31,-18,0.04709369898129325,0,0,1,0,0,0,0,0,0,-1,0,0,0,0,0
1pd2,1,6,LEU,3.8,166.7,0.0,0,0,E,0.0,-91.3,134.1,19.0,17.0,0.5277777777777778,3.8051453673891524,34,46,30,16,0.0526889899493677,0,0,1,0,0,0,0,0,0,33,9,1,0,0,1
1pd2,1,7,LEU,3.8,166.7,0.0,0,0,E,0.12195121951219512,-124.6,123.5,15.0,23.0,0.39473684210526316,2.6427151749698288,32,35,24,11,0.048958795970651406,0,0,1,0,0,0,0,0,0,33,9,1,0,0,1
1pd2,1,8,TYR,-1.3,193.6,0.0,1,1,E,0.07657657657657657,-165.8,-178.9,18.0,17.0,0.5142857142857142,3.693087280037521,29,44,18,26,0.053621538444046775,0,0,1,0,0,0,0,0,0,-1,0,0,0,0,0
1pd2,1,9,PHE,2.8,189.9,0.0,0,0,E,0.14213197969543148,-77.1,162.1,12.0,16.0,0.42857142857142855,2.4524936329458926,28,31,17,14,0.04662742473395372,0,0,1,0,0,0,0,0,0,18,24,9,0,2,1
1pd2,1,10,ASN,-3.5,114.1,0.0,2,2,S,0.35668789808917195,-77.3,78.3,8.0,19.0,0.2962962962962963,1.7850103513417732,20,37,17,20,0.043363505002576956,0,0,0,0,0,0,1,0,0,5,130,5,0,8,1
1pd2,1,11,MET,1.9,162.9,0.0,0,0,S,0.23404255319148937,-165.5,165.0,10.0,17.0,0.37037037037037035,2.935500601768091,25,46,17,29,0.048492521723311866,0,0,0,0,0,0,1,0,0,18,24,9,0,2,1
1pd2,1,12,ARG,-4.5,173.4,1.0,5,0,S,0.06854838709677419,-66.2,-62.6,15.0,16.0,0.4838709677419355,2.5292904671082828,30,37,12,25,0.048492521723311866,0,0,0,0,0,0,1,0,0,5,130,5,0,8,1
1pd2,1,13,GLY,-0.4,60.1,0.0,0,0,T,0.34523809523809523,40.3,-134.7,11.0,18.0,0.3793103448275862,1.7097139856747474,31,41,10,31,0.03870076252918159,0,0,0,0,0,1,0,0,0,-1,0,0,0,0,0
1pd2,1,14,ARG,-4.5,173.4,1.0,5,0,T,0.32661290322580644,-77.4,-21.4,17.0,17.0,0.5,1.910275871703407,35,11,19,-8,0.03730193978716297,0,0,0,0,0,1,0,0,0,9,31,20,0,5,1
1pd2,1,15,ALA,1.8,88.6,0.0,0,0,T,0.0,-86.8,-16.3,18.0,18.0,0.5,3.436721344320709,35,39,15,24,0.04616115048661418,0,0,0,0,0,1,0,0,0,-1,0,0,0,0,0
1pd2,1,16,GLU,-3.5,138.4,-1.0,1,3,H,0.0,-55.8,-33.2,19.0,22.0,0.4634146341463415,3.529467824793313,35,43,10,33,0.048026247475972325,1,0,0,0,0,0,0,0,0,-1,0,0,0,0,0
1pd2,1,17,ILE,4.5,166.7,0.0,0,0,H,0.005917159763313609,-65.4,-37.3,23.0,15.0,0.6052631578947368,3.09311645355882,40,29,20,9,0.053155264196707235,1,0,0,0,0,0,0,0,0,-1,0,0,0,0,0
1pd2,1,18,ILE,4.5,166.7,0.0,0,0,H,0.0,-66.1,-43.7,23.0,20.0,0.5348837209302325,5.330744848792044,41,24,15,9,0.04942507021799094,1,0,0,0,0,0,0,0,0,-1,0,0,0,0,0
1pd2,1,19,ARG,-4.5,173.4,1.0,5,0,H,0.0,-62.9,-32.7,22.0,23.0,0.4888888888888889,3.928459508909207,37,40,21,19,0.04989134446533048,1,0,0,0,0,0,0,0,0,-1,0,0,0,0,0
1pd2,1,20,TYR,-1.3,193.6,0.0,1,1,H,0.0,-68.2,-47.5,21.0,20.0,0.5121951219512195,4.269793616463298,39,26,22,4,0.0526889899493677,1,0,0,0,0,0,0,0,0,-1,0,0,0,0,0
1pd2,1,21,ILE,4.5,166.7,0.0,0,0,H,0.0,-59.8,-46.1,21.0,17.0,0.5526315789473685,5.407888544026168,36,12,10,2,0.050823892960009553,1,0,0,0,0,0,0,0,0,-1,0,0,0,0,0
1pd2,1,22,PHE,2.8,189.9,0.0,0,0,H,0.005076142131979695,-59.7,-46.7,17.0,15.0,0.53125,3.313954768189148,31,19,20,-1,0.04429605349725603,1,0,0,0,0,0,0,0,0,15,77,3,0,3,1
1pd2,1,23,ALA,1.8,88.6,0.0,0,0,H,0.22641509433962265,-57.2,-49.0,19.0,9.0,0.6785714285714286,1.9108681220030448,25,16,11,5,0.04709369898129325,1,0,0,0,0,0,0,0,0,-1,0,0,0,0,0
1pd2,1,24,TYR,-1.3,193.6,0.0,1,1,H,0.38738738738738737,-62.9,-45.0,19.0,12.0,0.6129032258064516,2.130820093573263,27,2,13,-11,0.040565859518539735,1,0,0,0,0,0,0,0,0,-1,0,0,0,0,0
1pd2,1,25,LEU,3.8,166.7,0.0,0,0,T,0.3170731707317073,-82.2,1.8,18.0,8.0,0.6923076923076923,2.0089355615817053,24,8,9,-1,0.03124037457174899,0,0,0,0,0,1,0,0,0,-1,0,0,0,0,0
1pd2,1,26,ASP,-3.5,111.1,-1.0,1,3,T,0.8895705521472392,55.3,38.8,2.0,16.0,0.1111111111111111,1.749201950619268,14,10,0,10,0.025645083603674543,0,0,0,0,0,1,0,0,0,15,77,3,0,3,1
1pd2,1,27,ILE,4.5,166.7,0.0,0,0,-,0.24260355029585798,-96.0,125.2,17.0,4.0,0.8095238095238095,1.9091363786516657,18,13,9,4,0.03450429430312575,0,0,0,0,0,0,0,0,0,23,48,1,0,1,1
1pd2,1,28,LYS,-3.9,168.6,1.0,2,0,-,0.8146341463414634,-73.9,147.0,3.0,16.0,0.15789473684210525,1.8706948547271327,14,4,17,-13,0.03124037457174899,0,0,0,0,0,0,0,0,0,15,77,3,0,3,1
1pd2,1,29,TYR,-1.3,193.6,0.0,1,1,-,0.15315315315315314,-162.1,161.3,19.0,5.0,0.7916666666666666,2.0078467968650684,27,42,24,18,0.04103213376587927,0,0,0,0,0,0,0,0,0,15,77,3,0,3,1
1pd2,1,30,GLU,-3.5,138.4,-1.0,1,3,E,0.44329896907216493,-92.6,122.6,11.0,9.0,0.55,2.0361972782493183,17,39,17,22,0.034970568550465285,0,0,1,0,0,0,0,0,0,33,9,1,0,0,1
1pd2,1,31,ASP,-3.5,111.1,-1.0,1,3,E,0.2822085889570552,-94.5,80.6,14.0,16.0,0.4666666666666667,1.99330353151419,27,48,13,35,0.03870076252918159,0,0,1,0,0,0,0,0,0,33,9,1,0,0,1
1pd2,1,32,HIS,-3.2,153.2,0.1,2,1,E,0.45652173913043476,-78.9,109.8,11.0,10.0,0.5238095238095238,2.1671276103190897,19,22,25,-3,0.0363693912924839,0,0,1,0,0,0,0,0,0,33,9,1,0,0,1
1pd2,1,33,ARG,-4.5,173.4,1.0,5,0,E,0.17338709677419356,-105.5,137.9,12.0,15.0,0.4444444444444444,2.144303188559792,27,28,29,-1,0.043829779249916496,0,0,1,0,0,0,0,0,0,33,9,1,0,0,1
1pd2,1,34,ILE,4.5,166.7,0.0,0,0,E,0.023668639053254437,-120.0,155.8,13.0,7.0,0.65,2.5306180350267673,23,28,21,7,0.04196468226055834,0,0,1,0,0,0,0,0,0,-1,0,0,0,0,0
1pd2,1,35,GLU,-3.5,138.4,-1.0,1,3,-,0.5618556701030928,-90.5,155.3,2.0,13.0,0.13333333333333333,1.993029823887815,17,14,8,6,0.03310547156110714,0,0,0,0,0,0,0,0,0,22,34,3,0,1,1
1pd2,1,36,GLN,-3.5,143.8,0.0,2,2,T,0.5757575757575758,-53.2,-36.9,1.0,14.0,0.06666666666666667,1.6741783408965412,14,3,17,-14,0.032172923066428064,0,0,0,0,0,1,0,0,0,22,34,3,0,1,1
1pd2,1,37,ALA,1.8,88.6,0.0,0,0,T,0.6981132075471698,-60.0,-27.1,0.0,12.0,0.0,1.767738734101447,10,9,17,-8,0.025178809356335007,0,0,0,0,0,1,0,0,0,22,34,3,0,1,1
1pd2,1,38,ASP,-3.5,111.1,-1.0,1,3,T,0.4233128834355828,-85.9,-27.8,8.0,7.0,0.5333333333333333,1.9123437870131557,16,19,9,10,0.032172923066428064,0,0,0,0,0,1,0,0,0,22,34,3,0,1,1
1pd2,1,39,TRP,-0.9,227.8,0.0,1,0,H,0.16740088105726872,-43.0,-49.6,11.0,10.0,0.5238095238095238,2.629280961131535,21,26,13,13,0.04103213376587927,1,0,0,0,0,0,0,0,0,26,7,9,0,0,1
1pd2,1,40,PRO,-1.6,112.7,0.0,0,0,H,0.5882352941176471,-52.1,-34.1,3.0,11.0,0.21428571428571427,1.9230002312681453,14,18,12,6,0.030307826077069916,1,0,0,0,0,0,0,0,0,22,34,3,0,1,1
1pd2,1,41,LYS,-3.9,168.6,1.0,2,0,H,0.6341463414634146,-76.5,-34.6,5.0,8.0,0.38461538461538464,1.9125188633881736,11,7,11,-4,0.027043906345693154,1,0,0,0,0,0,0,0,0,22,34,3,0,1,1
1pd2,1,42,ILE,4.5,166.7,0.0,0,0,H,0.24260355029585798,-82.5,-46.2,14.0,9.0,0.6086956521739131,2.2470677550288163,21,27,11,16,0.03590311704514436,1,0,0,0,0,0,0,0,0,26,7,9,0,0,1
1pd2,1,43,LYS,-3.9,168.6,1.0,2,0,G,0.424390243902439,-35.0,-53.1,7.0,14.0,0.3333333333333333,2.261905188428885,20,19,6,13,0.040099585271200194,0,0,0,1,0,0,0,0,0,26,7,9,0,0,1
1pd2,1,44,PRO,-1.6,112.7,0.0,0,0,G,0.7647058823529411,-65.1,-9.3,3.0,12.0,0.2,1.8927251078151215,14,22,5,17,0.02844272908771177,0,0,0,1,0,0,0,0,0,26,7,9,0,0,1
1pd2,1,45,THR,-0.7,116.1,0.0,1,1,G,0.7394366197183099,-91.5,-18.2,6.0,9.0,0.4,1.8374193880964842,16,17,1,16,0.022847438119637322,0,0,0,1,0,0,0,0,0,6,66,9,0,7,1
1pd2,1,46,LEU,3.8,166.7,0.0,0,0,S,0.14634146341463414,-83.0,144.9,18.0,8.0,0.6923076923076923,2.3683717637234425,21,28,4,24,0.03170664881908853,0,0,0,0,0,0,1,0,0,6,66,9,0,7,1
1pd2,1,47,PRO,-1.6,112.7,0.0,0,0,T,0.40441176470588236,-42.6,-69.5,17.0,14.0,0.5483870967741935,1.8338626639192062,27,31,8,23,0.034970568550465285,0,0,0,0,0,1,0,0,0,6,66,9,0,7,1
1pd2,1,48,PHE,2.8,189.9,0.0,0,0,T,0.07614213197969544,-102.4,27.2,19.0,13.0,0.59375,2.0224833403975495,33,36,17,19,0.03450429430312575,0,0,0,0,0,1,0,0,0,6,66,9,0,7,1
1pd2,1,49,GLY,-0.4,60.1,0.0,0,0,S,0.11904761904761904,55.7,26.7,10.0,17.0,0.37037037037037035,2.0628235023525514,23,34,7,27,0.0363693912924839,0,0,0,0,0,0,1,0,0,26,7,9,0,0,1
1pd2,1,50,LYS,-3.9,168.6,1.0,2,0,-,0.6195121951219512,-138.9,162.9,11.0,18.0,0.3793103448275862,1.8707428430220452,24,22,9,13,0.03776821403450251,0,0,0,0,0,0,0,0,0,26,7,9,0,0,1
1pd2,1,51,ILE,4.5,166.7,0.0,0,0,S,0.14201183431952663,-126.0,165.3,20.0,17.0,0.5405405405405406,2.3026024660500157,33,38,0,38,0.04243095650789788,0,0,0,0,0,0,1,0,0,-1,0,0,0,0,0
1pd2,1,52,PRO,-1.6,112.7,0.0,0,0,-,0.029411764705882353,-72.7,162.4,24.0,17.0,0.5853658536585366,2.4660318178563947,35,39,5,34,0.04616115048661418,0,0,0,0,0,0,0,0,0,-1,0,0,0,0,0
1pd2,1,53,VAL,4.2,140.0,0.0,0,0,E,0.04929577464788732,-137.3,151.6,15.0,25.0,0.375,2.5984110628906367,34,32,10,22,0.04709369898129325,0,0,1,0,0,0,0,0,0,6,66,9,0,7,1
1pd2,1,54,LEU,3.8,166.7,0.0,0,0,E,0.0,-121.8,120.0,23.0,18.0,0.5609756097560976,3.621663557305848,33,18,19,-1,0.04616115048661418,0,0,1,0,0,0,0,0,0,-1,0,0,0,0,0
1pd2,1,55,GLU,-3.5,138.4,-1.0,1,3,E,0.31958762886597936,-89.3,114.7,11.0,15.0,0.4230769230769231,2.3604160923539754,22,12,18,-6,0.04103213376587927,0,0,1,0,0,0,0,0,0,-1,0,0,0,0,0
1pd2,1,56,VAL,4.2,140.0,0.0,0,0,E,0.09154929577464789,-121.6,114.6,10.0,12.0,0.45454545454545453,2.4449216647597996,22,10,18,-8,0.045228601991935104,0,0,1,0,0,0,0,0,0,38,1,1,0,0,1
1pd2,1,57,GLU,-3.5,138.4,-1.0,1,3,T,0.845360824742268,49.0,36.7,3.0,11.0,0.21428571428571427,1.7675832803539986,14,6,9,-3,0.02611135785101408,0,0,0,0,0,1,0,0,0,38,1,1,0,0,1
1pd2,1,58,GLY,-0.4,60.1,0.0,0,0,T,0.6904761904761905,75.3,32.4,0.0,13.0,0.0,1.7097624748570257,11,8,18,-10,0.022381163872297785,0,0,0,0,0,1,0,0,0,38,1,1,0,0,1
1pd2,1,59,LEU,3.8,166.7,0.0,0,0,E,0.38414634146341464,-130.1,130.6,9.0,11.0,0.45,2.1759713901518305,19,8,19,-11,0.026577632098353617,0,0,1,0,0,0,0,0,0,32,2,9,0,0,1
1pd2,1,60,THR,-0.7,116.1,0.0,1,1,E,0.4295774647887324,-99.0,111.6,11.0,17.0,0.39285714285714285,1.8894471436707945,26,18,14,4,0.034970568550465285,0,0,1,0,0,0,0,0,0,6,66,9,0,7,1
1pd2,1,61,LEU,3.8,166.7,0.0,0,0,E,0.018292682926829267,-94.2,155.6,24.0,15.0,0.6153846153846154,2.8901632026152067,37,15,18,-3,0.045228601991935104,0,0,1,0,0,0,0,0,0,32,2,9,0,0,1
1pd2,1,62,HIS,-3.2,153.2,0.1,2,1,E,0.10869565217391304,-139.5,170.5,11.0,29.0,0.275,2.2770641376901333,34,7,16,-9,0.048026247475972325,0,0,1,0,0,0,0,0,0,6,66,9,0,7,1
1pd2,1,63,GLN,-3.5,143.8,0.0,2,2,-,0.15151515151515152,77.4,106.2,17.0,21.0,0.4473684210526316,2.008875948593861,32,34,29,5,0.04755997322863279,0,0,0,0,0,0,0,0,0,-1,0,0,0,0,0
1pd2,1,64,SER,-0.8,89.0,0.0,1,1,H,0.023076923076923078,-50.8,-45.0,18.0,19.0,0.4864864864864865,2.473526757223197,36,34,24,10,0.045694876239274644,1,0,0,0,0,0,0,0,0,-1,0,0,0,0,0
1pd2,1,65,LEU,3.8,166.7,0.0,0,0,H,0.04878048780487805,-76.1,-26.4,16.0,27.0,0.37209302325581395,2.511355137141515,28,30,44,-14,0.043829779249916496,1,0,0,0,0,0,0,0,0,-1,0,0,0,0,0
1pd2,1,66,ALA,1.8,88.6,0.0,0,0,H,0.0,-70.5,-40.9,19.0,19.0,0.5,4.430568907353705,32,34,24,10,0.05129016720734909,1,0,0,0,0,0,0,0,0,-1,0,0,0,0,0
1pd2,1,67,ILE,4.5,166.7,0.0,0,0,H,0.0,-69.4,-39.2,21.0,19.0,0.525,5.650670908849104,37,29,14,15,0.04989134446533048,1,0,0,0,0,0,0,0,0,-1,0,0,0,0,0
1pd2,1,68,ALA,1.8,88.6,0.0,0,0,H,0.0,-64.8,-42.7,22.0,19.0,0.5365853658536586,5.579424558569806,36,29,9,20,0.04709369898129325,1,0,0,0,0,0,0,0,0,-1,0,0,0,0,0
1pd2,1,69,ARG,-4.5,173.4,1.0,5,0,H,0.04838709677419355,-67.4,-32.3,21.0,20.0,0.5121951219512195,2.4364856009006814,28,14,28,-14,0.04616115048661418,1,0,0,0,0,0,0,0,0,2,143,13,0,23,1
1pd2,1,70,TYR,-1.3,193.6,0.0,1,1,H,0.13963963963963963,-71.3,-41.9,21.0,12.0,0.6363636363636364,2.3162821018379636,32,20,17,3,0.04429605349725603,1,0,0,0,0,0,0,0,0,32,2,9,0,0,1
1pd2,1,71,LEU,3.8,166.7,0.0,0,0,H,0.09146341463414634,-70.1,-26.0,22.0,13.0,0.6285714285714286,2.342080279635626,32,19,8,11,0.040099585271200194,1,0,0,0,0,0,0,0,0,2,143,13,0,23,1
1pd2,1,72,THR,-0.7,116.1,0.0,1,1,T,0.0,-93.4,-4.4,23.0,10.0,0.696969696969697,3.0113340101769936,33,21,15,6,0.04429605349725603,0,0,0,0,0,1,0,0,0,2,143,13,0,23,1
1pd2,1,73,LYS,-3.9,168.6,1.0,2,0,T,0.22439024390243903,-61.3,141.2,11.0,17.0,0.39285714285714285,2.00368362419881,23,12,18,-6,0.0363693912924839,0,0,0,0,0,1,0,0,0,2,143,13,0,23,1
1pd2,1,74,ASN,-3.5,114.1,0.0,2,2,T,0.9299363057324841,59.2,41.1,1.0,15.0,0.0625,1.6176855568516924,14,14,15,-1,0.024246260861655933,0,0,0,0,0,1,0,0,0,2,143,13,0,23,1
1pd2,1,75,THR,-0.7,116.1,0.0,1,1,S,0.2676056338028169,-143.1,151.1,14.0,7.0,0.6666666666666666,1.8091271832748819,24,19,10,9,0.030307826077069916,0,0,0,0,0,0,1,0,0,24,24,3,0,0,1
1pd2,1,76,ASP,-3.5,111.1,-1.0,1,3,G,0.6012269938650306,-67.2,-26.3,6.0,19.0,0.24,1.9437605291266802,20,13,5,8,0.0363693912924839,0,0,0,1,0,0,0,0,0,24,24,3,0,0,1
1pd2,1,77,LEU,3.8,166.7,0.0,0,0,G,0.012195121951219513,-54.9,-28.4,17.0,19.0,0.4722222222222222,2.563111524561147,32,15,16,-1,0.04755997322863279,0,0,0,1,0,0,0,0,0,24,24,3,0,0,1
1pd2,1,78,ALA,1.8,88.6,0.0,0,0,G,0.12264150943396226,-81.2,-15.4,11.0,24.0,0.3142857142857143,2.199513305312708,32,30,32,-2,0.053621538444046775,0,0,0,1,0,0,0,0,0,2,143,13,0,23,1
1pd2,1,79,GLY,-0.4,60.1,0.0,0,0,-,0.011904761904761904,110.7,137.9,16.0,16.0,0.5,2.5804759810302156,26,20,33,-13,0.04942507021799094,0,0,0,0,0,0,0,0,0,24,24,3,0,0,1
1pd2,1,80,LYS,-3.9,168.6,1.0,2,0,S,0.5073170731707317,-71.1,-43.9,5.0,17.0,0.22727272727272727,1.9957845781318742,19,0,22,-22,0.03450429430312575,0,0,0,0,0,0,1,0,0,24,24,3,0,0,1
1pd2,1,81,THR,-0.7,116.1,0.0,1,1,S,0.5211267605633803,-105.1,172.2,4.0,14.0,0.2222222222222222,2.1010101484537222,18,13,23,-10,0.02797645484037223,0,0,0,0,0,0,1,0,0,-1,0,0,0,0,0
1pd2,1,82,GLU,-3.5,138.4,-1.0,1,3,H,0.36597938144329895,-68.1,-34.1,7.0,16.0,0.30434782608695654,2.0805990630416398,21,19,11,8,0.03590311704514436,1,0,0,0,0,0,0,0,0,30,2,9,0,0,1
1pd2,1,83,LEU,3.8,166.7,0.0,0,0,H,0.3353658536585366,-67.5,-43.1,6.0,20.0,0.23076923076923078,2.231673809102088,27,10,21,-11,0.03776821403450251,1,0,0,0,0,0,0,0,0,30,2,9,0,0,1
1pd2,1,84,GLU,-3.5,138.4,-1.0,1,3,H,0.21649484536082475,-70.6,-31.8,15.0,14.0,0.5172413793103449,2.5226161527138573,29,11,17,-6,0.043363505002576956,1,0,0,0,0,0,0,0,0,30,2,9,0,0,1
1pd2,1,85,GLN,-3.5,143.8,0.0,2,2,H,0.19696969696969696,-64.7,-38.2,14.0,19.0,0.42424242424242425,1.8455191549263774,25,38,31,7,0.048492521723311866,1,0,0,0,0,0,0,0,0,-1,0,0,0,0,0
1pd2,1,86,CYS,2.5,108.5,0.0,1,0,H,0.007407407407407408,-67.0,-40.7,19.0,16.0,0.5428571428571428,2.536905240511476,35,32,29,3,0.0526889899493677,1,0,0,0,0,0,0,0,0,-1,0,0,0,0,0
1pd2,1,87,GLN,-3.5,143.8,0.0,2,2,H,0.2727272727272727,-67.1,-34.4,16.0,23.0,0.41025641025641024,1.8020326508783178,33,15,21,-6,0.045694876239274644,1,0,0,0,0,0,0,0,0,0,3017,11,0,463,1
1pd2,1,88,VAL,4.2,140.0,0.0,0,0,H,0.014084507042253521,-68.7,-44.5,25.0,20.0,0.5555555555555556,2.955119485851114,38,18,36,-18,0.053621538444046775,1,0,0,0,0,0,0,0,0,0,3017,11,0,463,1
1pd2,1,89,ASP,-3.5,111.1,-1.0,1,3,H,0.03067484662576687,-60.5,-47.3,18.0,22.0,0.45,2.7438960150476523,35,34,16,18,0.048026247475972325,1,0,0,0,0,0,0,0,0,-1,0,0,0,0,0
1pd2,1,90,ALA,1.8,88.6,0.0,0,0,H,0.018867924528301886,-57.6,-39.5,22.0,18.0,0.55,3.1080290686815055,35,18,27,-9,0.04942507021799094,1,0,0,0,0,0,0,0,0,-1,0,0,0,0,0
1pd2,1,91,VAL,4.2,140.0,0.0,0,0,H,0.007042253521126761,-67.7,-43.5,22.0,20.0,0.5238095238095238,3.685762631934879,36,12,37,-25,0.04942507021799094,1,0,0,0,0,0,0,0,0,0,3017,11,0,463,1
1pd2,1,92,VAL,4.2,140.0,0.0,0,0,H,0.0,-60.8,-43.2,20.0,19.0,0.5128205128205128,4.473396265867774,34,19,35,-16,0.04942507021799094,1,0,0,0,0,0,0,0,0,-1,0,0,0,0,0
1pd2,1,93,ASP,-3.5,111.1,-1.0,1,3,H,0.10429447852760736,-65.6,-37.4,15.0,15.0,0.5,1.9373741307927947,28,25,26,-1,0.045228601991935104,1,0,0,0,0,0,0,0,0,-1,0,0,0,0,0
1pd2,1,94,THR,-0.7,116.1,0.0,1,1,H,0.1056338028169014,-64.9,-42.9,21.0,14.0,0.6,2.0886149218525754,34,18,35,-17,0.043363505002576956,1,0,0,0,0,0,0,0,0,-1,0,0,0,0,0
1pd2,1,95,LEU,3.8,166.7,0.0,0,0,H,0.024390243902439025,-69.9,-36.2,17.0,16.0,0.5151515151515151,4.5626527355729305,33,3,33,-30,0.045228601991935104,1,0,0,0,0,0,0,0,0,-1,0,0,0,0,0
1pd2,1,96,ASP,-3.5,111.1,-1.0,1,3,H,0.1165644171779141,-73.0,-32.7,15.0,13.0,0.5357142857142857,2.160247906808794,26,10,24,-14,0.04103213376587927,1,0,0,0,0,0,0,0,0,9,31,20,0,5,1
1pd2,1,97,ASP,-3.5,111.1,-1.0,1,3,H,0.49693251533742333,-58.5,-46.8,14.0,11.0,0.56,1.696580193838213,22,15,21,-6,0.03310547156110714,1,0,0,0,0,0,0,0,0,9,31,20,0,5,1
1pd2,1,98,PHE,2.8,189.9,0.0,0,0,H,0.07614213197969544,-65.0,-53.0,18.0,9.0,0.6666666666666666,2.7279177431841855,32,9,20,-11,0.03916703677652112,1,0,0,0,0,0,0,0,0,9,31,20,0,5,1
1pd2,1,99,MET,1.9,162.9,0.0,0,0,H,0.10106382978723404,-58.3,-25.2,15.0,14.0,0.5172413793103449,2.295720916208379,29,8,17,-9,0.04289723075523742,1,0,0,0,0,0,0,0,0,9,31,20,0,5,1
1pd2,1,100,SER,-0.8,89.0,0.0,1,1,T,0.5692307692307692,-73.9,-21.9,11.0,12.0,0.4782608695652174,1.8020647242957077,19,6,26,-20,0.03357174580844668,0,0,0,0,0,1,0,0,0,9,31,20,0,5,1
1pd2,1,101,LEU,3.8,166.7,0.0,0,0,T,0.5670731707317073,-65.5,-27.2,13.0,12.0,0.52,1.930647459737216,18,0,20,-20,0.032172923066428064,0,0,0,0,0,1,0,0,0,9,31,20,0,5,1
1pd2,1,102,PHE,2.8,189.9,0.0,0,0,S,0.02030456852791878,-68.4,120.8,14.0,14.0,0.5,3.7338466452922647,27,9,18,-9,0.04103213376587927,0,0,0,0,0,0,1,0,0,9,31,20,0,5,1
1pd2,1,103,PRO,-1.6,112.7,0.0,0,0,-,0.22794117647058823,-76.3,64.9,14.0,8.0,0.6363636363636364,2.03998862136943,22,13,20,-7,0.03730193978716297,0,0,0,0,0,0,0,0,0,4,209,6,0,14,1
1pd2,1,104,TRP,-0.9,227.8,0.0,1,0,T,0.42731277533039647,-52.9,-28.3,8.0,12.0,0.4,1.7896748400340987,23,15,6,9,0.027043906345693154,0,0,0,0,0,1,0,0,0,9,31,20,0,5,1
1pd2,1,105,ALA,1.8,88.6,0.0,0,0,T,0.9150943396226415,-96.8,0.1,1.0,12.0,0.07692307692307693,1.7675648983534036,14,8,18,-10,0.02471253510899547,0,0,0,0,0,1,0,0,0,4,209,6,0,14,1
1pd2,1,106,GLU,-3.5,138.4,-1.0,1,3,-,0.27835051546391754,-50.5,116.2,13.0,2.0,0.8666666666666667,1.784446716084335,15,10,18,-8,0.03403802005578621,0,0,0,0,0,0,0,0,0,4,209,6,0,14,1
1pd2,1,107,GLU,-3.5,138.4,-1.0,1,3,S,0.9123711340206185,-68.7,-45.8,0.0,10.0,0.0,1.7085113622724086,9,7,12,-5,0.025178809356335007,0,0,0,0,0,0,1,0,0,4,209,6,0,14,1
1pd2,1,108,ASN,-3.5,114.1,0.0,2,2,-,0.5222929936305732,-69.5,95.2,6.0,6.0,0.5,1.8634446891384742,11,18,34,-16,0.030774100324409453,0,0,0,0,0,0,0,0,0,4,209,6,0,14,1
1pd2,1,109,GLN,-3.5,143.8,0.0,2,2,H,0.601010101010101,-67.9,-0.9,0.0,13.0,0.0,1.6732634708198915,13,14,35,-21,0.032172923066428064,1,0,0,0,0,0,0,0,0,4,209,6,0,14,1
1pd2,1,110,ASP,-3.5,111.1,-1.0,1,3,H,0.49693251533742333,-91.5,-63.2,0.0,12.0,0.0,2.0029889974475115,11,20,21,-1,0.03170664881908853,1,0,0,0,0,0,0,0,0,-1,0,0,0,0,0
1pd2,1,111,LEU,3.8,166.7,0.0,0,0,H,0.4878048780487805,-50.2,-50.5,7.0,9.0,0.4375,2.108859610579473,15,20,33,-13,0.03590311704514436,1,0,0,0,0,0,0,0,0,-1,0,0,0,0,0
1pd2,1,112,LYS,-3.9,168.6,1.0,2,0,H,0.15121951219512195,-49.1,-63.7,8.0,11.0,0.42105263157894735,2.6858283325339625,20,8,33,-25,0.048958795970651406,1,0,0,0,0,0,0,0,0,4,209,6,0,14,1
1pd2,1,113,GLU,-3.5,138.4,-1.0,1,3,H,0.44329896907216493,-54.4,-25.0,3.0,17.0,0.15,1.8516394861875038,14,20,15,5,0.03870076252918159,1,0,0,0,0,0,0,0,0,-1,0,0,0,0,0
1pd2,1,114,ARG,-4.5,173.4,1.0,5,0,H,0.5967741935483871,-86.3,-30.8,4.0,13.0,0.23529411764705882,1.9106132112477374,12,7,24,-17,0.03450429430312575,1,0,0,0,0,0,0,0,0,-1,0,0,0,0,0
1pd2,1,115,THR,-0.7,116.1,0.0,1,1,H,0.29577464788732394,-76.1,-44.2,10.0,10.0,0.5,2.1797112438580295,21,21,29,-8,0.04149840801321881,1,0,0,0,0,0,0,0,0,-1,0,0,0,0,0
1pd2,1,116,PHE,2.8,189.9,0.0,0,0,H,0.14213197969543148,-51.9,-45.2,13.0,15.0,0.4642857142857143,2.439128233679224,30,19,28,-9,0.04662742473395372,1,0,0,0,0,0,0,0,0,-1,0,0,0,0,0
1pd2,1,117,ASN,-3.5,114.1,0.0,2,2,H,0.5796178343949044,-57.3,-46.1,5.0,16.0,0.23809523809523808,1.708482600808012,17,30,19,11,0.03683566553982344,1,0,0,0,0,0,0,0,0,-1,0,0,0,0,0
1pd2,1,118,ASP,-3.5,111.1,-1.0,1,3,H,0.43558282208588955,-63.1,-55.5,7.0,12.0,0.3684210526315789,2.052585079689558,20,22,3,19,0.03730193978716297,1,0,0,0,0,0,0,0,0,-1,0,0,0,0,0
1pd2,1,119,LEU,3.8,166.7,0.0,0,0,I,0.042682926829268296,-48.9,-55.8,14.0,11.0,0.56,3.3039431916204727,28,18,11,7,0.045694876239274644,0,0,0,0,1,0,0,0,0,-1,0,0,0,0,0
1pd2,1,120,LEU,3.8,166.7,0.0,0,0,I,0.07317073170731707,-59.9,-28.4,17.0,14.0,0.5483870967741935,2.6104253709869445,31,22,16,6,0.048958795970651406,0,0,0,0,1,0,0,0,0,-1,0,0,0,0,0
1pd2,1,121,THR,-0.7,116.1,0.0,1,1,I,0.4295774647887324,-109.5,-19.2,5.0,15.0,0.25,2.001563349002424,19,25,12,13,0.034970568550465285,0,0,0,0,1,0,0,0,0,-1,0,0,0,0,0
1pd2,1,122,ARG,-4.5,173.4,1.0,5,0,I,0.6693548387096774,-107.4,-49.3,6.0,9.0,0.4,1.9069976827717985,13,9,8,1,0.03403802005578621,0,0,0,0,1,0,0,0,0,14,39,8,0,4,1
1pd2,1,123,GLN,-3.5,143.8,0.0,2,2,I,0.3282828282828283,-83.4,-46.7,10.0,11.0,0.47619047619047616,1.7595703258388857,20,23,9,14,0.03823448828184205,0,0,0,0,1,0,0,0,0,14,39,8,0,4,1
1pd2,1,124,ALA,1.8,88.6,0.0,0,0,H,0.009433962264150943,-44.0,-46.6,18.0,15.0,0.5454545454545454,3.020081546616366,27,31,10,21,0.043363505002576956,1,0,0,0,0,0,0,0,0,14,39,8,0,4,1
1pd2,1,125,PRO,-1.6,112.7,0.0,0,0,H,0.375,-54.6,-30.6,6.0,16.0,0.2727272727272727,2.0127408390058905,22,33,11,22,0.03590311704514436,1,0,0,0,0,0,0,0,0,14,39,8,0,4,1
1pd2,1,126,HIS,-3.2,153.2,0.1,2,1,H,0.5978260869565217,-75.0,-42.6,10.0,12.0,0.45454545454545453,1.835951465146163,20,24,9,15,0.032172923066428064,1,0,0,0,0,0,0,0,0,14,39,8,0,4,1
1pd2,1,127,LEU,3.8,166.7,0.0,0,0,H,0.11585365853658537,-64.2,-49.1,17.0,15.0,0.53125,2.2815704025888506,36,24,20,4,0.043363505002576956,1,0,0,0,0,0,0,0,0,14,39,8,0,4,1
1pd2,1,128,LEU,3.8,166.7,0.0,0,0,H,0.012195121951219513,-60.3,-37.1,18.0,15.0,0.5454545454545454,3.548333586317212,32,21,16,5,0.043829779249916496,1,0,0,0,0,0,0,0,0,14,39,8,0,4,1
1pd2,1,129,LYS,-3.9,168.6,1.0,2,0,H,0.43414634146341463,-72.3,-37.9,4.0,19.0,0.17391304347826086,2.0801459849132056,21,12,16,-4,0.03776821403450251,1,0,0,0,0,0,0,0,0,14,39,8,0,4,1
1pd2,1,130,ASP,-3.5,111.1,-1.0,1,3,H,0.1901840490797546,-67.1,-42.8,14.0,11.0,0.56,1.8499468867594877,27,26,8,18,0.04103213376587927,1,0,0,0,0,0,0,0,0,-1,0,0,0,0,0
1pd2,1,131,LEU,3.8,166.7,0.0,0,0,H,0.0,-61.5,-44.3,20.0,16.0,0.5555555555555556,4.616408292325613,32,24,17,7,0.04989134446533048,1,0,0,0,0,0,0,0,0,-1,0,0,0,0,0
1pd2,1,132,ASP,-3.5,111.1,-1.0,1,3,H,0.17791411042944785,-62.7,-47.6,14.0,15.0,0.4827586206896552,2.3515891433289653,25,25,15,10,0.04662742473395372,1,0,0,0,0,0,0,0,0,-1,0,0,0,0,0
1pd2,1,133,THR,-0.7,116.1,0.0,1,1,H,0.6830985915492958,-60.1,-43.6,8.0,11.0,0.42105263157894735,1.9272668926213021,20,22,22,0,0.03170664881908853,1,0,0,0,0,0,0,0,0,-1,0,0,0,0,0
1pd2,1,134,TYR,-1.3,193.6,0.0,1,1,H,0.22072072072072071,-60.1,-51.3,17.0,9.0,0.6538461538461539,2.1035916679636393,30,18,20,-2,0.03823448828184205,1,0,0,0,0,0,0,0,0,0,3017,11,0,463,1
1pd2,1,135,LEU,3.8,166.7,0.0,0,0,H,0.024390243902439025,-60.2,-37.1,19.0,12.0,0.6129032258064516,2.5373824569566494,28,25,31,-6,0.048492521723311866,1,0,0,0,0,0,0,0,0,-1,0,0,0,0,0
1pd2,1,136,GLY,-0.4,60.1,0.0,0,0,T,0.2261904761904762,51.6,-127.6,5.0,16.0,0.23809523809523808,1.9832871152511111,21,23,24,-1,0.030307826077069916,0,0,0,0,0,1,0,0,0,-1,0,0,0,0,0
1pd2,1,137,ASP,-3.5,111.1,-1.0,1,3,T,0.901840490797546,-109.2,18.8,0.0,18.0,0.0,1.6720384222070073,15,22,14,8,0.022847438119637322,0,0,0,0,0,1,0,0,0,-1,0,0,0,0,0
1pd2,1,138,LYS,-3.9,168.6,1.0,2,0,-,0.375609756097561,-70.9,162.2,14.0,6.0,0.7,1.9201470010222503,21,11,23,-12,0.03170664881908853,0,0,0,0,0,0,0,0,0,0,3017,11,0,463,1
1pd2,1,139,GLU,-3.5,138.4,-1.0,1,3,S,0.5463917525773195,-74.4,-37.9,7.0,15.0,0.3181818181818182,1.9114028975784612,17,17,11,6,0.03683566553982344,0,0,0,0,0,0,1,0,0,12,62,4,0,4,1
1pd2,1,140,TRP,-0.9,227.8,0.0,1,0,S,0.14537444933920704,-133.8,170.5,17.0,18.0,0.4857142857142857,3.0987386462525235,27,23,19,4,0.04989134446533048,0,0,0,0,0,0,1,0,0,12,62,4,0,4,1
1pd2,1,141,PHE,2.8,189.9,0.0,0,0,S,0.01015228426395939,-49.9,-49.7,24.0,17.0,0.5853658536585366,5.456222060984729,39,16,26,-10,0.04662742473395372,0,0,0,0,0,0,1,0,0,0,3017,11,0,463,1
1pd2,1,142,ILE,4.5,166.7,0.0,0,0,S,0.10650887573964497,-77.6,-31.7,22.0,12.0,0.6470588235294118,2.2945289750829687,29,17,25,-8,0.04709369898129325,0,0,0,0,0,0,1,0,0,0,3017,11,0,463,1
1pd2,1,143,GLY,-0.4,60.1,0.0,0,0,S,0.17857142857142858,157.7,-115.9,6.0,16.0,0.2727272727272727,1.9768961216751206,20,15,23,-8,0.03730193978716297,0,0,0,0,0,0,1,0,0,12,62,4,0,4,1
1pd2,1,144,ASN,-3.5,114.1,0.0,2,2,S,0.7197452229299363,-100.0,16.2,0.0,17.0,0.0,1.6675662512825646,14,13,19,-6,0.03124037457174899,0,0,0,0,0,0,1,0,0,12,62,4,0,4,1
1pd2,1,145,TYR,-1.3,193.6,0.0,1,1,S,0.11261261261261261,-141.5,146.5,9.0,16.0,0.36,2.3982644204850883,23,12,31,-19,0.03870076252918159,0,0,0,0,0,0,1,0,0,24,24,3,0,0,1
1pd2,1,146,VAL,4.2,140.0,0.0,0,0,-,0.11971830985915492,-73.0,139.8,15.0,19.0,0.4411764705882353,2.193097947335049,26,13,25,-12,0.04755997322863279,0,0,0,0,0,0,0,0,0,12,62,4,0,4,1
1pd2,1,147,THR,-0.7,116.1,0.0,1,1,-,0.0,-131.2,169.4,20.0,20.0,0.5,4.612691406372091,35,7,29,-22,0.0526889899493677,0,0,0,0,0,0,0,0,0,-1,0,0,0,0,0
1pd2,1,148,TRP,-0.9,227.8,0.0,1,0,H,0.0,-69.5,-8.0,25.0,21.0,0.5434782608695652,4.301152316244339,40,13,25,-12,0.048492521723311866,1,0,0,0,0,0,0,0,0,-1,0,0,0,0,0
1pd2,1,149,ALA,1.8,88.6,0.0,0,0,H,0.009433962264150943,-68.9,-42.4,24.0,20.0,0.5454545454545454,6.71547768442632,42,0,24,-24,0.05035761871267001,1,0,0,0,0,0,0,0,0,-1,0,0,0,0,0
1pd2,1,150,ASP,-3.5,111.1,-1.0,1,3,H,0.0,-62.7,-39.2,24.0,20.0,0.5454545454545454,7.115043480669241,39,15,13,2,0.05175644145468863,1,0,0,0,0,0,0,0,0,12,62,4,0,4,1
1pd2,1,151,PHE,2.8,189.9,0.0,0,0,H,0.0,-60.9,-45.2,21.0,23.0,0.4772727272727273,6.284382511207874,41,12,23,-11,0.05408781269138631,1,0,0,0,0,0,0,0,0,-1,0,0,0,0,0
1pd2,1,152,TYR,-1.3,193.6,0.0,1,1,H,0.04504504504504504,-61.5,-39.1,20.0,24.0,0.45454545454545453,3.516406662679485,38,11,38,-27,0.05129016720734909,1,0,0,0,0,0,0,0,0,-1,0,0,0,0,0
1pd2,1,153,TRP,-0.9,227.8,0.0,1,0,H,0.004405286343612335,-63.3,-39.1,22.0,21.0,0.5116279069767442,6.656845547054689,37,13,19,-6,0.048958795970651406,1,0,0,0,0,0,0,0,0,-1,0,0,0,0,0
1pd2,1,154,ASP,-3.5,111.1,-1.0,1,3,H,0.0,-67.6,-38.7,22.0,15.0,0.5945945945945946,3.246157681662231,37,26,14,12,0.05408781269138631,1,0,0,0,0,0,0,0,0,-1,0,0,0,0,0
1pd2,1,155,ILE,4.5,166.7,0.0,0,0,H,0.07100591715976332,-67.3,-45.8,21.0,16.0,0.5675675675675675,2.8260417150803803,34,35,23,12,0.050823892960009553,1,0,0,0,0,0,0,0,0,-1,0,0,0,0,0
1pd2,1,156,CYS,2.5,108.5,0.0,1,0,H,0.044444444444444446,-68.0,-43.5,19.0,17.0,0.5277777777777778,2.380666819734974,42,20,23,-3,0.04476232774459557,1,0,0,0,0,0,0,0,0,-1,0,0,0,0,0
1pd2,1,157,SER,-0.8,89.0,0.0,1,1,H,0.015384615384615385,-66.6,-27.7,19.0,17.0,0.5277777777777778,4.225120327476774,36,19,10,9,0.045694876239274644,1,0,0,0,0,0,0,0,0,-1,0,0,0,0,0
1pd2,1,158,THR,-0.7,116.1,0.0,1,1,H,0.14788732394366197,-61.9,-53.6,16.0,15.0,0.5161290322580645,2.1227335925346473,29,33,12,21,0.04149840801321881,1,0,0,0,0,0,0,0,0,-1,0,0,0,0,0
1pd2,1,159,THR,-0.7,116.1,0.0,1,1,H,0.09154929577464789,-61.5,-45.1,13.0,13.0,0.5,2.9148509734879657,28,31,7,24,0.043363505002576956,1,0,0,0,0,0,0,0,0,-1,0,0,0,0,0
1pd2,1,160,LEU,3.8,166.7,0.0,0,0,H,0.03048780487804878,-57.6,-35.7,16.0,13.0,0.5517241379310345,5.102222423833808,32,16,7,9,0.04429605349725603,1,0,0,0,0,0,0,0,0,29,16,2,0,0,1
1pd2,1,161,LEU,3.8,166.7,0.0,0,0,H,0.2621951219512195,-74.1,-21.4,11.0,11.0,0.5,2.2084611805406404,25,19,11,8,0.04103213376587927,1,0,0,0,0,0,0,0,0,29,16,2,0,0,1
1pd2,1,162,VAL,4.2,140.0,0.0,0,0,H,0.4154929577464789,-72.6,-32.5,8.0,10.0,0.4444444444444444,1.9809088376470252,22,22,1,21,0.032639197313767604,1,0,0,0,0,0,0,0,0,29,16,2,0,0,1
1pd2,1,163,LEU,3.8,166.7,0.0,0,0,H,0.23780487804878048,-77.9,-59.7,19.0,6.0,0.76,2.0581183263756397,25,18,7,11,0.03357174580844668,1,0,0,0,0,0,0,0,0,29,16,2,0,0,1
1pd2,1,164,LYS,-3.9,168.6,1.0,2,0,-,0.2634146341463415,-128.0,89.8,12.0,8.0,0.6,2.3208312685512413,22,1,8,-7,0.032639197313767604,0,0,0,0,0,0,0,0,0,29,16,2,0,0,1
1pd2,1,165,PRO,-1.6,112.7,0.0,0,0,T,0.75,-43.4,-32.7,0.0,13.0,0.0,1.9674245802645949,13,9,8,1,0.02797645484037223,0,0,0,0,0,1,0,0,0,29,16,2,0,0,1
1pd2,1,166,ASP,-3.5,111.1,-1.0,1,3,T,0.6441717791411042,-100.4,12.3,1.0,17.0,0.05555555555555555,1.745956006226733,14,9,0,9,0.024246260861655933,0,0,0,0,0,1,0,0,0,29,16,2,0,0,1
1pd2,1,167,LEU,3.8,166.7,0.0,0,0,T,0.08536585365853659,-53.3,-41.7,21.0,7.0,0.75,2.4389168707469513,31,13,8,5,0.03683566553982344,0,0,0,0,0,1,0,0,0,29,16,2,0,0,1
1pd2,1,168,LEU,3.8,166.7,0.0,0,0,T,0.06097560975609756,-93.0,4.7,15.0,14.0,0.5172413793103449,2.2425428128815077,27,24,11,13,0.03776821403450251,0,0,0,0,0,1,0,0,0,-1,0,0,0,0,0
1pd2,1,169,GLY,-0.4,60.1,0.0,0,0,T,0.7380952380952381,-49.5,-36.8,5.0,10.0,0.3333333333333333,1.7095422753187492,15,8,9,-1,0.025645083603674543,0,0,0,0,0,1,0,0,0,-1,0,0,0,0,0
1pd2,1,170,ILE,4.5,166.7,0.0,0,0,T,0.8047337278106509,-86.9,-6.3,6.0,9.0,0.4,2.021194011494253,14,9,10,-1,0.020516066882939634,0,0,0,0,0,1,0,0,0,-1,0,0,0,0,0
1pd2,1,171,TYR,-1.3,193.6,0.0,1,1,-,0.16666666666666666,-118.4,75.7,20.0,5.0,0.8,2.2946852701011693,23,21,14,7,0.0363693912924839,0,0,0,0,0,0,0,0,0,-1,0,0,0,0,0
1pd2,1,172,PRO,-1.6,112.7,0.0,0,0,H,0.6691176470588235,-58.7,-35.6,1.0,18.0,0.05263157894736842,1.901302000933932,18,14,9,5,0.030307826077069916,1,0,0,0,0,0,0,0,0,-1,0,0,0,0,0
1pd2,1,173,ARG,-4.5,173.4,1.0,5,0,H,0.31048387096774194,-64.3,-41.0,13.0,12.0,0.52,1.880463900300809,25,12,21,-9,0.03683566553982344,1,0,0,0,0,0,0,0,0,-1,0,0,0,0,0
1pd2,1,174,LEU,3.8,166.7,0.0,0,0,H,0.0,-70.4,-31.2,18.0,17.0,0.5142857142857142,4.490708949368857,33,29,16,13,0.04942507021799094,1,0,0,0,0,0,0,0,0,25,38,2,0,0,1
1pd2,1,175,VAL,4.2,140.0,0.0,0,0,H,0.31690140845070425,-70.4,-46.2,8.0,19.0,0.2962962962962963,2.4996889672714677,22,27,5,22,0.040565859518539735,1,0,0,0,0,0,0,0,0,25,38,2,0,0,1
1pd2,1,176,SER,-0.8,89.0,0.0,1,1,H,0.38461538461538464,-60.4,-43.5,12.0,14.0,0.46153846153846156,1.87863649401562,23,29,8,21,0.032639197313767604,1,0,0,0,0,0,0,0,0,25,38,2,0,0,1
1pd2,1,177,LEU,3.8,166.7,0.0,0,0,H,0.0,-55.1,-50.7,27.0,9.0,0.75,3.5725024862978754,35,33,25,8,0.050823892960009553,1,0,0,0,0,0,0,0,0,25,38,2,0,0,1
1pd2,1,178,ARG,-4.5,173.4,1.0,5,0,H,0.12903225806451613,-66.7,-31.4,13.0,19.0,0.40625,3.1325485377362865,30,14,12,2,0.05129016720734909,1,0,0,0,0,0,0,0,0,25,38,2,0,0,1
1pd2,1,179,ASN,-3.5,114.1,0.0,2,2,H,0.5222929936305732,-65.9,-42.9,6.0,18.0,0.25,1.7615492498423833,21,24,6,18,0.03730193978716297,1,0,0,0,0,0,0,0,0,25,38,2,0,0,1
1pd2,1,180,LYS,-3.9,168.6,1.0,2,0,H,0.3463414634146341,-60.6,-49.2,13.0,10.0,0.5652173913043478,1.9251502641743379,26,12,19,-7,0.034970568550465285,1,0,0,0,0,0,0,0,0,25,38,2,0,0,1
1pd2,1,181,VAL,4.2,140.0,0.0,0,0,H,0.0,-55.3,-41.4,20.0,15.0,0.5714285714285714,4.390033721206971,34,21,18,3,0.050823892960009553,1,0,0,0,0,0,0,0,0,-1,0,0,0,0,0
1pd2,1,182,GLN,-3.5,143.8,0.0,2,2,H,0.2777777777777778,-71.4,-22.1,12.0,16.0,0.42857142857142855,1.9378900770075214,29,22,10,12,0.04289723075523742,1,0,0,0,0,0,0,0,0,25,38,2,0,0,1
1pd2,1,183,ALA,1.8,88.6,0.0,0,0,H,0.6415094339622641,-80.5,-18.4,5.0,15.0,0.25,1.7676171863769259,20,12,3,9,0.030774100324409453,1,0,0,0,0,0,0,0,0,-1,0,0,0,0,0
1pd2,1,184,ILE,4.5,166.7,0.0,0,0,S,0.15976331360946747,-57.6,124.7,17.0,6.0,0.7391304347826086,2.221023415292196,23,10,6,4,0.032639197313767604,0,0,0,0,0,0,1,0,0,-1,0,0,0,0,0
1pd2,1,185,PRO,-1.6,112.7,0.0,0,0,H,0.7647058823529411,-45.1,-52.0,2.0,16.0,0.1111111111111111,1.91412405951661,15,2,0,2,0.023779986614316396,1,0,0,0,0,0,0,0,0,-1,0,0,0,0,0
1pd2,1,186,ALA,1.8,88.6,0.0,0,0,H,0.3113207547169811,-59.6,-35.5,10.0,13.0,0.43478260869565216,1.8610653139325433,23,7,7,0,0.03403802005578621,1,0,0,0,0,0,0,0,0,-1,0,0,0,0,0
1pd2,1,187,ILE,4.5,166.7,0.0,0,0,H,0.0,-75.7,-45.5,16.0,15.0,0.5161290322580645,4.17791761904596,32,20,13,7,0.04942507021799094,1,0,0,0,0,0,0,0,0,-1,0,0,0,0,0
1pd2,1,188,SER,-0.8,89.0,0.0,1,1,H,0.35384615384615387,-54.1,-43.3,5.0,16.0,0.23809523809523808,1.9498744943368858,20,16,2,14,0.034970568550465285,1,0,0,0,0,0,0,0,0,-1,0,0,0,0,0
1pd2,1,189,ALA,1.8,88.6,0.0,0,0,H,0.5188679245283019,-64.5,-42.9,6.0,12.0,0.3333333333333333,1.8463795698664505,17,21,0,21,0.030774100324409453,1,0,0,0,0,0,0,0,0,-1,0,0,0,0,0
1pd2,1,190,TRP,-0.9,227.8,0.0,1,0,H,0.08370044052863436,-62.4,-50.3,19.0,8.0,0.7037037037037037,2.574922168102137,28,39,14,25,0.04476232774459557,1,0,0,0,0,0,0,0,0,-1,0,0,0,0,0
1pd2,1,191,ILE,4.5,166.7,0.0,0,0,H,0.24260355029585798,-53.2,-43.2,12.0,14.0,0.46153846153846156,2.3830372859551754,24,30,9,21,0.03963331102386066,1,0,0,0,0,0,0,0,0,-1,0,0,0,0,0
1pd2,1,192,LEU,3.8,166.7,0.0,0,0,H,0.9451219512195121,-69.3,-38.9,5.0,9.0,0.35714285714285715,1.900719945759639,12,20,0,20,0.02844272908771177,1,0,0,0,0,0,0,0,0,-1,0,0,0,0,0
1pd2,1,193,LYS,-3.9,168.6,1.0,2,0,H,0.7121951219512195,-87.0,-19.3,6.0,7.0,0.46153846153846156,1.9247520552894553,17,17,4,13,0.028909003335051305,1,0,0,0,0,0,0,0,0,-1,0,0,0,0,0
1pd2,1,194,ARG,-4.5,173.4,1.0,5,0,S,0.13306451612903225,-63.0,139.1,16.0,5.0,0.7619047619047619,2.2385976090138677,28,36,13,23,0.03590311704514436,0,0,0,0,0,0,1,0,0,5,130,5,0,8,1
1pd2,1,195,PRO,-1.6,112.7,0.0,0,0,P,0.375,-57.3,128.2,11.0,6.0,0.6470588235294118,1.9935379641457303,19,49,9,40,0.03170664881908853,0,0,0,0,0,0,0,0,0,5,130,5,0,8,1
1pd2,1,196,GLN,-3.5,143.8,0.0,2,2,P,1.0,-67.3,123.4,1.0,11.0,0.08333333333333333,1.6523116452036914,12,28,0,28,0.024246260861655933,0,0,0,0,0,0,0,0,0,5,130,5,0,8,1
1pd2,1,197,THR,-0.7,116.1,0.0,1,1,-,0.2746478873239437,-147.6,155.8,11.0,5.0,0.6875,1.8292302901264261,19,40,5,35,0.030774100324409453,0,0,0,0,0,0,0,0,0,5,130,5,0,8,1
1pd2,1,198,LYS,-3.9,168.6,1.0,2,0,-,0.7121951219512195,-75.1,-48.3,2.0,13.0,0.13333333333333333,1.9930925648452638,16,9,0,9,0.02471253510899547,0,0,0,0,0,0,0,0,0,5,130,5,0,8,1
1pd2,1,199,LEU,3.8,166.7,0.0,0,0,-,0.3353658536585366,-116.8,360.0,5.0,17.0,0.22727272727272727,1.9707757549548424,26,25,4,21,0.03170664881908853,0,0,0,0,0,0,0,0,0,-1,0,0,0,0,0
1pd2,2,1,MET,1.9,162.9,0.0,0,0,-,1.0,360.0,-67.3,0.0,10.0,0.0,1.8295400104664603,10,6,4,2,0.013521953172846577,0,0,0,0,0,0,0,0,0,27,18,2,0,0,1
1pd2,2,2,PRO,-1.6,112.7,0.0,0,0,-,0.3382352941176471,-79.9,163.6,9.0,6.0,0.6,1.850493994342261,16,10,13,-3,0.022847438119637322,0,0,0,0,0,0,0,0,0,37,1,1,0,0,1
1pd2,2,3,ASN,-3.5,114.1,0.0,2,2,-,0.6305732484076433,-90.4,133.6,4.0,13.0,0.23529411764705882,1.818776565617093,17,18,28,-10,0.03357174580844668,0,0,0,0,0,0,0,0,0,37,1,1,0,0,1
1pd2,2,4,TYR,-1.3,193.6,0.0,1,1,E,0.1036036036036036,-121.9,141.9,15.0,11.0,0.5769230769230769,2.7552920475512646,25,18,28,-10,0.04709369898129325,0,0,1,0,0,0,0,0,0,31,24,1,0,0,1
1pd2,2,5,LYS,-3.9,168.6,1.0,2,0,E,0.21951219512195122,-130.8,108.2,7.0,21.0,0.25,2.210875462098515,21,13,31,-18,0.04709369898129325,0,0,1,0,0,0,0,0,0,31,24,1,0,0,1
1pd2,2,6,LEU,3.8,166.7,0.0,0,0,E,0.0,-89.3,133.7,19.0,17.0,0.5277777777777778,3.8397809532965885,34,46,30,16,0.0526889899493677,0,0,1,0,0,0,0,0,0,34,8,1,0,0,1
1pd2,2,7,LEU,3.8,166.7,0.0,0,0,E,0.12804878048780488,-125.4,124.0,15.0,23.0,0.39473684210526316,2.6775985603594092,32,35,24,11,0.04942507021799094,0,0,1,0,0,0,0,0,0,34,8,1,0,0,1
1pd2,2,8,TYR,-1.3,193.6,0.0,1,1,E,0.08108108108108109,-164.5,-176.5,18.0,17.0,0.5142857142857142,3.683274026242909,29,44,18,26,0.053621538444046775,0,0,1,0,0,0,0,0,0,-1,0,0,0,0,0
1pd2,2,9,PHE,2.8,189.9,0.0,0,0,E,0.14213197969543148,-79.5,162.0,12.0,16.0,0.42857142857142855,2.455654855732995,28,30,17,13,0.04616115048661418,0,0,1,0,0,0,0,0,0,17,24,9,0,2,1
1pd2,2,10,ASN,-3.5,114.1,0.0,2,2,S,0.3503184713375796,-77.0,77.5,8.0,19.0,0.2962962962962963,1.7825182341194865,20,37,17,20,0.043363505002576956,0,0,0,0,0,0,1,0,0,-1,0,0,0,0,0
1pd2,2,11,MET,1.9,162.9,0.0,0,0,S,0.2393617021276596,-166.1,164.8,10.0,17.0,0.37037037037037035,2.907055867829153,25,45,17,28,0.04942507021799094,0,0,0,0,0,0,1,0,0,17,24,9,0,2,1
1pd2,2,12,ARG,-4.5,173.4,1.0,5,0,S,0.06048387096774194,-66.3,-62.6,15.0,16.0,0.4838709677419355,2.4886152008602505,31,35,13,22,0.048958795970651406,0,0,0,0,0,0,1,0,0,7,112,5,0,6,1
1pd2,2,13,GLY,-0.4,60.1,0.0,0,0,T,0.3333333333333333,39.3,-134.6,11.0,18.0,0.3793103448275862,1.709618262350039,31,41,10,31,0.03823448828184205,0,0,0,0,0,1,0,0,0,-1,0,0,0,0,0
1pd2,2,14,ARG,-4.5,173.4,1.0,5,0,T,0.32661290322580644,-77.3,-22.9,17.0,17.0,0.5,1.8840336558745927,35,12,18,-6,0.03683566553982344,0,0,0,0,0,1,0,0,0,8,33,20,0,6,1
1pd2,2,15,ALA,1.8,88.6,0.0,0,0,T,0.0,-83.9,-20.0,18.0,18.0,0.5,3.3407688216001055,35,39,15,24,0.04616115048661418,0,0,0,0,0,1,0,0,0,-1,0,0,0,0,0
1pd2,2,16,GLU,-3.5,138.4,-1.0,1,3,H,0.0,-53.2,-35.2,19.0,22.0,0.4634146341463415,3.5169739181543602,35,43,10,33,0.048492521723311866,1,0,0,0,0,0,0,0,0,-1,0,0,0,0,0
1pd2,2,17,ILE,4.5,166.7,0.0,0,0,H,0.011834319526627219,-63.9,-36.6,21.0,17.0,0.5526315789473685,3.0677102590233605,40,29,20,9,0.05175644145468863,1,0,0,0,0,0,0,0,0,-1,0,0,0,0,0
1pd2,2,18,ILE,4.5,166.7,0.0,0,0,H,0.0,-67.3,-43.3,23.0,20.0,0.5348837209302325,5.258589369490405,41,24,15,9,0.04942507021799094,1,0,0,0,0,0,0,0,0,-1,0,0,0,0,0
1pd2,2,19,ARG,-4.5,173.4,1.0,5,0,H,0.0,-62.5,-34.7,22.0,23.0,0.4888888888888889,3.8863550087962437,37,38,21,17,0.04989134446533048,1,0,0,0,0,0,0,0,0,-1,0,0,0,0,0
1pd2,2,20,TYR,-1.3,193.6,0.0,1,1,H,0.0,-67.1,-48.4,21.0,20.0,0.5121951219512195,4.217580564860788,39,26,22,4,0.05222271570202816,1,0,0,0,0,0,0,0,0,-1,0,0,0,0,0
1pd2,2,21,ILE,4.5,166.7,0.0,0,0,H,0.0,-58.4,-44.7,21.0,17.0,0.5526315789473685,5.365324708819859,36,12,10,2,0.05129016720734909,1,0,0,0,0,0,0,0,0,-1,0,0,0,0,0
1pd2,2,22,PHE,2.8,189.9,0.0,0,0,H,0.005076142131979695,-61.4,-45.5,17.0,15.0,0.53125,3.3422239512408853,31,19,20,-1,0.04476232774459557,1,0,0,0,0,0,0,0,0,-1,0,0,0,0,0
1pd2,2,23,ALA,1.8,88.6,0.0,0,0,H,0.24528301886792453,-58.2,-48.2,19.0,9.0,0.6785714285714286,1.9108162866501377,25,16,11,5,0.04709369898129325,1,0,0,0,0,0,0,0,0,-1,0,0,0,0,0
1pd2,2,24,TYR,-1.3,193.6,0.0,1,1,H,0.3963963963963964,-63.2,-45.9,18.0,13.0,0.5806451612903226,2.138667157065925,27,2,13,-11,0.040099585271200194,1,0,0,0,0,0,0,0,0,-1,0,0,0,0,0
1pd2,2,25,LEU,3.8,166.7,0.0,0,0,T,0.3231707317073171,-82.1,3.3,17.0,8.0,0.68,2.0093969347795397,24,9,9,0,0.03170664881908853,0,0,0,0,0,1,0,0,0,-1,0,0,0,0,0
1pd2,2,26,ASP,-3.5,111.1,-1.0,1,3,T,0.8895705521472392,53.1,39.2,2.0,16.0,0.1111111111111111,1.7493467841479549,13,10,0,10,0.025645083603674543,0,0,0,0,0,1,0,0,0,19,71,3,0,2,1
1pd2,2,27,ILE,4.5,166.7,0.0,0,0,-,0.23668639053254437,-95.7,122.8,17.0,4.0,0.8095238095238095,1.9073374620825037,18,13,9,4,0.03450429430312575,0,0,0,0,0,0,0,0,0,19,71,3,0,2,1
1pd2,2,28,LYS,-3.9,168.6,1.0,2,0,-,0.824390243902439,-71.5,145.7,3.0,16.0,0.15789473684210525,1.8707184772987218,14,4,17,-13,0.030774100324409453,0,0,0,0,0,0,0,0,0,19,71,3,0,2,1
1pd2,2,29,TYR,-1.3,193.6,0.0,1,1,-,0.16216216216216217,-160.0,162.9,19.0,5.0,0.7916666666666666,2.0134475064586757,27,42,24,18,0.04149840801321881,0,0,0,0,0,0,0,0,0,19,71,3,0,2,1
1pd2,2,30,GLU,-3.5,138.4,-1.0,1,3,E,0.44329896907216493,-93.5,120.4,11.0,9.0,0.55,2.029292452728194,17,37,17,20,0.034970568550465285,0,0,1,0,0,0,0,0,0,34,8,1,0,0,1
1pd2,2,31,ASP,-3.5,111.1,-1.0,1,3,E,0.26993865030674846,-93.6,79.1,14.0,16.0,0.4666666666666667,1.9636532999259697,27,49,13,36,0.03916703677652112,0,0,1,0,0,0,0,0,0,34,8,1,0,0,1
1pd2,2,32,HIS,-3.2,153.2,0.1,2,1,E,0.46195652173913043,-76.7,107.3,11.0,10.0,0.5238095238095238,2.161216316647802,19,22,25,-3,0.0363693912924839,0,0,1,0,0,0,0,0,0,34,8,1,0,0,1
1pd2,2,33,ARG,-4.5,173.4,1.0,5,0,E,0.1693548387096774,-103.0,137.0,10.0,17.0,0.37037037037037035,2.113391212405336,27,28,29,-1,0.043363505002576956,0,0,1,0,0,0,0,0,0,34,8,1,0,0,1
1pd2,2,34,ILE,4.5,166.7,0.0,0,0,E,0.03550295857988166,-120.2,155.6,13.0,7.0,0.65,2.5275390900148134,23,28,21,7,0.04196468226055834,0,0,1,0,0,0,0,0,0,17,24,9,0,2,1
1pd2,2,35,GLU,-3.5,138.4,-1.0,1,3,-,0.5463917525773195,-92.4,154.9,2.0,13.0,0.13333333333333333,2.0024929428531526,17,14,8,6,0.03310547156110714,0,0,0,0,0,0,0,0,0,21,34,3,0,1,1
1pd2,2,36,GLN,-3.5,143.8,0.0,2,2,T,0.5808080808080808,-52.2,-37.5,1.0,14.0,0.06666666666666667,1.6523773852424697,14,3,17,-14,0.032172923066428064,0,0,0,0,0,1,0,0,0,21,34,3,0,1,1
1pd2,2,37,ALA,1.8,88.6,0.0,0,0,T,0.7075471698113207,-58.8,-28.9,0.0,12.0,0.0,1.767494753739589,10,9,17,-8,0.02471253510899547,0,0,0,0,0,1,0,0,0,21,34,3,0,1,1
1pd2,2,38,ASP,-3.5,111.1,-1.0,1,3,T,0.44171779141104295,-85.9,-26.2,8.0,7.0,0.5333333333333333,1.916612406648255,16,19,9,10,0.032172923066428064,0,0,0,0,0,1,0,0,0,21,34,3,0,1,1
1pd2,2,39,TRP,-0.9,227.8,0.0,1,0,H,0.16740088105726872,-45.8,-48.4,11.0,10.0,0.5238095238095238,2.6287823586565793,21,27,13,14,0.04103213376587927,1,0,0,0,0,0,0,0,0,21,34,3,0,1,1
1pd2,2,40,PRO,-1.6,112.7,0.0,0,0,H,0.6102941176470589,-52.6,-33.1,3.0,11.0,0.21428571428571427,1.9252522755733923,14,18,12,6,0.030307826077069916,1,0,0,0,0,0,0,0,0,21,34,3,0,1,1
1pd2,2,41,LYS,-3.9,168.6,1.0,2,0,H,0.6487804878048781,-77.2,-34.4,5.0,8.0,0.38461538461538464,1.9117610632474549,11,7,11,-4,0.027043906345693154,1,0,0,0,0,0,0,0,0,21,34,3,0,1,1
1pd2,2,42,ILE,4.5,166.7,0.0,0,0,H,0.24260355029585798,-83.4,-45.5,14.0,9.0,0.6086956521739131,2.2431775616469705,21,27,11,16,0.03590311704514436,1,0,0,0,0,0,0,0,0,10,64,6,0,5,1
1pd2,2,43,LYS,-3.9,168.6,1.0,2,0,G,0.40487804878048783,-36.3,-52.8,8.0,13.0,0.38095238095238093,2.258716957878899,20,19,6,13,0.040099585271200194,0,0,0,1,0,0,0,0,0,10,64,6,0,5,1
1pd2,2,44,PRO,-1.6,112.7,0.0,0,0,G,0.7720588235294118,-63.8,-8.9,3.0,12.0,0.2,1.8931197416772316,14,22,5,17,0.02797645484037223,0,0,0,1,0,0,0,0,0,10,64,6,0,5,1
1pd2,2,45,THR,-0.7,116.1,0.0,1,1,G,0.7394366197183099,-92.4,-17.4,6.0,9.0,0.4,1.8416389725485423,16,17,1,16,0.02331371236697686,0,0,0,1,0,0,0,0,0,10,64,6,0,5,1
1pd2,2,46,LEU,3.8,166.7,0.0,0,0,S,0.14634146341463414,-83.4,144.6,18.0,7.0,0.72,2.327588147777233,21,28,4,24,0.03170664881908853,0,0,0,0,0,0,1,0,0,20,9,11,0,1,1
1pd2,2,47,PRO,-1.6,112.7,0.0,0,0,T,0.3897058823529412,-42.4,-69.0,17.0,14.0,0.5483870967741935,1.8339158754403964,27,31,8,23,0.03403802005578621,0,0,0,0,0,1,0,0,0,20,9,11,0,1,1
1pd2,2,48,PHE,2.8,189.9,0.0,0,0,T,0.09137055837563451,-102.8,28.2,18.0,13.0,0.5806451612903226,1.9975603881772797,32,36,16,20,0.03357174580844668,0,0,0,0,0,1,0,0,0,20,9,11,0,1,1
1pd2,2,49,GLY,-0.4,60.1,0.0,0,0,S,0.13095238095238096,54.9,25.5,7.0,18.0,0.28,2.1242536275018518,23,34,6,28,0.03590311704514436,0,0,0,0,0,0,1,0,0,20,9,11,0,1,1
1pd2,2,50,LYS,-3.9,168.6,1.0,2,0,-,0.6390243902439025,-137.1,165.7,10.0,18.0,0.35714285714285715,1.8707499944114678,23,22,8,14,0.03730193978716297,0,0,0,0,0,0,0,0,0,10,64,6,0,5,1
1pd2,2,51,ILE,4.5,166.7,0.0,0,0,S,0.14792899408284024,-128.6,164.2,20.0,16.0,0.5555555555555556,2.3041690261139447,32,38,0,38,0.04243095650789788,0,0,0,0,0,0,1,0,0,-1,0,0,0,0,0
1pd2,2,52,PRO,-1.6,112.7,0.0,0,0,-,0.03676470588235294,-72.5,161.7,24.0,17.0,0.5853658536585366,2.4688252179695875,36,40,6,34,0.04616115048661418,0,0,0,0,0,0,0,0,0,-1,0,0,0,0,0
1pd2,2,53,VAL,4.2,140.0,0.0,0,0,E,0.04929577464788732,-137.0,151.8,15.0,23.0,0.39473684210526316,2.5838442206158025,33,32,10,22,0.04709369898129325,0,0,1,0,0,0,0,0,0,20,9,11,0,1,1
1pd2,2,54,LEU,3.8,166.7,0.0,0,0,E,0.0,-121.6,119.1,23.0,18.0,0.5609756097560976,3.7621351238646046,33,18,19,-1,0.04662742473395372,0,0,1,0,0,0,0,0,0,-1,0,0,0,0,0
1pd2,2,55,GLU,-3.5,138.4,-1.0,1,3,E,0.3247422680412371,-90.3,116.7,11.0,14.0,0.44,2.352363960438159,21,13,18,-5,0.04103213376587927,0,0,1,0,0,0,0,0,0,-1,0,0,0,0,0
1pd2,2,56,VAL,4.2,140.0,0.0,0,0,E,0.09154929577464789,-124.5,112.6,10.0,12.0,0.45454545454545453,2.448749822695414,22,10,18,-8,0.045228601991935104,0,0,1,0,0,0,0,0,0,37,1,1,0,0,1
1pd2,2,57,GLU,-3.5,138.4,-1.0,1,3,T,0.8247422680412371,51.3,36.1,3.0,11.0,0.21428571428571427,1.767245783344294,14,6,9,-3,0.02611135785101408,0,0,0,0,0,1,0,0,0,37,1,1,0,0,1
1pd2,2,58,GLY,-0.4,60.1,0.0,0,0,T,0.7142857142857143,75.7,32.6,0.0,13.0,0.0,1.7095264313634884,11,8,18,-10,0.022381163872297785,0,0,0,0,0,1,0,0,0,37,1,1,0,0,1
1pd2,2,59,LEU,3.8,166.7,0.0,0,0,E,0.3780487804878049,-130.9,130.3,9.0,11.0,0.45,2.1595503866888057,19,8,19,-11,0.026577632098353617,0,0,1,0,0,0,0,0,0,30,2,9,0,0,1
1pd2,2,60,THR,-0.7,116.1,0.0,1,1,E,0.4295774647887324,-98.9,112.7,11.0,16.0,0.4074074074074074,1.8858404970495342,26,18,14,4,0.03357174580844668,0,0,1,0,0,0,0,0,0,20,9,11,0,1,1
1pd2,2,61,LEU,3.8,166.7,0.0,0,0,E,0.024390243902439025,-95.5,157.1,25.0,14.0,0.6410256410256411,2.650670614532623,37,15,16,-1,0.04429605349725603,0,0,1,0,0,0,0,0,0,30,2,9,0,0,1
1pd2,2,62,HIS,-3.2,153.2,0.1,2,1,E,0.11956521739130435,-140.5,170.5,10.0,29.0,0.2564102564102564,2.0815761101464645,33,7,16,-9,0.04616115048661418,0,0,1,0,0,0,0,0,0,20,9,11,0,1,1
1pd2,2,63,GLN,-3.5,143.8,0.0,2,2,-,0.15151515151515152,79.0,101.7,17.0,21.0,0.4473684210526316,2.0041799039477515,32,34,30,4,0.04709369898129325,0,0,0,0,0,0,0,0,0,-1,0,0,0,0,0
1pd2,2,64,SER,-0.8,89.0,0.0,1,1,H,0.023076923076923078,-49.1,-46.9,18.0,20.0,0.47368421052631576,2.541035019497492,36,34,23,11,0.045694876239274644,1,0,0,0,0,0,0,0,0,-1,0,0,0,0,0
1pd2,2,65,LEU,3.8,166.7,0.0,0,0,H,0.04878048780487805,-74.6,-26.6,17.0,26.0,0.3953488372093023,2.62207758293572,28,30,43,-13,0.043363505002576956,1,0,0,0,0,0,0,0,0,-1,0,0,0,0,0
1pd2,2,66,ALA,1.8,88.6,0.0,0,0,H,0.0,-72.0,-40.5,19.0,19.0,0.5,4.176555748171601,32,34,24,10,0.05035761871267001,1,0,0,0,0,0,0,0,0,-1,0,0,0,0,0
1pd2,2,67,ILE,4.5,166.7,0.0,0,0,H,0.0,-68.7,-40.6,21.0,19.0,0.525,4.810254764091624,37,29,14,15,0.04989134446533048,1,0,0,0,0,0,0,0,0,-1,0,0,0,0,0
1pd2,2,68,ALA,1.8,88.6,0.0,0,0,H,0.0,-62.5,-42.9,22.0,17.0,0.5641025641025641,5.555240659963561,36,28,9,19,0.04709369898129325,1,0,0,0,0,0,0,0,0,-1,0,0,0,0,0
1pd2,2,69,ARG,-4.5,173.4,1.0,5,0,H,0.04838709677419355,-68.0,-32.6,21.0,19.0,0.525,2.4213626795885124,28,14,27,-13,0.04616115048661418,1,0,0,0,0,0,0,0,0,-1,0,0,0,0,0
1pd2,2,70,TYR,-1.3,193.6,0.0,1,1,H,0.13513513513513514,-72.0,-39.0,21.0,12.0,0.6363636363636364,2.321609448843105,31,20,16,4,0.043829779249916496,1,0,0,0,0,0,0,0,0,30,2,9,0,0,1
1pd2,2,71,LEU,3.8,166.7,0.0,0,0,H,0.09146341463414634,-73.7,-25.0,22.0,13.0,0.6285714285714286,2.324730926559071,31,19,7,12,0.040565859518539735,1,0,0,0,0,0,0,0,0,-1,0,0,0,0,0
1pd2,2,72,THR,-0.7,116.1,0.0,1,1,T,0.0,-91.6,-6.1,22.0,10.0,0.6875,2.93428543953006,33,21,15,6,0.04429605349725603,0,0,0,0,0,1,0,0,0,-1,0,0,0,0,0
1pd2,2,73,LYS,-3.9,168.6,1.0,2,0,T,0.21951219512195122,-60.0,142.3,11.0,16.0,0.4074074074074074,1.9963771318271673,23,13,19,-6,0.0363693912924839,0,0,0,0,0,1,0,0,0,-1,0,0,0,0,0
1pd2,2,74,ASN,-3.5,114.1,0.0,2,2,T,0.9299363057324841,57.3,41.3,1.0,14.0,0.06666666666666667,1.6176038368387622,14,14,16,-2,0.024246260861655933,0,0,0,0,0,1,0,0,0,-1,0,0,0,0,0
1pd2,2,75,THR,-0.7,116.1,0.0,1,1,S,0.29577464788732394,-143.2,153.3,14.0,7.0,0.6666666666666666,1.7766871011583818,23,19,10,9,0.030307826077069916,0,0,0,0,0,0,1,0,0,-1,0,0,0,0,0
1pd2,2,76,ASP,-3.5,111.1,-1.0,1,3,G,0.6134969325153374,-69.1,-25.7,6.0,19.0,0.24,1.940566233914159,20,13,5,8,0.03730193978716297,0,0,0,1,0,0,0,0,0,-1,0,0,0,0,0
1pd2,2,77,LEU,3.8,166.7,0.0,0,0,G,0.018292682926829267,-54.3,-30.2,17.0,19.0,0.4722222222222222,2.5680055373943844,33,15,16,-1,0.048026247475972325,0,0,0,1,0,0,0,0,0,-1,0,0,0,0,0
1pd2,2,78,ALA,1.8,88.6,0.0,0,0,G,0.12264150943396226,-79.6,-15.6,11.0,23.0,0.3235294117647059,2.1994578050261073,31,31,32,-1,0.05408781269138631,0,0,0,1,0,0,0,0,0,-1,0,0,0,0,0
1pd2,2,79,GLY,-0.4,60.1,0.0,0,0,-,0.011904761904761904,110.7,140.0,16.0,16.0,0.5,2.612737202872559,26,20,33,-13,0.04989134446533048,0,0,0,0,0,0,0,0,0,-1,0,0,0,0,0
1pd2,2,80,LYS,-3.9,168.6,1.0,2,0,S,0.5219512195121951,-72.3,-46.9,5.0,18.0,0.21739130434782608,1.973682538021841,19,0,23,-23,0.034970568550465285,0,0,0,0,0,0,1,0,0,-1,0,0,0,0,0
1pd2,2,81,THR,-0.7,116.1,0.0,1,1,S,0.5140845070422535,-101.1,170.6,4.0,14.0,0.2222222222222222,2.087352643409246,19,13,23,-10,0.02844272908771177,0,0,0,0,0,0,1,0,0,-1,0,0,0,0,0
1pd2,2,82,GLU,-3.5,138.4,-1.0,1,3,H,0.3402061855670103,-66.6,-34.6,8.0,16.0,0.3333333333333333,2.0836909706477638,21,21,11,10,0.0363693912924839,1,0,0,0,0,0,0,0,0,32,2,9,0,0,1
1pd2,2,83,LEU,3.8,166.7,0.0,0,0,H,0.31097560975609756,-66.6,-42.0,8.0,19.0,0.2962962962962963,2.2899639124492794,27,9,20,-11,0.03776821403450251,1,0,0,0,0,0,0,0,0,32,2,9,0,0,1
1pd2,2,84,GLU,-3.5,138.4,-1.0,1,3,H,0.21649484536082475,-71.1,-35.5,14.0,17.0,0.45161290322580644,2.5621732419234386,28,11,17,-6,0.043829779249916496,1,0,0,0,0,0,0,0,0,32,2,9,0,0,1
1pd2,2,85,GLN,-3.5,143.8,0.0,2,2,H,0.1919191919191919,-63.0,-38.8,16.0,18.0,0.47058823529411764,1.846057452771636,26,39,31,8,0.04755997322863279,1,0,0,0,0,0,0,0,0,-1,0,0,0,0,0
1pd2,2,86,CYS,2.5,108.5,0.0,1,0,H,0.007407407407407408,-66.8,-40.2,20.0,16.0,0.5555555555555556,3.946416218215287,35,32,29,3,0.05408781269138631,1,0,0,0,0,0,0,0,0,-1,0,0,0,0,0
1pd2,2,87,GLN,-3.5,143.8,0.0,2,2,H,0.25252525252525254,-66.1,-35.6,17.0,23.0,0.425,1.9055135344641385,33,14,21,-7,0.04662742473395372,1,0,0,0,0,0,0,0,0,-1,0,0,0,0,0
1pd2,2,88,VAL,4.2,140.0,0.0,0,0,H,0.014084507042253521,-67.6,-44.6,26.0,20.0,0.5652173913043478,3.099258358236422,38,19,36,-17,0.053621538444046775,1,0,0,0,0,0,0,0,0,-1,0,0,0,0,0
1pd2,2,89,ASP,-3.5,111.1,-1.0,1,3,H,0.03067484662576687,-61.6,-44.4,18.0,21.0,0.46153846153846156,2.704430496728324,35,34,18,16,0.048958795970651406,1,0,0,0,0,0,0,0,0,-1,0,0,0,0,0
1pd2,2,90,ALA,1.8,88.6,0.0,0,0,H,0.009433962264150943,-58.5,-40.6,24.0,18.0,0.5714285714285714,3.399216225040005,35,17,27,-10,0.04989134446533048,1,0,0,0,0,0,0,0,0,-1,0,0,0,0,0
1pd2,2,91,VAL,4.2,140.0,0.0,0,0,H,0.007042253521126761,-66.8,-44.0,22.0,20.0,0.5238095238095238,3.796722709155433,36,12,37,-25,0.04989134446533048,1,0,0,0,0,0,0,0,0,-1,0,0,0,0,0
1pd2,2,92,VAL,4.2,140.0,0.0,0,0,H,0.0,-62.8,-40.8,21.0,18.0,0.5384615384615384,4.543705815698089,34,19,35,-16,0.05035761871267001,1,0,0,0,0,0,0,0,0,-1,0,0,0,0,0
1pd2,2,93,ASP,-3.5,111.1,-1.0,1,3,H,0.1165644171779141,-65.7,-38.2,16.0,15.0,0.5161290322580645,1.9427849784770748,28,24,27,-3,0.043829779249916496,1,0,0,0,0,0,0,0,0,-1,0,0,0,0,0
1pd2,2,94,THR,-0.7,116.1,0.0,1,1,H,0.09859154929577464,-64.3,-42.2,21.0,14.0,0.6,2.076926075486097,35,18,35,-17,0.043829779249916496,1,0,0,0,0,0,0,0,0,-1,0,0,0,0,0
1pd2,2,95,LEU,3.8,166.7,0.0,0,0,H,0.012195121951219513,-71.2,-35.7,17.0,16.0,0.5151515151515151,4.514942442027286,33,3,33,-30,0.045228601991935104,1,0,0,0,0,0,0,0,0,-1,0,0,0,0,0
1pd2,2,96,ASP,-3.5,111.1,-1.0,1,3,H,0.1165644171779141,-73.4,-33.0,15.0,13.0,0.5357142857142857,2.1152191265049916,26,10,24,-14,0.04103213376587927,1,0,0,0,0,0,0,0,0,8,33,20,0,6,1
1pd2,2,97,ASP,-3.5,111.1,-1.0,1,3,H,0.5030674846625767,-58.0,-47.0,12.0,11.0,0.5217391304347826,1.69557033520222,22,15,20,-5,0.03310547156110714,1,0,0,0,0,0,0,0,0,8,33,20,0,6,1
1pd2,2,98,PHE,2.8,189.9,0.0,0,0,H,0.07614213197969544,-64.8,-53.6,18.0,10.0,0.6428571428571429,2.7077829942737286,33,9,20,-11,0.03823448828184205,1,0,0,0,0,0,0,0,0,8,33,20,0,6,1
1pd2,2,99,MET,1.9,162.9,0.0,0,0,H,0.10106382978723404,-57.9,-26.0,15.0,14.0,0.5172413793103449,2.26465768321601,29,8,17,-9,0.04289723075523742,1,0,0,0,0,0,0,0,0,8,33,20,0,6,1
1pd2,2,100,SER,-0.8,89.0,0.0,1,1,T,0.5846153846153846,-72.8,-22.0,9.0,12.0,0.42857142857142855,1.7958640988874546,20,6,26,-20,0.03357174580844668,0,0,0,0,0,1,0,0,0,8,33,20,0,6,1
1pd2,2,101,LEU,3.8,166.7,0.0,0,0,T,0.573170731707317,-65.8,-28.3,13.0,13.0,0.5,1.92807909882551,18,0,18,-18,0.032172923066428064,0,0,0,0,0,1,0,0,0,8,33,20,0,6,1
1pd2,2,102,PHE,2.8,189.9,0.0,0,0,S,0.02030456852791878,-67.7,122.0,13.0,13.0,0.5,3.7497714861451144,27,9,17,-8,0.04103213376587927,0,0,0,0,0,0,1,0,0,8,33,20,0,6,1
1pd2,2,103,PRO,-1.6,112.7,0.0,0,0,-,0.22058823529411764,-76.9,66.9,14.0,8.0,0.6363636363636364,2.049765978424682,22,13,20,-7,0.03730193978716297,0,0,0,0,0,0,0,0,0,3,288,6,0,21,1
1pd2,2,104,TRP,-0.9,227.8,0.0,1,0,T,0.42731277533039647,-55.9,-28.0,8.0,12.0,0.4,1.789606453588218,23,15,6,9,0.027043906345693154,0,0,0,0,0,1,0,0,0,8,33,20,0,6,1
1pd2,2,105,ALA,1.8,88.6,0.0,0,0,T,0.9150943396226415,-96.5,0.8,1.0,12.0,0.07692307692307693,1.7676900920182945,14,9,18,-9,0.02471253510899547,0,0,0,0,0,1,0,0,0,3,288,6,0,21,1
1pd2,2,106,GLU,-3.5,138.4,-1.0,1,3,-,0.29381443298969073,-51.3,116.7,13.0,2.0,0.8666666666666667,1.8113710314117628,15,10,18,-8,0.03357174580844668,0,0,0,0,0,0,0,0,0,3,288,6,0,21,1
1pd2,2,107,GLU,-3.5,138.4,-1.0,1,3,S,0.9123711340206185,-68.0,-47.2,0.0,10.0,0.0,1.7084066407240122,9,7,12,-5,0.025178809356335007,0,0,0,0,0,0,1,0,0,3,288,6,0,21,1
1pd2,2,108,ASN,-3.5,114.1,0.0,2,2,-,0.5286624203821656,-68.1,96.0,6.0,6.0,0.5,1.8693386792654423,11,18,34,-16,0.030774100324409453,0,0,0,0,0,0,0,0,0,3,288,6,0,21,1
1pd2,2,109,GLN,-3.5,143.8,0.0,2,2,H,0.5959595959595959,-68.9,-2.9,0.0,13.0,0.0,1.6740816086088777,13,14,35,-21,0.03170664881908853,1,0,0,0,0,0,0,0,0,3,288,6,0,21,1
1pd2,2,110,ASP,-3.5,111.1,-1.0,1,3,H,0.49693251533742333,-89.6,-61.3,0.0,12.0,0.0,2.0011874151498565,11,20,21,-1,0.03170664881908853,1,0,0,0,0,0,0,0,0,-1,0,0,0,0,0
1pd2,2,111,LEU,3.8,166.7,0.0,0,0,H,0.49390243902439024,-52.0,-50.7,7.0,9.0,0.4375,2.133132974779123,15,20,33,-13,0.03590311704514436,1,0,0,0,0,0,0,0,0,-1,0,0,0,0,0
1pd2,2,112,LYS,-3.9,168.6,1.0,2,0,H,0.15609756097560976,-47.5,-64.1,8.0,10.0,0.4444444444444444,2.6554836822478953,20,8,33,-25,0.04942507021799094,1,0,0,0,0,0,0,0,0,3,288,6,0,21,1
1pd2,2,113,GLU,-3.5,138.4,-1.0,1,3,H,0.4329896907216495,-54.6,-26.2,3.0,17.0,0.15,1.850294739648807,14,20,15,5,0.03870076252918159,1,0,0,0,0,0,0,0,0,-1,0,0,0,0,0
1pd2,2,114,ARG,-4.5,173.4,1.0,5,0,H,0.592741935483871,-84.7,-32.4,4.0,13.0,0.23529411764705882,1.914187983946559,12,7,25,-18,0.03450429430312575,1,0,0,0,0,0,0,0,0,-1,0,0,0,0,0
1pd2,2,115,THR,-0.7,116.1,0.0,1,1,H,0.2887323943661972,-73.9,-44.6,10.0,10.0,0.5,2.2058915926854006,21,22,30,-8,0.04149840801321881,1,0,0,0,0,0,0,0,0,-1,0,0,0,0,0
1pd2,2,116,PHE,2.8,189.9,0.0,0,0,H,0.14213197969543148,-52.3,-44.8,13.0,15.0,0.4642857142857143,2.4259483711871934,30,20,27,-7,0.04616115048661418,1,0,0,0,0,0,0,0,0,-1,0,0,0,0,0
1pd2,2,117,ASN,-3.5,114.1,0.0,2,2,H,0.5668789808917197,-58.2,-46.5,5.0,16.0,0.23809523809523808,1.7017497637434498,17,29,19,10,0.03730193978716297,1,0,0,0,0,0,0,0,0,-1,0,0,0,0,0
1pd2,2,118,ASP,-3.5,111.1,-1.0,1,3,H,0.44785276073619634,-61.6,-55.2,8.0,11.0,0.42105263157894735,2.037957559726226,20,23,3,20,0.03730193978716297,1,0,0,0,0,0,0,0,0,-1,0,0,0,0,0
1pd2,2,119,LEU,3.8,166.7,0.0,0,0,I,0.042682926829268296,-48.7,-58.8,14.0,11.0,0.56,3.358482429836403,28,18,11,7,0.04616115048661418,0,0,0,0,1,0,0,0,0,-1,0,0,0,0,0
1pd2,2,120,LEU,3.8,166.7,0.0,0,0,I,0.06707317073170732,-59.3,-24.9,16.0,14.0,0.5333333333333333,2.6525917929278555,31,22,16,6,0.048958795970651406,0,0,0,0,1,0,0,0,0,-1,0,0,0,0,0
1pd2,2,121,THR,-0.7,116.1,0.0,1,1,I,0.43661971830985913,-111.6,-19.2,5.0,15.0,0.25,2.010215870615302,19,25,12,13,0.034970568550465285,0,0,0,0,1,0,0,0,0,-1,0,0,0,0,0
1pd2,2,122,ARG,-4.5,173.4,1.0,5,0,I,0.6895161290322581,-107.2,-49.0,6.0,9.0,0.4,1.9053487084768121,14,10,8,2,0.03403802005578621,0,0,0,0,1,0,0,0,0,13,40,8,0,4,1
1pd2,2,123,GLN,-3.5,143.8,0.0,2,2,I,0.3282828282828283,-84.4,-43.7,10.0,11.0,0.47619047619047616,1.7653769279668265,20,23,10,13,0.03870076252918159,0,0,0,0,1,0,0,0,0,13,40,8,0,4,1
1pd2,2,124,ALA,1.8,88.6,0.0,0,0,H,0.009433962264150943,-46.6,-46.5,18.0,15.0,0.5454545454545454,3.1198096235776607,27,31,9,22,0.04289723075523742,1,0,0,0,0,0,0,0,0,13,40,8,0,4,1
1pd2,2,125,PRO,-1.6,112.7,0.0,0,0,H,0.375,-56.0,-29.1,6.0,16.0,0.2727272727272727,2.0725247158435995,22,33,11,22,0.035436842797804825,1,0,0,0,0,0,0,0,0,13,40,8,0,4,1
1pd2,2,126,HIS,-3.2,153.2,0.1,2,1,H,0.5978260869565217,-75.7,-41.3,10.0,12.0,0.45454545454545453,1.8328421764906468,19,24,9,15,0.032639197313767604,1,0,0,0,0,0,0,0,0,13,40,8,0,4,1
1pd2,2,127,LEU,3.8,166.7,0.0,0,0,H,0.11585365853658537,-65.0,-47.2,17.0,15.0,0.53125,2.2584875876510035,36,24,20,4,0.043363505002576956,1,0,0,0,0,0,0,0,0,13,40,8,0,4,1
1pd2,2,128,LEU,3.8,166.7,0.0,0,0,H,0.012195121951219513,-61.6,-38.1,18.0,15.0,0.5454545454545454,3.594213803963958,32,21,16,5,0.043363505002576956,1,0,0,0,0,0,0,0,0,13,40,8,0,4,1
1pd2,2,129,LYS,-3.9,168.6,1.0,2,0,H,0.43414634146341463,-70.5,-38.3,4.0,19.0,0.17391304347826086,2.079690328249502,21,12,16,-4,0.03776821403450251,1,0,0,0,0,0,0,0,0,13,40,8,0,4,1
1pd2,2,130,ASP,-3.5,111.1,-1.0,1,3,H,0.19631901840490798,-68.1,-42.2,14.0,11.0,0.56,1.8538314886437088,26,26,8,18,0.04103213376587927,1,0,0,0,0,0,0,0,0,-1,0,0,0,0,0
1pd2,2,131,LEU,3.8,166.7,0.0,0,0,H,0.0,-61.9,-44.3,21.0,15.0,0.5833333333333334,4.443427063697143,32,24,17,7,0.04989134446533048,1,0,0,0,0,0,0,0,0,-1,0,0,0,0,0
1pd2,2,132,ASP,-3.5,111.1,-1.0,1,3,H,0.15950920245398773,-62.8,-45.7,14.0,15.0,0.4827586206896552,2.336563261814554,25,25,15,10,0.04616115048661418,1,0,0,0,0,0,0,0,0,-1,0,0,0,0,0
1pd2,2,133,THR,-0.7,116.1,0.0,1,1,H,0.704225352112676,-61.5,-43.0,10.0,11.0,0.47619047619047616,1.9290899563113106,20,22,22,0,0.03170664881908853,1,0,0,0,0,0,0,0,0,-1,0,0,0,0,0
1pd2,2,134,TYR,-1.3,193.6,0.0,1,1,H,0.1981981981981982,-60.4,-51.3,18.0,9.0,0.6666666666666666,2.106992715641084,30,18,20,-2,0.03823448828184205,1,0,0,0,0,0,0,0,0,1,700,8,0,62,1
1pd2,2,135,LEU,3.8,166.7,0.0,0,0,H,0.024390243902439025,-59.6,-37.1,19.0,13.0,0.59375,2.561129653735631,28,25,31,-6,0.048958795970651406,1,0,0,0,0,0,0,0,0,1,700,8,0,62,1
1pd2,2,136,GLY,-0.4,60.1,0.0,0,0,T,0.2261904761904762,50.8,-128.2,5.0,16.0,0.23809523809523808,1.98323933193599,21,23,24,-1,0.030774100324409453,0,0,0,0,0,1,0,0,0,1,700,8,0,62,1
1pd2,2,137,ASP,-3.5,111.1,-1.0,1,3,T,0.9079754601226994,-108.2,17.9,0.0,18.0,0.0,1.6721750048809203,15,22,14,8,0.022847438119637322,0,0,0,0,0,1,0,0,0,1,700,8,0,62,1
1pd2,2,138,LYS,-3.9,168.6,1.0,2,0,-,0.3804878048780488,-69.7,164.5,14.0,6.0,0.7,1.8904023441750875,21,11,23,-12,0.03170664881908853,0,0,0,0,0,0,0,0,0,1,700,8,0,62,1
1pd2,2,139,GLU,-3.5,138.4,-1.0,1,3,S,0.5515463917525774,-76.9,-39.3,7.0,15.0,0.3181818181818182,1.9185542592382336,18,18,11,7,0.03683566553982344,0,0,0,0,0,0,1,0,0,11,65,5,0,4,1
1pd2,2,140,TRP,-0.9,227.8,0.0,1,0,S,0.14096916299559473,-132.7,169.3,17.0,18.0,0.4857142857142857,3.0843144356396137,27,23,19,4,0.04989134446533048,0,0,0,0,0,0,1,0,0,11,65,5,0,4,1
1pd2,2,141,PHE,2.8,189.9,0.0,0,0,S,0.01015228426395939,-49.0,-48.7,23.0,17.0,0.575,5.433323251590255,40,17,26,-9,0.04662742473395372,0,0,0,0,0,0,1,0,0,1,700,8,0,62,1
1pd2,2,142,ILE,4.5,166.7,0.0,0,0,S,0.09467455621301775,-78.9,-32.6,22.0,12.0,0.6470588235294118,2.265275080053467,29,17,25,-8,0.04755997322863279,0,0,0,0,0,0,1,0,0,1,700,8,0,62,1
1pd2,2,143,GLY,-0.4,60.1,0.0,0,0,S,0.20238095238095238,159.8,-117.3,6.0,16.0,0.2727272727272727,1.944271989603715,21,15,24,-9,0.03776821403450251,0,0,0,0,0,0,1,0,0,11,65,5,0,4,1
1pd2,2,144,ASN,-3.5,114.1,0.0,2,2,S,0.7133757961783439,-101.4,16.9,0.0,17.0,0.0,1.6691052169832503,14,13,19,-6,0.03170664881908853,0,0,0,0,0,0,1,0,0,11,65,5,0,4,1
1pd2,2,145,TYR,-1.3,193.6,0.0,1,1,S,0.10810810810810811,-141.5,144.7,9.0,16.0,0.36,2.45040493134924,23,12,31,-19,0.03870076252918159,0,0,0,0,0,0,1,0,0,11,65,5,0,4,1
1pd2,2,146,VAL,4.2,140.0,0.0,0,0,-,0.11267605633802817,-70.2,138.8,15.0,19.0,0.4411764705882353,2.188689815780164,28,12,25,-13,0.04662742473395372,0,0,0,0,0,0,0,0,0,11,65,5,0,4,1
1pd2,2,147,THR,-0.7,116.1,0.0,1,1,-,0.0,-129.6,169.1,20.0,20.0,0.5,4.662714958619885,35,6,29,-23,0.05222271570202816,0,0,0,0,0,0,0,0,0,-1,0,0,0,0,0
1pd2,2,148,TRP,-0.9,227.8,0.0,1,0,H,0.004405286343612335,-68.6,-7.0,25.0,22.0,0.5319148936170213,4.352653248025312,40,13,25,-12,0.048958795970651406,1,0,0,0,0,0,0,0,0,-1,0,0,0,0,0
1pd2,2,149,ALA,1.8,88.6,0.0,0,0,H,0.009433962264150943,-69.6,-40.8,24.0,20.0,0.5454545454545454,6.712006492342361,42,0,24,-24,0.05035761871267001,1,0,0,0,0,0,0,0,0,-1,0,0,0,0,0
1pd2,2,150,ASP,-3.5,111.1,-1.0,1,3,H,0.0,-65.8,-38.3,24.0,20.0,0.5454545454545454,7.135445534039573,38,15,13,2,0.05222271570202816,1,0,0,0,0,0,0,0,0,11,65,5,0,4,1
1pd2,2,151,PHE,2.8,189.9,0.0,0,0,H,0.0,-60.6,-44.9,19.0,24.0,0.4418604651162791,6.2935589004150385,41,12,23,-11,0.053621538444046775,1,0,0,0,0,0,0,0,0,-1,0,0,0,0,0
1pd2,2,152,TYR,-1.3,193.6,0.0,1,1,H,0.05405405405405406,-63.0,-37.3,19.0,24.0,0.4418604651162791,3.4280734857596102,38,11,38,-27,0.05129016720734909,1,0,0,0,0,0,0,0,0,-1,0,0,0,0,0
1pd2,2,153,TRP,-0.9,227.8,0.0,1,0,H,0.004405286343612335,-64.8,-38.5,22.0,21.0,0.5116279069767442,6.686720256005166,37,13,19,-6,0.04942507021799094,1,0,0,0,0,0,0,0,0,-1,0,0,0,0,0
1pd2,2,154,ASP,-3.5,111.1,-1.0,1,3,H,0.0,-67.2,-41.1,22.0,15.0,0.5945945945945946,3.2439113765155043,37,26,14,12,0.05408781269138631,1,0,0,0,0,0,0,0,0,35,2,3,0,0,1
1pd2,2,155,ILE,4.5,166.7,0.0,0,0,H,0.05917159763313609,-64.4,-44.5,21.0,16.0,0.5675675675675675,2.804310751404324,35,35,23,12,0.050823892960009553,1,0,0,0,0,0,0,0,0,-1,0,0,0,0,0
1pd2,2,156,CYS,2.5,108.5,0.0,1,0,H,0.037037037037037035,-69.2,-44.5,18.0,17.0,0.5142857142857142,2.378720313234796,42,19,22,-3,0.043829779249916496,1,0,0,0,0,0,0,0,0,-1,0,0,0,0,0
1pd2,2,157,SER,-0.8,89.0,0.0,1,1,H,0.007692307692307693,-65.0,-28.8,20.0,17.0,0.5405405405405406,4.195665590700316,36,20,10,10,0.045694876239274644,1,0,0,0,0,0,0,0,0,-1,0,0,0,0,0
1pd2,2,158,THR,-0.7,116.1,0.0,1,1,H,0.15492957746478872,-61.5,-54.1,16.0,15.0,0.5161290322580645,2.1204863913116796,29,33,12,21,0.04149840801321881,1,0,0,0,0,0,0,0,0,-1,0,0,0,0,0
1pd2,2,159,THR,-0.7,116.1,0.0,1,1,H,0.09154929577464789,-61.4,-45.0,13.0,13.0,0.5,2.9022747818125287,28,31,6,25,0.04289723075523742,1,0,0,0,0,0,0,0,0,-1,0,0,0,0,0
1pd2,2,160,LEU,3.8,166.7,0.0,0,0,H,0.018292682926829267,-57.9,-35.6,16.0,13.0,0.5517241379310345,5.096839928785234,32,16,7,9,0.04429605349725603,1,0,0,0,0,0,0,0,0,16,90,3,0,3,1
1pd2,2,161,LEU,3.8,166.7,0.0,0,0,H,0.2682926829268293,-73.5,-21.5,11.0,11.0,0.5,2.204742254893863,25,20,11,9,0.04149840801321881,1,0,0,0,0,0,0,0,0,16,90,3,0,3,1
1pd2,2,162,VAL,4.2,140.0,0.0,0,0,H,0.4084507042253521,-72.4,-33.4,8.0,10.0,0.4444444444444444,1.9815278066877653,22,21,1,20,0.032639197313767604,1,0,0,0,0,0,0,0,0,16,90,3,0,3,1
1pd2,2,163,LEU,3.8,166.7,0.0,0,0,H,0.24390243902439024,-76.7,-60.1,19.0,6.0,0.76,2.0535342845667324,25,18,7,11,0.03357174580844668,1,0,0,0,0,0,0,0,0,16,90,3,0,3,1
1pd2,2,164,LYS,-3.9,168.6,1.0,2,0,-,0.2731707317073171,-128.3,89.7,12.0,8.0,0.6,2.2850627176112415,22,1,8,-7,0.032639197313767604,0,0,0,0,0,0,0,0,0,16,90,3,0,3,1
1pd2,2,165,PRO,-1.6,112.7,0.0,0,0,T,0.7426470588235294,-44.0,-33.3,0.0,13.0,0.0,1.9661506985407176,13,9,8,1,0.02844272908771177,0,0,0,0,0,1,0,0,0,16,90,3,0,3,1
1pd2,2,166,ASP,-3.5,111.1,-1.0,1,3,T,0.6441717791411042,-99.7,13.1,1.0,17.0,0.05555555555555555,1.7445824657699573,15,9,0,9,0.024246260861655933,0,0,0,0,0,1,0,0,0,16,90,3,0,3,1
1pd2,2,167,LEU,3.8,166.7,0.0,0,0,T,0.08536585365853659,-53.9,-39.5,21.0,7.0,0.75,2.429087371975154,31,13,8,5,0.03730193978716297,0,0,0,0,0,1,0,0,0,16,90,3,0,3,1
1pd2,2,168,LEU,3.8,166.7,0.0,0,0,T,0.06707317073170732,-94.2,2.9,15.0,14.0,0.5172413793103449,2.2549386698738143,27,24,11,13,0.03823448828184205,0,0,0,0,0,1,0,0,0,28,33,1,0,0,1
1pd2,2,169,GLY,-0.4,60.1,0.0,0,0,T,0.7380952380952381,-47.6,-36.3,5.0,10.0,0.3333333333333333,1.7096524218623936,15,8,9,-1,0.025645083603674543,0,0,0,0,0,1,0,0,0,28,33,1,0,0,1
1pd2,2,170,ILE,4.5,166.7,0.0,0,0,T,0.8165680473372781,-87.9,-3.2,6.0,9.0,0.4,1.9889544327241462,14,10,10,0,0.02098234113027917,0,0,0,0,0,1,0,0,0,28,33,1,0,0,1
1pd2,2,171,TYR,-1.3,193.6,0.0,1,1,-,0.17117117117117117,-122.7,77.6,20.0,5.0,0.8,2.2719371790650316,23,21,14,7,0.0363693912924839,0,0,0,0,0,0,0,0,0,28,33,1,0,0,1
1pd2,2,172,PRO,-1.6,112.7,0.0,0,0,H,0.6470588235294118,-60.4,-34.7,1.0,18.0,0.05263157894736842,1.9017255607539343,18,14,9,5,0.030307826077069916,1,0,0,0,0,0,0,0,0,28,33,1,0,0,1
1pd2,2,173,ARG,-4.5,173.4,1.0,5,0,H,0.31048387096774194,-65.2,-40.8,13.0,12.0,0.52,1.8909138577019902,25,13,21,-8,0.03730193978716297,1,0,0,0,0,0,0,0,0,-1,0,0,0,0,0
1pd2,2,174,LEU,3.8,166.7,0.0,0,0,H,0.0,-69.9,-31.7,18.0,17.0,0.5142857142857142,4.463450442713813,33,29,16,13,0.048492521723311866,1,0,0,0,0,0,0,0,0,-1,0,0,0,0,0
1pd2,2,175,VAL,4.2,140.0,0.0,0,0,H,0.31690140845070425,-68.7,-47.8,7.0,20.0,0.25925925925925924,2.5092487924529223,22,27,5,22,0.040565859518539735,1,0,0,0,0,0,0,0,0,35,2,3,0,0,1
1pd2,2,176,SER,-0.8,89.0,0.0,1,1,H,0.38461538461538464,-59.8,-44.6,12.0,15.0,0.4444444444444444,1.8766916556130768,23,29,8,21,0.032639197313767604,1,0,0,0,0,0,0,0,0,-1,0,0,0,0,0
1pd2,2,177,LEU,3.8,166.7,0.0,0,0,H,0.0,-53.3,-49.7,27.0,9.0,0.75,3.577796554343412,35,32,25,7,0.050823892960009553,1,0,0,0,0,0,0,0,0,11,65,5,0,4,1
1pd2,2,178,ARG,-4.5,173.4,1.0,5,0,H,0.13306451612903225,-67.9,-30.6,13.0,19.0,0.40625,3.0946622338860816,30,14,12,2,0.05129016720734909,1,0,0,0,0,0,0,0,0,35,2,3,0,0,1
1pd2,2,179,ASN,-3.5,114.1,0.0,2,2,H,0.5159235668789809,-64.6,-44.3,6.0,18.0,0.25,1.761935764993303,21,24,6,18,0.03730193978716297,1,0,0,0,0,0,0,0,0,36,0,2,0,0,1
1pd2,2,180,LYS,-3.9,168.6,1.0,2,0,H,0.34146341463414637,-59.1,-49.3,13.0,10.0,0.5652173913043478,1.9259491590971056,27,12,20,-8,0.035436842797804825,1,0,0,0,0,0,0,0,0,36,0,2,0,0,1
1pd2,2,181,VAL,4.2,140.0,0.0,0,0,H,0.0,-57.0,-41.6,21.0,14.0,0.6,4.460894225202238,34,21,18,3,0.05035761871267001,1,0,0,0,0,0,0,0,0,36,0,2,0,0,1
1pd2,2,182,GLN,-3.5,143.8,0.0,2,2,H,0.2676767676767677,-70.3,-21.7,12.0,16.0,0.42857142857142855,1.9354366778381957,29,22,10,12,0.04289723075523742,1,0,0,0,0,0,0,0,0,36,0,2,0,0,1
1pd2,2,183,ALA,1.8,88.6,0.0,0,0,H,0.6415094339622641,-80.2,-20.2,5.0,15.0,0.25,1.7675091906072435,20,12,3,9,0.030774100324409453,1,0,0,0,0,0,0,0,0,36,0,2,0,0,1
1pd2,2,184,ILE,4.5,166.7,0.0,0,0,S,0.16568047337278108,-56.5,125.0,16.0,7.0,0.6956521739130435,2.2253003249060033,23,10,7,3,0.032639197313767604,0,0,0,0,0,0,1,0,0,36,0,2,0,0,1
1pd2,2,185,PRO,-1.6,112.7,0.0,0,0,H,0.7720588235294118,-46.0,-51.6,2.0,16.0,0.1111111111111111,1.9150363336897327,15,2,0,2,0.02331371236697686,1,0,0,0,0,0,0,0,0,36,0,2,0,0,1
1pd2,2,186,ALA,1.8,88.6,0.0,0,0,H,0.3113207547169811,-59.6,-36.4,10.0,13.0,0.43478260869565216,1.8554483050497352,23,7,7,0,0.03357174580844668,1,0,0,0,0,0,0,0,0,-1,0,0,0,0,0
1pd2,2,187,ILE,4.5,166.7,0.0,0,0,H,0.0,-74.1,-45.2,16.0,15.0,0.5161290322580645,4.130807824355496,32,20,13,7,0.04989134446533048,1,0,0,0,0,0,0,0,0,36,0,2,0,0,1
1pd2,2,188,SER,-0.8,89.0,0.0,1,1,H,0.33076923076923076,-54.1,-43.1,5.0,16.0,0.23809523809523808,1.9489859074054354,20,16,3,13,0.034970568550465285,1,0,0,0,0,0,0,0,0,36,0,2,0,0,1
1pd2,2,189,ALA,1.8,88.6,0.0,0,0,H,0.5283018867924528,-64.9,-44.5,6.0,12.0,0.3333333333333333,1.8511956304873656,17,21,0,21,0.03124037457174899,1,0,0,0,0,0,0,0,0,-1,0,0,0,0,0
1pd2,2,190,TRP,-0.9,227.8,0.0,1,0,H,0.08370044052863436,-61.1,-51.7,19.0,8.0,0.7037037037037037,2.587501317375861,28,40,14,26,0.04476232774459557,1,0,0,0,0,0,0,0,0,-1,0,0,0,0,0
1pd2,2,191,ILE,4.5,166.7,0.0,0,0,H,0.2485207100591716,-52.3,-43.0,12.0,14.0,0.46153846153846156,2.3808044506409223,24,30,9,21,0.04103213376587927,1,0,0,0,0,0,0,0,0,-1,0,0,0,0,0
1pd2,2,192,LEU,3.8,166.7,0.0,0,0,H,0.9512195121951219,-69.0,-38.5,5.0,9.0,0.35714285714285715,1.9081190737188,12,20,0,20,0.02844272908771177,1,0,0,0,0,0,0,0,0,-1,0,0,0,0,0
1pd2,2,193,LYS,-3.9,168.6,1.0,2,0,H,0.7121951219512195,-86.1,-20.1,6.0,7.0,0.46153846153846156,1.8926779314980529,17,17,4,13,0.028909003335051305,1,0,0,0,0,0,0,0,0,-1,0,0,0,0,0
1pd2,2,194,ARG,-4.5,173.4,1.0,5,0,S,0.125,-62.5,139.1,16.0,5.0,0.7619047619047619,2.28399498459447,28,36,13,23,0.035436842797804825,0,0,0,0,0,0,1,0,0,7,112,5,0,6,1
1pd2,2,195,PRO,-1.6,112.7,0.0,0,0,P,0.375,-55.8,129.3,11.0,6.0,0.6470588235294118,1.9812745984063718,19,49,9,40,0.032172923066428064,0,0,0,0,0,0,0,0,0,7,112,5,0,6,1
1pd2,2,196,GLN,-3.5,143.8,0.0,2,2,P,1.0,-70.0,121.9,1.0,11.0,0.08333333333333333,1.6523046594804767,12,27,0,27,0.02471253510899547,0,0,0,0,0,0,0,0,0,7,112,5,0,6,1
1pd2,2,197,THR,-0.7,116.1,0.0,1,1,-,0.28169014084507044,-147.7,155.2,11.0,5.0,0.6875,1.8230776385044114,19,39,5,34,0.030774100324409453,0,0,0,0,0,0,0,0,0,7,112,5,0,6,1
1pd2,2,198,LYS,-3.9,168.6,1.0,2,0,-,0.7073170731707317,-75.2,-46.4,2.0,13.0,0.13333333333333333,2.0062180416937747,16,9,0,9,0.02471253510899547,0,0,0,0,0,0,0,0,0,7,112,5,0,6,1
1pd2,2,199,LEU,3.8,166.7,0.0,0,0,-,0.3353658536585366,-117.7,360.0,5.0,17.0,0.22727272727272727,1.9698947963786908,26,25,4,21,0.03170664881908853,0,0,0,0,0,0,0,0,0,-1,0,0,0,0,0
